2979
Frame 87
C 13.04140 96.20650 -1.85174
C 14.31030 1.80164 -2.09756
C 12.11150 3.79672 -3.45696
C 11.02610 7.12060 -3.81443
C 8.21979 9.84830 -4.11755
C 4.78245 9.08678 -4.70988
C 2.79855 8.97377 -5.56456
C 24.22870 0.93121 0.00456
C 22.52810 4.92736 0.67787
C 25.28720 6.34072 -0.69444
C 25.02910 11.98650 -0.84538
C 19.90640 1.52250 -1.62944
C 16.32000 -0.14950 -1.12048
C 19.84670 4.78009 -1.51821
C 23.16110 9.32983 -0.86374
C 20.16280 8.20100 -1.47505
C 14.30730 5.41947 -1.85628
C 23.29900 12.98820 -0.99258
C 14.49750 8.86920 -2.37869
C 23.06330 16.63070 -1.69488
C 11.99150 10.99090 -2.64911
C 23.02420 20.18880 -1.85334
C 12.76980 14.01510 -2.29411
C 9.41837 13.28220 -2.72619
C 23.15520 23.36350 -1.48039
C 14.81900 18.47560 -1.53354
C 11.50680 16.71160 -1.23304
C 14.64370 21.97030 -0.53694
C 20.91370 -0.35526 -1.44867
C 5.59804 11.24630 -2.52092
C 6.48002 14.56530 -2.07036
C 3.30420 14.63890 -2.37912
C 8.15535 17.18840 -1.70913
C 2.03963 17.61130 -2.62010
C 9.88079 19.96710 -1.37320
C 11.41380 22.45970 -1.21954
C 9.63193 95.81020 -2.48689
C 11.07970 1.11157 -2.85194
C 7.72918 0.65215 -3.42663
C 4.32963 0.40772 -3.65265
C 9.00994 3.37086 -4.01196
C 5.58844 3.17339 -4.23296
C 2.26718 2.94735 -4.04222
C 7.23451 5.91469 -4.93560
C 3.93084 5.97627 -4.66662
C 17.06040 3.56931 -1.95832
C 17.20910 6.79923 -1.78930
C 20.58240 11.21210 -1.17354
C 17.59280 9.92071 -1.71020
C 20.55830 14.70100 -0.51241
C 17.76240 13.15100 -1.62168
C 14.88010 11.89170 -2.04125
C 20.50090 18.18770 -1.39320
C 17.68860 16.71150 -1.53110
C 15.19350 15.24460 -1.65395
C 20.41270 21.73390 -1.41965
C 17.64520 20.05170 -1.42931
C 5.09584 17.51400 -2.03898
C 6.56225 20.10620 -1.60822
C 3.54245 20.26950 -2.01574
C 8.24588 22.71600 -1.44803
C 5.07390 22.82240 -1.69477
C 1.88739 23.25810 -2.09371
H 14.03840 0.21630 -0.10689
H 12.05160 2.51283 -1.23919
H 10.44310 5.01266 -2.58334
H 8.54309 7.44795 -3.40217
H 2.19583 6.89983 -3.01115
H 3.94595 9.56691 -2.25140
H 22.98780 2.50756 1.53796
H 24.90320 4.81059 1.21042
H 23.41280 7.32765 0.82226
H 24.78960 10.23970 1.01522
H 25.26500 15.95690 -0.28888
H 20.48520 3.39717 0.15569
H 17.78050 1.76927 -0.21336
H 20.52170 6.47903 0.38790
H 15.02420 3.29864 -0.59373
H 15.25900 7.10489 -0.70561
H 21.41850 12.64780 0.75161
H 12.56120 8.94894 -1.18762
H 24.15250 18.49500 -0.25884
H 21.62360 16.83230 0.41361
H 9.87542 11.27600 -0.99767
H 24.11060 21.52570 -0.04834
H 10.52590 14.43390 -1.12281
H 13.10630 18.48700 -0.33808
H 9.74036 18.00960 0.05641
H 22.32750 -0.50273 0.52418
H 1.25181 13.28210 -2.83399
H 7.16631 12.70810 -1.45467
H 3.96493 12.61000 -1.06862
H 7.78109 15.39200 0.02134
H 6.45833 18.15260 -0.17936
H 11.26160 20.74180 0.65832
H 8.11809 20.85730 0.16260
H 10.93290 -0.47363 -0.84098
H 7.61152 -0.81691 -1.41539
H 4.43596 -1.22083 -1.81352
H 1.12109 96.00540 -1.90824
H 9.02757 1.99591 -1.91610
H 5.83197 1.72796 -2.23431
H 2.63792 1.39339 -2.15215
H 7.23793 4.45915 -2.90723
H 3.99342 4.19655 -2.91032
H 5.35513 6.93241 -3.55713
H 17.75720 5.03682 -0.03947
H 21.03130 9.47162 0.48457
H 18.16250 8.30002 -0.04907
H 18.42830 11.48920 0.13653
H 15.43280 10.27450 -0.46286
H 18.27250 14.97860 -0.00254
H 15.72060 13.32680 -0.22139
H 12.82410 12.18420 -0.63708
H 21.40340 19.97390 -0.00615
H 18.57210 18.36020 0.17783
H 15.81860 16.84840 0.09389
H 13.23050 15.27430 -0.29443
H 18.67700 21.62300 0.33807
H 15.85590 19.97390 0.28271
H 4.70650 15.52830 -0.60930
H 1.43459 15.75950 -1.09032
H 3.26676 18.34660 -0.61544
H 4.87379 21.03950 -0.06803
H 1.77807 21.23890 -0.65201
C 12.31130 -0.91002 1.27962
C 13.33270 2.03894 0.87388
C 11.61900 4.61291 -0.30049
C 10.59060 7.44950 -1.83136
C 8.22662 9.67767 -2.07422
C 4.41612 8.32518 -0.37473
C 1.86926 8.70582 -3.40807
C 23.89290 0.79419 1.86513
C 24.05600 3.85308 3.40699
C 25.09490 6.70579 2.74845
C 24.80180 12.33630 2.41196
C 19.26600 1.45892 1.59491
C 16.17110 -0.04703 0.90912
C 19.21720 4.82116 1.95373
C 22.75140 9.33747 2.31956
C 19.51990 8.21126 2.01657
C 13.64050 5.22652 -0.01133
C 23.10190 13.38780 2.49482
C 13.94920 8.67533 0.80582
C 23.47320 16.63210 1.61867
C 11.20880 10.58570 0.53816
C 23.24720 20.02580 1.69587
C 11.79960 13.69330 0.96300
C 8.93648 13.19820 0.41499
C 23.51420 23.20670 1.63696
C 14.72030 18.29500 1.76124
C 11.68630 16.71120 0.90082
C 14.44070 21.70980 1.31417
C 20.23990 -0.57211 1.75201
C 5.74290 12.34020 0.59089
C 5.82576 14.32660 1.23442
C 2.76400 14.27400 0.31182
C 7.92793 17.01410 1.51261
C 1.35108 17.41260 0.65275
C 9.39787 19.58970 1.93185
C 11.20620 22.19500 1.84718
C 9.10053 96.24250 0.55590
C 10.29090 1.67795 0.22021
C 7.26434 1.32577 -0.27914
C 4.38028 0.82104 -0.49328
C 8.72779 4.31251 -0.92127
C 5.64259 3.88624 -1.12039
C 2.66519 3.48986 -0.97828
C 7.27347 6.76072 -1.75311
C 4.04103 6.40208 -1.47492
C 16.48880 3.35663 1.38670
C 16.74590 6.78181 1.31011
C 20.22970 11.42270 1.98957
C 17.07610 9.98929 1.42366
C 20.42090 14.88540 1.40577
C 17.48620 13.27380 1.56083
C 14.43950 11.79880 1.20821
C 20.57580 18.36550 1.74278
C 17.70610 16.69700 1.70324
C 14.91490 15.02600 1.38831
C 20.55680 21.45340 1.88495
C 17.69610 19.95570 1.92909
C 4.57911 17.23260 1.11360
C 6.27774 19.96200 1.56178
C 3.03764 20.07430 1.10788
C 8.01221 22.67400 1.76363
C 4.83347 22.87380 1.51105
C 1.47353 22.99280 1.03911
C 22.91100 26.66450 -1.49607
C 20.32740 28.53030 -0.66258
C 15.17380 25.46590 -0.51522
C 19.06740 29.74180 -1.64846
C 23.19290 29.75490 -1.36466
C 23.80760 32.72560 -2.17276
C 23.70270 36.26700 -2.64147
C 25.40410 46.68410 -3.33632
C 22.28960 45.09490 -1.95090
C 21.27910 32.27590 0.52265
C 19.23010 33.38410 -2.13993
C 15.27780 28.41710 -1.84500
C 19.36970 35.61600 -1.92161
C 13.14300 34.90010 -1.77467
C 20.60910 38.81430 -1.97687
C 10.76220 37.07210 -1.39777
C 21.46750 42.02890 -2.08680
C 18.17050 41.41800 -2.10944
C 8.62779 39.59030 -1.08543
C 4.21435 39.52590 -2.30581
C 16.59180 44.14980 -1.73100
C 2.83988 43.24580 -1.93022
C 14.08560 46.37150 -1.67612
C 5.31374 44.99600 -2.11043
C 2.97332 47.75480 -1.93793
C 13.24300 24.94470 -1.24951
C 12.19190 28.26470 -1.04747
C 12.77440 31.69320 -1.84570
C 10.01290 30.98050 -1.60545
C 9.69455 33.89910 -0.04866
C 5.84035 34.20610 -1.00875
C 7.94298 36.38330 0.53894
C 1.73342 36.95780 -1.19959
C 20.55250 25.04970 -0.92583
C 17.83560 23.54590 -0.96184
C 18.03540 26.76640 -0.53712
C 16.32430 35.56120 -2.12888
C 17.32870 38.41750 -2.03821
C 14.12820 37.77220 -1.94335
C 15.23920 40.99490 -1.95602
C 11.99150 40.16640 -1.76221
C 13.10270 43.48170 -1.83729
C 9.76223 42.70740 -1.77894
C 6.52871 42.07710 -1.80034
C 11.00090 45.92030 -1.63461
C 7.86900 45.39610 -1.75343
C 6.02460 48.04270 -1.48752
C 10.02050 25.37570 -1.39275
C 6.65334 25.53970 -1.57181
C 3.63093 25.77920 -1.65879
C 8.40608 28.35660 -1.47064
C 5.17066 28.30970 -1.40517
C 1.97784 28.73520 -1.55674
C 6.73054 31.00650 -1.35132
C 3.83189 31.44130 -1.15223
C 2.83026 34.14940 -0.98360
H 0.96308 43.42990 -0.15683
H 24.20780 24.67230 -0.45802
H 21.75950 26.42810 0.66544
H 16.02040 23.52400 0.76018
H 19.03790 28.02830 1.49476
H 16.32520 26.71940 1.43315
H 16.94620 29.16110 -0.51985
H 24.45590 28.03150 -0.06618
H 24.72370 31.31860 -0.19361
H 21.86300 29.79010 0.85889
H 23.88030 41.27120 -2.47555
H 24.68290 44.48690 -2.52105
H 22.69940 43.23690 -0.33279
H 20.52580 45.49200 -0.19131
H 19.76120 34.31520 0.29588
H 16.97450 33.69260 -1.17428
H 14.07020 33.19620 -0.25389
H 20.89110 37.23740 -0.70928
H 11.68960 35.32450 0.16618
H 21.72580 40.36630 -0.28035
H 9.47539 37.63920 0.19839
H 19.60690 42.71440 -0.41600
H 6.61340 40.62000 0.25250
H 2.69009 40.89240 -0.99988
H 17.66370 45.13670 -0.43655
H 4.86260 43.19900 -0.47065
H 15.48000 47.56180 -0.05980
H 3.22605 45.52810 -0.85704
H 12.91160 23.30500 0.51082
H 9.78435 23.54700 0.30428
H 11.53030 26.17520 0.00505
H 13.76210 30.16020 -0.54492
H 11.32170 32.10310 0.13445
H 8.48125 31.77270 0.25135
H 7.39462 34.69310 0.50277
H 4.21674 34.88580 0.94026
H 1.06789 35.14040 0.43615
H 2.72608 37.94870 0.42673
H 21.41050 23.15750 0.32922
H 18.84170 24.92280 0.86470
H 23.48210 45.90590 0.03267
H 17.74180 36.67200 -0.44077
H 14.75670 36.06430 -0.32706
H 18.71680 39.65590 -0.55563
H 15.55340 39.08290 -0.50953
H 12.52320 38.38350 -0.21331
H 16.63380 42.10310 -0.31930
H 13.44180 41.55180 -0.27608
H 10.37390 40.91170 -0.03274
H 14.59860 44.49750 -0.21740
H 11.29080 43.91000 -0.16801
H 8.03551 43.45640 -0.31408
H 12.40720 46.94860 0.10509
H 9.26502 46.46940 -0.02735
H 6.19525 46.09180 -0.12656
H 6.59052 23.71210 0.00561
H 3.37915 23.86760 -0.20061
H 8.26798 26.41950 0.05302
H 5.12307 26.44670 0.18125
H 1.87425 26.67230 -0.12035
H 10.13040 29.12370 0.06443
H 6.78448 29.12940 0.24674
H 3.68333 29.40500 0.21913
H 5.47749 32.14000 0.42465
H 2.25040 32.27520 0.52838
C 23.68120 26.32670 1.67271
C 20.93700 28.00900 2.54196
C 15.01600 24.84590 2.65177
C 16.82270 29.23360 2.10379
C 23.85730 29.71870 1.64982
C 23.63990 33.15990 0.92109
C 23.19950 36.21330 -0.69499
C 24.98480 43.98030 -0.03153
C 22.15800 44.62040 1.66731
C 21.00420 31.57440 2.43628
C 17.68390 33.28270 1.30180
C 15.86720 31.55130 -0.85753
C 19.44810 36.24120 1.33271
C 13.67090 34.89370 1.53336
C 20.52730 39.18410 1.05259
C 11.13970 37.31480 1.60852
C 21.37490 42.07570 1.42995
C 18.29010 41.19680 1.24117
C 8.25231 39.75360 0.72256
C 4.63506 39.26720 -0.29981
C 16.40270 43.82960 1.37399
C 3.03744 42.19660 0.92957
C 14.26920 46.16300 1.54516
C 4.60532 44.91520 1.23567
C 2.57224 47.06390 1.23616
C 12.97370 25.19560 1.89978
C 12.42660 28.40300 0.71840
C 13.29860 31.52380 1.48003
C 10.14640 30.84140 1.87023
C 10.64710 33.90740 1.75436
C 5.98411 33.65170 2.34614
C 4.48540 36.67480 1.93809
C 0.88780 36.97570 1.91555
C 20.86910 24.74620 2.18855
C 17.75520 23.12480 2.17730
C 17.99460 26.08540 2.93283
C 16.57080 35.02430 0.91499
C 17.32840 38.46200 1.05931
C 14.38320 37.82050 1.25270
C 15.27470 40.78240 1.23587
C 12.14480 40.24000 1.40032
C 13.10010 43.27520 1.46055
C 9.71373 42.83310 1.41375
C 6.40557 42.36550 1.36826
C 11.03070 45.70260 1.56262
C 7.80682 45.26320 1.44452
C 5.85369 47.63230 1.73111
C 9.90060 25.48840 1.71587
C 6.71348 25.46360 1.74583
C 3.29501 25.52430 1.58860
C 8.50475 28.19190 1.69782
C 5.11514 28.30690 1.83913
C 1.74445 28.48460 1.56526
C 6.93429 30.86180 1.94403
C 3.86448 31.20180 1.97101
C 2.23043 34.02050 2.26344
C 20.32880 47.72360 -1.55046
C 17.18920 47.22950 -1.75553
C 15.19870 49.57290 -1.63803
C 16.58690 53.90560 -0.91883
C 14.34340 56.48100 -0.09147
C 17.94930 56.80200 -1.20400
C 20.18810 58.68990 -1.48806
C 21.77720 61.40660 -1.62675
C 24.02930 64.40320 -1.85453
C 19.06300 61.56270 -1.59198
C 16.58630 60.12050 -0.79313
C 13.92730 58.61570 0.06636
C 10.56410 57.34900 0.51351
C 22.31650 66.94160 -1.91243
C 20.33230 64.88700 -1.01675
C 10.97530 60.80490 0.19431
C 23.40430 70.13970 -1.89831
C 11.55180 63.88680 -1.24322
C 11.87530 67.40410 -2.42116
C 9.14035 69.19180 -3.04314
C 14.75170 50.45270 -3.11858
C 7.07667 50.88590 -1.08357
C 3.67693 50.56530 -1.16878
C 11.37140 54.85250 -0.95006
C 8.16509 53.97100 -0.95223
C 4.97918 53.30550 -1.04755
C 1.70190 52.99920 -1.01616
C 7.39991 56.67890 0.60085
C 8.69136 58.50710 2.68437
C 7.39235 61.06230 -0.52387
C 9.51804 63.32130 -1.08624
C 8.40534 66.39800 -2.01537
C 7.07838 69.11340 -3.16952
C 23.19780 47.79380 -1.44983
C 21.32990 50.36510 -1.10944
C 17.81500 50.29800 0.08651
C 23.14370 53.07480 -1.37066
C 19.87950 53.08720 -1.07726
C 21.54820 55.84840 -1.40126
C 23.24520 58.53330 -1.65871
C 16.84830 64.02730 -1.76392
C 14.19890 62.10340 -0.25251
C 20.26160 68.72320 -1.85465
C 17.49350 67.09760 -1.96051
C 14.28410 65.60150 -2.02782
C 17.78880 70.22960 -2.55099
C 14.83550 68.70190 -2.56091
C 12.26130 70.49080 -3.38143
C 12.08980 48.98020 -1.37788
C 8.95025 48.47300 -1.32150
C 10.19840 51.63930 -1.06991
C 3.38266 56.33090 0.03638
C 5.52680 59.02230 -0.30838
C 2.12386 59.30800 -0.75454
C 4.16568 61.63250 -1.02193
C 6.31856 63.86340 -1.41526
C 2.95080 64.58310 -1.90931
C 4.87134 66.84780 -2.41168
C 1.90606 67.65650 -2.46240
C 4.11359 70.12420 -3.09492
H 2.09996 50.85570 0.41604
H 18.61370 48.04520 0.18023
H 15.94560 51.88780 0.66881
H 15.88970 55.00730 1.22746
H 16.32500 57.84530 -0.10257
H 21.91630 59.67370 0.04088
H 18.82160 59.83650 0.12250
H 23.60700 62.47420 -0.29479
H 14.42800 57.41320 2.19218
H 12.38940 55.76920 1.09481
H 22.53490 65.24900 -0.14134
H 20.38820 62.67860 -0.06532
H 17.26990 62.32630 -0.05807
H 15.08550 60.37740 1.25854
H 12.07180 58.98270 1.51657
H 23.78900 68.16880 -0.35394
H 12.13180 62.92910 0.86209
H 12.48820 66.10420 -0.30881
H 9.97426 68.11780 -1.08014
H 10.34020 71.12840 -1.99367
H 13.43180 49.97460 -0.19694
H 4.28202 48.48000 0.09169
H 11.48000 52.62990 0.33764
H 8.38146 52.06910 0.59756
H 5.31891 51.42710 0.56072
H 9.36356 55.18590 0.55133
H 6.29678 54.45480 0.72723
H 3.25094 53.88840 0.60779
H 7.60251 56.09770 3.10009
H 6.89314 59.85970 1.63296
H 9.03069 62.11890 1.02706
H 7.98135 64.85670 -0.02375
H 6.83146 67.76030 -1.29551
H 6.01645 70.85100 -1.61734
H 24.98740 48.49060 -0.00858
H 21.77100 48.38880 0.37081
H 23.35140 51.20420 0.15594
H 20.17570 51.15620 0.50914
H 21.68800 54.09610 0.33130
H 18.53780 53.92350 0.91101
H 23.21370 56.83940 0.14329
H 20.11020 56.97590 0.28552
H 20.70520 67.10030 -0.16000
H 18.11140 65.46200 -0.21167
H 15.09390 64.28770 -0.07878
H 21.28490 70.24140 -0.50962
H 18.23660 68.92130 -0.44318
H 15.41060 67.35290 -0.60263
H 15.73580 70.60370 -1.26149
H 12.84090 69.31370 -1.24050
H 10.36720 49.54430 0.37110
H 7.28921 49.00110 0.37692
H 5.17166 57.26930 1.44422
H 1.72911 57.86370 1.08830
H 3.81332 60.17810 0.88579
H 5.76018 62.57280 0.60078
H 2.73184 63.22140 0.13728
H 4.77245 65.49380 -0.45240
H 1.65618 66.15060 -0.57640
H 3.77092 68.67300 -1.07745
H 2.77318 71.58470 -1.64583
C 20.29180 47.18190 1.82422
C 17.17510 46.66330 1.59880
C 15.28680 49.44970 1.45145
C 16.60090 52.84690 2.32677
C 14.25140 54.96050 2.57367
C 17.91120 56.40220 1.17730
C 20.36340 58.93530 1.75301
C 22.02020 61.70920 1.44770
C 24.23770 64.26240 1.30344
C 18.93120 61.73150 1.65182
C 17.12500 59.32190 1.71151
C 14.01700 59.71670 3.01285
C 12.15530 57.13890 3.13680
C 22.48900 67.10220 1.44755
C 20.31830 64.98320 0.77902
C 11.03560 61.17670 2.14802
C 22.97550 70.02910 1.20518
C 11.47640 64.87000 1.78721
C 11.67320 68.19330 0.66844
C 9.35146 70.10030 0.09744
C 13.60550 52.45620 -0.16381
C 7.07772 50.70350 2.11446
C 3.95059 49.96650 1.97624
C 10.93460 54.31130 2.29239
C 8.16404 53.81270 2.26362
C 4.95871 53.12780 2.34164
C 1.88390 52.53800 2.30440
C 5.64057 56.11470 3.72323
C 8.26894 58.09110 4.61167
C 7.03464 61.72910 2.57989
C 9.08079 64.17400 2.13645
C 8.62741 66.64200 -0.13731
C 7.36726 69.67280 0.07964
C 23.65130 47.64390 1.74057
C 21.85630 50.25080 1.91723
C 18.55750 49.91820 1.86275
C 23.34650 52.99850 1.81527
C 20.12550 53.13510 2.12292
C 21.63970 56.01990 1.92848
C 23.58040 58.80270 1.59031
C 17.01710 64.20770 1.52744
C 14.19700 62.68690 1.66803
C 20.06200 68.93370 1.19409
C 17.27160 67.33080 1.13742
C 14.40430 66.12800 1.36440
C 17.40990 70.82420 0.56474
C 14.56680 69.34510 0.55566
C 12.15070 71.38380 -0.30901
C 12.27700 48.86850 1.70278
C 8.98192 48.12220 1.84373
C 10.14880 51.27610 2.10468
C 3.10178 56.00470 1.99535
C 4.78952 59.16110 2.91136
C 1.95739 59.55850 2.42334
C 3.85469 62.26790 2.11909
C 6.13784 64.81560 1.52898
C 3.09619 65.41090 1.30345
C 5.25450 67.62070 0.56989
C 2.16393 68.23280 0.65536
C 4.26266 70.74490 0.14177
C 9.94726 90.33300 -2.24800
C 11.32340 93.41090 -2.07087
C 8.20687 93.15900 -2.61533
C 5.15574 92.70970 -3.13196
C 1.85215 92.39600 -3.80839
C 5.45228 75.29630 -4.12735
C 10.02290 78.53490 -5.00643
C 6.84475 78.16300 -4.42910
C 3.61449 78.20780 -4.20120
C 12.06230 87.21570 -5.14395
C 10.65430 88.43770 -2.42583
C 7.08239 90.04290 -2.98316
C 3.79215 89.77490 -3.56513
C 23.75910 80.81680 -1.52127
C 20.24160 81.79080 -2.05945
C 17.41320 83.71170 -3.50663
C 13.72570 86.89850 -6.08444
C 13.63150 87.94250 -2.64354
C 13.02650 90.85170 -2.00994
C 15.27020 93.25150 -1.74996
C 17.84130 95.02090 -1.57850
C 23.61260 95.45750 -0.89208
C 23.74790 73.45290 -1.86760
C 24.17540 77.13820 -1.10211
C 21.41250 78.57590 -2.38543
C 9.60725 72.28920 -3.90297
C 16.25950 78.41540 -4.86722
C 13.50660 76.70240 -5.44058
C 8.82262 75.35600 -3.71366
C 16.38610 82.06950 -4.27589
C 6.47076 72.41390 -3.58710
C 3.05561 73.00760 -3.60549
C 6.31702 95.44380 -3.10027
C 2.80671 95.26850 -3.46521
C 8.26294 81.36050 -4.80692
C 5.07315 81.03220 -4.36513
C 2.01010 81.08470 -4.20258
C 9.79249 84.15420 -5.11393
C 6.47037 83.96440 -4.61337
C 3.50141 83.92840 -4.28354
C 8.13398 87.00850 -4.44795
C 4.97925 87.04610 -4.06956
C 2.13963 86.88810 -3.93847
C 22.97360 83.90750 -1.68973
C 19.79180 85.42730 -2.49786
C 16.79690 86.79870 -2.88545
C 22.24020 87.28740 -1.73267
C 19.23160 88.68970 -2.02104
C 16.18300 89.96060 -2.28171
C 24.93430 89.16800 -0.73470
C 21.80000 90.44160 -1.35348
C 18.66990 91.91260 -1.60063
C 24.41050 92.52880 -0.62042
C 21.31300 93.62520 -1.33424
C 20.84700 71.85420 -2.40926
C 21.24630 75.03010 -2.85702
C 18.51170 73.42950 -3.27317
C 15.33250 71.79850 -3.44161
C 18.57340 76.49940 -3.93687
C 15.94970 74.80210 -4.40727
C 12.60700 73.55810 -4.33769
C 18.73440 79.82750 -4.00305
H 11.08870 91.55210 -0.51227
H 8.06203 91.31620 -1.13802
H 12.53310 94.40330 -0.05033
H 6.33455 93.77390 -1.26514
H 3.14196 93.39130 -1.91938
H 6.90876 76.54390 -2.55733
H 3.70884 76.67350 -2.80205
H 8.59452 79.49390 -3.22930
H 9.83001 82.41600 -3.00879
H 11.46730 84.90960 -4.36847
H 9.09472 88.71100 -0.60640
H 5.02820 90.68820 -1.67816
H 1.86358 90.52570 -2.13178
H 22.74760 78.93640 -0.34345
H 22.04250 82.07530 -0.27013
H 18.72010 83.47460 -1.35788
H 15.88260 84.72940 -1.68102
H 14.37540 86.58180 -3.69486
H 12.40080 88.72300 -0.75396
H 14.81900 91.11470 -0.62368
H 17.12630 93.13440 -0.01616
H 15.26190 95.03660 -1.70873
H 19.87130 95.11450 -0.15026
H 24.37670 71.44670 -0.33132
H 24.32710 74.98510 0.12539
H 21.84040 76.54120 -1.05845
H 19.03180 78.38080 -2.51749
H 13.68340 75.29340 -3.35486
H 10.78430 74.17230 -2.80335
H 7.99865 73.47360 -2.50398
H 16.28040 79.92410 -2.88976
H 13.63650 78.41720 -4.17918
H 4.91310 73.85740 -2.21967
H 9.40873 94.13170 -0.67198
H 5.36997 79.31190 -2.72268
H 2.07825 79.34840 -2.53907
H 6.81334 82.15990 -3.00726
H 3.65120 82.16000 -2.61230
H 8.25840 85.09560 -3.34832
H 5.14834 85.00560 -2.76897
H 2.04610 84.95660 -2.46871
H 6.66783 87.84020 -2.54466
H 3.56578 87.78140 -2.13214
H 24.98610 80.80400 0.59045
H 24.27030 84.10570 0.43586
H 21.39860 85.26000 -0.56767
H 18.34970 86.64710 -0.97596
H 15.50860 87.88840 -1.04460
H 23.75800 87.25170 0.26678
H 20.77360 88.50710 -0.09022
H 17.79850 89.83890 -0.35959
H 23.20400 90.59810 0.44755
H 20.22460 91.82070 0.12210
H 22.74750 93.86460 0.77876
H 21.57940 73.52280 -0.85285
H 18.70200 72.01640 -1.23410
H 19.04780 75.29340 -1.80680
H 16.27550 73.69640 -2.25543
H 13.28590 72.40720 -2.23038
H 16.31870 76.72860 -3.08962
C 9.25940 90.65920 0.84911
C 11.01260 93.46470 1.09206
C 7.66334 92.97840 0.56086
C 4.64378 92.49350 -0.08028
C 1.55816 92.20030 -0.35119
C 5.44807 75.96150 -0.92275
C 10.57790 78.86880 -1.89901
C 7.26732 78.68960 -1.26610
C 3.82582 78.56870 -0.98521
C 13.41880 83.40080 -4.59909
C 10.52200 87.88460 0.80717
C 6.75903 89.39820 -0.62109
C 3.44561 89.53570 -0.38409
C 22.68860 80.52520 1.50175
C 19.91740 81.47030 -0.12199
C 16.38920 82.64800 -0.46784
C 13.59840 84.32640 -2.72408
C 13.51480 87.18000 0.39379
C 12.78950 90.60080 0.85244
C 14.77210 93.46710 0.37680
C 17.78550 94.66740 1.52708
C 22.98500 95.58630 2.42454
C 23.17770 73.23470 1.07005
C 22.97260 76.93240 1.05087
C 20.41550 78.39630 -0.44852
C 9.71357 73.11550 -0.81654
C 14.42250 78.14860 -2.25396
C 11.30860 77.79460 -3.46350
C 9.02921 75.68360 -2.01391
C 14.97530 81.50390 -1.49645
C 6.49606 73.02940 -0.58483
C 3.22251 73.71940 -0.40627
C 5.93814 95.64010 0.09344
C 2.76788 95.25100 -0.27019
C 8.74195 81.46690 -1.60659
C 5.44316 81.24150 -1.21162
C 2.09679 81.29740 -0.98282
C 10.36930 84.76090 -1.99088
C 6.95774 84.02090 -1.48027
C 3.76496 84.08140 -0.97657
C 8.09533 86.59130 -1.30108
C 5.19004 86.63830 -0.88853
C 1.85143 86.72100 -0.75247
C 21.99890 83.64170 1.35688
C 19.13720 84.72590 0.48786
C 16.26360 85.88950 0.16717
C 21.55270 86.70810 1.40808
C 18.60930 87.94790 1.05034
C 15.70200 89.32710 0.87294
C 23.85630 88.84090 2.20407
C 21.07010 90.12810 1.74516
C 18.15230 91.36960 1.49036
C 23.54760 92.13260 2.39872
C 20.50320 93.59120 1.84969
C 20.30450 72.03260 0.65848
C 20.25450 75.27230 0.30944
C 17.60700 73.96000 -0.22923
C 14.92810 72.66470 -0.43428
C 17.50170 77.08190 -1.03389
C 15.08520 75.53090 -1.32046
C 12.53080 74.53730 -1.22664
C 17.35380 79.24390 -0.84205
C 38.62810 0.57868 1.24917
C 35.57720 0.22745 0.78705
C 39.70950 3.41023 1.32881
C 48.46340 9.81505 0.11836
C 45.39990 9.35994 0.42318
C 42.26910 8.81321 0.52239
C 43.06450 11.73700 -0.15704
C 33.90030 -0.10559 1.80173
C 27.99450 0.88300 0.05836
C 36.04630 3.32004 1.61437
C 37.69990 6.15660 0.88567
C 39.19450 8.74486 0.48316
C 26.57490 9.31957 -0.58323
C 40.88930 11.25900 -0.23625
C 39.72670 14.27250 -1.06571
C 26.55870 14.88340 -1.09676
C 28.62180 17.60700 -1.40310
C 36.66640 20.49240 -1.69245
C 33.05800 20.34550 -1.46410
C 29.87690 20.61910 -1.09589
C 26.39520 21.01980 -0.74612
C 49.44280 11.57650 -0.53558
C 46.22100 12.38620 -0.04026
C 44.88590 14.56640 -2.44405
C 43.75030 17.71590 -2.62437
C 40.53020 19.39310 -2.33838
C 40.51580 22.55950 -2.59684
C 47.90250 1.61781 2.16381
C 44.81070 1.18061 2.21756
C 41.81660 0.91975 1.76667
C 49.06770 4.34660 1.60624
C 46.19710 4.18572 1.72293
C 42.99110 3.67511 1.69218
C 47.48390 6.88969 1.09820
C 44.19670 6.46489 1.09741
C 40.94310 6.12818 1.25857
C 31.04410 0.43083 0.99016
C 32.83210 3.43984 1.04267
C 29.82660 3.60429 0.39578
C 26.45540 3.48053 -0.12589
C 34.49560 6.16497 0.68041
C 31.47200 6.28246 0.29325
C 28.25590 6.32688 -0.23725
C 36.08610 8.87251 0.31540
C 33.08080 9.08148 0.03575
C 29.73900 9.34185 -0.34436
C 37.78880 11.49640 -0.25324
C 34.69040 11.73790 -0.42499
C 31.40810 11.68880 -0.53727
C 28.18970 11.95490 -0.75830
C 36.33020 14.16460 -1.01580
C 33.13020 14.51700 -1.07885
C 29.85410 14.65610 -1.10257
C 38.19630 16.97380 -1.74814
C 34.74710 17.30990 -1.63667
C 31.61270 17.50080 -1.25905
C 49.20660 14.56880 -1.28659
C 46.31200 16.09070 -1.80079
C 49.10790 17.68460 -2.07021
C 46.36400 19.27310 -2.31464
C 43.49510 21.02740 -2.76172
C 49.09060 20.65850 -2.77234
C 46.10200 22.39730 -3.04716
H 36.79410 1.22259 2.62845
H 41.21060 4.49145 3.07233
H 38.09350 4.30526 2.51608
H 48.94020 8.32068 2.15273
H 42.50500 7.45143 2.56408
H 46.83100 10.71150 1.63914
H 43.63240 10.36820 1.84034
H 30.78200 -0.84432 3.10472
H 27.90190 -1.04875 1.58322
H 32.54090 1.82124 2.59097
H 26.05230 1.75382 1.31125
H 34.27820 4.73710 2.61369
H 39.20340 7.29923 2.52135
H 36.10930 7.27394 2.22054
H 40.64320 10.01730 1.95828
H 39.52240 12.89640 0.96842
H 26.61610 13.11080 0.79919
H 40.94680 15.86960 0.60940
H 37.93900 15.45100 0.22868
H 36.56250 18.36210 -0.36828
H 26.88350 18.68200 0.27922
H 34.91120 21.42140 0.09883
H 31.82210 21.06670 0.67466
H 28.68980 21.53010 0.34882
H 48.35440 13.39070 0.70743
H 45.50520 14.71250 0.04104
H 43.08040 16.07250 -1.80905
H 42.45310 19.41790 -1.18079
H 39.82920 21.13490 -0.47449
H 24.86450 -1.19307 1.02445
H 47.97320 -0.04811 3.95093
H 44.87140 -0.55808 3.92950
H 41.82400 -0.89722 3.37581
H 38.74050 96.23770 2.86641
H 49.45740 2.89769 3.48777
H 46.18630 2.64614 3.66116
H 43.06230 2.08796 3.61383
H 39.92360 1.61959 3.07911
H 47.61240 5.52126 3.20131
H 44.39420 5.11786 3.15012
H 45.64640 7.90573 2.43768
H 29.29600 1.84162 1.94226
H 31.04580 4.73558 2.23214
H 27.90810 4.64214 1.51562
H 32.88280 7.51897 1.93618
H 29.66380 7.50667 1.34443
H 26.53940 7.50143 1.04528
H 37.61080 10.05270 1.76797
H 34.51410 10.24440 1.61204
H 31.30660 10.24440 1.40020
H 28.13250 10.27520 1.04417
H 36.22920 12.90460 1.11401
H 33.00040 12.95340 0.80576
H 29.85230 13.05750 0.78339
H 34.82680 15.70040 0.25770
H 31.53980 15.69750 0.36965
H 28.34000 15.93050 0.39086
H 33.36050 18.46340 0.12738
H 30.09210 18.59450 0.32681
H 48.16680 16.51140 -0.16751
H 45.26680 17.93110 -0.57158
H 48.25120 19.58630 -0.70685
H 45.29850 21.09530 -1.03986
H 42.59560 22.73760 -1.22749
H 48.09540 22.62500 -1.67137
C 38.25240 0.52232 4.46203
C 35.38270 0.03203 4.12979
C 39.38480 3.56652 4.49728
C 48.53170 10.56090 3.36814
C 45.39790 10.11640 3.52909
C 42.25240 9.58924 3.70003
C 43.16640 12.56110 2.97038
C 33.65390 1.23918 4.68888
C 27.40930 0.78317 3.14510
C 36.02570 3.32295 3.56101
C 37.53550 6.24818 3.96303
C 39.04830 9.41064 3.68776
C 26.33280 9.43518 2.58566
C 41.04630 12.26990 2.91141
C 39.73620 15.26570 1.97742
C 26.56830 15.30080 1.99193
C 28.21820 18.02700 1.81257
C 37.38860 20.78020 0.16087
C 34.17480 20.42860 1.59378
C 29.91930 20.22560 2.19080
C 26.31220 21.10360 1.00401
C 49.49860 12.32390 2.60505
C 46.17520 13.07770 1.77732
C 43.25690 14.56730 0.43642
C 42.99780 17.50140 0.37091
C 40.86290 20.12280 0.74006
C 41.00660 23.20420 0.64784
C 48.00720 2.05589 5.25772
C 44.73580 1.48632 5.29933
C 41.37950 0.88876 4.91338
C 49.48520 4.99834 4.72585
C 46.04830 4.78629 4.95538
C 42.81280 4.21368 4.84456
C 47.42240 7.76308 4.18270
C 44.19340 7.22125 4.31480
C 40.81050 6.67249 4.19253
C 30.51810 1.04453 4.02480
C 32.40420 3.89842 4.07459
C 29.16640 3.79473 3.43715
C 26.12150 3.57180 2.90502
C 34.29720 6.53807 3.80159
C 30.99140 6.57059 3.34615
C 27.93850 6.68019 2.89349
C 35.95260 9.43276 3.44928
C 32.77760 9.53927 3.26541
C 29.54660 9.40490 2.87902
C 37.86780 12.25090 2.83653
C 34.44910 12.39860 2.74030
C 31.37460 12.29310 2.60892
C 28.04200 12.32680 2.44857
C 36.42110 15.13580 2.09580
C 33.25600 15.07390 2.04906
C 29.84060 15.05770 2.12653
C 39.06790 17.56700 -0.01013
C 35.29070 17.77970 1.58153
C 31.78810 17.66400 1.81093
C 49.20670 15.38670 1.80110
C 46.12810 16.48610 1.28591
C 49.18570 18.31890 1.13641
C 46.20190 19.64720 0.78875
C 43.33870 21.07170 0.45248
C 49.09080 21.70160 0.26300
C 46.32400 23.00220 0.10169
C 49.09500 30.27920 -2.33506
C 47.61080 33.30380 -2.30335
C 49.50730 36.09740 -2.56264
C 48.00820 38.56280 -2.98872
C 37.58390 23.88290 -2.32439
C 40.23570 26.35730 -2.18233
C 42.97310 27.62540 -3.16176
C 48.83990 27.37800 -3.88571
C 45.89340 29.20260 -3.98228
C 36.87520 25.92020 -2.58804
C 33.89430 24.10540 -2.00563
C 29.88590 23.78260 -0.05876
C 40.43490 29.82190 -3.11662
C 37.43960 28.89250 -2.73280
C 28.29490 26.10710 -2.25519
C 44.17880 33.67980 -2.76893
C 41.05270 33.28130 -3.41777
C 25.69570 28.11810 -2.18849
C 41.94300 37.05460 -2.56363
C 39.21540 38.53090 -3.03116
C 37.12970 41.10170 -2.53189
C 34.19030 42.90250 -2.52286
C 31.14410 41.65060 -2.44888
C 27.98560 40.64710 -2.82246
C 24.03750 39.56590 -3.88578
C 24.58320 43.19220 -4.26418
C 31.47580 44.84700 -2.03805
C 28.23580 44.69930 -2.03138
C 32.59210 47.75810 -2.21278
C 46.06150 36.22800 -2.08102
C 44.58930 39.40480 -3.08173
C 41.61850 40.72940 -3.05690
C 46.83670 41.50670 -3.55640
C 41.01530 43.84610 -2.97406
C 37.73620 45.18700 -3.49872
C 35.02830 46.06510 -1.95008
C 46.92010 44.54980 -3.68768
C 43.27610 24.29160 -3.03376
C 48.94200 23.81270 -3.67530
C 45.96460 25.24660 -3.93393
C 34.19270 27.95110 -2.54528
C 31.32590 26.69080 -2.24234
C 37.92060 32.11860 -2.92546
C 35.02550 31.06980 -2.58670
C 31.96980 30.08710 -2.47270
C 28.92080 28.95400 -2.16901
C 38.52950 35.41810 -3.15299
C 35.51350 34.16140 -2.81410
C 32.50180 33.20180 -2.54950
C 29.49680 32.11950 -2.40946
C 26.37010 31.10050 -2.07241
C 35.97490 37.54920 -2.96880
C 33.11930 36.26020 -2.67782
C 30.07750 35.29260 -2.62939
C 26.94340 34.22790 -2.55248
C 33.72670 39.66360 -2.76672
C 30.63080 38.44030 -2.60991
C 27.16550 37.61730 -2.25075
C 29.67660 47.69480 -1.86603
C 43.77370 42.55380 -3.24029
C 43.89780 45.76900 -3.15643
C 41.04090 46.86390 -2.83331
H 47.80550 31.48990 -0.42378
H 49.37810 34.32320 -0.84685
H 47.99890 37.23070 -0.87798
H 39.65860 24.38610 -1.04433
H 42.49520 25.90000 -1.48230
H 41.23800 28.53170 -1.62368
H 47.61420 28.79330 -2.27938
H 44.56620 30.07090 -1.86658
H 38.26290 27.28360 -1.11543
H 35.06060 26.15990 -0.86561
H 32.05270 25.06530 -0.52294
H 41.76880 31.59020 -1.61905
H 38.73820 30.48930 -1.32741
H 29.73170 27.31800 -0.44234
H 26.79690 26.14720 -0.75099
H 42.30500 34.75790 -1.80979
H 39.79580 36.67730 -1.51743
H 41.06370 39.02540 -1.40951
H 24.82880 34.31850 -1.14656
H 37.90430 41.74800 -0.13635
H 32.00740 39.78790 -1.02557
H 29.05050 38.92090 -1.21112
H 24.75920 38.16010 -1.69387
H 35.71710 43.97590 -0.90262
H 32.50300 42.95750 -0.64660
H 28.13800 43.06390 -0.82157
H 33.00310 46.01050 -0.58004
H 29.85030 45.73450 -0.39247
H 46.05480 33.98980 -1.04677
H 44.13150 37.76810 -1.54262
H 46.51650 39.99790 -1.60235
H 43.48880 40.93570 -1.48312
H 40.64380 42.15770 -1.06528
H 38.43590 43.37710 -2.66536
H 45.84760 43.02290 -2.04015
H 45.34460 24.25400 -1.73524
H 47.88250 25.67290 -2.49291
H 45.01950 27.13840 -2.96794
H 35.74390 29.43530 -1.02764
H 32.71040 28.36930 -1.01555
H 39.33120 33.62930 -1.63892
H 36.31470 32.64150 -1.08165
H 33.27520 31.53430 -0.92156
H 30.28680 30.46740 -0.67463
H 27.17590 29.27280 -0.54040
H 36.76650 35.72740 -1.50689
H 33.84850 34.60380 -1.00439
H 30.75160 33.66620 -0.85759
H 27.62330 32.51890 -0.79847
H 37.39760 38.88490 -1.44060
H 34.34130 37.80550 -1.20968
H 31.40050 36.67860 -1.01396
H 28.24650 35.73470 -0.90099
H 35.03400 40.96860 -1.20649
H 26.67280 45.70100 -0.16565
H 43.03090 44.08030 -1.57543
H 40.27430 45.26320 -0.98416
H 37.33600 46.48060 -1.27965
H 45.81900 46.09910 -2.07022
H 42.94700 47.34360 -1.35756
C 49.20900 30.75790 0.79467
C 47.50900 33.72490 0.78944
C 49.68570 36.34400 0.66174
C 48.09840 39.08230 0.13131
C 37.98510 24.24590 0.83870
C 40.48740 26.64630 -0.35507
C 43.54690 27.98460 -1.07835
C 47.82640 27.40210 -0.67910
C 46.01620 30.24030 -0.89439
C 37.10590 26.19930 0.72146
C 34.41780 23.95580 0.03566
C 31.49900 23.22580 1.34128
C 40.88910 30.38090 -0.00663
C 37.68950 29.15550 0.43565
C 28.81940 25.50790 0.90999
C 44.05310 32.46880 -1.14013
C 41.32100 33.68150 -0.11140
C 26.49260 27.81090 1.27112
C 42.03850 36.94050 -0.65256
C 39.22050 38.38950 0.13636
C 36.76560 40.40890 0.51897
C 34.81500 42.74790 0.49179
C 31.55930 41.51400 0.80322
C 28.96280 41.36240 -1.27670
C 23.62240 39.40830 -0.56244
C 25.80500 42.44390 -1.29800
C 31.59280 44.69520 0.93722
C 28.41250 44.20380 0.98424
C 33.19620 47.80660 1.04977
C 45.77550 36.36980 -0.30001
C 44.74710 39.36590 0.04116
C 41.96760 40.40020 0.37466
C 46.79770 41.70000 -0.17252
C 41.74190 43.94980 0.52210
C 38.03640 44.32580 -0.30988
C 35.35610 46.17240 0.07780
C 47.15190 44.52810 -0.55714
C 43.65960 24.60070 0.03784
C 48.85130 24.69250 -0.56173
C 46.14150 26.39630 -0.95118
C 34.55140 28.00890 0.63909
C 31.81940 26.90950 0.86505
C 38.32950 32.36190 0.22607
C 35.24100 31.20990 0.61275
C 32.20040 30.01870 0.73533
C 29.20350 28.91220 0.95392
C 38.61410 35.28790 0.05599
C 35.79600 34.47740 0.44184
C 32.64560 33.19900 0.66159
C 29.57420 32.23670 0.80114
C 26.71680 31.05840 1.13170
C 36.27160 37.43930 0.25309
C 33.28380 36.46370 0.53283
C 29.97690 35.53690 0.68705
C 26.74300 34.37060 0.61703
C 33.85360 39.53330 0.44264
C 30.65480 38.41580 0.56080
C 26.96790 37.86200 -0.35199
C 29.73980 47.56250 1.31457
C 44.38510 42.68990 -0.11973
C 44.22650 45.73900 -0.17572
C 41.20540 47.12600 0.42862
H 37.36410 60.47220 -1.14291
H 34.80250 58.89010 -0.89712
H 40.45710 63.76880 -1.25812
H 37.41070 63.16970 -1.21898
H 44.48410 68.37200 -1.10106
H 41.21500 67.01110 -0.85174
H 29.24920 62.77670 -0.70038
H 44.73590 71.51860 -0.37317
H 25.71630 65.39830 -0.37419
H 26.87070 69.01850 -0.54909
H 27.92980 71.94380 0.02553
H 34.53200 62.00450 -0.94676
H 38.08790 66.12780 -1.06289
H 35.01830 65.20820 -0.95522
H 32.10170 63.97070 -0.66666
H 41.90040 70.23770 -1.07831
H 38.79150 69.19490 -1.02477
H 35.69340 68.21010 -0.71355
H 32.45220 67.16460 -0.73061
H 29.42240 66.03610 -0.68321
H 36.23520 71.35590 -0.57103
H 33.22390 70.22100 -0.23336
H 29.99590 69.50480 -0.49569
C 47.63390 66.02630 -4.23448
C 49.23260 69.58020 -1.69801
C 34.93060 50.49860 -1.74656
C 35.71010 53.87350 -3.35080
C 33.94240 56.60550 -0.65562
C 31.19880 55.98000 -1.75601
C 30.20500 58.89150 -1.70071
C 28.02870 61.44790 -2.29809
C 25.07220 61.38330 -1.90780
C 36.76470 58.54570 -2.48856
C 39.33470 61.71830 -1.84310
C 36.11200 61.67830 -2.78993
C 33.51110 60.27780 -2.42247
C 43.38450 66.43280 -2.13768
C 40.03860 65.55950 -2.63390
C 31.05540 62.32250 -2.27568
C 43.87410 70.50580 -2.45164
C 27.66900 64.46300 -1.52494
C 25.54720 67.39250 -1.91307
C 26.40770 71.15010 -1.84330
C 38.04650 48.34300 -2.76877
C 37.97990 51.63770 -2.63089
C 37.28200 55.29900 -3.10535
C 40.01940 56.77600 -3.00027
C 42.46830 58.81740 -2.87358
C 48.07690 59.41410 -2.48365
C 42.44840 62.43410 -2.57584
C 47.39090 62.57250 -2.35465
C 45.50060 63.94760 -1.98501
C 26.30030 47.49970 -1.74899
C 31.17340 50.36820 -1.96886
C 27.88230 50.29200 -1.82046
C 24.82210 50.27040 -1.58522
C 32.56850 53.03390 -2.25665
C 29.38990 53.24790 -1.82040
C 26.36000 53.10600 -1.55959
C 28.13110 55.75080 -1.77825
C 24.77310 55.85960 -1.50492
C 26.49690 58.46210 -1.81674
C 36.72680 64.98390 -2.75102
C 33.72890 63.73210 -2.45698
C 40.66730 68.71940 -2.56214
C 37.34460 67.90170 -2.57947
C 34.27930 67.06130 -2.39497
C 31.01750 65.67780 -2.21237
C 37.90260 70.97550 -2.40702
C 34.81690 70.07300 -2.14102
C 31.87770 69.16030 -2.07706
C 28.67240 68.08900 -2.04724
C 32.90640 72.20850 -1.68446
C 29.54940 71.50530 -1.89303
C 46.72810 47.99980 -3.40871
C 43.69060 48.95760 -3.13104
C 40.69510 50.04230 -2.93837
C 46.40550 51.17550 -3.04959
C 43.42110 52.27250 -3.00133
C 40.44100 53.70890 -3.09732
C 46.05590 54.27980 -2.81818
C 43.00840 55.54640 -3.06221
C 48.64730 56.32930 -2.71693
C 45.58380 57.42110 -2.74900
C 45.05750 60.57530 -2.47465
H 47.61420 65.21830 -2.23319
H 49.13140 67.51230 -0.26841
H 47.17740 69.79140 -0.14389
H 34.55530 48.27800 -0.87763
H 32.93680 51.18330 -0.48458
H 34.29400 54.12570 -1.34364
H 32.47620 58.10150 1.03139
H 31.63010 60.64330 -0.73940
H 28.16450 59.66160 -0.58345
H 26.69350 62.50630 -0.56168
H 37.22030 49.81460 -1.02489
H 48.47030 48.10540 -2.04013
H 39.78010 51.84530 -1.48480
H 39.24980 55.08360 -1.44765
H 36.45610 56.44700 -1.10039
H 39.02170 58.32850 -1.32224
H 41.56080 60.54490 -1.27377
H 46.88570 60.80390 -0.81685
H 44.20110 62.38060 -0.68180
H 31.27390 48.57300 -0.24640
H 28.05770 48.45080 -0.24696
H 29.62700 51.23110 -0.39385
H 26.49690 51.22540 -0.03149
H 31.16290 53.85180 -0.34296
H 27.97620 54.01310 0.04076
H 24.83230 54.05110 0.14055
H 29.70730 56.81470 -0.46990
H 26.60450 56.73880 -0.02081
H 24.96530 59.60990 -0.25772
H 40.01600 48.35200 -1.23942
H 45.62060 49.38180 -1.55994
H 42.58780 50.52450 -1.49185
H 48.20650 51.31310 -1.43474
H 45.20350 52.46190 -1.25145
H 42.25020 53.83540 -1.43593
H 47.83190 54.48280 -1.18973
H 44.73430 55.68600 -1.28135
H 41.88940 56.96460 -1.33680
H 47.35710 57.59810 -1.00376
H 44.33020 58.89950 -1.29934
C 46.83020 67.42080 -1.03818
C 48.68600 68.91170 1.71206
C 35.13220 50.33920 0.26611
C 36.28810 53.30970 0.03625
C 33.11690 57.76260 3.00883
C 31.42710 55.73580 0.96809
C 30.22320 59.03620 0.63514
C 28.18930 61.31230 0.95817
C 25.33360 61.55580 1.18429
C 37.04140 58.53520 0.27409
C 39.57500 60.44920 -0.04614
C 36.36110 61.81110 0.63482
C 33.60850 60.43890 0.75349
C 43.39180 66.03350 -0.37580
C 39.88300 65.43090 0.57632
C 31.02130 62.36970 0.88126
C 43.71670 69.42670 0.51408
C 27.86780 64.41020 0.38782
C 25.64790 67.40890 1.08635
C 26.12020 70.60500 1.24766
C 38.10060 47.93450 0.39389
C 38.35830 50.93880 0.45597
C 37.59520 54.97220 0.48085
C 39.88830 56.83720 0.23421
C 42.46440 58.75660 0.26959
C 48.03370 59.24530 0.67621
C 42.19920 62.44610 0.43274
C 47.26160 62.46690 0.91662
C 45.50050 63.56860 1.15113
C 26.61280 47.36910 1.41876
C 31.31270 50.55210 1.22478
C 28.25540 50.24340 1.34892
C 25.05300 50.23840 1.63504
C 33.16700 52.95020 0.86004
C 29.71130 52.86780 1.38599
C 26.48450 52.98630 1.67119
C 28.43220 55.93260 1.48407
C 24.96510 56.00260 1.62727
C 26.72870 58.73320 1.25301
C 36.88510 64.82450 0.61028
C 33.99740 63.72920 0.76302
C 40.73730 68.57540 0.50531
C 37.63250 67.79700 0.72954
C 34.32670 66.76420 0.81055
C 31.18950 65.71060 0.88611
C 38.29300 70.89370 0.75771
C 35.28970 69.79930 1.07364
C 31.72530 68.74090 1.09620
C 28.60180 67.84950 0.86032
C 32.71960 71.94600 1.47182
C 29.43540 71.16190 1.40354
C 46.72650 47.58610 -0.29935
C 43.80410 49.15660 0.15452
C 40.69610 50.14970 0.17483
C 46.38130 50.90160 0.24242
C 43.26530 52.24950 0.23043
C 40.33830 53.59950 0.16306
C 45.86320 54.15400 0.32479
C 42.86730 55.51040 0.33115
C 48.55010 56.09400 0.62063
C 45.39340 57.43240 0.39959
C 44.93830 60.37540 0.59757
H 42.34960 73.41420 -1.26482
H 39.97630 75.58920 -0.56407
H 37.76550 77.52420 1.11892
H 26.26740 73.71780 -1.90910
H 35.20580 79.45120 2.13931
H 32.30060 78.78420 0.85007
H 29.53960 77.98840 -0.45443
H 26.60830 76.75030 -1.17196
H 39.28630 72.36650 -0.87449
H 37.03490 74.55270 -0.21510
H 34.02630 73.50400 0.11291
H 30.97190 72.46860 -0.17177
H 34.71210 76.65760 0.54782
H 31.66690 75.69380 0.04613
H 28.66580 75.01890 -0.26297
C 43.95500 89.72100 2.11564
C 37.54590 89.80230 1.59701
C 48.42060 93.53490 2.46874
C 45.64550 92.47690 3.54450
C 42.68370 92.53670 2.04452
C 39.56550 92.26260 1.21693
C 35.74730 92.53710 1.04054
C 34.39100 94.18670 1.17352
C 46.30990 74.87650 2.11398
C 43.41300 76.31720 2.90086
C 41.44930 78.83070 1.48196
C 39.17660 80.84740 0.49818
C 38.88050 83.87140 0.89588
C 38.99990 87.08340 1.61271
C 40.92580 89.04850 3.10664
C 46.91030 88.64570 2.37126
C 46.90100 71.96860 -1.46405
C 30.18800 95.96120 0.81769
C 26.33050 79.20940 -0.75462
C 30.73810 80.24710 -0.36099
C 28.60740 81.28690 -0.18402
C 35.82940 83.40890 2.50664
C 33.51050 85.47970 1.46426
C 36.00650 86.82320 1.84118
C 32.90110 88.62570 1.37493
C 32.35950 91.97550 2.69468
C 29.74340 93.08310 1.65094
C 44.32740 73.19230 -2.22892
C 41.74390 75.48910 -2.47131
C 38.86180 77.45740 -1.25451
C 26.49240 75.17770 -3.14607
C 37.33720 79.90910 0.68327
C 31.85670 77.66730 -1.35231
C 28.81620 76.55320 -2.29467
C 46.63830 96.07730 2.45332
C 43.75370 95.60370 2.18663
C 40.65970 95.44310 1.57126
C 37.57510 95.42770 0.78015
C 46.63650 78.44280 2.18742
C 44.24270 80.18490 1.95536
C 41.78330 81.99510 1.44552
C 46.90340 81.88330 2.12829
C 44.38290 83.53160 2.04192
C 41.60730 85.38550 1.80378
C 47.03970 85.28290 2.15673
C 44.15440 86.80230 2.09717
C 25.90140 82.66510 -0.71643
C 31.23570 83.44540 0.58305
C 28.10920 84.63610 -0.15713
C 25.41280 85.80780 -0.92323
C 30.63380 86.73230 0.76722
C 27.69930 87.96920 0.11471
C 29.93350 89.94020 1.00248
C 27.26850 91.18920 0.41250
C 26.58480 94.78160 0.31417
C 40.95030 71.91940 -2.66741
C 38.52450 74.19110 -2.13618
C 35.73490 73.31780 -1.80350
C 36.65140 76.76640 -1.03445
C 33.71960 75.55680 -1.31221
C 30.66250 74.33780 -1.71648
C 34.43710 78.86530 -0.32614
H 42.37580 91.02060 3.56623
H 39.11360 90.70100 3.17355
H 46.95920 94.43070 4.26953
H 37.67660 93.44540 2.32925
H 33.61430 93.89100 3.68370
H 35.72570 95.85830 2.29976
H 45.71720 77.01260 3.65036
H 42.96080 78.73540 3.64537
H 40.29270 80.43010 2.63197
H 37.64020 81.98360 2.15756
H 48.40980 78.73260 4.16728
H 37.71470 85.13920 2.39688
H 37.54650 87.99890 3.28261
H 40.44420 86.63390 3.58096
H 45.54810 90.01880 4.01057
H 47.92790 91.73060 4.09310
H 47.15520 72.74660 1.05217
H 25.35240 77.71400 1.02614
H 27.67490 79.54050 1.39693
H 30.25470 81.54500 1.73894
H 32.49120 83.52920 2.76391
H 34.83350 85.42500 3.75022
H 34.66150 88.60600 3.14431
H 31.43310 89.84770 3.03846
H 28.47310 91.11190 2.71673
H 25.78390 92.52850 1.30046
H 30.45920 93.42710 3.69823
H 43.69190 94.00910 3.91156
H 40.65130 93.53550 3.08601
H 45.87830 80.30120 3.79086
H 43.26740 81.97770 3.40058
H 40.49080 83.54210 2.79425
H 48.77770 81.93130 3.77025
H 46.14790 83.60910 3.77712
H 43.26600 85.07410 3.62807
H 48.93690 85.23810 3.69759
H 45.95430 86.79370 3.79383
H 43.08770 88.17520 3.79782
H 48.73040 88.59610 3.77668
H 27.31150 82.80480 1.33712
H 29.61290 84.84140 1.87280
H 26.64030 86.06250 1.24090
H 32.04310 86.78990 2.86974
H 29.04190 87.99150 2.17641
H 26.06790 89.25140 1.50946
C 44.01650 89.95800 5.22717
C 36.63910 90.22700 3.38243
C 48.91720 93.60010 5.45053
C 45.24300 93.20430 5.56153
C 41.85290 92.82160 5.14860
C 38.81490 92.43350 4.44750
C 35.58910 93.60470 5.17607
C 32.25870 95.22570 3.97537
C 47.06420 74.92460 3.85068
C 43.40050 76.55230 4.78412
C 40.90990 78.85880 4.60987
C 38.19640 80.37860 3.92786
C 38.41990 83.41670 4.10712
C 38.31880 86.04010 4.58456
C 40.96610 88.41210 4.95789
C 46.89260 88.41890 5.45259
C 45.95390 71.00930 1.80350
C 29.09510 95.60930 3.69156
C 25.46970 79.57600 2.68240
C 31.96750 80.17300 2.84082
C 28.17610 81.35240 3.15673
C 33.72880 81.38660 2.94161
C 32.84730 85.28030 4.74385
C 35.99100 87.26200 5.02701
C 32.87600 88.44560 4.63464
C 32.08060 91.84390 4.50657
C 28.86830 92.47720 4.92726
C 43.41000 72.90840 0.98286
C 42.44890 75.87210 -0.75570
C 40.03100 76.98640 1.62625
C 26.58700 73.95560 0.63625
C 37.15400 78.63360 3.40789
C 30.82030 77.37890 1.67681
C 27.75770 76.99070 0.98687
C 46.55980 -1.11988 5.63986
C 43.09550 95.87060 5.32499
C 40.17040 95.30240 4.61688
C 36.92890 94.93920 4.21246
C 46.60560 78.62520 5.57815
C 43.97910 80.48380 5.22916
C 41.16000 81.86590 4.49779
C 46.89900 81.89360 5.39053
C 44.21030 83.38520 5.19167
C 41.26750 84.68760 4.87698
C 47.13690 85.22350 5.37312
C 44.07960 86.62910 5.39992
C 25.02810 82.59530 2.25528
C 30.57180 83.25370 3.65141
C 27.47810 84.54720 3.05291
C 24.43480 85.82880 2.21687
C 29.86890 86.30510 3.84513
C 26.72940 87.74370 3.14382
C 29.35880 89.35240 4.25700
C 26.44900 90.98270 3.30289
C 26.17510 94.82550 2.38363
C 41.40700 71.93900 0.47671
C 39.08210 73.94750 1.04164
C 35.81890 72.93250 1.31220
C 36.57390 75.77640 1.95411
C 33.24790 75.04810 1.79118
C 30.30840 74.16180 1.44788
C 33.87980 77.85930 2.60655
C 55.06060 -0.87365 1.66897
C 52.19660 95.77440 2.97917
C 49.31660 -0.70303 2.04257
C 55.85160 4.74461 0.96566
C 52.69860 4.84448 1.40330
C 50.69640 7.18497 0.73853
C 60.11890 1.18817 0.49773
C 59.07270 4.09002 0.61115
C 57.83090 7.21845 0.59907
C 60.63630 8.58301 -0.21295
C 74.08410 11.83580 -3.29265
C 69.05070 10.91600 -1.98103
C 65.62260 11.50410 -0.38179
C 61.95250 11.89410 -0.84401
C 71.66310 13.70800 -2.11519
C 68.59390 12.99220 -1.64410
C 66.72570 15.39530 -1.42629
C 63.56000 14.77540 -1.57601
C 64.03220 18.03840 -0.75217
C 61.78660 20.66670 -1.05994
C 63.53740 23.09770 -1.90219
C 60.56960 23.06850 -1.17212
C 54.53770 7.99494 1.16242
C 52.12430 10.04230 0.33413
C 57.97780 10.26320 0.77294
C 57.51290 13.18530 -0.60319
C 60.25080 14.57390 -1.23828
C 60.77330 17.61420 -1.00683
C 57.72770 19.53330 -2.32219
C 57.80200 23.52480 -1.75789
C 57.01710 1.75352 0.99776
C 53.95210 1.85432 1.67362
C 50.98030 2.00859 1.77793
C 69.42670 96.15570 -0.57343
C 66.41440 -0.55720 -0.12452
C 63.20530 0.32097 0.17889
C 71.69220 1.08735 -0.91466
C 68.46030 1.76154 -0.49854
C 65.17500 2.66708 -0.14788
C 62.18040 3.37257 0.25535
C 70.91040 4.08349 -0.82077
C 67.54530 4.87330 -0.51818
C 64.37380 5.61891 -0.23307
C 61.28620 6.51764 0.22531
C 73.34130 6.71628 -0.72187
C 69.98870 7.10938 -0.88112
C 67.02460 7.92405 -0.53279
C 63.68050 8.49517 -0.56216
C 72.81820 16.95970 -1.65664
C 69.83940 16.14570 -1.38589
C 70.97330 19.01100 -1.47827
C 67.76530 18.37950 -1.45009
C 72.04050 21.93210 -1.86999
C 68.81080 21.16230 -1.81544
C 65.47710 20.74330 -1.56775
C 55.04560 11.43820 -0.31879
C 52.26450 13.10300 -0.99969
C 54.98090 14.84910 -1.19405
C 52.03650 16.32860 -1.75609
C 58.04130 16.56980 -1.03267
C 54.93780 17.99720 -1.94794
C 52.07350 19.38010 -2.48433
C 54.97820 21.23690 -2.65965
C 52.04820 22.47640 -3.19115
H 57.05750 -0.03864 2.63479
H 54.14550 0.31363 3.60847
H 55.80560 2.98728 2.76363
H 54.49280 6.05170 2.57006
H 52.31470 8.31801 2.17637
H 59.87040 -0.76576 2.02597
H 58.96460 2.35215 2.35390
H 57.76000 5.38664 2.29101
H 59.92120 7.59322 2.06871
H 56.76320 8.46813 2.25816
H 71.65840 7.70374 0.91443
H 68.50060 8.29547 0.78036
H 65.36910 9.35024 0.84050
H 62.11640 9.93716 1.00260
H 72.61280 11.90360 -1.15141
H 73.15770 14.82270 -0.47291
H 70.11720 14.13970 -0.01259
H 66.99840 13.51410 0.26368
H 64.91030 15.96360 0.15191
H 62.10050 18.90000 0.53212
H 60.81110 21.69840 1.05612
H 54.23520 10.39640 1.70190
H 51.27420 11.88770 0.93067
H 56.84740 12.28910 1.16843
H 59.66280 14.01200 0.53947
H 62.01150 15.83250 -0.01256
H 59.36250 17.19160 0.92727
H 59.43130 19.75520 -0.82824
H 56.61180 21.57310 -1.21711
H 53.69380 23.00900 -1.42106
H 51.01950 0.29152 3.44386
H 52.63280 3.15404 3.25409
H 50.80800 5.66358 2.77157
H 71.40000 -0.65551 0.75162
H 68.34550 0.03364 1.17754
H 65.21000 0.82642 1.54529
H 62.03580 1.56176 1.95120
H 70.47390 2.33538 0.89130
H 67.25230 3.14155 1.10768
H 64.15540 3.99029 1.59334
H 61.01910 4.68798 1.95314
H 72.75930 4.77899 0.67880
H 69.58060 5.35102 0.81031
H 66.26600 6.21636 1.13730
H 63.26930 7.05843 1.44888
H 63.67280 13.10630 0.18441
H 71.27730 17.28780 0.26418
H 68.03900 16.57910 0.30666
H 72.42390 20.29500 -0.07564
H 69.16200 19.61590 -0.00701
H 66.01400 19.09500 0.15515
H 70.17780 22.64210 -0.42387
H 67.13660 21.96730 -0.28129
H 63.81180 21.51610 0.00815
H 54.04220 13.48680 0.68415
H 51.06780 15.01110 0.11887
H 56.71960 15.28410 0.54655
H 53.80760 16.69480 -0.01651
H 51.05650 18.19050 -0.56301
H 56.62920 18.48940 -0.30726
H 53.86890 19.93010 -0.81719
H 50.98090 21.25950 -1.34581
C 56.18290 0.08220 4.91957
C 52.76910 -0.91515 4.72872
C 49.74020 -0.64876 5.37732
C 55.94150 5.13255 4.01320
C 52.76780 5.39327 4.30423
C 50.67710 7.93433 3.90670
C 60.41450 0.94289 3.71684
C 59.40120 4.30487 3.77005
C 58.25480 7.34990 3.84018
C 60.29540 9.71212 2.89730
C 71.58140 9.95513 -0.05046
C 69.44130 10.44740 0.10432
C 65.42440 11.85550 1.47864
C 61.33530 12.38850 1.09697
C 71.84110 13.23240 1.00826
C 68.58840 13.11790 1.82030
C 66.56800 15.43450 1.93593
C 63.37540 14.98500 1.82023
C 64.20470 18.03600 1.35365
C 62.72060 20.73260 2.09135
C 63.83180 23.45260 1.37378
C 60.65310 24.10800 1.73708
C 54.50840 8.48289 3.22892
C 52.05870 10.57000 2.86743
C 57.76030 10.69740 2.82403
C 57.88700 14.11580 2.37389
C 60.48030 15.93030 1.95298
C 59.94940 19.40050 1.60852
C 57.61060 20.41920 0.78264
C 57.45320 23.49280 0.29260
C 57.34910 1.80967 4.18157
C 54.39770 2.49563 4.72560
C 51.19690 2.10452 5.01237
C 69.83440 -1.20428 2.56498
C 66.85280 -0.24477 3.05287
C 63.63300 0.26025 3.40383
C 72.11660 1.12432 2.32822
C 68.77580 1.97563 2.63660
C 65.74650 2.71027 2.99021
C 62.55660 3.39794 3.41082
C 71.09420 4.14788 2.41383
C 67.88360 5.01779 2.56885
C 64.71390 5.80889 2.99666
C 61.76060 6.65935 3.35086
C 73.28330 6.50283 2.53346
C 69.96220 7.16581 2.52173
C 66.82450 8.17957 2.56557
C 63.64270 9.11828 2.76670
C 73.18480 16.11490 1.35919
C 69.90770 15.81200 1.73886
C 70.99260 19.03860 1.57203
C 67.78960 18.58180 1.72769
C 71.94980 22.24610 1.22480
C 68.94830 21.50740 1.37388
C 65.74810 20.88210 1.44178
C 54.93720 12.26430 2.70845
C 52.02450 13.88740 2.10842
C 54.65940 15.46430 1.94105
C 51.90290 16.96420 1.45672
C 57.11880 17.31790 1.90292
C 54.62890 18.66280 1.20530
C 51.84990 20.23980 0.63441
C 54.75460 21.76370 0.45666
C 51.60130 23.31310 -0.14483
C 74.10170 27.90270 -2.58518
C 63.54300 26.10270 -1.09885
C 71.34060 29.64970 -3.69896
C 68.44320 29.01910 -3.42192
C 65.05340 28.89460 -2.84852
C 59.85080 26.20300 -2.02773
C 56.87660 26.93890 -2.54710
C 53.86670 27.77170 -3.07930
C 61.76320 28.75710 -2.46924
C 52.32310 30.65040 -2.86735
C 63.37740 31.71360 -3.13545
C 65.23110 34.38490 -3.77073
C 64.79750 37.95990 -2.37652
C 63.17280 40.79160 -2.98850
C 49.39740 42.06220 -2.77849
C 61.52950 43.58720 -3.23463
C 58.24700 43.77470 -3.19188
C 52.27540 44.18450 -3.12002
C 57.28380 47.15520 -2.27547
C 53.84540 47.05780 -2.44633
C 51.62550 25.41420 -4.36557
C 70.92970 32.87180 -2.64505
C 68.00020 32.02940 -3.25163
C 69.56070 35.41160 -2.42962
C 68.16430 38.02660 -2.48987
C 66.70260 40.97120 -2.65414
C 65.19340 43.68360 -2.74464
C 63.32470 46.26280 -2.62759
C 49.78700 46.29430 -3.30005
C 72.96340 24.99300 -2.21857
C 69.73950 24.31790 -2.20881
C 66.75770 23.50280 -2.10790
C 70.74870 27.07880 -2.74566
C 67.13090 26.35050 -2.37972
C 58.68270 29.64240 -2.68329
C 55.52700 30.28600 -2.83974
C 60.21820 32.24980 -2.80684
C 57.22560 32.80510 -2.66656
C 54.00680 33.18860 -2.70294
C 50.89110 33.48860 -2.61156
C 62.36890 35.01000 -3.14647
C 59.08660 35.20950 -2.81480
C 56.01730 35.61470 -2.76332
C 52.76150 35.96240 -2.61522
C 61.20250 38.09530 -3.03554
C 57.88750 38.10590 -2.94324
C 54.57980 38.45030 -2.87228
C 51.34370 38.83440 -3.00497
C 59.62390 40.87800 -3.20099
C 56.46230 41.02570 -3.02438
C 53.48330 41.27440 -3.17353
C 55.03430 44.08170 -3.04257
C 54.61110 24.71660 -2.86198
C 72.78060 35.28940 -2.41489
C 71.46190 38.08590 -2.26918
C 72.97200 40.80200 -2.11484
C 69.74460 40.72510 -2.34187
C 71.33580 43.65920 -2.14322
C 68.05140 43.68330 -2.29996
C 72.97040 46.23500 -1.97397
C 69.64010 46.50040 -1.97929
C 66.46200 46.68450 -2.19937
H 65.14510 24.34710 -0.57272
H 62.18050 24.34570 -0.20067
H 72.00000 28.60990 -1.36429
H 65.63470 27.45850 -0.80516
H 69.77610 30.76470 -2.38882
H 66.86870 30.26670 -1.96620
H 59.23220 24.96600 -0.17404
H 56.12300 25.21110 -0.94779
H 61.51680 27.47720 -0.63674
H 55.36180 28.39670 -1.32579
H 52.25540 28.65680 -1.38264
H 63.57180 30.11760 -1.25136
H 50.85180 31.51750 -1.14792
H 65.20800 32.77160 -1.81450
H 64.01290 35.70450 -1.91561
H 62.76090 38.96910 -1.33831
H 49.71790 39.86480 -1.71900
H 61.30370 41.72620 -1.59707
H 51.79230 42.42970 -1.91132
H 60.02310 44.78090 -1.43591
H 56.87640 44.80750 -1.54828
H 53.68250 45.02690 -1.09781
H 53.27990 26.12680 -1.38355
H 51.52050 27.07920 -3.76353
H 72.63310 33.22540 -0.86717
H 69.46290 33.54980 -0.79629
H 67.31280 34.38570 -2.97473
H 68.02190 36.29420 -0.62159
H 66.58750 39.10630 -1.05328
H 64.78840 41.69650 -1.31093
H 63.13840 44.43010 -1.55318
H 48.73670 44.29740 -2.20124
H 73.34690 23.37630 -0.45688
H 71.11670 25.63090 -0.81023
H 68.06200 24.96870 -0.57782
H 68.85090 27.85580 -1.38917
H 58.43640 27.91870 -0.93397
H 60.40040 30.42650 -1.17616
H 57.25460 30.88220 -1.14950
H 54.01880 31.27350 -1.17314
H 62.07950 33.12030 -1.52644
H 59.01570 33.44060 -1.03358
H 55.75970 33.88650 -1.06930
H 52.62340 34.19800 -1.01713
H 60.91260 36.18280 -1.41906
H 57.74040 36.36060 -1.15996
H 54.54550 36.73090 -1.11189
H 51.20430 37.10950 -1.08968
H 59.61370 39.08520 -1.49560
H 56.35890 39.26990 -1.38651
H 53.08140 39.69010 -1.32336
H 58.17340 41.95570 -1.45173
H 54.98380 42.22360 -1.45725
H 50.78890 24.37040 -2.19259
H 71.20460 36.16590 -0.77333
H 72.99190 38.89620 -0.51946
H 69.66390 38.92250 -0.74621
H 71.21700 41.73680 -0.64371
H 68.03890 41.76790 -0.83737
H 72.91000 44.33110 -0.36426
H 69.62850 44.50380 -0.53644
H 66.38330 44.61550 -0.82226
C 73.67880 28.46490 0.45014
C 63.61620 26.98740 0.57781
C 71.74170 30.96300 -0.83216
C 68.70510 30.04810 -0.38894
C 65.54710 29.85630 0.05212
C 59.72260 27.02000 1.02889
C 56.52850 27.16410 0.43980
C 53.75520 27.71950 0.35433
C 61.95570 29.54140 0.55665
C 52.32900 30.34930 0.43597
C 63.81610 32.24760 0.11239
C 66.01490 34.85170 -0.76161
C 64.68170 37.69360 -0.49614
C 62.87660 40.58540 0.04489
C 49.52160 42.20780 -0.95958
C 61.34310 43.68010 0.04157
C 58.39550 43.77200 0.23149
C 51.96940 44.30580 -0.09721
C 57.30570 46.87870 -0.35717
C 53.87040 46.96550 0.48314
C 50.90730 26.62220 -1.22955
C 70.80330 32.25130 0.73133
C 67.49980 32.50790 -1.44888
C 69.68860 35.33110 0.99351
C 67.86730 37.98260 0.83457
C 66.17120 40.92650 0.56882
C 64.56480 43.66420 0.35190
C 63.49270 45.76430 0.60536
C 50.10510 46.33750 -1.45503
C 72.71710 25.29850 0.99408
C 69.87320 24.63420 1.00603
C 66.84060 23.86460 1.19739
C 70.59980 27.63590 0.37848
C 67.44130 27.12140 0.52212
C 58.82640 29.91530 0.52079
C 55.52460 30.10270 0.38806
C 60.72800 32.34470 0.37027
C 57.42730 32.81920 0.44916
C 54.10370 33.05110 0.51313
C 50.88110 33.38620 0.56442
C 62.65920 35.01840 -0.02876
C 59.44630 35.42290 0.37033
C 56.02530 35.76710 0.53334
C 52.78380 36.10000 0.49371
C 61.15910 38.06600 0.22008
C 57.97680 38.34220 0.23810
C 54.56920 38.71390 0.28948
C 51.18710 39.23690 0.18257
C 59.80000 40.96970 0.12403
C 56.44250 41.19930 0.17023
C 53.07920 41.77320 0.03197
C 55.24660 44.07910 0.22935
C 54.19890 24.71450 0.38689
C 72.69470 34.84510 0.72580
C 71.22180 37.96250 0.89344
C 72.78360 40.67790 1.11511
C 69.53190 40.81100 0.85840
C 71.12370 43.46060 1.13147
C 67.81160 43.58780 0.81707
C 72.81190 46.01250 1.35748
C 69.71530 46.32460 1.13914
C 66.54800 46.47850 0.87197
C 53.40680 61.02050 -2.24501
C 50.48970 61.75520 -2.29954
C 59.75020 65.31780 -0.93988
C 56.29990 64.59200 -1.61369
C 50.03550 64.32820 -2.48905
C 60.74920 68.32800 -0.39281
C 64.76920 71.88280 -0.09063
C 61.69310 71.40430 -0.01090
C 67.56250 49.68780 -1.04098
C 64.17780 49.24700 -2.10725
C 73.22960 51.73170 -1.88374
C 70.42210 53.41860 -0.97176
C 73.76250 55.22330 -1.44746
C 73.50460 69.05810 -0.54000
C 52.30130 48.35660 -2.93241
C 52.63860 51.77730 -1.98290
C 51.69740 55.17700 -2.49649
C 51.28960 58.34510 -2.22809
C 60.76620 48.26010 -2.50804
C 65.04160 52.31820 -1.37117
C 61.81210 51.50330 -1.95502
C 58.44920 50.86550 -2.54811
C 70.16660 56.58340 -0.74346
C 68.01640 54.61180 1.35958
C 65.40470 55.46450 -0.68761
C 56.14840 52.98080 -2.44626
C 72.80880 58.71550 0.36915
C 53.90690 55.19970 -2.25257
C 57.99600 59.22730 -1.65257
C 54.91890 58.25630 -2.11255
C 62.09720 62.71640 -0.97349
C 58.95910 62.09060 -1.43532
C 72.27930 67.49910 -0.30753
C 62.92360 65.81440 -0.55309
C 70.50040 70.44060 0.26995
C 66.83880 69.37530 -0.45732
C 63.63060 68.86290 -0.25096
C 53.07310 64.05340 -1.55616
C 57.43510 67.60160 -0.81311
C 54.30410 67.57340 -1.28405
C 51.07060 67.24860 -1.75252
C 58.62530 70.75410 -0.37912
C 55.34920 70.22690 -0.78593
C 52.23170 69.94550 -1.06910
C 71.40460 49.21450 -1.89273
C 49.55110 50.09920 -3.15008
C 49.11070 53.15850 -2.89646
C 55.39140 49.88100 -2.59398
C 62.55510 54.50790 -1.50756
C 59.42150 53.86960 -2.10371
C 69.37790 58.26880 0.08781
C 66.30530 58.19610 -0.21179
C 63.28610 57.60650 -0.80817
C 60.20110 57.00560 -1.52921
C 57.09350 56.12320 -2.00480
C 70.63700 61.24850 0.27229
C 67.46950 60.87160 -0.15320
C 64.26160 60.50500 -0.63416
C 61.18060 59.82150 -1.13716
C 71.45280 64.52070 0.12577
C 68.41550 63.96950 -0.22041
C 65.20730 63.31890 -0.47940
C 69.18510 66.94060 -0.19948
C 65.99100 66.37270 -0.42329
H 72.38580 56.30010 0.21803
H 54.93790 62.58520 -1.04187
H 52.04890 62.10000 -0.55894
H 49.03980 62.93560 -0.70958
H 60.99720 66.32400 1.00523
H 57.65220 65.58540 0.34749
H 61.97490 69.42260 1.47415
H 55.42830 48.32450 -1.03826
H 64.64600 47.29040 -0.65654
H 69.88370 50.00120 0.06411
H 65.27070 50.35770 -0.06230
H 72.57590 53.10640 -0.60496
H 51.17330 49.78020 -1.11152
H 50.85720 53.31010 -1.04412
H 50.29090 56.46530 -0.79778
H 49.88820 59.81070 -0.82194
H 62.09170 49.30810 -0.64963
H 58.77430 48.82050 -1.21530
H 65.80110 53.43360 0.96202
H 62.85660 52.52160 -0.05080
H 56.68990 51.16440 -0.81825
H 69.42720 56.65390 1.74173
H 66.29070 56.41520 1.42174
H 54.32270 53.24600 -0.78646
H 70.83980 59.55510 1.78496
H 55.08890 56.45440 -0.40322
H 71.66030 62.81790 2.04620
H 55.90120 59.69700 -0.16249
H 53.02200 59.12330 -0.65830
H 72.68140 65.66380 1.63241
H 60.22400 63.31630 0.35683
H 57.39300 62.55650 -0.60957
H 70.57630 68.23400 1.40371
H 64.24130 66.99900 1.18518
H 68.20980 70.64060 1.40966
H 65.21910 69.89780 1.29095
H 54.47090 65.45320 -0.16870
H 51.09980 65.18050 -0.50345
H 58.81470 68.73520 1.05319
H 55.57460 68.28010 0.71540
H 52.38480 67.88090 0.20270
H 56.67200 71.21000 1.03623
H 53.52550 70.79840 0.75199
H 50.26950 70.30680 0.39028
H 71.42770 47.19370 -0.39103
H 67.98620 47.38150 -0.35769
H 72.98320 49.88690 -0.12753
H 59.70650 51.81000 -0.70419
H 63.37630 55.58190 0.54637
H 60.47160 54.88680 -0.30281
H 57.39380 54.14730 -0.66017
H 67.61000 59.19650 1.64085
H 64.31730 58.73240 1.04169
H 61.23560 57.92370 0.45684
H 58.18080 57.28210 -0.12112
H 68.65340 62.23400 1.44136
H 65.49460 61.60430 1.23652
H 62.28490 60.96490 0.68526
H 59.19730 60.25810 0.25400
H 69.50570 65.20780 1.58517
H 66.49500 64.62180 1.18247
H 63.29440 64.00200 0.79102
H 67.34140 67.62610 1.20314
C 53.89350 61.08310 0.64537
C 50.18320 61.55630 0.92839
C 59.39090 64.87430 2.09405
C 55.91360 63.87690 0.93028
C 48.71250 65.14780 0.09882
C 60.41040 67.97740 2.73286
C 64.94830 71.49790 3.12680
C 61.45470 71.12180 3.23067
C 67.46890 49.57750 0.81639
C 63.74320 48.76450 1.19717
C 72.45340 51.93550 1.31734
C 70.38930 52.25760 0.84686
C 74.35560 54.59600 0.29341
C 73.94930 69.00870 2.84239
C 52.16360 48.12530 0.57113
C 52.56410 51.68390 -0.00788
C 51.57050 54.88170 0.74903
C 51.21280 58.30090 0.73593
C 60.69380 47.19080 -0.78340
C 64.46260 51.94430 1.88224
C 61.34100 50.70600 0.90323
C 58.43760 50.11330 0.61972
C 71.70050 55.44100 2.10075
C 67.74800 55.40030 3.11036
C 64.61110 55.05460 2.59410
C 56.03660 52.74880 0.91375
C 72.68330 59.43040 3.50944
C 53.68160 54.79660 0.98665
C 57.37390 59.07890 1.46265
C 54.38870 58.00110 1.19644
C 61.71340 62.82170 2.20956
C 58.42770 62.17920 1.61248
C 72.33500 67.73030 3.15385
C 62.83510 65.61390 2.55296
C 70.69670 70.64740 2.07476
C 67.15410 69.48430 2.79077
C 63.81710 68.72920 2.92596
C 52.67140 64.01390 0.79919
C 57.20490 67.16460 2.21914
C 53.94850 66.94840 1.77803
C 50.79870 66.68370 1.42755
C 58.17330 70.32190 2.80622
C 55.09150 69.94730 2.42866
C 51.88160 69.45940 1.99408
C 71.26160 48.98590 1.44679
C 49.33650 49.52700 0.03594
C 48.85900 52.89350 0.43206
C 55.09960 49.77060 0.55995
C 61.89080 53.85040 1.47391
C 59.06480 53.28700 0.99296
C 69.20110 58.56700 3.39399
C 65.80230 58.20330 2.95822
C 62.76850 57.27230 2.22660
C 59.73980 56.34770 1.55771
C 56.84750 55.69310 1.18404
C 70.19510 61.56960 3.35331
C 67.13250 61.11100 3.04617
C 63.77640 60.54600 2.56948
C 60.69240 59.67310 2.04711
C 71.02970 64.78940 3.49746
C 67.95580 64.00870 3.04489
C 64.84190 63.54680 2.58585
C 69.07380 67.25280 2.95681
C 65.95080 66.38680 2.78540
C 71.18520 87.25660 -0.88438
C 68.07440 87.13990 -0.93798
C 65.79930 87.97910 0.90897
C 62.98420 89.42070 0.60123
C 62.25130 92.31070 0.37657
C 58.82400 92.37130 1.11514
C 57.95670 -1.18688 0.66529
C 49.27980 75.90810 1.48466
C 51.47390 77.61820 3.45069
C 55.71820 80.55750 0.80404
C 61.18150 84.66080 0.45633
C 49.78620 90.70620 2.86529
C 60.61180 87.59170 0.88852
C 57.60130 88.64760 1.48731
C 52.55880 91.79410 2.83247
C 59.24290 91.17260 2.90011
C 55.13710 94.61210 2.02342
C 66.03980 75.44620 0.76940
C 49.57920 72.64160 -0.06863
C 63.51740 76.60200 0.38983
C 54.07130 75.68630 0.33822
C 50.92890 75.51520 0.49483
C 65.06450 79.34920 -0.09229
C 61.83380 79.25100 0.31644
C 58.64500 78.99690 0.68188
C 54.52780 78.86880 0.81730
C 66.75610 82.97270 -0.04722
C 62.78600 82.05670 0.14373
C 63.61800 85.33660 0.28116
C 73.21300 72.33140 -0.66870
C 70.55700 74.02250 -0.61372
C 70.38610 77.39210 -0.47051
C 68.57220 74.78840 -0.91449
C 70.41610 80.79410 -0.78167
C 70.41530 84.00920 -0.59005
C 71.04020 90.02600 -0.51223
C 67.98090 90.83350 -0.03948
C 65.13860 91.58740 0.41781
C 70.33780 93.09990 -0.47696
C 67.09300 93.82060 0.01149
C 64.22480 94.64830 0.25854
C 61.09410 95.49020 0.30281
C 72.51870 95.42060 -0.91125
C 49.52310 80.21330 2.27024
C 52.55330 81.32730 2.42876
C 49.53210 83.47110 1.99367
C 59.20360 82.07930 1.18979
C 55.36980 83.74160 1.38403
C 52.35280 84.95950 1.99081
C 49.76130 86.95370 2.13074
C 58.04300 85.52930 1.17761
C 55.12740 86.94760 1.82588
C 52.41410 88.50280 2.25565
C 55.08320 90.22040 2.39252
C 62.77720 74.36700 0.51607
C 59.51720 73.76290 0.27846
C 56.48500 73.37540 -0.13201
C 53.38570 72.89750 -0.52954
C 60.48920 76.52720 0.55231
C 57.33470 76.42810 0.43277
C 73.23490 75.57470 -0.75211
H 49.95520 95.07160 3.70123
H 69.27520 86.06120 0.31766
H 62.51640 87.66030 2.41420
H 71.11530 88.38420 1.39978
H 67.87760 88.85350 1.06828
H 64.70940 89.95430 2.19431
H 61.63510 90.75210 2.32115
H 60.82880 93.63420 1.90570
H 57.65930 94.31600 2.36612
H 51.25190 79.95390 4.12237
H 54.90050 81.97530 2.63289
H 61.39470 82.85850 2.02746
H 57.73340 83.65350 2.43231
H 60.11190 85.78270 2.48182
H 59.66570 88.74410 2.89627
H 57.08830 90.08360 3.39187
H 54.40500 91.48200 4.41850
H 50.77580 92.33480 4.51092
H 66.16070 72.95860 1.34041
H 63.04120 72.31580 1.80655
H 64.12620 75.16660 2.36865
H 51.60720 73.19760 0.89551
H 65.52520 77.88290 1.48463
H 55.73570 76.99950 1.93036
H 52.54950 75.85740 2.41775
H 66.68760 80.81780 1.37497
H 63.59370 80.40090 1.64261
H 60.35680 80.10940 2.02077
H 57.64950 80.59760 2.29693
H 64.64910 83.40980 1.36717
H 71.71700 72.56430 1.01998
H 69.01980 73.58250 1.39950
H 68.41940 76.49310 0.89354
H 68.93220 79.23390 0.64099
H 72.14330 85.44060 0.41027
H 68.99960 82.35340 0.49741
H 53.13020 94.24710 3.50121
H 69.98980 91.39330 1.24226
H 66.98990 92.17790 1.83565
H 63.93480 93.01440 2.02906
H 72.23780 93.78480 0.84135
H 69.09890 94.46210 1.15336
H 66.11400 95.31320 1.70183
H 62.99600 96.02710 1.82948
H 51.60120 83.46130 3.25513
H 54.50500 85.06750 3.37476
H 51.68250 86.66040 3.72161
H 57.20980 86.85850 3.14816
H 54.34390 88.21920 3.79680
H 51.73690 89.87890 4.12961
H 59.77680 71.75230 1.53321
H 60.97490 74.72550 2.11269
H 57.67960 74.29820 1.80413
H 54.68590 73.61420 1.47338
H 62.16550 77.61030 2.02490
H 58.91880 77.19000 2.28932
H 71.46490 75.68210 0.97646
H 71.72100 79.17730 0.52788
H 71.90090 82.38260 0.39492
C 72.45560 86.62240 2.55403
C 69.17160 87.34570 2.58383
C 66.07480 88.12860 2.80701
C 63.07340 89.55210 4.02893
C 62.22270 92.64200 3.79314
C 56.49760 93.78990 5.73967
C 58.35230 95.67520 3.73519
C 49.72400 76.64690 4.11955
C 52.33810 77.95680 5.33338
C 56.17010 80.34090 4.11911
C 61.90220 84.49960 3.66551
C 49.60960 90.30880 5.29862
C 61.03370 87.17090 4.31928
C 58.16800 88.35690 4.83434
C 52.49490 91.31070 5.97259
C 56.55710 92.48010 3.81325
C 54.35750 93.67050 5.66208
C 66.13240 74.45160 3.57011
C 49.43840 72.24120 1.73625
C 64.02440 77.32870 3.54951
C 54.47770 75.20310 3.40677
C 51.63000 73.73040 3.39215
C 65.68530 80.09130 2.96020
C 62.23010 79.58790 3.45296
C 59.00830 79.09590 3.75635
C 55.33030 78.40780 4.06530
C 67.08250 83.32120 1.79008
C 63.61450 82.37400 3.16137
C 63.87770 85.65130 2.36985
C 73.68050 72.46620 2.52757
C 71.14110 74.11340 2.81685
C 70.43670 77.63710 2.02148
C 68.08910 75.22510 3.10621
C 70.44760 80.92290 1.80575
C 70.44100 84.03780 1.42441
C 71.60440 90.16040 2.67377
C 68.47360 90.49000 2.92013
C 65.33630 91.80070 3.67006
C 70.69880 93.34780 2.61796
C 67.68770 94.07950 3.11845
C 64.46100 94.90280 3.44856
C 61.35690 95.39720 3.50899
C 72.89340 95.63830 2.29716
C 49.75900 80.53570 5.62808
C 53.00900 81.74270 4.28669
C 50.06390 83.56810 5.14700
C 59.38410 82.05200 3.19522
C 56.09030 83.38620 4.26535
C 52.87660 84.86580 5.02809
C 49.94540 86.87590 5.33870
C 58.58320 85.11990 4.27024
C 55.53710 86.44710 5.01602
C 52.63020 88.06990 5.49144
C 55.57940 89.66700 5.38644
C 62.57690 73.81600 3.69479
C 59.40440 73.42240 3.35211
C 56.37340 72.64780 3.05172
C 52.99580 72.30160 2.63466
C 60.82960 76.52880 3.73359
C 57.56110 76.01680 3.66423
C 73.45800 75.69350 2.30585
C 90.11130 2.66599 -3.35936
C 94.15870 5.48719 -3.44336
C 90.48300 5.41132 -2.07551
C 95.48170 8.44788 -4.37216
C 83.07340 1.08696 -2.86578
C 80.14290 1.61668 -2.51297
C 79.19320 5.08496 -1.60598
C 76.55000 6.20079 -0.75476
C 75.26600 9.45330 0.27143
C 73.35860 10.03470 -2.81187
C 74.89630 14.97520 -2.27363
C 76.67500 17.15060 -1.06531
C 77.52770 20.30690 -1.13545
C 86.95440 2.78656 -2.04232
C 83.69030 3.83621 -1.32604
C 82.08010 6.05918 -2.38930
C 86.58040 6.30129 -2.45080
C 80.93380 8.91340 -2.34244
C 77.69660 10.02030 -2.05941
C 92.24970 8.09021 -3.30440
C 89.08670 8.52250 -3.02695
C 77.36080 12.89400 -2.02620
C 95.52630 10.14910 -3.10580
C 79.55600 14.95630 -2.40752
C 1.06874 12.21110 -4.55589
C 81.23490 17.61090 -1.55310
C -0.29493 15.34090 -2.85548
C 81.12650 20.61290 -2.55922
C 95.38480 18.83330 -2.34226
C 92.88680 19.63830 -1.61790
C 90.12800 20.89920 -2.09974
C 86.92580 21.96850 -1.38653
C 0.79871 20.46400 -2.78418
C 95.76840 23.58170 -2.69787
C 1.02222 0.28806 -3.62589
C 95.02670 0.09246 -3.57087
C 91.77770 -0.02334 -3.47503
C 88.19320 0.01954 -3.21397
C -1.09480 2.88040 -3.70439
C 93.24740 2.58634 -3.34176
C 0.40723 5.71264 -4.26056
C 80.94220 96.32110 -2.51984
C 77.81150 -0.64907 -1.89295
C 74.70020 0.32775 -1.25954
C 76.99370 2.53970 -1.87268
C 74.03670 3.50652 -1.17370
C 74.27830 19.68760 -1.58807
C 75.31750 22.69300 -1.72296
C 83.62660 7.50950 -2.02473
C 86.04460 9.45712 -2.53183
C 83.22280 10.69420 -2.30972
C 80.36590 12.09190 -2.18322
C 91.36660 11.05770 -3.56339
C 88.39180 11.87890 -2.97305
C 85.46490 12.88410 -2.62199
C 82.72930 13.97870 -2.53654
C 93.66170 13.27150 -3.73545
C 90.86760 14.15580 -2.97018
C 88.00370 15.19220 -2.62734
C 84.88720 16.36550 -2.66473
C 93.20570 16.36310 -2.79986
C 90.46940 17.53990 -2.50886
C 87.29200 18.70510 -2.45187
C 84.30600 19.73520 -2.50591
H 90.12790 0.66575 -1.85324
H 91.75650 3.33173 -1.63832
H 88.80670 3.66107 -1.55406
H 95.92680 6.67771 -2.56340
H 92.77970 6.35827 -1.40745
H 85.98980 95.73160 -1.65461
H 84.92460 1.61848 -1.43041
H 81.93390 2.19872 -0.84348
H 78.76010 2.85685 -0.86722
H 78.46820 5.55884 0.87530
H 74.99780 7.09657 1.18201
H 76.32140 14.73770 -0.64423
H 77.49350 18.74670 0.75872
H 78.53080 21.70570 0.74924
H 85.89890 4.73039 -0.81314
H 82.98740 5.93822 -0.07192
H 80.22170 7.24387 -1.22040
H 88.77540 6.90159 -1.10954
H 76.73990 11.46380 -0.19485
H 91.13500 9.22622 -1.75742
H 79.18330 13.49590 -0.46666
H 0.84045 10.20160 -2.76592
H 93.33120 11.41820 -2.92117
H 79.03300 16.61360 -0.72347
H 79.88330 19.68070 -1.10473
H 95.25080 16.46840 -1.60598
H 82.89080 20.81670 -0.79660
H 80.73720 22.80490 -1.14293
H 94.81160 19.12520 0.06375
H 91.94370 20.51850 -0.15781
H 89.33930 22.06510 -0.48873
H 0.29839 18.56600 -1.25108
H 96.10230 21.25160 -1.69899
H -0.59806 1.16511 -2.05439
H 93.43760 0.70832 -1.75603
H 0.72626 4.00824 -2.45223
H 94.85120 3.68368 -1.77557
H 74.47400 96.04800 0.46264
H 82.95750 -0.81644 -1.24601
H 79.87660 -0.03614 -0.66754
H 76.60130 0.70868 -0.25773
H 73.62480 1.66519 0.54152
H 75.78470 3.92905 -0.03996
H 74.50380 17.73400 -0.06080
H 75.53580 20.96000 0.08007
H 77.47840 8.39913 -0.17069
H 85.68700 7.87610 -0.67364
H 82.73240 9.12286 -0.54205
H 79.68830 10.34160 -0.70162
H 88.12270 10.07800 -1.38988
H 85.19770 11.11030 -0.87940
H 82.33020 12.30360 -0.76146
H 90.40110 12.34610 -1.63000
H 87.44080 13.26930 -1.16684
H 84.64370 14.47570 -1.04564
H 81.65900 15.25740 -1.04024
H 92.81230 14.34210 -1.48398
H 89.82520 15.54230 -1.16081
H 86.85840 16.67860 -1.05547
H 83.76870 17.49180 -1.24039
H 92.18090 17.42060 -0.75603
H 89.23600 18.86930 -0.86109
H 85.98310 19.84420 -0.56993
C 90.22930 2.35194 -0.01796
C 94.92410 5.70599 -0.34267
C 91.30760 5.20150 -0.09847
C 95.51930 8.69229 -1.02996
C 83.93530 0.93481 0.25097
C 80.56290 1.97633 0.68008
C 78.43110 3.80562 2.48641
C 77.45730 7.13729 2.12479
C 75.16680 9.31028 2.37101
C 72.10120 10.01480 1.94016
C 74.69050 12.94670 -0.07888
C 76.40510 16.58620 1.03367
C 76.75550 20.55010 2.23466
C 86.83970 2.84486 -0.13346
C 83.93180 4.21381 0.77176
C 80.90160 6.00277 0.97858
C 87.07200 6.27741 0.72502
C 80.74560 8.72641 0.78623
C 78.25890 10.30450 1.33297
C 92.71110 8.06777 -0.06348
C 89.42470 8.49703 0.03294
C 77.47350 13.45520 1.20450
C 0.10304 9.32081 -0.40508
C 80.15640 15.23050 0.97872
C 2.46586 11.53910 -1.33321
C 79.57320 18.33630 1.10172
C -0.53020 14.38250 -1.25465
C 80.95730 21.04340 0.72706
C 95.40350 17.01930 0.86264
C 92.70330 18.59880 1.35361
C 89.77370 20.23180 1.19314
C 87.04270 21.88870 0.55682
C -0.19624 20.26530 0.46234
C 95.41720 22.73110 0.37975
C 1.16511 0.50777 -0.45647
C 95.33390 -0.00044 -0.37403
C 91.77370 -0.32148 -0.29529
C 87.82960 -0.12969 -1.31165
C -0.41851 3.04205 -0.48079
C 93.41350 2.41554 -0.11109
C 0.77132 6.04954 -1.07933
C 81.50910 96.16410 0.61253
C 78.32740 -0.38886 1.18026
C 75.35390 0.35144 1.80890
C 77.44950 2.61056 1.21001
C 74.37430 3.56874 2.05363
C 74.12230 19.41010 1.50241
C 74.83940 22.87990 1.40352
C 83.96980 7.71936 1.13165
C 86.57790 9.63964 0.57692
C 83.60380 10.94320 0.85232
C 80.57960 12.05130 0.88528
C 92.19840 11.16140 -0.58398
C 88.87190 11.75690 0.19462
C 85.68270 13.01760 0.56754
C 83.02490 14.04060 0.72544
C 93.91810 12.40430 -0.61792
C 91.05970 13.84060 0.16811
C 88.00460 15.05400 0.44676
C 85.16320 16.24150 0.58589
C 93.64820 15.80040 0.24526
C 90.24770 17.14350 0.65165
C 87.41280 18.27820 0.79006
C 84.18400 19.19540 0.71861
C 82.75840 48.45390 -0.28264
C 91.81650 46.45820 -1.53998
C 1.13216 47.86450 -2.75816
C 85.44580 25.15260 -1.68196
C 81.73840 24.90360 -0.03079
C 90.56410 27.33300 -1.90392
C 87.24070 27.76500 -1.91096
C 80.61650 28.63170 -1.64774
C 89.27550 30.22470 -1.76467
C 79.41820 31.78580 -1.56803
C 91.37860 32.57470 -1.71741
C 78.72900 34.58150 -1.67331
C 93.45280 34.93880 -1.64781
C 80.85240 37.24880 -1.63146
C 95.35720 37.31350 -1.70699
C 82.97880 39.72060 -1.71075
C 84.84660 42.01730 -1.53077
C -0.60954 42.68240 -1.57766
C 93.36250 43.45480 -1.48354
C 89.79000 44.07860 -1.14597
C 86.69850 44.64360 -0.54686
C 84.46750 45.30350 -0.51574
C 95.83870 45.77370 -1.56654
C 78.37400 23.35200 -1.24821
C 79.25380 26.52400 -1.46781
C 77.30420 29.29730 -1.41729
C 75.10260 31.51790 -2.79655
C 75.84490 35.22180 -2.93571
C 77.68040 37.84750 -1.80964
C 79.49140 40.20910 -1.74273
C 81.39640 43.16900 -1.05267
C 79.80150 46.17440 -0.65690
C 83.27150 22.87320 -1.90231
C 88.70630 24.46160 -0.53372
C 93.70290 26.10110 -1.50073
C 89.90050 25.39620 -2.34783
C 92.77170 29.60300 -1.87437
C 94.67790 32.12670 -1.68359
C -0.48784 34.51270 -1.36788
C 83.93520 28.04550 -1.69607
C 86.08430 30.61270 -1.71043
C 82.81490 31.16810 -1.70036
C 88.17040 33.05510 -1.66329
C 84.98630 33.48110 -1.65433
C 81.79120 34.12130 -1.74782
C 90.19750 35.41680 -1.62138
C 87.08420 35.97620 -1.67267
C 83.98870 36.55210 -1.65099
C 92.27450 37.96950 -1.61728
C 89.08660 38.53690 -1.59179
C 86.01500 39.20740 -1.45706
C 0.49204 39.75320 -1.42657
C 94.49150 40.51550 -1.48405
C 91.30610 40.93480 -1.45575
C 88.19060 41.40370 -1.49443
C 76.23410 25.75640 -1.84082
C 74.62220 37.88150 -2.10269
C 76.22960 40.57830 -1.92495
C 77.95470 43.45360 -1.72473
C 74.62490 43.50380 -1.91526
C 76.46480 46.27440 -1.52429
C 0.25110 26.20660 -1.97611
C 96.04380 28.88830 -1.84064
C 0.77076 31.72050 -1.39432
H 85.10530 47.71730 -0.04516
H 93.98470 46.75650 -0.53155
H 87.00770 25.91350 -0.53174
H 83.90400 26.22770 0.25838
H 89.04540 28.27860 -0.27212
H 82.44920 29.22250 -0.02359
H 79.23850 29.92490 -0.03953
H 91.11640 30.59280 -0.29387
H 80.42550 35.34970 -0.12269
H 95.11710 35.59370 0.00838
H 82.45560 37.84220 -0.25784
H -0.22036 37.91520 -0.05617
H 84.52430 40.15490 0.16404
H -0.99234 40.91250 0.19945
H 83.56850 43.19980 0.04338
H 95.14300 43.95290 0.04317
H 91.88030 44.60130 0.10221
H 88.71330 44.95880 0.90394
H 85.61900 45.03980 1.75429
H 79.29500 24.91960 0.52420
H 77.31620 27.14640 -0.14175
H 75.07890 29.45010 -1.44671
H 76.39950 33.57180 -2.00984
H 77.48160 36.00760 -0.20142
H 79.30210 38.42630 -0.08266
H 81.33650 40.78300 -0.18143
H 79.33010 44.22960 -0.37824
H 85.01850 23.11730 -0.11371
H 94.09530 23.57940 -0.76427
H 92.37400 27.75720 -0.22311
H 94.48990 30.13490 -0.21935
H -0.89623 32.62340 0.12854
H 85.75950 28.84410 -0.21905
H 87.80360 31.23180 -0.06809
H 84.53170 31.64980 0.00144
H 81.36530 32.34370 -0.10115
H 78.19600 33.05340 0.38074
H 93.12120 33.08560 -0.08619
H 89.89630 33.56070 0.00572
H 86.70880 34.21250 -0.05954
H 83.53390 34.70490 -0.12481
H 91.95550 36.08490 -0.01898
H 88.76240 36.65640 -0.05590
H 85.70230 37.22930 -0.06082
H 94.04120 38.59130 -0.05474
H 90.82570 39.05450 0.02890
H 87.76650 39.61660 0.14741
H 93.03850 41.60830 0.15529
H 89.88740 42.04340 0.23487
H 86.68360 42.53690 0.14677
H 76.40250 24.05580 0.00368
H 74.18730 26.40180 -0.60616
H 74.47760 35.91160 -0.76187
H 76.04880 38.77360 -0.23934
H 77.81410 41.43600 -0.19968
H 74.55700 41.54480 -0.39653
H 76.12830 44.27570 -0.16276
H 0.08075 24.08220 -0.73688
H 95.72300 27.21530 -0.58234
H 0.34459 29.74040 -0.03334
C 84.32420 46.82820 2.39918
C 92.75250 46.45050 1.54895
C 0.07478 49.20180 0.56783
C 85.79260 24.94110 1.49281
C 81.24770 24.33210 1.96974
C 90.39840 26.77430 1.01590
C 87.27090 27.65890 1.31787
C 80.41270 28.60950 1.54329
C 89.36060 30.04130 1.36988
C 79.54130 31.77790 1.67682
C 91.42360 32.24450 1.48822
C 78.76750 35.16030 1.70419
C 93.40740 34.88580 1.57700
C 80.75590 37.25840 1.43085
C 95.36520 37.36790 1.60495
C 82.60710 39.56740 1.51489
C 84.92090 42.00440 1.75186
C -0.69644 42.77110 1.76699
C 93.37610 43.49230 1.70633
C 90.30550 43.87260 1.92559
C 87.16770 44.63350 2.96700
C 83.87690 43.51060 2.51394
C -0.29076 45.64790 0.05508
C 77.80150 23.68390 2.05953
C 78.93850 27.09900 1.63445
C 76.87640 29.47070 0.39780
C 74.66000 31.87260 -0.87823
C 75.88910 34.27930 0.41837
C 77.49850 37.85930 1.42198
C 79.39850 40.40300 1.37174
C 81.13210 43.02660 0.77807
C 79.46230 46.11770 1.43975
C 83.79410 22.11560 1.28297
C 91.68560 23.01390 -0.00902
C 93.86960 25.86370 0.38320
C 90.37590 27.30770 2.69537
C 92.64090 29.37770 1.30192
C 94.48670 31.86130 1.51256
C -0.89118 34.39550 1.72456
C 84.12730 27.92730 1.56189
C 86.13180 30.53680 1.54563
C 82.68790 30.96410 1.53547
C 88.07100 33.03690 1.60335
C 84.93640 33.52890 1.51523
C 81.71680 34.15100 1.53310
C 90.20700 35.45500 1.58072
C 87.11910 36.03810 1.58234
C 83.91650 36.65560 1.32679
C 92.33590 37.99250 1.59041
C 89.12300 38.36240 1.68890
C 85.91400 38.99780 1.69963
C 1.12269 39.79080 0.64210
C 94.38180 40.27400 1.69993
C 91.40710 40.76540 1.73040
C 88.11540 41.40510 1.83921
C 75.88470 26.14660 1.19887
C 74.35620 37.52790 1.02706
C 76.06850 40.61130 1.40473
C 77.81850 43.34350 1.34615
C 74.39340 43.30860 1.30536
C 75.94180 46.01570 1.65973
C -0.17316 25.85280 1.09135
C 95.83850 28.83770 1.37073
C 0.38180 31.40070 1.76967
C 88.77640 47.15360 -0.27740
C 86.23660 49.13010 -1.32154
C 82.92880 50.35180 -0.08711
C 80.20260 51.63800 0.26148
C 77.73900 53.68780 -1.25051
C 94.29490 48.47870 -1.39105
C 77.41850 56.68560 -0.72750
C 74.15940 57.60830 1.31451
C 76.98020 60.09520 -0.26780
C -0.19859 53.09980 -1.11089
C 94.19670 54.54670 -0.76389
C 91.35420 55.85040 -0.87989
C 88.60180 57.41750 -1.06184
C 76.50410 63.36800 -0.12466
C 87.87340 61.07100 -0.93469
C 85.74720 62.24070 -0.73801
C 79.44240 64.88240 -0.74683
C 84.94850 65.31670 -1.11724
C 82.28880 67.10940 -0.17444
C 86.23590 68.61940 -0.34513
C 77.89190 49.23860 -0.58071
C 76.44640 52.25240 -1.95603
C 81.99760 70.74210 -0.80276
C 79.30610 68.53880 -0.21390
C 76.28340 66.99080 0.10945
C 73.93480 63.68020 2.76672
C 0.00606 56.46820 -0.11424
C 94.07350 57.65610 -0.79042
C 92.99290 60.63080 -1.18227
C 91.62000 63.45030 -1.48128
C 90.94800 66.78360 -2.56841
C 87.97300 65.92660 -0.99459
C 89.63350 69.71350 -2.44257
C 91.04820 72.54240 -0.99571
C 91.74770 49.64480 -0.93260
C 88.89130 50.90170 -0.84754
C 86.12480 52.51630 -0.96911
C 82.85640 53.50450 -0.51015
C 80.22670 55.47620 -0.85383
C 94.63160 51.33530 -0.79583
C 91.64000 52.76120 -0.80951
C 88.84800 54.12220 -0.89355
C 85.73440 55.60020 -1.00554
C 82.90300 57.16770 -0.96176
C 80.04780 58.60580 -0.64483
C 85.84010 58.91290 -1.04695
C 82.75940 60.44100 -0.83190
C 79.71130 61.81430 -0.57781
C 82.34040 63.46330 -0.87074
C 74.72970 48.95500 -1.67522
C 76.14710 70.69330 -0.80470
C 96.26260 60.04350 -0.97206
C 0.97968 62.19450 -1.29578
C 94.83080 62.85100 -1.48979
C -0.14857 65.23240 -1.99797
C 94.04780 65.85730 -2.08280
C 96.08250 68.35430 -2.45810
C 92.84300 69.12780 -2.49452
C 0.77606 70.83420 -2.99083
C 94.60340 71.54530 -2.79362
H 83.50610 49.22450 2.17775
H 91.09320 47.79130 0.42765
H 88.04870 49.34630 0.50575
H 82.39270 52.22380 1.50391
H 79.48330 53.68980 0.55189
H 76.66180 55.15270 0.47307
H 0.95932 47.82440 -0.24819
H 76.48190 58.41520 1.09845
H -0.94910 51.34510 0.51718
H 93.37460 52.87620 0.93390
H 76.40440 61.55710 1.90032
H 93.09220 56.04270 0.86526
H 90.32180 57.38990 0.85569
H 87.83780 59.03300 0.47646
H 75.81570 64.73290 1.39515
H 88.50080 61.89400 1.40741
H 81.37250 65.01710 0.82815
H 78.54780 66.44420 0.92764
H 86.77710 64.25930 0.18806
H 84.66050 66.87940 0.44908
H 77.62790 46.99060 0.58139
H 76.17770 50.58910 -0.20391
H 85.32560 71.05090 0.00233
H 82.90910 69.28500 1.10218
H 79.99290 70.69820 0.73327
H 77.17950 69.11240 0.78002
H 74.45050 70.82500 1.05882
H 96.07210 54.45630 0.86127
H 95.69100 58.24910 0.68197
H 92.47280 59.07880 0.70517
H 91.57990 61.83120 0.48400
H 90.02670 64.59350 0.12715
H 89.68090 67.53950 -1.04407
H 91.45180 70.19350 -0.78721
H 88.19510 70.29420 -0.48843
H 85.24530 50.94720 0.16037
H 93.57050 49.64250 0.72498
H 90.76180 51.05170 0.81508
H 87.90280 52.54960 0.78149
H 84.95650 54.05130 0.68983
H 82.14930 55.47060 0.71966
H 79.28240 56.87700 0.98754
H 90.57870 54.22570 0.78689
H 87.68160 55.74210 0.52123
H 84.81980 57.31190 0.54446
H 81.97670 58.65660 0.82218
H 79.10530 60.12640 1.07723
H 84.68710 60.48120 0.48243
H 81.69750 61.88080 0.94928
H 78.72390 63.36100 1.07302
H 84.23650 63.64370 0.61004
H 74.49170 47.01530 -0.18077
H 0.67474 60.78850 0.67488
H 94.75980 61.32420 0.43191
H -0.50853 63.68100 -0.06158
H 93.58670 64.30010 -0.13054
H 95.85980 66.75380 -0.58413
H 92.71740 67.34100 -0.77353
H 0.60680 69.22040 -1.06751
H 94.67610 69.77660 -0.99493
H -0.59244 72.30880 -1.59181
C 88.98460 47.29550 1.57721
C 86.00490 49.27130 1.89201
C 83.33310 50.89560 3.42882
C 80.36490 51.75930 2.07695
C 77.39990 53.29180 1.92755
C 94.53550 47.70380 1.64522
C 77.34800 56.34750 2.51687
C 73.76440 57.57910 3.38145
C 77.51820 59.89880 3.05191
C -0.03045 52.81060 2.39349
C 94.23390 54.59540 2.53024
C 91.29880 55.76330 2.53304
C 88.28870 57.42530 2.30281
C 77.34340 63.53300 3.17203
C 90.07760 59.88660 1.01083
C 86.06050 62.28230 1.51247
C 79.61620 65.09100 2.63123
C 85.46420 65.21170 2.05586
C 82.39240 67.01380 1.72214
C 85.40500 69.05860 1.59194
C 78.00200 49.26110 1.24837
C 75.89620 51.94020 1.85582
C 81.73780 70.72740 2.53164
C 79.38800 68.56020 1.64699
C 76.38770 67.09190 1.96577
C 73.90920 61.84850 1.77909
C -0.15883 56.49280 1.86032
C 93.91780 57.80710 2.41914
C 93.13120 60.91450 2.27335
C 91.97760 63.85490 1.73711
C 91.04040 66.77390 1.01366
C 88.86310 63.42990 1.00998
C 89.62210 69.44600 0.74686
C 91.73120 72.26870 0.62846
C 91.70640 49.32210 2.29726
C 88.87120 50.87210 2.33454
C 85.89000 52.30830 2.11551
C 83.19470 54.04150 2.54456
C 80.25460 55.16820 2.41252
C 94.47840 51.20130 2.39171
C 91.53940 52.69550 2.47225
C 88.61460 54.25080 2.25000
C 85.82020 55.72710 2.14314
C 83.09630 57.02200 2.29793
C 80.23790 58.51120 2.56268
C 85.88110 59.00220 2.01515
C 83.08070 60.31150 2.26795
C 79.87150 61.85540 2.60186
C 82.67570 63.59970 2.46223
C 74.54100 49.06210 1.27936
C 76.68930 70.50650 2.31851
C 96.09650 60.22140 2.16144
C 0.93481 62.70110 1.77471
C 95.04640 63.32680 1.66480
C -0.00027 65.69060 1.19177
C 94.11020 66.40360 1.07492
C -1.02948 68.84410 0.68565
C 93.12850 69.21020 0.76639
C 0.97749 71.39470 0.11114
C 95.19980 71.76470 0.44939
C -0.17894 94.82150 -3.69937
C 93.79830 94.66620 -3.79237
C 90.52430 94.83190 -3.92633
C 0.54013 78.00230 -3.99455
C 94.74440 78.37760 -4.47281
C 90.14860 80.60710 -4.34264
C 87.70470 83.08120 -4.06232
C 86.75520 86.13420 -5.00628
C 0.44752 89.71570 -3.96714
C 94.26370 89.70520 -4.33240
C 87.46990 89.33710 -4.49338
C 92.19970 91.98370 -4.25322
C 74.05900 89.03910 -0.73520
C 83.81140 89.16020 -4.30800
C 79.17620 90.75400 -1.94406
C 85.01520 92.54970 -3.49575
C 87.14600 94.63960 -3.75788
C 83.97900 95.52500 -3.16846
C 90.10380 75.82700 -0.94077
C 87.30620 72.71180 0.14881
C 83.89730 70.99360 -1.89958
C 87.06430 75.71730 -1.53454
C 87.84160 78.89390 -3.12645
C 84.87490 81.37870 -2.40378
C 84.03170 84.28220 -4.10931
C 81.94190 86.18320 -3.18585
C 80.96370 88.64510 -1.82029
C 76.88810 87.30870 -1.62275
C 73.73340 85.26990 -1.44505
C -0.25627 74.19200 -3.15968
C 93.38890 73.34690 -3.34550
C 94.71060 76.32660 -4.66858
C -0.83318 81.04010 -4.34107
C 93.04060 81.18600 -4.58722
C 0.56075 84.02760 -4.11400
C 94.59760 83.91180 -4.45437
C 91.32940 83.56340 -4.61190
C -1.01155 86.69530 -4.17575
C 92.83670 86.58630 -4.54665
C 89.43130 86.32350 -4.66825
C 90.92910 89.30580 -4.38856
C 88.84990 91.94690 -4.24440
C 76.28310 91.39360 -1.37966
C 73.38460 92.52190 -0.94774
C 81.54110 92.87180 -2.65646
C 78.55610 93.76040 -1.93960
C 75.55210 94.70060 -1.26352
C 84.40540 74.65350 -0.68395
C 81.72300 73.76840 -0.81049
C 79.16140 72.24910 -0.92913
C 84.55440 77.77780 -2.03740
C 81.72260 76.47980 -1.23884
C 78.93670 75.35010 -1.00754
C 76.23580 73.89170 -0.90641
C 81.72090 79.79450 -1.99252
C 78.89870 78.41210 -1.41764
C 75.99650 77.09140 -1.18505
C 81.68270 82.93020 -2.62482
C 79.11140 81.67350 -1.84893
C 76.23880 80.29490 -1.38004
C 73.49700 78.93880 -1.12087
C 79.32380 84.95720 -2.23951
C 76.49640 83.65530 -1.66401
C 73.66500 82.07060 -1.30579
H -0.13171 93.11670 -2.23893
H 93.89030 92.82460 -2.47589
H 92.06200 95.43580 -2.09998
H 88.88770 95.38310 -2.19149
H 0.51152 76.66700 -2.59198
H -1.11111 79.32230 -2.61214
H 93.00740 79.29640 -2.87306
H 90.22530 79.37020 -2.09464
H 88.50720 81.20320 -2.63980
H 86.00080 84.78610 -3.29495
H 87.89290 87.30400 -3.03278
H 95.76300 90.37340 -2.34311
H 92.49170 90.10840 -2.69338
H 89.18170 89.97740 -2.80425
H 85.88900 89.55640 -2.77457
H 90.55020 92.76760 -2.60729
H 79.25420 88.99890 -0.10839
H 76.18290 89.87720 0.21037
H 72.99480 90.80410 0.71007
H 83.15090 90.93390 -2.90061
H 81.24600 91.35680 -0.76367
H 87.27730 92.73600 -2.40581
H 88.16380 74.91340 0.63014
H 85.41630 73.83640 1.38940
H 88.25040 77.47750 -1.07426
H 85.95010 79.52230 -1.61078
H 82.87760 81.57230 -0.86554
H 83.14610 84.61830 -1.70484
H 83.21300 87.69260 -2.34265
H 80.75990 86.43950 -0.96281
H 77.70870 85.34270 -0.33556
H 74.91260 86.89390 -0.09629
H 93.51170 72.73370 -0.90639
H 1.88618 74.42560 -1.77645
H 94.71690 75.09500 -2.58809
H 91.37050 74.71150 0.12137
H 95.30570 95.68060 -2.08141
H 0.48470 82.09230 -2.63844
H 94.65280 82.02110 -2.96707
H 91.50470 81.89370 -2.89453
H -1.20690 84.78230 -2.63708
H 92.82810 84.67870 -2.95890
H 89.55880 84.48610 -3.18825
H 0.38545 87.74180 -2.45015
H 94.37750 87.62580 -2.88770
H 91.08820 87.32750 -3.06080
H 78.32030 92.07900 -0.18429
H 75.36760 92.96440 0.35457
H 83.69280 93.56010 -1.66285
H 80.70550 94.43090 -0.95611
H 77.63360 95.17430 -0.11251
H 82.62330 72.36380 0.88762
H 85.44380 76.76650 0.07979
H 82.65820 75.45440 0.74930
H 79.86780 73.93270 0.72164
H 77.25020 72.34810 0.69641
H 82.85400 78.42650 -0.26173
H 79.93680 77.12390 0.35212
H 77.03990 75.69710 0.54610
H 74.41690 74.05060 0.73261
H 79.99700 80.20250 -0.23658
H 77.15880 78.73780 0.22988
H 74.29650 77.31850 0.58757
H 80.34740 83.42690 -0.60650
H 77.41020 82.00500 -0.04359
H 74.60820 80.52020 0.42130
H 74.81910 83.68920 0.12392
C -0.39738 94.83830 -0.33168
C 93.73640 94.58520 -0.50217
C 90.43340 94.28190 -0.67697
C 0.46521 78.58620 -0.88502
C 94.53430 78.23440 -1.06659
C 90.13910 81.70060 -0.97788
C 87.62280 83.36500 -2.01905
C 85.56020 87.09230 -2.30883
C 0.28583 89.39300 -0.61116
C 94.40100 89.50290 -1.20091
C 87.76340 88.87070 -1.15069
C 92.12280 91.79860 -0.93500
C 74.18780 88.87500 1.25339
C 82.77830 89.57550 -0.78022
C 79.84560 90.69710 1.24066
C 85.15920 91.62750 -1.54681
C 87.63670 94.21720 -0.42256
C 84.62680 95.27750 -0.02504
C 90.44100 74.75290 1.91749
C 87.44860 74.78670 2.77055
C 84.67090 72.25110 2.30906
C 87.54870 77.32530 1.29552
C 88.19670 79.90530 -0.55510
C 85.20330 81.86950 -0.51824
C 85.11100 84.44410 -0.77585
C 83.01950 86.51490 -0.17491
C 80.41720 87.22420 1.33467
C 77.17830 87.69640 0.34187
C 74.19830 85.59970 1.78414
C -0.50838 74.77000 -1.14504
C 93.73020 75.11750 -0.21959
C 93.05660 76.80960 -1.88500
C 96.02900 81.23650 -1.15904
C 93.09880 81.24870 -1.25681
C 0.36394 83.89570 -0.98338
C 94.30030 83.74770 -1.26426
C 91.14420 83.79560 -1.46283
C 95.85550 86.62760 -1.14089
C 92.80650 86.59550 -1.37990
C 89.47370 86.30180 -1.48432
C 90.89370 88.99530 -1.30996
C 89.02530 91.62370 -0.98821
C 76.80060 91.36420 1.62693
C 73.76450 92.59500 2.19385
C 82.34710 93.19530 0.35398
C 79.31140 93.94010 1.05726
C 76.15920 94.79230 1.80120
C 84.53870 76.01100 2.25472
C 81.65550 74.03470 2.40444
C 79.06680 72.32610 2.33712
C 85.09200 79.16660 0.64548
C 81.93090 77.52200 1.76925
C 78.93470 75.73900 2.12086
C 76.38080 74.04050 2.23450
C 82.04850 80.36480 1.09607
C 79.07290 78.99530 1.67064
C 76.25870 77.49590 2.05263
C 82.51350 83.63470 0.44704
C 79.47380 82.06340 1.26019
C 76.61070 80.55460 1.80099
C 73.47600 79.10700 2.12736
C 79.79810 85.32550 0.96952
C 76.91890 83.96410 1.44838
C 73.81490 82.28250 1.90298
