2979
Frame 5
C 10.56360 -1.18305 -0.78720
C 11.71990 1.91586 -0.32794
C 9.68883 4.57326 -1.34784
C 8.52918 7.71944 -0.84433
C 6.23003 9.65407 -1.55324
C 2.94584 9.97102 -1.39979
C -0.74858 9.04576 -1.81205
C 21.83500 1.26992 -1.03110
C 20.05040 5.42323 -0.01358
C 22.58830 6.87786 -1.56230
C 22.60390 12.54680 -1.50861
C 17.05770 2.00496 -1.49375
C 14.20420 0.12796 -0.27275
C 16.97060 5.29978 -1.79672
C 20.57140 9.89287 -1.53920
C 17.36130 8.73121 -1.78740
C 11.57120 5.52131 -1.33225
C 20.82890 13.63870 -1.57090
C 11.96270 9.13184 -1.60154
C 20.81350 16.78380 -1.40567
C 9.32912 11.14780 -1.57603
C 20.87180 20.09580 -1.19224
C 9.56941 14.24410 -1.47862
C 6.58891 12.65290 -1.67393
C 21.20230 23.46040 -1.19374
C 12.77850 18.85210 -1.23168
C 9.59777 17.46230 -1.10761
C 12.73680 22.41820 -0.37456
C 18.23100 0.15802 -1.48403
C 3.25381 12.08660 -1.40346
C 4.86545 15.11140 -1.29775
C 1.42974 14.75630 -1.37819
C 6.36356 17.53560 -1.22313
C 0.03637 17.89210 -1.73644
C 7.76645 20.25540 -1.38453
C 9.55943 22.87340 -1.02194
C 7.30189 -1.00439 -1.35464
C 8.46393 1.68402 -1.23851
C 5.33062 1.59661 -1.62894
C 2.09159 1.21753 -1.87265
C 6.58858 4.44619 -1.52995
C 3.34127 4.17780 -1.69526
C 0.19954 3.78410 -1.76128
C 4.61589 7.06253 -1.51587
C 1.51540 6.75089 -1.63161
C 14.33730 3.80358 -1.41979
C 14.49900 7.18093 -1.53763
C 17.85740 11.88340 -1.60181
C 14.92400 10.60360 -1.60370
C 17.98080 15.34470 -1.47023
C 15.15470 13.84440 -1.46321
C 12.26440 12.47480 -1.47845
C 18.12380 18.71330 -1.21884
C 15.40540 17.12480 -1.21806
C 12.52650 15.68340 -1.31119
C 18.22870 21.91840 -1.19699
C 15.46010 20.42360 -1.11170
C 3.21884 17.76800 -1.51677
C 4.84951 20.46020 -1.41851
C 1.82399 20.56190 -1.63070
C 6.50938 23.19560 -1.26214
C 3.38146 23.26900 -1.51163
C 0.20989 23.32200 -1.76444
H 11.90330 -0.15311 1.04895
H 9.67918 2.97052 0.47668
H 7.99389 5.53173 0.21612
H 6.25273 8.18304 0.05871
H -0.38113 7.21238 -0.09859
H 0.81039 10.15080 -0.08727
H 20.68130 2.97677 0.45762
H 22.43440 5.32028 0.34884
H 20.84000 7.86851 0.09728
H 22.44440 10.57240 0.03791
H 23.02160 16.26330 0.04533
H 17.99560 3.89086 0.09927
H 15.32630 2.24491 0.40356
H 18.03240 6.93045 -0.09322
H 12.60570 4.09884 0.32176
H 12.61400 7.38324 0.14155
H 18.86040 13.53670 0.10340
H 10.12960 9.40415 0.03599
H 21.63040 18.68630 0.12271
H 18.97040 16.90370 0.32909
H 7.50208 11.17450 0.07553
H 21.78890 21.72080 0.53126
H 7.92587 14.22290 -0.21294
H 10.96890 18.85190 0.70079
H 7.93535 18.54960 0.40618
H 20.03450 0.07258 0.17286
H -0.68485 13.34960 -1.33324
H 4.93872 13.09570 0.13303
H 1.80736 13.01970 0.48167
H 6.11116 15.94950 0.79452
H 4.73112 18.65260 0.15953
H 9.46656 21.27400 0.22449
H 6.35689 21.34870 0.27494
H 8.73786 -0.07205 0.44384
H 5.39921 -0.27809 -0.05198
H 2.22232 -0.68271 -0.32760
H -0.91693 -1.21121 -0.44258
H 6.65896 2.62758 0.13233
H 3.50279 2.26524 -0.15390
H 0.33828 1.82359 -0.29094
H 4.80615 5.17018 0.01269
H 1.63593 4.83764 -0.05881
H 2.88368 7.84116 0.14809
H 15.33710 5.50604 0.09101
H 18.55350 10.04840 0.01741
H 15.61200 8.83502 -0.03118
H 15.97680 12.08440 0.08610
H 13.03700 10.67250 0.04838
H 16.16720 15.31420 0.24982
H 13.31980 13.94880 0.22944
H 10.44210 12.52320 0.12072
H 19.01910 20.27410 0.48404
H 16.32130 18.68330 0.48435
H 13.53330 17.15880 0.37387
H 10.65830 15.71640 0.32286
H 16.41030 22.11100 0.43952
H 13.67140 20.31760 0.59592
H 3.02154 15.88680 0.09464
H -0.20317 16.12910 -0.07919
H 1.57029 18.76540 -0.07277
H 3.23502 21.46350 0.06585
H 0.14985 21.52370 -0.19423
C 10.25900 -0.44999 2.45528
C 11.68690 2.26480 1.67141
C 9.59057 4.87835 2.00474
C 8.53643 7.77849 1.03372
C 6.03886 9.75694 1.64699
C 2.41234 9.73970 1.79916
C -1.07677 9.10090 1.37183
C 21.84530 1.02261 1.56951
C 21.81160 4.12897 2.43421
C 22.52460 7.17462 1.92964
C 22.56630 12.48570 1.73379
C 17.36470 2.01434 1.87966
C 14.29000 0.10460 1.59365
C 17.08330 5.52163 1.86486
C 20.52600 9.92937 1.61986
C 17.37950 8.62058 1.71966
C 11.54460 5.69720 1.78725
C 20.83170 13.61410 1.82855
C 11.94550 9.20476 1.74243
C 20.99170 16.76590 1.76575
C 9.30672 11.03230 1.72296
C 20.90180 20.10580 2.11973
C 9.52536 14.05930 1.77650
C 6.80319 12.90640 1.68508
C 21.12600 23.51940 2.03595
C 12.99230 18.62220 2.30746
C 9.35167 17.15240 1.91611
C 12.84420 22.46230 1.45394
C 18.08330 -0.04496 1.56835
C 3.48389 11.66670 1.70589
C 4.21421 14.67920 1.89871
C 1.23572 15.13720 1.71435
C 6.13267 17.68190 1.96697
C -0.21292 17.99030 1.40821
C 7.80353 20.40930 2.00048
C 9.41206 23.05520 2.12090
C 6.92989 -1.06755 1.70733
C 8.14327 1.79705 1.93331
C 5.05815 1.51997 1.58022
C 1.97637 1.07935 1.34616
C 6.40938 4.47645 1.76399
C 3.28931 4.02261 1.55026
C 0.10586 3.59341 1.39128
C 4.50065 7.09115 1.59386
C 1.28593 6.58711 1.64968
C 14.44910 4.08289 1.96426
C 14.40280 7.31506 1.58823
C 17.83730 11.76900 1.74062
C 14.86870 10.49930 1.67823
C 18.01090 15.19330 1.95080
C 15.17070 13.69410 1.83734
C 12.26220 12.32210 1.74558
C 18.19330 18.59720 2.08987
C 15.40630 16.93970 1.94975
C 12.51840 15.56030 1.95234
C 18.30140 21.97760 2.07781
C 15.61770 20.43610 2.11272
C 2.99143 17.82030 1.63421
C 4.63701 20.50800 1.75484
C 1.52938 20.58800 1.51058
C 6.26104 23.17480 1.86135
C 3.11168 23.30870 1.61876
C -0.00794 23.33830 1.33466
C 21.32640 26.58480 -1.67511
C 18.95680 28.52560 -1.48666
C 13.25540 25.83130 -1.32567
C 16.44660 30.55380 -1.53057
C 21.90710 29.61080 -1.65715
C 22.60900 32.72000 -1.99366
C 23.09640 36.00680 -2.60083
C 23.22190 45.41860 -2.62903
C 20.21410 44.45220 -1.73290
C 19.80400 32.26740 -0.88377
C 16.68960 32.73920 -1.55560
C 13.78410 32.22350 -1.43562
C 17.83800 35.87320 -1.55189
C 11.48690 34.40920 -1.17802
C 18.95480 38.91370 -1.25863
C 9.40388 36.99500 -1.52258
C 20.08940 41.36370 -1.49691
C 16.72960 41.22340 -1.53826
C 7.06837 39.29880 -1.35570
C 3.33671 39.23400 -1.52398
C 14.53260 43.58590 -1.61554
C 1.30764 42.65000 -1.32191
C 12.25260 45.91500 -1.67938
C 3.48648 44.56160 -1.81797
C 0.74166 47.06080 -1.62671
C 11.27940 25.55480 -1.07471
C 10.13980 28.56510 -1.18258
C 11.39770 31.37850 -1.53790
C 8.30351 31.13570 -1.51260
C 7.59858 34.41380 -0.85043
C 4.02901 34.43390 -1.69893
C 2.43440 37.24730 -1.66032
C -0.85838 36.76210 -1.99101
C 18.60630 25.14040 -1.30999
C 15.78220 23.90960 -1.20182
C 16.11650 27.19900 -1.45807
C 14.66320 35.25180 -1.30115
C 15.68650 38.18260 -1.37642
C 12.52610 37.49860 -1.37276
C 13.52210 40.55070 -1.46954
C 10.31170 40.04320 -1.43181
C 11.36380 43.00430 -1.51320
C 8.23805 42.41310 -1.51842
C 5.08192 41.93460 -1.58679
C 9.26615 45.49350 -1.44675
C 6.28492 44.98800 -1.44767
C 4.05527 47.56210 -1.42554
C 8.25681 25.86050 -1.16277
C 5.08749 25.95290 -1.44256
C 1.86160 26.06790 -1.67390
C 6.78347 28.57470 -1.42132
C 3.52273 28.69650 -1.62688
C 0.32999 28.88980 -1.80308
C 5.16582 31.39730 -1.67928
C 2.02334 31.55530 -1.77181
C 0.65303 34.32970 -1.77104
H -0.61166 42.93870 0.44311
H 22.16240 24.76460 -0.05909
H 19.67080 26.79120 0.17835
H 14.06120 24.27590 0.40332
H 17.15120 28.80080 0.18031
H 14.16710 27.50720 0.29718
H 14.53920 30.43730 0.27220
H 22.63180 27.89670 -0.05237
H 23.13370 31.06830 -0.11590
H 20.19810 29.96070 0.14139
H 22.42750 40.37780 -1.24949
H 23.22520 43.38250 -2.13396
H 21.10780 43.01140 0.11343
H 18.89500 45.50120 0.23193
H 18.21140 33.93170 0.01040
H 15.13910 33.42780 0.24524
H 12.23120 32.66310 0.35714
H 19.34580 36.90100 0.39107
H 9.66611 35.27660 0.26892
H 20.03680 40.08060 0.73067
H 7.44081 37.69980 0.21032
H 18.10760 42.46760 -0.23568
H 5.07869 40.12190 0.22392
H 1.52204 40.42610 -0.01018
H 16.02760 44.85060 0.19028
H 3.38708 42.84240 -0.06634
H 13.85740 47.29520 -0.05860
H 1.46554 45.02810 -0.35405
H 11.10370 23.87340 0.60651
H 7.99906 24.07320 0.44162
H 9.79537 26.74080 0.56002
H 11.62560 29.49050 0.27927
H 9.75574 32.14270 0.13909
H 6.73643 32.28850 -0.00724
H 5.32721 35.25010 -0.00509
H 2.20043 35.25530 -0.17395
H -1.06585 35.10660 -0.23811
H 0.49345 37.78300 -0.24609
H 19.26040 23.51050 0.39512
H 16.80520 25.58560 0.32743
H 21.79580 45.90520 -0.66384
H 16.17120 36.40650 0.28425
H 12.88930 35.76330 0.33643
H 17.05240 39.42520 0.23489
H 13.89110 38.78790 0.24476
H 10.75140 38.21680 0.21507
H 14.90360 41.84630 0.11969
H 11.78670 41.23770 0.13585
H 8.56148 40.67590 0.19924
H 12.81890 44.22690 0.06213
H 9.64563 43.64220 0.10322
H 6.50256 43.11900 0.09716
H 10.75450 46.67900 0.09443
H 7.62151 46.15120 0.24257
H 4.51200 45.70530 0.06634
H 4.84780 24.17600 0.18096
H 1.69820 24.25570 -0.08975
H 6.56021 26.84360 0.25207
H 3.39932 26.92080 0.01329
H 0.22503 27.04640 -0.20358
H 8.31685 29.46660 0.27813
H 5.09648 29.62160 -0.00135
H 1.88999 29.73460 -0.13060
H 3.59715 32.49120 -0.15732
H 0.40324 32.47920 -0.19888
C 21.57000 26.58860 1.74869
C 19.02170 28.53160 1.80766
C 13.36200 25.94360 2.07005
C 16.61260 30.59960 1.88224
C 22.06570 29.62970 1.61637
C 22.20120 32.85730 1.24534
C 21.73550 36.07420 0.09975
C 23.28210 44.21780 0.22319
C 20.53230 45.20810 1.33782
C 20.02650 32.27280 0.99519
C 16.91500 32.72150 1.79035
C 13.91810 32.24020 2.02416
C 18.10480 35.83570 1.83853
C 11.45440 34.44590 1.81046
C 18.82720 39.00760 2.00669
C 9.36678 37.07320 1.96841
C 19.63530 42.26560 1.95134
C 16.71360 41.35340 1.73653
C 7.08038 39.30270 1.79879
C 3.13587 39.06370 1.58438
C 14.73930 43.84540 1.65474
C 1.67883 42.00290 1.62029
C 12.44660 45.98210 1.76163
C 3.03220 44.58130 1.61224
C 0.78550 46.63010 1.61436
C 11.32540 25.67150 2.18968
C 9.79274 28.67920 2.08694
C 11.08630 31.34260 2.05476
C 8.13125 31.36990 1.78674
C 7.51167 34.36960 1.05816
C 3.89216 34.38520 1.48039
C 2.12966 37.13450 1.45425
C -1.17478 36.89440 1.34447
C 18.65840 25.35700 1.91864
C 15.85820 23.99090 1.99724
C 16.20510 27.35370 1.99407
C 14.72520 35.19760 1.87286
C 15.65870 38.23130 1.87890
C 12.48020 37.58840 1.90750
C 13.53300 40.69490 1.80079
C 10.36250 40.10220 1.78704
C 11.40440 43.04460 1.73020
C 8.19446 42.55150 1.78735
C 4.92593 41.86310 1.63880
C 9.37481 45.49690 1.74253
C 6.12830 44.95870 1.72688
C 4.00427 47.38930 1.78117
C 7.97434 25.93390 2.01137
C 4.82620 26.02630 1.73816
C 1.68863 26.09590 1.49489
C 6.54389 28.71560 1.75870
C 3.41211 28.79120 1.53949
C 0.21193 28.86570 1.40611
C 5.03626 31.52150 1.56902
C 1.96487 31.58090 1.43322
C 0.54472 34.31850 1.38345
C 18.49830 47.31830 -1.66774
C 15.29550 46.65740 -1.72909
C 13.38960 50.65430 -1.50033
C 15.44040 53.46890 -1.78223
C 12.26600 53.90640 -1.68700
C 17.09750 56.34760 -1.76544
C 18.97970 58.95820 -1.72031
C 20.82360 61.64450 -1.70626
C 22.66050 64.38790 -1.47964
C 17.63700 61.74350 -1.75291
C 15.29950 59.76550 -1.01736
C 12.14570 59.12080 -1.82794
C 10.22320 56.91670 -0.87671
C 20.84240 66.73550 -1.80618
C 18.34510 64.87180 -1.24553
C 8.79333 60.56150 -1.01977
C 21.06680 69.92310 -2.17826
C 9.40780 63.93120 -1.80619
C 9.68788 67.33580 -1.94649
C 7.19910 69.31560 -1.96524
C 11.50170 51.57110 -1.36697
C 5.13390 50.48460 -1.24164
C 1.85009 50.05340 -1.35111
C 9.20284 53.83660 -1.28162
C 6.29754 53.43050 -1.07097
C 3.11997 52.99000 -1.16514
C -0.08752 52.66780 -1.53941
C 4.41328 55.97670 -0.97341
C 6.45232 58.32150 -1.02590
C 5.13447 61.23240 -1.61546
C 7.33853 63.57890 -1.96352
C 6.15464 66.51950 -1.70617
C 5.10721 69.49800 -1.86539
C 21.57460 47.92760 -1.98734
C 20.00850 50.51390 -1.77621
C 16.68820 50.17060 -1.11426
C 21.85120 53.29970 -1.75697
C 18.54480 53.42680 -1.78339
C 20.37740 56.13180 -1.76126
C 22.22340 58.79310 -1.64809
C 15.18660 63.72150 -1.74277
C 12.28410 62.12450 -1.72548
C 18.19060 68.47800 -2.00460
C 15.43590 66.80250 -1.82644
C 12.36850 65.45370 -1.91767
C 15.55990 70.19650 -2.10198
C 12.69200 68.64100 -2.04176
C 10.13530 70.56490 -2.06374
C 10.47140 48.60650 -1.40674
C 7.25344 47.97070 -1.34968
C 8.24323 50.91460 -1.27069
C 0.96716 55.72210 -0.77342
C 3.05160 58.79680 -1.41945
C -0.10440 59.45930 -1.38619
C 1.94290 61.74280 -1.39589
C 3.90815 64.20640 -1.66897
C 0.85188 64.76770 -1.32349
C 2.96004 67.15720 -1.58911
C -0.28079 67.76530 -1.29461
C 1.87814 70.08610 -1.65271
H 0.16840 50.57230 -0.01635
H 16.95800 47.89010 -0.25770
H 15.12280 51.91210 -0.17207
H 14.01600 54.85720 0.04000
H 15.56110 57.47500 0.02940
H 20.61570 59.79560 -0.10016
H 17.51090 59.92830 -0.12338
H 22.35060 62.48110 0.02161
H 12.61540 57.35510 0.04713
H 10.90280 54.82450 0.15172
H 20.93980 65.13070 0.10606
H 19.06010 62.68420 -0.33900
H 15.76820 61.97850 -0.15265
H 13.18990 60.48910 -0.07754
H 10.52370 59.18150 0.03838
H 21.85970 68.15570 -0.50775
H 10.34800 62.35400 -0.21572
H 10.53490 65.64960 -0.24265
H 7.92188 67.67660 -0.23581
H 8.30463 70.89680 -0.42337
H 11.86100 49.75690 0.32625
H 2.24344 48.04280 0.19767
H 9.74595 52.04080 0.27408
H 6.60916 51.52780 0.42943
H 3.39448 51.02460 0.39946
H 7.79656 54.48210 0.79199
H 4.58357 54.01860 0.61042
H 1.45615 53.48990 0.23024
H 5.98713 56.67560 1.11494
H 4.87841 59.47830 0.13027
H 6.97860 61.97700 -0.16578
H 5.88708 64.85880 -0.38190
H 4.76598 67.84340 -0.14018
H 3.77205 70.83160 -0.23343
H 23.35030 48.61600 -0.46943
H 20.04950 48.62090 -0.14520
H 21.72610 51.38130 -0.21354
H 18.51480 51.58130 -0.09808
H 20.23340 54.25450 -0.18898
H 17.06480 54.48130 -0.13392
H 21.98390 56.92290 -0.10957
H 18.80190 57.10510 -0.15703
H 18.94510 67.00030 -0.25509
H 16.24370 65.24050 -0.04584
H 13.26040 63.84940 -0.19910
H 19.26540 70.06860 -0.47250
H 16.33910 68.59060 -0.36414
H 13.49440 67.03130 -0.30883
H 13.67800 70.33830 -0.50964
H 10.85260 68.89790 -0.37185
H 8.70845 49.06520 0.24488
H 5.51084 48.60380 0.25687
H 2.89462 56.90890 0.22927
H -0.48714 57.53160 0.09437
H 1.68485 59.93440 0.27165
H 3.78597 62.43890 0.03767
H 0.64475 62.96430 0.27421
H 2.71416 65.41760 0.10513
H -0.37377 65.99820 0.38623
H 1.65160 68.38030 0.06986
H 0.57168 71.35370 0.04227
C 18.54990 47.69980 1.61579
C 15.37700 47.09350 1.57201
C 13.54850 50.90300 1.64428
C 15.60410 53.59780 1.69061
C 12.40230 54.03950 1.95343
C 16.98860 56.47500 1.43765
C 18.96620 58.89390 1.46965
C 20.52400 61.70440 1.42274
C 22.52720 64.26920 1.73862
C 17.61310 61.78950 1.41631
C 15.32760 59.80880 0.85873
C 12.24950 59.23740 1.82473
C 10.26870 56.96960 1.07679
C 20.66440 67.13230 1.47422
C 18.59290 64.83510 0.69939
C 8.81816 60.69400 0.87540
C 21.19280 70.09880 1.16732
C 9.53576 63.99750 1.44523
C 9.79913 67.43430 1.38019
C 7.39754 69.47440 1.39047
C 11.67140 51.87070 1.77415
C 5.15796 50.30770 1.96509
C 1.85692 49.76940 1.90571
C 9.25934 53.92930 1.78296
C 6.14834 53.12410 2.27677
C 2.97971 52.78600 2.07057
C -0.03890 52.36670 1.88344
C 3.80401 55.72240 2.23709
C 6.01623 58.38420 2.23445
C 5.36589 61.39700 1.60602
C 7.44889 63.81860 1.28810
C 6.31213 66.62670 1.30283
C 5.28844 69.61960 1.37706
C 21.78750 47.55410 1.13306
C 20.11490 50.51920 1.47504
C 16.66380 50.15540 0.74843
C 21.71930 53.18370 1.44270
C 18.61900 53.46980 1.49770
C 20.30520 56.06280 1.45236
C 22.06180 58.73280 1.53683
C 15.11690 63.65910 1.48020
C 12.21530 62.23430 1.39427
C 18.18940 68.72250 1.27271
C 15.44940 66.93100 1.30912
C 12.43000 65.58170 1.41642
C 15.52370 70.32540 1.19087
C 12.74240 68.81380 1.24856
C 10.24350 70.73750 1.17039
C 10.64270 48.55100 1.73952
C 7.24617 47.93770 1.84698
C 8.43042 50.82520 1.90695
C 0.89333 55.69760 1.10043
C 3.23711 58.75420 1.80061
C -0.01777 59.23020 1.88907
C 2.19452 61.80970 1.78437
C 4.37229 64.29730 1.49633
C 1.13123 64.79060 1.83125
C 3.18675 67.27080 1.60643
C 0.06389 67.87090 1.86530
C 2.16147 70.27190 1.56458
C 7.74272 91.14470 -1.73933
C 9.17339 93.86520 -1.06578
C 6.05648 93.90780 -1.84500
C 2.92190 92.87120 -1.93392
C -0.47068 92.67790 -2.58267
C 2.78812 75.40240 -2.05782
C 7.57640 77.36480 -2.20919
C 4.54251 78.02120 -2.46414
C 1.28375 78.17550 -2.28284
C 10.01070 85.69580 -5.10970
C 8.35463 89.19480 -2.07412
C 5.12125 89.47980 -2.17846
C 1.80640 89.82220 -2.35965
C 20.77790 80.84360 -1.99014
C 17.71450 81.95240 -2.04026
C 14.74280 83.59730 -2.49215
C 11.67210 85.22980 -3.98086
C 11.41460 88.24690 -2.13949
C 10.84750 91.14620 -0.80675
C 13.39210 93.37660 -1.59688
C 15.77200 95.35550 -1.35760
C 20.82070 95.96670 -1.51111
C 21.77800 73.29330 -1.93658
C 21.58650 77.18480 -1.60233
C 18.81560 78.18750 -2.13547
C 7.21738 72.41980 -2.05519
C 13.29720 78.49760 -2.56263
C 10.54690 76.83970 -2.84698
C 6.62781 75.43820 -1.60054
C 13.69760 81.77480 -2.67459
C 4.01050 72.61250 -1.92907
C 0.80085 73.06000 -1.80632
C 4.02247 -1.17546 -1.89182
C 0.89760 95.63310 -2.06961
C 6.17488 80.67680 -2.89208
C 2.93048 80.84170 -2.70302
C -0.16895 80.89910 -2.46440
C 7.44159 83.38950 -3.88549
C 4.31240 83.56910 -3.09856
C 1.32913 83.78860 -2.75605
C 6.39184 86.54010 -2.91504
C 3.09181 86.75800 -2.79732
C -0.08710 86.72910 -2.73751
C 20.26020 84.20100 -1.91087
C 17.32120 85.38430 -1.98502
C 14.42250 86.98360 -2.13801
C 19.80410 87.49310 -1.75700
C 16.89280 88.72340 -1.83504
C 13.86510 90.07800 -1.83477
C 22.22290 89.54560 -1.66463
C 19.30540 90.69670 -1.60834
C 16.31400 91.97430 -1.61383
C 21.70940 92.73570 -1.46352
C 18.65280 93.92570 -1.53739
C 18.55330 71.79300 -2.09337
C 18.79260 74.91280 -2.20065
C 15.80000 73.36060 -2.26354
C 12.86130 71.97400 -2.18380
C 16.00390 76.52230 -2.48093
C 13.17150 75.16140 -2.48455
C 10.14720 73.70450 -2.30907
C 16.44880 80.25810 -2.38482
H 8.75512 91.90080 0.29982
H 5.86226 91.98690 -0.37301
H 10.14130 94.70390 1.22343
H 4.13762 94.40860 -0.45485
H 0.99123 93.79310 -0.90172
H 4.57281 76.32690 -0.68298
H 1.35149 76.59830 -0.18931
H 6.30077 79.03320 -0.86609
H 7.77207 81.74430 -1.69785
H 9.34738 84.13650 -3.10641
H 6.69158 89.47680 -0.27587
H 3.44275 90.05320 -0.43192
H -0.23794 90.63350 -1.13313
H 20.45840 79.02850 -0.41297
H 19.64630 82.36070 -0.27672
H 16.57340 83.70780 -0.73087
H 13.64720 85.02220 -0.63550
H 11.00490 86.38350 -1.74743
H 9.88788 88.88300 -0.17045
H 12.81110 91.43020 -0.13781
H 15.26360 93.33070 0.10294
H 12.49760 94.59520 -0.47306
H 17.58520 95.64760 -0.16224
H 22.12880 71.30690 -0.35693
H 22.42020 75.15920 -0.20108
H 19.54120 76.47830 -0.49030
H 16.95380 78.24660 -0.97498
H 11.27550 75.41550 -0.90729
H 8.41755 74.04020 -0.63420
H 5.70626 73.36940 -0.35680
H 14.38730 80.16920 -0.77682
H 11.56040 78.64510 -1.12274
H 2.62599 73.76420 -0.23070
H 7.23438 94.63200 0.14564
H 3.04458 79.19190 -0.89084
H -0.14921 79.33520 -0.64483
H 4.64745 81.90900 -1.31529
H 1.51920 82.02600 -1.09272
H 6.24018 84.57520 -1.95639
H 3.06044 84.76730 -1.39171
H -0.07221 84.91510 -1.09122
H 4.75349 87.32330 -1.12576
H 1.48711 87.69140 -1.15354
H 22.69940 81.14120 -0.42468
H 22.10140 84.47510 -0.27747
H 19.14550 85.65570 -0.21953
H 16.15040 86.90120 -0.35997
H 13.21490 88.17650 -0.37172
H 21.62360 87.70350 -0.11954
H 18.63850 88.87610 -0.12022
H 15.68780 90.08470 -0.18432
H 21.06940 90.85020 0.06434
H 18.13250 92.08580 0.04566
H 20.44980 94.20290 0.15769
H 19.68800 73.33780 -0.53822
H 16.60640 71.79920 -0.50788
H 16.81260 74.98000 -0.71051
H 13.91430 73.62270 -0.68983
H 11.06350 72.25870 -0.53121
H 14.13180 76.78090 -0.88551
C 6.94360 90.98930 1.62520
C 8.60318 93.73110 1.97844
C 5.47595 93.60080 1.42113
C 2.88309 92.39310 -0.05295
C -0.55264 92.48080 0.66648
C 3.27187 75.61770 1.27297
C 8.28406 78.62840 0.71470
C 4.80876 78.38950 0.73804
C 1.52037 78.40420 0.96303
C 11.00500 82.73310 -1.78462
C 8.23341 88.05350 1.09894
C 4.59688 88.81820 0.88563
C 1.22541 89.47260 0.58744
C 20.89850 80.76390 1.25134
C 17.89480 82.24390 1.02080
C 14.68300 83.36340 1.01147
C 11.30660 84.13750 -0.32276
C 11.31510 87.07610 0.77526
C 10.73250 90.78390 1.13388
C 13.29300 93.14170 1.56947
C 16.32070 94.75840 1.81470
C 20.83580 95.76350 1.65115
C 21.68360 73.47180 1.06370
C 21.31710 77.18250 1.02011
C 18.58010 78.20840 0.92622
C 7.50796 72.60700 1.16005
C 12.90540 78.43330 0.61750
C 9.71708 77.21600 0.19909
C 6.69627 75.51040 0.25613
C 13.23330 81.81950 0.75837
C 4.18756 72.70960 1.36622
C 0.77464 73.42930 1.36845
C 3.79849 96.01400 1.33582
C 0.79593 95.32790 1.01283
C 6.60408 81.39560 0.20739
C 3.19541 81.24030 0.52012
C 0.00975 81.35920 0.71084
C 8.32127 84.16300 -0.67943
C 4.81335 84.00520 0.01719
C 1.57928 83.99200 0.37487
C 5.99078 85.76230 0.25116
C 2.94776 86.49870 0.33317
C -0.15729 86.78710 0.47503
C 20.30560 84.15230 1.40170
C 17.15980 85.25760 1.19309
C 14.28940 86.63350 1.26204
C 19.75880 87.35720 1.45213
C 16.74660 88.51230 1.38279
C 13.80640 89.79350 1.37564
C 22.22010 89.35770 1.58789
C 19.21320 90.52530 1.60243
C 16.25050 91.66930 1.59227
C 21.64900 92.65070 1.61576
C 18.39500 93.98660 1.56035
C 18.50980 71.85210 1.07894
C 18.58830 74.91150 1.04694
C 15.71770 73.56690 0.98994
C 12.96250 72.15690 1.02376
C 15.91080 76.73920 0.77683
C 13.04720 75.34740 0.82404
C 10.26080 74.07410 0.91828
C 15.97440 79.91270 0.79490
C 36.36380 0.55132 -1.14773
C 33.27130 0.17202 -1.27430
C 37.49670 3.39715 -1.30541
C 46.67020 9.83837 -1.63585
C 43.48330 9.29723 -1.82716
C 40.20110 9.10357 -1.70414
C 41.06890 12.38750 -1.26310
C 31.50330 0.98202 -1.59887
C 25.21990 1.11907 -1.31454
C 33.78570 3.38428 -0.70189
C 35.40600 6.16708 -1.33121
C 36.84060 9.01655 -1.56512
C 24.09010 9.60849 -1.58102
C 38.57920 11.84650 -1.79974
C 37.16210 14.77200 -1.79977
C 24.31690 15.27830 -1.44877
C 26.03550 17.98550 -1.41358
C 33.08850 20.54860 -2.27731
C 31.05030 20.56890 -1.63860
C 27.50260 20.79880 -1.27208
C 23.99520 21.19280 -0.38992
C 47.56190 11.63540 -1.46840
C 44.40880 12.63640 -0.79776
C 42.97460 15.13490 -2.10436
C 41.86690 17.99990 -1.60014
C 38.50230 19.33670 -1.34337
C 38.82270 22.53670 -1.43345
C 45.64210 1.30031 -1.27530
C 42.54160 0.99209 -1.12048
C 39.38700 0.76418 -1.09471
C 47.04630 4.17771 -1.53578
C 43.82380 3.94767 -1.35455
C 40.65300 3.64918 -1.26680
C 45.34960 6.82695 -1.59989
C 41.95090 6.47019 -1.49139
C 38.69100 6.32089 -1.39026
C 28.42090 1.06047 -1.32754
C 30.11330 3.85618 -1.43949
C 26.99740 3.95231 -1.33499
C 23.76770 3.99461 -1.18973
C 31.99920 6.42547 -1.38010
C 28.81450 6.67525 -1.38320
C 25.60440 6.72030 -1.36442
C 33.73360 9.08832 -1.52549
C 30.50010 9.31585 -1.47459
C 27.28970 9.43796 -1.50504
C 35.36310 11.79280 -1.67755
C 32.17180 11.96320 -1.61396
C 28.98290 12.17830 -1.59299
C 25.76250 12.39440 -1.55228
C 33.87990 14.69400 -1.78647
C 30.70250 14.80960 -1.69004
C 27.50980 15.10110 -1.59200
C 35.61450 17.56410 -1.97456
C 32.11830 17.47180 -1.96809
C 29.22300 17.82030 -1.63057
C 47.34400 14.74960 -1.30629
C 44.51240 16.32180 -1.34155
C 47.20760 18.04370 -1.14306
C 44.47010 19.53250 -1.18733
C 41.65670 20.98870 -1.29972
C 47.01690 21.12420 -1.04284
C 44.23100 22.62170 -1.08699
H 34.62800 1.36790 0.39487
H 38.98250 4.55498 0.27813
H 35.87380 4.34931 0.28605
H 46.84290 7.92766 -0.00640
H 40.32710 7.38411 0.10387
H 44.85520 10.39930 -0.15800
H 41.67820 10.21620 -0.43674
H 28.56830 -0.68104 0.62445
H 25.49590 -0.71801 0.27828
H 30.22180 1.98557 0.33789
H 23.68630 2.10298 0.34078
H 31.88680 4.77641 0.05448
H 37.04110 7.26568 0.18643
H 33.80980 7.31593 0.21410
H 38.52580 10.06370 -0.10572
H 36.95680 12.85280 -0.15506
H 24.29520 13.34280 0.18375
H 38.49760 15.50780 -0.54626
H 35.42260 15.71130 -0.21852
H 34.04300 18.66300 -0.91345
H 24.68960 18.90340 0.63970
H 32.75870 21.50530 0.09355
H 29.52580 21.48170 0.16062
H 26.40310 21.58980 0.49152
H 46.58660 13.03040 0.27402
H 43.59210 14.67970 0.26473
H 41.02690 16.29530 -0.88762
H 40.60720 19.30740 0.16625
H 37.68620 20.73770 0.18080
H 22.47030 -0.79862 0.08825
H 45.79120 -0.43570 0.41871
H 42.66340 -0.73054 0.60955
H 39.59920 -1.00554 0.55593
H 36.41190 -1.21440 0.54262
H 47.24990 2.42345 0.16632
H 44.03110 2.20247 0.34897
H 40.89280 1.92578 0.43625
H 37.75410 1.72229 0.47722
H 45.43370 5.04370 0.11263
H 42.18610 4.79661 0.25048
H 43.57300 7.58891 -0.07393
H 26.85860 2.09327 0.29414
H 28.65480 4.86100 0.29976
H 25.47320 4.93388 0.31975
H 30.43200 7.56025 0.25207
H 27.22670 7.68062 0.17204
H 24.06130 7.85864 0.14540
H 35.36600 10.05200 0.06518
H 32.22990 10.18680 0.08685
H 28.93350 10.37120 0.07553
H 25.73080 10.50530 0.05438
H 33.84680 12.90710 -0.08769
H 30.67180 13.02380 0.01227
H 27.48620 13.22960 -0.01825
H 32.37130 15.79510 -0.19281
H 29.25270 15.92730 -0.09028
H 26.10520 16.06820 0.14984
H 30.97630 18.66730 -0.13606
H 27.80310 18.73650 0.12602
H 46.36080 16.29090 0.33946
H 43.51330 17.82490 0.24042
H 46.18770 19.48050 0.52898
H 43.34740 20.95360 0.43074
H 40.53770 22.46350 0.34011
H 45.99990 22.59840 0.56135
C 36.25650 0.68149 2.09738
C 33.23320 0.30913 2.15023
C 37.51930 3.62694 2.00198
C 46.36490 9.79268 1.58359
C 43.21730 9.51922 1.37576
C 40.33410 9.37931 1.46011
C 41.02330 12.47250 0.74254
C 31.46760 1.18186 2.40417
C 25.27760 1.08194 1.93114
C 33.72820 3.52896 1.19875
C 35.46560 6.28123 1.82734
C 37.04910 9.24933 1.66049
C 24.10160 9.73391 1.73864
C 38.75230 12.05490 1.37522
C 37.29490 14.94530 1.27578
C 24.27790 15.34220 1.71610
C 26.17880 17.90730 1.87236
C 35.11240 20.66990 0.34319
C 31.37740 20.44250 1.59067
C 27.83860 20.55680 1.87107
C 24.02190 21.27380 1.50862
C 47.54640 11.47510 1.86192
C 44.34340 12.47540 1.01848
C 41.37650 14.55880 1.15431
C 41.35160 17.64420 1.43737
C 38.56510 19.44590 1.78736
C 38.64210 22.56510 1.91056
C 45.78040 1.51192 1.88879
C 42.58120 1.22755 2.05123
C 39.39220 0.92142 2.06662
C 47.18450 4.32954 1.68323
C 43.93910 4.13346 1.82420
C 40.68320 3.84155 1.90084
C 45.23980 6.97632 1.62358
C 42.08200 6.75434 1.69720
C 38.76460 6.48672 1.76514
C 28.39480 0.91756 1.92075
C 30.35130 4.02396 1.88826
C 27.02900 3.92955 1.93877
C 23.77590 3.95012 1.88481
C 32.06210 6.55369 1.80389
C 28.72590 6.78267 1.86900
C 25.57430 6.88598 1.79543
C 33.76930 9.23507 1.77545
C 30.51600 9.54241 1.75103
C 27.29670 9.58876 1.72290
C 35.43060 12.00480 1.56136
C 32.28280 12.12800 1.62654
C 29.00080 12.24550 1.63939
C 25.77400 12.47880 1.60878
C 33.91510 14.78640 1.46837
C 30.83820 14.94320 1.50998
C 27.72170 15.03100 1.62275
C 35.12510 17.63920 1.23854
C 32.89050 17.75930 1.15086
C 29.50440 17.73620 1.55834
C 47.30570 14.67990 1.93242
C 44.35740 16.11050 1.81368
C 47.17470 17.87470 2.05396
C 44.26150 19.32520 1.98814
C 41.43360 20.82650 1.93534
C 47.00440 21.08020 2.14798
C 44.11450 22.53470 2.07359
C 47.37820 30.21160 -0.61968
C 45.81700 33.40140 -1.43137
C 47.58730 36.22850 -1.74528
C 46.34330 39.00290 -1.91098
C 35.88340 23.76330 -1.59716
C 38.44670 26.17370 -0.85237
C 41.23530 27.41060 -1.10115
C 46.59730 27.28980 -1.01970
C 43.91320 29.20960 -1.04824
C 35.21290 25.79020 -1.72177
C 32.59200 23.84860 -1.02521
C 29.23110 23.42290 -1.52953
C 39.25710 30.05440 -1.33341
C 35.97830 28.82500 -1.60221
C 26.53330 25.45660 -1.81321
C 42.80000 34.94600 -1.92699
C 39.64990 33.51270 -1.64370
C 24.30260 27.73840 -1.87513
C 40.45350 37.25950 -0.52930
C 37.46360 38.16600 -1.98380
C 35.36430 40.35520 -1.91363
C 33.21860 42.66270 -1.89872
C 30.13710 41.30200 -2.28198
C 27.27470 40.86260 -1.56943
C 23.15500 39.32670 -2.78752
C 24.82260 42.59640 -3.18559
C 30.01850 44.52170 -2.26202
C 26.37510 44.90860 -2.48966
C 31.37430 47.77340 -2.02716
C 44.19150 36.51660 -1.58410
C 42.70270 39.31390 -1.62406
C 39.84700 40.81800 -1.85602
C 44.60860 41.64640 -2.21966
C 39.87500 44.00260 -2.10140
C 37.17600 45.53920 -2.44235
C 33.77250 45.95950 -1.23739
C 45.36790 44.57270 -1.91476
C 41.43650 24.15000 -1.22573
C 46.83760 24.27020 -0.94571
C 44.10620 25.70430 -1.07121
C 32.82890 27.78950 -1.80858
C 29.84750 26.64440 -1.97641
C 36.50660 31.92080 -1.74874
C 33.43800 30.80710 -1.82234
C 30.35530 29.80120 -1.89704
C 27.33310 28.70000 -1.94323
C 36.91470 35.05190 -1.98918
C 33.97370 33.90300 -1.91460
C 30.93790 32.92140 -1.99745
C 27.86960 31.82650 -1.99803
C 24.89200 30.80870 -1.85658
C 34.54030 37.06220 -1.97246
C 31.63200 36.08170 -2.05639
C 28.51970 35.03190 -2.15985
C 25.53850 34.02250 -2.09919
C 32.31560 39.24240 -2.03827
C 29.18330 38.18270 -2.16221
C 26.03480 37.47600 -2.24523
C 28.22890 47.51620 -2.02747
C 42.62870 42.55560 -1.91690
C 42.51180 45.95520 -2.08828
C 39.70800 47.41640 -2.12459
H 45.71940 31.91110 0.20208
H 47.50170 34.55250 0.04964
H 46.09070 37.31680 -0.13017
H 37.63450 24.06390 0.15879
H 40.43310 25.61490 0.40050
H 39.33270 28.18200 0.30157
H 45.74850 28.87860 0.60177
H 42.90530 30.43700 0.57323
H 36.35220 27.08340 0.06560
H 33.35220 26.04030 -0.13239
H 30.38780 24.80330 -0.31150
H 40.22970 31.84120 0.37143
H 37.16370 30.30100 0.03974
H 28.00000 26.99640 -0.33832
H 25.06830 25.80650 -0.19970
H 41.06090 34.83650 -0.22711
H 38.15190 36.43330 -0.32539
H 39.09650 39.35280 -0.38162
H 23.38710 34.29290 -0.59037
H 36.48400 41.41180 -0.22693
H 30.40440 39.52100 -0.49732
H 27.40870 38.59130 -0.42047
H 23.74000 37.39010 -1.03958
H 33.99460 43.70270 -0.02879
H 30.90680 42.69530 -0.76871
H 26.24520 42.93400 -1.02144
H 31.41850 45.71840 -0.63016
H 28.19060 45.58510 -0.86727
H 44.28300 34.71450 0.10305
H 42.80440 37.58670 0.10592
H 44.71240 40.03760 -0.41709
H 41.74530 41.09260 -0.24060
H 38.93290 42.58400 -0.18547
H 36.55000 44.01450 -1.82659
H 44.36410 43.09210 -0.24897
H 43.16560 24.10210 0.48348
H 45.78490 25.74580 0.66635
H 43.10430 27.33080 0.44816
H 34.02730 29.15040 -0.12019
H 30.94520 28.06020 -0.25080
H 37.60070 33.46530 -0.19603
H 34.61500 32.24930 -0.23124
H 31.54640 31.24140 -0.30665
H 28.52110 30.14760 -0.33872
H 25.57130 29.05980 -0.24887
H 35.12060 35.36030 -0.35054
H 32.11600 34.35090 -0.41433
H 29.07360 33.30890 -0.44452
H 26.07130 32.27940 -0.32688
H 35.68700 38.43390 -0.31003
H 32.72100 37.46320 -0.39614
H 29.72380 36.41250 -0.54289
H 26.49490 35.49650 -0.73639
H 33.36860 40.64480 -0.42488
H 24.86590 45.78490 -0.75260
H 41.67470 44.31370 -0.52366
H 38.87210 45.65360 -0.67525
H 35.96690 46.82180 -0.65951
H 44.31370 46.17950 -0.44374
H 41.51270 47.48640 -0.48870
C 47.40920 30.44960 1.36113
C 45.87850 33.48360 1.66797
C 47.71690 36.53000 1.50381
C 46.36210 39.30660 1.30794
C 35.73120 23.81940 1.72262
C 38.25030 26.18840 1.30442
C 41.10730 27.45260 1.86841
C 46.41830 27.33800 2.38093
C 43.78260 29.10220 2.12425
C 34.99610 25.82880 1.70052
C 32.51680 23.92080 0.82808
C 29.59090 23.18980 1.63359
C 38.94000 30.04090 1.82474
C 35.79650 28.90240 1.60305
C 26.66430 25.44690 1.24164
C 42.55950 33.02660 0.63408
C 39.50040 33.57790 1.48069
C 24.51410 27.75040 1.52937
C 40.89140 36.72000 1.40923
C 37.54440 38.21010 1.31400
C 35.19550 40.33300 1.26766
C 32.56850 42.41180 1.17797
C 29.47760 41.30740 0.82221
C 27.18750 40.94500 0.33131
C 22.39910 39.11880 0.46293
C 24.20880 41.88140 -0.27586
C 29.79330 44.41020 0.70488
C 26.44520 44.36470 0.60958
C 31.33960 47.26240 1.32156
C 44.47790 36.50490 1.61255
C 42.96870 39.57090 1.31061
C 39.81330 40.62750 1.28810
C 45.37930 41.61990 1.34585
C 39.77260 44.12840 1.03987
C 36.94130 44.92230 0.55580
C 34.09290 46.12110 0.77164
C 45.27830 44.77670 1.28872
C 41.27540 24.09720 2.02399
C 46.81960 24.18280 2.18099
C 43.86440 25.74280 2.12447
C 32.69190 27.79290 1.46048
C 29.78030 26.59800 1.37268
C 36.36180 32.14730 1.48507
C 33.30170 30.93800 1.38633
C 30.30550 29.86400 1.31369
C 27.41990 28.72900 1.33660
C 36.82130 35.18440 1.39257
C 33.87950 34.03070 1.25716
C 30.87940 33.04090 1.21792
C 27.97110 31.95290 1.25708
C 25.02610 30.82040 1.38625
C 34.44120 37.04920 1.25374
C 31.45730 36.10040 1.15711
C 28.29490 35.13200 0.98473
C 25.27340 34.16490 1.07433
C 32.17490 39.23750 1.18079
C 29.01520 38.15680 1.08914
C 25.55380 37.33150 0.76609
C 28.13190 47.12180 1.12357
C 42.46200 42.84340 1.24887
C 42.46150 45.92300 1.11422
C 39.60720 47.19640 0.99381
H 35.79540 60.20480 0.83893
H 33.14740 58.80940 0.58227
H 39.13780 63.58860 0.93786
H 36.08110 63.00730 0.57734
H 42.91730 68.17060 0.09138
H 39.90590 67.01500 0.78050
H 27.95440 62.88910 0.26419
H 43.37350 71.41810 0.57153
H 24.24540 65.30140 0.24869
H 25.52310 68.28880 -0.10712
H 26.63410 71.25840 -0.36672
H 33.17370 61.90100 0.53959
H 36.93850 66.04100 0.48725
H 33.76710 65.06990 0.45590
H 30.74910 63.94820 0.37496
H 40.44090 70.24430 0.49302
H 37.45050 69.18470 0.38779
H 34.42490 68.16090 0.36519
H 31.26960 67.08590 0.34547
H 27.93740 66.02480 0.32842
H 35.03740 71.27220 0.25191
H 31.95060 70.20930 0.14342
H 28.89490 69.13520 0.05080
C 45.83100 66.89960 -1.68166
C 47.44110 69.59560 -1.65318
C 33.37540 50.38840 -1.07384
C 34.87370 53.32840 -1.06515
C 32.98370 55.92770 -1.10206
C 29.91920 55.76400 -1.39308
C 29.18590 58.80050 -0.64571
C 27.02110 61.38380 -1.41555
C 23.97720 61.47890 -1.53483
C 35.29100 58.40830 -0.79573
C 37.99030 62.02760 -0.58144
C 34.96650 61.57850 -1.03320
C 32.24730 60.42730 -1.19765
C 41.89570 66.62190 -0.95938
C 38.91990 65.27740 -0.83333
C 29.77620 62.38120 -1.26947
C 42.36100 69.86380 -1.12990
C 26.36390 64.46360 -0.67351
C 24.10020 67.20870 -1.46932
C 24.39590 70.47130 -0.92533
C 36.65590 48.70770 -2.09211
C 36.25280 51.83580 -1.75959
C 35.96790 55.13810 -1.33150
C 38.50950 56.87130 -1.35998
C 40.60890 58.98830 -1.07282
C 46.45230 59.39190 -1.24777
C 40.93120 62.66970 -0.57150
C 45.54590 62.46320 -0.72952
C 43.94650 63.76620 -0.15964
C 25.01520 47.83190 -2.09813
C 29.81470 50.36180 -1.70152
C 26.62460 50.45520 -1.76598
C 23.35460 50.60820 -1.89126
C 31.45260 53.09510 -1.45990
C 28.26090 53.06060 -1.55368
C 25.06530 53.19810 -1.68873
C 26.74030 55.83330 -1.52984
C 23.61630 55.93640 -1.63637
C 25.40790 58.63970 -1.51256
C 35.63780 64.67130 -1.10028
C 32.63260 63.57440 -1.11893
C 39.35240 68.64760 -1.07485
C 36.27620 67.70780 -1.20064
C 33.20430 66.73950 -1.22164
C 29.88990 65.65570 -1.16312
C 36.89430 70.89630 -1.27982
C 33.86570 69.85010 -1.36206
C 30.79760 68.71690 -1.47525
C 27.51680 67.72670 -1.48535
C 31.57820 71.87390 -1.64883
C 28.54730 70.73180 -1.80679
C 45.20810 47.77370 -2.06394
C 42.30180 49.22040 -2.01982
C 39.30510 50.61550 -1.95441
C 44.87150 51.06130 -1.93927
C 41.89130 52.43820 -1.81036
C 38.89860 53.78300 -1.62614
C 44.43070 54.30710 -1.69149
C 41.44300 55.67690 -1.50613
C 47.03130 56.18300 -1.60224
C 43.96150 57.46550 -1.39371
C 43.32070 60.57320 -0.77932
H 45.95670 65.03560 -0.42037
H 47.59540 67.70320 -0.14755
H 45.65340 69.78910 0.04397
H 33.02690 48.09090 -0.24235
H 31.30850 51.14070 0.10250
H 32.85020 53.95950 0.31558
H 31.22220 56.66030 0.59490
H 30.35830 60.68850 0.43867
H 26.98970 59.59380 0.15153
H 25.43170 62.39760 0.14038
H 35.63880 49.98860 -0.28138
H 47.11960 47.86080 -0.41610
H 38.17810 51.91850 -0.20391
H 37.85300 55.06080 0.21048
H 34.82190 56.35300 0.42399
H 37.46740 58.12240 0.65813
H 39.87650 60.64410 0.44960
H 45.34750 60.46400 0.63773
H 42.69750 62.09410 1.23470
H 29.78130 48.35850 -0.24039
H 26.60140 48.44970 -0.31602
H 28.18990 51.14590 -0.03100
H 24.98250 51.27400 -0.18984
H 29.76530 53.89040 0.14031
H 26.62300 53.94680 0.01105
H 23.43280 54.05740 -0.08495
H 28.27420 56.68650 0.13944
H 25.14120 56.77960 0.05851
H 23.78410 59.61790 0.03633
H 38.53830 48.77980 -0.52424
H 44.17360 49.28060 -0.40560
H 41.17340 50.61030 -0.36196
H 46.77710 51.12000 -0.33481
H 43.78610 52.45880 -0.21585
H 40.80260 53.78260 -0.08041
H 46.34540 54.31850 -0.13375
H 43.32150 55.59080 0.07648
H 40.33380 56.90870 0.29864
H 45.87290 57.45930 0.17559
H 42.70240 58.73370 0.30677
C 45.24380 67.36560 0.30057
C 47.43340 69.29060 1.68724
C 33.45110 50.19610 0.90007
C 34.90770 53.01980 1.26331
C 33.08700 55.71850 2.01672
C 29.80490 55.69840 1.84896
C 29.05420 58.74790 1.19462
C 26.85530 61.35840 1.81331
C 23.85380 61.43610 1.66584
C 35.18340 58.12310 2.00519
C 37.79920 61.52380 1.37949
C 34.80740 61.88010 2.31866
C 32.10390 60.48310 2.22294
C 41.74370 66.80610 2.06839
C 38.60080 65.31210 2.26210
C 29.60010 62.47000 1.99018
C 42.30090 69.72790 2.04319
C 26.30190 64.38010 1.20220
C 24.18750 66.96880 1.69408
C 24.92020 70.13540 1.09314
C 36.75040 48.28140 1.10877
C 36.40780 51.44590 1.48858
C 36.02440 54.80510 1.83236
C 38.51350 56.69280 2.04564
C 40.72350 58.81830 1.83797
C 46.66330 58.92260 2.02164
C 40.71950 62.19720 2.37277
C 46.08960 61.99390 2.35414
C 44.36330 63.14750 2.82975
C 24.85770 47.38790 1.08115
C 29.66270 50.02070 1.58090
C 26.47770 50.19250 1.42482
C 23.32530 50.28910 1.30941
C 31.26810 52.93370 1.82584
C 28.12020 52.90760 1.62815
C 24.93270 53.01370 1.51650
C 26.63180 55.73480 1.66952
C 23.42920 55.86930 1.53076
C 25.29980 58.61250 1.68442
C 35.55400 64.79740 2.09044
C 32.51950 63.68210 2.03886
C 39.12560 68.96580 2.19353
C 36.21080 67.81280 2.01476
C 33.10300 66.86090 2.00309
C 29.85330 65.68740 1.87851
C 36.75510 70.97420 1.95180
C 33.68910 69.97740 1.85959
C 30.61460 68.94740 1.82103
C 27.40620 67.77880 1.59728
C 31.22670 72.09940 1.57428
C 28.25980 71.08740 1.43927
C 45.39060 47.75810 1.14877
C 42.33260 49.05970 1.18043
C 39.33380 50.25630 1.22750
C 44.94920 50.89690 1.29132
C 41.91820 52.15490 1.36686
C 39.02530 53.41800 1.58667
C 44.52210 54.04570 1.52194
C 41.52260 55.30180 1.70202
C 47.16970 55.89160 1.65440
C 44.00530 57.21220 1.74967
C 43.56800 60.02720 2.26229
H 41.12170 73.45350 0.22844
H 38.65860 75.47810 0.16015
H 36.16130 77.53600 0.11517
H 24.32590 73.00810 -1.35514
H 33.90300 79.60080 -0.68625
H 30.73510 78.64470 -0.61953
H 27.63780 77.54480 -0.97291
H 24.83480 76.13810 -1.79447
H 38.05750 72.31570 0.36574
H 35.63360 74.40450 0.14499
H 32.56960 73.41390 -0.03632
H 29.60310 72.28960 -0.23472
H 33.13850 76.54140 -0.28487
H 30.14360 75.48940 -0.48840
H 27.16040 74.37350 -0.72119
C 41.41870 89.78770 -0.79378
C 34.62020 90.29020 -0.34671
C 45.82390 93.22830 -1.10241
C 43.19950 92.25960 0.24432
C 39.87610 92.67770 -0.89260
C 36.75270 92.60350 -0.92212
C 33.69470 93.09050 -1.35060
C 31.17620 95.22310 -0.49755
C 45.27560 74.95450 -0.29739
C 42.19850 76.80690 -1.15890
C 39.56600 78.83750 -1.47005
C 36.85750 80.69620 -1.46673
C 36.68070 83.74480 -1.14218
C 36.90390 86.98760 -1.06603
C 40.02100 88.35290 -1.24585
C 44.95430 88.51480 -1.17138
C 44.91590 71.68940 -1.35806
C 27.12260 95.90450 -1.35338
C 23.69640 79.58450 -2.10415
C 29.61750 80.63510 -1.63616
C 26.11870 81.68600 -2.12531
C 32.35420 84.38930 -2.15830
C 31.10010 85.97830 -2.06355
C 33.69130 87.57990 -1.41695
C 31.02570 89.21800 -1.45838
C 30.35940 92.23060 -1.47615
C 27.49690 93.76420 -1.28230
C 43.01150 72.97270 -1.36713
C 40.70630 75.36870 -1.34700
C 38.06240 77.26250 -1.45343
C 26.27490 72.69980 -2.40884
C 35.45420 79.12630 -1.69540
C 29.45650 77.14280 -2.28579
C 26.43550 75.77750 -2.65410
C 44.25910 95.85330 -0.98860
C 41.27030 95.59300 -0.99282
C 38.09200 95.38730 -0.98023
C 34.83650 95.17850 -1.00689
C 45.09560 78.42110 -1.20671
C 42.53310 80.24790 -1.28430
C 39.76830 82.02450 -1.30284
C 45.34290 81.72970 -1.26275
C 42.52980 83.52350 -1.12096
C 39.67070 85.10540 -0.82012
C 45.32380 85.12900 -1.15771
C 42.46700 86.64710 -0.86610
C 23.16860 83.00340 -1.96939
C 28.57620 83.99140 -2.08203
C 25.68010 85.13660 -1.92452
C 22.71610 86.29010 -1.82161
C 28.23460 87.14750 -1.82302
C 25.22670 88.34120 -1.77293
C 27.79520 90.46840 -1.52957
C 24.92380 91.49280 -1.59992
C 24.04620 95.17580 -0.87951
C 39.86730 71.89170 -1.27939
C 37.50590 73.95170 -1.42051
C 34.51560 72.96650 -1.46345
C 35.16420 76.08900 -1.59285
C 32.09920 74.95880 -1.86983
C 29.15520 73.90430 -2.05987
C 32.53400 78.01740 -2.23460
H 39.96540 90.89370 1.05824
H 36.74770 90.80120 1.02544
H 44.55000 94.20790 0.77330
H 35.13650 93.45280 0.65503
H 32.06240 93.02390 0.12632
H 33.20930 96.01020 0.54401
H 44.11050 76.97550 0.69135
H 41.39190 78.64370 0.29868
H 38.71020 80.43050 0.18901
H 35.91010 81.80110 0.56887
H 47.12860 78.48000 0.44107
H 35.87590 85.03220 0.48946
H 35.28570 88.09710 0.41763
H 38.33560 88.40660 0.65056
H 43.81090 89.81400 0.27297
H 46.18250 91.65040 0.84230
H 46.28850 72.79290 0.42044
H 23.45360 78.03600 -0.06964
H 25.79660 80.10980 -0.52555
H 28.07730 82.26640 -0.64350
H 30.46830 84.20970 -0.46596
H 32.99330 85.98840 -0.41151
H 32.62360 89.03830 0.33858
H 29.63220 90.48600 0.17118
H 26.62960 91.84100 0.30121
H 23.43890 92.88620 -0.13356
H 29.34650 93.74580 0.17538
H 41.36860 93.83010 0.72721
H 38.26750 93.61460 0.73509
H 44.37450 80.18940 0.42815
H 41.60530 81.80880 0.39372
H 38.72610 83.54950 0.37195
H 47.28240 81.78230 0.28627
H 44.48080 83.37900 0.41521
H 41.69710 84.92030 0.73161
H 47.21660 85.02800 0.43813
H 44.43230 86.70030 0.55403
H 41.33860 87.96830 0.84564
H 46.90100 88.67940 0.49372
H 25.09290 83.28270 -0.44238
H 27.50970 85.37470 -0.30611
H 24.57760 86.54060 -0.21020
H 30.07120 87.31730 -0.21954
H 27.08400 88.54050 -0.12696
H 24.08150 89.72460 -0.05317
C 42.05640 89.82760 2.26894
C 34.37110 90.18130 1.62869
C 46.24970 93.60840 2.43463
C 43.10780 92.82550 2.16057
C 39.88030 92.61610 2.40138
C 36.68850 92.61020 2.41436
C 33.52280 92.30080 1.97766
C 31.15420 94.97530 1.30127
C 45.07410 74.72260 1.57469
C 41.93590 76.90340 2.08298
C 39.36460 78.76930 1.84974
C 36.80440 80.63970 1.82708
C 36.86350 83.74280 2.11109
C 36.61440 87.01760 2.16356
C 39.69950 87.17210 2.48066
C 45.05080 88.50810 2.16110
C 45.35450 71.23960 2.05409
C 26.84910 95.61590 2.04881
C 23.83030 79.57750 1.26863
C 29.83660 80.79360 0.25511
C 26.32540 81.64390 1.06041
C 31.55270 82.17240 0.33927
C 31.17600 85.75540 1.29649
C 33.45450 87.22860 1.76252
C 30.66060 88.80120 1.68875
C 30.32900 91.96450 1.62802
C 27.63740 93.62860 1.87428
C 43.03540 73.37900 1.93692
C 40.50760 75.32450 1.84191
C 37.87520 77.25280 1.79557
C 25.72070 73.14210 0.89713
C 35.25170 79.36050 1.47705
C 29.06920 77.36860 0.85455
C 25.97220 76.13350 0.58010
C 44.40570 96.18260 2.20192
C 41.19470 95.73010 2.25841
C 38.06250 95.55570 2.19590
C 34.87680 95.30380 2.18895
C 45.05620 78.41980 2.15821
C 42.45010 80.11380 2.02001
C 39.66820 81.86790 1.93543
C 45.48570 81.72800 1.99963
C 42.69220 83.19430 2.14200
C 39.76300 85.08640 2.13787
C 45.35650 84.98770 2.09111
C 42.71270 86.52980 2.30015
C 23.30680 82.90050 1.22076
C 28.63810 83.81390 1.18327
C 25.69390 84.91800 1.27623
C 22.76330 86.14640 1.41671
C 28.22390 86.98550 1.39541
C 25.25900 88.20340 1.51318
C 27.57120 90.29450 1.65959
C 24.52750 91.50310 1.65326
C 23.92110 95.03070 1.02976
C 39.90060 72.11080 1.99984
C 37.37290 74.13560 1.87236
C 34.25870 73.07230 1.70303
C 34.72710 76.20630 1.57868
C 31.79340 75.27770 1.34565
C 28.76870 74.18600 1.10407
C 32.18980 78.45890 1.07198
C 53.37400 -1.22974 -1.30565
C 50.26200 -1.26900 -1.87119
C 47.17050 96.20930 -1.40175
C 53.83940 4.70577 -1.51007
C 50.64350 4.74422 -1.43772
C 48.68320 7.24520 -1.67489
C 58.38970 1.02000 -1.48386
C 57.17220 4.15618 -1.57408
C 56.03570 6.99977 -1.64244
C 58.05020 9.51558 -1.72749
C 69.79160 9.84853 -2.50775
C 66.74110 10.78820 -2.21734
C 63.59990 11.77770 -1.41595
C 60.30430 12.03990 -1.98871
C 69.96790 13.70300 -2.25327
C 66.75610 12.85800 -2.01166
C 64.72290 15.38500 -1.86798
C 61.40780 15.13210 -1.80956
C 62.58040 18.02440 -1.65460
C 60.84690 20.59620 -1.71248
C 61.84970 23.31700 -1.65730
C 58.56420 23.27800 -1.45222
C 52.53130 7.87875 -0.80689
C 50.41370 10.12670 -1.53439
C 55.78510 10.18270 -1.64632
C 55.72540 13.53150 -1.43287
C 58.24810 15.21600 -1.42278
C 58.70130 18.37980 -0.83210
C 55.41320 19.91260 -1.21221
C 55.43810 23.39420 -0.62253
C 55.23980 1.61694 -1.53444
C 52.10520 1.83844 -1.63494
C 48.85540 1.62931 -1.50697
C 67.58530 -0.88789 -1.65989
C 64.50740 -0.24342 -1.51519
C 61.45520 0.42534 -1.43679
C 69.71690 1.40013 -1.82002
C 66.63740 2.13448 -1.71694
C 63.54260 2.81240 -1.60860
C 60.38800 3.47980 -1.59008
C 68.82030 4.46427 -1.84063
C 65.66240 5.18780 -1.84411
C 62.46350 5.83196 -1.81218
C 59.28910 6.49923 -1.75419
C 71.03710 6.95563 -1.85366
C 67.71920 7.50895 -2.07438
C 64.57330 8.19384 -2.15474
C 61.39250 8.96266 -1.95852
C 71.31080 16.77340 -1.96980
C 67.95790 16.12250 -1.97169
C 69.05000 19.10250 -1.99493
C 65.82510 18.47990 -1.79969
C 70.08630 22.19330 -2.05667
C 66.95470 21.45160 -1.90577
C 63.80500 20.82910 -1.66959
C 52.96240 11.80390 -1.49252
C 50.21210 13.38610 -1.34749
C 52.80090 15.03490 -1.30308
C 49.94520 16.53940 -1.19996
C 55.33980 16.73310 -1.33218
C 52.59900 18.20960 -1.18768
C 49.85180 19.69760 -1.07344
C 52.50000 21.38390 -1.13016
C 49.62310 22.84760 -1.04416
H 54.95910 -0.05184 0.23356
H 51.82290 -0.13598 -0.23067
H 53.71320 2.77166 0.01718
H 52.31130 5.65304 0.27965
H 50.12640 8.04556 -0.24228
H 58.05570 -0.65895 0.25239
H 56.97240 2.32431 0.00750
H 55.68690 5.25326 0.10008
H 57.89160 7.67255 -0.10974
H 54.86280 8.47632 -0.13279
H 69.66700 8.15758 -0.53822
H 66.39720 8.94819 -0.40412
H 63.13580 9.50550 -0.60476
H 59.96420 10.16000 -0.16420
H 70.24160 11.84310 -1.08166
H 71.37230 14.84330 -0.45549
H 68.22920 14.19900 -0.41478
H 64.98420 13.66090 -0.47307
H 63.02020 16.10060 -0.15754
H 60.95530 18.83600 -0.01191
H 59.43380 21.50250 0.14931
H 52.23210 10.11920 0.15013
H 49.39500 11.59050 0.19960
H 54.87270 11.78210 0.08888
H 57.55340 13.59040 0.53021
H 60.06040 15.73780 0.22504
H 57.23500 16.74710 0.23159
H 57.10390 20.06390 0.21754
H 54.32070 21.46470 0.47688
H 51.51430 22.95680 0.52194
H 48.89660 -0.29992 0.01755
H 50.47020 2.71398 0.00950
H 48.65740 5.29038 -0.05884
H 69.44820 -0.38704 -0.19729
H 66.31760 0.38987 -0.01380
H 63.23080 1.08234 0.08765
H 60.09980 1.74206 0.10748
H 68.44610 2.71020 -0.19185
H 65.35270 3.47598 -0.10480
H 62.18800 4.14788 -0.05061
H 58.99730 4.73296 -0.04234
H 70.62050 5.03893 -0.24516
H 67.47060 5.80590 -0.27836
H 64.29330 6.53789 -0.28537
H 61.10720 7.13642 -0.22811
H 61.55210 13.00850 -0.47396
H 69.46230 17.28580 -0.35759
H 66.23640 16.60880 -0.23838
H 70.51150 20.37060 -0.44317
H 67.35340 19.64490 -0.29747
H 64.17130 19.03340 -0.08141
H 68.37470 22.73960 -0.39451
H 65.30680 22.06680 -0.22271
H 62.24980 21.61080 -0.03120
H 52.06230 13.28980 0.24221
H 49.17600 14.79650 0.33916
H 54.68810 15.00200 0.26958
H 51.83210 16.50450 0.35885
H 49.02770 18.02180 0.48625
H 54.46960 18.22350 0.39536
H 51.69440 19.72080 0.50352
H 48.84990 21.18070 0.56100
C 53.14740 -0.29746 1.83602
C 50.50900 95.79700 1.27014
C 47.56560 -1.00655 1.92731
C 53.77800 4.66734 1.67301
C 50.41920 4.62273 1.62036
C 48.62940 7.18750 1.56739
C 58.35340 1.23510 1.71401
C 57.29280 4.12394 1.61032
C 56.11340 6.93562 1.48631
C 58.03340 9.57123 1.42979
C 70.23720 10.20180 0.84576
C 67.08670 10.88540 1.23581
C 63.56960 11.79180 0.38101
C 59.73730 12.27320 1.21356
C 70.01830 13.32710 1.01114
C 66.75370 12.91490 1.17910
C 64.79870 15.36200 1.37760
C 61.52810 14.81160 1.44581
C 62.68550 17.87650 1.49341
C 61.07100 20.53200 1.77036
C 61.90320 23.36180 1.56765
C 58.75380 23.38970 1.68555
C 52.90420 7.96311 1.17506
C 50.28160 9.74995 1.59984
C 55.88850 10.01080 1.54533
C 55.79350 13.39980 1.88174
C 58.39900 15.55240 2.07543
C 58.80620 18.38140 1.07311
C 55.64230 19.83500 1.90775
C 55.57200 23.45680 1.21225
C 55.29710 1.90944 1.69450
C 52.17780 1.60762 1.49987
C 48.99340 1.55422 1.63611
C 67.77350 -0.86022 1.50538
C 64.62610 -0.12824 1.67763
C 61.50600 0.62477 1.74513
C 69.85540 1.45354 1.35931
C 66.73490 2.27329 1.49200
C 63.63370 2.99112 1.55483
C 60.45760 3.64289 1.60637
C 68.81670 4.58308 1.36703
C 65.71750 5.38415 1.39259
C 62.57470 6.07476 1.44156
C 59.40230 6.59230 1.49257
C 70.93470 6.94806 1.31146
C 67.90350 7.69168 1.26820
C 64.52980 8.50629 1.26560
C 61.39730 9.17777 1.25600
C 71.23920 16.57880 1.28356
C 68.10150 15.96240 1.28479
C 69.18980 19.12160 1.27097
C 66.03930 18.43110 1.39781
C 70.22210 22.23760 1.13868
C 67.10310 21.50460 1.29552
C 64.00290 20.90780 1.44636
C 53.06450 11.68480 1.81320
C 50.23030 13.19060 1.87992
C 52.84890 14.91750 1.87663
C 50.05680 16.39770 1.98755
C 55.48020 16.62400 1.93210
C 52.67530 18.07980 2.02451
C 49.89950 19.63450 2.10754
C 52.75300 21.36790 2.04690
C 49.71420 22.77280 2.18092
C 71.98660 28.56950 -2.53703
C 61.72930 26.25490 -0.59439
C 69.48630 30.77540 -2.79468
C 66.22910 29.26700 -2.78338
C 62.94680 28.82920 -2.20470
C 57.68960 26.42790 -1.69530
C 54.65360 27.07290 -1.50839
C 51.77100 27.57200 -1.40595
C 59.74540 28.90170 -1.83279
C 50.45610 30.57180 -1.47875
C 61.51820 31.65290 -2.41370
C 63.26680 34.14020 -3.27632
C 62.76710 37.70230 -2.50409
C 61.56130 40.80850 -2.01663
C 47.71170 42.32950 -1.28530
C 59.70910 43.55710 -2.54918
C 56.56160 43.76210 -2.44230
C 50.12670 44.89160 -2.05090
C 55.97100 47.02360 -1.80637
C 52.36470 47.20710 -2.00798
C 49.34340 25.92590 -1.01736
C 69.46930 33.04650 -2.49968
C 66.77900 32.72260 -3.06638
C 67.45450 35.83030 -2.27792
C 66.15240 38.42720 -2.18175
C 64.85010 41.14950 -2.30748
C 63.12050 43.96240 -2.44669
C 61.05930 46.58090 -2.41421
C 48.22510 46.02440 -1.91456
C 71.00310 25.21530 -2.29694
C 67.83120 24.42550 -2.07070
C 64.78430 23.79810 -1.79450
C 68.68450 27.45820 -2.43124
C 65.38350 26.61150 -2.05674
C 56.63200 29.56830 -1.70894
C 53.49510 30.19500 -1.57546
C 58.41390 32.08360 -2.10840
C 55.32610 32.67110 -1.92246
C 52.16700 33.15540 -1.70418
C 48.99140 33.48620 -1.59117
C 60.11800 34.71560 -2.66665
C 57.09390 35.23130 -2.26561
C 54.01710 35.69010 -2.03490
C 50.85550 36.01860 -1.86571
C 59.09420 37.92570 -2.58330
C 55.92500 38.31490 -2.28424
C 52.67060 38.61440 -2.10161
C 49.44120 38.96390 -1.97366
C 57.80730 40.84810 -2.47585
C 54.52300 41.20350 -2.27936
C 51.26470 41.75800 -2.07825
C 53.28050 44.22490 -2.22204
C 52.32480 24.62390 -1.11598
C 70.90670 35.57980 -2.24112
C 69.42400 38.44650 -2.22167
C 71.19090 41.02550 -2.15552
C 67.93580 41.12630 -2.19253
C 69.57370 43.81010 -2.20177
C 66.45390 43.93050 -2.26886
C 71.23560 46.40420 -2.29420
C 67.95880 46.69320 -2.26008
C 64.62630 46.78660 -2.39986
H 63.23920 24.46520 -0.08353
H 60.31470 24.33360 -0.03598
H 69.95390 28.96420 -1.13035
H 63.87080 27.50190 -0.33788
H 67.43570 30.95380 -1.64691
H 64.67860 30.33990 -1.17641
H 57.35840 24.79910 0.15737
H 54.26820 25.37850 0.24515
H 59.60890 27.41630 -0.30423
H 53.44380 28.44690 0.12687
H 50.28780 29.01340 -0.04503
H 61.62410 30.08520 -0.50887
H 49.03300 31.78480 0.14579
H 63.31680 32.81940 -1.05211
H 62.11960 35.59090 -1.50125
H 60.73390 38.58260 -1.40312
H 47.97440 40.05570 -0.34012
H 59.53410 41.68140 -0.90157
H 50.01330 42.86000 -0.69228
H 58.24550 44.55220 -0.56951
H 55.13450 44.88340 -0.77345
H 51.98810 45.32340 -0.34017
H 51.21230 26.12580 0.46769
H 48.36530 27.37550 0.80972
H 70.78930 33.72990 -0.57237
H 67.70320 33.79780 -1.05518
H 65.22410 34.60930 -2.51376
H 66.04970 36.62680 -0.36400
H 64.64250 39.42920 -0.50394
H 63.22290 42.16860 -0.76269
H 61.30060 44.58310 -0.88775
H 47.18060 44.54720 -0.23885
H 71.47530 23.54340 -0.52458
H 69.28230 25.80920 -0.70141
H 66.24890 25.07930 -0.35627
H 66.93400 28.00430 -0.83534
H 56.48650 27.81170 0.01537
H 58.44440 30.44330 -0.24403
H 55.32580 30.96560 -0.14791
H 52.20920 31.44030 0.05020
H 60.25380 33.06850 -0.83937
H 57.13550 33.49180 -0.53837
H 54.00440 33.96180 -0.32780
H 50.76360 34.33600 -0.10111
H 58.98690 36.03870 -0.90933
H 55.83060 36.51210 -0.62842
H 52.61460 36.85730 -0.39026
H 49.34230 37.16480 -0.26604
H 57.72440 39.04170 -0.78055
H 54.47130 39.39610 -0.62592
H 51.26010 39.79020 -0.44675
H 56.35900 41.92130 -0.78152
H 53.18560 42.37570 -0.54641
H 48.66360 24.30480 0.63262
H 69.24010 36.51100 -0.77319
H 71.06830 39.18310 -0.55937
H 67.79450 39.28200 -0.58918
H 69.57940 41.97950 -0.58186
H 66.34140 42.10880 -0.62819
H 71.24610 44.62940 -0.59657
H 68.02380 44.80250 -0.58256
H 64.73740 44.88080 -0.80315
C 71.72550 28.67330 0.68897
C 62.47070 26.37120 1.19343
C 68.87910 30.74140 0.21488
C 66.63160 30.01180 0.36741
C 63.57610 29.60120 0.95557
C 58.05950 26.69240 1.61631
C 54.80050 27.22540 1.76677
C 51.71270 28.07840 1.78444
C 60.06150 29.35210 1.30799
C 50.57610 30.75860 1.71300
C 61.84920 32.16120 0.84757
C 64.18490 35.00680 -0.21085
C 62.91000 37.74120 -0.53018
C 61.57080 40.51470 -0.09755
C 47.90820 42.36130 0.61194
C 60.03830 43.33640 0.90026
C 56.88660 43.83720 0.77226
C 50.43190 44.66250 1.09591
C 56.17430 46.94920 0.07709
C 52.57450 47.34280 1.04233
C 49.63080 25.77080 2.27914
C 68.97640 32.80860 0.73939
C 65.72550 32.53500 -1.22427
C 67.55510 35.48450 0.72623
C 66.24370 38.55200 1.19277
C 64.70410 41.35730 1.04054
C 63.06430 44.06070 0.80809
C 61.09530 46.51430 0.67725
C 48.30880 46.09150 1.15455
C 71.08230 25.47800 0.90684
C 68.14110 24.61980 1.10429
C 65.07270 23.89610 1.35866
C 68.80080 27.71690 0.69077
C 65.83960 26.99790 1.06375
C 56.80890 29.81600 1.46803
C 53.74350 30.35810 1.60463
C 58.76300 32.52710 1.04618
C 55.57510 32.95130 1.25068
C 52.41500 33.41020 1.45834
C 49.15670 33.68910 1.65016
C 60.79810 35.08480 0.48434
C 57.43310 35.45550 0.89466
C 54.24440 35.90350 1.14373
C 50.97460 36.28460 1.34680
C 59.45980 37.97750 0.59412
C 56.11520 38.40330 0.93573
C 52.86280 38.77240 1.12930
C 49.57610 39.12590 1.26806
C 57.92200 40.90300 0.82885
C 54.76240 41.24330 0.96922
C 51.40260 41.76030 1.06293
C 53.68840 44.18010 1.09237
C 52.54960 24.71800 1.92958
C 70.76860 35.61890 0.96096
C 69.39310 38.24600 0.93156
C 71.10810 41.01270 1.06264
C 67.89450 41.15650 0.98903
C 69.62250 43.85320 1.03174
C 66.26550 44.00600 0.92077
C 71.38360 46.57170 0.89371
C 68.00770 46.73290 0.93646
C 64.62590 46.85610 0.70207
C 52.00690 61.35260 -1.61325
C 48.75360 61.36370 -1.27819
C 57.91560 65.20670 -0.97454
C 54.38790 64.34090 -1.42750
C 47.91220 64.01690 -1.49374
C 59.04270 68.17640 -1.37424
C 63.05120 71.80910 -1.50737
C 60.05430 71.26640 -1.37034
C 65.98210 49.85420 -1.72490
C 62.51400 49.32440 -2.36623
C 71.44650 51.67850 -2.65324
C 68.19440 52.63690 -1.93919
C 71.76790 54.90430 -1.69874
C 71.97990 69.73150 -1.74758
C 50.65790 48.35930 -2.30931
C 51.21760 51.69720 -1.32487
C 49.93150 54.91600 -1.68492
C 50.14740 58.19520 -0.79699
C 59.54070 48.26280 -2.43413
C 63.20000 52.24080 -2.24557
C 60.08440 51.58440 -2.15923
C 57.10400 50.58700 -2.22753
C 70.25470 56.45480 -1.27592
C 67.26410 55.46940 -0.59448
C 64.26790 55.27470 -1.79456
C 54.78590 53.14740 -2.12396
C 71.40660 60.00730 -1.42147
C 52.08600 55.31920 -1.67353
C 56.59170 59.25700 -1.72940
C 53.54850 58.58950 -1.63670
C 60.80090 62.91510 -1.49527
C 57.63710 62.22970 -1.67222
C 70.80330 68.23130 -1.34900
C 61.48100 65.90280 -1.36882
C 68.88080 70.91990 -1.31768
C 65.42350 69.79020 -1.30381
C 62.24850 68.91980 -1.32075
C 50.90790 64.06050 -1.37785
C 55.63470 67.61280 -1.50633
C 52.47860 67.28510 -1.58236
C 49.33400 66.85410 -1.59949
C 56.84960 70.63030 -1.44042
C 53.62540 70.23920 -1.48570
C 50.43400 69.93530 -1.49560
C 69.74480 49.17460 -2.48421
C 47.77630 49.65800 -2.11920
C 47.47620 52.95580 -1.85724
C 53.87450 50.04130 -2.14068
C 61.07950 54.62000 -1.89884
C 57.90310 53.79100 -1.97983
C 68.22480 58.81420 -1.29626
C 65.13960 58.34300 -1.47065
C 62.03230 57.63490 -1.67276
C 58.79310 56.87990 -1.82591
C 55.50940 56.21930 -1.84613
C 69.00460 62.16960 -1.38643
C 66.02020 61.31520 -1.37079
C 62.94360 60.62110 -1.47136
C 59.85940 59.91200 -1.62758
C 70.02080 65.30180 -1.20986
C 66.82100 64.45070 -1.27217
C 63.76770 63.67770 -1.32679
C 67.70000 67.54660 -1.27156
C 64.57440 66.73470 -1.28724
H 71.84490 56.70110 0.34033
H 53.44820 62.26640 -0.37266
H 50.50840 62.21290 0.20924
H 47.59260 62.60020 0.49440
H 59.69010 66.42660 0.24915
H 55.76630 65.92690 -0.21526
H 60.42570 69.45760 0.22920
H 54.19870 48.42550 -0.66063
H 62.80620 47.37220 -0.87698
H 68.32180 50.31400 -0.95359
H 63.83700 50.47520 -0.56844
H 70.59890 52.83940 -1.02643
H 49.74200 49.81110 -0.45661
H 49.36500 53.05910 -0.15430
H 48.82840 56.27570 0.13806
H 48.38040 59.53110 0.36071
H 60.68880 49.68280 -0.76101
H 57.55420 48.77850 -0.91298
H 64.65290 53.52750 -0.53468
H 61.51340 52.67810 -0.44867
H 55.38800 51.31850 -0.54470
H 68.62960 57.24790 0.60700
H 65.41270 56.49060 0.07674
H 52.91100 53.35490 -0.39646
H 69.55260 60.29450 0.27035
H 53.75620 56.62010 0.02153
H 70.23530 63.36730 0.39340
H 54.99120 59.70080 0.23722
H 52.02880 59.48550 0.13226
H 71.22780 66.31780 0.46743
H 59.01340 63.30700 0.08926
H 56.01020 62.70340 -0.38594
H 68.94280 68.85560 0.13578
H 62.77120 67.15120 0.26341
H 66.85330 71.24870 0.43593
H 63.59570 70.18610 0.27349
H 52.53590 65.34300 -0.05596
H 49.31310 65.14890 0.13613
H 57.18530 68.77300 0.18254
H 53.88120 68.38930 0.14528
H 50.75490 68.03520 0.01361
H 55.10410 71.28910 0.17267
H 51.94350 70.97540 0.12183
H 48.73630 70.64470 0.16514
H 69.72640 47.46010 -0.67141
H 66.46480 47.57160 -0.84864
H 71.50580 49.87440 -0.88177
H 58.32870 51.89390 -0.44211
H 62.38940 55.73310 -0.16382
H 59.24840 55.00700 -0.30647
H 56.11550 54.32040 -0.35552
H 66.43120 59.53890 0.24560
H 63.30140 58.76600 0.08694
H 60.17100 58.00900 -0.13108
H 57.00960 57.34210 -0.23124
H 67.26360 62.60240 0.29857
H 64.22950 61.84480 0.20011
H 61.14280 61.07640 0.06702
H 58.03200 60.33800 -0.09260
H 68.10120 65.70490 0.39533
H 65.03990 64.95260 0.30971
H 61.97890 64.14210 0.26346
H 65.86320 68.03630 0.36037
C 52.27710 61.39680 1.69154
C 49.05820 61.28770 1.95056
C 57.73930 65.15570 1.00090
C 54.45550 64.18910 0.95393
C 47.37910 64.75880 1.59626
C 58.98690 68.21850 1.82794
C 63.01500 71.86380 2.00513
C 59.99510 71.30220 1.80426
C 66.12470 49.86100 0.12779
C 62.61500 49.24170 0.82391
C 71.05050 51.39870 1.02588
C 68.21780 52.63120 -0.03588
C 72.44980 54.30610 0.10732
C 72.06180 69.55340 2.07395
C 50.81760 48.37590 1.40261
C 51.28720 51.60860 0.57366
C 50.13340 54.69450 1.56808
C 50.27350 58.05180 1.09735
C 59.52730 48.07160 0.60494
C 63.29760 52.18500 1.20986
C 60.14590 51.26620 1.06096
C 57.03840 50.27000 0.99969
C 70.58870 56.43410 2.05975
C 67.34020 55.47600 1.38549
C 64.03380 55.06220 1.53692
C 54.82420 52.92820 1.26082
C 71.34630 59.92230 2.05557
C 52.26070 54.96940 1.46751
C 56.56230 59.12770 1.52507
C 53.44280 58.39050 1.86823
C 60.66020 62.76680 1.76938
C 57.48080 62.04960 1.54736
C 70.57430 68.33220 1.98668
C 61.45560 65.86070 1.88748
C 68.71970 70.97010 1.65106
C 65.29530 69.77610 2.00910
C 62.19840 68.92030 1.83555
C 50.99930 64.18560 1.59649
C 55.63440 67.51950 1.66661
C 52.35420 67.15090 1.67503
C 49.15400 67.08890 1.59523
C 56.84210 70.61650 1.80205
C 53.59200 70.21750 1.78350
C 50.51070 69.83230 1.66940
C 69.72220 49.47830 0.81113
C 47.87350 49.56060 1.29653
C 47.65710 52.79290 1.36368
C 54.81140 49.80860 1.37328
C 61.00640 54.33500 1.28449
C 57.89420 53.62800 1.23457
C 68.14800 58.84240 1.97381
C 65.02520 58.20220 1.75673
C 61.86540 57.41680 1.52751
C 58.74320 56.69950 1.39004
C 55.53670 56.06680 1.38575
C 68.94980 62.07380 2.02445
C 65.92220 61.29330 1.86737
C 62.84070 60.53310 1.70405
C 59.73280 59.73650 1.52717
C 70.00220 65.26940 2.03280
C 66.78600 64.36880 1.93589
C 63.74990 63.56850 1.84278
C 67.70490 67.57170 1.92597
C 64.50250 66.71730 1.93435
C 69.65540 87.39300 -2.18458
C 67.62060 87.83530 -1.84788
C 64.40950 88.27500 -1.00663
C 61.48940 89.32000 -1.40579
C 60.29040 92.31700 -1.16097
C 57.20640 93.24430 -1.17503
C 56.35830 96.16550 -1.32065
C 47.81250 76.65590 -1.33978
C 51.21280 78.48910 -1.39105
C 53.94040 80.58290 -1.49660
C 59.26750 85.01090 -1.61298
C 47.90860 90.61990 -0.71216
C 59.14710 87.19960 -1.36073
C 55.95660 88.48730 -1.22513
C 50.72480 91.87160 -0.73742
C 56.45210 91.44660 -1.23746
C 53.76570 93.66960 -0.19360
C 64.22780 74.92640 -1.53607
C 48.18380 72.60300 -1.25505
C 62.32710 77.23760 -1.56001
C 52.75410 75.65880 -1.45508
C 49.57710 75.55050 -1.39872
C 63.50500 80.33550 -1.80021
C 60.34530 79.67650 -1.58717
C 56.86080 79.11670 -1.45655
C 53.38520 78.59120 -1.37997
C 65.05840 83.15250 -1.37796
C 61.55440 82.74490 -1.49734
C 62.17990 85.88400 -0.62683
C 71.64700 72.88240 -1.45391
C 68.97380 74.37420 -1.69576
C 68.56030 77.88050 -1.21767
C 66.01620 75.85090 -1.62356
C 69.06970 80.90740 -1.75849
C 68.80580 84.31660 -1.46464
C 69.49760 90.45350 -1.69321
C 66.33480 91.17420 -1.56553
C 63.31130 91.84980 -1.30402
C 68.50720 93.49330 -1.67004
C 65.41400 94.22120 -1.48219
C 62.41430 94.89410 -1.33302
C 59.40950 95.53710 -1.25605
C 70.67330 95.79100 -1.85235
C 48.04960 80.08690 -1.40766
C 50.91620 81.83180 -1.32995
C 48.14600 83.50070 -1.28954
C 57.30130 82.20960 -0.87892
C 53.78930 83.71700 -1.25217
C 50.86790 85.20960 -1.23486
C 47.91210 86.99200 -1.02325
C 56.40520 85.42550 -1.14315
C 53.54180 86.84650 -1.10001
C 50.73870 88.55070 -1.06260
C 53.42160 90.21360 -0.93663
C 61.16170 74.24290 -1.42920
C 57.91110 73.64140 -1.47206
C 54.75640 73.11860 -1.44797
C 51.55080 72.80130 -1.48404
C 59.09120 76.66130 -1.56663
C 55.85600 76.10260 -1.50926
C 71.59870 76.07460 -1.51245
H 47.49940 94.47180 0.38521
H 67.30950 86.03470 -0.15068
H 60.82160 87.70710 0.40184
H 69.20220 88.61140 -0.10723
H 66.19000 89.14910 -0.22176
H 63.12160 90.04710 0.35747
H 60.01920 90.80270 0.17694
H 59.03580 93.79160 0.43242
H 55.91540 94.50310 0.46827
H 50.15540 80.27600 0.06558
H 52.88940 82.01220 0.28880
H 59.47830 83.06610 -0.04557
H 55.74870 83.72260 0.28446
H 58.24050 85.82970 0.48036
H 57.97660 88.70660 0.42744
H 55.36350 90.10090 0.63621
H 52.58340 91.66900 0.98255
H 48.86510 92.36590 0.93582
H 64.51080 73.06320 0.23222
H 61.45630 72.46650 0.23522
H 62.54570 75.43530 0.19858
H 49.95360 73.59760 0.21307
H 63.71270 78.26520 -0.12818
H 54.22660 76.84670 0.17549
H 51.12460 76.52730 0.16620
H 64.98460 81.07230 0.25526
H 61.81220 80.80240 0.00708
H 58.51950 80.24650 -0.06434
H 55.74250 80.65040 0.05929
H 63.16540 83.68850 0.32722
H 69.74010 72.80330 0.12124
H 67.11980 74.29270 0.14099
H 66.59300 77.34760 0.44908
H 67.36850 80.05300 -1.12279
H 70.49670 85.81500 -0.56348
H 67.22680 82.99190 -0.06505
H 50.49850 94.49160 -0.53048
H 68.21540 91.66690 -0.00041
H 65.16210 92.41620 0.21364
H 62.07600 93.17760 0.35637
H 70.37680 94.04180 -0.19061
H 67.27310 94.79740 -0.03083
H 64.20420 95.52080 0.17985
H 61.15510 -1.29604 0.28312
H 50.00980 83.49090 0.35394
H 52.68750 85.15580 0.44189
H 49.90610 86.75360 0.48083
H 55.37050 86.91150 0.53863
H 52.60830 88.39650 0.56951
H 49.86910 90.01690 0.64882
H 58.25600 71.83570 0.17038
H 59.36620 74.84930 0.08261
H 56.20290 74.30110 0.13509
H 53.06950 73.84740 0.14243
H 60.50920 77.83640 0.06643
H 57.35800 77.24990 0.05081
H 69.67580 76.08200 -0.03359
H 70.08010 79.41910 -0.00041
H 70.20190 82.62910 -0.30462
C 70.44580 87.21030 1.43884
C 67.42070 87.49270 1.24299
C 64.92330 89.32660 1.91483
C 61.40000 89.53060 2.04370
C 60.41390 92.56920 2.06224
C 57.26690 93.39840 2.16675
C 56.34140 -1.10043 1.93889
C 47.73840 76.43230 1.90634
C 51.19350 78.48600 1.67478
C 54.16750 80.54960 1.85452
C 59.76720 84.26670 1.67824
C 47.91170 90.30250 2.11072
C 59.22490 87.25570 2.23998
C 56.17650 88.37820 2.31031
C 50.87490 91.57640 2.34814
C 56.42700 91.49330 2.49693
C 53.82600 93.73130 1.65639
C 64.14260 74.92220 2.01829
C 48.38960 72.49170 1.79914
C 62.21610 77.30820 1.78045
C 52.77580 75.63670 1.79572
C 49.61180 75.52920 1.84284
C 63.67200 80.27800 1.68914
C 60.23970 79.75560 1.58887
C 56.99980 79.12940 1.51630
C 53.57680 78.58310 1.84502
C 65.40500 83.27950 1.64667
C 62.20250 82.44350 1.96576
C 62.41640 85.98810 1.21048
C 71.56220 72.82300 1.85562
C 69.08190 74.52760 1.82923
C 68.33390 78.00030 0.80402
C 66.04270 75.53210 2.20827
C 68.62010 81.15010 0.88570
C 69.05460 84.45500 0.89060
C 69.62200 90.35190 1.57655
C 66.42970 90.88700 1.58188
C 63.47650 91.95470 1.92722
C 68.69950 93.53180 1.53048
C 65.62980 94.29030 1.70663
C 62.53200 95.02100 1.88532
C 59.40720 95.69250 1.92021
C 70.86260 95.88680 1.36931
C 48.19930 79.92880 1.80796
C 51.03670 81.83800 1.92032
C 48.17090 83.36510 2.01862
C 57.42720 82.11240 1.01502
C 53.88660 83.58260 1.91270
C 50.83080 85.09680 2.06982
C 47.88720 86.91260 1.95901
C 56.42450 85.31580 2.04455
C 53.54320 86.70710 2.11841
C 50.76140 88.34160 2.21057
C 53.58760 89.80230 2.38424
C 61.05610 74.31150 1.76447
C 57.95270 73.71150 1.72682
C 54.76390 73.13040 1.75763
C 51.65750 72.73620 1.80879
C 59.08640 76.65360 1.70037
C 55.93680 76.13280 1.74908
C 71.45120 76.26240 1.69550
C 88.18560 2.82002 -2.17932
C 92.34420 5.62235 -1.73457
C 88.63670 5.72069 -0.90086
C 92.89020 8.34960 -1.80275
C 81.93150 1.44239 -2.35882
C 78.34860 2.27153 -2.23470
C 77.45060 5.37941 -1.99831
C 74.12110 6.09853 -1.97330
C 73.92850 8.10299 -2.25702
C 71.71100 10.68160 -2.68093
C 73.26300 13.50620 -1.12289
C 74.96160 17.60640 -1.03207
C 75.51980 20.89650 -1.81234
C 84.98000 3.88353 -1.89550
C 81.83020 4.54785 -1.11155
C 79.13620 6.48424 -1.97247
C 84.80740 6.95385 -1.76531
C 79.14330 9.83246 -1.72993
C 76.15650 10.95340 -1.67107
C 90.74590 8.17956 -1.86942
C 87.52560 8.96381 -1.77800
C 76.07730 14.22160 -1.59017
C 93.43010 10.24460 -2.04682
C 78.35360 15.80800 -1.54656
C 95.98950 12.08060 -2.61026
C 80.58050 17.78830 -1.57181
C 95.38150 15.40130 -1.57037
C 79.98500 21.05860 -1.83804
C 94.09640 18.62470 -1.77682
C 91.33490 19.73310 -1.63247
C 88.21520 20.67980 -2.04180
C 85.36230 21.82160 -1.83604
C -0.97818 20.55090 -2.06149
C 94.39710 23.87430 -2.14932
C -1.02735 0.72323 -1.97598
C 93.22690 0.38829 -2.07194
C 90.00330 0.12459 -2.28489
C 86.08760 0.15059 -1.62520
C 94.46470 3.23915 -1.86677
C 91.32550 2.91380 -1.97610
C 95.59690 6.19373 -1.79514
C 79.23250 -0.75993 -2.21800
C 76.04250 -0.01198 -2.12370
C 72.86650 0.68628 -1.96194
C 75.14960 3.07832 -1.99734
C 71.92740 3.75644 -1.91660
C 72.43140 19.82110 -1.92806
C 73.38410 23.02230 -1.95960
C 81.91840 8.25361 -1.62880
C 84.59000 10.25750 -1.62292
C 81.65400 11.50910 -1.51256
C 78.80730 12.76070 -1.45720
C 89.91590 11.28210 -1.99723
C 86.94750 12.31550 -1.72815
C 84.08120 13.50580 -1.57630
C 81.16820 14.71710 -1.42602
C 92.56420 13.34330 -1.87606
C 89.40620 14.45640 -1.82187
C 86.44060 15.51980 -1.66460
C 83.56280 16.65010 -1.57541
C 91.80740 16.54310 -1.84607
C 88.93600 17.54190 -1.74584
C 85.89210 18.66270 -1.70039
C 83.00690 19.77820 -1.69763
H 88.27350 0.85414 -0.66707
H 89.67930 3.61658 -0.39724
H 86.73940 4.16244 -0.58476
H 93.88180 6.76188 -0.16500
H 90.80840 6.51626 -0.11452
H 84.21270 -1.23685 -0.82135
H 83.09810 2.32365 -0.60314
H 80.01440 2.66092 -0.90525
H 77.01360 3.49654 -0.43706
H 75.88040 6.39526 -0.18195
H 72.88360 7.27739 -0.14739
H 74.55250 15.37370 -0.13506
H 76.09470 19.49950 0.29334
H 76.38570 22.45520 0.10328
H 83.94730 5.38539 -0.03624
H 81.01300 6.68449 -0.28871
H 78.17600 8.07463 -0.13063
H 86.96040 7.45198 -0.47515
H 75.21650 12.56550 0.00715
H 89.52300 9.53902 -0.22942
H 77.74610 14.19750 0.14664
H 95.32790 10.65720 -0.41522
H 91.92530 11.67210 -0.54829
H 77.13810 17.11960 0.20870
H 79.32090 19.32010 0.12916
H 93.73490 16.71830 -0.27648
H 81.83860 21.26420 -0.14082
H 78.97790 22.41640 -0.77337
H 93.10200 19.79760 0.23628
H 90.27370 20.99390 -0.49032
H 87.38350 22.31910 -0.19040
H 95.94080 19.01020 -0.32421
H 94.67890 21.71620 -0.72138
H 94.69120 1.32488 -0.38831
H 91.45430 0.97774 -0.50721
H 95.89180 4.31754 -0.21888
H 92.78000 3.78104 -0.21166
H 72.50860 -1.11111 -0.35396
H 81.10140 -0.28276 -0.66380
H 77.87380 0.43723 -0.54989
H 74.71890 1.21465 -0.47188
H 71.55930 1.95422 -0.30563
H 73.74200 4.23723 -0.33566
H 72.67290 17.99460 -0.19579
H 73.61500 21.23890 -0.26511
H 75.33870 9.30523 -0.39375
H 83.89160 8.52947 -0.04114
H 80.85980 9.78882 0.06118
H 77.95950 11.08190 0.03989
H 86.50860 10.55590 -0.07572
H 83.51940 11.74560 0.04712
H 80.61070 12.96510 0.14479
H 88.86640 12.67660 -0.23414
H 85.93480 13.77280 -0.05517
H 83.03480 14.94390 0.08258
H 80.05710 16.15400 0.17309
H 91.24440 14.77900 -0.20297
H 88.30840 15.83400 -0.15150
H 85.39450 16.96690 -0.02968
H 82.43730 18.10550 0.02452
H 90.71900 17.87490 -0.13105
H 87.79720 19.03870 -0.19293
H 84.83610 20.17950 -0.09181
C 87.96200 2.62389 1.03689
C 92.41690 5.53077 1.40057
C 89.15500 5.54682 1.00346
C 93.14810 8.40982 1.46632
C 81.63470 1.58959 0.98592
C 78.45520 2.18506 1.09924
C 77.49780 5.14097 1.37935
C 73.98120 5.86329 1.52058
C 73.27590 9.20781 1.31282
C 72.10060 10.76200 0.45199
C 73.16390 13.62390 0.79404
C 74.75690 17.45510 1.07456
C 75.17390 20.67740 1.61923
C 84.91250 3.45569 1.08155
C 82.36310 5.93205 1.73171
C 79.17620 6.31828 1.46398
C 85.25130 7.01588 1.38838
C 79.05130 9.66716 1.71740
C 76.05080 10.96700 1.60772
C 90.98050 8.28386 1.41658
C 87.75190 8.99440 1.42072
C 75.85150 14.29820 1.60362
C 93.47190 10.40330 1.16607
C 78.40580 15.69160 1.91037
C -0.50896 12.12670 0.92885
C 80.70290 17.84910 1.78913
C 95.25570 14.77020 0.13739
C 79.85280 21.11010 1.40270
C 94.56840 18.16500 1.47197
C 91.49340 19.57950 1.51150
C 88.55000 20.67060 1.47938
C 85.72670 22.05060 1.37832
C 95.92510 20.76540 1.28904
C 94.27080 23.47570 1.18695
C -1.10175 0.60743 1.20991
C 93.12550 0.21603 1.05954
C 89.87110 -0.16471 0.94849
C 86.12110 0.00542 0.18872
C 94.49050 3.03301 1.32495
C 91.16660 2.67548 1.21104
C 95.56650 6.05062 1.48207
C 79.33940 -0.79702 0.99082
C 76.10990 -0.07361 1.08301
C 73.00440 0.69082 1.20800
C 75.21190 2.97952 1.17657
C 71.99280 3.72478 1.31210
C 72.30440 19.69260 1.22776
C 73.28110 23.22550 1.13233
C 82.10380 8.14703 1.51121
C 84.69620 10.22650 1.57282
C 81.70290 11.41240 1.67582
C 78.77940 12.66830 1.68729
C 90.20660 11.34170 1.32738
C 87.15430 12.33770 1.48733
C 84.19150 13.47500 1.62692
C 81.23850 14.67710 1.70881
C 92.64010 13.36990 1.29218
C 89.46820 14.38410 1.42742
C 86.59120 15.49700 1.50101
C 83.63440 16.69610 1.63063
C 91.94610 16.48380 1.43655
C 88.90580 17.55010 1.42791
C 86.05630 18.73160 1.49364
C 83.00620 19.91030 1.54170
C 81.17580 47.20490 -0.84577
C 90.64260 46.55300 -1.40876
C 96.14870 46.92520 -1.26353
C 83.39390 24.79890 -2.00762
C 79.81920 24.74810 -1.49037
C 88.27580 27.24620 -2.50662
C 85.07720 27.66500 -2.30452
C 78.59890 28.87350 -2.12379
C 87.26820 30.30350 -2.19966
C 77.90620 32.16600 -2.16949
C 89.45540 32.50990 -2.09658
C 77.13090 35.44560 -2.31303
C 91.51430 34.84370 -2.03612
C 79.14260 37.63700 -2.02227
C 93.46180 37.30720 -2.02275
C 81.16960 40.13080 -1.81687
C 83.38220 42.45200 -1.44588
C 95.45950 42.91750 -1.28405
C 91.92310 43.61290 -1.39029
C 88.59690 44.14410 -1.39368
C 85.49440 44.91510 -0.91802
C 82.61510 45.67880 -0.97779
C 93.34640 45.20470 -1.65219
C 76.38870 24.04210 -1.98021
C 77.41700 27.07770 -2.04466
C 75.29490 29.95700 -1.62396
C 72.46570 32.13000 -1.38165
C 74.02640 35.06210 -1.96162
C 75.84660 38.03940 -2.09656
C 77.81030 40.63570 -2.09298
C 79.85410 43.46090 -1.39035
C 77.88120 46.25180 -2.56690
C 82.45760 22.83760 -1.93062
C 87.52470 24.14320 -2.07196
C 92.55830 26.55600 -1.84854
C 89.17440 25.41020 -1.94856
C 90.75550 29.20710 -1.21447
C 92.93480 31.82170 -1.99933
C 94.80030 34.42570 -1.91733
C 81.83370 27.85330 -2.08490
C 84.09440 30.73770 -2.10905
C 81.02200 31.07450 -1.99012
C 86.30470 33.22070 -2.03704
C 83.16870 33.73080 -1.97471
C 80.17590 34.40560 -2.02265
C 88.37700 35.64090 -2.00238
C 85.31510 36.23370 -1.90610
C 82.21780 36.87710 -1.89786
C 90.42760 38.02300 -1.93654
C 87.34340 38.72730 -1.80085
C 84.31610 39.34740 -1.69087
C 95.84460 39.80860 -1.85733
C 92.66660 40.48410 -1.78072
C 89.60310 41.12980 -1.62524
C 86.42430 41.84260 -1.46316
C 74.23770 26.26930 -2.28259
C 72.66120 38.21660 -2.16123
C 74.39500 40.80780 -2.14843
C 76.24500 43.51060 -2.19333
C 72.79880 43.61550 -2.18789
C 74.51910 46.13470 -2.51680
C 96.14020 26.21500 -1.89177
C 94.56020 28.96850 -1.93890
C -1.22270 31.65250 -1.84739
H 83.55850 48.00530 -0.52029
H 92.64720 46.81590 0.00055
H 84.92470 26.03660 -0.22257
H 81.74690 26.09030 -0.60669
H 86.88930 28.35950 -0.71554
H 80.52300 29.43320 -0.51049
H 77.47680 30.30240 -0.54733
H 88.97400 30.74030 -0.41138
H 78.75340 35.71040 -0.52150
H 93.23980 35.48200 -0.42593
H 80.83870 38.13950 -0.30646
H 95.16900 37.95300 -0.49089
H 82.87430 40.46050 -0.00771
H 94.47820 40.88250 -0.18490
H 81.99690 43.49870 -0.14372
H 93.69780 43.74670 0.34373
H 90.41660 44.65400 0.17639
H 87.20710 45.23230 0.35206
H 84.05330 45.58180 1.20721
H 77.62010 25.27930 -0.26785
H 75.46850 27.68980 -0.69597
H 72.97390 29.83000 -0.66539
H 73.91340 33.65640 0.23000
H 75.63760 36.19410 -0.55106
H 77.57070 38.74990 -0.46683
H 79.68210 41.14970 -0.50640
H 77.63750 44.44030 -0.68479
H 84.17350 23.23510 -0.21963
H 92.92270 24.26260 -0.40816
H 91.31380 27.01860 -0.13557
H 92.94720 29.94220 -0.34301
H 94.57480 32.58570 -0.34970
H 83.66160 28.86400 -0.64791
H 85.85190 31.35200 -0.47427
H 82.74520 31.90290 -0.36558
H 79.70940 32.58200 -0.44949
H 76.70400 33.30980 -0.93574
H 91.29950 32.92770 -0.43952
H 88.09390 33.74910 -0.44816
H 84.91390 34.38910 -0.38096
H 81.84440 35.02680 -0.34284
H 90.17070 36.11750 -0.42275
H 87.06670 36.80730 -0.31839
H 83.93540 37.43270 -0.24590
H 92.17930 38.57490 -0.38109
H 89.13080 39.19860 -0.21569
H 86.05710 39.85530 -0.06805
H 91.38180 41.58800 -0.02538
H 88.27280 42.22320 0.12554
H 85.10290 42.79150 0.32034
H 74.52960 24.61810 -0.45433
H 72.25150 26.73670 -0.85236
H 72.49380 36.38560 -0.57933
H 74.27260 38.99550 -0.51058
H 76.10790 41.57460 -0.51580
H 72.85370 41.80980 -0.48276
H 74.51570 44.47800 -0.64960
H 96.03480 24.35130 -0.34123
H 94.46930 27.10580 -0.32468
H 96.14470 29.80050 -0.26191
C 82.82660 47.70640 1.93368
C 90.85650 46.56670 1.74448
C -0.82002 47.73200 2.30724
C 83.08490 24.95870 1.27328
C 79.86390 24.58800 0.38787
C 88.22920 27.06860 0.95320
C 85.09640 27.56480 0.97114
C 78.59800 28.95280 1.09810
C 87.17640 30.05880 1.14131
C 77.83930 32.10520 1.07044
C 89.48560 32.53140 1.23695
C 77.00880 34.99320 1.03167
C 91.51160 34.83180 1.16776
C 79.01240 37.49490 1.16282
C 93.54180 37.26450 1.12843
C 80.89660 39.95340 1.34915
C 83.18090 42.25510 1.68252
C 95.19960 42.27650 1.79402
C 91.73410 43.25140 1.73955
C 88.72060 43.92780 1.82672
C 85.66010 44.37910 2.19519
C 82.30980 44.08290 2.27568
C 94.26230 45.46840 1.41910
C 76.04330 24.59890 1.52036
C 77.19810 27.35410 1.06425
C 75.26370 30.00770 0.28372
C 72.08550 31.88030 0.48348
C 73.99930 35.39750 1.14639
C 75.80000 37.98190 1.08182
C 77.80630 40.68080 1.10765
C 79.61160 43.46820 0.48065
C 77.13400 46.46700 0.64878
C 82.55160 22.94930 1.54117
C 89.02640 23.95370 1.05117
C 92.77140 26.33690 1.36436
C 89.38660 25.73910 0.05554
C 90.72740 29.31160 0.61782
C 92.80980 31.84330 1.22690
C 94.64710 34.41920 1.25364
C 81.97900 28.10650 1.02870
C 84.12910 30.56130 1.11333
C 80.95210 31.21150 1.20102
C 86.34450 33.11630 1.15051
C 83.18590 33.71690 1.24106
C 80.00790 34.40900 1.16421
C 88.45820 35.53520 1.20279
C 85.35250 36.14180 1.28517
C 82.13600 36.81030 1.30887
C 90.54680 37.85230 1.23193
C 87.45430 38.50310 1.41269
C 84.27600 39.15290 1.48117
C -0.86499 39.77220 0.09907
C 92.75280 40.15810 1.38361
C 89.67220 40.82110 1.53137
C 86.57390 41.46930 1.72782
C 73.98440 26.61750 0.91608
C 72.60670 38.19600 1.06365
C 74.43550 40.79180 1.13125
C 76.02230 43.51890 1.04515
C 72.87950 43.76070 1.03373
C 74.96720 46.48350 0.57808
C 96.02550 26.14050 1.30429
C 94.46610 28.93720 1.31690
C 96.13570 31.67940 1.30906
C 87.47170 47.50710 -0.66211
C 84.43460 49.64210 -1.62505
C 81.39160 50.49000 -0.93013
C 78.73360 52.32540 -1.24381
C 75.81240 53.92070 -1.79781
C 93.25490 48.59000 -1.52388
C 75.62380 57.10520 -1.65510
C 72.70190 58.34790 -1.43650
C 75.35430 60.35680 -1.52627
C 95.60110 53.54920 -1.45804
C 92.63990 54.82160 -1.20490
C 89.72970 56.21820 -1.19002
C 86.68600 57.55940 -1.31899
C 75.28690 63.49200 -1.47437
C 87.19590 60.78400 -0.89363
C 84.41010 62.38980 -0.64819
C 77.89500 65.30970 -1.46921
C 83.38040 65.41390 -1.30694
C 80.39950 67.38250 -0.60590
C 83.32540 69.00600 -0.54752
C 76.68290 49.42960 -2.46251
C 74.49370 52.36260 -2.14281
C 80.17040 70.98950 -1.08160
C 77.67570 68.83230 -0.72840
C 74.75900 67.46820 -1.40047
C 72.47230 63.04640 -0.61425
C 95.28140 56.89480 -1.18929
C 92.10910 57.87240 -1.09333
C 91.15710 60.68820 -0.93834
C 90.02800 63.50100 -0.87720
C 88.94980 66.59560 -0.74396
C 85.90910 66.93110 -0.66095
C 87.66630 69.54310 -0.30949
C 89.14900 72.36770 1.12595
C 90.22580 49.64210 -1.31254
C 87.29280 51.15310 -1.50190
C 84.32610 52.67000 -1.35678
C 81.33390 53.92980 -1.29958
C 78.58990 55.64410 -1.62484
C 92.75460 51.64670 -1.49986
C 89.93090 52.99820 -1.31762
C 87.06100 54.44140 -1.35941
C 84.12440 55.83780 -1.35608
C 81.29620 57.31240 -1.41060
C 78.39820 58.77840 -1.56064
C 84.08760 59.08210 -1.32601
C 81.15310 60.59360 -1.43433
C 78.20520 61.99900 -1.51344
C 80.89200 63.73520 -1.37312
C 73.16670 49.02310 -2.51269
C 74.72830 70.98840 -1.43608
C 94.19480 60.06020 -1.07057
C -1.18902 62.40140 -1.21466
C 93.14260 63.03220 -0.91647
C 95.24020 65.42100 -1.08871
C 92.07160 65.97780 -0.84519
C 94.02310 68.41950 -0.98356
C 90.82280 69.02200 -0.58928
C 96.09470 70.74380 -1.35329
C 92.72150 71.34320 -0.85145
H 81.01070 49.23970 0.92541
H 89.69790 47.92440 0.45366
H 86.36360 49.54700 0.07594
H 80.60920 52.40950 0.50656
H 77.69480 53.84770 -0.07923
H 74.79650 55.34660 0.14611
H 95.17550 48.73720 0.37077
H 74.62860 58.56630 0.09431
H 94.73390 51.78890 0.08181
H 91.79550 53.08190 0.29892
H 74.48250 61.83380 0.22667
H 91.47840 56.14850 0.49489
H 88.44880 57.65540 0.48542
H 85.82920 59.09330 0.38712
H 74.04660 64.78120 0.38958
H 86.75180 62.23060 0.31366
H 79.74580 65.16480 0.26471
H 76.71520 66.67180 -0.07038
H 85.42200 65.13160 0.33818
H 82.61770 66.81680 0.22290
H 76.16940 47.25490 -1.53302
H 74.70150 50.18730 -0.80522
H 83.81270 71.17340 0.61544
H 81.14110 69.44160 0.49469
H 78.19700 70.96310 0.40734
H 75.36840 69.42990 -0.02437
H 72.64100 71.15410 0.21623
H 94.53020 54.98610 0.42874
H 93.92230 58.16930 0.47384
H 90.88590 58.93920 0.84418
H 89.78770 61.73080 0.93251
H 88.61410 64.66170 0.92747
H 87.62760 67.48950 1.12575
H 89.56370 69.95900 1.28418
H 86.50080 70.36820 0.83141
H 83.48610 51.04950 0.24665
H 92.15340 49.96990 0.23992
H 89.14540 51.22300 0.22990
H 86.24910 52.69550 0.17698
H 83.23640 54.20610 0.23489
H 80.34750 55.65660 0.14590
H 77.46750 57.09820 0.04538
H 88.86110 54.50050 0.30946
H 85.92750 55.86240 0.29076
H 83.11180 57.43360 0.26826
H 80.19000 58.89870 0.10768
H 77.29130 60.30410 0.03249
H 82.96450 60.60430 0.24627
H 79.99980 62.04130 0.16962
H 77.15690 63.50580 0.12641
H 82.62540 63.70930 0.36991
H 73.02680 47.22190 -0.83416
H 96.06240 60.57030 0.38298
H 92.92140 61.19430 0.65956
H 95.03020 63.57950 0.50795
H 91.77650 64.15650 0.75233
H 93.94280 66.56610 0.63906
H 90.74720 67.06320 0.85621
H 95.94890 69.00860 0.39922
H 92.79110 69.52580 0.82485
H 94.81160 71.99470 0.31766
C 87.35590 47.52510 1.19076
C 84.35200 49.21920 1.54927
C 81.83980 50.93720 2.15775
C 78.82310 52.27140 1.73880
C 75.78500 53.39310 1.57761
C 93.48050 48.44280 1.75062
C 75.57040 56.78330 1.71519
C 72.84000 58.46260 1.87201
C 75.43970 60.30800 1.74661
C 95.58950 53.22030 1.98622
C 92.68620 54.64130 2.01854
C 89.63050 56.02970 2.05075
C 86.49080 57.42900 2.08839
C 75.32630 63.61370 1.87278
C 87.96750 60.07600 0.99143
C 84.40970 62.31520 1.30311
C 77.72670 65.31960 1.72266
C 83.44960 65.35290 1.98003
C 80.44950 67.25870 1.31067
C 83.36110 68.85030 1.36448
C 77.04910 49.56300 -0.59356
C 74.52790 51.78430 1.25500
C 79.94340 70.74650 2.16051
C 77.44820 68.71470 1.12851
C 74.31770 67.25520 0.46966
C 72.46970 62.88800 1.20603
C 95.34980 56.64000 1.84182
C 92.42630 57.53000 2.26810
C 91.45960 60.67750 2.53739
C 90.24010 63.56910 2.61337
C 89.23870 66.51020 2.67701
C 86.44390 65.54130 2.21948
C 87.75120 69.28290 2.84418
C 90.03800 71.85000 2.77861
C 90.33880 49.82750 1.92056
C 87.11470 50.87650 1.71765
C 84.35900 52.67180 1.79928
C 81.41420 54.23950 1.90023
C 78.42450 55.47520 1.69905
C 92.88860 51.59990 1.93148
C 89.92370 52.93520 1.87612
C 86.98220 54.31980 1.87682
C 84.05250 55.83310 1.86020
C 81.15520 57.34460 1.76868
C 78.31160 58.75080 1.68392
C 83.95900 59.07910 1.93700
C 81.03660 60.50790 1.80459
C 78.11080 61.92140 1.73923
C 80.72340 63.60420 1.91540
C 73.04900 49.04500 0.84492
C 74.69570 70.91470 1.80248
C 94.42880 59.91290 2.07539
C -0.94732 62.30720 1.99024
C 93.36700 63.00640 2.20585
C 95.50840 65.37180 2.09925
C 92.31300 65.93510 2.35359
C 94.45060 68.36470 2.23567
C 91.27350 68.75490 2.57088
C -1.04118 70.92460 1.86611
C 93.43810 71.38660 2.31035
C 95.16490 95.38450 -2.26862
C 91.97910 95.16050 -2.49299
C 88.63650 94.78960 -2.53776
C 95.71160 77.85870 -1.87908
C 92.78280 78.42170 -2.41118
C 88.40770 81.25030 -2.87571
C 86.41010 83.71370 -2.91332
C 84.45030 86.32100 -2.99434
C 96.10260 89.62290 -2.80678
C 92.74110 89.72500 -2.67683
C 86.09680 89.12540 -3.17371
C 90.54250 92.18070 -2.76486
C 72.45510 89.35310 -1.81920
C 80.41310 90.08670 -2.29882
C 77.60850 91.47940 -2.28479
C 83.00800 93.03360 -2.68195
C 85.33910 94.93980 -2.55584
C 82.36830 95.95770 -2.37404
C 88.49730 76.29470 0.10164
C 85.68610 72.85000 0.61449
C 82.81970 72.46870 -0.72792
C 85.53240 76.24110 -0.90203
C 85.91360 79.57880 -1.84711
C 83.11920 81.57100 -1.75503
C 83.15750 84.70390 -2.49114
C 81.05000 86.84340 -2.05006
C 78.51340 88.50310 -2.24292
C 75.25500 87.37990 -1.95734
C 72.40190 85.77970 -2.11153
C 94.54560 73.93010 -1.31032
C 90.94750 73.96780 -0.89024
C 92.58290 76.36350 -2.55007
C 94.33370 81.02560 -2.43931
C 91.25220 81.30860 -2.69532
C 95.85040 83.82160 -2.62051
C 92.78720 83.88390 -2.71386
C 89.66590 83.86450 -2.76865
C 94.32340 86.74280 -2.75840
C 91.17680 86.65860 -2.87493
C 87.93310 86.44620 -3.01021
C 89.48930 89.34930 -2.94392
C 86.80800 92.17900 -2.11516
C 74.62480 92.12550 -2.14000
C 71.59660 92.68360 -1.84379
C 80.01830 93.62700 -2.28807
C 76.93140 94.47440 -2.16412
C 73.77250 95.15080 -2.02099
C 82.74560 75.32200 -0.81491
C 80.04890 74.08520 -0.96065
C 77.33570 72.58520 -1.21306
C 82.81030 78.33300 -1.33871
C 80.01720 77.12430 -1.12608
C 77.26590 75.75830 -1.20402
C 74.37220 74.36600 -1.33854
C 80.18300 80.24840 -1.48080
C 77.41000 78.88720 -1.40935
C 74.56200 77.46320 -1.45849
C 80.44810 83.39780 -1.83198
C 77.61770 82.08840 -1.68269
C 74.81120 80.70320 -1.63993
C 71.85550 79.26350 -1.65962
C 77.99230 85.32380 -1.97999
C 75.01530 83.93440 -1.95755
C 72.06200 82.53550 -1.86757
H 95.25050 93.26760 -0.63147
H 92.19690 93.06340 -0.89094
H 90.20420 95.66500 -0.82918
H 87.03330 95.52470 -0.89338
H 95.60680 76.76320 0.11565
H 94.21050 79.42290 -0.65032
H 91.09740 79.54020 -0.81705
H 88.28800 79.63170 -0.90834
H 86.59190 81.84800 -1.37575
H 84.76800 84.50780 -1.33178
H 86.19950 87.26930 -1.55141
H 94.01770 90.54690 -1.38773
H 90.83980 90.33780 -1.20456
H 87.65620 90.02380 -1.48840
H 84.56980 89.87170 -1.15205
H 88.90290 92.85780 -1.01377
H 77.38580 89.56430 -0.66118
H 74.41240 90.23110 -0.49087
H 71.37790 90.88250 -0.11303
H 82.38350 91.18020 -0.95500
H 79.50430 91.79270 -0.76699
H 84.80730 93.09350 -0.99342
H 86.47250 75.10520 1.22035
H 83.58690 74.04620 1.05310
H 86.55850 77.82980 -0.17727
H 83.93110 80.04960 -0.54887
H 81.26970 81.86100 -0.04673
H 81.65480 84.97280 -0.49349
H 81.82670 88.37360 -0.87784
H 79.11960 86.85930 -0.42507
H 76.02380 85.61320 -0.46179
H 73.25560 87.42310 -0.48761
H 91.64010 72.46170 1.04076
H -0.46270 74.14300 -0.78436
H 92.62270 75.19020 -0.28704
H 89.68620 74.78100 1.32511
H 93.39850 95.93500 -0.61111
H 95.86800 82.11000 -0.91805
H 92.75830 82.18160 -1.02593
H 89.71540 82.18150 -1.12359
H 94.29610 84.95020 -1.14412
H 91.18910 84.91320 -1.25092
H 87.94540 84.70800 -1.34986
H 95.81050 87.77240 -1.13537
H 92.63330 87.70720 -1.25015
H 89.42400 87.49330 -1.39107
H 76.41830 92.69970 -0.56320
H 73.43960 93.35730 -0.41010
H 81.88150 94.14110 -0.79511
H 78.79650 94.93390 -0.62150
H 75.61400 95.68890 -0.52347
H 80.82090 72.52590 0.73655
H 83.69820 77.06760 0.58574
H 80.85530 75.70170 0.64750
H 78.09130 74.19980 0.48451
H 75.35640 72.75170 0.26909
H 81.01580 78.81240 0.28482
H 78.14920 77.41400 0.36909
H 75.34550 75.92540 0.27061
H 72.46990 74.51270 0.26269
H 78.34870 80.60280 0.09830
H 75.50420 79.11950 0.09995
H 72.66640 77.68330 0.07348
H 78.62760 83.75210 -0.18919
H 75.73540 82.40620 -0.13095
H 72.88450 80.92710 -0.12443
H 73.12270 84.18980 -0.35937
C 94.97970 95.23780 1.14733
C 91.79320 94.82300 0.91022
C 88.59350 94.56940 0.71367
C 95.76750 78.68080 1.19258
C 92.63460 78.62820 1.01376
C 88.08550 81.74080 0.52983
C 86.47480 83.64690 0.20685
C 84.66060 86.28090 0.20471
C 95.58380 89.60980 0.48492
C 92.45770 89.50670 0.43045
C 85.90610 89.15840 0.06160
C 90.41940 91.88860 0.67119
C 72.74400 89.23350 1.15779
C 80.59300 90.09520 0.63136
C 77.77840 91.45370 0.96321
C 83.17230 92.87800 0.85383
C 85.38050 94.73480 0.73456
C 82.48560 95.88540 0.85267
C 88.33960 74.97010 3.03760
C 85.13440 74.43900 2.98088
C 82.56080 72.35110 2.45236
C 85.64230 77.31700 2.07460
C 86.17640 80.19800 0.38343
C 83.18510 81.36710 1.38605
C 83.56290 84.72890 0.84526
C 81.10040 86.76110 1.08492
C 78.89350 88.74030 1.13317
C 75.56080 88.06050 -0.14377
C 72.30550 86.06020 1.15084
C 94.85380 74.41370 0.66586
C 92.07490 74.62670 2.15158
C 91.41750 77.23700 0.36395
C 94.23930 81.43650 0.71313
C 91.14870 81.62560 0.67563
C 95.80470 84.05550 0.53109
C 92.69040 84.09550 0.43566
C 89.57130 84.09290 0.27745
C 94.15650 86.79840 0.40141
C 90.99760 86.77300 0.28696
C 87.79980 86.55910 0.15865
C 89.16750 89.29950 0.24354
C 86.80740 91.92160 -0.18751
C 74.81140 92.04990 1.16669
C 71.83040 92.80510 1.35763
C 80.17850 93.52300 0.84002
C 77.02190 94.43310 1.01597
C 73.93670 95.13940 1.16587
C 82.59670 75.84450 2.35922
C 79.83780 74.20010 2.21329
C 77.10620 72.53300 1.99440
C 82.99260 79.21940 1.57201
C 79.94240 77.50260 2.00106
C 77.12360 75.87630 1.96484
C 74.32840 74.34880 1.86129
C 80.14540 80.56380 1.71928
C 77.28330 79.20460 1.78518
C 74.46470 77.63780 1.77253
C 80.54570 83.74450 1.34552
C 77.53790 82.40720 1.54142
C 74.71690 80.95910 1.55403
C 71.86020 79.45820 1.63167
C 77.86660 85.61830 1.24867
C 74.93800 84.26390 1.32152
C 71.99490 82.73730 1.33658
