2979
Frame 111
C 12.67890 95.92230 -1.49255
C 13.81530 1.08263 -1.11974
C 11.72070 3.26515 -2.41636
C 10.48860 6.65797 -2.52599
C 7.72042 9.26490 -2.09047
C 4.25607 9.04494 -3.19462
C 2.35151 8.91729 -4.06414
C 23.91140 0.44641 0.56962
C 21.97910 4.18776 1.02135
C 24.75320 6.12507 -0.25981
C 24.92070 12.02080 0.10488
C 19.28160 0.91924 -1.20548
C 16.01280 -0.68267 0.09989
C 19.21360 4.18469 -0.88776
C 22.72630 9.01965 0.23849
C 19.68750 7.88675 -0.22224
C 13.74810 5.05791 -0.61219
C 23.26690 13.03020 -0.19753
C 14.36370 8.41615 -1.09710
C 23.19920 16.25850 -0.11614
C 11.56910 10.34440 -1.10083
C 23.08950 19.50230 0.31232
C 12.27040 13.49000 -0.62709
C 9.13048 12.69540 -0.99248
C 22.94500 22.71610 0.48467
C 14.37770 17.63020 0.21285
C 10.97500 16.14360 0.89696
C 14.47640 21.39360 1.08653
C 20.58280 -0.84120 -0.99904
C 5.25902 10.79990 -0.75077
C 6.46166 14.27950 -0.00153
C 3.34002 14.18850 -0.57070
C 7.90467 16.62700 0.53583
C 2.04411 17.23430 -0.70780
C 9.25054 19.26120 0.73096
C 11.14880 21.93240 0.63395
C 9.26514 95.35950 -2.62577
C 10.73170 0.80337 -2.37936
C 7.35936 0.52914 -3.24861
C 4.02726 0.20516 -3.71875
C 8.82159 3.20648 -3.24405
C 5.34714 3.15831 -3.74993
C 2.04686 2.90517 -3.69888
C 6.94008 5.93580 -3.76472
C 3.44434 5.89071 -3.71420
C 16.23950 3.02041 -1.17992
C 16.86820 6.33449 -0.68980
C 20.38260 11.15050 0.67293
C 17.34720 9.62327 -0.29934
C 20.07880 14.73200 -0.12962
C 17.60940 12.80190 0.00900
C 14.70750 11.45470 -0.48738
C 20.35570 18.00820 0.16921
C 17.49290 16.37040 0.18982
C 14.78580 14.65700 -0.02123
C 20.11320 21.22380 0.66911
C 17.37790 19.65770 0.45816
C 4.79933 16.96030 0.01675
C 6.24294 19.71990 0.52842
C 3.36401 19.90430 0.14718
C 8.02769 22.14130 0.62629
C 4.76191 22.40310 0.43912
C 1.40203 22.61570 -0.06444
H 13.45840 -0.62288 0.67441
H 11.59590 1.80412 -0.33168
H 10.10830 4.45028 -1.42232
H 8.10229 7.02311 -1.84350
H 1.78295 6.46223 -1.89837
H 3.53660 9.09874 -0.70011
H 22.55000 1.91132 2.18079
H 24.42020 4.26942 1.40228
H 22.78190 6.64245 1.23761
H 24.72700 10.03160 1.59078
H 25.19560 15.85240 1.59532
H 19.94560 2.64802 0.64479
H 17.17520 1.09923 0.27332
H 19.94170 5.66267 1.17760
H 14.42580 2.84345 0.49523
H 14.82220 6.62452 0.60898
H 21.25870 12.88550 1.23489
H 12.05960 8.53767 0.10936
H 23.84040 18.04200 1.62929
H 21.27590 16.18580 1.57514
H 9.56708 10.61370 0.69507
H 23.99650 21.05780 2.10678
H 10.12440 13.82940 0.71904
H 12.71860 17.83820 1.52957
H 9.44379 17.50920 2.33204
H 22.02650 -0.96755 0.99610
H 1.16230 12.77680 -0.86145
H 6.88078 12.32500 0.39713
H 3.65353 12.10570 0.90695
H 7.62997 14.76690 2.33718
H 6.21270 17.70640 1.83261
H 11.01690 20.07890 2.55032
H 7.75320 20.37100 2.38577
H 10.45640 -1.10380 -0.79534
H 7.23970 96.31310 -1.49179
H 4.18198 95.95220 -2.05735
H 0.81026 95.69220 -2.19170
H 8.64504 1.57142 -1.42856
H 5.41953 1.37868 -2.10425
H 2.30474 1.01677 -2.18291
H 6.86947 4.09469 -2.07662
H 3.62158 3.97119 -2.13185
H 5.01530 6.73476 -2.36786
H 17.17450 4.33348 0.65148
H 20.46730 8.83448 1.37871
H 17.60330 7.74076 1.24803
H 18.06520 10.97600 1.66188
H 15.15270 9.70988 0.89540
H 18.36730 14.49840 1.69092
H 15.54360 12.88910 1.36504
H 12.57960 11.57390 0.87596
H 21.13720 19.47050 2.04912
H 18.45870 17.75070 1.69374
H 15.59270 16.15510 1.81295
H 12.84700 14.70470 1.45835
H 18.47200 21.03600 2.29602
H 15.54960 19.30660 1.75422
H 4.54685 14.96740 1.38104
H 1.47582 15.23880 0.63437
H 3.04360 17.86590 1.47080
H 4.55111 20.51190 2.08060
H 1.32221 20.65790 1.45954
C 11.55590 96.00100 1.42775
C 12.88730 1.31121 1.74988
C 11.11030 3.79819 0.88690
C 10.35380 6.82176 -0.58275
C 7.91344 9.01332 -0.05963
C 4.09989 7.64090 0.71635
C 1.36747 8.24966 -1.81599
C 23.54970 0.28885 2.43552
C 23.40850 3.03235 4.30380
C 24.00920 6.24168 2.97202
C 24.76810 11.83650 3.45053
C 18.82730 0.86838 2.26691
C 15.39300 -1.01188 2.15328
C 18.72400 4.01592 2.62081
C 22.70750 9.04374 2.13239
C 19.29400 7.40902 2.97656
C 13.14400 4.69866 1.23143
C 22.90100 12.81230 3.25607
C 13.65060 8.17133 2.14185
C 22.93060 16.03290 3.11403
C 11.10810 9.92224 2.22296
C 23.02400 19.41200 3.65762
C 11.60090 12.91160 2.58578
C 8.64861 12.40480 2.28816
C 23.33270 22.75420 3.66237
C 14.56680 17.65990 3.46195
C 11.34980 16.08040 2.83530
C 14.32230 21.15160 2.94882
C 19.83550 -1.07269 1.95984
C 5.62020 11.83150 2.51398
C 5.59090 13.68560 3.20258
C 2.59684 13.91700 2.46819
C 7.50603 16.53290 3.64769
C 1.05290 16.77580 2.51599
C 9.11097 19.17140 4.09533
C 11.04430 21.71990 3.78444
C 8.46784 95.66800 0.52978
C 9.63728 0.69444 0.63450
C 6.77406 0.68543 -0.12826
C 3.92480 0.22776 -0.47185
C 8.21123 3.55927 -0.03786
C 5.23643 3.21727 -0.47267
C 2.18760 2.85550 -0.53146
C 6.65173 6.03060 -0.46052
C 3.62525 5.84197 -0.45311
C 15.91720 2.61171 2.04413
C 16.37070 5.94072 2.39979
C 19.96910 10.90320 2.57850
C 16.69680 9.44685 2.81657
C 20.11900 14.43610 3.06367
C 17.26220 12.81020 3.17173
C 14.25820 11.24340 2.62173
C 20.26920 17.61640 3.37892
C 17.29210 16.20580 3.27475
C 14.56770 14.35660 3.10121
C 20.34440 20.99060 3.83779
C 17.48410 19.25230 3.42089
C 4.38688 16.62830 3.10849
C 6.01781 19.35070 3.67178
C 2.63884 19.57890 3.23427
C 7.75257 22.36230 3.85269
C 4.44463 22.45450 3.53472
C 1.02690 22.50550 3.00173
C 22.62830 26.19340 0.26708
C 20.13340 27.85070 1.28437
C 15.06020 24.94190 1.50029
C 18.74050 29.33970 0.54159
C 22.90710 29.15500 0.66514
C 24.30070 31.61460 -0.40785
C 23.55700 35.70860 -1.34132
C 25.81740 45.84930 -2.31929
C 22.29370 44.45010 -1.00329
C 20.96290 31.52330 2.10877
C 19.06960 32.66860 -0.47699
C 15.14800 28.09420 0.02100
C 19.61130 34.74940 -0.48986
C 13.03530 34.09390 -0.07159
C 20.53650 38.00940 -0.73644
C 10.84500 36.22760 -0.31213
C 21.52060 41.34240 -1.10937
C 18.33680 40.74450 -0.91720
C 8.78758 38.51640 -0.96013
C 4.18577 38.65130 -2.17264
C 16.39020 43.48460 -0.69249
C 2.75157 42.15760 -2.01589
C 14.15450 45.60320 -1.07115
C 5.15040 43.89180 -2.32602
C 2.92493 46.58300 -2.43198
C 13.15640 24.41900 0.52198
C 12.11370 27.66830 0.80952
C 12.80110 30.93650 0.03430
C 10.02880 30.23790 0.11926
C 9.44727 33.26740 1.37801
C 5.54821 33.30300 0.00893
C 7.66054 35.76130 1.84191
C 1.52380 36.11390 -0.36488
C 20.32020 24.29120 0.83654
C 17.44270 22.90260 1.01488
C 17.62580 26.00310 1.51497
C 16.24930 34.59210 -0.73730
C 17.21860 37.80620 -0.86988
C 14.13970 37.05920 -0.58519
C 15.20410 40.15390 -0.84322
C 12.23380 39.31250 -0.95391
C 13.17780 42.49280 -1.00918
C 9.97188 42.01290 -1.43022
C 6.67671 41.32130 -1.75192
C 11.09110 45.05390 -1.30312
C 8.02255 44.54420 -1.69343
C 6.02963 47.12960 -1.80378
C 9.64509 24.74300 0.42799
C 6.48788 24.93060 0.39491
C 3.21393 25.18430 0.13149
C 8.30935 27.56290 0.28782
C 4.92777 27.71470 0.09480
C 1.63267 27.96320 -0.03134
C 6.66814 30.34190 -0.02592
C 3.48399 30.61140 0.07755
C 2.39566 33.47850 -0.05033
H 0.82002 42.64240 -0.25974
H 23.88930 24.17920 1.46628
H 21.41000 25.84680 2.35536
H 15.82310 22.94950 2.47736
H 18.89490 27.29930 3.35658
H 16.15580 25.95490 3.65321
H 16.64700 28.33650 1.36261
H 24.13440 27.34350 1.80347
H 24.50210 30.54590 1.91093
H 21.65000 29.10890 2.87421
H 23.98500 40.65570 -1.37554
H 24.69810 43.77320 -1.36369
H 22.51800 42.70660 0.69785
H 20.41340 44.97880 0.67239
H 19.78220 33.76380 1.89052
H 16.86840 32.96470 0.73678
H 13.90070 32.54320 1.81066
H 20.94250 36.53680 0.96060
H 11.48410 34.77260 1.76140
H 21.68790 39.67880 0.86408
H 9.11637 37.18850 1.20127
H 19.56810 42.04070 0.42421
H 6.75065 39.69420 0.26948
H 2.55396 39.99500 -0.84727
H 17.48050 44.52240 0.49040
H 4.78358 42.21190 -0.54968
H 15.51570 46.92510 0.49546
H 3.05145 44.51690 -1.10869
H 12.66330 22.68390 2.13887
H 9.52651 23.00910 2.25199
H 11.34590 25.55520 1.75422
H 13.61170 29.52260 1.54510
H 11.17090 31.57630 1.78209
H 8.28763 31.11450 1.69328
H 7.11124 34.01310 1.90888
H 3.92851 34.37010 1.67852
H 0.70535 34.52270 1.42250
H 2.60754 37.28860 0.85481
H 21.28970 22.64590 2.32124
H 18.72260 24.24060 2.65963
H 23.43280 45.23740 1.00062
H 17.77110 35.98160 0.81647
H 14.69720 35.39220 1.13452
H 18.69660 38.89910 0.76472
H 15.55390 38.43500 0.87207
H 12.35250 37.76550 0.92141
H 16.51510 41.46680 0.77703
H 13.34390 40.74250 0.76326
H 10.15230 40.12870 0.18463
H 14.33200 43.85670 0.71073
H 11.19120 43.23900 0.36902
H 7.93810 42.65040 -0.08858
H 12.35040 46.30480 0.43653
H 9.18718 45.68490 0.14653
H 6.03232 45.14210 -0.32332
H 6.31264 23.17980 2.11719
H 2.95161 23.33650 1.76566
H 8.11079 25.84720 2.03243
H 4.85227 25.91680 1.82588
H 1.56837 26.07310 1.60082
H 9.97763 28.45420 1.87117
H 6.58674 28.59520 1.71058
H 3.31076 28.76230 1.57850
H 5.18627 31.48460 1.62620
H 1.93525 31.72830 1.63010
C 23.51310 25.73570 3.57482
C 20.79750 27.13050 4.40866
C 14.76070 24.18130 4.38525
C 16.73040 28.44210 3.97388
C 23.77450 28.90600 3.70766
C 23.42310 32.34770 2.94724
C 23.28590 35.57180 0.79249
C 24.86070 43.28580 1.08845
C 21.97300 44.22400 2.63932
C 20.43010 30.78190 4.00715
C 17.73300 33.11470 3.25073
C 15.79580 30.79990 1.65042
C 20.60230 35.14890 3.29277
C 13.50720 34.64420 3.22186
C 20.34640 38.39210 2.58237
C 11.00640 36.84320 2.84959
C 21.12600 41.59990 2.43905
C 18.26200 40.70550 2.30993
C 8.28089 38.78910 0.94295
C 4.55532 38.51240 -0.09871
C 16.05000 43.32130 2.36815
C 2.91163 41.69080 0.97965
C 14.07460 45.80410 2.14537
C 4.37828 44.05110 1.06710
C 2.29757 46.25090 0.74760
C 12.69800 24.57510 3.62276
C 12.19690 27.74620 2.59297
C 12.88030 30.92860 3.43442
C 9.91309 30.20940 3.40611
C 10.31860 33.35790 3.30767
C 5.32345 33.18200 3.48338
C 4.43659 36.16730 2.41305
C 0.81699 36.62090 2.62439
C 20.67610 24.22390 4.05640
C 17.66540 22.57460 4.01914
C 17.83310 25.34140 4.65874
C 16.55750 34.70870 2.64785
C 17.35170 37.85340 2.47683
C 14.11740 37.30080 2.54628
C 15.10570 40.32520 2.44262
C 11.52870 39.71510 2.17032
C 12.83250 42.70500 2.23179
C 9.51748 41.96710 1.71342
C 6.21815 41.54960 1.41553
C 10.89100 45.14050 1.96290
C 7.45068 44.52470 1.51449
C 5.43166 46.83850 1.39584
C 9.75056 25.02840 3.62858
C 6.40867 25.19410 3.56789
C 3.05171 25.20380 3.36695
C 8.17462 27.78170 3.48331
C 4.83042 27.83810 3.32045
C 1.54236 27.90710 3.17646
C 6.67350 30.46230 3.37062
C 3.50335 30.64010 3.18197
C 2.08637 33.56130 3.22825
C 20.25230 47.08050 -0.84183
C 17.35070 46.49350 -1.07778
C 15.23060 48.68780 -1.23924
C 16.64120 52.88830 -0.47447
C 14.13590 55.57390 -0.18334
C 17.72820 56.01620 -1.21218
C 20.16990 58.16450 -1.30462
C 21.96870 60.70730 -1.51432
C 24.00960 63.65690 -1.59137
C 18.75270 60.83060 -1.79260
C 16.21250 59.44170 -0.79038
C 13.70830 57.77110 -0.27676
C 10.33400 56.56460 0.00222
C 22.21960 66.27950 -1.73432
C 20.00990 64.24320 -1.16511
C 10.69330 60.23490 -0.36474
C 23.20520 69.40100 -1.61855
C 11.36290 63.28950 -1.54502
C 11.49550 66.71290 -2.43422
C 9.03733 68.71400 -2.93579
C 13.79050 48.23230 -2.74678
C 7.11625 49.94280 -1.56106
C 3.83744 49.46100 -2.01862
C 11.20190 53.98230 -1.12712
C 8.05759 52.97780 -1.54121
C 4.85829 52.39420 -1.93701
C 1.66739 51.76200 -2.19602
C 7.20845 55.85260 -0.23918
C 8.24270 57.72290 1.90883
C 7.03906 60.47800 -1.35895
C 9.12347 62.96660 -1.63677
C 8.19142 65.90120 -2.22248
C 6.88655 68.74280 -2.94567
C 23.37480 47.05620 -0.52194
C 21.41160 49.89300 -0.45731
C 17.75460 49.77390 0.17025
C 23.18700 52.33990 -0.67420
C 19.91320 52.48910 -0.71615
C 21.51130 55.13400 -1.05055
C 23.19510 57.94040 -1.12681
C 16.49350 63.41100 -1.89284
C 13.91620 61.45340 -0.50128
C 20.03650 68.11890 -1.78059
C 17.09520 66.51000 -1.96201
C 14.13250 65.18560 -1.95046
C 17.39010 69.60850 -2.36374
C 14.40160 68.21950 -2.41552
C 11.97740 69.91920 -2.97922
C 12.02970 48.03600 -1.30184
C 9.04561 47.60160 -1.30460
C 10.37950 50.79150 -1.12729
C 3.26121 55.42200 -1.22458
C 5.15885 58.28320 -1.38489
C 1.93566 58.77110 -2.00192
C 3.94522 61.14500 -1.83279
C 5.99701 63.52890 -1.97563
C 2.76011 64.13000 -2.22903
C 4.79540 66.47240 -2.55199
C 1.56392 67.32230 -2.60439
C 3.85668 69.53470 -3.03840
H 1.90827 49.93410 -0.35654
H 18.52960 47.55260 0.92942
H 16.07520 51.18500 1.25215
H 15.56580 54.25740 1.30614
H 16.08320 57.12010 -0.17657
H 21.67160 59.13390 0.45016
H 18.53800 59.19010 0.07421
H 23.45820 61.80770 0.05006
H 14.03330 56.75650 1.97834
H 12.07870 55.01620 0.91990
H 22.18570 64.42000 -0.17524
H 20.23190 61.97890 -0.23482
H 16.94230 61.65400 -0.31684
H 14.54830 59.73000 1.02485
H 11.66570 58.23890 0.81291
H 23.41530 67.45390 -0.02164
H 11.80550 62.25330 0.56709
H 12.16760 65.37520 -0.39159
H 9.64283 67.42630 -0.97872
H 10.03540 70.49180 -1.54072
H 13.43040 49.35130 0.37645
H 4.08247 47.56310 -0.45381
H 11.37310 51.91190 0.54027
H 8.27147 51.22670 0.20937
H 5.14494 50.57280 -0.26348
H 9.12753 54.39860 0.18185
H 6.13540 53.55840 -0.10198
H 3.06742 52.94060 -0.52591
H 6.98442 55.36430 2.28838
H 6.52848 59.03190 0.68961
H 8.69692 61.47860 0.28966
H 7.60633 64.44010 -0.29196
H 6.54646 67.27540 -1.05298
H 5.61933 70.34220 -1.49089
H 24.95390 47.84260 1.14362
H 21.63570 47.88470 1.02337
H 23.20680 50.62490 1.15358
H 19.94470 50.59190 0.89098
H 21.59940 53.42260 0.80265
H 18.43190 53.43620 1.18941
H 23.14110 56.17550 0.60971
H 19.81790 56.29030 0.39144
H 20.42460 66.38310 -0.13507
H 17.81430 64.81950 -0.33669
H 14.74160 63.71270 -0.07774
H 21.02820 69.58920 -0.38316
H 17.97860 68.19380 -0.40169
H 15.14760 66.84350 -0.43259
H 15.36030 69.95320 -1.02874
H 12.42760 68.50020 -1.04542
H 10.27970 48.82490 0.47256
H 7.10138 48.18040 0.14916
H 4.86522 56.42270 0.21880
H 1.51214 57.00850 -0.35877
H 3.40547 59.41060 -0.08656
H 5.48830 61.97360 -0.11663
H 2.32981 62.42870 -0.51549
H 4.42870 64.94700 -0.69595
H 1.33570 65.61940 -0.86386
H 3.44138 67.93120 -1.20815
H 2.42612 70.88420 -1.54352
C 20.19470 46.67150 2.61186
C 17.02300 46.25840 2.31184
C 14.94990 48.92780 1.90199
C 16.59760 52.54720 2.85747
C 13.68000 54.37310 2.65130
C 17.53130 55.70760 1.25398
C 19.88610 58.30730 1.93097
C 21.64030 61.34960 1.62296
C 23.80340 63.80260 1.51492
C 18.56750 61.22130 1.42633
C 16.55690 58.91920 1.48885
C 13.30220 59.08000 2.61623
C 11.75600 56.61800 2.72464
C 22.15080 66.18540 1.52365
C 19.96310 64.19630 0.69227
C 10.56890 60.31170 1.48362
C 22.72040 69.33330 1.42911
C 11.10010 64.09650 1.59691
C 11.32060 67.29700 0.79667
C 9.02776 69.42170 0.35045
C 13.93060 51.93250 0.62666
C 6.62354 50.02580 1.62573
C 3.35134 49.38710 1.11425
C 10.38170 53.75560 2.18170
C 7.64928 52.98830 1.74811
C 4.60964 52.34280 1.40325
C 1.41899 52.04620 1.11831
C 5.03530 55.15100 2.45962
C 7.36449 57.40050 3.76542
C 6.69075 60.87230 1.85368
C 8.86898 63.44100 1.71301
C 8.07121 66.45360 0.68915
C 6.91246 69.27100 0.30432
C 23.26950 46.97850 2.66757
C 21.41490 49.77510 2.61737
C 18.04870 49.63690 2.10306
C 23.22120 52.61900 2.52328
C 19.86320 52.59290 2.49050
C 21.21920 55.52140 2.10880
C 23.12280 58.30820 2.01280
C 16.70540 63.51120 1.36851
C 13.78550 62.07850 1.55525
C 19.76370 68.21340 1.24678
C 16.96460 66.57590 1.19458
C 13.97570 65.55000 1.30514
C 17.04650 70.07620 0.79629
C 14.11970 68.70800 0.73299
C 11.87580 70.62200 0.05032
C 12.00550 48.16100 2.08442
C 8.73560 47.44450 1.83339
C 9.76954 50.46730 2.11870
C 2.74710 55.10380 0.54190
C 4.37197 58.19320 1.87116
C 1.48135 58.50870 1.22274
C 3.55155 61.38690 1.33547
C 5.65065 64.06680 1.22103
C 2.59932 64.38550 0.85842
C 4.79101 66.90840 0.61435
C 1.84503 67.56130 0.57046
C 3.84450 69.92520 0.24924
C 9.64734 89.85980 -1.98592
C 11.16630 92.85560 -1.88394
C 7.96039 92.66600 -2.74752
C 4.60574 92.18280 -3.42961
C 1.54988 92.07670 -4.28463
C 4.93779 74.79290 -3.89413
C 9.76538 77.95910 -4.04268
C 6.46069 77.79680 -4.02387
C 3.35836 77.60040 -3.98093
C 12.15010 86.30300 -5.04287
C 10.39430 87.95350 -2.00563
C 6.69167 89.70800 -2.94694
C 3.41776 89.53150 -3.88639
C 23.14610 80.20170 -1.14865
C 19.92880 81.42120 -1.66479
C 16.98780 83.33210 -2.82442
C 13.89300 85.65310 -5.80510
C 13.34750 87.22970 -2.19184
C 12.71850 90.37030 -1.52785
C 14.86610 92.75220 -1.21565
C 17.61180 94.67000 -1.11877
C 23.34440 94.99070 -0.32533
C 23.48420 72.72020 -1.43451
C 23.71950 76.41790 -0.68193
C 20.93520 77.89490 -1.60172
C 9.22866 71.73270 -3.58918
C 15.81910 77.86040 -3.79569
C 13.23780 76.62180 -4.53169
C 8.40493 74.86910 -3.26965
C 16.05010 81.53990 -3.36771
C 5.92252 72.01900 -3.43860
C 2.70411 72.49550 -3.36987
C 6.15349 95.09080 -3.29673
C 2.63540 95.11500 -3.72630
C 7.95636 80.61330 -4.50511
C 5.00849 80.42670 -4.23603
C 1.93414 80.49020 -4.37697
C 9.57311 83.39550 -4.87476
C 6.31259 83.39080 -4.43575
C 3.29186 83.43590 -4.41061
C 7.99716 86.54020 -4.06042
C 4.88304 86.52320 -4.27262
C 1.78284 86.36240 -4.50091
C 22.40460 83.44880 -1.27615
C 19.51360 85.01630 -1.93662
C 16.51840 86.41610 -2.27122
C 21.88280 86.89700 -1.06311
C 19.05820 88.31380 -1.45521
C 15.70960 89.45480 -1.77158
C 24.34690 88.77740 -0.53308
C 21.28430 90.14670 -0.79715
C 18.11660 91.43500 -1.24864
C 24.00720 92.09500 -0.45380
C 20.91990 93.22510 -0.86145
C 20.48850 71.20410 -2.17750
C 20.74240 74.40040 -2.36437
C 17.93510 72.87320 -2.76580
C 14.91010 71.32990 -3.09266
C 18.16050 76.25040 -2.96046
C 15.47110 74.48440 -3.70739
C 12.28510 73.21280 -3.85119
C 18.41460 79.56430 -2.80810
H 10.71090 91.07970 -0.16353
H 7.71187 90.90150 -1.09644
H 12.27200 93.93640 0.06119
H 5.93264 93.30730 -1.63481
H 2.78728 93.04400 -2.29784
H 6.44071 76.10250 -2.39590
H 3.21580 76.11160 -2.37305
H 8.13137 78.94940 -2.59126
H 9.62483 81.66500 -2.73886
H 11.27170 84.31620 -3.67277
H 8.76362 88.38900 -0.14568
H 4.68071 90.23230 -1.76806
H 1.46829 90.19290 -2.72307
H 22.46590 78.27050 0.17919
H 21.67660 81.57440 0.19382
H 18.41490 83.05290 -0.72455
H 15.55660 84.39230 -0.95629
H 14.16150 86.01010 -3.26588
H 12.07010 88.27680 -0.27903
H 14.30910 90.67880 -0.04595
H 16.82790 92.73700 0.37671
H 15.02250 94.88920 -1.08569
H 19.52490 94.68210 0.12880
H 24.10680 70.72960 0.03543
H 23.90470 74.25070 0.59761
H 21.39110 75.78580 -0.45865
H 18.61340 77.80630 -1.64000
H 13.19560 74.83520 -2.72597
H 10.27910 73.56970 -2.39083
H 7.52737 72.84210 -2.23388
H 15.94130 79.45140 -1.80712
H 13.28770 77.98000 -2.86980
H 4.48859 73.38180 -1.90363
H 9.07145 93.73430 -0.85011
H 4.88805 78.91720 -2.41265
H 1.70332 78.86210 -2.53084
H 6.51839 81.66000 -2.70605
H 3.39353 81.67420 -2.83625
H 8.15045 84.48670 -3.01323
H 4.90577 84.49680 -2.83824
H 1.73412 84.55390 -2.89386
H 6.26169 87.31620 -2.24574
H 3.15519 87.33620 -2.69671
H 24.53840 80.23170 0.90112
H 23.93420 83.66490 0.75034
H 21.00570 84.97280 0.09470
H 18.06010 86.28320 -0.42692
H 15.14920 87.44700 -0.54804
H 23.38590 86.98690 0.91945
H 20.47090 88.18110 0.58783
H 17.42020 89.39790 0.03674
H 22.97580 90.22120 0.95754
H 19.76850 91.50100 0.63739
H 22.45520 93.39670 1.11930
H 21.21170 72.81020 -0.50024
H 18.37440 71.28710 -0.89363
H 18.61110 74.49860 -1.16150
H 15.71910 73.08470 -1.73614
H 12.87800 71.85990 -1.81063
H 15.86440 76.16230 -2.03522
C 8.73420 90.55430 1.10868
C 10.49720 93.17610 1.15708
C 7.31883 92.77100 0.36746
C 4.20868 91.97780 -0.40804
C 1.16007 91.78280 -0.85744
C 4.88477 75.43830 -0.51579
C 9.88765 78.22910 -0.95084
C 6.59638 78.17480 -0.84013
C 3.23556 78.13490 -0.76679
C 13.06940 82.66000 -3.20714
C 10.10190 87.66830 1.26191
C 6.36545 89.04170 -0.43072
C 2.87737 89.08260 -0.89147
C 22.30600 79.96130 1.89891
C 19.43000 80.83860 0.20229
C 16.15890 82.35600 0.33698
C 13.21400 84.06910 -1.80075
C 13.24980 86.97700 1.04897
C 12.25150 90.12860 1.36264
C 14.48180 93.06150 0.66907
C 17.76010 94.11030 1.98982
C 22.68050 95.10740 2.85809
C 22.77630 72.42720 1.52099
C 22.65840 76.25970 1.58992
C 20.10560 77.79370 0.16029
C 9.31530 72.49070 -0.38529
C 14.18300 77.69220 -0.91339
C 10.82830 77.07510 -2.48964
C 8.48784 75.04020 -1.54413
C 14.65560 81.00530 -0.35747
C 6.11000 72.52410 -0.28062
C 2.77239 72.93960 -0.12251
C 5.48641 95.12250 -0.18185
C 2.47079 94.78950 -0.60716
C 8.54356 81.10630 -1.35567
C 4.87723 80.94840 -1.08018
C 1.77268 80.91410 -1.19687
C 10.08690 83.93800 -1.40011
C 6.54442 83.62110 -1.23935
C 3.20858 83.54890 -1.26858
C 8.04654 86.17180 -1.04030
C 4.66014 86.23500 -1.00068
C 1.54548 86.31860 -1.18255
C 21.67280 83.07320 1.69648
C 18.67770 84.32530 1.02818
C 16.00130 85.60320 0.89193
C 21.26200 86.39360 2.12684
C 18.25730 87.69080 1.61045
C 15.35650 88.94020 1.38294
C 23.68370 88.60730 2.74341
C 20.90860 90.02810 2.26167
C 17.67830 90.96580 1.92811
C 23.25060 91.93390 2.82374
C 20.15560 93.36550 2.21346
C 19.93340 71.29870 0.97352
C 19.93600 74.43030 0.93077
C 17.13160 73.12670 0.26524
C 14.44820 71.94200 0.06143
C 17.26490 76.38170 -0.11425
C 14.47230 74.82000 -0.58843
C 11.90910 73.88070 -0.78373
C 17.07980 78.65930 0.13288
C 38.38510 0.30535 1.50931
C 35.24880 0.13111 1.00437
C 39.47390 3.10821 1.77494
C 48.26720 9.35334 1.38138
C 45.14680 8.89998 1.39887
C 41.98630 8.54445 1.47726
C 42.86860 11.37450 1.04827
C 33.65000 -0.52708 1.97700
C 27.48650 0.52486 0.45359
C 35.88950 2.98779 2.08988
C 37.43550 5.70217 1.47664
C 38.89610 8.44442 1.51561
C 26.37380 8.91204 0.07683
C 40.72510 11.00280 1.14582
C 39.58420 13.88600 0.58245
C 26.48280 14.87340 0.32110
C 28.09230 17.59920 0.77973
C 36.51460 19.93020 0.00888
C 33.24140 20.21120 0.67402
C 29.93090 20.10900 0.86318
C 26.31410 20.73870 1.24797
C 49.36040 10.90950 0.70478
C 46.03970 11.97500 1.14794
C 44.23200 14.07990 -1.27592
C 43.27600 17.36990 -1.14072
C 40.30260 19.07570 -0.68442
C 40.12360 22.00840 -0.63681
C 47.64500 1.16353 2.33679
C 44.52600 0.68476 2.28937
C 41.48590 0.47047 1.97173
C 49.07440 4.01150 2.01397
C 45.79770 3.69275 2.10808
C 42.65130 3.27285 2.12828
C 47.17200 6.40303 1.70771
C 43.86830 5.95911 1.75099
C 40.71860 5.79500 1.71166
C 30.63110 0.10905 1.23728
C 32.42380 2.95645 1.35666
C 29.21820 3.20372 0.76777
C 25.90190 3.24777 0.31038
C 34.07820 5.72231 1.29735
C 30.89340 5.84998 0.99628
C 27.96080 5.93392 0.53385
C 35.80330 8.55736 1.28110
C 32.61530 8.49723 1.13425
C 29.55510 8.80571 0.70016
C 37.51400 11.16650 1.09543
C 34.14360 11.27890 0.96967
C 31.12500 11.28010 0.83293
C 28.02860 11.78440 0.44089
C 35.98200 13.80030 0.55352
C 32.72720 14.11790 0.67619
C 29.68070 14.54640 0.51853
C 37.90120 16.36380 -0.10461
C 34.57820 16.87230 0.19719
C 31.45680 17.28870 0.56563
C 49.17120 14.11170 0.08585
C 46.28900 15.87870 -0.42295
C 48.92620 17.27630 -0.45005
C 45.97320 18.88090 -0.76993
C 43.13930 20.69110 -1.00083
C 48.71610 20.29590 -1.03096
C 45.78310 21.85140 -1.38899
H 36.60970 0.69197 2.90049
H 40.89610 4.10768 3.51778
H 37.77730 3.81603 3.06456
H 48.63940 7.74851 3.29823
H 42.24610 6.96030 3.28778
H 46.54610 10.26230 2.80592
H 43.44470 9.89642 2.89393
H 30.43970 96.20830 3.27541
H 27.59070 96.07330 1.93739
H 32.17760 1.21175 2.92225
H 25.71150 1.29108 1.85715
H 33.86200 4.08321 3.13146
H 39.01200 6.68390 3.18517
H 35.68200 6.79101 2.91419
H 40.40430 9.51629 3.08750
H 39.18020 12.37010 2.57031
H 26.39730 12.87860 1.93278
H 40.68580 15.22200 1.96901
H 37.69260 14.92160 1.91957
H 36.38310 17.81840 1.26481
H 26.84820 18.48790 2.51583
H 34.68920 20.94940 1.69786
H 31.69220 20.71700 2.70372
H 28.64390 21.10720 2.22720
H 48.27870 12.76820 1.89667
H 45.28070 14.25120 1.14540
H 42.79120 15.40910 -0.46794
H 42.15080 19.03310 0.42384
H 39.58790 20.62660 1.42556
H 24.56470 95.90890 1.59278
H 47.83430 -0.57039 4.03974
H 44.69440 -1.05900 3.98175
H 41.59380 96.13480 3.39042
H 38.59150 95.77480 2.81635
H 49.17860 2.34161 3.78486
H 45.94570 1.92280 3.85528
H 42.81810 1.45816 3.86048
H 39.66240 1.24393 3.44092
H 47.39870 4.85497 3.57358
H 44.14140 4.46256 3.68528
H 45.33010 7.30901 3.13342
H 28.91140 1.37510 2.36099
H 30.58310 4.11988 2.65575
H 27.45230 4.11704 2.12768
H 32.41210 6.83073 2.69896
H 29.17120 7.01511 2.41160
H 26.06280 7.07442 1.64734
H 37.33350 9.57086 3.03077
H 34.13740 9.65733 2.79747
H 30.90820 9.63194 2.60096
H 27.77380 9.82648 1.92423
H 35.87240 12.31760 2.53885
H 32.61870 12.43540 2.53045
H 29.52980 12.66770 2.18990
H 34.52660 15.17490 2.09343
H 31.33730 15.39710 2.19819
H 28.17470 15.50110 2.16127
H 33.24460 18.07430 2.01163
H 29.94650 18.11350 2.34118
H 48.09880 16.00440 1.31701
H 44.86560 17.46280 0.86704
H 47.75120 19.03700 0.92127
H 44.92990 20.61270 0.59792
H 42.18810 22.28610 0.61206
H 47.68360 22.21350 0.08759
C 38.10510 -0.19601 4.62928
C 35.06890 -0.59723 4.18796
C 39.17760 3.09592 4.96959
C 48.29150 9.99888 4.44205
C 45.24160 9.34200 4.53566
C 42.09970 8.89753 4.68850
C 42.91800 11.85230 4.31189
C 33.42850 0.50372 4.96620
C 27.10040 0.28127 3.60562
C 35.65450 2.66774 3.85431
C 37.16980 5.61931 4.55392
C 38.83250 8.62301 4.72550
C 25.86530 8.94600 3.33704
C 40.77600 11.63680 4.29554
C 39.19560 14.50740 3.89275
C 26.42350 14.71070 3.64053
C 28.14390 17.27210 3.92340
C 37.17600 20.30270 1.97026
C 33.71420 19.79310 3.80792
C 29.89440 19.81630 4.11450
C 26.24870 20.96320 3.13109
C 49.23930 11.68480 3.85659
C 46.07650 12.61900 2.96106
C 43.08580 14.17930 1.91379
C 42.64980 16.94930 1.73235
C 40.77170 19.55540 2.52603
C 40.66790 22.77340 2.47894
C 47.72200 1.44893 5.41508
C 44.46110 0.87378 5.54483
C 41.14480 0.28120 5.15960
C 49.09690 4.30657 5.25023
C 45.88440 3.91071 5.28290
C 42.48090 3.47318 5.26215
C 47.03950 6.92148 4.90594
C 43.93810 6.57521 4.95360
C 40.66110 6.03488 4.90125
C 30.13850 0.46922 4.36343
C 31.95480 3.21146 4.44983
C 28.69850 3.20980 4.01380
C 25.38210 3.17619 3.39329
C 33.90480 5.76762 4.42906
C 30.59580 6.07679 4.18459
C 27.24430 6.05500 3.59065
C 35.62190 8.69271 4.55736
C 32.50330 8.73947 4.31407
C 28.92140 8.97912 3.92416
C 37.58280 11.74750 4.24781
C 34.20980 11.67970 4.22886
C 30.86780 11.64250 4.06956
C 27.80220 11.69240 3.59987
C 36.20950 14.45520 3.75968
C 33.01150 14.49960 3.87950
C 29.77320 14.51010 3.81898
C 38.87140 16.99240 1.50615
C 35.01150 17.19220 3.42302
C 31.78570 17.26440 3.73273
C 48.90360 14.64770 3.25159
C 45.90540 15.97240 2.57567
C 48.75350 17.90890 2.81499
C 45.74550 19.13680 2.38052
C 42.99140 20.64400 2.12215
C 48.69170 21.08410 2.05795
C 45.94870 22.48080 1.72911
C 48.89260 29.76460 0.05540
C 47.45390 32.61500 -0.08383
C 49.23990 35.61190 -0.32135
C 47.78810 38.22870 -0.83347
C 37.35340 23.51990 -0.80837
C 39.83360 25.95150 -0.50551
C 42.58310 27.42290 -1.31577
C 48.61770 27.18510 -1.87305
C 45.75870 28.98760 -1.78828
C 36.66570 25.55000 -0.94240
C 33.51140 23.79280 -0.33250
C 29.76250 23.23880 1.64282
C 40.28660 29.68110 -1.35595
C 37.19330 28.43350 -0.89996
C 28.01830 25.37980 -0.13329
C 43.92090 33.21240 -0.71110
C 40.66050 32.75680 -1.34294
C 25.67960 27.24020 -0.13292
C 41.65050 36.54510 -0.66350
C 38.98600 38.12820 -1.19497
C 36.96890 40.60680 -0.82596
C 34.38560 42.42290 -1.22170
C 31.17370 41.14960 -1.17636
C 27.92780 40.16640 -2.27429
C 24.59180 39.05320 -2.73757
C 24.63250 42.52750 -3.24197
C 31.66670 44.44300 -0.68343
C 28.34740 44.09470 -0.68175
C 32.73980 47.21220 -0.62214
C 45.66120 35.74540 -0.04347
C 44.25710 38.58540 -0.91650
C 41.54520 40.01630 -1.28077
C 46.52560 40.89580 -1.37581
C 40.87500 43.42060 -1.22353
C 37.64990 44.76460 -1.68943
C 35.00820 45.68190 -0.18414
C 46.93150 44.10300 -1.72662
C 42.73590 23.72140 -1.30051
C 48.41360 23.65700 -1.79734
C 45.49100 24.95760 -2.15964
C 34.10330 27.39900 -0.74443
C 31.01280 26.26810 -0.49986
C 37.67230 31.86690 -1.10238
C 34.65400 30.46090 -0.80238
C 31.50730 29.49690 -0.59430
C 28.58570 28.29450 -0.20376
C 38.39100 34.73150 -1.22089
C 35.29270 33.58890 -1.03667
C 32.29950 32.51220 -0.84289
C 29.22030 31.32070 -0.52432
C 26.00470 30.31430 -0.07751
C 35.94420 36.91930 -1.29353
C 32.82280 35.55520 -1.02512
C 29.69590 34.74640 -0.91507
C 26.92600 33.36060 -0.70668
C 33.73490 38.99520 -1.29708
C 30.52290 37.64340 -1.31712
C 27.01170 36.64530 -0.94303
C 29.77120 46.77930 -0.41387
C 43.83390 42.08020 -1.37057
C 43.84680 45.33070 -1.35722
C 40.80260 46.28000 -1.07442
H 47.53880 30.98500 1.87440
H 49.15970 33.79010 1.40511
H 47.64400 36.66430 1.14132
H 39.27960 23.90410 0.78367
H 42.13090 25.50700 0.17721
H 40.79690 28.03990 0.26502
H 47.35110 28.31600 -0.01066
H 44.53640 29.64740 0.44632
H 37.93360 26.77750 0.74532
H 34.91840 25.63580 0.79184
H 31.80530 24.56090 1.20693
H 41.59910 31.08290 0.42720
H 38.49900 30.07850 0.36139
H 29.52500 26.70780 1.40076
H 26.63590 25.28770 1.42168
H 41.92270 34.20510 -0.02231
H 39.43840 36.24730 0.30776
H 40.84170 38.54090 0.39889
H 24.88080 33.55480 0.99991
H 37.67430 41.28890 1.57384
H 31.72020 39.24060 0.17814
H 28.66210 38.04490 -0.27952
H 24.61340 37.58600 -0.50985
H 35.54630 43.45980 0.67296
H 32.52730 42.61290 0.33603
H 28.20400 42.35500 0.44399
H 32.98800 45.49460 1.03460
H 29.88440 45.04550 1.11455
H 45.84840 33.52170 1.10179
H 43.74670 37.16580 0.55257
H 46.12730 39.37630 0.58393
H 43.30570 40.46330 0.39048
H 40.49110 41.58500 0.57884
H 38.26920 42.87570 -0.90983
H 45.86970 42.54450 0.01293
H 44.85790 23.71210 -0.09715
H 47.59360 25.24520 -0.81207
H 44.72720 26.78250 -1.06324
H 35.46140 28.82590 0.83679
H 32.39140 27.75860 0.90708
H 39.02470 33.11730 0.51215
H 35.96730 31.93560 0.69801
H 32.93370 30.86040 0.88609
H 29.94200 29.74680 1.25552
H 26.97380 28.58040 1.48561
H 36.47730 35.15240 0.32144
H 33.50050 34.00210 0.68632
H 30.45400 33.02030 0.74669
H 27.44750 31.73930 1.11135
H 37.08250 38.39890 0.29770
H 34.06370 37.23710 0.40227
H 31.00260 36.07530 0.63776
H 27.88670 34.97710 0.81525
H 34.75880 40.50060 0.23616
H 26.61220 45.00000 1.03334
H 42.91490 43.65020 0.16972
H 40.09540 44.70240 0.81681
H 37.30940 46.05980 0.43851
H 45.88260 45.68390 0.00673
H 42.75280 46.79230 0.41382
C 49.02510 30.46180 3.17676
C 47.12780 33.26320 2.87703
C 49.25480 35.81250 2.84424
C 47.73250 38.44430 2.27336
C 37.62120 23.62290 2.56562
C 40.16600 26.05150 1.48597
C 43.15620 27.61560 0.84468
C 47.02960 27.11390 1.89602
C 46.01190 29.89670 1.47645
C 36.78160 25.61960 2.50187
C 34.18530 23.46010 1.47284
C 31.47970 22.81280 3.22582
C 40.50630 29.86820 1.90804
C 37.54020 28.71030 2.14410
C 28.73930 24.99910 2.95760
C 43.84300 32.09800 0.97772
C 41.06420 33.07950 1.99882
C 26.18070 27.09050 3.23032
C 41.63680 36.37180 1.28451
C 38.90320 38.06040 1.85035
C 36.28570 40.00920 2.15558
C 34.41720 42.23630 1.97615
C 30.43980 41.28210 0.73838
C 28.06480 39.87690 -0.36672
C 23.42590 38.89580 0.53346
C 25.74980 41.75330 -0.02433
C 31.72610 43.89530 2.30342
C 28.22790 43.82220 2.56956
C 32.88970 47.20460 2.73860
C 45.37510 35.80620 1.81098
C 44.19830 38.86190 2.08571
C 41.77220 39.94120 2.18059
C 46.42060 41.20960 2.03350
C 41.58860 43.26850 2.23752
C 37.83530 43.85310 1.44225
C 35.30290 45.60580 1.77854
C 47.20210 44.08110 1.38959
C 43.37850 24.16720 1.71509
C 48.48390 24.26580 1.19419
C 45.88210 25.75390 0.86464
C 34.34560 27.33180 2.46547
C 31.57930 26.28190 2.81479
C 37.91400 31.67150 2.16502
C 34.88440 30.64380 2.41905
C 31.95620 29.46350 2.62222
C 28.92570 28.46400 3.00392
C 38.20390 34.91370 1.96616
C 35.49280 33.72240 2.14283
C 32.25480 32.70180 2.37298
C 29.39170 31.74530 2.57550
C 26.65520 30.41970 3.02734
C 35.83180 36.94960 1.93604
C 32.86320 35.89810 2.12758
C 29.77120 34.77430 2.40646
C 26.51960 33.58130 2.53286
C 33.22260 39.22440 1.67967
C 30.10640 38.07600 1.69077
C 26.63860 37.15130 0.97973
C 29.72690 46.97430 2.67486
C 44.18190 42.13110 1.75769
C 44.08490 45.21710 1.70610
C 41.00800 46.60700 2.19790
H 37.19030 59.86610 0.10943
H 34.70660 58.24000 -0.08766
H 40.26140 63.24550 0.12826
H 37.18800 62.58590 -0.11201
H 44.53110 67.86740 0.13842
H 40.92630 66.44150 0.26598
H 29.07490 62.10170 0.49718
H 44.60120 70.94700 0.14894
H 25.51830 64.77440 -0.03982
H 26.32870 68.44050 -0.11346
H 27.58760 71.31610 0.62285
H 34.31040 61.36720 0.06297
H 37.89920 65.49660 0.02770
H 34.70630 64.54510 -0.01655
H 31.81320 63.44570 0.31499
H 41.65190 69.57530 -0.15271
H 38.47650 68.62300 -0.07559
H 35.34560 67.65860 -0.10401
H 32.26130 66.74090 -0.10099
H 29.19300 65.29890 0.08361
H 36.04240 70.77000 -0.07366
H 33.01420 69.93000 0.09424
H 30.02720 69.00180 0.43090
C 47.84730 65.62930 -3.00306
C 49.17810 69.08690 -0.99591
C 35.00250 49.93510 0.14282
C 35.78590 53.40910 -1.86662
C 33.97700 55.92330 0.45603
C 31.35370 55.12330 -0.76175
C 30.28930 58.16950 -0.40660
C 28.12090 60.58270 -1.12202
C 25.11110 60.75300 -1.41044
C 36.94230 57.89060 -1.27020
C 39.14880 61.15470 -0.50668
C 35.97070 61.05520 -1.67801
C 33.24970 59.79880 -1.53001
C 43.20200 66.03250 -0.87897
C 39.84320 64.81240 -1.39350
C 30.72500 61.79980 -1.27198
C 43.57490 69.59920 -1.64614
C 27.64940 63.61600 -0.72182
C 25.24190 66.76680 -1.59161
C 26.18710 70.50410 -1.43434
C 37.81390 47.93840 -0.99702
C 37.84590 51.08470 -0.82698
C 37.51940 54.45070 -1.53587
C 40.00580 56.28480 -1.37503
C 42.19210 58.45170 -1.23772
C 48.16420 58.85410 -0.96379
C 42.24270 61.95590 -1.02144
C 47.32510 62.05040 -0.94478
C 45.57060 63.24550 -0.92806
C 26.38440 46.81040 -0.57838
C 31.38970 49.81330 -0.49643
C 28.04990 49.59600 -0.59823
C 24.76080 49.59330 -0.49415
C 32.89180 52.28420 -0.80640
C 29.53760 52.34250 -0.81975
C 26.23480 52.35630 -0.76348
C 28.18940 55.21880 -0.94301
C 24.78600 55.22000 -0.92184
C 26.63480 57.85510 -1.11038
C 36.56260 64.15160 -1.61866
C 33.43260 63.02270 -1.49767
C 40.33830 68.02050 -1.57558
C 37.20930 67.18210 -1.62208
C 34.02020 66.24420 -1.68763
C 30.92910 65.03980 -1.39153
C 37.79590 70.33650 -1.72235
C 34.67140 69.44530 -1.60693
C 31.58330 68.60300 -1.46078
C 28.34380 67.51420 -0.82935
C 32.22160 71.76040 -1.37020
C 29.27640 70.73810 -1.18278
C 46.76870 47.39590 -1.16959
C 43.56670 48.60530 -1.15495
C 40.56360 49.74640 -1.06144
C 46.33590 50.58370 -1.00289
C 43.36390 51.82050 -1.07831
C 40.48210 53.08430 -1.15202
C 46.11630 53.57740 -1.03466
C 42.74420 54.95010 -1.20426
C 48.73320 55.69040 -0.97968
C 45.50040 56.97080 -1.21325
C 44.92040 60.04260 -0.97130
H 47.69650 64.67850 -1.04274
H 49.32980 67.03170 0.56436
H 47.36320 69.39910 0.12140
H 34.45340 47.72270 0.98843
H 32.92150 50.68310 1.22593
H 34.42160 53.42360 0.26110
H 32.44830 57.42980 1.90111
H 31.48290 60.05060 0.23636
H 28.12030 58.97730 0.53558
H 26.51380 61.74970 0.28388
H 37.18480 49.31030 0.94834
H 48.39000 47.60090 0.81814
H 39.53490 51.40470 0.41727
H 39.27520 54.67820 0.29833
H 36.42440 55.84460 0.01780
H 38.95090 57.69390 0.31912
H 41.35480 60.08230 0.05397
H 46.88290 60.19070 0.57607
H 44.18230 61.88110 0.63770
H 31.26570 47.98630 1.11417
H 28.06150 47.88590 1.02510
H 29.61030 50.66260 1.02396
H 26.42100 50.64040 0.99951
H 31.22430 53.36670 0.69677
H 27.96390 53.41240 0.73587
H 24.77640 53.45440 0.83676
H 29.63840 56.13240 0.79856
H 26.49690 56.10260 0.58689
H 24.88060 58.92930 0.27226
H 39.87670 47.91260 0.42851
H 45.44410 48.84130 0.47314
H 42.41470 50.10520 0.53521
H 48.20370 50.77190 0.62374
H 45.10040 52.03630 0.62331
H 42.23130 53.30780 0.56723
H 47.84320 53.95580 0.54673
H 44.71320 55.18430 0.27569
H 41.77320 56.58730 0.28740
H 47.33750 57.06240 0.44134
H 44.17850 58.42950 0.29901
C 46.97220 66.98250 -0.15879
C 48.69810 68.77490 2.23251
C 35.07350 49.83360 2.00774
C 36.29900 52.89370 1.96063
C 32.79630 57.20690 3.90034
C 31.16470 55.24350 2.33499
C 30.20480 58.40760 1.62162
C 27.83890 60.71760 2.07549
C 24.86700 60.88120 1.82007
C 36.72690 57.84720 1.46491
C 39.30300 59.95070 1.36733
C 36.12450 61.34210 1.71073
C 33.52160 59.72160 1.64283
C 43.12070 65.78070 1.02117
C 39.59830 64.97960 1.77617
C 30.95810 61.73710 1.91923
C 43.54150 69.04420 1.44390
C 27.48970 63.79560 1.12767
C 25.29550 66.76760 1.53316
C 25.71050 69.89360 1.78149
C 38.20880 47.43780 2.22456
C 38.61510 50.48090 2.54803
C 37.34900 54.67750 1.90067
C 40.02220 56.30740 2.02235
C 42.31860 58.52680 1.83325
C 47.94210 58.68440 2.16420
C 42.02510 62.42290 0.85647
C 47.19090 61.89270 2.27996
C 45.53220 63.19510 2.25324
C 26.59610 46.68330 2.60493
C 31.20040 49.80460 2.71978
C 27.98110 49.69970 2.65858
C 24.88700 49.71640 2.71696
C 32.93860 52.48650 2.37701
C 29.60510 52.67400 2.41018
C 26.36360 52.63330 2.42403
C 27.98360 55.26520 2.39605
C 24.76480 55.45030 2.26321
C 26.39960 58.03960 2.00985
C 36.57030 64.22500 1.62614
C 33.60510 63.10460 1.68044
C 40.41480 68.17130 1.48965
C 37.11120 67.31510 1.52027
C 34.09730 66.32450 1.56571
C 30.99080 65.44110 1.62320
C 37.86410 70.38380 1.57631
C 34.92890 69.40300 1.58976
C 31.68520 68.45720 1.77424
C 28.27370 67.42890 1.10434
C 32.52770 71.63450 1.79114
C 29.14970 70.83380 2.07225
C 46.67830 47.17750 1.95142
C 43.61780 48.51090 2.07702
C 40.46590 49.71000 1.99477
C 46.22490 50.44980 2.19398
C 43.18180 51.76940 2.21841
C 40.21750 53.21670 1.99030
C 45.83430 53.88560 2.05683
C 42.88100 55.17690 1.97891
C 48.38550 55.72130 2.26547
C 45.35100 57.00020 1.89635
C 44.92570 60.06700 2.07496
H 42.05780 72.71400 -0.58813
H 39.71690 74.94540 -0.31321
H 37.43830 77.06580 1.08218
H 26.01770 73.12090 -1.41248
H 34.75480 79.03590 1.99568
H 31.91340 78.26410 0.75755
H 29.11080 77.39410 -0.11605
H 26.16700 76.23130 -0.74246
H 39.10370 71.71180 -0.05014
H 36.73700 73.87350 0.10027
H 33.69880 73.02850 0.16919
H 30.58780 72.15040 0.40588
H 34.40790 76.19400 0.62703
H 31.42330 75.23000 0.45838
H 28.35400 74.46440 0.33059
C 43.74880 89.21530 1.73152
C 37.08180 89.33040 1.00550
C 48.48330 93.11710 2.61950
C 45.53970 92.02630 3.36146
C 42.56750 92.20900 1.86571
C 39.52100 91.90690 0.92585
C 35.59660 92.20420 0.69342
C 34.24260 93.79500 0.97366
C 45.98040 74.44580 1.31148
C 43.10760 75.88780 2.64880
C 40.99200 78.09670 1.05662
C 38.76340 80.36160 -0.06898
C 38.69350 83.33910 0.49972
C 38.64900 86.53260 1.05649
C 40.60660 88.50000 2.84028
C 46.65040 88.17750 2.01890
C 46.73410 71.60500 -1.00900
C 29.73610 95.83140 0.88697
C 25.87400 78.69290 -0.37000
C 30.05980 79.65090 -0.22444
C 27.99250 80.73550 -0.00620
C 35.44160 83.00950 2.30542
C 33.16780 85.05450 1.05513
C 35.59540 86.28330 1.34319
C 32.59630 88.14740 0.93707
C 32.29580 91.51150 2.31123
C 29.62540 92.50870 1.47891
C 43.63570 71.77830 -2.08396
C 41.55970 74.71470 -1.99066
C 38.79310 76.79980 -1.23620
C 25.94640 74.76840 -2.85380
C 36.88120 79.35410 0.39002
C 31.34220 77.00030 -1.23548
C 28.41890 75.87800 -1.83779
C 46.51980 95.67000 2.49270
C 43.53080 95.15540 2.24154
C 40.47020 95.04900 1.45069
C 37.42480 95.25100 0.67301
C 46.42690 77.92680 1.51937
C 43.81790 79.69990 1.39054
C 41.34090 81.57420 0.91505
C 46.50250 81.44730 1.58257
C 44.09370 83.08450 1.52973
C 41.43040 85.02470 1.38122
C 46.77690 84.83030 1.88730
C 44.03270 86.35440 1.68976
C 25.30400 82.13150 -0.46772
C 30.71320 83.08900 0.28379
C 27.68050 83.99870 -0.00684
C 24.75210 85.53690 -0.62099
C 30.11170 86.25240 0.56168
C 27.34470 87.61900 0.14832
C 29.74890 89.43860 0.88767
C 26.91270 90.84920 0.29462
C 26.28920 94.50490 0.67057
C 40.68490 71.02940 -1.85116
C 38.32840 73.42270 -1.73105
C 35.39020 72.64030 -1.53107
C 36.30610 76.01250 -0.98939
C 33.31450 75.13310 -1.10270
C 30.28520 73.95730 -1.26319
C 34.02600 78.42480 -0.46054
H 42.04110 90.51410 3.14969
H 38.79760 90.17130 2.72764
H 46.77610 93.98410 4.15432
H 37.41400 93.05120 1.90848
H 33.66290 93.29750 3.47831
H 35.47470 95.49450 2.12662
H 45.65160 76.49640 2.95447
H 42.64830 78.28770 3.08157
H 39.97090 79.91520 2.07325
H 37.32000 81.53510 1.81255
H 48.29110 78.29090 3.34830
H 37.34880 84.66870 2.00835
H 37.11550 87.53880 2.69532
H 40.04180 86.14290 3.01157
H 45.22750 89.59960 3.65705
H 47.77210 91.35550 4.25344
H 47.29230 72.34330 1.30609
H 24.93420 77.15570 1.37984
H 27.29680 79.02330 1.72218
H 29.74020 81.26770 1.66047
H 32.10240 83.17430 2.42609
H 34.46750 85.05870 3.24657
H 34.22300 88.14730 2.45677
H 31.22720 89.56710 2.63035
H 28.22200 90.62650 2.47799
H 25.44970 92.18790 1.41521
H 30.38530 92.89410 3.54632
H 43.41540 93.39070 3.96324
H 40.40970 93.07330 2.96935
H 45.57120 79.79340 3.09727
H 42.87720 81.46730 2.85920
H 40.26600 83.17870 2.42587
H 48.33960 81.49620 3.18112
H 45.76490 83.05050 3.33508
H 43.05570 84.61060 3.15555
H 48.43830 84.66980 3.21403
H 45.68170 86.39220 3.53076
H 42.80390 87.64960 3.36046
H 48.19680 88.39250 3.67456
H 26.80620 82.31050 1.53366
H 29.23340 84.38560 1.77900
H 26.33690 85.67520 1.32036
H 31.63220 86.37200 2.47663
H 28.72300 87.56940 2.20286
H 25.77530 88.91720 1.46436
C 43.54900 89.42770 4.93164
C 36.19770 89.76080 2.73621
C 48.51300 93.20980 5.73685
C 44.94080 92.75760 5.37427
C 41.52680 92.12700 4.97979
C 38.50280 91.79090 3.94175
C 35.53920 92.84180 4.89779
C 32.18750 94.75650 3.92945
C 46.82000 74.28080 2.92499
C 43.64170 76.33410 4.42127
C 40.64920 78.47670 4.11371
C 37.90800 79.82620 3.51054
C 38.12200 83.10540 3.71636
C 38.07370 85.72680 4.11599
C 40.76090 87.67500 4.70329
C 46.36230 88.03340 5.28538
C 46.22190 70.61690 2.11293
C 28.87900 95.01350 3.83394
C 25.06990 79.01020 3.01334
C 31.36840 79.80140 2.63260
C 27.88720 80.92160 3.32605
C 33.20040 80.98500 2.69948
C 32.71180 84.92830 4.22966
C 35.44160 86.99600 4.45057
C 32.40360 87.99660 4.16651
C 32.22420 91.30680 4.17525
C 28.79370 91.84890 4.66410
C 43.78280 72.81010 1.27399
C 42.28890 75.18780 -0.43994
C 39.68290 76.35680 1.83802
C 26.22810 73.42630 1.20086
C 36.68320 78.11720 3.37584
C 30.42620 76.79520 1.99864
C 27.32550 76.48010 1.45325
C 46.34720 95.85060 5.67912
C 42.98860 95.34120 5.35121
C 39.89880 94.85160 4.63859
C 36.68800 94.44230 3.94157
C 46.58410 78.21600 4.78293
C 43.71670 79.97790 4.71934
C 40.73220 81.30270 4.01700
C 46.54690 81.29920 4.79560
C 43.75690 82.85760 4.75245
C 40.99860 84.40340 4.42804
C 46.67770 84.67130 4.97595
C 43.71440 86.09650 4.99571
C 24.74580 82.04370 2.52202
C 30.26690 82.88150 3.56906
C 27.16660 84.16490 3.09488
C 24.24070 85.33960 2.60616
C 29.62800 85.85720 3.75155
C 26.51360 87.33020 3.17427
C 29.21200 89.14530 4.01375
C 26.16260 90.60200 3.30372
C 26.03500 94.26410 2.67555
C 41.12130 71.30080 1.32386
C 38.70480 73.52620 1.54636
C 35.48570 72.42670 1.68319
C 36.10240 75.19340 2.11933
C 33.13480 74.59040 1.98595
C 30.12580 73.89920 2.04038
C 33.57730 77.61390 2.54650
C 54.92770 95.78530 2.34345
C 52.09100 95.42970 3.70551
C 49.50570 -1.34137 2.48776
C 55.53670 3.90923 1.54143
C 52.37790 4.20029 1.95605
C 50.50050 6.90429 1.66956
C 59.89630 0.34039 1.12654
C 58.70890 3.38286 0.92351
C 57.71560 6.50608 1.09636
C 60.30950 8.15807 0.26221
C 73.52070 11.00410 -3.75992
C 68.24560 10.49560 -2.08673
C 65.08830 10.87800 -0.22828
C 61.27770 10.98100 -0.45144
C 71.00880 13.28230 -1.95355
C 67.90140 12.61950 -1.45955
C 65.98940 14.87660 -0.84466
C 63.19730 14.24550 -0.99790
C 63.42260 17.32450 0.20091
C 61.43280 20.02820 -0.13823
C 63.17970 22.65210 -0.77826
C 60.28590 22.67060 -0.14073
C 54.28430 7.54121 1.98847
C 52.05430 9.39765 1.13077
C 57.77990 9.73883 1.92887
C 57.45080 13.06480 0.52213
C 60.13940 14.06980 -0.76006
C 60.32400 17.10060 -0.13270
C 57.15440 19.12140 -1.04246
C 57.30440 23.09740 -0.09546
C 56.65420 0.97925 1.49374
C 53.58740 0.94392 2.25509
C 50.79820 1.18469 2.40763
C 69.21670 95.63600 0.04153
C 66.19930 -1.18638 0.61528
C 63.14470 -0.36085 0.93667
C 71.39450 0.40585 -0.59694
C 68.25440 1.11964 -0.09345
C 65.10360 1.85752 0.31133
C 62.04000 2.60017 0.60673
C 70.42700 3.42137 -0.69566
C 67.29430 4.16667 -0.28243
C 64.20200 4.98699 -0.01341
C 60.91790 5.75628 0.56869
C 72.81700 5.95104 -1.09462
C 69.54200 6.37555 -1.05157
C 66.45980 7.40788 -0.61460
C 63.36430 7.89835 -0.22291
C 72.52940 16.14870 -1.32006
C 69.19870 15.61530 -1.04158
C 70.54960 18.32490 -0.87592
C 67.12130 17.71200 -0.74130
C 71.67870 21.14750 -1.06015
C 68.31940 20.41410 -0.94886
C 64.98430 20.00640 -0.75011
C 54.77820 11.19390 0.89436
C 52.07430 12.65450 0.54158
C 54.54610 14.38650 0.40632
C 51.76350 15.85880 0.00503
C 57.61350 16.04710 0.20416
C 54.30090 17.41290 -0.34121
C 51.54980 18.85970 -0.65738
C 54.44510 20.79270 -0.99414
C 51.59020 22.03870 -1.28428
H 56.90540 -0.73976 3.16191
H 53.92390 -0.54442 4.08636
H 55.53240 2.16915 3.29298
H 54.23470 5.39379 3.21199
H 52.04000 7.82821 2.94446
H 59.78370 96.10600 2.74522
H 58.68580 1.66584 2.71373
H 57.60670 4.61009 2.74663
H 59.77480 6.94276 2.47232
H 56.59610 7.68389 2.93034
H 71.33570 7.23811 0.48122
H 68.11530 7.90483 0.45601
H 64.99220 8.71300 0.99658
H 61.90590 9.31825 1.30060
H 71.96330 11.37260 -1.74635
H 72.66330 13.98560 -0.19339
H 69.57620 13.41650 0.12810
H 66.44740 12.80390 0.57508
H 64.51050 15.26660 0.77705
H 61.74710 18.34950 1.53351
H 60.51960 21.23250 1.96586
H 53.98550 9.87159 2.60160
H 51.11800 11.38790 2.41641
H 56.62890 11.75560 2.48071
H 59.20180 13.20800 1.60248
H 61.44590 15.12690 0.55201
H 59.12660 16.63090 2.01473
H 59.02210 19.17650 0.15810
H 56.12950 20.97000 0.41136
H 53.25740 22.55410 0.50247
H 50.78240 -0.23543 4.28742
H 52.39200 2.49064 3.78847
H 50.65830 5.09419 3.52549
H 71.23210 -1.28903 1.13126
H 68.18120 -0.47483 1.79409
H 65.12930 0.28524 2.29314
H 61.84480 1.00535 2.55035
H 70.26250 1.78543 1.11817
H 67.14920 2.58113 1.57824
H 64.04230 3.33193 1.85706
H 60.78900 3.93559 2.21094
H 72.37510 4.14343 0.56390
H 69.27320 4.87667 0.95475
H 66.10950 5.73895 1.25489
H 62.94420 6.33659 1.71430
H 63.10880 12.34820 0.42634
H 70.92910 16.35680 0.56761
H 67.64320 15.80960 0.77068
H 72.10270 19.39030 0.66916
H 68.80090 18.73490 0.79611
H 65.54810 18.35330 1.02125
H 69.77930 21.78570 0.39557
H 66.59640 21.24600 0.58021
H 63.48850 20.87820 0.87833
H 53.77180 13.02880 2.27512
H 50.93390 14.44050 1.80685
H 56.40130 14.80010 1.91897
H 53.54330 16.18090 1.67877
H 50.71510 17.63010 1.29964
H 56.28070 17.84810 0.97595
H 53.45640 19.38110 0.81373
H 50.53780 20.75200 0.51053
C 55.78730 -0.74258 5.37487
C 52.35420 95.92160 5.50064
C 49.29030 -1.39590 5.79952
C 55.99220 4.19214 4.61417
C 52.75360 4.73553 4.92990
C 50.52460 7.16579 4.83828
C 60.20020 0.45599 4.22827
C 59.30760 3.53639 4.16927
C 58.08960 6.54386 4.34742
C 60.45180 8.79364 3.36524
C 71.17660 9.21720 -1.07265
C 69.07330 10.00540 -0.25516
C 64.90670 11.09710 1.60110
C 61.02780 11.45270 1.71640
C 71.26300 12.10290 0.71439
C 68.15950 12.08960 1.76261
C 66.21070 14.55360 2.36611
C 62.96610 13.80180 2.09477
C 63.77910 17.12900 2.16571
C 62.54020 20.06870 3.06646
C 63.72790 22.74240 2.41002
C 60.80330 23.45140 3.15689
C 54.35500 7.78568 3.87987
C 52.05910 9.96258 4.15660
C 57.48130 9.85156 3.81688
C 57.63860 13.69620 3.65783
C 60.36800 15.18610 2.84492
C 59.56400 18.94660 2.63878
C 57.34390 19.74560 2.11001
C 57.05590 22.89180 1.87389
C 57.17250 1.15908 4.63382
C 54.06920 1.73441 5.22105
C 50.82930 1.88563 5.51765
C 69.95130 95.98850 3.13810
C 66.75140 -0.70604 3.72607
C 63.44600 -0.12044 4.12498
C 72.03440 0.67084 2.44283
C 68.71170 1.53601 3.10562
C 65.58760 2.36782 3.52665
C 62.46480 3.01307 3.79417
C 70.82560 3.75936 2.45850
C 67.64680 4.68156 2.83431
C 64.55080 5.34068 3.22527
C 61.50140 5.80492 3.65320
C 72.94660 6.03886 2.12450
C 69.64860 6.93220 2.31720
C 66.54000 7.84471 2.53129
C 63.44420 8.33041 2.98458
C 72.79950 15.32340 1.81361
C 69.61470 14.90100 2.03464
C 70.69760 18.10120 2.26735
C 67.39720 17.61110 2.46524
C 71.64850 21.08950 1.91552
C 68.34940 20.72270 2.20768
C 65.34820 20.08380 2.34104
C 54.92340 11.70720 4.02007
C 51.94150 13.32680 3.79737
C 54.63010 14.91670 3.51215
C 51.65320 16.35900 3.21155
C 57.06930 16.84750 3.09491
C 54.52010 18.12620 2.66375
C 51.62000 19.65390 2.33848
C 54.38710 21.22570 2.17574
C 51.20200 22.83120 1.78927
C 73.77330 27.56750 -0.77041
C 63.28230 25.57470 0.17203
C 70.97290 28.75280 -1.68037
C 67.69240 28.71200 -1.58909
C 64.70170 28.55380 -0.79836
C 59.56830 25.72870 -0.29754
C 56.47110 26.65210 -0.66873
C 53.49170 27.32730 -0.85326
C 61.60330 28.60850 -0.31857
C 52.08870 30.30740 -0.60428
C 63.28770 31.45130 -0.51484
C 65.53880 34.10110 -0.32611
C 64.34130 37.15570 -0.26401
C 62.97760 39.98330 -0.26230
C 49.67440 41.26620 -1.04462
C 61.50970 42.73360 -0.28953
C 58.53940 43.32380 -0.19160
C 52.38300 43.73460 -1.24421
C 57.06190 46.48820 0.22706
C 53.75940 46.52650 -0.82508
C 51.17000 24.90790 -2.46399
C 71.13230 31.79020 -0.29049
C 67.80150 31.54630 -2.08651
C 69.36070 34.24000 -0.16739
C 67.56980 36.96900 -0.21231
C 66.15830 39.84460 -0.25363
C 64.72240 42.68920 -0.18435
C 63.07870 45.39270 0.24975
C 50.69360 44.60840 -1.95360
C 72.67810 24.59990 -1.03425
C 69.46210 23.60200 -1.26904
C 66.28800 22.83950 -1.21119
C 70.28500 26.80000 -1.13413
C 66.69740 26.08510 -0.93412
C 58.42860 29.18100 -0.38177
C 55.21300 29.82170 -0.50163
C 60.31330 31.65390 -0.32874
C 57.15740 32.18390 -0.31066
C 53.88910 32.67390 -0.35896
C 50.66250 32.87230 -0.27198
C 62.20140 34.54920 -0.31136
C 59.16260 34.77020 -0.31587
C 55.71130 35.06540 -0.40038
C 52.50360 35.44950 -0.43411
C 60.83470 37.26700 -0.14942
C 57.83690 37.61960 -0.41197
C 54.43530 37.97980 -0.52918
C 51.16050 38.21450 -0.56921
C 59.61800 40.18040 -0.31027
C 56.47770 40.64430 -0.51287
C 53.23820 40.71840 -0.83539
C 55.40250 43.68670 -0.51574
C 54.23620 24.27520 -0.96081
C 72.65250 34.63150 -0.59280
C 70.90000 37.24280 -0.32008
C 72.49090 40.00570 -0.16104
C 69.41800 40.01720 -0.19698
C 70.99810 42.85160 -0.10375
C 67.91760 42.82810 -0.05221
C 72.60090 45.49580 0.06249
C 69.36250 45.75340 0.21466
C 66.11350 45.80060 0.24485
H 64.83780 23.76290 0.49899
H 62.02990 23.78510 1.07979
H 71.62450 27.94680 0.53348
H 65.15390 27.02670 0.67763
H 69.44670 30.15360 -0.61942
H 66.55330 29.76340 0.37000
H 59.03390 24.16380 1.52186
H 55.86080 24.82940 0.88406
H 61.31500 26.80700 1.17401
H 54.96300 27.82670 0.87045
H 51.83030 28.24680 0.78966
H 63.40400 29.58490 1.06993
H 50.62760 30.94420 1.29117
H 65.02810 32.12450 1.23079
H 63.86390 35.12240 1.06691
H 62.68750 38.07660 1.31045
H 49.53440 39.23160 0.57965
H 61.33370 40.93900 1.39698
H 51.68730 41.93040 0.25417
H 59.91940 44.11170 1.27359
H 56.66010 44.22940 1.26965
H 53.53890 44.70840 0.86870
H 52.84960 25.50520 0.57247
H 51.20400 26.64200 -1.82934
H 72.81440 32.50400 0.76551
H 69.66990 32.55580 1.61170
H 67.50530 32.65340 -0.52882
H 67.84240 35.28790 1.42078
H 65.99500 37.94960 1.46544
H 64.59960 40.80790 1.41716
H 63.07090 43.55100 1.43767
H 48.80380 43.68350 -0.61073
H 72.92120 22.58980 0.40409
H 70.75580 24.90430 0.37048
H 67.66610 24.18390 0.29035
H 68.44490 27.26950 0.17854
H 58.12460 27.24550 1.07278
H 60.12650 29.84180 1.33232
H 56.89110 30.28100 1.23030
H 53.71060 30.70810 1.16012
H 61.94640 32.56860 1.22738
H 58.90770 32.88630 1.24815
H 55.64350 33.23600 1.22084
H 52.38570 33.65280 1.23372
H 60.72630 35.50920 1.47664
H 57.52330 35.73590 1.15669
H 54.29170 36.19370 1.17311
H 51.01930 36.45980 1.23651
H 59.28450 38.38560 1.44476
H 56.11400 38.72740 1.04459
H 52.84710 39.08400 1.04546
H 58.06950 41.28290 1.30915
H 54.80250 41.70960 0.96097
H 50.38840 23.86780 -0.26709
H 70.98730 35.35480 1.21641
H 72.52800 38.07320 1.33045
H 69.23690 38.08780 1.27547
H 70.93390 40.89400 1.49147
H 67.72640 40.82640 1.40201
H 72.65010 43.55330 1.52323
H 69.41500 43.72560 1.64603
H 66.22220 43.68190 1.50286
C 73.20090 27.59210 2.34737
C 63.24860 26.08250 2.11487
C 71.92770 30.19520 1.19562
C 68.69610 29.22970 1.46985
C 65.38630 28.80770 2.35961
C 59.55000 26.24300 2.84798
C 56.26320 26.61530 2.55473
C 53.27990 26.96660 2.42048
C 61.81870 28.74780 2.74287
C 52.18280 29.73910 2.76753
C 63.34050 31.25370 2.84897
C 66.12630 34.28410 1.77050
C 64.22990 36.92350 2.85492
C 62.96340 39.92680 2.99346
C 49.24430 41.65030 0.86398
C 61.30380 42.85200 3.06544
C 58.19720 43.15960 2.96046
C 51.81650 43.95990 1.85542
C 57.10410 46.54190 2.07825
C 53.58960 46.57450 2.46440
C 50.52980 26.14730 0.63596
C 70.71910 30.83770 2.95910
C 67.39990 31.62830 1.77240
C 69.52990 34.26020 2.93819
C 67.74450 37.16780 3.02565
C 66.18430 39.81910 3.07244
C 64.61320 42.63220 3.08227
C 63.22040 45.18930 3.31104
C 49.49550 45.91140 0.72439
C 72.31160 24.28940 2.13907
C 69.38640 23.59980 1.94103
C 66.45480 23.16460 2.15149
C 70.13310 26.73420 1.92266
C 67.17610 26.08120 1.76151
C 58.37320 28.98370 2.80237
C 55.12050 29.43140 2.69784
C 60.30520 31.67790 2.88019
C 57.12520 32.14280 2.76902
C 53.88610 32.46580 2.76302
C 50.74750 32.81070 2.88501
C 62.29540 34.35450 2.89790
C 58.93820 34.70990 2.89939
C 55.74430 35.07140 2.79310
C 52.61690 35.46540 2.83179
C 60.93640 37.42440 2.99161
C 57.37820 37.53750 2.82978
C 54.19930 38.22950 2.59715
C 50.93240 38.58830 2.52812
C 59.57860 40.29640 3.03410
C 56.09130 40.63750 2.67478
C 52.84500 41.18670 2.32993
C 54.86890 43.49460 2.67372
C 53.91790 24.19740 2.29955
C 72.51230 33.88880 2.51710
C 70.89950 37.10870 2.88578
C 72.53720 39.85300 3.00489
C 69.31580 39.80270 2.97472
C 71.06860 42.73640 3.17089
C 67.75960 42.61540 3.10916
C 72.78570 45.25950 3.30852
C 69.44350 45.55110 3.40424
C 66.36750 45.33100 3.43011
C 53.41950 60.31880 -0.92298
C 50.43640 61.06720 -0.86426
C 59.60690 64.57510 0.02948
C 56.26100 63.93470 -0.40244
C 50.01400 63.68960 -1.27897
C 60.82800 67.64990 0.07275
C 65.09130 71.40410 0.51448
C 61.70610 70.72450 0.42961
C 67.29540 48.89060 1.14488
C 64.08610 48.32400 0.52145
C 72.62230 50.82390 -0.07521
C 70.19180 52.50440 1.28271
C 73.80940 54.41440 0.93012
C 73.47010 68.70300 0.27763
C 52.00160 47.64990 -0.86988
C 52.62860 51.16110 0.36839
C 51.62900 54.44230 -0.51237
C 51.29840 57.71200 -0.72361
C 60.54080 47.38740 0.01047
C 64.73880 51.41820 0.59611
C 61.56660 50.55830 0.33708
C 58.38730 49.92130 -0.16029
C 70.32080 55.56980 1.35494
C 68.05640 53.92800 3.12502
C 65.39470 54.55190 0.86856
C 56.13240 52.31790 -0.27649
C 72.56980 58.27900 1.53187
C 53.73390 54.39990 -0.61889
C 57.86900 58.52970 -0.41122
C 55.01020 57.59290 -0.59608
C 62.11500 62.21430 0.15697
C 59.07590 61.55380 -0.39285
C 72.17700 67.06320 0.54468
C 63.04530 65.21030 0.29671
C 70.70000 69.80400 1.39596
C 67.05750 68.82750 0.53976
C 63.87520 68.25270 0.41609
C 53.07300 63.48110 -0.61558
C 57.58160 66.84950 -0.27401
C 54.28080 66.77320 -0.65565
C 51.19230 66.53800 -0.89491
C 58.70930 70.03940 0.04972
C 55.51290 69.76150 -0.34855
C 52.35960 69.52440 -0.52848
C 70.62580 48.41170 0.51314
C 49.25570 49.17520 -0.96358
C 49.33320 52.42880 -0.83693
C 55.13550 49.41720 -0.29773
C 62.40720 53.63020 0.55708
C 59.31190 52.97410 0.05583
C 69.36200 57.50880 1.57216
C 66.26980 57.38200 1.03109
C 63.29450 56.74340 0.60661
C 60.25250 55.92270 0.05697
C 57.04930 55.21860 -0.44197
C 70.47120 60.83510 1.22938
C 67.45190 60.29220 0.97816
C 64.28450 59.68620 0.53401
C 61.14820 59.12630 0.04509
C 71.44660 63.99500 0.85695
C 68.22350 63.18160 0.91274
C 65.24580 62.69880 0.59980
C 69.17850 66.51700 0.74781
C 66.04890 65.79290 0.56083
H 72.39640 55.87780 2.62102
H 54.87510 61.99550 0.17536
H 52.13050 61.62620 0.75975
H 49.03280 62.38080 0.71821
H 61.02540 65.72560 1.70721
H 57.59450 65.03780 1.34994
H 61.97540 68.74180 2.02207
H 55.17350 47.72010 0.85928
H 64.50820 46.35290 2.11117
H 69.61750 49.13320 2.13106
H 65.06520 49.53220 2.06747
H 72.52530 52.22810 1.43745
H 51.05830 49.37930 0.91183
H 50.80820 52.79080 1.08681
H 50.24540 56.04740 0.96210
H 49.91090 59.21470 0.71618
H 61.91830 48.62680 1.96034
H 58.65490 48.21170 1.13890
H 65.78080 52.66420 2.67370
H 62.75630 51.77470 2.15896
H 56.53690 50.55350 1.47258
H 69.38510 56.06300 3.71037
H 66.37380 55.65200 2.81704
H 54.11890 52.74960 1.10514
H 70.77710 59.04990 3.01513
H 55.03590 55.90880 0.86194
H 71.53450 62.33600 2.86802
H 55.98130 59.22400 1.28021
H 53.01380 58.51370 0.74968
H 72.73410 65.20100 2.24658
H 60.15620 62.78620 1.53946
H 57.38030 61.93740 0.55930
H 70.62320 67.61210 2.50738
H 64.22310 66.44570 2.04372
H 68.32600 70.04970 2.44458
H 65.21580 69.49950 2.04884
H 54.39660 64.88300 0.84643
H 51.27650 64.61670 0.62056
H 58.81720 68.09530 1.52956
H 55.72030 67.73960 1.09913
H 52.51110 67.50650 0.94792
H 56.80160 70.72480 1.54711
H 53.62450 70.49070 1.09455
H 50.40460 69.94600 1.00183
H 71.15980 46.34940 1.82466
H 67.73830 46.59130 1.97517
H 72.76630 48.95340 1.62188
H 59.61190 51.14900 1.70060
H 63.41830 54.96440 2.37692
H 60.41560 54.20120 1.90208
H 57.31710 53.55830 1.40396
H 67.53740 58.61870 2.75996
H 64.37040 58.06800 2.36971
H 61.27230 57.34120 1.79516
H 58.16890 56.67930 1.15840
H 68.55520 61.55990 2.75318
H 65.46090 60.95100 2.30014
H 62.34680 60.42340 1.77984
H 59.19020 59.68390 1.27905
H 69.53870 64.68570 2.35793
H 66.39180 63.99740 2.18913
H 63.27550 63.39850 1.98253
H 67.31270 67.07190 2.24035
C 53.94020 60.54540 1.98231
C 50.41800 61.13200 2.34321
C 59.33580 64.47010 3.07231
C 55.86500 63.39870 1.96892
C 48.86840 64.75170 1.25223
C 60.36340 67.49360 3.37584
C 64.76130 71.21310 3.87604
C 61.75520 70.64910 3.58985
C 67.22170 48.76310 3.03421
C 63.72850 48.11050 3.65446
C 72.36910 50.85790 3.23846
C 70.13590 51.36390 2.95307
C 74.02940 53.93320 2.74626
C 73.92410 68.64650 3.96346
C 51.81280 47.69280 2.63162
C 52.34180 51.26170 2.13951
C 51.36870 54.54350 2.61253
C 51.15310 57.87330 2.38440
C 60.58390 46.56460 1.84586
C 64.59170 51.27800 3.90259
C 61.25750 50.18120 3.43613
C 58.24010 49.62680 3.12351
C 71.56920 55.93930 4.97393
C 68.07630 54.74520 5.06162
C 64.80940 54.47140 4.33700
C 55.71730 52.40060 2.91527
C 72.08470 58.36070 5.08031
C 53.49570 54.57620 2.42466
C 57.52510 58.53910 2.76077
C 54.39530 57.63340 2.61267
C 61.66630 62.18490 3.38026
C 58.48120 61.52820 2.75400
C 72.55620 67.15540 3.98108
C 62.63200 65.22740 3.47695
C 70.71020 69.94670 3.33469
C 67.16510 69.14050 3.63309
C 63.79470 68.28610 3.64837
C 52.74930 63.57770 2.16571
C 57.17400 66.65570 2.85885
C 54.12880 66.58590 2.58925
C 50.95060 66.34080 2.37283
C 58.34820 69.89520 3.23215
C 55.12360 69.49470 2.75962
C 52.04250 69.31080 2.58931
C 71.48190 48.09560 3.56022
C 49.05430 49.37220 2.51077
C 48.65490 52.56260 2.37217
C 55.18660 49.39910 2.85472
C 61.97270 53.41030 3.74707
C 58.81140 52.80120 3.24242
C 68.97180 58.17990 4.80173
C 65.86650 57.56770 4.21841
C 62.74670 56.91110 3.69030
C 59.56900 56.12150 3.12818
C 56.63370 55.45740 2.70596
C 70.19230 61.13200 4.57150
C 66.81660 60.49100 4.18152
C 63.71970 59.94230 3.74122
C 60.64270 59.32260 3.14590
C 71.17120 64.27940 4.20081
C 68.07060 63.66680 3.98834
C 64.87790 62.82440 3.74598
C 69.12330 66.64520 3.90468
C 65.90280 65.84360 3.74044
C 70.95000 86.58080 -0.10388
C 67.31290 85.78750 0.27253
C 65.75200 87.21640 3.75772
C 62.74290 88.68610 1.88106
C 62.26460 91.49200 1.53320
C 59.01600 91.69140 2.43902
C 57.84090 95.51400 1.37360
C 49.23730 75.68940 1.18376
C 51.62490 77.42880 3.07283
C 55.72070 80.28460 0.69465
C 62.22070 84.33310 -0.44645
C 49.77510 90.29750 3.26753
C 60.77570 87.05280 2.16563
C 57.63260 88.47260 2.73860
C 52.50010 91.30040 3.57525
C 59.34090 90.61300 4.25014
C 55.22710 94.00110 3.06939
C 66.15820 74.76120 1.31243
C 49.54340 72.14080 0.21233
C 63.93410 76.57130 -0.03566
C 54.21110 75.30650 0.23134
C 51.07750 75.21830 0.40698
C 64.92410 78.63790 -0.45102
C 61.82670 78.95800 0.02573
C 58.63200 78.63950 0.56663
C 54.89770 78.46940 0.59411
C 67.28930 81.98830 -0.86355
C 63.77190 81.59880 -0.54281
C 64.07740 85.02940 0.20034
C 73.36660 71.79960 0.40396
C 70.70050 73.20620 0.49415
C 70.39700 76.59120 0.35679
C 68.81250 73.72740 0.08328
C 70.32890 79.99010 0.09224
C 70.57130 83.45280 -0.03847
C 70.84000 89.44760 0.23640
C 67.90360 89.83660 1.38051
C 65.05500 90.80210 1.36759
C 70.03000 92.50970 0.28185
C 67.02260 93.23630 0.81203
C 64.20750 94.02240 1.13813
C 61.15940 94.75510 1.19184
C 72.38540 94.73520 -0.45039
C 49.19310 79.85590 1.51625
C 52.57130 81.32010 1.97969
C 49.42830 83.07550 1.59244
C 59.49210 81.86720 1.23298
C 55.35490 83.34770 1.59274
C 52.31840 84.81080 2.04294
C 49.67020 86.70060 2.67229
C 58.14620 85.31940 2.08816
C 55.26210 86.57670 2.43639
C 52.44770 88.22500 2.77588
C 55.16800 89.79970 3.23384
C 62.78240 73.56130 0.29737
C 59.69090 73.09450 0.24940
C 56.53050 72.66280 -0.00470
C 53.44380 72.44730 -0.38166
C 60.68490 76.01150 0.43291
C 57.47160 75.97480 0.32506
C 73.22410 74.87070 0.16280
H 49.88440 94.47460 4.13109
H 69.09760 85.14600 1.09491
H 62.59710 87.29900 4.02661
H 70.63100 87.72710 2.05796
H 67.45900 87.54560 2.28122
H 64.81750 89.41150 3.13073
H 61.81650 90.25600 3.64546
H 60.89120 93.14940 2.84550
H 57.75320 93.76010 3.32940
H 51.05260 79.75130 3.26101
H 54.92500 81.63590 2.63847
H 61.95680 82.49950 1.21911
H 57.42620 83.52310 3.09447
H 60.08400 85.25000 3.85629
H 59.69210 88.16030 4.10606
H 57.09380 89.67450 4.85125
H 54.31100 90.96650 5.26744
H 50.56070 91.86590 5.12155
H 66.24150 72.47380 2.58095
H 63.19990 71.85090 2.02312
H 64.25540 74.74230 1.55599
H 51.67650 72.93240 1.10724
H 65.93130 77.31050 1.51912
H 55.86590 76.45410 1.90022
H 52.77010 75.72470 2.27543
H 66.72780 80.01400 0.87174
H 63.77820 79.88340 1.26078
H 60.62420 79.73260 1.72841
H 57.73570 80.29230 2.10849
H 65.16070 82.70080 0.60871
H 71.83520 71.82070 2.22667
H 69.18750 72.88310 2.52783
H 68.48500 75.64880 1.66118
H 68.81360 78.36960 1.32258
H 72.19900 84.87310 1.10501
H 68.97080 81.87070 0.96067
H 53.03050 93.69250 4.26263
H 70.01170 90.88500 2.10156
H 67.03010 91.73940 2.57869
H 64.00480 92.46090 2.98046
H 72.14090 93.18150 1.40403
H 69.11530 94.03790 1.85776
H 66.10360 94.85480 2.45970
H 63.00130 95.48950 2.70929
H 51.32090 83.13770 3.09597
H 54.38800 84.71250 3.49164
H 51.67560 86.17920 4.09477
H 57.17510 86.49480 4.03934
H 54.27510 87.79830 4.39497
H 51.55130 89.28980 4.65490
H 59.97510 71.19810 1.87338
H 61.14770 74.15270 2.02433
H 57.90700 73.84160 1.59849
H 54.73220 73.31250 1.54236
H 62.36730 77.14770 1.73237
H 59.13910 76.72650 2.16819
H 71.53050 75.01390 1.91578
H 71.72740 78.39110 1.34375
H 71.88540 81.65460 0.95342
C 71.88920 86.44310 3.05609
C 68.80180 86.50660 3.28212
C 66.26460 87.18300 5.54288
C 63.52260 89.29220 5.32101
C 62.35760 92.40770 4.80303
C 56.20320 93.56800 6.83214
C 58.28830 95.36660 4.53706
C 49.84540 76.31110 3.48549
C 52.34060 78.02070 4.89099
C 56.22680 79.99420 4.01029
C 61.43640 84.11740 2.96867
C 49.27870 89.77860 5.47010
C 60.95130 86.64300 5.76665
C 58.07860 87.68980 5.97875
C 52.21430 90.71810 6.60591
C 56.54070 92.09590 4.94914
C 54.26320 93.13890 6.50691
C 66.57840 74.10430 4.60516
C 49.61400 72.03580 2.14633
C 64.23790 76.55820 3.21467
C 54.75710 74.80030 3.54881
C 51.88210 73.69870 3.47125
C 65.40330 79.29650 3.04452
C 62.47950 79.10760 3.17329
C 59.16420 78.73610 3.52516
C 55.39630 78.05230 3.90914
C 67.03100 82.16710 2.39601
C 63.86350 81.81650 2.77035
C 64.38110 85.60990 3.62028
C 73.76060 71.92840 3.71583
C 71.19550 73.59480 3.89438
C 70.34920 76.93440 2.80437
C 68.40570 74.85610 4.00717
C 70.33730 80.25100 2.18587
C 70.58540 83.34560 2.09655
C 71.60930 89.58510 3.35480
C 68.22900 89.79710 3.31070
C 65.59110 91.39610 4.50291
C 70.67790 92.93800 3.36500
C 67.77210 93.66880 3.85067
C 64.56750 94.44320 4.27070
C 61.21810 95.10610 4.43118
C 72.85160 95.14530 2.64092
C 49.57540 80.05890 4.83288
C 52.86050 81.27380 3.93549
C 49.53110 83.07170 4.74257
C 59.12600 82.05540 3.34127
C 55.53520 82.94330 4.68240
C 52.54530 84.22160 5.12998
C 49.37180 86.40270 4.69667
C 58.18550 84.58790 5.28683
C 55.29860 85.86840 5.50508
C 52.44500 87.50590 6.03159
C 55.20560 88.99740 6.42331
C 63.10950 73.84030 3.45154
C 59.49960 73.14720 3.37483
C 56.45670 72.57890 3.11780
C 53.09190 72.09550 2.89113
C 61.05170 76.08370 3.58755
C 57.83380 75.55870 3.45634
C 73.60730 75.39020 3.21517
C 89.68910 2.52893 -2.96249
C 93.93330 5.31649 -3.05352
C 90.17510 5.03754 -0.80047
C 95.52430 8.20513 -3.19300
C 82.84280 0.47833 -2.80737
C 79.66550 1.11977 -2.70724
C 78.70610 4.56277 -1.75266
C 76.15530 5.56674 -1.05700
C 74.68180 8.90735 -0.37436
C 71.55490 10.72360 -4.17502
C 74.03620 14.62250 -2.18542
C 76.31990 16.48320 -0.57397
C 77.18210 19.76540 -0.30515
C 86.61970 2.34716 -1.91208
C 83.38400 3.25276 -1.07151
C 81.69290 5.49452 -2.42239
C 86.29800 5.87037 -2.27072
C 80.46740 8.48666 -2.28928
C 77.49780 9.69879 -2.23106
C 92.46920 7.95811 -1.85325
C 88.73410 7.79555 -1.86475
C 76.90710 12.83050 -2.04104
C 95.19790 9.78990 -1.69855
C 79.27840 14.68730 -2.11703
C 0.29613 11.81030 -2.57804
C 81.09190 17.23840 -0.78366
C -0.34863 14.83310 -0.97852
C 80.90150 20.27050 -1.47492
C 95.19680 18.21640 -0.63377
C 92.57610 18.88960 0.18880
C 89.79140 20.05960 -0.32554
C 86.66510 21.32840 0.11060
C 0.58439 20.02510 -0.81727
C 95.47870 22.76360 -0.79906
C 0.72224 0.07013 -3.77175
C 94.79030 -0.20058 -3.77704
C 91.47160 -0.27154 -3.60629
C 87.98830 -0.45309 -3.24253
C 95.94400 2.79266 -3.55656
C 92.82570 2.43277 -3.32469
C 0.13555 5.69112 -3.50673
C 80.61140 95.54190 -2.57910
C 77.32240 -1.25043 -2.02518
C 74.32910 -0.41136 -1.08069
C 76.52450 2.01600 -2.09713
C 73.57040 2.78206 -1.20152
C 73.98980 19.06120 -0.82327
C 74.80910 22.02100 -0.67519
C 83.20610 7.05428 -2.05099
C 85.88220 9.23896 -2.02916
C 82.98170 10.37660 -2.00120
C 79.87800 11.70700 -1.97888
C 90.51320 10.13750 -2.09882
C 88.02210 11.40240 -1.69157
C 85.46460 12.46120 -1.80698
C 82.42840 13.59680 -1.94417
C 92.68930 12.43540 -2.38736
C 90.57500 13.38630 -1.55100
C 87.81850 14.51310 -1.27686
C 84.92140 15.69030 -1.67067
C 93.04150 15.85640 -1.09809
C 90.28080 16.80870 -0.83240
C 87.22630 18.09690 -0.91392
C 84.20080 19.30130 -1.28781
H 89.96370 0.32238 -1.89868
H 91.46740 2.95956 -1.24310
H 88.52900 3.12701 -0.76184
H 95.72410 6.28965 -1.64049
H 92.51540 5.99317 -1.09092
H 85.70110 95.50750 -1.51840
H 84.55040 1.03653 -1.09101
H 81.45450 1.65042 -0.96818
H 78.33280 2.49526 -1.12223
H 78.00410 5.14241 0.72325
H 74.45880 6.60393 0.49713
H 75.73230 14.04440 -0.57864
H 77.09290 17.90310 1.34904
H 78.17300 20.88210 1.76330
H 85.56680 4.22640 -0.57061
H 82.66280 5.51090 -0.14326
H 79.77010 6.73087 -1.27951
H 88.20630 6.34393 -0.67757
H 76.22010 10.88270 -0.44774
H 90.59390 8.45382 -0.30984
H 78.69300 12.93950 -0.33649
H 0.42422 9.70514 -0.89544
H 92.77960 10.46930 -1.23715
H 78.76160 16.25230 -0.79084
H 79.57630 19.15220 -0.40900
H 94.97990 15.85200 0.02876
H 82.66790 20.05100 0.41740
H 80.49140 22.09140 0.36261
H 94.46190 18.37800 1.86330
H 91.55950 19.61700 1.59668
H 89.02470 21.30310 1.29080
H 0.10535 18.03220 0.57167
H 95.63430 20.56450 0.30635
H -0.93218 0.81230 -2.13093
H 93.20360 0.42603 -2.04243
H 0.46195 3.70640 -2.04501
H 94.47840 3.33903 -1.71023
H 74.34430 95.51720 0.78051
H 82.55090 96.15470 -1.23984
H 79.35970 -0.60592 -0.98125
H 76.25300 0.27267 -0.36149
H 73.36140 1.13790 0.63704
H 75.37980 3.42616 -0.19622
H 74.14750 16.89680 0.44761
H 75.19480 20.19890 1.03477
H 76.96510 7.86712 -0.58841
H 85.22970 7.39921 -0.66227
H 82.16660 8.61030 -0.54176
H 79.27860 9.82268 -0.58123
H 87.65550 9.47215 -0.34445
H 84.73490 10.62280 -0.31400
H 81.73400 11.72440 -0.43094
H 89.93120 11.58330 -0.12762
H 86.98120 12.66870 0.09721
H 84.18360 13.78730 -0.24679
H 81.34450 14.75130 -0.68307
H 92.50410 13.59800 -0.02167
H 89.42000 14.76270 0.23816
H 86.52310 16.01220 0.26145
H 83.58120 16.94290 -0.37788
H 91.94360 16.59250 0.99609
H 88.91030 18.00870 0.90662
H 85.72290 19.09730 0.77824
C 89.63750 1.86982 0.16209
C 94.23060 5.12916 0.05393
C 90.69330 5.43794 1.80746
C 95.07400 7.88525 0.03474
C 83.38880 0.32302 0.35955
C 80.10600 1.40678 0.42566
C 77.95420 3.51092 2.49800
C 76.69710 6.63995 1.76839
C 74.33410 8.77428 1.84051
C 72.24370 9.17018 1.85195
C 74.10670 12.11940 -0.51531
C 76.11250 15.62630 1.25046
C 76.43540 19.53430 3.04714
C 86.42730 2.10282 0.23479
C 83.65650 3.62521 0.99295
C 80.46010 5.38480 0.87890
C 86.45450 5.91079 0.97034
C 80.23600 8.04789 0.77957
C 77.59860 9.55379 1.18096
C 91.79470 6.95667 1.21297
C 88.77980 7.88637 1.16052
C 76.72220 12.51760 1.16132
C -0.68238 8.64710 1.19107
C 79.58210 14.69340 1.07716
C 2.04932 10.80600 0.63153
C 79.02460 17.52440 1.53886
C -0.58943 13.94620 0.61347
C 80.55920 19.97640 1.73904
C 95.04080 16.07460 2.55362
C 92.38330 17.73060 3.11209
C 89.41450 19.30630 2.90687
C 86.63090 21.08670 2.08594
C -0.61461 19.55960 2.38618
C 95.05570 22.20510 2.21142
C 0.78014 -0.07367 -0.60536
C 94.93640 -0.47184 -0.55031
C 91.71370 -0.69197 -0.49315
C 87.66230 -0.46124 -1.41017
C -0.87237 2.48691 -0.37219
C 93.05200 1.99488 -0.09633
C 0.24624 5.45784 -0.29287
C 80.88830 95.73260 0.53518
C 77.92500 -0.88366 0.99990
C 75.20150 -0.01134 1.82757
C 77.19420 2.22180 0.99898
C 74.12780 3.06058 1.95944
C 73.82720 18.53100 2.23628
C 74.34450 22.04610 2.37042
C 83.36660 7.15899 1.05704
C 85.79730 9.01794 1.15530
C 82.86010 10.20190 1.12702
C 79.88660 11.41220 1.15568
C 91.53980 10.17640 1.01401
C 88.16440 11.01400 1.45639
C 85.02550 12.28840 1.48062
C 82.26960 13.44600 1.20335
C 93.97480 11.95770 0.57177
C 90.67760 13.12110 1.63096
C 87.55230 14.36330 1.77810
C 84.62870 15.47430 1.51687
C 93.47250 15.07730 1.88337
C 89.88650 16.16780 2.24843
C 86.76210 17.61850 2.22518
C 83.53730 18.29580 1.86283
C 82.27550 47.58810 0.25813
C 91.48100 45.58100 -1.98065
C 0.99366 46.84460 -3.03897
C 85.14260 24.58360 -0.25045
C 81.37360 24.12860 1.45845
C 90.13910 26.37690 -0.55475
C 86.95620 27.04580 -0.42214
C 80.34580 27.49200 0.38481
C 89.15690 29.30350 -0.39770
C 79.22880 31.00100 -0.19358
C 91.07720 31.84610 -0.32134
C 78.31330 33.97420 -0.28439
C 93.08630 33.91370 -0.52447
C 80.52950 36.40410 -0.42888
C 95.15600 36.49130 -0.95379
C 82.22320 38.99230 -0.58884
C 84.50950 41.31440 -0.95870
C -0.75174 41.72660 -1.63262
C 93.06600 42.57790 -1.57687
C 89.58440 43.46820 -1.10514
C 86.43520 44.16860 -0.28558
C 84.14440 44.63800 -0.09302
C 95.69260 44.78700 -1.84789
C 78.10960 22.76790 0.04513
C 79.00940 25.62640 0.05247
C 76.98430 28.52100 -0.33141
C 75.06690 31.16250 -1.86025
C 74.46560 34.61700 -1.93538
C 77.26890 37.09610 -0.35351
C 79.06290 39.77110 -0.43013
C 81.12430 42.51840 0.09736
C 79.74300 45.71730 1.04068
C 82.90760 22.36350 -0.40834
C 88.34990 23.70020 0.95011
C 93.47230 25.40130 0.25825
C 89.43580 24.36390 -0.88259
C 92.37240 28.71410 -0.17423
C 94.38540 31.21810 -0.01840
C -0.83111 33.49880 -0.22921
C 83.70090 27.34190 -0.16269
C 85.68540 29.88320 -0.32129
C 82.45170 30.26200 -0.27627
C 88.02270 32.13450 -0.58929
C 84.59810 32.83700 -0.63343
C 81.38100 33.32450 -0.43379
C 89.94500 34.62580 -0.67922
C 86.66190 35.25990 -0.83262
C 83.50070 35.69490 -0.65914
C 92.00150 37.13650 -0.88844
C 88.78540 37.64630 -0.93277
C 85.56440 38.21250 -0.88015
C 0.32538 38.94320 -1.10278
C 94.26180 39.57800 -1.12816
C 90.85720 40.28470 -1.28998
C 87.73260 40.70780 -1.09489
C 75.77940 25.03890 -0.56631
C 74.12960 37.31600 -0.31105
C 75.77220 39.77080 -0.24573
C 77.34040 42.42410 -0.28542
C 74.16260 42.59570 -0.17029
C 76.10710 45.52270 0.14022
C -0.12388 25.57770 -0.20026
C 95.57330 28.31790 -0.15661
C 0.33440 30.81230 -0.01549
H 84.78460 47.01140 0.23367
H 93.78210 46.05400 -1.16086
H 86.58840 25.08030 1.04985
H 83.48460 25.52330 1.71280
H 88.78890 27.46160 1.19759
H 82.37490 28.55090 1.55845
H 78.92980 29.36150 1.06161
H 90.79780 29.98110 1.31918
H 80.13850 34.59580 1.22545
H 94.82390 34.90720 0.96186
H 82.33060 37.08050 1.04748
H -0.39758 37.32770 0.60968
H 84.28870 39.55550 0.73248
H 96.07690 40.22780 0.38635
H 83.40490 42.51050 0.80160
H 94.98980 43.10340 -0.10893
H 91.71500 43.95500 -0.14868
H 88.62340 44.46610 0.96040
H 85.62160 44.62640 2.10138
H 78.91540 24.06130 2.06616
H 76.88740 26.34590 0.73724
H 74.67580 28.71110 0.76829
H 75.80700 33.31950 -0.49421
H 77.23920 35.34030 1.42585
H 79.12250 37.73990 1.05176
H 81.12010 40.15850 0.82740
H 78.97330 43.38200 1.25384
H 84.75230 22.49190 1.28264
H 93.68160 22.91330 1.14953
H 91.96510 26.93800 1.13954
H 94.08410 29.34490 1.64736
H -1.22217 31.87880 1.67411
H 85.52250 28.04330 1.35029
H 87.61730 30.43230 1.16828
H 84.33640 31.07860 1.04717
H 81.15730 31.55980 1.32938
H 77.91470 32.32890 1.71644
H 92.76380 32.40630 1.41938
H 89.67350 32.92310 1.04886
H 86.48290 33.44520 0.79131
H 83.20190 33.99950 1.05260
H 91.69710 35.43250 0.84380
H 88.48450 35.93150 0.75969
H 85.33460 36.42360 0.84764
H 93.82250 37.84200 0.59893
H 90.61380 38.50700 0.56826
H 87.42320 38.91840 0.63608
H 92.76870 40.87240 0.27211
H 89.65170 41.43680 0.38179
H 86.45740 41.92880 0.61247
H 76.03120 23.23680 1.15895
H 73.81370 25.66910 0.85688
H 74.09120 35.31840 1.18432
H 75.77740 37.99420 1.40925
H 77.48880 40.53290 1.35724
H 74.23130 40.73530 1.45113
H 75.80130 43.42650 1.44816
H -0.29746 23.45630 1.09745
H 95.61480 26.34120 1.20455
H 0.08904 29.01370 1.52099
C 84.18970 46.36500 2.72766
C 92.58180 45.94450 1.12500
C -0.46816 48.79540 -0.13038
C 85.25120 24.24480 3.04236
C 80.88250 23.98170 3.49467
C 90.18180 25.89650 2.49970
C 87.01450 26.74220 2.81773
C 80.36380 27.65020 2.37580
C 88.98000 29.19660 2.84524
C 79.52250 30.71330 3.01124
C 90.87610 31.86290 2.89963
C 78.57570 33.98640 3.08113
C 93.05370 34.46010 2.64557
C 80.60340 36.52440 2.64116
C 95.23840 36.86040 2.37160
C 82.67410 39.09880 2.46060
C 84.87250 41.35550 2.40601
C -0.74555 42.23490 1.73095
C 93.39770 42.94690 1.48919
C 90.35970 43.38190 1.84261
C 87.18540 44.41910 3.14320
C 84.09500 43.07510 3.15982
C -0.47780 44.85300 -0.07042
C 77.22470 22.69970 3.23742
C 77.54000 25.89260 3.02841
C 76.69120 28.75930 1.34524
C 74.79480 31.10080 0.12703
C 75.66770 33.58980 2.07932
C 77.62460 37.24250 2.90102
C 79.45490 39.74070 2.60986
C 81.12200 42.41720 1.88626
C 79.62240 45.32100 2.90941
C 83.19270 21.53050 2.42718
C 91.35280 22.13530 2.04212
C 93.56270 25.28260 2.17312
C 90.47280 26.36380 4.20312
C 92.03790 28.64100 2.93961
C 94.12700 31.23580 3.20248
C -1.16419 33.91690 2.87575
C 83.87730 27.18790 3.14969
C 85.73580 30.02590 2.77658
C 82.74920 30.31000 2.86707
C 87.89770 32.42050 2.55449
C 84.81370 32.92010 2.55168
C 81.57040 33.41730 2.83805
C 89.92510 34.87740 2.40529
C 86.76180 35.25380 2.42871
C 83.67470 35.91590 2.63557
C 92.04590 37.42990 2.27016
C 88.94950 37.82630 2.24574
C 85.67850 38.31270 2.28261
C 1.02764 39.23070 0.97146
C 94.24650 39.79700 1.96682
C 91.12410 40.35480 2.06052
C 87.97420 40.77850 2.14563
C 75.52990 25.20500 2.50435
C 74.04820 37.05380 2.90236
C 75.86270 39.77390 3.05241
C 77.44120 42.42540 2.99595
C 74.13990 42.52960 3.09754
C 75.95970 45.25130 3.23838
C -0.21517 25.15570 2.92453
C 95.57780 28.06290 3.06601
C 0.31669 30.84590 3.25202
C 88.48700 46.56010 -0.34538
C 85.70300 48.25910 -1.24101
C 82.51570 49.59500 0.05088
C 79.74990 51.09620 0.27503
C 76.91790 53.14560 -0.36759
C 93.87500 47.67840 -2.38213
C 76.67250 56.26750 -0.18527
C 74.10290 57.41810 2.47594
C 76.66450 59.84430 0.11239
C -0.37011 52.42020 -2.09572
C 93.99920 53.96670 -1.81289
C 90.84170 55.30310 -1.75034
C 87.86260 56.68190 -1.55458
C 76.40760 63.09660 0.24646
C 87.77600 60.25320 -1.67813
C 85.59560 61.41820 -1.09889
C 79.17130 64.41660 -0.40039
C 84.62020 64.46640 -1.41446
C 82.04620 66.48680 -0.17037
C 85.80460 67.85500 -1.15926
C 77.80780 48.43690 0.77356
C 75.99630 51.30540 -0.43091
C 81.53900 69.90530 -0.69161
C 79.14540 67.99540 0.25100
C 76.08900 66.46130 1.10387
C 73.96420 63.10140 3.15496
C -0.40165 55.82050 -1.33692
C 93.51540 57.22060 -1.78812
C 92.68360 59.97320 -1.75974
C 91.45990 62.99550 -1.92751
C 90.86240 66.46850 -2.81622
C 87.71860 65.01230 -1.48910
C 88.98900 69.24840 -2.48460
C 90.71310 71.96150 -1.12224
C 91.27230 48.76560 -1.71879
C 88.28570 50.28740 -1.41063
C 85.53240 51.68100 -1.19071
C 82.40260 52.84060 -0.64745
C 79.62110 54.74870 -0.60613
C 93.91670 50.73220 -2.00644
C 91.10690 52.12570 -1.68823
C 88.08410 53.49240 -1.41961
C 85.23960 54.76940 -1.24146
C 82.37570 56.33730 -0.99887
C 79.33500 58.03310 -0.49433
C 84.88490 57.97940 -1.50280
C 82.06540 59.65840 -1.09211
C 79.32520 61.18570 -0.36564
C 81.85860 62.87770 -0.87336
C 74.25420 48.08970 -0.15471
C 76.16190 70.12830 0.10987
C 95.86340 59.31060 -1.89892
C 0.69401 61.82440 -2.17508
C 94.70880 62.33470 -2.01286
C -0.33803 64.84990 -2.42085
C 93.67280 65.24820 -2.37634
C 95.63230 67.81430 -2.49956
C 92.46950 68.53910 -2.49370
C 0.35926 70.29830 -2.82366
C 94.47720 70.98170 -2.70059
H 83.23880 48.76600 2.43795
H 90.90260 47.06250 -0.05907
H 87.64660 48.72100 0.46878
H 81.97410 51.54520 1.43824
H 78.87630 53.14030 1.16024
H 76.12870 54.61800 1.58775
H 0.96982 46.81210 -0.71399
H 76.13280 57.84510 1.81973
H 95.95910 50.71500 -0.62790
H 93.03960 52.27320 -0.22617
H 76.06960 61.06300 1.90436
H 92.79340 55.45120 -0.23957
H 89.88690 56.73860 0.07180
H 87.09460 58.24130 -0.32867
H 75.78100 64.16150 1.90761
H 88.35050 60.97450 0.75704
H 81.35220 64.25810 0.84562
H 78.52370 65.88150 1.33303
H 86.58250 63.43540 -0.19395
H 84.47440 66.10660 0.15833
H 77.50170 46.12970 2.06005
H 75.85680 49.55990 1.17480
H 84.86000 70.23830 -0.78369
H 82.86030 68.63180 1.00354
H 79.86940 70.16770 1.19051
H 77.19540 68.53380 1.71627
H 74.54550 70.18060 2.05784
H 95.63600 53.89430 -0.44057
H 95.38650 57.52290 -0.17650
H 92.48360 58.35810 0.24085
H 91.39080 61.22630 -0.14269
H 89.71410 63.84970 -0.26687
H 89.31840 66.90110 -1.33069
H 91.02020 69.54290 -0.97310
H 87.77670 69.59850 -1.16331
H 84.86230 50.21430 0.19123
H 93.26540 49.06750 -0.33779
H 90.37970 50.39880 -0.01840
H 87.58310 51.87160 0.32482
H 84.49790 53.27420 0.50217
H 81.66880 54.74140 0.73004
H 78.82160 56.28340 1.15810
H 90.10370 53.68380 -0.10991
H 87.16770 55.07340 0.26099
H 84.44900 56.39820 0.44565
H 81.52080 57.94240 0.65106
H 78.81310 59.51720 1.40914
H 84.27870 59.69540 0.05072
H 81.47800 61.04600 0.81924
H 78.63300 62.78290 1.34929
H 84.02030 62.76500 0.29576
H 74.32500 46.31790 1.64276
H 0.32599 59.98470 -0.55504
H 94.51840 60.64110 -0.26827
H -0.71369 63.13290 -0.73359
H 93.33680 63.68810 -0.45056
H 95.41570 66.03380 -0.88164
H 92.41160 66.68840 -0.78656
H 0.22179 68.64110 -0.99670
H 94.34620 69.24460 -0.97778
H -0.87129 71.73500 -1.26582
C 88.92560 46.86260 1.37669
C 85.77220 48.67070 1.97338
C 82.56950 50.38050 3.68136
C 79.95150 50.91360 2.18640
C 77.16850 52.74520 2.96418
C 94.25770 47.18340 0.93667
C 77.34460 56.02040 3.21770
C 74.19020 58.27180 4.58598
C 77.37520 59.47420 3.46161
C -0.59006 52.28130 1.18244
C 93.96900 53.97250 1.35615
C 90.93530 55.48130 1.42892
C 87.95050 56.89060 1.65340
C 77.29530 62.73050 3.40439
C 90.08910 59.15940 0.37394
C 85.86970 61.33360 0.95366
C 79.81240 64.41940 2.77696
C 85.29550 64.27040 1.73672
C 82.37460 66.27630 1.70883
C 85.32620 68.40060 0.95884
C 77.77900 48.29350 2.77962
C 75.85720 51.17200 3.21418
C 82.02560 70.08240 2.47873
C 79.50380 67.93630 2.19252
C 76.64610 66.36610 2.88381
C 73.66610 61.48080 1.97100
C -0.43450 55.74400 0.62864
C 93.81900 56.77060 1.61571
C 92.89320 60.43040 1.63304
C 91.69610 63.29730 1.32610
C 90.66350 65.98030 0.76318
C 88.73140 62.51920 0.49427
C 89.40200 68.63000 0.67690
C 91.38850 71.46010 0.58182
C 91.63880 48.87410 1.46167
C 88.72680 50.36650 1.86663
C 85.75310 51.80350 1.92692
C 82.81960 53.27430 2.37155
C 79.96600 54.52530 2.59572
C 94.18010 50.60320 1.29938
C 91.27250 52.17750 1.45285
C 88.53060 53.61290 1.75434
C 85.47810 54.88440 2.05451
C 82.67540 56.33150 2.17774
C 80.04940 57.78340 2.64305
C 85.49530 58.21560 1.64265
C 82.85980 59.51590 2.09061
C 79.91330 61.22690 2.72329
C 82.60350 62.68810 2.24241
C 74.54750 48.27910 3.10700
C 76.82260 70.15820 3.35585
C 95.94030 59.29850 1.27520
C 0.64120 61.92280 0.90649
C 94.94120 62.63540 1.09283
C -0.35189 65.04950 0.78653
C 93.78010 65.65400 0.93988
C 95.83320 68.03160 0.55874
C 92.74260 68.64930 0.66845
C 0.75887 70.72070 0.24183
C 94.80990 71.15170 0.58905
C -0.60448 94.63210 -3.97651
C 93.28920 94.83720 -4.16094
C 90.17300 94.42110 -3.95537
C 0.32070 77.63090 -4.17467
C 94.33240 77.90550 -4.50206
C 89.76130 80.37590 -4.81171
C 87.49530 82.68740 -4.09002
C 86.50720 85.57800 -4.92430
C 0.02512 89.22800 -4.43365
C 94.06940 89.44640 -4.20603
C 87.21770 88.92880 -4.39133
C 92.16840 91.88320 -4.06248
C 73.81610 88.47470 -0.41523
C 83.65960 88.70430 -3.86585
C 79.05320 90.22900 -1.76174
C 84.63500 92.05500 -3.40484
C 86.61020 94.32100 -3.64705
C 83.71700 94.96920 -3.09384
C 90.27400 75.33530 -1.15288
C 86.66780 71.94640 -1.38725
C 83.12780 70.50200 -2.24165
C 86.57960 75.13700 -2.89856
C 87.56950 78.57880 -3.77721
C 84.51000 80.86330 -2.61951
C 84.02490 83.67630 -3.70552
C 81.87010 85.63970 -2.92103
C 80.93900 88.12810 -1.49420
C 76.66910 86.55500 -1.35142
C 73.68150 84.99290 -0.91066
C -0.74458 73.77790 -2.80405
C 92.73370 73.28730 -3.15994
C 94.29160 75.79990 -4.52975
C 96.07300 80.54150 -4.52273
C 92.89450 80.70270 -4.81277
C 0.28548 83.55790 -4.58596
C 94.35150 83.39790 -4.74828
C 91.06620 83.19720 -4.99296
C 95.68170 86.46820 -4.66384
C 92.51520 86.38300 -4.80166
C 89.26110 85.98830 -4.85285
C 90.67780 89.01460 -4.46323
C 88.46160 91.70410 -4.10092
C 76.01300 90.98980 -1.33994
C 72.86240 91.74840 -0.44713
C 81.38850 92.20940 -2.43861
C 78.22590 93.17630 -1.96304
C 75.09480 94.18880 -1.12854
C 84.30520 73.99750 -1.39550
C 81.38050 73.22780 -0.88242
C 78.77850 71.66430 -0.31058
C 84.36650 77.36650 -2.57416
C 81.63760 76.09790 -1.37073
C 78.73210 74.63590 -0.68807
C 75.95310 73.33440 -0.03054
C 81.58650 79.09300 -2.02261
C 78.82760 77.75150 -1.32398
C 75.92090 76.43140 -0.49381
C 81.56260 82.17410 -2.45693
C 78.82590 81.02180 -1.75893
C 76.14840 79.62440 -1.11274
C 73.30240 78.08550 -0.49346
C 79.16550 84.32270 -1.98909
C 76.25650 82.98410 -1.38181
C 73.51220 81.40940 -0.80253
H -0.52831 92.75530 -2.76835
H 93.48110 92.68150 -2.73739
H 91.73270 95.26440 -2.32705
H 88.53800 94.97830 -2.29061
H 0.10548 76.16170 -2.05080
H 95.81270 78.79010 -2.85041
H 92.74970 79.04730 -2.86071
H 90.03060 78.73890 -2.78230
H 88.30830 80.72480 -2.87825
H 85.86090 84.34600 -3.13148
H 87.69730 86.87150 -3.14723
H 95.31220 90.07700 -2.81278
H 92.10850 89.79800 -2.70140
H 88.95920 89.64300 -2.84852
H 85.79780 89.13400 -2.35565
H 90.25710 92.43990 -2.57178
H 79.13510 88.47480 0.14134
H 75.96870 89.26300 0.49363
H 72.94000 90.03040 1.32764
H 83.01130 90.32710 -2.66246
H 81.08560 90.79110 -0.41654
H 87.01870 92.25680 -2.38607
H 87.99120 74.10360 -1.06187
H 85.51350 73.07730 0.52811
H 88.27500 76.83760 -1.97766
H 85.86460 78.96950 -2.04008
H 82.81620 80.92300 -0.73288
H 82.89150 83.94000 -1.44228
H 83.21810 87.09840 -1.90351
H 80.58930 85.85990 -0.76094
H 77.61340 84.66290 -0.09567
H 74.84230 86.32420 0.29669
H 93.17270 72.11530 -0.90593
H 1.46615 73.75970 -1.56381
H 94.26860 74.66540 -2.23073
H 90.84260 74.00420 0.28177
H 94.87260 95.37760 -2.30778
H 0.25829 81.73320 -2.93974
H 94.36650 81.59070 -3.09583
H 91.22960 81.53150 -3.27755
H 95.81010 84.55830 -3.14724
H 92.55400 84.41900 -3.38887
H 89.35480 84.14470 -3.62449
H 0.09888 87.27300 -2.95955
H 93.99980 87.27910 -3.04360
H 90.79550 86.97960 -3.14664
H 78.05640 91.55900 -0.09865
H 75.04800 92.38630 0.47237
H 83.46300 93.14810 -1.50738
H 80.36700 93.75520 -0.84578
H 77.34290 94.61670 -0.14907
H 82.54600 71.70070 0.64237
H 85.52950 76.05270 -0.81730
H 82.80050 74.75130 0.39583
H 79.93470 73.39130 1.04245
H 77.20040 71.84770 1.52898
H 82.92620 77.79880 -0.38003
H 79.95860 76.43630 0.42063
H 77.15180 75.05670 1.16492
H 74.46120 73.48120 1.89571
H 80.03010 79.55420 -0.13638
H 77.23080 78.20160 0.57915
H 74.39710 76.71290 1.27394
H 80.16950 82.65770 -0.43257
H 77.30630 81.35540 0.15454
H 74.55800 79.80440 0.73393
H 74.68950 83.12120 0.54036
C -0.75656 94.38800 -0.74811
C 93.33870 94.28110 -0.75566
C 90.27090 94.09040 -0.82331
C -0.00884 77.89890 -0.99314
C 94.23850 78.09310 -1.12469
C 90.13910 80.79680 -1.25642
C 87.70230 82.92890 -2.29263
C 85.51490 86.61770 -2.09614
C -0.14839 88.95840 -1.23526
C 93.71630 88.87510 -1.15767
C 87.49300 88.47010 -1.20172
C 91.93350 91.55010 -1.03001
C 73.86020 88.16600 1.47281
C 82.70350 89.04270 -0.51952
C 79.50440 90.16540 1.43029
C 84.97990 91.23870 -1.36444
C 87.34110 93.79760 -0.47178
C 84.32580 94.88790 0.06207
C 89.26150 73.95870 2.21865
C 88.01000 72.83410 1.05428
C 84.85470 71.49830 1.52866
C 87.66400 76.12310 0.44234
C 88.19720 79.14900 -0.97741
C 85.19470 81.26110 -0.79340
C 85.16040 83.75370 -0.74722
C 82.86430 85.80800 0.17687
C 80.44860 86.83100 1.54682
C 77.14530 87.06930 0.67087
C 74.36870 84.91420 2.25836
C -0.88281 74.16590 -0.80226
C 93.26030 74.41820 0.13178
C 93.03890 76.77710 -1.71823
C 95.85440 80.74170 -1.38518
C 92.70420 81.05180 -1.38090
C 0.09340 83.69010 -1.41012
C 94.22990 83.65300 -1.68711
C 90.85490 83.50120 -1.87932
C 95.62340 86.27060 -1.44537
C 92.50840 86.10990 -1.58444
C 89.28430 85.69810 -1.72027
C 90.55140 88.49600 -1.36862
C 88.87090 91.20400 -0.99160
C 76.64850 91.06190 1.88888
C 73.81780 91.92990 2.57802
C 82.10770 92.65610 0.59392
C 78.95580 93.34870 1.19333
C 75.85110 94.29300 1.86053
C 85.04960 75.03070 1.38246
C 82.02970 73.39200 2.32057
C 79.36840 71.82850 2.81915
C 85.31500 78.17220 0.28858
C 82.09290 76.70570 1.68036
C 79.27000 75.23860 2.45905
C 76.59160 73.61650 3.10586
C 82.14450 79.58480 1.17777
C 79.33170 78.26890 1.88190
C 76.39450 76.87670 2.53366
C 82.30550 82.88360 0.72656
C 79.37540 81.31980 1.46347
C 76.60050 79.97590 2.12735
C 73.66880 78.57390 2.73672
C 79.63600 84.55360 1.14616
C 76.84380 83.19560 1.74485
C 73.79820 81.63940 2.29929
