2979
Frame 113
C 12.71280 95.73100 -1.40723
C 13.80970 1.03404 -1.29301
C 11.77540 3.14665 -2.49776
C 10.82710 6.45968 -2.80217
C 8.13879 9.31561 -2.86018
C 4.63445 8.69325 -3.79061
C 2.93326 8.95627 -4.82435
C 23.73730 0.36495 0.77154
C 21.99810 4.08960 1.70143
C 24.62930 6.04920 0.48079
C 24.89540 11.90690 0.25429
C 19.86290 1.17688 -0.70635
C 16.06860 -0.96510 0.25483
C 19.34280 4.31806 -0.48649
C 22.79400 8.75771 0.81274
C 19.79510 7.61154 -0.06862
C 13.77260 4.67449 -0.69829
C 23.05700 12.77110 -0.26761
C 14.65780 8.49764 -1.24637
C 22.91730 16.09760 0.04504
C 11.79560 10.31190 -1.38834
C 22.86740 19.48530 0.17642
C 12.58610 13.56960 -0.61784
C 9.47065 12.72400 -1.23136
C 22.86070 22.83730 0.47890
C 14.50200 17.84510 0.48095
C 11.08040 16.10200 0.55287
C 14.34330 21.39620 1.47061
C 20.39720 -0.95691 -0.50190
C 5.49108 10.76520 -1.56758
C 6.46425 13.99380 -0.63797
C 3.47586 14.23140 -1.22925
C 8.00831 16.67120 0.02953
C 2.05002 17.19350 -1.17916
C 9.74263 19.20770 0.53374
C 11.17250 21.77320 0.83506
C 9.31417 95.46420 -2.26692
C 10.65720 0.59254 -2.26190
C 7.43119 0.09434 -2.93501
C 4.14956 -0.17220 -3.36013
C 8.67128 3.03889 -3.13748
C 5.50908 2.72245 -3.62012
C 2.28064 2.45349 -3.65479
C 7.00610 5.45053 -4.08715
C 3.63029 5.38076 -4.17890
C 16.58780 2.72830 -1.03258
C 16.85100 6.19726 -0.70921
C 20.31010 10.94010 0.73655
C 17.49700 9.58204 -0.24694
C 20.23130 14.51780 0.24023
C 17.72130 12.74860 0.15395
C 14.88590 11.55000 -0.58147
C 20.09870 17.80260 0.34600
C 17.38780 16.19920 0.41226
C 14.81570 14.86600 0.03101
C 19.99940 21.27920 0.44395
C 17.35150 19.51040 0.50203
C 5.03271 16.87220 -0.43845
C 6.33751 19.65330 0.17566
C 3.20458 19.80640 -0.20944
C 7.94763 22.15450 0.43266
C 4.72856 22.36110 0.23018
C 1.60882 22.59840 -0.18470
H 13.54280 -0.61274 0.57542
H 11.67990 1.77232 -0.34244
H 10.14070 4.36693 -1.48560
H 8.33076 6.84511 -2.38708
H 1.89947 6.48703 -2.51131
H 3.67249 9.03950 -1.40075
H 22.54050 1.70894 2.60403
H 24.45020 4.09819 1.99289
H 22.68530 6.54506 2.10592
H 24.88220 9.85454 1.59505
H 25.25440 15.49170 1.24455
H 19.91760 2.65037 1.45058
H 17.47070 1.10333 0.37785
H 19.98120 5.64426 1.61806
H 14.53210 2.57476 0.54184
H 14.89400 6.47116 0.09966
H 21.43640 13.10200 1.59457
H 12.17000 8.58491 -0.40114
H 23.77740 18.09290 1.28131
H 21.08210 16.32780 1.80818
H 9.73328 10.52350 0.25288
H 23.94500 21.03220 1.93009
H 10.28680 13.71510 0.37999
H 12.79930 17.75330 1.49537
H 9.43184 17.27410 1.99750
H 21.92800 -1.12648 1.19343
H 1.44233 12.92430 -2.05592
H 7.08635 12.18410 -0.26200
H 3.85592 12.01210 -0.01067
H 7.61119 14.67820 1.62048
H 6.31991 17.57130 1.52723
H 10.94090 20.04790 2.62267
H 7.91410 20.20400 1.85217
H 10.61910 -1.16387 -0.47928
H 7.25397 96.13970 -1.05287
H 4.17089 95.82630 -1.57418
H 1.00452 95.55380 -2.00779
H 8.58490 1.38837 -1.19555
H 5.51405 1.09905 -1.77651
H 2.39414 0.75814 -1.85555
H 6.94193 3.98767 -2.05107
H 3.73275 3.74871 -2.23178
H 5.07791 6.41984 -2.70563
H 17.27900 4.24542 0.85926
H 20.51450 8.81290 1.79502
H 17.69110 7.65236 1.26557
H 17.98920 10.84610 1.75953
H 15.25910 9.60683 0.91137
H 18.33190 14.44200 1.97584
H 15.59380 12.95120 1.37951
H 12.73560 11.52280 0.63292
H 21.05780 19.51020 1.87034
H 18.29210 17.84390 2.07329
H 15.54490 16.16110 2.00723
H 12.86690 14.63290 1.49358
H 18.26350 21.10600 2.15683
H 15.61400 19.33790 2.22197
H 4.64539 14.81310 0.77378
H 1.58367 15.16060 0.12737
H 3.18903 17.70130 0.96539
H 4.61212 20.39230 1.77940
H 1.36665 20.53610 1.19587
C 11.68530 95.77140 1.66535
C 12.79130 1.38241 1.80841
C 11.06000 3.81381 0.80477
C 10.49600 6.77263 -0.85169
C 8.06937 9.06671 -0.99578
C 4.08956 7.53668 0.31163
C 1.57241 8.45642 -2.69476
C 23.54390 -0.04009 2.62099
C 23.55600 2.41408 4.84562
C 24.21580 6.09443 3.63010
C 24.68800 11.79320 3.31933
C 18.70980 0.60874 2.57509
C 15.14800 96.42710 2.16392
C 18.45690 4.09285 3.03954
C 22.78610 9.04313 2.65523
C 19.14040 7.47218 3.24610
C 13.35250 4.44262 1.05459
C 23.14000 13.07330 3.50224
C 13.57270 7.86498 1.73241
C 23.28140 16.22870 2.92902
C 11.20030 9.87727 1.75254
C 22.94600 19.31050 3.42222
C 11.53750 12.81410 2.40097
C 8.70588 12.35900 1.77757
C 23.29010 22.55130 3.47647
C 14.37770 17.67740 3.60917
C 11.35210 15.95300 2.80155
C 14.22530 21.01720 3.33058
C 19.82800 96.49440 2.34697
C 5.55427 11.71250 1.73535
C 5.57441 13.60900 2.71355
C 2.74071 13.52590 1.62390
C 7.73732 16.57970 3.38836
C 1.24770 16.62900 2.00878
C 9.44801 19.27130 3.59064
C 10.67860 22.05540 4.14480
C 8.75332 95.42420 0.81482
C 9.77671 0.70225 0.85021
C 6.79169 0.46687 0.23781
C 3.98426 0.10644 -0.11227
C 8.26495 3.49751 -0.06699
C 5.27311 3.10562 -0.43763
C 2.24974 2.83630 -0.53885
C 6.79950 6.10313 -0.75244
C 3.60151 5.80621 -0.74668
C 15.97180 2.52961 2.13814
C 16.14830 5.95552 2.20178
C 20.27320 11.12730 2.68947
C 16.67940 9.14061 2.97207
C 20.03110 14.56900 3.37056
C 17.15360 12.65820 3.27355
C 14.24490 11.25350 2.52828
C 20.24500 17.88090 3.54371
C 17.41530 16.13840 3.58199
C 14.60640 14.38250 3.23090
C 20.21110 20.91400 3.65368
C 17.49910 19.44730 3.82663
C 4.53488 16.47840 2.59170
C 6.21899 19.30610 3.28535
C 2.84845 19.32600 2.77396
C 7.66653 21.91880 3.49435
C 4.56456 22.19270 3.42489
C 1.17059 22.24100 2.99992
C 22.40500 26.13150 0.20770
C 19.88220 27.80030 1.00823
C 14.84560 24.81290 1.44926
C 18.50930 29.09630 -0.00029
C 22.83390 29.11160 0.28190
C 24.28110 31.78270 -0.61451
C 23.64410 35.18390 -1.19520
C 25.65940 45.35570 -3.64873
C 22.02610 44.14790 -2.08583
C 21.01470 31.63840 1.98796
C 18.80730 32.69930 -0.46172
C 14.93710 27.71580 0.31142
C 19.42940 34.70600 -0.51625
C 12.96410 34.06510 -0.15995
C 20.22380 38.00150 -1.29872
C 10.57340 36.20850 -0.12940
C 21.35330 41.05540 -1.86731
C 17.90250 40.41050 -1.50173
C 8.52188 38.63050 -0.52649
C 4.16624 38.59840 -1.79678
C 16.01900 43.05870 -1.46622
C 2.65479 42.14970 -1.78848
C 13.91220 45.37470 -1.44407
C 5.01482 43.77910 -2.24258
C 2.65441 46.44580 -2.60227
C 12.92930 24.23520 0.99974
C 11.76760 27.64020 0.84547
C 12.47510 30.93520 0.04935
C 9.57575 30.23650 0.32694
C 9.30833 33.25630 1.50790
C 5.57227 33.27130 0.43910
C 7.54690 35.82090 1.79755
C 1.42207 36.06050 -0.05670
C 20.09820 24.38210 0.82435
C 17.26260 23.00150 0.98287
C 17.55400 26.13520 1.43122
C 16.07290 34.56740 -0.73989
C 17.16090 37.59110 -1.07030
C 13.80720 36.92790 -0.70309
C 14.91700 39.94560 -1.10259
C 11.79410 39.32630 -0.90561
C 12.87110 42.40850 -1.14421
C 9.77245 41.58410 -1.20030
C 6.54315 41.14100 -1.50514
C 10.86370 44.76530 -1.45658
C 7.97667 44.23270 -1.63842
C 5.78266 46.92540 -2.03660
C 9.54648 24.65120 0.49561
C 6.41669 24.97660 0.33182
C 3.16397 25.14940 0.12062
C 8.02823 27.58270 0.41855
C 4.96803 27.80920 0.36432
C 1.62948 27.85260 0.07615
C 6.56299 30.36280 0.45571
C 3.57991 30.60730 0.30853
C 2.29851 33.37270 0.25939
H 0.71224 42.62620 -0.14295
H 23.80760 24.19950 1.39260
H 21.26230 25.87710 2.41278
H 15.60760 22.93930 2.72901
H 18.73290 27.49690 3.20309
H 15.97690 26.07510 3.50966
H 16.44720 28.44150 1.22750
H 23.97360 27.35810 1.58775
H 24.42460 30.49830 1.61643
H 21.43280 29.12950 2.43460
H 23.83190 40.35870 -2.04024
H 24.45260 43.47900 -2.48079
H 22.42360 42.53650 -0.16724
H 20.23600 44.85830 -0.37087
H 19.54210 33.67590 1.93162
H 16.64950 33.01360 0.74547
H 13.74510 32.50970 1.66891
H 20.89210 36.48100 0.69009
H 11.39770 34.68540 1.76635
H 21.65370 39.50010 0.05393
H 9.01221 37.11390 1.55009
H 19.58660 41.88500 -0.11782
H 6.51132 39.80060 0.68671
H 2.43575 39.92160 -0.57717
H 17.49860 44.30320 -0.22567
H 4.69414 42.24300 -0.34457
H 15.27790 46.65940 -0.06347
H 2.91400 44.53800 -1.05666
H 12.53890 22.56250 2.69304
H 9.45359 22.90760 2.18623
H 11.21310 25.58400 2.13727
H 13.42660 29.47590 1.40722
H 10.95960 31.43230 1.99853
H 8.14337 31.18800 2.14122
H 6.95172 34.08500 1.79190
H 3.77914 34.26460 2.16754
H 0.65036 34.43070 1.73544
H 2.54400 37.17790 1.21788
H 21.08400 22.61670 2.16592
H 18.47530 24.31450 2.63689
H 23.27640 45.21690 -0.21718
H 17.67680 35.97470 0.81808
H 14.54340 35.39080 1.10370
H 18.60210 38.93250 0.36842
H 15.41060 38.38390 0.48922
H 12.16120 37.75830 1.01856
H 16.52400 41.31550 0.27272
H 13.20190 40.70260 0.57269
H 9.97144 40.14710 0.49114
H 14.37460 43.66140 0.35541
H 10.98920 43.17720 0.31997
H 7.83469 42.60120 0.04636
H 12.15650 46.16960 0.09318
H 9.09247 45.67960 0.05585
H 5.98541 45.09350 -0.45720
H 6.24106 23.10180 1.86374
H 3.00546 23.31640 1.76081
H 7.99892 25.73190 2.05827
H 4.73544 25.89790 1.82717
H 1.43904 25.94860 1.69032
H 9.71494 28.40170 1.90012
H 6.48212 28.58380 2.12568
H 3.19215 28.67550 1.77377
H 5.05506 31.42150 2.11260
H 1.86632 31.52650 1.82642
C 23.33310 25.77790 3.48436
C 20.52980 27.44170 4.25109
C 14.70920 24.14470 4.69792
C 16.53050 28.63120 3.75698
C 23.48780 28.96730 3.43617
C 23.29200 32.49270 2.27599
C 23.25080 35.64810 0.66611
C 24.74990 43.23630 0.04587
C 21.85690 44.28450 1.56930
C 20.59770 30.92790 3.93172
C 17.47140 33.16820 3.24017
C 15.56310 30.80230 1.46039
C 20.47230 35.24150 3.03879
C 13.46540 34.52230 3.15947
C 20.41440 38.12540 1.86625
C 10.98810 36.76600 3.08640
C 21.32660 41.22340 1.74687
C 18.26230 40.81970 1.91966
C 8.10208 38.78530 1.31178
C 4.49581 38.49020 0.25337
C 16.30380 43.22170 1.84807
C 2.78667 41.71160 1.13528
C 13.91420 45.61840 1.71027
C 4.35167 44.22680 1.03336
C 2.09805 46.35470 0.65851
C 12.66890 24.40680 3.97462
C 12.13470 27.75710 2.60536
C 12.82750 30.83530 3.38570
C 9.73544 30.12250 3.66606
C 10.33810 33.41190 3.41504
C 5.53147 33.22690 3.75586
C 4.61187 36.18530 2.58606
C 0.69632 36.41430 3.00209
C 20.50030 24.13040 3.97842
C 17.52930 22.56470 4.04813
C 17.72680 25.61160 4.64312
C 16.44500 34.77640 2.61933
C 17.20010 37.94950 2.18154
C 14.22170 37.43210 2.43989
C 15.17010 40.29290 2.03020
C 11.65980 39.75530 2.25897
C 12.84430 42.74290 1.91716
C 9.45987 42.06920 1.88749
C 6.12640 41.77930 1.67490
C 10.71910 45.18970 1.82116
C 7.41616 44.59840 1.42515
C 5.45058 46.98870 1.10129
C 9.52865 24.78990 3.74940
C 6.24001 24.91020 3.52859
C 2.98199 25.14080 3.42336
C 8.08357 27.60420 3.62288
C 4.72187 27.75880 3.45143
C 1.42693 27.76420 3.27100
C 6.51984 30.35680 3.79504
C 3.31313 30.41540 3.46361
C 1.77810 33.27730 3.54627
C 19.91960 46.94000 -1.98525
C 16.96850 46.36850 -1.88660
C 15.00750 48.33200 -1.91250
C 16.47990 52.69400 -1.45688
C 14.11780 55.50650 -1.21898
C 17.71270 56.02680 -1.87446
C 20.23120 58.13270 -2.02770
C 21.89970 60.83360 -1.74979
C 23.87360 63.70280 -1.65306
C 19.01520 61.04330 -2.29136
C 16.28730 59.34600 -1.68531
C 13.67310 57.93650 -1.24871
C 10.46600 56.32530 -0.60470
C 22.15310 66.31200 -1.81745
C 19.91160 64.19310 -1.28124
C 10.34710 60.09450 -1.33396
C 23.00880 69.47930 -1.49935
C 11.29870 63.18830 -2.19304
C 11.35770 66.73390 -2.66335
C 8.94423 68.70240 -3.14285
C 13.53030 47.92990 -3.34769
C 6.86987 49.96310 -1.87949
C 3.63636 49.43000 -2.14362
C 11.08910 53.55750 -1.81322
C 8.05797 52.86900 -1.85025
C 4.67030 52.32860 -2.01462
C 1.41477 51.98590 -2.05889
C 7.28382 55.63790 -0.53842
C 8.47422 57.58700 1.60127
C 7.12084 60.46870 -1.75299
C 9.23291 63.14120 -1.94957
C 8.06468 65.87280 -2.52754
C 6.81444 68.72940 -3.12875
C 23.11290 46.94510 -1.99466
C 21.29840 49.78170 -1.80747
C 17.64050 49.62850 -0.85155
C 22.98950 52.39030 -1.94064
C 19.56970 52.29710 -1.80029
C 21.43860 55.25720 -1.90441
C 23.36300 58.08500 -1.69009
C 16.49280 63.25000 -2.37623
C 13.84020 61.41700 -1.80509
C 19.95740 67.96760 -1.96911
C 16.91210 66.40020 -2.25839
C 14.01130 64.98660 -2.41719
C 17.48160 69.70970 -2.25721
C 14.34920 68.11810 -2.58185
C 12.05080 69.82130 -3.23277
C 11.86940 47.86470 -1.70085
C 8.87568 47.42220 -1.62435
C 10.19270 50.58350 -1.58209
C 3.18782 55.31550 -1.34674
C 5.07480 58.01540 -1.45253
C 1.91052 58.70940 -1.88816
C 3.90782 61.08520 -2.05604
C 6.21342 63.56000 -2.23014
C 2.56304 64.05110 -2.49878
C 4.79574 66.41010 -2.77108
C 1.56178 67.12650 -2.97412
C 3.59676 69.46430 -3.34063
H 1.73817 49.93360 -0.42393
H 18.33760 47.35960 -0.11795
H 15.98280 51.02780 0.32583
H 15.51960 54.23040 0.33147
H 15.98300 57.05370 -0.92577
H 21.62420 58.98580 -0.19307
H 18.52740 59.18050 -0.76942
H 23.33760 61.81920 -0.02658
H 13.91580 56.77320 0.91656
H 12.16760 54.70590 -0.01862
H 22.04180 64.49500 -0.24307
H 20.18750 61.93900 -0.38291
H 16.99720 61.53130 -0.97896
H 14.53540 59.83500 0.03112
H 11.66670 58.47750 0.02255
H 23.30540 67.41430 -0.07756
H 11.91710 61.67300 -0.33762
H 12.06120 65.16060 -0.80890
H 9.55262 67.28880 -1.23233
H 10.00870 70.45030 -1.98152
H 13.31140 49.14930 -0.23871
H 3.87498 47.52780 -0.64103
H 11.35150 51.67590 -0.13692
H 8.19788 51.09170 -0.13762
H 4.99207 50.53470 -0.34654
H 9.26138 54.20280 -0.24740
H 6.15800 53.43940 -0.34541
H 2.99098 52.93960 -0.26382
H 7.27880 55.21430 2.00908
H 6.73716 59.04630 0.42380
H 8.68239 61.57330 -0.19492
H 7.72633 64.51600 -0.49341
H 6.51400 67.25300 -1.29822
H 5.44249 70.34760 -1.87177
H 24.76720 47.78940 -0.45382
H 21.51410 47.76670 -0.30454
H 23.12280 50.57790 -0.33090
H 19.86270 50.49340 -0.11790
H 21.35730 53.33470 -0.37374
H 18.32480 53.24010 0.17240
H 23.01060 56.21690 -0.26028
H 19.78990 56.26290 -0.33134
H 20.30280 66.35730 -0.26362
H 17.65920 64.66450 -0.71763
H 14.66940 63.39760 -0.65488
H 20.86230 69.42570 -0.21913
H 17.90420 67.98320 -0.56854
H 14.98810 66.53310 -0.74004
H 15.34860 69.76310 -1.04027
H 12.43430 68.39400 -1.21006
H 10.22990 48.66420 0.02582
H 7.02743 48.15610 -0.25840
H 5.02088 56.33750 -0.04093
H 1.58751 56.99610 -0.58117
H 3.54902 59.48030 -0.16126
H 5.55890 61.92200 -0.44383
H 2.42530 62.37470 -0.72884
H 4.44810 64.79680 -1.03195
H 1.26162 65.54940 -1.08444
H 3.32331 67.93020 -1.41240
H 2.37469 70.88280 -1.81435
C 20.02500 46.79200 1.44773
C 17.01620 46.14020 1.63330
C 15.03730 48.79690 1.23845
C 16.58330 52.49220 1.87487
C 13.94810 54.40220 1.68920
C 17.55020 55.59690 0.36989
C 19.76290 58.13250 1.14329
C 21.54110 60.92350 1.37883
C 23.70540 63.79700 1.42760
C 18.56730 61.01080 0.87445
C 16.60160 58.81270 0.67266
C 13.25180 58.98310 1.91063
C 11.52910 56.54100 1.50258
C 21.96930 66.18390 1.48863
C 19.77900 64.12720 0.46770
C 10.31020 60.34730 1.04499
C 22.67910 69.30520 1.42718
C 11.19330 63.57580 0.98130
C 11.32860 66.94960 0.47459
C 8.89375 69.26660 -0.07813
C 13.67060 51.66940 -0.29974
C 6.64024 49.97060 1.38039
C 3.29764 49.30370 1.03676
C 10.79390 53.48620 1.58316
C 7.91575 52.94500 1.44683
C 4.81887 52.32960 1.38567
C 1.43583 51.81100 1.38519
C 5.33230 55.26860 2.32093
C 7.96642 57.13540 3.54663
C 6.88753 60.92480 1.46198
C 9.04680 63.38000 1.36235
C 7.99138 66.44910 0.49574
C 6.96596 69.29030 -0.20323
C 23.21460 47.14320 1.33067
C 21.50150 49.68550 1.33215
C 17.89310 49.54130 0.94029
C 22.85580 52.46180 1.29618
C 19.74730 52.44560 1.46896
C 21.27010 55.23400 1.26414
C 22.94000 57.91060 1.52834
C 16.56510 63.09970 0.84228
C 13.87450 61.95760 1.14848
C 19.52940 67.98680 1.29166
C 16.82510 66.32130 0.90303
C 13.83300 65.07250 0.88992
C 16.96730 69.81310 0.82133
C 14.12320 68.31650 0.60386
C 11.57070 70.34450 -0.07996
C 11.94050 48.08240 1.65129
C 8.60127 47.61100 1.52374
C 9.90568 50.50090 1.57662
C 2.84432 55.08330 0.51536
C 4.58963 58.12120 1.62213
C 1.66107 58.48630 1.15535
C 3.70456 61.30210 1.12342
C 5.76716 63.91830 0.88182
C 2.59283 64.39690 0.60494
C 4.78733 66.84850 0.31816
C 1.51659 67.46460 0.24088
C 3.81510 69.94500 -0.04433
C 9.56694 89.78800 -2.12280
C 11.12580 92.90500 -1.86482
C 7.89979 92.64540 -2.49928
C 4.54243 91.98180 -2.90104
C 1.25754 92.09880 -3.66534
C 4.98265 74.64400 -4.24378
C 9.78863 77.70120 -4.01980
C 6.55262 77.75830 -4.22657
C 3.28769 77.51110 -4.32525
C 12.21220 85.73820 -5.00196
C 10.33650 87.86850 -2.24564
C 6.60511 89.40090 -2.52518
C 3.45818 89.46270 -3.45183
C 22.99260 80.14300 -0.65798
C 19.91610 81.08450 -1.32056
C 16.81360 82.98320 -2.70312
C 13.96580 84.82130 -5.55032
C 13.48360 87.28780 -2.50796
C 12.86760 90.15570 -1.78294
C 15.02490 92.73570 -1.17889
C 17.60630 94.51130 -0.97038
C 23.27100 94.98930 -0.21919
C 23.44030 72.94330 -1.26298
C 23.69260 76.37110 -0.37440
C 21.01470 77.86440 -1.33996
C 9.23121 71.87690 -3.84356
C 15.86060 77.69870 -3.80335
C 13.00750 76.49640 -4.42174
C 8.56136 74.73800 -3.36986
C 16.08570 81.21220 -3.45786
C 5.98407 71.92660 -3.75024
C 2.60363 72.53220 -3.63433
C 6.05015 94.95830 -2.84085
C 2.79135 94.80970 -3.38626
C 8.33429 80.63660 -4.40082
C 4.89350 80.53150 -4.50013
C 1.77679 80.69630 -4.62418
C 9.59565 83.45030 -4.33367
C 6.37725 83.55500 -4.26805
C 3.36016 83.66180 -4.43267
C 8.00186 86.19830 -3.91615
C 4.79626 86.69750 -4.04690
C 1.73024 86.51010 -4.22978
C 22.26600 83.15060 -0.88861
C 19.55410 84.71820 -1.79817
C 16.60110 85.99330 -2.29060
C 22.03170 86.55050 -1.00237
C 18.99260 88.05350 -1.59660
C 16.05940 89.35150 -1.92036
C 24.41210 88.65950 -0.13598
C 21.44840 90.00870 -0.79398
C 18.23810 91.33120 -1.23095
C 23.84490 91.89280 0.07972
C 20.84860 93.32420 -0.67766
C 20.42290 71.17500 -1.85294
C 20.83040 74.25980 -1.97723
C 17.93790 72.69320 -2.52987
C 14.87880 71.19310 -3.00512
C 18.28520 76.04490 -2.80793
C 15.44350 74.32720 -3.49581
C 12.33200 73.02390 -3.78725
C 18.64980 79.66520 -2.59266
H 10.89600 90.96010 -0.46927
H 7.79387 90.83070 -0.90219
H 12.28890 93.79880 0.20491
H 5.89363 93.13380 -1.16607
H 2.74577 92.88050 -1.76969
H 6.51098 75.90670 -2.56405
H 3.32304 76.10920 -2.83210
H 8.12262 78.92010 -2.57255
H 9.69286 81.65800 -2.29246
H 11.21960 84.11910 -3.28039
H 8.77892 88.31490 -0.38792
H 4.53974 90.08510 -1.27431
H 1.32559 89.98050 -2.26961
H 22.42680 78.13400 0.63706
H 21.48860 81.48280 0.77787
H 18.50640 82.87960 -0.80185
H 15.61720 84.22650 -0.66119
H 14.28100 85.62430 -3.23087
H 12.11170 88.06190 -0.62895
H 14.56060 90.51270 -0.36263
H 16.92720 92.53480 0.54861
H 15.00810 94.68520 -0.99396
H 19.38180 94.57490 0.69250
H 24.00330 70.87990 0.02745
H 23.92450 74.24250 0.92007
H 21.37820 75.70960 -0.11428
H 18.78550 77.57150 -1.28729
H 13.15450 74.73660 -2.47475
H 10.36030 73.46200 -2.37497
H 7.63043 72.77230 -2.16502
H 16.20080 79.27870 -1.84328
H 13.38330 77.87660 -2.68236
H 4.52823 73.26570 -2.25380
H 9.07578 93.57540 -0.58383
H 4.81380 78.83850 -2.77465
H 1.64311 78.87340 -3.01737
H 6.50668 81.59410 -2.96709
H 3.32339 81.66650 -2.89617
H 8.03566 84.41590 -2.58415
H 4.70389 84.55840 -2.71029
H 1.56961 84.42750 -2.90096
H 6.32334 87.25900 -2.28820
H 3.11041 87.34550 -2.33387
H 24.50210 80.23770 1.26827
H 23.76800 83.58810 1.09678
H 20.91530 84.75220 0.34399
H 18.09340 86.12730 -0.35209
H 15.23680 87.38030 -0.76455
H 23.42090 86.74190 1.06493
H 20.55890 87.99620 0.35577
H 17.61750 89.32940 0.06006
H 22.82950 89.97390 1.30308
H 19.94190 91.33880 0.59574
H 22.37210 93.30080 1.34163
H 21.24280 72.64050 -0.17617
H 18.28830 71.22590 -0.58012
H 18.62510 74.41960 -0.95927
H 15.70880 72.95550 -1.47654
H 12.82070 71.64140 -1.77172
H 15.99180 76.06490 -1.96982
C 9.12226 90.25520 1.06185
C 10.71040 92.79570 1.24737
C 7.27199 92.51140 0.70869
C 4.10812 91.99810 0.12943
C 1.08555 91.68020 -0.46597
C 4.84806 75.27490 -0.85055
C 9.95819 78.26800 -0.99650
C 6.36674 78.03650 -1.06249
C 3.11791 78.08050 -1.15712
C 13.18410 82.40440 -3.35947
C 10.18740 87.54320 0.99990
C 6.48410 88.91790 -0.39335
C 2.85466 89.04140 -0.49049
C 22.32230 79.82780 2.38827
C 19.38980 80.79180 0.52326
C 16.39010 82.16780 0.47101
C 13.40970 83.71560 -1.79958
C 13.12880 86.56520 0.39456
C 12.52500 89.84040 0.97725
C 14.51200 92.81700 0.75933
C 17.35710 93.92690 2.31342
C 22.67980 94.84490 2.85873
C 22.89720 72.47370 1.71513
C 22.56730 76.09330 1.93720
C 20.15910 77.59130 0.83189
C 9.36223 72.33220 -0.45739
C 14.30920 77.60560 -0.96455
C 10.88560 77.06770 -2.30999
C 8.60737 74.94770 -1.47721
C 15.01610 80.87480 -0.26493
C 5.95256 72.32350 -0.46923
C 2.81353 72.96270 -0.45971
C 5.49632 95.08970 0.31040
C 2.48265 94.75660 -0.18484
C 8.23766 81.04680 -1.20132
C 4.88000 80.83060 -1.28581
C 1.55042 80.78890 -1.44299
C 9.91823 83.85780 -0.97617
C 6.24436 83.37440 -1.20568
C 3.09726 83.45360 -1.21337
C 7.91947 86.13680 -0.73063
C 4.53445 86.25420 -0.87430
C 1.33860 86.17910 -1.15353
C 21.55900 83.11180 2.20223
C 18.66610 84.29250 1.23856
C 15.98310 85.68320 0.98514
C 21.25580 86.42790 2.15472
C 18.54500 87.56050 1.57427
C 15.54090 88.76450 1.21038
C 23.52890 88.29750 3.02181
C 20.72670 89.62190 2.25805
C 17.91140 90.81480 2.01221
C 23.32220 91.71180 3.07832
C 20.19340 92.93420 2.48151
C 19.92660 71.14710 1.23360
C 19.92890 74.22600 1.13451
C 17.21770 73.03280 0.52371
C 14.42710 71.56880 0.10173
C 17.19090 76.22940 0.06580
C 14.61100 74.82250 -0.41509
C 12.03020 73.66030 -0.59140
C 17.11590 78.42830 0.38263
C 38.28910 0.12070 1.33973
C 36.12330 0.01320 0.66354
C 39.34380 2.91679 1.62345
C 48.16060 9.08969 1.27893
C 45.26870 8.75425 1.46347
C 42.12170 8.31557 1.51652
C 42.96210 11.24440 1.11381
C 33.39940 -0.74443 2.13814
C 27.35830 0.50730 0.66715
C 35.79670 2.74491 1.88780
C 37.43260 5.81268 1.54609
C 38.87870 8.51560 1.34382
C 26.50140 8.85537 0.49721
C 40.70790 11.03350 1.03837
C 39.41500 14.02410 0.68767
C 26.76840 14.54860 0.22126
C 28.18580 17.60680 0.65987
C 36.68330 20.19440 0.51739
C 33.30560 19.89860 0.83677
C 30.13650 20.03100 0.72615
C 26.23780 20.73810 1.06681
C 49.33920 10.78870 0.74815
C 46.30240 11.83470 1.33503
C 44.18600 14.27870 -0.98564
C 43.39750 17.45250 -0.65687
C 40.29500 18.99080 0.09548
C 40.24080 21.93210 -0.19851
C 47.60200 0.99572 2.24031
C 44.62730 0.63953 2.17330
C 41.45100 0.45198 1.77337
C 48.92170 3.77858 1.99615
C 45.76580 3.51163 2.15982
C 42.74100 3.25061 1.95555
C 47.09600 6.22332 1.73905
C 43.91050 5.94008 1.78404
C 40.59970 5.65949 1.75602
C 30.47040 0.12197 1.33676
C 32.35410 2.67954 1.19814
C 29.16790 3.06465 0.79878
C 25.74850 3.14058 0.62469
C 34.17180 5.81648 1.24887
C 31.07860 5.92421 0.93523
C 27.73930 6.01504 0.57155
C 35.77040 8.45999 1.22371
C 32.62420 8.60775 1.03345
C 29.58190 8.85859 0.71031
C 37.53870 11.31510 1.01232
C 34.40510 11.29730 0.93681
C 31.16570 11.52860 0.80707
C 28.01640 11.66300 0.62707
C 36.04350 14.11160 0.75562
C 33.01600 14.36690 0.79320
C 29.89020 14.41850 0.69143
C 38.03730 16.75740 0.48330
C 34.68670 17.13320 0.53435
C 31.61820 17.21960 0.79064
C 49.09430 13.75710 0.17618
C 46.01740 15.61270 -0.27667
C 48.87790 17.15460 -0.42118
C 45.96970 18.75770 -0.49015
C 43.12250 20.54250 -0.59231
C 48.86060 20.40380 -0.73823
C 45.86580 21.85050 -0.74876
H 36.53200 0.66584 3.02854
H 40.82190 3.90005 3.36084
H 37.74110 3.74037 2.89895
H 48.70330 7.42572 3.07370
H 42.25140 6.64427 3.31935
H 46.68010 10.06010 2.96408
H 43.53530 9.69056 2.99561
H 30.39330 96.24690 3.32423
H 27.43670 96.14710 2.19829
H 32.10500 1.15729 3.06246
H 25.59560 1.11555 2.09929
H 33.83390 4.09909 2.72876
H 38.95870 6.80379 3.23998
H 35.69480 6.78232 3.00079
H 40.49020 9.46795 2.91417
H 39.25130 12.34750 2.51168
H 26.53080 12.72780 1.98846
H 40.74790 15.43410 2.36346
H 37.76670 15.00450 2.25948
H 36.45090 18.00920 1.93476
H 26.74200 18.25750 1.73001
H 34.80160 20.91480 2.07782
H 31.64500 20.71910 2.72307
H 28.54800 21.02860 2.13697
H 48.45540 12.54490 2.23527
H 45.22040 14.08020 1.48296
H 42.70530 15.68980 -0.00227
H 42.25000 18.93430 1.01637
H 39.73450 20.72600 2.04868
H 24.53550 95.81070 1.57812
H 47.75720 -0.74826 3.92510
H 44.60660 -1.24372 3.77820
H 41.50260 96.07250 3.16691
H 38.34930 95.77660 2.59079
H 49.14400 2.11956 3.76871
H 45.95840 1.78739 3.83373
H 42.82930 1.43546 3.48204
H 39.63740 1.03341 3.27556
H 47.32510 4.67209 3.64188
H 44.09240 4.34481 3.70757
H 45.42490 7.15264 3.34013
H 28.88610 1.26673 2.49565
H 30.69030 4.06961 2.47914
H 27.59010 4.27814 1.92969
H 32.46440 6.89114 2.76054
H 29.28680 6.96816 2.30686
H 26.11300 7.03640 2.21280
H 37.36840 9.64679 2.80727
H 34.17250 9.59782 2.71451
H 31.03700 9.69846 2.45982
H 27.95440 9.80071 2.31587
H 35.94330 12.42220 2.53577
H 32.81080 12.50420 2.41477
H 29.58200 12.58010 2.33591
H 34.63170 15.32870 2.31730
H 31.41080 15.33770 2.40026
H 28.23190 15.51940 2.06485
H 33.28890 18.00390 2.45126
H 29.92660 18.17050 2.36537
H 48.03070 15.72290 1.24875
H 45.05270 17.31010 1.26003
H 47.85450 18.94720 0.96689
H 45.01100 20.43310 1.05068
H 42.36500 22.23500 1.03135
H 47.80060 22.10850 0.71779
C 38.05100 -0.39387 4.49254
C 34.77190 -0.70556 3.89522
C 39.11030 2.89500 4.82004
C 48.54160 9.57354 4.42407
C 45.28610 9.17868 4.70897
C 41.93410 8.62621 4.67820
C 42.72820 11.66040 4.33209
C 33.39790 0.59935 4.99528
C 27.07150 0.23357 3.83298
C 35.60930 2.74099 3.82175
C 37.37560 5.56147 4.56410
C 38.83990 8.87890 4.60756
C 26.03980 9.04721 3.69382
C 40.62080 11.49000 4.36201
C 39.58010 14.51440 3.88853
C 26.36570 14.69840 3.48651
C 28.07040 17.33440 3.73516
C 37.31390 20.39650 2.37472
C 33.60040 19.87120 4.10909
C 29.64290 19.89090 4.15474
C 26.12570 20.51760 2.91627
C 49.45120 11.42330 4.01166
C 46.15950 12.37170 3.07481
C 42.94740 14.06870 2.10454
C 42.87200 16.95500 2.30505
C 40.93290 19.29280 3.20918
C 40.65970 22.58230 2.82284
C 47.69800 1.13380 5.42709
C 44.36860 0.68027 5.27612
C 41.29960 0.20685 4.87008
C 49.18830 4.14311 5.14424
C 45.78990 3.76574 5.30125
C 42.45800 3.23170 5.08547
C 47.23470 6.71947 4.97658
C 43.92220 6.35372 5.11129
C 40.52890 5.82490 4.85004
C 30.15210 0.70990 4.59683
C 32.04760 3.34344 4.38841
C 28.81580 3.28152 3.86285
C 25.44110 2.79755 3.87963
C 33.90340 5.77999 4.43299
C 30.66660 5.99355 4.10810
C 27.51360 5.99841 3.75105
C 35.74650 8.51856 4.34402
C 32.45820 8.79561 4.28842
C 29.35220 8.70942 3.99059
C 37.53880 11.67550 4.21211
C 34.29890 11.62040 4.17856
C 31.13870 11.62860 3.95116
C 27.82400 11.74940 3.86504
C 36.20170 14.34480 3.98882
C 33.04660 14.43360 3.99520
C 29.53720 14.53350 3.86551
C 38.84260 17.19280 2.18108
C 35.18370 17.22000 3.80436
C 31.54750 17.26290 3.99802
C 49.07030 14.53110 3.29578
C 46.11230 15.83760 2.94377
C 48.77160 17.56110 2.77094
C 46.11550 18.99570 2.69596
C 43.11010 20.55550 2.63617
C 48.82320 20.65860 2.43931
C 45.92900 22.23070 2.35277
C 48.95170 29.65230 0.24655
C 47.57720 32.42750 0.02120
C 49.41300 35.31340 -0.33119
C 47.86810 38.12920 -0.96382
C 37.49700 23.40910 -0.52670
C 39.85740 25.82240 -0.13909
C 42.74900 27.17380 -0.75766
C 48.52380 26.83140 -1.34414
C 45.56660 28.73330 -1.43989
C 36.57980 25.21930 -0.65744
C 33.36640 23.76030 0.11675
C 29.69220 23.24050 1.67903
C 40.34000 29.45730 -1.02686
C 37.28150 28.26320 -0.73122
C 28.08050 25.22580 -0.14708
C 44.04150 32.82210 -0.50671
C 40.84960 32.63370 -1.11602
C 25.43660 27.23890 -0.44758
C 41.69650 36.39190 -0.64795
C 38.96300 38.02920 -1.05912
C 36.97920 40.65460 -0.97329
C 34.41490 42.13490 -1.66173
C 30.98410 41.01560 -1.78053
C 28.17060 40.00040 -3.22921
C 24.40060 38.64900 -3.05886
C 24.52370 41.93780 -4.11277
C 31.37410 44.19020 -1.72995
C 28.15080 44.05830 -1.92621
C 32.59840 47.07700 -1.93023
C 45.67210 35.56010 -0.04569
C 44.49290 38.88500 -1.29973
C 41.40330 40.11910 -1.26952
C 46.55970 40.90730 -1.73497
C 40.92600 43.39110 -1.29688
C 37.96670 44.75540 -2.18804
C 35.12980 45.55560 -1.14969
C 46.79990 44.36180 -1.58579
C 42.97630 23.73690 -0.80700
C 48.69530 23.49120 -1.13103
C 45.71820 24.86550 -1.44555
C 34.12220 27.17790 -0.61409
C 31.21010 26.13110 -0.15443
C 37.88400 31.52260 -1.03676
C 34.74360 30.36430 -0.84628
C 31.59900 29.32500 -0.64942
C 28.63940 28.12360 -0.35305
C 38.39640 34.77500 -1.18684
C 35.45900 33.52900 -1.25437
C 32.30490 32.35210 -1.13492
C 29.27190 31.28860 -0.73261
C 25.93750 30.48530 -0.39022
C 36.08740 36.80210 -1.43342
C 33.08560 35.67060 -1.62935
C 29.90060 34.30550 -1.44793
C 26.93670 33.36910 -1.12932
C 33.64240 39.05430 -1.64941
C 30.53910 37.65180 -1.88911
C 26.90650 36.62020 -1.54739
C 29.46210 46.81060 -1.83232
C 43.62640 42.09440 -1.60189
C 43.70840 45.50820 -1.37181
C 40.75770 46.54190 -1.20419
H 47.64560 30.87720 2.12902
H 49.08400 33.76130 1.54300
H 47.74820 36.59370 1.04189
H 39.32990 23.85240 1.07017
H 42.06820 25.35910 0.74960
H 40.82040 27.94470 0.39729
H 47.42860 28.34650 0.20616
H 44.34090 29.51090 0.70907
H 37.83610 26.75260 0.86258
H 34.81140 25.59660 1.12125
H 31.73250 24.55490 1.76610
H 41.51020 30.96850 0.78983
H 38.51740 29.96800 0.66193
H 29.40560 26.69070 1.48198
H 26.47230 25.41470 1.19647
H 41.96370 34.04710 0.04491
H 39.52200 36.12560 0.39665
H 40.91100 38.45940 0.42742
H 24.90340 33.70630 0.54221
H 37.59840 41.42280 1.41097
H 31.72340 39.23330 -0.25748
H 28.75550 38.01010 -0.85612
H 24.61350 37.40980 -0.72497
H 35.50370 43.45310 0.16703
H 32.32400 42.43210 -0.28745
H 28.09200 42.31220 -0.59286
H 32.88010 45.39560 -0.20727
H 29.70100 45.05310 -0.15883
H 45.91970 33.33400 1.19813
H 43.84620 37.12770 0.40154
H 46.27160 39.43060 0.32686
H 43.31790 40.45120 0.22428
H 40.47720 41.67920 0.66535
H 38.34450 42.87170 -1.13857
H 45.76090 42.45850 -0.44756
H 44.99290 23.66090 0.57924
H 47.55060 25.16300 0.19046
H 44.83680 26.57480 -0.50711
H 35.40460 28.72450 0.85550
H 32.37780 27.78340 1.09355
H 38.97860 33.09490 0.54662
H 35.96570 31.97840 0.55243
H 32.94200 30.80040 0.75951
H 29.88480 29.76090 1.10357
H 26.87690 28.63570 1.00314
H 36.49370 35.14370 0.32428
H 33.50590 33.99850 0.17743
H 30.52370 32.93730 0.56119
H 27.49130 31.87800 0.80349
H 37.06420 38.41750 0.20451
H 34.12170 37.21820 -0.01979
H 31.07740 35.96850 -0.17639
H 28.02920 34.93000 0.02343
H 34.76160 40.42790 0.07869
H 26.43480 44.97170 -0.24595
H 42.92760 43.67530 0.13001
H 40.05020 44.85160 0.54699
H 37.23730 46.05170 -0.09253
H 45.57560 45.76270 0.13744
H 42.60610 46.97020 0.32131
C 49.17840 29.94170 3.23018
C 47.26690 33.13100 3.22375
C 49.18620 35.84660 2.94960
C 47.52750 38.57170 2.28348
C 37.62740 23.66650 2.74487
C 39.99530 26.12570 1.76105
C 43.10210 27.46600 1.07399
C 47.38940 26.82520 2.04075
C 45.86320 29.75780 1.72928
C 36.72080 25.57130 2.70768
C 34.09370 23.37790 1.85758
C 31.40530 22.70420 3.50668
C 40.44210 29.64110 2.20302
C 37.33620 28.56520 2.37975
C 28.47610 24.99530 2.97004
C 43.84220 31.89740 1.32664
C 40.92980 33.12180 2.09928
C 26.10320 27.35260 2.91466
C 41.77010 36.30390 1.28585
C 38.96720 38.02250 1.79752
C 36.31930 40.05280 2.00335
C 33.92470 42.19660 1.59740
C 30.16690 41.09260 0.09791
C 28.13010 39.83890 -1.36688
C 23.36250 38.74220 -0.01991
C 25.69370 41.67620 -0.97089
C 31.48630 44.15440 1.30721
C 28.05250 43.65050 1.25685
C 32.58310 47.17970 1.42095
C 45.50130 35.68450 1.78709
C 44.35290 38.89390 1.87994
C 41.80800 40.00320 2.11524
C 46.36510 41.37330 1.71011
C 41.45380 43.49360 2.18863
C 37.75940 44.00400 1.09373
C 35.03750 45.66980 0.94521
C 47.08140 44.22810 0.80686
C 43.31080 24.17230 2.30180
C 48.50600 23.95150 2.05321
C 45.63750 25.82310 1.56088
C 34.20840 27.56300 2.69697
C 31.40140 26.39440 2.96798
C 37.77800 31.71870 2.18627
C 34.92380 30.65180 2.26061
C 31.82710 29.70800 2.60622
C 28.69680 28.30140 2.76223
C 38.24370 34.94150 2.07280
C 35.19420 33.85210 1.95660
C 32.49240 32.76450 2.10090
C 29.35010 31.75590 2.41046
C 26.35780 30.52580 2.54853
C 35.77380 37.01940 1.81655
C 32.77640 35.91400 1.58523
C 29.80800 34.99390 1.73660
C 26.78130 33.94240 2.02897
C 33.24840 39.05970 1.47579
C 30.13410 37.85140 1.06277
C 26.82350 37.06120 0.38649
C 29.51190 46.82200 1.30632
C 44.37140 42.19680 1.52292
C 43.76500 45.33610 1.75547
C 40.92240 46.63870 2.12143
H 36.89400 59.92620 0.54261
H 34.49240 58.37790 -0.09046
H 40.07470 63.24800 0.64713
H 37.03510 62.68160 0.50897
H 44.22820 67.78150 0.33900
H 40.75700 66.42610 0.44454
H 28.91000 62.18400 0.47350
H 44.53610 70.84160 0.37493
H 25.40800 64.79860 -0.07511
H 26.25920 68.48770 -0.29050
H 27.56710 71.27580 0.74532
H 34.19370 61.41870 0.37211
H 37.76720 65.58510 0.27322
H 34.63690 64.61890 0.46754
H 31.69450 63.45650 0.54909
H 41.57450 69.56840 0.09304
H 38.43750 68.68350 0.30699
H 35.29070 67.67490 0.56907
H 32.06030 66.67250 0.46929
H 29.04620 65.27510 0.33780
H 36.02110 70.79220 0.35308
H 32.91520 69.88870 0.58796
H 29.85050 69.11660 0.31490
C 47.57910 65.27120 -2.72555
C 49.13720 68.88260 -0.76109
C 34.86500 49.92770 -0.91709
C 35.88970 53.61560 -2.38708
C 33.58140 56.03680 -0.03959
C 30.72830 55.15070 -1.61540
C 30.11800 58.32500 -0.61041
C 27.95070 60.70740 -1.20497
C 25.03780 60.82210 -1.46714
C 36.84060 58.05890 -0.97616
C 38.87490 61.13390 0.09435
C 35.98330 61.30060 -1.20944
C 33.06910 60.08560 -1.32415
C 42.96510 65.95930 -0.78937
C 39.65190 64.61410 -1.05637
C 30.65050 61.93760 -1.13746
C 43.54830 69.49360 -1.45875
C 27.50670 63.67540 -0.76518
C 25.25620 66.93270 -1.63196
C 26.17610 70.60900 -1.31430
C 38.11110 47.88610 -1.33709
C 37.67280 51.15650 -0.96877
C 37.40800 54.66710 -1.54352
C 39.87320 56.48850 -0.88703
C 41.89840 58.38030 -0.65656
C 47.87050 58.76480 -0.51603
C 41.99700 61.96910 -0.48283
C 47.12410 62.03470 -0.60541
C 45.35410 63.33550 -0.29192
C 26.28730 46.63540 -2.03409
C 31.13630 49.66510 -1.91842
C 27.92800 49.49740 -1.95998
C 24.71060 49.67450 -1.97564
C 32.77370 52.57650 -1.90557
C 29.27410 52.55160 -1.85877
C 26.28200 52.50920 -1.82719
C 27.97780 55.40040 -1.51254
C 24.79360 55.33430 -1.72464
C 26.38050 58.04390 -1.41926
C 36.41490 64.26700 -1.22314
C 33.45680 63.21340 -1.12578
C 40.27420 68.12690 -1.35959
C 37.01420 67.38650 -1.18416
C 33.93800 66.37560 -1.10629
C 30.88250 65.08250 -1.18513
C 37.72320 70.40780 -1.31696
C 34.68790 69.44380 -1.11646
C 31.59700 68.55920 -1.16042
C 28.48720 67.45830 -0.83259
C 32.52590 71.81870 -0.85396
C 29.33240 71.09210 -1.11518
C 46.53570 47.58380 -1.16732
C 43.50860 48.84140 -1.07448
C 40.47380 49.63040 -1.10882
C 46.21220 50.76870 -0.80717
C 43.13590 51.90920 -0.77147
C 40.22290 53.38440 -1.08477
C 45.82310 53.85250 -0.52152
C 42.77000 55.24270 -0.70414
C 48.37760 55.68440 -0.35634
C 45.38170 56.95130 -0.52289
C 44.70320 60.06220 -0.61763
H 47.42720 64.63130 -0.67732
H 48.95310 67.02650 0.92960
H 47.05060 69.25470 0.75150
H 34.30790 47.64830 -0.24041
H 32.63410 50.66500 -0.21251
H 34.14860 53.61650 -0.56793
H 32.19180 57.37410 1.71413
H 31.34070 60.13420 0.38437
H 27.88520 58.96670 0.24626
H 26.35360 61.78740 0.24312
H 36.86380 49.16140 0.41637
H 48.08350 47.59460 0.91384
H 39.46270 51.37870 0.28688
H 38.94600 54.65110 0.51053
H 36.13810 55.94030 0.17281
H 38.63700 57.70890 0.83821
H 41.08440 60.03050 0.71996
H 46.62710 60.24150 0.98020
H 43.99910 61.83650 1.11528
H 31.02230 47.89840 -0.30322
H 27.85470 47.72740 -0.31846
H 29.42690 50.63270 -0.41526
H 26.35450 50.55700 -0.31835
H 30.99880 53.37270 -0.27745
H 27.79910 53.43060 -0.11487
H 24.58380 53.33600 -0.27907
H 29.42240 56.16390 0.33101
H 26.22030 56.19490 0.03548
H 24.71670 59.01330 0.16714
H 39.74610 48.00540 0.55753
H 45.25350 48.92480 0.53481
H 42.18380 50.07520 0.66015
H 47.80740 50.79650 1.09159
H 44.90070 52.04040 0.91066
H 41.90110 53.45120 0.72907
H 47.41490 53.99580 1.30620
H 44.45350 55.20230 1.04665
H 41.50530 56.50250 0.96477
H 47.09900 57.17160 1.21666
H 43.98100 58.45960 0.78727
C 46.56550 66.79720 0.24343
C 48.69510 68.69560 2.70913
C 34.54720 49.70070 1.03886
C 35.78030 52.70060 1.23234
C 32.37920 57.08200 3.85237
C 30.81930 55.09570 1.51749
C 29.91850 58.33010 1.40354
C 27.66900 60.64460 1.91418
C 24.77350 60.83800 1.74700
C 36.26820 57.94980 1.71784
C 38.93890 59.99800 1.83640
C 35.84700 61.34470 2.16240
C 33.33200 59.60670 1.80136
C 42.94280 65.57200 1.02175
C 39.40930 64.99310 2.08667
C 30.69640 61.81560 2.08398
C 43.54640 68.90920 1.58875
C 27.28240 63.80870 1.20747
C 25.17240 66.88170 1.39414
C 25.61640 69.92930 1.70043
C 37.77710 47.40240 1.91809
C 37.85050 50.38940 2.06495
C 36.88390 54.35080 1.93109
C 39.56350 56.05480 2.44595
C 42.01750 58.54660 2.36834
C 47.79770 58.96600 2.72374
C 41.83840 62.39860 1.39850
C 47.12730 62.03950 2.53956
C 45.32230 63.24150 2.66287
C 26.21990 46.78740 1.24344
C 30.90680 49.69040 1.30694
C 27.96020 49.59140 1.24817
C 24.73140 49.57700 1.22618
C 32.68190 52.33400 1.27389
C 29.51720 52.42630 1.28821
C 26.20570 52.37110 1.37844
C 27.68180 55.13210 1.65600
C 24.45510 55.18420 1.38572
C 26.24380 57.98290 1.77174
C 36.50050 64.46190 2.06846
C 33.51920 63.03780 2.05333
C 40.37680 68.31170 1.87683
C 37.28690 67.26730 1.99253
C 33.90030 66.28050 2.11776
C 30.53550 65.22000 1.96349
C 37.91030 70.45030 1.94128
C 34.87120 69.57020 2.12937
C 31.54510 68.47180 2.07496
C 28.12930 67.41190 1.07904
C 32.31510 71.59930 2.29237
C 29.12970 70.78960 2.12384
C 46.27240 47.20190 2.09383
C 43.35780 48.49850 2.14437
C 40.19280 49.84520 2.12218
C 45.79060 50.39990 2.50103
C 42.83440 51.77030 2.29437
C 39.90710 53.09380 2.14358
C 45.44050 53.67590 2.73876
C 42.56540 55.01170 2.61335
C 47.91330 55.69000 3.00352
C 45.01620 57.00830 2.58582
C 44.83000 60.00660 2.58769
H 41.99880 72.82330 -0.37145
H 39.57080 75.09130 0.32257
H 37.39010 77.02980 1.74177
H 25.98980 73.19770 -1.21529
H 34.69530 79.08600 2.46804
H 31.85230 78.23070 1.31514
H 29.03900 77.44010 0.29224
H 26.12970 76.23160 -0.49497
H 39.11130 71.81250 0.27162
H 36.70550 73.92360 0.79330
H 33.71420 72.99940 0.88119
H 30.58760 72.24880 0.66389
H 34.38300 76.22810 1.08600
H 31.29680 75.27990 0.85437
H 28.28970 74.44800 0.50038
C 43.76180 89.30520 2.03415
C 37.05010 89.20620 1.15847
C 48.19860 92.97640 2.31874
C 45.44840 91.97670 3.43911
C 42.41710 92.24900 1.61997
C 39.39030 91.87130 0.81770
C 35.39680 92.09220 0.40927
C 34.17520 93.84050 0.59431
C 45.96580 74.57940 1.03509
C 43.00480 75.80430 3.10521
C 41.11880 78.18220 1.54734
C 38.67570 80.12550 0.57243
C 38.65690 83.17600 0.86106
C 38.66110 86.54440 1.40797
C 40.61090 88.64140 2.92007
C 46.83680 87.93580 1.88912
C 46.64090 71.13030 -0.92448
C 29.50310 95.79520 1.01521
C 25.78690 78.61360 0.02798
C 30.22640 79.62600 0.02899
C 27.96760 80.71810 0.31773
C 35.39980 82.99950 2.24498
C 32.80300 84.75200 1.33881
C 35.60110 86.27830 1.51603
C 32.35130 88.00910 1.31648
C 32.04570 91.51380 2.24712
C 29.22580 92.55480 1.29426
C 43.72530 72.41490 -1.43246
C 41.17700 74.77090 -1.58497
C 38.37430 76.74190 -0.64085
C 25.97410 74.71030 -2.60722
C 36.87050 79.24870 0.91342
C 31.29230 77.03630 -0.76082
C 28.44360 76.05240 -1.51628
C 46.49350 95.62650 2.29623
C 43.49520 95.28560 1.88060
C 40.25410 95.02110 1.28708
C 37.47370 94.76260 0.48688
C 46.19570 77.93020 2.13921
C 43.71850 79.70320 2.00431
C 41.32050 81.56880 1.46346
C 46.41340 81.25650 1.95719
C 43.82310 83.13770 1.96207
C 41.18290 84.83400 1.85355
C 46.63440 84.58120 1.93187
C 43.89080 86.28320 2.10478
C 25.31470 82.08770 -0.15881
C 30.54590 83.02510 0.81644
C 27.70750 83.91700 0.37153
C 24.90390 85.26890 -0.26347
C 30.04360 86.09310 1.00312
C 27.16660 87.46780 0.49120
C 29.55400 89.37170 1.09726
C 26.63530 90.71240 0.66482
C 26.36670 94.23390 1.14331
C 40.76050 71.28070 -1.53846
C 38.26980 73.57360 -1.13183
C 35.37410 72.77620 -0.91134
C 36.40090 76.03890 -0.33594
C 33.27440 74.97320 -0.52116
C 30.26000 74.06090 -0.97294
C 33.97170 78.43350 0.06823
H 42.02670 90.60480 3.43203
H 38.72050 90.32830 2.78234
H 46.71840 94.00750 4.03444
H 37.26060 92.93020 1.78946
H 33.33570 93.42020 3.05206
H 35.40570 95.62070 1.75623
H 45.40720 76.52820 3.47929
H 42.56600 78.24800 3.69656
H 40.04160 80.00410 2.58720
H 37.20510 81.50660 2.16630
H 48.12020 78.21210 3.96267
H 37.32010 84.65190 2.21722
H 37.12850 87.49490 2.99506
H 39.99900 86.29050 3.49604
H 45.27650 89.47090 3.34281
H 47.75260 91.13240 3.87728
H 47.19740 72.38870 1.29977
H 24.86340 77.03730 1.75011
H 27.32030 78.92840 2.04135
H 29.68240 81.06900 2.00063
H 31.96900 82.99440 2.91233
H 34.39350 84.99250 3.33991
H 34.18260 88.11350 2.64767
H 31.08750 89.34910 3.09062
H 28.15690 90.61420 2.68987
H 25.33060 92.05400 2.12103
H 30.17670 93.02110 3.36546
H 43.48480 93.50700 3.48065
H 40.35960 93.12560 2.72981
H 45.46690 79.74190 3.69419
H 42.80430 81.45250 3.48846
H 40.04280 83.09050 2.95546
H 48.38380 81.41250 3.44709
H 45.65600 82.97760 3.57611
H 42.86970 84.63090 3.66586
H 48.53330 84.55890 3.42260
H 45.74020 86.26860 3.52209
H 42.75230 87.75750 3.74627
H 48.41000 88.04400 3.44237
H 26.68260 82.29390 1.77252
H 29.10880 84.28770 2.38284
H 26.32630 85.47370 1.71591
H 31.59900 86.20600 2.86520
H 28.64350 87.47450 2.42192
H 25.69300 88.80820 1.95063
C 43.55850 89.63380 5.17322
C 36.18570 89.70720 2.73998
C 48.57620 93.07610 5.30343
C 44.99460 92.82890 5.29751
C 41.63330 92.38920 4.79676
C 38.43780 92.04390 4.01594
C 35.13790 93.16960 4.68252
C 32.00180 94.90000 3.68685
C 46.50960 74.36820 2.89732
C 43.26290 76.20650 4.98724
C 40.64950 78.61530 4.74254
C 37.95810 80.08690 3.96464
C 38.03620 83.12340 4.07599
C 37.91350 85.58900 4.39678
C 40.70890 88.17920 4.96163
C 46.46350 88.11980 5.07619
C 45.95030 70.87150 2.50617
C 28.76230 95.13820 4.09044
C 25.19690 78.94930 3.30211
C 31.56690 79.83890 3.04305
C 27.71250 80.96170 3.55441
C 33.17500 80.86860 3.19250
C 32.67460 84.82070 4.61188
C 35.39700 86.86940 4.67146
C 32.47610 87.80600 4.53169
C 31.91690 91.43820 4.17551
C 28.70220 92.03240 4.83920
C 43.29940 72.41860 1.73718
C 41.86100 75.30550 0.19164
C 39.51200 76.60620 2.35837
C 26.22790 73.30060 1.36223
C 36.65270 78.18250 3.84934
C 30.22010 76.82040 2.36901
C 27.29010 76.41510 1.69948
C 46.16440 95.92320 5.47884
C 42.82450 95.32300 5.07209
C 39.76460 94.87570 4.37238
C 36.50140 94.46810 3.65633
C 46.47570 78.03970 5.36718
C 43.63990 79.96150 5.25098
C 40.63060 81.35660 4.57284
C 46.65370 81.34180 5.18286
C 43.81030 82.94790 5.18357
C 40.80670 84.43140 4.89396
C 46.69520 84.59010 5.07699
C 43.94850 86.25600 5.24503
C 24.49920 82.12170 2.87183
C 30.09880 82.65820 4.03675
C 26.92570 83.93240 3.52492
C 24.16920 85.23550 2.85955
C 29.51760 85.91640 4.13664
C 26.50520 87.12550 3.55568
C 29.27770 89.03730 4.33395
C 26.10790 90.36970 3.88347
C 25.93760 94.33640 2.91980
C 41.25470 71.41540 1.56853
C 38.80520 73.50970 2.01232
C 35.47150 72.33280 2.22095
C 35.97810 75.27950 2.73666
C 33.01940 74.62030 2.41314
C 29.80440 73.92000 2.29037
C 33.50790 77.48260 3.07278
C 54.68820 95.60400 1.61051
C 51.99100 95.35290 3.19373
C 49.29260 96.35340 2.13151
C 55.37200 3.83478 1.30382
C 52.27820 4.02330 1.74999
C 50.45620 6.66395 1.53448
C 59.85850 0.21773 0.56550
C 58.60730 3.17246 0.60585
C 57.47270 6.28740 0.97550
C 59.84340 8.26449 0.07630
C 74.05930 10.31870 -2.25805
C 68.80980 10.28120 -1.86168
C 65.18010 10.69220 -0.26011
C 61.30020 11.09080 -0.54244
C 71.50910 13.07920 -1.56493
C 68.32260 12.28510 -1.43485
C 66.16550 14.75350 -1.11798
C 63.27680 14.19930 -1.08363
C 63.55300 17.41210 0.03355
C 61.39260 20.22680 0.14930
C 63.15690 22.64980 -0.62618
C 60.25510 22.51820 0.31937
C 54.33420 7.25187 1.92313
C 52.20720 9.32251 1.10958
C 57.95810 9.37249 2.22654
C 57.47840 12.70870 0.50433
C 60.11010 14.11700 -0.78547
C 60.39250 17.14620 -0.13334
C 57.12610 19.16290 -0.55378
C 57.39820 23.01080 0.49384
C 56.47430 0.77483 1.05052
C 53.51500 1.05527 1.68797
C 50.67830 1.24424 2.12298
C 69.21910 95.60200 -0.15502
C 66.07260 -1.46399 0.18387
C 62.88270 -0.71581 0.33681
C 71.49400 0.18157 -0.63259
C 68.34340 0.94570 -0.35435
C 65.09190 1.60762 -0.08598
C 61.89200 2.36012 0.25996
C 70.67650 3.50419 -0.65551
C 67.15730 4.05741 -0.51435
C 64.05400 4.77782 -0.25508
C 60.75900 5.42989 0.23971
C 72.98290 6.00966 -0.27819
C 69.82170 6.42204 -0.84221
C 66.32970 7.19490 -0.59537
C 63.14700 7.84115 -0.56642
C 72.91710 16.11910 -0.98212
C 69.50000 15.41120 -1.09280
C 70.57750 18.20970 -1.04093
C 67.37270 17.94330 -0.99215
C 71.75020 21.36700 -1.06811
C 68.36000 20.66010 -0.97413
C 65.00500 20.26930 -0.76116
C 54.82550 10.78370 0.87953
C 52.09180 12.49750 0.33822
C 54.73210 14.36170 0.33598
C 51.85390 15.69110 -0.06531
C 57.48980 15.81900 0.22261
C 54.50550 17.31200 -0.23706
C 51.77350 18.82200 -0.56550
C 54.42160 20.78690 -0.52528
C 51.69330 22.18160 -0.74130
H 56.73900 -1.16015 2.37802
H 53.79850 -0.65437 3.31901
H 55.44840 1.99648 2.98008
H 54.13840 5.11434 3.09256
H 52.14410 7.64593 2.98561
H 59.71100 95.88940 1.96740
H 58.53220 1.41270 2.32933
H 57.50030 4.34884 2.49084
H 59.63060 6.64832 2.05370
H 56.55360 7.36840 2.97240
H 71.18070 7.03702 1.25536
H 68.08360 7.65254 0.46725
H 64.80040 8.59445 1.01677
H 61.55750 9.06742 1.04614
H 72.25140 11.13180 -0.59952
H 72.82000 14.03010 0.35691
H 69.75700 13.30300 0.27235
H 66.55600 12.72280 0.37097
H 64.62090 15.26870 0.77523
H 61.78210 18.21780 1.47840
H 60.57420 20.99210 2.42258
H 54.10900 9.56601 2.68210
H 51.21450 11.06870 2.22990
H 56.75120 11.37460 2.55292
H 59.27690 13.13900 1.56555
H 61.53590 15.06570 0.52156
H 59.12210 16.45400 1.90125
H 59.08270 19.22240 0.45483
H 56.23000 20.97130 1.09864
H 53.34070 22.41560 1.03867
H 50.79560 -0.46666 3.77567
H 52.38290 2.32288 3.53164
H 50.66830 4.97880 3.39849
H 71.21620 96.18990 1.20853
H 68.01660 -0.68230 1.52952
H 64.78840 -0.02750 1.71233
H 61.73460 0.62384 2.01663
H 70.19410 1.60716 0.92017
H 66.95100 2.28430 1.19815
H 63.85460 3.06663 1.56961
H 60.68030 3.63109 1.95512
H 72.44460 3.95051 1.09208
H 69.02990 4.69519 0.80348
H 65.94400 5.41782 1.20406
H 62.83600 6.10166 1.32236
H 63.27400 12.31040 0.19280
H 71.01270 16.39570 0.59177
H 67.75380 15.92190 0.45228
H 72.06470 19.44960 0.47408
H 68.95960 18.88050 0.65101
H 65.73410 18.33160 0.64227
H 69.88900 21.87520 0.52435
H 66.76240 21.26750 0.65672
H 63.57200 20.86220 1.03951
H 53.83080 12.81570 2.02358
H 50.95770 14.27980 1.69247
H 56.48700 14.51070 2.05964
H 53.57750 16.09110 1.67247
H 50.73310 17.47550 1.24123
H 56.37980 17.68910 1.32084
H 53.58520 19.15490 1.10384
H 50.70510 20.59360 0.84847
C 55.71560 -1.29047 4.62817
C 52.49440 95.96370 4.92803
C 49.45620 96.09290 5.43753
C 55.78220 4.14254 4.29773
C 52.63270 4.43845 4.86635
C 50.69740 7.15507 4.71290
C 60.07750 0.00389 3.65061
C 59.18530 3.17347 3.92380
C 58.15350 6.17204 4.03053
C 60.17950 8.68251 3.16196
C 71.20790 9.27429 0.59767
C 69.04990 9.83158 0.34126
C 65.04740 11.05450 1.51019
C 61.09130 11.43200 1.30748
C 71.31180 12.41560 1.56164
C 68.09690 12.21490 1.98462
C 66.34270 14.65300 2.13057
C 63.09940 13.83770 2.11898
C 63.95020 17.23120 1.98459
C 62.47090 19.93910 3.15813
C 63.92710 22.67240 2.61020
C 60.75740 23.34970 3.44428
C 54.37800 7.44853 3.91598
C 52.19220 9.82405 4.15345
C 57.23470 9.36798 4.09048
C 57.70770 12.99550 3.72781
C 60.45330 15.09840 2.82711
C 59.74270 18.63390 2.79330
C 57.60310 19.46160 2.48634
C 57.32980 22.84650 2.40634
C 57.06090 0.54365 4.06940
C 54.19630 1.23446 4.86093
C 50.92370 1.41907 5.26080
C 69.49030 95.70120 3.01086
C 66.39500 -1.00229 3.26971
C 63.29250 -0.59772 3.49431
C 71.58830 0.48175 2.68388
C 68.49520 1.30968 2.84615
C 65.37920 1.93077 3.07070
C 62.36090 2.52918 3.41703
C 70.42060 3.51360 2.47863
C 67.39670 4.20985 2.67114
C 64.30840 4.96742 2.97922
C 61.33500 5.67011 3.28709
C 72.63890 5.69823 2.89843
C 69.34660 6.54335 2.49088
C 66.51870 7.45117 2.51906
C 63.34210 8.18377 2.69822
C 72.63800 15.48700 2.21508
C 69.40880 15.05730 1.97301
C 70.76800 18.07370 2.11407
C 67.49310 17.55910 2.19230
C 71.64810 21.22550 2.16962
C 68.50510 20.71810 2.24077
C 65.44530 20.03060 2.38645
C 54.69600 11.54520 3.98021
C 51.89370 13.10600 3.54508
C 54.48630 14.70970 3.47564
C 51.56580 16.16470 3.10437
C 57.11490 16.33550 3.35595
C 54.67360 17.90980 2.99563
C 51.70620 19.34050 2.66626
C 54.59180 20.91500 2.64188
C 51.19550 22.55780 2.32289
C 73.83720 27.65490 -0.83212
C 63.33720 25.59580 0.74760
C 70.90460 28.91450 -1.59749
C 67.64780 28.76900 -1.38471
C 64.70150 28.65780 -0.60552
C 59.77840 26.06980 0.06585
C 56.49800 26.63410 -0.11757
C 53.57150 27.20530 -0.23791
C 61.77000 28.52560 -0.00491
C 52.24490 30.00540 -0.18692
C 63.68840 31.47220 -0.07450
C 65.62680 33.93480 -0.16716
C 64.30140 36.96320 -0.00052
C 62.94180 39.96960 0.04066
C 49.80760 41.06200 -1.11220
C 61.17780 42.95760 0.02607
C 58.19300 43.20500 -0.15470
C 52.29530 43.78240 -1.28208
C 56.92640 46.16320 0.41851
C 53.33850 46.63680 -0.55215
C 51.24930 24.94400 -1.56583
C 70.92950 31.84040 -0.07743
C 68.13700 31.76750 -1.83472
C 69.36500 34.28930 0.22027
C 67.60420 37.04200 0.05890
C 66.03850 39.90480 0.06155
C 64.59800 42.88430 0.13586
C 62.95420 45.29500 0.41794
C 50.52280 44.26510 -2.38120
C 72.69530 24.41020 -1.00116
C 69.48400 23.65530 -1.13721
C 66.36950 23.12850 -0.94367
C 70.29380 26.89400 -1.09332
C 66.74670 26.04390 -0.75389
C 58.38940 29.11990 -0.19143
C 55.27260 29.60250 -0.11942
C 60.34420 31.70870 -0.23625
C 57.21580 32.29060 -0.24905
C 53.82600 32.45460 -0.14095
C 50.63970 32.86500 -0.19067
C 62.25460 34.21420 -0.27242
C 59.13960 34.72810 -0.25564
C 55.84620 35.14990 -0.24330
C 52.63210 35.41940 -0.25498
C 61.14060 37.35150 -0.17690
C 57.73900 37.55160 -0.33914
C 54.47650 37.85410 -0.51481
C 51.07880 38.08580 -0.65424
C 59.61960 40.19010 -0.21020
C 56.40950 40.62270 -0.44784
C 53.29880 40.68460 -0.94590
C 55.26980 43.44480 -0.48395
C 54.39800 24.22610 -0.24268
C 72.62940 34.59270 -0.20922
C 70.81940 37.15560 -0.01922
C 72.49010 39.95890 -0.18110
C 69.11650 40.00060 0.03686
C 70.90710 42.77700 -0.04304
C 67.67000 42.59380 0.15728
C 72.47610 45.51850 -0.25443
C 69.13010 45.65290 0.09105
C 66.00440 45.72360 0.33695
H 64.85680 23.76050 0.62760
H 62.11810 23.60860 1.38307
H 71.81900 28.05730 0.55506
H 65.34920 26.95360 1.07878
H 69.42000 30.19330 -0.32226
H 66.56310 29.77300 0.55874
H 59.22230 24.27580 1.75214
H 56.15580 24.85950 1.53971
H 61.50000 26.82700 1.82450
H 55.11140 27.83410 1.52751
H 52.05510 28.15950 1.50674
H 63.49190 29.53950 1.44059
H 50.63760 30.94800 1.36616
H 65.09750 32.27460 1.74261
H 64.03240 35.19440 1.12894
H 62.67490 38.10020 1.70291
H 49.38230 39.35450 0.65617
H 61.17590 40.98500 1.50453
H 51.61210 41.99730 0.27206
H 59.71070 43.95760 1.86841
H 56.53490 43.99330 1.55955
H 53.45960 44.58340 0.84111
H 53.00220 25.47430 1.36449
H 51.13460 26.60060 -0.85136
H 72.81280 32.65730 1.16000
H 69.63610 32.46650 1.97799
H 67.51590 32.80110 -0.23927
H 67.71320 35.26790 1.84061
H 65.97200 38.07570 1.64575
H 64.50730 40.93120 1.69164
H 62.88210 43.61770 1.70298
H 48.92340 43.43720 -0.86154
H 73.03400 22.50840 0.60326
H 70.83380 24.97110 0.38035
H 67.89270 24.36290 0.59230
H 68.45960 27.29730 0.31915
H 58.23520 27.35510 1.49158
H 60.14550 29.86450 1.36057
H 57.00160 30.42830 1.37203
H 53.81270 30.72280 1.50682
H 62.03900 32.42660 1.39632
H 58.90900 32.88330 1.36590
H 55.54670 33.33750 1.36814
H 52.34930 33.63850 1.40142
H 60.88940 35.38740 1.37086
H 57.50730 35.75910 1.29759
H 54.27410 36.25240 1.30880
H 50.94620 36.49930 1.27131
H 59.40930 38.28470 1.39845
H 56.12140 38.74290 1.05077
H 52.79150 39.03910 0.87683
H 58.04400 41.32390 1.31630
H 54.65360 41.56800 0.91112
H 50.43670 23.89250 0.54636
H 70.91380 35.33900 1.61681
H 72.56750 38.10120 1.47941
H 69.23190 38.08390 1.59372
H 70.87580 40.82630 1.52648
H 67.63910 40.82110 1.81654
H 72.62500 43.70940 1.48652
H 69.32170 43.66690 1.66570
H 66.16280 43.70520 1.81165
C 73.59780 27.61830 2.34945
C 63.70300 25.95980 2.59855
C 72.00480 30.27270 1.38752
C 68.66970 29.16710 1.73844
C 65.46490 28.84900 2.65750
C 59.51170 26.13680 3.29540
C 56.44210 26.43040 3.03196
C 53.49570 27.05120 3.20591
C 61.65990 28.64610 3.00878
C 52.09620 30.03430 3.07417
C 63.48580 31.34310 3.15161
C 66.13010 34.18580 2.07345
C 64.35590 36.78040 3.02911
C 62.70780 40.04370 3.19689
C 49.13880 41.80160 0.57709
C 61.09260 42.82070 3.26529
C 57.86480 42.90080 3.30016
C 51.55690 43.93800 1.97494
C 56.78800 46.30220 2.43858
C 53.33590 46.35040 2.66260
C 50.65090 26.08680 1.59126
C 70.72750 30.77380 3.06756
C 67.38660 31.68800 1.99662
C 69.43260 34.30660 3.37247
C 67.66460 37.30370 3.32143
C 65.95720 39.87770 3.40695
C 64.51670 42.80400 3.35377
C 63.00130 45.24980 3.58283
C 48.94900 45.35930 0.48890
C 72.45470 24.39150 2.18799
C 69.60150 23.73050 2.12539
C 66.56590 23.09740 2.21536
C 70.39010 26.95010 1.83941
C 67.27650 26.17050 2.14099
C 58.42780 29.29430 3.05722
C 55.36560 29.70770 3.05120
C 60.26050 31.69970 3.01729
C 57.11970 32.32340 2.97066
C 53.87610 32.62340 3.03136
C 50.64290 32.82840 3.04660
C 62.47880 34.33150 2.91812
C 59.07490 34.82870 2.93624
C 55.57980 35.29190 2.89485
C 52.51060 35.66790 2.89189
C 60.81120 37.18980 3.10771
C 57.45620 37.70520 2.82447
C 54.29040 38.31190 2.67396
C 50.80940 38.75230 2.39574
C 59.42600 40.17510 3.00943
C 56.12480 40.64220 2.60437
C 52.56820 41.18940 2.21261
C 54.57320 43.31510 2.63749
C 54.29320 23.92180 2.81546
C 72.42220 33.86980 2.91553
C 70.93060 37.23670 3.17836
C 72.69800 39.97100 3.05779
C 69.37020 39.95610 3.31185
C 71.10470 42.71030 3.15945
C 67.70300 42.78430 3.36232
C 72.72390 45.50620 3.10912
C 69.26450 45.61030 3.16965
C 66.13950 45.57470 3.52290
C 53.06350 60.23610 -0.38520
C 50.33830 60.77850 -0.43109
C 59.44850 64.40560 0.29077
C 56.12830 63.76990 -0.01363
C 49.80350 63.55640 -1.08227
C 60.65830 67.45420 0.28968
C 64.94670 71.20890 0.58980
C 61.70030 70.47880 0.35823
C 67.10430 48.95720 1.02195
C 64.03020 48.18160 0.35750
C 72.85000 51.24120 0.19537
C 70.09970 52.62140 1.43298
C 73.77000 54.65160 1.18960
C 73.37760 68.62610 -0.08689
C 51.44370 47.38080 0.04440
C 52.37990 51.02990 0.69186
C 51.41370 54.40960 0.01613
C 51.21460 57.56700 -0.09284
C 60.39340 47.14250 0.06903
C 64.60180 51.56080 0.66550
C 61.44720 50.47480 0.17712
C 57.94830 49.53160 0.09123
C 70.17120 56.06700 1.63911
C 67.88360 53.60920 3.35937
C 65.37510 54.25280 1.04583
C 55.66800 51.94380 0.04832
C 72.49900 58.57750 2.28456
C 53.44560 54.37850 -0.11995
C 57.50080 58.43440 0.13570
C 54.59520 57.42770 0.05552
C 61.88070 61.89100 0.58788
C 58.86680 61.29280 0.08545
C 72.15460 67.05810 0.60710
C 62.61740 64.95450 0.57961
C 70.52530 69.68940 0.98454
C 66.96010 68.83690 0.57618
C 63.87000 67.98820 0.48089
C 52.94280 63.28680 -0.12266
C 57.54260 66.89450 -0.00674
C 54.20460 66.63780 -0.39501
C 50.78430 66.54460 -0.66224
C 58.63650 70.07210 -0.06808
C 55.42160 69.65060 -0.20327
C 52.16860 69.34210 -0.42923
C 70.92500 48.42450 0.09751
C 49.20830 49.47840 -0.43590
C 48.87410 52.66210 -0.26754
C 55.25380 49.00320 -0.13737
C 62.11710 53.59640 0.45931
C 58.93370 52.72010 0.09784
C 69.38470 57.91500 2.03204
C 66.18040 57.27870 1.41218
C 63.13730 56.70670 0.85005
C 59.96730 55.81290 0.15015
C 56.56540 55.00930 -0.07665
C 70.40970 60.88720 1.74970
C 67.25990 60.10300 1.44681
C 64.08780 59.54100 1.01644
C 60.99660 58.99660 0.48251
C 71.30950 63.88130 1.08078
C 68.18780 63.07320 1.06967
C 64.89830 62.59370 0.82606
C 69.06650 66.46880 0.85980
C 66.03220 65.52950 0.80807
H 72.32990 56.05980 2.82723
H 54.72960 61.75340 0.65736
H 51.91340 61.55710 1.30824
H 48.94060 62.32200 0.90784
H 60.75450 65.67470 2.07920
H 57.50360 64.95480 1.75757
H 61.95280 68.67120 1.92620
H 55.00050 47.41660 1.12345
H 64.31840 46.45960 2.18669
H 69.47710 49.19940 2.09312
H 64.87880 49.49980 2.04872
H 72.54030 52.44760 1.57285
H 50.75370 49.29460 1.67575
H 50.49070 52.61650 1.36892
H 50.00050 55.91910 1.50843
H 49.64900 59.13930 1.13666
H 61.79110 48.62550 1.54793
H 58.44690 47.89870 1.52990
H 65.57200 52.53190 2.93024
H 62.58140 51.73790 2.01084
H 56.28280 50.27720 1.85891
H 69.34680 56.31810 4.10858
H 66.29160 55.50070 3.03036
H 53.90860 52.70660 1.64116
H 70.50590 59.26360 3.78452
H 54.75010 55.80210 1.52420
H 71.48370 62.25580 3.04128
H 55.66220 59.09130 1.87339
H 52.79970 58.54420 1.48880
H 72.57500 65.09060 2.33008
H 59.97410 62.62670 1.94942
H 57.20360 61.74770 0.99601
H 70.36700 67.55550 2.21898
H 63.98730 66.26400 2.12265
H 68.13120 70.04050 1.90674
H 65.08940 69.35530 2.15705
H 54.27840 64.84610 1.31450
H 51.06770 64.54710 0.78022
H 58.75510 68.29000 1.65357
H 55.66090 67.74140 1.34796
H 52.38100 67.43720 1.08234
H 56.81170 70.74760 1.45198
H 53.63990 70.28760 1.31430
H 50.29490 69.80900 1.14280
H 70.98360 46.36340 1.55239
H 67.53380 46.63430 1.69053
H 72.70950 49.14330 1.64657
H 59.45280 50.83470 1.62427
H 63.26920 54.76890 2.36275
H 60.16070 53.96970 1.83991
H 57.10540 53.23270 1.63683
H 67.29120 58.56750 3.24587
H 64.23580 57.84120 2.81922
H 61.02690 57.11090 2.09109
H 57.94150 56.40890 1.44204
H 68.32840 61.60950 3.11098
H 65.26080 60.96110 2.63652
H 62.10220 60.20510 2.33959
H 58.97250 59.46880 1.84511
H 69.39270 64.63710 2.55183
H 66.25910 63.97240 2.28086
H 63.04170 63.24750 2.31093
H 67.17760 67.07030 2.39507
C 53.74480 60.57290 2.64539
C 50.03350 61.03120 2.72424
C 59.17360 64.38240 3.57694
C 55.78250 63.26050 2.44848
C 48.71670 64.65230 1.54488
C 60.32950 67.63500 3.48687
C 64.66160 71.11940 3.90068
C 61.42480 70.53400 3.46112
C 67.08530 48.85940 2.86659
C 63.34590 48.32090 3.54501
C 72.23960 50.93970 3.37894
C 69.94170 51.45910 3.01782
C 74.05590 54.08830 2.90981
C 73.86440 68.22840 3.21661
C 51.67480 47.43830 3.17272
C 52.19820 51.18270 2.62726
C 50.98550 54.31390 3.15831
C 50.87310 57.78880 2.92184
C 60.52140 46.47810 1.91071
C 64.22180 51.24080 3.82758
C 61.13200 50.21510 3.32962
C 58.11400 49.50840 3.32126
C 71.61070 56.26070 5.29270
C 67.71190 54.69130 5.01961
C 64.52140 54.43270 4.40226
C 55.64540 52.17710 3.35320
C 71.93630 58.40420 5.63766
C 53.11410 54.52180 3.08661
C 57.22160 58.26070 3.22433
C 54.09600 57.53980 3.29088
C 61.46480 62.12910 3.80104
C 58.25710 61.40450 3.20846
C 72.28480 67.25700 3.74804
C 62.49080 65.19360 3.81231
C 70.52580 69.89860 2.84696
C 66.80500 68.99950 3.90159
C 63.59320 68.21090 3.65856
C 52.48750 63.63280 2.51629
C 57.22500 66.97280 3.17499
C 53.99250 66.47150 2.80121
C 50.78580 66.36460 2.53666
C 58.35290 70.06960 3.30217
C 55.34260 69.54860 2.98121
C 51.99490 69.15170 2.80587
C 70.88930 48.28200 3.20494
C 48.81320 49.23290 2.86140
C 48.52080 52.38920 2.87638
C 54.81960 49.16270 3.04299
C 61.67330 53.36730 3.65943
C 58.80600 52.49820 3.34247
C 68.70820 58.13490 5.27910
C 65.76010 57.29000 4.67361
C 62.60030 56.57880 3.97067
C 59.39410 55.74540 3.37023
C 56.54230 55.13600 3.20244
C 70.06840 61.26620 4.90905
C 66.69370 60.58860 4.55438
C 63.72930 59.78370 4.20072
C 60.43130 58.87640 3.71545
C 71.11540 64.33700 4.33523
C 67.80290 63.71080 4.20695
C 64.81520 62.95610 3.97691
C 68.92880 66.54670 4.00019
C 65.72590 65.77830 3.84552
C 70.69020 86.42200 -0.50174
C 67.39650 85.82940 -0.10676
C 65.52150 87.29100 3.65953
C 62.74620 88.66050 1.15535
C 61.91910 91.39410 0.70162
C 58.65870 91.45310 1.67276
C 57.78810 95.17350 0.58967
C 49.25420 75.66740 1.37715
C 51.54540 77.36120 3.74620
C 55.55710 80.18330 0.61129
C 62.12570 84.16630 -0.58079
C 49.72680 90.08040 2.79612
C 60.41050 86.77200 1.61298
C 57.45700 88.12960 2.22167
C 52.46340 91.25310 3.06343
C 59.14120 90.50240 3.59180
C 54.89220 93.71290 2.19487
C 66.15310 74.59870 1.51200
C 49.62930 72.09500 0.38951
C 63.94150 76.36200 -0.12161
C 54.01250 75.13810 0.50109
C 51.05370 74.99780 0.78246
C 64.91900 78.52080 -0.56491
C 61.92640 78.77520 -0.27847
C 58.39300 78.83850 0.17394
C 54.42110 78.38020 0.98669
C 67.13390 81.93520 -0.95990
C 63.73750 81.33870 -0.82462
C 64.11120 84.89390 -0.12777
C 73.24960 71.70950 0.06246
C 70.51120 73.25810 0.13066
C 70.27700 76.55950 0.00124
C 68.59500 73.73640 -0.18116
C 70.19990 79.95930 -0.28201
C 70.45660 83.26370 -0.37131
C 70.62840 89.39540 -0.05600
C 67.74240 89.59350 0.93740
C 64.91060 90.71910 0.64587
C 70.00290 92.37410 -0.02621
C 66.99570 93.19220 0.24164
C 64.05200 93.87350 0.45277
C 61.00990 94.54830 0.35221
C 72.12190 94.64460 -0.50953
C 49.40570 79.59060 1.98495
C 52.61940 81.07340 2.21029
C 49.40070 82.91090 1.80094
C 59.39360 81.78380 0.85258
C 55.41180 83.31910 1.45201
C 52.13550 84.38710 1.93167
C 49.50980 86.35890 2.03165
C 57.97260 85.14060 1.77573
C 55.02910 86.22210 2.13787
C 52.28340 87.79600 2.36662
C 54.98470 89.63230 2.77390
C 62.56960 73.37410 0.27166
C 59.38130 73.16030 0.27157
C 56.35590 72.67680 0.03113
C 53.18570 72.34800 -0.01023
C 60.65930 75.97110 0.14571
C 57.24990 75.93390 0.16780
C 73.19660 74.76280 -0.26394
H 49.77510 94.44860 3.59702
H 69.07540 85.01890 0.97171
H 62.39510 87.11330 3.17187
H 70.61020 87.63630 1.74030
H 67.23550 87.52040 1.98800
H 64.65660 89.29250 2.67972
H 61.49840 90.11980 2.80391
H 60.65240 92.97050 2.16449
H 57.45160 93.45780 2.48443
H 50.95050 79.60510 3.43689
H 54.91720 81.48900 2.68959
H 61.82160 82.43430 0.77365
H 57.39070 83.21810 3.00567
H 59.87420 85.22400 3.43648
H 59.51980 88.07760 3.54226
H 56.95660 89.51560 4.22755
H 54.17810 90.90500 4.76918
H 50.56140 91.75870 4.61381
H 66.13210 72.29140 2.66109
H 62.98690 71.72230 2.06065
H 64.20270 74.58930 1.57097
H 51.61740 72.71670 1.53103
H 65.86340 77.21620 1.45178
H 55.80490 76.45120 1.85079
H 52.69470 75.45600 2.74357
H 66.62550 80.00720 0.73428
H 63.74040 79.82560 1.12644
H 60.54650 79.60540 1.21477
H 57.65260 80.28690 1.81214
H 65.00780 82.67350 0.43893
H 71.68570 71.72680 1.73038
H 69.02840 72.78940 2.14962
H 68.45740 75.57450 1.47088
H 68.72820 78.37240 1.09200
H 72.04710 84.77970 0.67729
H 68.89140 81.79790 0.81054
H 52.93500 93.67330 3.69684
H 69.80540 90.75280 1.80931
H 66.74530 91.59000 1.99594
H 63.70910 92.23490 2.14875
H 71.98430 93.06920 1.24846
H 68.93570 93.83660 1.53704
H 65.85460 94.61950 1.98587
H 62.73920 95.23980 1.97662
H 51.28920 82.86220 3.42779
H 54.24710 84.47660 3.37184
H 51.37300 86.06040 3.68852
H 56.98380 86.28540 3.73371
H 54.17690 87.65640 3.99559
H 51.57320 89.23510 4.18386
H 59.82860 71.24100 1.74036
H 60.98800 74.24030 1.95901
H 57.81300 73.90630 1.62514
H 54.72830 73.18700 1.78797
H 62.36630 77.10280 1.55232
H 59.02060 76.93590 1.76097
H 71.49760 75.01480 1.50875
H 71.63230 78.32700 0.96799
H 71.80500 81.55350 0.69143
C 71.81320 86.28790 2.73736
C 68.73900 86.49080 3.09062
C 66.07270 87.48610 5.35159
C 62.97430 89.15240 4.58923
C 62.14700 92.20450 4.03643
C 56.02800 93.51850 5.99539
C 58.18580 95.01370 3.71936
C 49.57510 76.22330 3.65916
C 51.88770 77.20980 5.55838
C 56.21530 79.69640 3.78490
C 61.14880 83.93780 2.65707
C 49.35490 89.64250 5.12551
C 60.87090 86.73910 5.14730
C 57.97930 87.73240 5.50159
C 52.16790 90.57910 6.16584
C 56.35260 91.99860 4.31074
C 53.95580 93.12310 5.94659
C 66.61130 73.90720 4.69969
C 49.42420 71.78120 2.32692
C 64.05230 76.47800 3.18711
C 54.64460 74.89430 3.67099
C 51.79980 73.41410 3.92757
C 65.35760 79.21630 2.88978
C 62.23040 79.13190 2.92478
C 59.20720 78.89520 3.22960
C 55.36610 77.94950 3.93787
C 67.00880 82.20610 2.19395
C 63.69620 81.83930 2.56336
C 64.34140 85.76820 3.45917
C 73.64270 71.89080 3.22987
C 71.15430 73.49070 3.40831
C 70.30360 76.89230 2.55308
C 68.30040 74.61590 3.80063
C 70.30760 80.13150 1.99694
C 70.56280 83.26830 1.95002
C 71.41890 89.55480 3.15942
C 68.16800 89.79520 2.89832
C 65.21090 91.35640 3.88007
C 70.45460 92.69000 3.10915
C 67.44590 93.48400 3.41772
C 64.14580 94.17740 3.64330
C 61.09760 94.89390 3.70514
C 72.82330 94.90160 2.66321
C 49.45590 80.03160 5.34114
C 52.90630 81.10270 4.08589
C 49.40250 82.96010 5.09673
C 59.16280 81.97350 2.98014
C 55.60550 82.82640 4.64252
C 52.44990 84.29480 5.08841
C 49.30040 86.23710 5.06226
C 58.05240 84.49700 4.99888
C 55.12820 85.86330 5.28166
C 52.24670 87.37180 5.57198
C 55.05750 89.05390 5.84053
C 62.91960 73.77020 3.43601
C 59.45130 73.10620 3.30587
C 56.59360 72.45080 3.17419
C 53.23490 71.94580 3.20727
C 60.87720 76.28510 3.33738
C 57.85310 75.72500 3.36985
C 73.56700 75.33550 2.81607
C 89.78490 2.40859 -3.04951
C 93.88530 5.00172 -3.35431
C 90.37260 4.90367 -0.87969
C 95.30460 8.02097 -3.74070
C 83.15990 0.31335 -2.61280
C 79.49100 0.93228 -2.09644
C 78.83000 4.13609 -1.05019
C 76.12950 5.52114 -0.26758
C 74.82270 8.80527 0.84574
C 72.46290 9.28095 -2.48457
C 74.53410 14.29820 -1.47160
C 76.44520 16.40070 0.06983
C 77.30230 19.67300 0.13226
C 86.51810 2.11168 -2.14113
C 83.41280 3.08828 -1.09731
C 81.57500 5.61181 -2.33755
C 86.08400 5.48190 -2.18246
C 80.27390 8.32851 -1.85948
C 77.35650 9.44234 -1.34081
C 92.56810 7.86272 -2.21166
C 88.73820 7.67398 -2.05454
C 77.01450 12.32740 -1.29714
C 95.28200 9.58318 -2.19644
C 79.43350 14.62590 -1.39089
C 0.79076 11.94800 -3.68674
C 81.14570 16.98370 -0.17447
C -0.09420 14.93690 -1.73102
C 81.15240 20.06560 -1.17073
C 95.28760 18.04350 -0.90922
C 92.75580 18.59350 -0.17390
C 89.79660 19.79330 -0.42147
C 86.79480 21.29560 0.31651
C 0.55824 20.01150 -1.09403
C 95.55040 22.64790 -0.86700
C 0.89695 -0.14830 -3.55012
C 94.78320 -0.44812 -3.41227
C 91.56790 -0.68162 -3.44071
C 88.18790 -0.55388 -3.28504
C -1.10809 2.39619 -3.61310
C 92.87380 2.13057 -3.24961
C 0.09276 5.34853 -3.97660
C 80.55950 95.79140 -2.18786
C 77.46890 -1.20781 -1.53004
C 74.29810 -0.53869 -0.87940
C 76.29350 1.79652 -1.39501
C 73.55150 2.69110 -0.84072
C 74.00440 18.93100 -0.64272
C 75.21930 21.80130 -0.39565
C 83.10990 6.97154 -1.85613
C 85.84620 8.82692 -1.91373
C 82.92280 10.20110 -1.77302
C 80.01050 11.45570 -1.51630
C 90.59470 9.94017 -2.35584
C 88.31910 11.00100 -1.90399
C 85.45070 12.26580 -1.71455
C 82.56530 13.24240 -1.60513
C 92.90720 12.27370 -2.79296
C 90.55780 13.19050 -1.69419
C 87.77450 14.65040 -1.34362
C 84.73950 15.67200 -1.19299
C 93.17330 15.61610 -1.47365
C 90.37240 16.70080 -0.84437
C 87.15070 17.88030 -0.63280
C 84.09580 19.07880 -0.89846
H 89.93550 0.19178 -1.76672
H 91.63110 2.81275 -1.21884
H 88.62870 3.13190 -1.44226
H 95.77140 6.12562 -2.21826
H 92.70270 5.75297 -1.22945
H 85.67090 95.38690 -1.55430
H 84.57070 0.92432 -1.23601
H 81.60980 1.43973 -0.76700
H 78.51960 2.17304 -0.12782
H 78.04500 4.92533 1.40424
H 74.56180 6.32750 1.63051
H 75.95840 13.95310 0.22229
H 77.17860 17.91430 1.89170
H 78.22770 21.01760 2.16110
H 85.63370 3.94875 -0.69191
H 82.63970 5.25615 -0.02842
H 79.73090 6.50996 -0.70877
H 88.21820 6.07999 -0.79178
H 76.39110 10.75400 0.54530
H 90.71530 8.23208 -0.60489
H 78.89680 12.79710 0.22945
H 0.60714 9.80791 -2.01356
H 92.96460 10.32930 -1.66401
H 78.83930 15.95010 0.16846
H 79.80200 19.04340 0.27735
H 95.26480 15.62390 -0.38034
H 82.83640 20.12640 0.88330
H 80.58860 22.10860 0.42006
H 94.61460 18.09220 1.54342
H 91.75440 19.41900 1.36772
H 89.15380 21.06170 1.16604
H 0.16150 17.94790 0.20505
H 95.68190 20.37150 0.13825
H -0.82756 0.58565 -1.90096
H 93.16860 0.16798 -1.71895
H 0.50040 3.53194 -2.26607
H 94.60070 3.12218 -1.83124
H 74.24220 95.23640 0.70958
H 82.63930 96.12660 -0.98364
H 79.51690 -0.75052 -0.25753
H 76.35690 -0.03968 0.30259
H 73.34280 0.92660 0.91870
H 75.57700 3.18358 0.66592
H 74.23200 16.88540 0.88023
H 75.15650 20.22420 1.21129
H 77.04290 7.69901 0.46526
H 85.23050 7.19162 -0.57406
H 82.23120 8.44893 -0.21517
H 79.35380 9.64442 0.04565
H 87.77110 9.29811 -0.45645
H 84.82190 10.42720 -0.28882
H 81.88340 11.48490 0.00231
H 90.21380 11.36210 -0.41483
H 87.31620 12.53110 -0.22160
H 84.31730 13.55710 0.09157
H 81.47650 14.57990 0.14891
H 92.74110 13.37120 -0.39273
H 89.70870 14.53710 0.24607
H 86.67130 15.74600 0.58151
H 83.71960 16.74940 0.14053
H 92.23800 16.36390 0.72863
H 89.16090 17.77350 1.03123
H 85.99920 18.91010 0.92413
C 89.85120 1.74779 0.21832
C 94.43020 5.01470 -0.20719
C 90.96060 5.11596 1.46185
C 95.46500 7.90643 -0.51018
C 83.61220 0.21386 0.45440
C 80.48380 1.07093 1.14622
C 78.07560 3.19165 3.20065
C 76.97330 6.33681 2.67666
C 74.34060 8.57967 2.90088
C 71.33540 9.19209 2.68566
C 74.29830 12.10130 0.59157
C 76.19680 15.68320 1.89247
C 76.44720 19.46270 3.29414
C 86.71070 2.00623 -0.15464
C 83.79030 3.52132 0.98576
C 80.59620 4.91883 1.28400
C 86.33910 5.58952 0.96404
C 80.37350 7.86695 1.35560
C 77.87210 9.46704 2.01768
C 92.07130 6.82900 0.96220
C 89.00610 7.73413 1.00550
C 77.14880 12.61940 1.98099
C 0.06055 8.53979 0.18865
C 79.68110 14.39560 1.91508
C 2.23549 10.96860 -0.43925
C 79.04920 17.40060 2.26083
C -0.27794 13.72070 -0.37831
C 80.70270 20.39140 2.30637
C 95.53170 15.82210 2.09597
C 92.61360 17.55520 2.86607
C 89.65090 19.29150 2.91399
C 86.80150 20.86130 2.17233
C -0.46687 19.27360 2.16174
C 95.11830 21.88400 2.18288
C 0.85871 -0.32105 -0.31206
C 95.02810 -0.67852 -0.28085
C 91.52460 -0.90129 -0.18074
C 87.71490 -0.74360 -1.18443
C -0.79883 2.50713 -0.36035
C 93.50440 1.89310 0.05498
C 0.44973 5.47503 -0.67201
C 81.25440 95.73690 0.93726
C 78.00370 -1.16576 1.62818
C 74.93060 -0.52659 2.18132
C 77.21260 1.79855 1.97559
C 73.90580 2.70948 2.62480
C 73.60840 18.59770 2.30929
C 74.43980 22.10990 2.60911
C 83.61380 7.11357 1.32045
C 85.97280 8.85249 1.16084
C 83.10360 9.92045 1.41013
C 80.10370 11.18920 1.71881
C 91.82920 9.85206 0.65031
C 88.46400 10.90900 1.23802
C 85.58500 11.97250 1.44605
C 82.56490 13.03450 1.72707
C 94.24260 11.96400 -0.01125
C 91.09820 12.82280 1.39116
C 87.95840 13.95780 1.74922
C 84.74440 15.22190 1.91535
C 93.80310 14.72890 1.50115
C 90.35650 15.90200 2.23599
C 87.24310 17.31340 2.45127
C 83.90190 18.31130 2.23982
C 82.21440 47.62640 0.59844
C 91.40750 45.32160 -1.54095
C 0.70690 46.75700 -3.26354
C 85.32840 24.65730 -0.16265
C 81.57230 24.22560 1.49858
C 90.08910 26.30920 -0.22001
C 87.03290 27.22780 -0.23492
C 80.32570 27.59320 0.55243
C 89.07800 29.36460 -0.12967
C 79.21870 31.09360 -0.03669
C 91.29530 31.73760 -0.17548
C 78.18580 33.94530 -0.00182
C 93.11400 34.00260 -0.17801
C 80.29000 36.62580 -0.09819
C 95.01650 36.47180 -0.42804
C 82.45260 39.08520 -0.33723
C 84.52880 41.41510 -0.43666
C -0.87966 41.65450 -1.27095
C 92.95900 42.45690 -1.12196
C 89.37870 43.33260 -0.64540
C 86.22720 44.11220 0.18852
C 84.04450 44.63550 0.37660
C 95.51140 44.68490 -1.57194
C 78.19060 22.78450 0.26016
C 79.21250 25.75470 0.13590
C 77.02950 28.35090 -0.20267
C 75.28940 31.03910 -1.04745
C 74.10530 34.19180 -1.71013
C 77.24230 37.10770 -0.09411
C 79.04210 39.75700 -0.16033
C 81.03000 42.53030 0.23678
C 79.41770 45.59030 -0.20222
C 83.14140 22.44690 -0.22887
C 88.69170 23.57690 1.00162
C 93.43540 25.18710 0.27126
C 90.05740 24.19700 -0.59598
C 92.35860 28.75590 -0.28477
C 94.34130 31.24470 -0.04900
C -0.88308 33.53690 0.07022
C 83.65990 27.54950 -0.06199
C 85.85920 29.91310 -0.29503
C 82.43210 30.33700 -0.08995
C 87.75740 32.24320 -0.28277
C 84.65290 32.92180 -0.30544
C 81.27940 33.34780 -0.15380
C 89.88820 34.73130 -0.35743
C 86.71430 35.30470 -0.32843
C 83.49550 35.83290 -0.40591
C 91.98740 37.10670 -0.31925
C 88.83450 37.81060 -0.33608
C 85.57690 38.37280 -0.33549
C 0.26327 38.78980 -0.85545
C 94.18110 39.52980 -0.58392
C 90.78420 40.05890 -0.56168
C 87.64000 40.72670 -0.46167
C 75.75820 24.92470 -0.58639
C 74.14670 37.16260 -0.03842
C 75.68470 39.66480 -0.12329
C 77.29830 42.56660 -0.39867
C 74.06600 42.76080 -0.28870
C 75.86060 45.55940 -0.35850
C 0.00531 25.33140 -0.22747
C 95.63190 28.13660 -0.18084
C 0.38029 30.87400 0.15122
H 84.67910 47.05150 0.67023
H 93.62210 45.88910 -0.67014
H 86.71550 25.19040 1.22392
H 83.66960 25.58850 1.71092
H 88.76580 27.56880 1.50539
H 82.30500 28.66930 1.72534
H 78.86510 29.32210 1.36602
H 90.90930 29.88300 1.37189
H 80.04080 34.72880 1.45020
H 94.79480 34.84870 1.36554
H 82.18940 37.17920 1.26303
H -0.46741 37.25310 0.97629
H 84.21990 39.62610 1.22919
H 96.05590 40.17330 0.77161
H 83.27630 42.59820 1.20603
H 94.93500 43.08710 0.21233
H 91.63240 43.78440 0.39701
H 88.55110 44.43810 1.14882
H 85.44980 44.64740 2.61069
H 79.05070 24.17990 2.15202
H 77.13360 26.31140 0.87099
H 74.92000 28.71100 1.10462
H 75.71840 33.25810 -0.09238
H 77.12290 35.38390 1.70031
H 78.88810 37.87130 1.49554
H 80.98270 40.24050 1.31785
H 78.88580 43.48750 0.96097
H 84.96930 22.57840 1.53726
H 93.77020 22.73040 1.09173
H 91.93630 26.92360 1.29930
H 94.06440 29.31970 1.41363
H 95.96570 31.81880 1.72852
H 85.51210 28.16030 1.46554
H 87.54930 30.47640 1.40912
H 84.33740 31.05270 1.25167
H 81.07670 31.61070 1.59086
H 78.03110 32.34120 2.02026
H 92.86480 32.31780 1.61641
H 89.62860 32.82820 1.23935
H 86.43820 33.49400 1.34137
H 83.17700 34.08610 1.29826
H 91.63950 35.31520 1.28986
H 88.51520 35.96790 1.29278
H 85.19410 36.52000 1.26175
H 93.73770 37.85930 1.19352
H 90.61680 38.42670 1.30471
H 87.38910 38.95450 1.27675
H 92.67830 40.92170 0.80841
H 89.52150 41.43460 1.00607
H 86.33400 41.92820 1.20588
H 76.04990 23.37340 1.31745
H 73.87600 25.70860 0.77422
H 74.14960 35.31350 1.72317
H 75.76920 38.04260 1.65756
H 77.32350 40.74630 1.36806
H 74.18360 40.91600 1.38741
H 75.76130 43.65630 1.24004
H -0.24542 23.26720 1.15627
H 95.47050 26.33450 1.28809
H 0.03359 28.87120 1.59437
C 84.15680 46.47160 3.28402
C 92.37070 45.80220 1.66430
C -0.62260 48.81000 0.01630
C 85.40890 24.34330 3.29865
C 80.93980 23.75720 3.51993
C 90.14280 25.97600 2.68453
C 86.96870 26.99640 3.05060
C 80.51600 27.62050 2.42891
C 89.11960 29.22360 2.95487
C 79.60320 30.72760 3.36886
C 91.01070 31.73840 2.98863
C 78.53130 34.15440 3.39425
C 93.06690 34.29530 3.01222
C 80.46700 36.65690 2.95406
C 95.20520 36.75790 2.78519
C 82.23190 39.28730 2.73446
C 84.71940 41.39590 2.88306
C -0.75450 42.25960 1.96954
C 93.32670 42.99520 2.02118
C 90.34170 43.27560 2.39210
C 87.32210 44.00400 3.40395
C 83.76490 43.23160 3.58239
C -0.56255 44.83050 -0.00461
C 77.40570 22.62790 3.32270
C 77.90580 25.96630 3.25807
C 76.83920 28.63640 1.62568
C 74.68280 31.05830 0.93772
C 75.71070 33.52350 2.48049
C 77.33320 37.29210 3.31998
C 79.06660 39.94890 2.83753
C 80.97930 42.58170 2.09719
C 79.79900 45.73420 1.72562
C 83.51900 21.64990 2.92478
C 91.47180 21.98100 1.67414
C 93.39560 25.08830 2.11655
C 90.28030 26.41150 4.39680
C 92.23940 28.58800 3.01621
C 94.06760 31.06200 3.18790
C 95.99450 33.72900 3.12977
C 83.91490 27.28840 3.18647
C 85.72410 29.99510 3.03153
C 82.67060 30.29090 3.07276
C 87.92550 32.28090 2.97722
C 84.60590 32.83080 2.92082
C 81.46840 33.49840 3.03843
C 89.90430 34.65700 2.88548
C 86.73550 35.38090 2.90480
C 83.46570 35.90810 2.98114
C 92.03010 37.19110 2.81473
C 88.91150 37.81160 2.90460
C 85.55130 38.40190 2.84944
C 0.95945 39.14790 1.45716
C 94.19810 39.92090 2.43877
C 91.12570 40.39750 2.64589
C 87.95170 40.87610 2.79306
C 75.62960 25.35320 2.56998
C 74.16440 37.25350 3.27330
C 75.73830 39.98310 3.09188
C 77.48930 42.81480 2.81464
C 74.31980 42.78270 3.01012
C 75.73190 45.42150 2.96961
C -0.42059 24.95330 2.97629
C 95.46690 28.06680 3.10088
C 0.16352 30.61160 3.34146
C 88.39920 46.58280 -0.24235
C 85.44640 48.39800 -0.92267
C 82.45070 49.70630 0.50314
C 79.70810 51.28460 1.10692
C 77.03670 53.25480 -0.10666
C 93.67110 47.46140 -2.03636
C 76.66700 56.55900 0.31202
C 74.03900 57.45180 2.92216
C 76.40270 59.73140 0.52973
C -0.55299 52.16210 -2.09803
C 93.82190 53.77340 -1.82525
C 90.84240 55.17880 -1.59146
C 87.96090 56.58900 -1.65280
C 76.31460 63.18970 0.55355
C 87.27850 60.08730 -1.91529
C 85.25540 61.37460 -1.46307
C 78.90150 64.32110 -0.34494
C 84.28860 64.53670 -1.74063
C 81.87750 66.46830 -0.16321
C 85.71550 67.81360 -1.17032
C 77.58760 48.46790 -0.11136
C 75.84390 51.51560 -0.29668
C 81.52470 70.00210 -0.93046
C 79.18840 67.87080 0.25220
C 76.13050 66.38350 0.79041
C 73.80460 63.08000 3.28297
C -0.43403 55.90480 -1.61639
C 93.59850 57.02920 -1.94475
C 92.91680 59.90460 -2.25056
C 91.38030 62.90640 -2.63840
C 90.78040 66.18880 -3.54813
C 87.46350 65.03300 -2.04490
C 88.86620 69.23600 -3.06735
C 90.50310 71.74600 -1.47026
C 91.02400 48.65900 -1.44024
C 88.11230 50.16080 -1.24225
C 85.32590 51.71160 -0.89441
C 82.26760 52.85030 -0.12554
C 79.63420 54.76450 -0.17887
C 93.85320 50.51030 -1.84742
C 90.83530 51.85560 -1.59327
C 88.14210 53.38460 -1.39289
C 85.14720 54.88510 -1.12513
C 82.19620 56.37740 -0.68535
C 79.47340 58.05890 -0.20953
C 84.85370 57.87110 -1.61126
C 81.90970 59.50040 -0.99772
C 79.21530 61.31980 -0.20460
C 81.77690 62.76860 -1.14833
C 74.30300 48.47320 -0.15336
C 76.20590 70.09020 -0.14829
C 96.05940 59.24770 -2.01111
C 0.61903 61.60640 -2.20206
C 94.83670 62.24090 -2.48837
C -0.42942 64.67910 -2.61670
C 93.84520 65.18500 -2.95761
C 95.63670 67.87030 -3.07810
C 92.37220 68.43920 -3.13272
C 0.38316 70.34840 -3.27853
C 94.32310 71.05570 -3.13343
H 83.14140 48.74580 2.84752
H 90.72770 46.89310 0.27578
H 87.46810 48.74770 0.55730
H 82.05960 51.73090 1.96414
H 79.01180 53.11830 1.43403
H 76.24100 54.59560 1.84096
H 0.76554 46.86010 -0.77387
H 76.13520 57.92490 2.39303
H 95.80180 50.60530 -0.20290
H 92.87870 52.05480 -0.17623
H 76.01920 61.16170 2.16365
H 92.86490 55.44480 -0.09402
H 89.82020 56.69690 0.07970
H 86.99380 58.10740 -0.44937
H 75.72780 64.24800 2.26970
H 88.18250 61.09710 0.30700
H 81.19440 64.27860 0.61922
H 78.46720 65.84100 1.37978
H 86.30840 63.46200 -0.79915
H 84.35290 66.03100 -0.00466
H 77.38890 46.33170 1.24370
H 75.83570 49.78500 1.43717
H 84.80180 70.23310 -0.98214
H 82.72320 68.61620 0.73991
H 79.88660 70.07230 1.10787
H 77.12300 68.50490 1.42084
H 74.47430 70.16530 1.76864
H 95.63970 53.82490 -0.58738
H 95.35510 57.54200 -0.30067
H 92.30580 58.41020 -0.21121
H 91.36270 61.20570 -0.71055
H 89.54850 63.74370 -1.09365
H 89.25550 66.78730 -2.08032
H 90.89570 69.38580 -1.54720
H 87.68630 69.43620 -1.45497
H 84.75530 50.27290 0.64366
H 93.04270 48.96110 -0.08418
H 90.18340 50.31420 0.17040
H 87.42710 51.89240 0.41664
H 84.51030 53.43110 0.73172
H 81.69110 54.88050 1.22162
H 78.87920 56.44080 1.52655
H 90.10490 53.55970 0.10427
H 87.22230 55.02910 0.14508
H 84.30410 56.58960 0.47204
H 81.62930 58.02060 0.99794
H 78.74080 59.62210 1.53769
H 84.19630 59.69170 -0.15376
H 81.43740 61.19220 0.74624
H 78.57090 62.81480 1.63405
H 83.90010 62.87270 -0.00520
H 74.14680 46.42260 1.31625
H 0.36242 60.02120 -0.29543
H 94.52240 60.61070 -0.63104
H -0.70063 63.00840 -0.86027
H 93.32080 63.54980 -1.18661
H 95.40820 66.12340 -1.30881
H 92.34010 66.47930 -1.57259
H 0.13896 68.62680 -1.60258
H 94.17780 69.10740 -1.54194
H -1.02079 71.77730 -1.77158
C 88.59170 46.79790 1.59280
C 85.73750 48.73160 2.33842
C 82.99250 50.44780 4.00535
C 80.05000 51.43890 3.04635
C 77.20700 52.72320 3.17834
C 94.16560 47.20110 1.24637
C 77.30080 56.25850 3.53399
C 74.76170 58.24760 4.60235
C 77.47480 59.65400 3.65633
C -0.54388 52.40510 1.31622
C 93.90430 53.71550 1.29666
C 91.12270 55.22780 1.66447
C 88.31580 56.88470 1.41792
C 77.19010 62.81320 3.71358
C 89.92760 59.20440 -0.03289
C 85.73120 61.51290 0.59005
C 79.93880 64.45580 2.75135
C 85.34450 64.40350 1.28274
C 82.48780 66.18210 1.63279
C 85.19530 68.33470 0.73445
C 77.64540 48.87820 1.83822
C 75.65690 51.31610 3.46459
C 81.94340 70.22440 2.51696
C 79.43180 67.92630 2.17019
C 76.56460 66.51740 2.81680
C 73.63090 61.65630 2.03592
C -0.28613 55.70600 0.40805
C 93.65360 57.08760 1.54111
C 92.85990 60.35460 1.20921
C 91.51520 63.10020 0.52887
C 90.56610 65.80910 -0.02416
C 88.51130 62.65250 -0.22808
C 89.11340 68.50600 -0.05776
C 91.22000 71.19200 0.16486
C 91.36770 48.77030 1.71563
C 88.62730 50.42180 1.99955
C 85.77780 51.83420 2.23558
C 83.00730 53.47000 2.77584
C 79.99800 54.75550 2.98448
C 93.90720 50.55900 1.53924
C 91.20500 52.05610 1.61487
C 88.34830 53.67210 1.81677
C 85.62060 55.18520 1.99957
C 82.89010 56.58300 2.49252
C 80.10730 58.05500 2.92770
C 85.53340 58.39000 1.54211
C 82.98430 59.73580 1.97787
C 80.09200 61.24260 2.79364
C 82.76760 62.94270 2.03604
C 74.30290 48.30220 3.01202
C 76.58050 70.17710 3.19201
C 95.80000 59.50330 1.20090
C 0.68966 62.08600 0.96700
C 94.69730 62.64670 0.66373
C -0.51311 65.10330 0.47463
C 93.64820 65.46450 0.29632
C 95.72570 68.13860 0.16798
C 92.67450 68.41900 -0.02297
C 0.49984 70.70340 -0.18998
C 94.68510 70.98890 0.06951
C -0.57991 94.83130 -3.75769
C 93.41870 94.19630 -3.60885
C 90.28850 94.32090 -3.78893
C 0.17772 77.59410 -4.49411
C 94.50740 77.58900 -5.01901
C 89.58880 80.16060 -5.22882
C 87.32180 82.55500 -4.36807
C 86.91850 85.82990 -5.30060
C -0.02388 89.23310 -4.19484
C 94.00790 89.08860 -4.45719
C 87.12060 89.02650 -4.28768
C 91.75940 91.67700 -4.26046
C 73.68980 88.26590 -0.42757
C 83.71100 89.16770 -4.25034
C 78.96040 90.33490 -1.92749
C 84.75170 92.22800 -3.29620
C 86.81110 94.42930 -3.68983
C 83.51660 94.92260 -2.91578
C 90.09740 75.16160 -1.30794
C 86.54510 71.80780 -1.71983
C 82.91420 70.21780 -2.53380
C 86.45490 75.19560 -3.12058
C 87.43090 78.22220 -4.00921
C 84.54490 80.66100 -2.99385
C 84.00730 83.88740 -4.36017
C 81.77910 85.80750 -3.45754
C 80.65510 88.15730 -1.99530
C 76.52360 86.64400 -1.61166
C 73.44950 84.68760 -1.38687
C -0.48780 73.69100 -3.33538
C 93.18670 72.66660 -3.52388
C 94.33410 75.45930 -5.02110
C 95.78080 80.49590 -4.88873
C 92.72710 80.75640 -5.31161
C 0.08762 83.51930 -4.65461
C 94.37310 83.41060 -4.92404
C 90.96550 83.33260 -5.16301
C 95.74000 86.29820 -4.55829
C 92.51950 86.26740 -4.87816
C 89.09310 85.83990 -4.97829
C 90.55650 88.93630 -4.59543
C 88.50610 91.64300 -3.92316
C 75.91100 90.72430 -1.27595
C 72.89670 91.66270 -0.60280
C 81.39110 92.41500 -2.43364
C 78.32340 93.19920 -1.62469
C 75.20840 93.88170 -1.12466
C 84.09550 73.95080 -1.63065
C 81.24450 73.15930 -1.02286
C 78.72110 71.54260 -0.36809
C 84.25840 77.09220 -2.82404
C 81.48140 75.96010 -1.67465
C 78.58500 74.72700 -0.72017
C 75.98230 73.10630 -0.34062
C 81.70650 79.26470 -2.39604
C 78.91060 77.61240 -1.58812
C 76.05270 76.36650 -0.95535
C 81.59560 82.26170 -2.86374
C 78.97140 81.07940 -2.09902
C 75.96720 79.59760 -1.41803
C 73.28490 78.11210 -0.84725
C 79.12130 84.47560 -2.54128
C 76.32300 82.98060 -1.82728
C 73.29050 81.37090 -1.25082
H -0.50813 92.63100 -2.43636
H 93.63450 92.44130 -2.48866
H 91.81220 95.07400 -1.91001
H 88.68270 94.94550 -2.22115
H 0.13941 76.12230 -2.33465
H 95.68020 78.73670 -3.15643
H 92.61240 78.71980 -3.67032
H 89.85540 78.59300 -3.14105
H 88.12480 80.50950 -3.34189
H 85.90670 84.39920 -3.48633
H 87.69000 86.86880 -3.20178
H 95.38140 89.83840 -2.45678
H 92.17070 89.68790 -2.91899
H 89.02290 89.53760 -2.71411
H 85.74430 89.21060 -2.63004
H 90.34370 92.26850 -2.37897
H 79.03730 88.42100 -0.06561
H 75.89690 89.09840 0.42633
H 72.71050 89.94700 1.11487
H 82.97750 90.53550 -2.93778
H 80.95860 90.90580 -0.55688
H 86.95420 92.32530 -2.19008
H 87.79670 73.91820 -1.33489
H 85.47300 73.06430 0.26966
H 88.17330 76.69310 -2.02333
H 85.80040 78.82360 -2.20109
H 82.83540 81.04480 -1.09103
H 82.93400 84.12690 -1.94744
H 83.06180 87.38580 -2.51276
H 80.50200 85.97030 -1.22185
H 77.46470 84.63230 -0.66712
H 74.77470 86.19230 0.07318
H 92.98940 71.99570 -1.15060
H 1.56064 73.82540 -1.74672
H 94.57500 74.49350 -2.62070
H 90.73480 73.72150 -0.00816
H 95.02210 95.26480 -1.97137
H 0.00499 81.59360 -3.19937
H 94.16360 81.48980 -3.47940
H 91.07250 81.35760 -3.78820
H 95.66660 84.32820 -3.04853
H 92.55720 84.24400 -3.51315
H 89.22340 83.91370 -3.54370
H -0.08926 87.17850 -2.87862
H 93.94280 87.11620 -3.00361
H 90.72930 86.86480 -3.30375
H 77.95380 91.41450 -0.03408
H 75.00890 92.12540 0.62151
H 83.41420 93.09350 -1.30637
H 80.44190 93.89560 -0.59408
H 77.22180 94.62830 0.12632
H 82.52390 71.74320 0.61421
H 85.40460 75.88180 -0.99584
H 82.68230 74.78990 0.11763
H 79.87710 73.27900 1.00532
H 77.12610 71.80660 1.42529
H 82.79930 77.85820 -0.86967
H 80.03430 76.50530 0.28928
H 77.13430 75.00340 0.77608
H 74.38480 73.47410 1.46159
H 79.98480 79.57100 -0.53819
H 77.16900 78.11950 0.14645
H 74.30020 76.66660 0.85890
H 80.16160 82.90660 -0.91562
H 77.31200 81.35050 -0.21425
H 74.41700 79.87750 0.45123
H 74.61870 82.95640 0.02021
C -0.48897 94.29790 -0.45131
C 93.42920 94.07360 -0.41176
C 90.11650 93.93660 -0.57805
C 0.00194 77.94260 -1.32813
C 94.08690 77.93080 -1.59909
C 89.93310 80.78890 -1.78619
C 87.45540 82.68960 -2.49478
C 85.36370 86.70110 -2.51139
C -0.15165 88.62730 -0.88113
C 93.92490 88.96510 -1.36506
C 87.59320 88.34010 -1.19756
C 91.98030 91.10810 -0.94298
C 74.05480 87.97820 1.59732
C 82.37130 89.13280 -0.92374
C 79.57410 90.09100 1.42517
C 84.81450 91.14480 -1.38958
C 87.38870 93.65780 -0.54988
C 84.48790 94.86820 0.22013
C 89.28760 73.82030 1.91176
C 87.92980 72.57160 0.76823
C 84.93500 71.34750 1.41561
C 87.42630 75.85160 0.30512
C 88.12600 79.14210 -1.31054
C 85.05250 81.03390 -1.05900
C 85.00440 83.95260 -1.04293
C 82.78600 86.06020 -0.38546
C 80.26630 86.67360 1.17373
C 77.08560 86.97020 0.19655
C 74.27360 84.69860 1.77454
C -0.80537 74.13140 -0.90401
C 93.25360 74.29250 -0.35051
C 93.02800 76.50360 -2.49821
C 95.58900 80.67050 -1.67807
C 92.51420 80.60080 -1.99726
C -0.07126 83.33250 -1.43363
C 94.04280 83.26670 -1.77834
C 90.69540 83.14130 -2.15759
C 95.47530 86.09850 -1.43582
C 92.30910 85.84620 -1.68274
C 89.20950 85.66930 -1.75727
C 90.78610 88.42970 -1.39867
C 88.71400 91.14540 -0.86564
C 76.50530 90.51330 1.84517
C 73.56090 91.75050 2.59097
C 82.11780 92.69620 0.76957
C 78.94910 93.27830 1.25321
C 75.87370 93.91130 2.11133
C 84.83130 75.21480 1.31066
C 82.00600 73.63420 2.15710
C 79.18140 71.66740 2.77547
C 85.04950 78.07160 0.10655
C 82.17090 76.85320 1.42566
C 79.08970 75.22950 2.20832
C 76.46090 73.76930 2.76355
C 82.21770 79.80010 0.63666
C 79.20920 78.48750 1.53105
C 76.32920 76.90520 2.14765
C 82.32740 83.04630 0.24395
C 79.51450 81.56500 0.91725
C 76.56140 80.01520 1.66896
C 73.56810 78.52020 2.33988
C 79.52750 84.74870 0.66683
C 76.77540 83.24790 1.25592
C 73.80240 81.73150 2.05212
