2979
Frame 109
C 12.75510 95.83350 -1.59635
C 13.80780 1.29804 -1.25714
C 11.86250 3.49617 -2.42936
C 10.74950 6.68248 -2.81147
C 8.11822 9.55766 -2.98507
C 4.74654 9.14577 -3.81627
C 2.67954 9.05544 -4.76496
C 23.84840 0.51617 0.34616
C 22.16050 4.27335 1.16287
C 24.57170 6.21671 -0.05814
C 24.85360 11.93530 -0.15809
C 19.58530 1.01102 -0.99885
C 16.03300 -0.97086 0.29982
C 19.22550 4.44911 -0.78415
C 22.80230 8.90009 0.56561
C 19.84820 7.79926 -0.24598
C 13.86710 4.84715 -0.65240
C 23.10500 12.90830 -0.46301
C 14.15240 8.39781 -1.23045
C 22.99840 16.00800 0.00030
C 11.74580 10.67390 -1.72907
C 23.11670 19.38050 0.21183
C 12.56610 13.73190 -1.13210
C 9.38154 12.87570 -1.66528
C 23.04760 22.49860 0.18833
C 14.41180 18.09070 0.04066
C 11.07050 16.28050 0.43760
C 14.34640 21.45370 1.40439
C 20.58720 -0.92711 -1.21972
C 5.32169 11.05120 -1.56083
C 6.51111 14.33710 -0.63976
C 3.42711 14.40710 -1.26058
C 8.01616 16.93080 0.03839
C 2.29752 17.29510 -1.26322
C 9.56631 19.58980 0.46952
C 11.19620 22.18160 0.73486
C 9.47004 95.63450 -2.44032
C 10.84560 0.83838 -2.36145
C 7.54383 0.56015 -3.13287
C 4.34522 0.26189 -3.71456
C 8.87405 3.41886 -3.17761
C 5.62871 3.09655 -3.79742
C 2.31611 2.91940 -4.20551
C 7.38100 5.86200 -3.95100
C 3.63078 5.67107 -4.30017
C 16.69260 2.73170 -1.04260
C 16.94180 6.22489 -0.68477
C 20.36300 11.28130 0.87861
C 17.33980 9.65365 -0.55412
C 20.18870 14.65650 -0.20947
C 17.84340 12.85310 -0.12774
C 14.91940 11.55000 -0.94090
C 20.28010 18.13220 0.12194
C 17.65170 16.41660 -0.10589
C 14.86500 14.91000 -0.43211
C 20.11120 21.10160 0.51789
C 17.23350 19.81780 0.44499
C 4.96186 17.07860 -0.36617
C 6.34982 19.79910 0.27592
C 3.41057 19.95290 -0.25136
C 7.98646 22.25110 0.55671
C 4.79912 22.47210 0.28205
C 1.66203 22.80710 -0.38676
H 13.44300 -0.51401 0.45892
H 11.67510 2.04068 -0.35853
H 10.19520 4.66700 -1.48788
H 8.32952 7.20685 -2.40057
H 1.97154 6.59684 -2.57218
H 3.56516 9.37515 -1.47287
H 22.63480 1.88301 2.14166
H 24.60700 4.32539 1.71080
H 22.85320 6.65244 1.84249
H 24.79970 10.09730 1.21856
H 25.26840 15.73660 1.30915
H 20.06290 2.78528 0.95582
H 17.40730 1.16821 0.37731
H 20.06050 5.71002 1.28160
H 14.67490 2.77038 0.48001
H 14.78100 6.63356 0.46964
H 21.33630 12.98590 1.33598
H 12.32750 8.64395 -0.23126
H 23.80670 17.98800 1.42797
H 21.06310 16.19420 1.54992
H 9.81431 10.78870 -0.06706
H 24.05150 21.01060 2.00595
H 10.30420 13.90720 0.09346
H 12.79420 17.96380 1.27974
H 9.51822 17.57430 1.85555
H 22.01480 -0.99292 0.75734
H 1.35501 13.13820 -2.09701
H 7.07547 12.54940 -0.48403
H 3.70729 12.23800 0.08996
H 7.70346 14.87700 1.68126
H 6.25738 17.70970 1.68879
H 11.11260 20.20490 2.56406
H 7.89044 20.38750 2.15133
H 10.56060 -0.94948 -0.65221
H 7.35478 -1.23032 -1.42892
H 4.16953 96.00920 -2.02143
H 0.96446 95.76600 -2.40615
H 8.75829 1.69742 -1.37316
H 5.62896 1.44191 -1.93593
H 2.39555 1.13512 -2.52110
H 6.90654 4.24993 -2.03630
H 3.78033 3.96480 -2.48734
H 5.14405 6.80741 -2.85123
H 17.34340 4.31756 0.85151
H 20.54140 8.89095 1.56545
H 17.63520 7.75359 1.04537
H 17.95490 10.90700 1.50159
H 15.20490 9.69748 0.69778
H 18.32650 14.64680 1.54847
H 15.57790 13.04820 0.93564
H 12.77620 11.76140 0.22968
H 21.24120 19.51820 1.93146
H 18.37370 17.90290 1.72186
H 15.66510 16.36870 1.41207
H 12.93870 14.83810 1.02962
H 18.42370 21.11720 2.25242
H 15.52970 19.46740 1.87605
H 4.63158 15.03390 0.83534
H 1.50612 15.31750 0.05648
H 3.05626 17.93230 0.98190
H 4.58447 20.54380 1.84926
H 1.44804 20.79360 1.07679
C 11.78490 96.10560 1.55453
C 12.91150 1.54742 1.70816
C 11.17880 4.09197 0.78512
C 10.48640 7.12662 -0.97850
C 8.03644 9.41775 -1.00518
C 3.95851 8.06210 0.30918
C 1.65589 8.50925 -2.83768
C 23.62100 0.19590 2.13212
C 23.71830 2.35924 4.37517
C 24.52240 6.22992 3.46074
C 24.97700 11.74730 3.07550
C 19.09610 0.87735 2.36721
C 15.12490 96.40190 2.19485
C 18.74160 4.09796 2.80130
C 22.76110 9.19533 2.38444
C 19.17370 7.34896 2.99601
C 13.30410 4.68120 1.19594
C 23.27850 12.99370 3.03972
C 13.81520 7.95818 1.85891
C 23.15520 15.99450 2.91700
C 11.13070 10.29670 1.50717
C 23.13700 19.29120 3.48699
C 11.72550 13.02800 2.03352
C 8.73251 12.48830 1.49906
C 23.40780 22.72350 3.53717
C 14.54250 17.64910 3.22842
C 11.37770 16.11530 2.46435
C 14.32860 21.15200 3.23568
C 19.95140 -1.16335 1.92856
C 5.75242 11.71080 1.56640
C 5.59520 13.62380 2.57744
C 2.62943 13.90920 1.75490
C 7.75523 16.48430 3.33303
C 0.95632 16.75770 1.65993
C 9.56005 19.26730 3.77823
C 10.91540 22.25390 4.16261
C 8.62071 95.71480 0.56609
C 9.82801 0.91943 0.74655
C 6.93756 0.70151 -0.05536
C 3.83085 0.36049 -0.59995
C 8.34637 3.74683 -0.11061
C 5.17853 3.39586 -0.52696
C 2.18780 3.02132 -0.95586
C 6.92017 6.46010 -0.85778
C 3.77662 6.08252 -0.86653
C 16.03900 2.62297 2.18859
C 16.38300 6.01766 2.23749
C 20.07620 11.07170 2.69860
C 16.67640 9.29847 2.68483
C 20.17140 14.42290 3.09646
C 17.15250 12.80130 2.88363
C 14.24970 11.33530 2.13503
C 20.22140 17.73000 3.29972
C 17.36640 16.22830 3.18365
C 14.61460 14.54570 2.71432
C 20.43470 21.02990 3.69668
C 17.51860 19.52830 3.45750
C 4.24764 16.66440 2.67378
C 6.04540 19.43310 3.47394
C 2.59942 19.47340 2.83986
C 7.62389 22.23850 3.77988
C 4.42831 22.39910 3.43218
C 0.94055 22.44050 2.77641
C 22.79780 26.17420 0.02067
C 20.28850 28.04950 0.69595
C 15.20920 24.71840 1.13275
C 18.81760 29.30010 -0.24342
C 23.21480 29.23140 0.27517
C 23.75860 32.47620 -0.21851
C 23.39050 35.86150 -1.49855
C 25.90450 45.83860 -2.36043
C 22.34170 44.64770 -0.73993
C 21.29090 31.81480 2.03350
C 18.99770 32.85710 -0.34144
C 15.10460 28.12280 -0.34476
C 19.47440 34.87670 -0.37823
C 13.10990 34.30780 -0.28784
C 20.48910 38.11310 -0.63465
C 10.88100 36.46020 -0.09704
C 21.61450 41.52060 -0.91814
C 18.38060 41.06820 -0.51450
C 8.67580 38.81800 -0.41012
C 4.40248 38.83480 -1.41217
C 16.23990 43.33420 -0.70434
C 2.82822 42.51240 -1.83272
C 14.20380 45.46310 -0.95682
C 5.29147 44.15110 -2.17659
C 2.67306 46.71640 -2.48549
C 13.12800 24.46220 0.83314
C 11.98960 27.60730 0.75243
C 12.34650 30.96360 -0.07756
C 9.79448 30.17550 0.42272
C 9.48118 33.18020 1.64791
C 5.83219 33.43750 0.46906
C 7.70403 35.82880 1.86766
C 1.67559 36.32530 -0.53500
C 20.43160 24.37750 0.58678
C 17.47980 22.85230 0.84107
C 17.75850 26.18860 1.00344
C 16.16830 34.77680 -0.52044
C 17.34530 37.95930 -0.64614
C 13.97850 37.20820 -0.30309
C 15.22940 40.37960 -0.51935
C 12.16710 39.41100 -0.67115
C 13.14560 42.50290 -0.70769
C 9.97772 42.03900 -1.15210
C 6.74778 41.46300 -1.28659
C 11.20160 44.89220 -1.12904
C 8.08409 44.77130 -1.59330
C 6.00099 47.21850 -1.93998
C 9.79029 24.82180 0.54880
C 6.52425 25.10430 0.44651
C 3.35521 25.23000 0.03954
C 8.21260 27.70440 0.45636
C 5.04743 27.77760 0.26457
C 1.92922 28.05980 -0.07704
C 6.55980 30.36230 0.41230
C 3.72818 30.65990 0.12138
C 2.61155 33.46490 -0.07883
H 0.80633 42.82010 -0.19666
H 23.94150 24.12580 1.32051
H 21.42970 26.02250 2.06674
H 15.80130 22.98570 2.70815
H 18.87730 27.59870 2.78915
H 16.14420 26.22970 3.07705
H 16.61810 28.51010 0.82493
H 24.22750 27.37050 1.64191
H 24.55230 30.69540 1.46020
H 21.65390 29.31140 2.32933
H 23.96300 40.83740 -1.13836
H 24.72730 43.98250 -1.17068
H 22.61870 42.83180 0.95197
H 20.47080 45.06730 1.03698
H 19.80560 33.87990 2.00479
H 16.82470 33.20540 0.98657
H 13.79940 32.57870 1.45103
H 20.88250 36.67910 0.74194
H 11.53260 34.68620 1.59910
H 21.77370 39.75630 0.86748
H 9.04572 37.13470 1.58076
H 19.64770 42.13660 0.67061
H 6.65088 40.10770 0.90852
H 2.68838 40.21160 -0.75852
H 17.53440 44.52750 0.70272
H 4.78574 42.60100 -0.31006
H 15.42070 47.00530 0.35906
H 3.14866 44.84270 -1.00144
H 12.66510 22.80860 2.56974
H 9.45858 23.03760 2.32626
H 11.38460 25.64710 2.05260
H 13.50530 29.53660 1.14962
H 11.15030 31.47250 2.02536
H 8.16431 31.13020 2.16104
H 7.22865 34.21380 1.91495
H 3.91261 34.36660 2.01260
H 0.86205 34.62340 1.18674
H 2.58538 37.40050 1.01452
H 21.32150 22.60970 2.09738
H 18.67670 24.35930 2.33594
H 23.53470 45.59070 1.17108
H 17.77900 36.14140 0.99271
H 14.64220 35.48070 1.33362
H 18.77460 39.06060 1.01194
H 15.61210 38.48370 1.05353
H 12.30210 37.90000 1.37021
H 16.48070 41.53330 1.12845
H 13.26700 40.80640 1.05871
H 10.13390 40.23580 0.54762
H 14.36090 43.82730 0.92587
H 11.21920 43.23680 0.67865
H 8.04630 42.98830 0.14208
H 12.37490 46.29760 0.53834
H 9.30600 45.89100 0.12087
H 6.13375 45.44220 -0.25603
H 6.26447 23.19970 2.00985
H 2.95439 23.37020 1.67162
H 8.13126 25.87060 2.01919
H 4.73825 25.96720 1.91842
H 1.58518 26.20310 1.48964
H 9.96449 28.50320 2.02311
H 6.57102 28.54240 2.06001
H 3.43511 28.83410 1.74905
H 5.13481 31.57730 1.95082
H 2.02632 31.72770 1.50104
C 23.47120 25.78270 3.38795
C 20.69860 27.56490 4.01820
C 14.91630 24.35630 4.53678
C 16.71080 28.78980 3.44814
C 23.64700 29.19250 3.30392
C 23.45600 32.51800 2.82314
C 23.24460 35.77570 0.55429
C 24.91060 43.52850 1.44957
C 22.19600 44.45270 2.86247
C 20.62020 31.00720 3.86349
C 17.81880 33.44180 3.47716
C 15.64300 30.89430 1.13992
C 21.05100 35.32610 3.10675
C 13.43140 34.41050 3.20278
C 20.57310 38.32210 2.57188
C 11.10010 36.48750 3.15634
C 21.38900 41.48760 2.62450
C 18.36420 40.86560 2.59601
C 8.15913 39.03440 1.47154
C 4.50667 38.93090 0.63975
C 16.03880 43.42260 2.65480
C 2.88283 41.86010 1.09601
C 14.11530 45.88840 2.19856
C 4.49742 44.54010 1.16431
C 2.46226 46.59560 0.78218
C 12.79720 24.60660 4.08046
C 12.23200 27.90980 2.66262
C 13.17610 30.83160 3.22728
C 9.90616 30.28070 3.73921
C 10.48530 33.40570 3.45407
C 5.57597 33.32220 3.69343
C 4.21939 36.28520 2.73522
C 0.78631 36.60930 2.58555
C 20.69760 24.31620 3.71199
C 17.77080 22.74680 4.02702
C 17.83940 25.73510 4.26330
C 16.59180 34.97030 2.82799
C 17.37700 37.92960 2.72250
C 14.25150 37.30400 2.83276
C 15.03010 40.22010 2.67119
C 11.49860 39.88560 2.57967
C 12.84510 42.77750 2.52514
C 9.42395 42.18760 2.01805
C 6.24701 42.13360 1.75097
C 10.74010 45.26030 2.02582
C 7.57996 44.89620 1.60959
C 5.49986 47.29270 1.17517
C 9.62064 25.02920 3.76997
C 6.42783 25.12690 3.53126
C 2.90233 25.19180 3.35980
C 8.27413 27.72910 3.64475
C 4.79541 27.81250 3.54042
C 1.43025 27.98390 2.94960
C 6.47466 30.43590 3.66894
C 3.33133 30.72170 3.32091
C 1.87741 33.49440 3.16050
C 20.23340 47.15730 -0.62941
C 17.23720 46.48740 -1.13136
C 15.20960 48.77640 -1.31813
C 16.70110 52.90820 -0.67377
C 14.37290 55.66800 -0.42901
C 17.96220 55.98770 -1.05419
C 20.28890 58.22500 -1.23153
C 21.97960 60.94790 -1.30486
C 23.91850 63.84520 -1.31975
C 19.07720 61.05980 -1.68305
C 16.44930 59.52990 -0.87300
C 13.87860 57.97200 -0.52626
C 10.40310 56.58520 -0.29558
C 22.39680 66.37410 -1.51201
C 20.14840 64.34940 -1.03787
C 10.74530 60.08560 -0.78963
C 23.20530 69.53230 -1.48368
C 11.18160 63.40310 -1.75421
C 11.68820 66.88120 -2.43339
C 9.18746 68.94830 -2.99085
C 13.75790 48.01620 -2.79771
C 7.01008 50.14070 -1.68160
C 3.79522 49.77850 -2.15994
C 11.40480 54.02810 -1.29134
C 8.12512 53.09240 -1.66370
C 4.90696 52.62450 -1.84178
C 1.62317 52.30960 -2.00422
C 7.23427 55.92230 -0.30847
C 8.47714 57.77500 1.85943
C 7.34026 60.43310 -1.42870
C 9.21410 62.95980 -1.88578
C 8.44274 65.93850 -2.32192
C 7.15810 68.84880 -3.08120
C 23.31220 47.26980 -0.63402
C 21.70950 49.79980 -0.52786
C 17.94540 49.86720 -0.01975
C 23.23260 52.65000 -0.70610
C 19.89490 52.48170 -0.66985
C 21.65110 55.47560 -0.88871
C 23.34410 58.12370 -1.02774
C 16.59960 63.53670 -1.95776
C 13.99550 61.43570 -1.15434
C 19.98350 68.18220 -1.81963
C 17.15730 66.51810 -2.04673
C 14.12870 65.20080 -1.95768
C 17.36940 69.75020 -2.29970
C 14.59070 68.35180 -2.41976
C 11.96770 70.18350 -2.86115
C 12.17370 47.95160 -1.31492
C 9.17152 47.67770 -1.52293
C 10.55930 50.93940 -1.18240
C 3.35949 55.42260 -1.12988
C 5.33357 58.28210 -1.27157
C 2.22755 58.80010 -1.91850
C 4.23860 61.15720 -1.80552
C 6.16377 63.63990 -2.03688
C 2.98238 64.15210 -2.37374
C 5.11470 66.44950 -2.70716
C 1.82051 67.22870 -2.91793
C 3.99702 69.65610 -3.35976
H 1.86072 50.29730 -0.47520
H 18.51530 47.59170 0.73411
H 16.10710 51.17820 1.00555
H 15.72340 54.35260 1.11396
H 16.23280 57.22810 -0.23276
H 21.72870 59.28880 0.42693
H 18.67060 59.42130 0.13141
H 23.51120 61.99180 0.31368
H 14.16930 56.92260 1.67919
H 12.22930 55.19030 0.65473
H 22.22680 64.59810 0.17444
H 20.26630 62.14040 -0.01721
H 17.12630 61.77540 -0.33448
H 14.65450 59.98330 0.76436
H 11.82150 58.33650 0.59564
H 23.59350 67.62150 0.12189
H 12.17270 61.92490 -0.08910
H 12.20460 65.41820 -0.32584
H 9.74192 67.51040 -1.11940
H 10.04330 70.62300 -1.36174
H 13.36620 49.46620 0.36935
H 3.97621 47.84600 -0.72565
H 11.44700 52.05400 0.40941
H 8.35681 51.32330 0.07616
H 5.05473 50.74980 -0.21625
H 9.27858 54.52780 -0.03730
H 6.23131 53.68240 -0.11569
H 3.14836 53.13530 -0.13403
H 7.19559 55.43660 2.26753
H 6.86173 59.21400 0.73208
H 8.94287 61.59790 0.01181
H 7.83665 64.46220 -0.34937
H 6.74024 67.34670 -1.24053
H 5.71645 70.33230 -1.66690
H 24.99730 48.10600 0.90948
H 21.77870 48.02300 1.10503
H 23.35710 50.85010 0.98688
H 20.11480 50.70540 1.05559
H 21.61250 53.56150 0.79967
H 18.50440 53.41980 1.08226
H 23.26330 56.34910 0.78840
H 19.89750 56.53900 0.56125
H 20.43760 66.54290 -0.08412
H 17.83850 64.82240 -0.33932
H 14.84150 63.65290 -0.21006
H 21.04670 69.59880 -0.20362
H 17.95010 68.21140 -0.50323
H 15.23780 66.80460 -0.51404
H 15.42470 70.10540 -0.93940
H 12.70360 68.66020 -1.10014
H 10.36380 48.86820 0.27892
H 7.23287 48.36630 -0.18098
H 4.94325 56.66140 0.26765
H 1.77455 57.20040 -0.64501
H 3.70318 59.65730 -0.06427
H 5.85385 62.04350 -0.17089
H 2.60850 62.57970 -0.56138
H 4.61367 64.97300 -0.74295
H 1.51804 65.56450 -1.04794
H 3.56335 67.95700 -1.62122
H 2.56874 71.05430 -1.87957
C 20.09890 47.05150 2.66284
C 16.90830 46.54640 2.29991
C 14.93170 49.03120 1.84153
C 16.71690 52.64760 2.70473
C 13.89220 54.52820 2.37341
C 17.70190 55.80250 1.27792
C 19.93890 58.23810 1.88953
C 21.63660 61.27560 1.78678
C 24.02560 64.03050 1.74288
C 18.57630 61.36520 1.61276
C 16.69470 58.91660 1.49413
C 13.42300 59.19940 2.39175
C 11.83970 56.74330 2.46569
C 22.13290 66.56150 1.64252
C 19.89380 64.39490 0.85191
C 10.63130 60.40470 1.16848
C 22.68860 69.47110 1.58166
C 11.43650 63.66220 1.43855
C 11.44780 67.35810 0.67003
C 8.96686 69.29720 0.34134
C 13.85910 52.02510 0.28579
C 6.63741 50.10510 1.45605
C 3.23370 49.55430 0.96844
C 10.62490 53.91360 1.97068
C 7.96109 53.13280 1.64518
C 4.74261 52.49180 1.51463
C 1.44628 52.09400 1.29349
C 5.20196 55.50520 2.59702
C 7.92291 57.33950 3.65393
C 7.18507 61.05050 1.70697
C 9.16938 63.49100 1.52272
C 8.16097 66.50960 0.57624
C 6.97305 69.27170 0.14937
C 23.47050 47.43890 2.73797
C 21.60320 50.05550 2.57234
C 18.07010 49.83630 1.94049
C 23.22860 52.72220 2.50454
C 19.85970 52.77240 2.50100
C 21.39960 55.44770 2.30376
C 23.28560 58.42050 2.14435
C 16.61310 63.49140 1.37756
C 14.00090 62.20740 1.56755
C 19.62080 68.29320 1.29418
C 17.10580 66.57930 1.13723
C 14.20080 65.47900 1.32606
C 17.03380 70.03980 0.84413
C 14.37200 68.70690 0.72744
C 11.89100 70.55020 0.24305
C 11.76290 48.23500 2.00136
C 8.67959 47.68910 1.63047
C 9.80070 50.64400 1.89933
C 2.80486 55.41270 0.69743
C 4.70299 58.52170 1.89901
C 1.79587 58.82090 1.19347
C 3.90003 61.55320 1.27359
C 5.89205 64.09600 1.16860
C 2.74815 64.50580 0.85078
C 4.90124 67.06410 0.32212
C 1.86331 67.74070 0.11806
C 3.85797 69.91790 -0.11911
C 9.79897 90.03520 -2.21431
C 11.09000 93.04640 -2.01931
C 8.07008 92.86100 -2.77693
C 4.85389 92.40450 -3.52540
C 1.76219 92.12010 -4.32237
C 5.03429 74.94660 -4.00887
C 9.85393 77.88120 -4.11348
C 6.47724 77.79290 -4.09948
C 3.50312 77.71210 -4.11464
C 12.18180 86.28750 -5.03978
C 10.46980 87.78300 -2.21928
C 6.82465 89.57030 -2.85229
C 3.65060 89.67740 -4.07083
C 23.14210 80.24290 -1.22138
C 19.97600 81.37000 -1.90432
C 17.10930 83.28140 -2.88570
C 13.96980 86.03180 -5.63786
C 13.52770 87.31200 -2.23896
C 12.93260 90.23550 -1.76207
C 15.09050 92.63300 -1.25449
C 17.59940 94.46570 -1.13503
C 23.16280 95.09360 -0.87250
C 23.61100 72.88850 -1.41669
C 23.85440 76.47680 -0.64463
C 21.34230 77.73150 -1.97182
C 9.45842 71.87220 -3.44826
C 16.00480 77.83410 -4.06535
C 13.24040 76.43920 -4.39787
C 8.59103 74.99070 -3.19999
C 16.22120 81.57500 -3.62457
C 6.30252 72.14630 -3.39789
C 2.91112 72.76120 -3.65093
C 6.14791 95.37100 -3.33154
C 2.79770 95.03800 -3.80489
C 8.05710 80.57630 -4.43227
C 4.92870 80.53690 -4.36450
C 1.93255 80.53500 -4.53292
C 9.81449 83.44700 -4.70536
C 6.47090 83.49910 -4.51775
C 3.28969 83.41990 -4.54103
C 8.11782 86.26680 -4.31302
C 5.11392 86.47210 -4.43928
C 1.89095 86.42340 -4.66278
C 22.41060 83.48650 -1.31503
C 19.53790 84.96600 -1.82108
C 16.58650 86.29460 -2.13259
C 21.91740 86.75170 -1.02247
C 18.99190 87.99550 -1.43629
C 15.85600 89.16190 -1.74681
C 24.24380 88.72970 -0.55957
C 21.43190 89.94510 -1.05595
C 18.17440 91.14920 -1.34091
C 24.04860 91.97100 -0.62796
C 20.86930 93.07030 -1.25575
C 20.51890 71.17380 -1.99712
C 20.89470 74.25680 -2.23328
C 18.05460 72.80820 -2.64837
C 14.91890 71.47850 -2.90312
C 18.46140 76.02250 -2.93497
C 15.48860 74.46810 -3.54343
C 12.36920 73.14210 -3.53798
C 18.86610 79.69690 -2.87713
H 10.95360 91.08430 -0.36947
H 7.85348 91.02360 -1.20201
H 12.31010 93.93530 0.11847
H 5.99790 93.53310 -1.71118
H 2.87682 93.05130 -2.28468
H 6.56041 76.08850 -2.47858
H 3.36298 76.30660 -2.57958
H 8.14764 78.89540 -2.63811
H 9.62942 81.68010 -2.65668
H 11.37070 84.16210 -3.83047
H 8.79161 88.48650 -0.58727
H 4.73366 90.43000 -1.90045
H 1.57826 90.17700 -2.79158
H 22.47030 78.30360 0.16867
H 21.73120 81.63000 0.27177
H 18.49400 83.00700 -0.78523
H 15.63350 84.25200 -0.99288
H 14.28150 85.92580 -3.20863
H 12.08490 88.13840 -0.41222
H 14.49570 90.52100 -0.20129
H 16.97190 92.47590 0.42496
H 15.03430 94.70370 -1.11840
H 19.60590 94.64600 -0.03349
H 24.10950 70.85510 0.03192
H 24.15900 74.36700 0.61519
H 21.50270 75.78400 -0.45832
H 19.06200 77.61270 -1.54626
H 13.36970 74.89220 -2.38381
H 10.42630 73.70050 -2.13690
H 7.74865 72.97160 -2.09876
H 16.35220 79.52430 -2.20151
H 13.45000 78.03140 -2.99395
H 4.61299 73.44640 -2.06264
H 9.10152 93.78140 -0.81039
H 4.94211 78.94950 -2.53584
H 1.77107 78.88350 -2.77770
H 6.49294 81.72830 -2.81912
H 3.37191 81.70380 -2.89021
H 8.18096 84.50060 -3.03674
H 4.85816 84.50180 -2.93383
H 1.72316 84.58690 -3.01063
H 6.51654 87.22170 -2.54451
H 3.30159 87.42720 -2.97537
H 24.67190 80.33750 0.72475
H 23.94330 83.71520 0.65668
H 21.00590 84.80870 0.20541
H 18.05930 86.07950 -0.17507
H 15.16000 87.25290 -0.34005
H 23.43280 86.88790 0.90506
H 20.52670 88.11270 0.48912
H 17.50870 89.24730 0.07975
H 22.98670 90.21710 0.90932
H 20.00420 91.33060 0.28223
H 22.47250 93.38830 0.67410
H 21.41540 72.70560 -0.34663
H 18.39620 71.33770 -0.71992
H 18.75460 74.44350 -1.02346
H 15.89750 73.18000 -1.50186
H 12.99970 71.92960 -1.46627
H 16.11730 76.32550 -2.11834
C 9.01075 90.48960 0.86898
C 10.55700 93.09840 1.18362
C 7.23750 92.84940 0.32135
C 4.39912 92.08080 -0.47310
C 1.22277 91.80660 -0.93722
C 4.93660 75.47120 -0.69184
C 10.02790 78.22120 -1.02021
C 6.57731 78.09370 -0.91207
C 3.22452 78.21540 -0.91194
C 13.15450 82.49100 -3.21236
C 9.93789 87.65060 1.04721
C 6.48663 89.06610 -0.88865
C 3.19395 89.20620 -1.06092
C 22.52860 79.92600 1.92693
C 19.74210 80.91490 -0.08652
C 16.24290 82.12880 0.07857
C 13.33120 83.91740 -1.92301
C 13.02810 86.42850 0.78930
C 12.40840 90.11530 1.19346
C 14.55750 92.93510 0.70071
C 17.91460 94.03870 1.88926
C 22.74940 94.96740 2.45593
C 23.03740 72.65280 1.61530
C 22.77670 76.28770 1.57059
C 20.26820 77.56590 0.67991
C 9.34521 72.48490 -0.27063
C 14.43940 77.92290 -1.29017
C 11.00090 77.13080 -2.45487
C 8.59670 75.15070 -1.42278
C 14.92470 80.94730 -0.68437
C 6.10705 72.36610 -0.38650
C 2.75309 73.05340 -0.41727
C 5.54288 95.30390 -0.09832
C 2.41179 94.85200 -0.66617
C 8.40115 81.10870 -1.31458
C 4.86694 80.97560 -1.09310
C 1.69975 80.82870 -1.35543
C 10.07800 83.93080 -1.50416
C 6.57904 83.68070 -1.32410
C 3.18820 83.63680 -1.32549
C 7.96048 86.24510 -1.23949
C 4.66792 86.32920 -1.21023
C 1.52698 86.50790 -1.51191
C 21.85700 83.36940 2.03521
C 18.75030 84.07100 1.13367
C 16.05680 85.49830 1.15120
C 21.33680 86.35990 2.08654
C 18.32790 87.60500 1.63895
C 15.45960 88.94090 1.39871
C 23.84160 88.58280 2.55648
C 20.92940 89.93810 2.14494
C 17.98480 90.88060 1.84206
C 23.38430 92.05880 2.55301
C 20.26970 93.09510 1.87969
C 19.89860 71.33190 1.16149
C 20.18270 74.34120 0.98453
C 17.30500 73.18090 0.44674
C 14.70130 72.09390 0.28078
C 17.36290 76.35900 -0.07191
C 14.89910 75.06420 -0.37938
C 12.00500 73.99390 -0.46218
C 17.33390 78.72100 0.04104
C 38.49810 0.36527 1.14922
C 35.26090 0.14499 0.49575
C 39.51560 3.12997 1.48662
C 48.33520 9.36365 0.95627
C 45.20500 8.85880 1.06190
C 42.13210 8.34138 1.19311
C 42.97630 11.24810 0.61557
C 33.50610 -0.47186 1.53288
C 27.43920 0.64676 0.23385
C 35.90210 2.98553 1.55364
C 37.43850 5.78387 1.28031
C 39.07920 8.28851 0.98934
C 26.22490 9.02394 0.05712
C 40.76620 11.01880 0.61038
C 39.46730 13.85900 0.07065
C 26.53130 14.93240 0.12189
C 28.44650 17.58870 0.15692
C 36.76680 20.13670 -0.06125
C 33.17420 20.15320 0.06360
C 29.86580 20.28880 0.54002
C 26.29020 20.96260 0.91513
C 49.38220 11.09440 0.67076
C 46.24190 12.00840 0.95642
C 44.77650 14.41020 -1.27283
C 43.46690 17.50190 -1.32499
C 40.30130 19.00230 -0.59510
C 40.25330 22.00170 -0.89034
C 47.70190 1.12162 2.32592
C 44.63190 0.78679 2.21772
C 41.61700 0.42202 1.79347
C 49.13690 3.93635 1.92578
C 45.84060 3.67792 1.93599
C 42.70400 3.33146 1.90579
C 47.30580 6.51677 1.44102
C 43.88440 6.01399 1.58068
C 40.71120 5.79934 1.60066
C 30.50900 0.29017 0.87110
C 32.38840 2.90489 0.83398
C 29.24480 3.28257 0.35332
C 25.99070 3.12406 0.06516
C 34.43990 5.72979 1.03838
C 31.09900 5.99815 0.45085
C 27.78460 6.27410 0.08192
C 35.93990 8.39808 0.74148
C 32.65850 8.63234 0.37045
C 29.51300 8.94233 0.18744
C 37.65030 11.13380 0.43009
C 34.46300 11.49680 0.26448
C 31.25070 11.77310 0.18831
C 28.04220 11.84920 0.03724
C 36.06440 14.07320 0.02127
C 32.92800 14.50020 0.09821
C 29.86380 14.68180 0.07963
C 37.87520 16.50390 -0.49344
C 34.61200 17.13290 -0.14997
C 31.43330 17.45250 0.26945
C 49.20840 14.39230 0.08793
C 46.17930 15.76080 -0.59405
C 49.03070 17.49800 -0.48327
C 46.12290 18.99290 -0.92544
C 43.23100 20.64290 -1.28533
C 48.86410 20.58810 -0.95312
C 46.00890 22.01940 -1.30153
H 36.62360 0.81982 2.37038
H 40.91480 4.12632 3.29809
H 37.89660 3.81054 2.75002
H 48.79160 7.84264 2.98747
H 42.24880 6.92702 3.14535
H 46.68610 10.19320 2.52145
H 43.50560 9.83558 2.57755
H 30.32650 -1.14903 3.00256
H 27.46200 96.15240 1.64634
H 32.16450 1.36874 2.49350
H 25.66600 1.34796 1.68855
H 33.91740 4.18084 2.39347
H 38.91730 6.78117 2.96175
H 35.80820 6.86882 2.77884
H 40.45670 9.50017 2.51030
H 39.20180 12.29270 1.98008
H 26.56510 12.85420 1.51601
H 40.81710 15.47360 1.62167
H 37.80060 14.98650 1.47055
H 36.59780 17.97430 1.07117
H 26.82080 18.46380 1.33174
H 34.95040 20.94860 1.75754
H 31.81220 20.77460 2.10851
H 28.67680 21.14030 1.87931
H 48.32740 12.87620 1.89627
H 45.33420 14.26710 1.20573
H 42.81980 15.82070 -0.75907
H 42.31020 19.01270 0.28982
H 39.78920 20.77960 1.20833
H 24.53160 95.86800 1.02627
H 47.80120 -0.48472 4.18313
H 44.76550 -0.91774 3.97708
H 41.63410 96.16270 3.43608
H 38.54580 95.87490 2.56976
H 49.21420 2.38687 3.85639
H 45.98240 2.09104 3.82323
H 42.81020 1.62965 3.58054
H 39.72410 1.26583 3.10608
H 47.38860 4.90414 3.31699
H 44.12980 4.52206 3.52060
H 45.46630 7.29361 2.93518
H 28.82260 1.48921 2.08661
H 30.70770 4.19603 2.18458
H 27.60740 4.32688 1.56667
H 32.54570 6.95485 2.21707
H 29.34550 7.06922 1.85103
H 26.10290 7.16206 1.68746
H 37.41250 9.60615 2.24474
H 34.22930 9.68449 1.97907
H 31.06180 9.82120 1.82791
H 27.91480 10.00860 1.69723
H 36.09720 12.40640 1.83077
H 32.97590 12.68790 1.73964
H 29.76910 12.70510 1.56987
H 34.73170 15.35180 1.57056
H 31.55430 15.47070 1.68071
H 28.33670 15.62320 1.68997
H 33.35210 18.19160 1.64954
H 30.00850 18.26980 2.07237
H 47.97190 16.03860 1.19227
H 45.06270 17.48470 0.65093
H 47.85340 19.20060 0.84320
H 44.94680 20.64080 0.44003
H 42.33890 22.31310 0.26138
H 47.69260 22.26750 0.35518
C 38.01490 -0.04401 4.22800
C 35.13860 -0.46053 3.78687
C 39.24150 3.14226 4.68585
C 48.41540 10.16650 4.13954
C 45.20670 9.34189 4.30910
C 41.94220 8.91695 4.36907
C 42.88670 11.85680 3.76475
C 33.43190 0.45524 4.48359
C 27.10330 0.26123 3.34156
C 35.74180 2.92479 3.36977
C 37.26340 5.59665 4.33640
C 38.82560 8.86692 4.14967
C 26.15530 9.14193 3.07926
C 40.82160 11.49690 3.76766
C 39.57910 14.57070 3.17487
C 26.67180 14.62810 3.23586
C 28.00370 17.54220 3.34346
C 37.47350 20.31050 1.86968
C 33.95720 19.99120 3.26487
C 30.13270 20.10780 3.75882
C 26.35150 20.55380 2.79265
C 49.37000 12.04940 3.89158
C 46.07290 12.50170 2.82712
C 43.04830 14.18860 1.42189
C 42.89750 17.00540 1.59897
C 41.02350 19.62740 2.40721
C 40.79450 22.83970 2.14646
C 47.67700 1.49220 5.52733
C 44.34700 1.04762 5.39473
C 41.14860 0.54299 4.98511
C 49.02980 4.50815 5.04614
C 45.94600 4.10039 5.11436
C 42.49450 3.57449 5.07519
C 47.35110 7.07831 4.57788
C 44.02540 6.59423 4.77675
C 40.55510 6.07200 4.67173
C 30.24140 0.69620 4.03614
C 32.14840 3.28219 3.98442
C 28.84520 3.42154 3.56338
C 25.54130 2.91771 3.54312
C 33.88190 5.99095 4.05355
C 30.74310 6.15581 3.68166
C 27.48860 6.20227 3.32181
C 35.67200 8.75066 3.80276
C 32.54300 9.00223 3.64114
C 29.32990 8.90510 3.37986
C 37.60380 11.64280 3.62255
C 34.46240 11.66730 3.45324
C 31.29650 11.81940 3.27745
C 28.06940 11.85380 3.19686
C 36.23120 14.39880 3.21156
C 33.18370 14.58090 3.28696
C 29.88330 14.53810 3.19880
C 38.98820 17.17350 1.07163
C 35.42790 17.39340 2.85197
C 31.84270 17.29050 3.35617
C 48.86380 14.82950 3.17760
C 45.89170 16.06610 2.58743
C 48.72810 17.87930 2.71263
C 45.81120 19.17010 2.22134
C 42.97280 20.67480 1.91416
C 48.55400 21.04670 2.33008
C 45.71100 22.43870 1.81088
C 49.07150 30.03930 0.05940
C 47.39430 32.81220 -0.10488
C 49.31960 35.54730 -0.61657
C 48.01980 38.30090 -1.20592
C 37.44400 23.63100 -1.10762
C 39.96170 26.07090 -0.56227
C 42.68180 27.30220 -1.39136
C 48.35670 27.17790 -1.94739
C 45.70320 29.16450 -1.63077
C 36.74820 25.61010 -1.02818
C 33.78290 23.68270 -0.30467
C 29.97140 23.25110 1.53803
C 40.42090 29.78740 -1.22565
C 37.46030 28.62970 -0.94660
C 28.18060 25.07410 -0.37715
C 43.89890 33.32570 -0.64301
C 40.74170 32.96250 -1.19025
C 25.60860 27.39710 -0.41278
C 41.70120 36.65370 -0.69757
C 38.98230 38.19870 -0.92423
C 37.05360 40.59670 -0.48798
C 34.59300 42.28820 -0.77033
C 30.88640 41.38580 -0.62962
C 27.64910 39.80970 -2.24236
C 24.34100 39.34010 -2.60218
C 24.24720 42.87990 -2.94196
C 31.70170 44.51430 -0.52367
C 28.40960 44.38390 -0.68019
C 32.98870 47.34050 -0.54826
C 45.70190 35.81100 -0.27718
C 44.35300 38.80200 -1.37519
C 41.29840 40.29290 -1.34057
C 46.63760 40.96910 -2.02837
C 40.72780 43.54140 -1.31088
C 37.45990 44.83780 -1.58536
C 35.32270 45.82450 0.13499
C 46.76780 44.27480 -2.48380
C 43.06490 23.99330 -1.41833
C 48.67860 23.69820 -1.39123
C 45.82890 25.22560 -1.87944
C 34.36770 27.51460 -0.86539
C 31.10920 26.20200 -0.53994
C 37.67000 31.82140 -1.05498
C 34.76500 30.68780 -0.85150
C 31.75270 29.55030 -0.74258
C 28.80000 28.16290 -0.42938
C 38.28400 34.83760 -1.04722
C 35.25280 33.84220 -0.84901
C 32.28910 32.74590 -0.71935
C 29.35450 31.55760 -0.54255
C 26.27380 30.45250 -0.30301
C 36.05530 37.11570 -0.84674
C 33.07880 35.90800 -0.81734
C 29.64440 34.74630 -0.65000
C 26.77130 33.49760 -0.69497
C 33.68310 39.21720 -0.87452
C 30.58180 37.86440 -1.14864
C 26.95860 36.72860 -0.89936
C 29.87300 46.98300 -0.59377
C 43.62560 42.02710 -1.81912
C 43.55930 45.38230 -1.83130
C 40.65250 46.58330 -1.21562
H 47.71560 31.17740 2.01318
H 49.22320 33.98780 1.26316
H 47.70380 36.76540 0.75553
H 39.34810 23.96270 0.46258
H 42.18180 25.52190 0.24593
H 40.94920 28.11860 0.17325
H 47.50910 28.56170 0.01726
H 44.48400 29.72760 0.59986
H 38.03330 26.89940 0.71065
H 34.95440 25.70670 0.72403
H 32.01590 24.59490 1.17688
H 41.65900 31.21720 0.59382
H 38.63740 30.12550 0.51784
H 29.50990 26.55940 1.30745
H 26.58600 25.38840 1.05207
H 42.07980 34.36530 0.10626
H 39.57460 36.23540 0.41731
H 40.94760 38.71120 0.42832
H 24.85120 33.82760 1.01877
H 37.84370 41.50140 1.80162
H 31.73420 39.34830 0.54269
H 28.75450 38.13670 0.01906
H 24.64530 37.75060 -0.54738
H 35.64220 43.60660 1.05851
H 32.61080 42.56730 0.64474
H 28.29400 42.55480 0.57246
H 33.23800 45.55620 1.12791
H 30.00330 45.22190 1.15585
H 45.93780 33.67260 1.17882
H 43.87560 37.35030 0.24702
H 46.28850 39.53170 0.01282
H 43.30080 40.49950 0.01182
H 40.59260 41.86270 0.63578
H 38.21100 42.96320 -0.77850
H 45.78180 42.64280 -0.77404
H 44.99980 23.82090 -0.01845
H 47.72590 25.45520 -0.31323
H 44.88050 26.88150 -0.99206
H 35.63740 28.94660 0.67840
H 32.51220 27.78360 0.81112
H 39.00140 33.17570 0.60191
H 35.99390 32.09410 0.73092
H 32.99850 30.91330 0.79194
H 29.96560 29.75620 1.01811
H 27.03600 28.68410 1.24051
H 36.58000 35.22840 0.71752
H 33.56920 34.14910 0.84796
H 30.59150 33.07980 1.01943
H 27.56840 31.98640 1.15333
H 37.25270 38.48960 0.81433
H 34.20170 37.42730 0.77261
H 31.18160 36.19330 0.67444
H 28.01020 35.13200 0.73130
H 34.95300 40.45140 0.83918
H 26.67610 45.19830 1.13579
H 42.91670 43.71350 -0.19112
H 40.14990 44.97940 0.67499
H 37.24410 46.14530 0.50782
H 45.67600 45.75010 -0.73318
H 42.75930 46.81950 0.09199
C 49.24000 30.55600 3.29269
C 47.47040 33.50210 3.08415
C 49.31350 36.11370 2.51835
C 47.71250 38.59100 1.83589
C 37.75880 23.59110 2.24053
C 40.15490 26.12230 1.39406
C 43.23950 27.55480 0.89387
C 47.86110 27.26540 1.40649
C 45.95130 29.90980 1.51854
C 36.83150 25.64270 2.45667
C 34.30800 23.43660 1.69773
C 31.48770 22.84500 3.02806
C 40.65400 29.75360 1.99376
C 37.54960 28.73570 2.24458
C 28.55100 24.81970 2.72202
C 43.93800 32.20290 1.14311
C 40.96650 33.25220 2.10740
C 26.22920 27.16840 3.04801
C 41.79730 36.60180 1.30953
C 39.25450 38.03520 2.09081
C 36.77940 40.27000 2.55396
C 34.28290 42.17110 2.48243
C 30.39810 41.36730 1.09067
C 28.09360 40.14970 -0.47403
C 23.51750 38.89340 0.61565
C 25.86590 42.02040 0.02764
C 31.77880 44.07100 2.43907
C 28.39020 43.68890 2.41151
C 32.85620 47.33650 2.73441
C 45.52620 36.00000 1.68294
C 44.46060 39.02310 1.63770
C 41.93910 40.16860 2.07673
C 46.42420 41.49700 1.36271
C 41.80850 43.74500 2.01602
C 38.00470 44.07530 1.50697
C 35.41810 45.84550 2.06631
C 47.18400 44.28090 0.51270
C 43.22080 24.09530 1.72141
C 48.41760 24.16420 1.61373
C 45.79080 25.83790 1.05208
C 34.43840 27.52400 2.35461
C 31.60430 26.26250 2.65374
C 37.87670 31.71950 2.25201
C 34.86230 30.60870 2.35491
C 31.93980 29.49380 2.49782
C 28.97890 28.32510 2.83309
C 38.53940 35.01030 2.23684
C 35.41920 33.81590 2.40935
C 32.49280 32.64630 2.49159
C 29.53480 31.60710 2.71087
C 26.61650 30.48780 2.85832
C 36.02970 37.00150 2.35629
C 32.95540 35.96980 2.35821
C 29.88360 34.96350 2.43273
C 26.94890 33.93420 2.66858
C 33.31900 39.24530 2.32998
C 30.00980 38.02470 1.89284
C 26.62430 37.14260 0.89024
C 29.69210 46.94810 2.51649
C 44.36150 42.29230 1.21590
C 44.10820 45.43890 1.18736
C 41.21380 46.84030 2.03728
H 37.11080 60.14290 0.22286
H 34.44530 58.46200 0.27885
H 40.22450 63.35090 -0.52731
H 37.26740 62.83960 -0.13716
H 44.36480 67.96820 -0.47408
H 40.99020 66.56120 -0.39599
H 29.15430 62.42820 0.46473
H 44.52260 71.05400 0.18615
H 25.60400 65.02950 0.16635
H 26.71160 68.43840 -0.20781
H 27.71800 71.32260 0.48276
H 34.33310 61.67360 0.42527
H 37.90430 65.82140 -0.26992
H 34.87100 64.90690 -0.01042
H 31.81700 63.71570 0.30342
H 41.64560 69.71590 -0.44515
H 38.56660 68.86680 -0.31731
H 35.46320 67.96490 -0.09978
H 32.19840 66.84070 0.20111
H 29.15770 65.66580 0.14376
H 36.14170 70.99690 0.04096
H 32.98340 69.93450 0.34705
H 29.82020 69.02770 0.30788
C 47.57670 65.90050 -3.19896
C 49.07930 68.82360 -1.39163
C 34.94610 49.92430 -0.05464
C 35.74980 53.21670 -1.74119
C 33.77350 56.14640 0.99367
C 31.50920 55.51440 -0.24382
C 30.32840 58.40940 -0.24789
C 28.16210 60.77270 -1.09271
C 25.13320 60.92950 -1.20874
C 36.54950 58.25040 -1.17171
C 39.02720 61.17820 -0.77253
C 35.87100 61.31360 -1.50843
C 33.38990 59.88600 -1.12809
C 42.97840 66.57740 -2.04653
C 39.60190 65.31110 -2.06817
C 30.88190 61.99340 -1.18821
C 43.59020 70.01840 -1.89663
C 27.64800 63.92520 -0.69017
C 25.46720 67.01150 -1.55536
C 26.15110 70.53900 -1.41194
C 37.77370 47.96510 -0.89212
C 37.74230 51.03960 -0.94715
C 37.14370 54.72890 -1.63170
C 39.66540 56.45670 -1.64425
C 41.90240 58.47570 -1.79531
C 48.09940 58.92170 -1.58393
C 42.03330 61.92690 -1.75547
C 47.43480 62.22130 -1.50639
C 45.56170 63.51640 -1.42140
C 26.43410 46.95110 -0.64924
C 31.33220 49.89770 -0.60413
C 28.13210 49.81040 -0.67251
C 24.96990 49.90710 -0.66687
C 32.84150 52.57910 -0.77088
C 29.63230 52.62320 -0.60749
C 26.46660 52.62570 -0.67914
C 28.44300 55.51770 -0.67128
C 24.80210 55.28200 -0.86503
C 26.56930 58.04620 -1.07566
C 36.45280 64.48100 -1.80454
C 33.65660 63.29780 -1.32920
C 40.32780 68.40770 -2.01970
C 37.19220 67.53400 -1.82735
C 33.98120 66.61350 -1.51429
C 31.03460 65.37190 -1.42415
C 37.67700 70.54980 -1.79027
C 34.62770 69.84190 -1.50282
C 31.65080 68.75270 -1.32758
C 28.76670 67.63340 -1.49281
C 32.58470 71.85970 -1.15245
C 29.52260 70.96890 -1.21692
C 46.45220 47.38960 -1.98655
C 43.30930 48.55500 -1.57317
C 40.34470 49.67940 -1.30758
C 46.20560 50.72350 -1.82879
C 43.05560 51.81350 -1.75936
C 40.05890 53.25110 -1.62434
C 45.90600 53.91880 -1.82490
C 42.73530 55.23590 -1.70052
C 48.51040 55.91730 -1.75003
C 45.36580 56.96320 -1.81279
C 44.97780 60.24060 -1.83821
H 47.65700 64.78760 -1.30221
H 49.11130 67.06620 0.34618
H 47.15850 69.40590 0.15506
H 34.57830 47.88400 1.16543
H 32.90910 50.77560 1.06404
H 34.34200 53.71880 0.46920
H 32.34320 57.75030 2.46212
H 31.50090 60.43160 0.50463
H 28.14930 59.13720 0.52899
H 26.60130 62.00650 0.32874
H 37.15510 49.52600 0.96773
H 48.18150 47.82600 -0.12422
H 39.56340 51.48620 0.01482
H 39.04970 54.72290 0.06811
H 36.23450 56.12540 0.19903
H 38.71330 57.92900 0.11538
H 41.21900 60.09070 -0.42743
H 46.80130 60.29690 -0.13951
H 44.08140 61.88530 -0.11656
H 31.34900 48.03660 1.04370
H 28.17830 47.98720 0.81505
H 29.66610 50.77540 0.95990
H 26.59810 50.79960 0.95713
H 31.23630 53.59250 0.98962
H 27.98910 53.62120 0.89706
H 24.89630 53.57760 0.87014
H 29.69020 56.48360 1.17112
H 26.47860 56.28870 0.62911
H 24.97420 59.10890 0.45974
H 39.86180 48.10610 0.49835
H 45.30350 48.97880 -0.33759
H 42.37870 50.22840 0.04254
H 48.09090 51.01850 -0.15686
H 44.99410 52.19740 -0.25521
H 42.06390 53.44700 -0.13071
H 47.75240 54.16790 -0.22469
H 44.63540 55.26410 -0.23203
H 41.59670 56.71130 -0.03998
H 47.16030 57.22670 -0.09758
H 44.05010 58.47800 -0.41601
C 46.69850 66.93690 -0.26661
C 48.87790 68.75520 1.98282
C 35.07920 50.05810 2.07025
C 36.18400 52.94800 1.92739
C 33.03310 57.76590 4.31095
C 31.04630 55.39360 2.74713
C 30.16770 58.82250 1.89285
C 27.94040 60.96800 2.03209
C 25.01410 61.09590 1.94794
C 36.67870 58.19700 1.59215
C 39.35750 60.11420 1.21121
C 36.23970 61.72190 1.86143
C 33.41760 60.05850 2.04691
C 43.18020 65.56750 -0.46334
C 39.70890 65.07000 1.25021
C 30.94640 62.20350 2.06950
C 43.55370 68.97200 1.12840
C 27.57460 64.06510 1.27746
C 25.46850 66.92570 1.55968
C 25.84970 70.02120 1.58547
C 38.12900 47.61060 2.18245
C 38.70250 50.80700 2.30558
C 37.35960 54.78550 1.98400
C 39.88850 56.43530 1.72237
C 42.33350 58.67850 1.35531
C 47.85740 58.86880 1.60887
C 41.83280 62.54380 0.11580
C 47.13920 61.96420 1.71474
C 45.39800 63.13990 1.70621
C 26.56600 47.12480 2.54726
C 31.18410 49.91450 2.60803
C 28.11340 49.75160 2.50879
C 24.93090 49.87740 2.53195
C 32.94240 52.55600 2.47797
C 29.57200 52.67640 2.54568
C 26.40640 52.64200 2.51883
C 27.96700 55.57980 2.45545
C 24.95750 55.48650 2.41247
C 26.52710 58.24130 2.11773
C 36.69070 64.62510 1.54450
C 33.72750 63.62170 1.77460
C 40.47590 68.10870 1.16674
C 37.44640 67.50980 1.42026
C 34.13680 66.69380 1.58989
C 30.73810 65.43690 1.72829
C 38.14540 70.55410 1.41285
C 35.01870 69.54780 1.66800
C 31.67630 68.60270 1.91709
C 28.28870 67.51610 1.59910
C 32.55660 71.64110 2.02338
C 29.22640 70.87610 1.95715
C 46.36720 47.20760 1.21905
C 43.59440 48.76240 1.47002
C 40.52820 50.02340 1.77686
C 46.17130 50.62730 1.29413
C 43.24290 52.03930 1.51841
C 40.27100 53.29530 1.55927
C 45.81810 53.95690 1.37004
C 42.85010 55.24520 1.43159
C 48.23770 55.82340 1.56875
C 45.17270 57.07280 1.28620
C 44.86840 60.03640 1.38651
H 42.07560 72.96910 -0.69016
H 39.73430 75.16700 -0.41411
H 37.54280 77.30630 1.02303
H 26.15870 73.15570 -1.45804
H 35.00120 79.20650 2.00133
H 32.02950 78.24720 1.12499
H 29.25090 77.41050 -0.12175
H 26.30470 76.28770 -0.83360
H 39.11190 71.95530 -0.25701
H 36.82970 74.17580 0.30571
H 33.81630 73.05900 0.48132
H 30.77230 72.12130 0.48500
H 34.52360 76.18980 0.87916
H 31.45860 75.15300 0.34788
H 28.37760 74.53390 0.27807
C 43.92980 89.50230 1.69070
C 37.22610 89.38510 0.89048
C 48.40840 93.42780 2.69951
C 45.47890 92.22070 3.49554
C 42.50110 92.34290 1.81765
C 39.71400 92.17600 0.71380
C 35.65330 92.26520 0.44408
C 34.21160 93.72810 0.64836
C 46.08370 74.65950 1.27413
C 43.42600 76.03480 2.31270
C 41.34110 78.15200 1.01744
C 38.98200 80.19990 -0.14900
C 38.84400 83.36110 0.43212
C 38.65760 86.68760 1.00058
C 40.73530 88.66660 2.61935
C 46.92330 87.91880 1.95405
C 46.66750 71.28270 -1.06051
C 29.64480 95.89650 0.61575
C 25.99470 78.74630 -0.46728
C 30.35400 79.61420 -0.08475
C 28.30360 80.78590 -0.11942
C 35.63180 83.10910 1.74765
C 33.12110 85.00740 0.86993
C 35.78410 86.38530 1.25734
C 32.76640 88.20350 0.91409
C 32.20330 91.48840 2.38303
C 29.67120 92.80630 1.34854
C 43.94680 72.50560 -1.80155
C 41.40700 74.81880 -2.25648
C 38.38840 76.90820 -1.35660
C 26.05760 74.78920 -2.93508
C 37.01350 79.51420 0.27419
C 31.63200 77.00700 -1.00096
C 28.54750 75.86550 -1.89351
C 46.55940 95.74230 2.56148
C 43.59670 95.23480 2.25637
C 40.56260 95.15350 1.40655
C 37.43430 95.42200 0.42707
C 46.44620 78.28440 1.71343
C 44.08360 80.08970 1.61876
C 41.65630 81.61590 1.01167
C 46.84800 81.58140 2.05313
C 44.09470 83.18790 1.72124
C 41.48780 84.96770 1.33025
C 46.76420 84.81940 2.07015
C 44.08520 86.52440 1.80022
C 25.45770 82.22860 -0.61431
C 30.65170 82.87830 0.29605
C 27.80050 84.20450 -0.09671
C 24.77470 85.56050 -0.72958
C 30.28970 86.17970 0.40759
C 27.40860 87.53720 -0.22468
C 29.80960 89.52460 0.68347
C 27.19390 90.77990 0.06491
C 26.34690 94.40570 0.34187
C 40.71860 71.44460 -2.03244
C 38.19430 73.68230 -1.68496
C 35.51060 72.88310 -1.28766
C 36.39390 76.25570 -0.80870
C 33.51120 74.96370 -0.93421
C 30.35590 73.90640 -1.17778
C 34.03060 78.30480 -0.27094
H 42.08040 90.65550 3.24388
H 38.93680 90.36200 2.33282
H 46.74980 94.13850 4.40792
H 37.52820 93.15510 1.62115
H 33.58810 93.20920 3.14139
H 35.37210 95.53170 1.77955
H 45.79010 76.62910 2.98777
H 42.91720 78.44020 3.08866
H 40.19020 80.03410 1.86800
H 37.53640 81.76170 1.35080
H 48.33160 78.37960 3.52496
H 37.45420 84.75070 1.99616
H 37.21720 87.65460 2.72776
H 40.11370 86.23310 2.96381
H 45.45440 89.67110 3.27730
H 47.77370 91.34880 3.97213
H 47.23770 72.41110 1.25537
H 25.08200 77.27790 1.37108
H 27.47450 79.09610 1.51561
H 29.83160 81.08820 1.80099
H 32.20220 83.09300 2.26634
H 34.52730 84.99370 3.03528
H 34.41540 88.18570 2.45227
H 31.45270 89.53380 2.61281
H 28.30240 90.82660 2.33995
H 25.39700 92.23680 1.07035
H 30.36690 93.09900 3.35317
H 43.40710 93.56540 3.91876
H 40.42660 93.29220 2.79039
H 45.69410 79.92390 3.50442
H 42.93460 81.61260 3.14736
H 40.33850 83.14920 2.44091
H 48.53810 81.59180 3.83625
H 45.72930 83.17910 3.55372
H 43.09180 84.78740 3.25884
H 48.58450 84.81490 3.79575
H 45.76140 86.43050 3.63288
H 42.91770 87.93050 3.40880
H 48.43020 88.18000 3.55192
H 26.99600 82.28320 1.30555
H 29.37520 84.36530 1.79165
H 26.36980 85.70490 1.16502
H 31.79560 86.38230 2.40272
H 28.88880 87.62670 1.83244
H 25.96910 88.95880 1.21194
C 43.54690 89.66080 5.07531
C 36.36070 89.86990 2.58625
C 48.48800 93.05290 5.69782
C 45.06590 92.70700 5.47420
C 41.42050 92.42190 4.92545
C 38.57910 91.82840 3.64015
C 35.53690 93.10430 4.72356
C 32.16060 94.99010 3.68372
C 47.12790 74.55440 2.76874
C 43.52750 76.29180 4.18236
C 40.76460 79.05150 4.11688
C 38.09110 80.14620 3.17480
C 38.16720 83.06210 3.54512
C 38.03930 85.75250 4.13070
C 40.67060 87.91770 4.57609
C 46.47240 88.06900 5.16135
C 46.06080 70.68360 2.20139
C 28.68130 95.15020 3.59308
C 25.36380 79.18540 2.83077
C 31.62530 79.79800 2.82640
C 27.97590 80.99360 3.21361
C 33.50420 81.05530 2.79204
C 32.82750 84.81790 4.10466
C 35.57580 86.85450 4.37132
C 32.48190 87.96960 4.18941
C 31.98670 91.44970 4.21506
C 28.86260 92.13020 4.57793
C 43.44080 72.57400 1.45572
C 42.15530 75.48100 -0.69539
C 39.71850 76.72300 1.61236
C 26.36990 73.30920 1.18158
C 37.02690 78.40800 3.22194
C 30.60180 76.86090 1.93102
C 27.47000 76.58290 1.38843
C 46.28120 96.06490 5.76502
C 43.07690 95.58920 5.35370
C 39.80310 94.88140 4.48090
C 36.61260 94.48750 3.58662
C 46.27220 78.05480 5.05911
C 43.68300 80.06660 4.91144
C 40.75750 81.26610 4.01021
C 46.53430 81.55480 5.23263
C 43.77420 83.07780 4.94972
C 40.96610 84.41910 4.41488
C 46.55310 84.72520 5.22428
C 43.78570 86.35890 5.02706
C 24.85040 82.16680 2.42437
C 30.44250 82.83830 3.51722
C 27.28830 84.13360 2.92821
C 24.27390 85.33450 2.51973
C 29.74130 86.06130 3.61430
C 26.65580 87.37290 2.99536
C 29.39500 89.08840 3.83070
C 26.15590 90.76850 3.03553
C 25.86810 94.34710 2.25674
C 41.17580 71.48490 1.10923
C 38.90650 73.71000 1.42233
C 35.75110 72.69980 1.86369
C 36.30570 75.61400 2.30540
C 33.01070 74.65760 2.06974
C 29.86630 73.97310 1.83016
C 33.82750 77.60680 2.82310
C 54.90370 95.84550 2.19757
C 52.12550 95.43480 3.80723
C 49.48910 -1.15917 2.60731
C 55.63340 4.05737 1.53890
C 52.54710 4.27985 1.79125
C 50.43400 6.78260 1.37919
C 59.90370 0.37194 0.99494
C 58.99820 3.59836 1.11706
C 57.73640 6.59283 1.16413
C 60.30770 8.45785 0.56343
C 73.42080 10.50560 -3.20621
C 68.25160 10.41770 -1.45092
C 65.25690 10.98830 0.37559
C 61.49200 11.43570 -0.00797
C 70.92660 12.89580 -1.83976
C 67.94160 12.50800 -1.01104
C 66.10290 14.68440 -0.73341
C 63.19230 14.08460 -0.68772
C 63.54820 17.50370 0.25264
C 61.45090 20.01640 -0.17350
C 63.09760 22.54880 -1.05817
C 60.10050 22.60070 -0.25638
C 54.38390 7.52294 1.68331
C 52.07480 9.60935 1.01857
C 57.68590 9.85522 1.96988
C 57.50770 12.98770 0.91887
C 60.06390 14.25620 -0.51534
C 60.40720 17.28990 -0.03216
C 57.03610 19.17040 -0.75141
C 57.36950 23.11980 -0.12724
C 56.77390 0.94936 1.43977
C 53.91240 1.33379 2.08428
C 50.88330 1.26807 2.42688
C 69.15190 95.66880 -0.41368
C 66.06170 -1.17145 0.06206
C 63.10070 -0.33987 0.52590
C 71.37340 0.44308 -0.86197
C 68.44630 1.31738 -0.42840
C 65.19940 1.94889 0.00686
C 61.87580 2.66110 0.62177
C 70.69870 3.57573 -0.65180
C 67.45050 4.42095 -0.36896
C 64.21340 5.09156 0.08245
C 60.98750 5.79367 0.74315
C 72.77480 6.09231 -0.56240
C 69.77490 6.60309 -0.59232
C 66.72840 7.48562 -0.32253
C 63.42330 8.08029 0.04103
C 72.54360 16.21570 -1.55050
C 69.27420 15.54170 -1.22398
C 70.62690 18.31900 -1.38031
C 66.96840 17.77440 -1.00620
C 71.72640 21.24600 -1.73366
C 68.21660 20.61050 -1.49496
C 65.04380 19.98750 -0.89465
C 55.00870 11.15030 1.07312
C 52.07530 12.99500 0.54691
C 54.81960 14.45800 0.45451
C 51.85080 15.99120 -0.04694
C 57.54870 16.14910 0.40313
C 54.39980 17.55950 -0.15561
C 51.70730 19.15300 -0.48736
C 54.49310 20.85170 -0.77415
C 51.60060 22.34390 -0.95331
H 56.83640 -0.67218 3.15924
H 53.78790 -0.32248 3.90499
H 55.72240 2.28843 3.34752
H 54.09080 5.38337 2.94884
H 52.16730 7.85503 2.70088
H 59.74320 96.23180 2.77137
H 58.77100 1.73200 2.70876
H 57.64810 4.72027 2.91057
H 59.85260 6.95214 2.62396
H 56.64110 7.79006 2.67218
H 71.42120 7.09474 1.23883
H 68.32730 7.91430 0.97912
H 65.13830 8.77822 1.40759
H 61.90980 9.41465 1.52917
H 72.00130 11.09340 -1.08262
H 72.68460 14.04470 -0.48233
H 69.69850 13.64120 0.30273
H 66.55680 12.99860 1.12126
H 64.54000 15.42360 0.89546
H 61.81410 18.42370 1.60578
H 60.63070 21.27350 1.86834
H 53.99430 9.79989 2.51852
H 51.20500 11.46370 2.30718
H 56.56690 11.84590 3.00952
H 59.24200 13.39320 1.94878
H 61.55440 15.27950 0.81005
H 59.19060 16.83710 2.13169
H 59.03370 19.33260 0.28775
H 56.23850 21.16480 0.58883
H 53.42100 22.61680 0.75009
H 50.83980 -0.17352 4.38880
H 52.46170 2.61735 3.67853
H 50.72440 5.22008 3.28743
H 71.16670 -1.30884 0.87560
H 68.08440 -0.45563 1.27776
H 65.13690 0.29593 1.81874
H 61.89200 0.88574 2.30896
H 70.31990 1.76479 0.97032
H 67.18850 2.59930 1.28828
H 63.98320 3.28188 1.76573
H 60.95780 3.99390 2.50081
H 72.59310 3.98956 0.82652
H 69.39330 4.79531 1.07915
H 66.17500 5.67004 1.33207
H 63.05830 6.36920 1.89749
H 63.31760 12.45520 1.17235
H 70.88660 16.55050 0.29933
H 67.67210 16.05030 0.50679
H 71.98630 19.54960 0.01100
H 68.78160 18.91020 0.17370
H 65.65960 18.46270 0.99606
H 69.85140 21.97960 -0.34915
H 66.68860 21.36160 0.21856
H 63.48830 20.94480 0.70893
H 53.81360 13.02720 2.20158
H 50.91480 14.66280 1.83313
H 56.41430 14.90570 2.22641
H 53.56110 16.16550 1.67774
H 50.76010 17.73990 1.28396
H 56.30820 17.97340 1.38414
H 53.52310 19.42250 1.09364
H 50.56800 20.93750 0.79721
C 55.44100 -0.85373 5.21883
C 52.49900 96.13770 5.60084
C 49.29750 -1.28190 5.91052
C 55.77640 4.39040 4.57058
C 52.61760 4.76410 4.83952
C 50.65810 7.28828 4.59771
C 60.36130 0.57851 4.18731
C 59.36270 3.56799 4.28126
C 58.16430 6.59586 4.40658
C 60.47660 8.78697 3.60706
C 71.18450 9.32905 0.20851
C 69.00740 10.09900 0.59122
C 65.20470 11.20820 2.20421
C 61.05860 11.64030 1.99701
C 71.46250 12.60300 1.16288
C 68.40980 12.48160 2.19305
C 66.44330 15.11670 2.42384
C 63.12000 14.15090 2.49968
C 63.88860 17.36830 2.28957
C 62.71470 20.27460 2.91494
C 63.76530 22.90210 2.11983
C 60.76530 23.49040 2.85839
C 54.38960 7.72568 3.72242
C 52.01270 9.95183 3.97103
C 57.52640 9.93558 3.90594
C 57.75390 13.74330 4.01966
C 60.46350 15.42900 3.12444
C 59.69390 19.10740 2.72190
C 57.56640 19.87070 2.26034
C 57.26930 23.14220 1.84872
C 57.37930 1.13363 4.68506
C 54.09940 1.74112 5.18774
C 50.93820 1.99182 5.51573
C 69.67390 95.95250 2.74044
C 66.64230 -0.93176 3.23239
C 63.54310 -0.24408 3.63553
C 71.89500 0.54208 2.35742
C 68.71050 1.39465 2.79756
C 65.60040 2.22552 3.22494
C 62.66180 2.77538 3.74987
C 70.95090 3.56044 2.53062
C 67.73300 4.44674 2.84083
C 64.71930 5.16911 3.25563
C 61.62110 5.81187 3.91262
C 73.17880 5.76702 2.51493
C 69.85380 6.70022 2.65399
C 66.65370 7.53756 2.87962
C 63.42050 8.40357 3.27557
C 72.82470 15.48130 1.41078
C 69.58000 15.40680 1.96890
C 70.66520 18.37460 1.74856
C 67.72120 17.91680 2.13116
C 71.38560 21.40740 1.46657
C 68.57450 20.89410 1.56704
C 65.49040 20.29840 2.07901
C 54.61830 11.58570 4.08838
C 51.88870 13.46300 3.69724
C 54.44840 14.84570 3.62208
C 51.62920 16.54520 3.19582
C 57.10030 16.92000 3.52215
C 54.35320 18.09740 2.95901
C 51.64520 19.70120 2.63300
C 54.67540 21.21130 2.39078
C 51.35510 22.84050 2.13118
C 73.79410 27.67530 -1.54244
C 63.27350 25.72590 0.02364
C 71.09160 29.20950 -2.36372
C 67.59660 28.83760 -2.30662
C 64.49190 28.72360 -1.42329
C 59.63270 25.95250 -0.61601
C 56.43890 26.89020 -0.68037
C 53.19290 27.55600 -0.71362
C 61.42580 28.74590 -0.79487
C 52.10920 30.23130 -0.46256
C 63.62340 31.74320 -0.95177
C 65.48120 34.15540 -0.74381
C 64.24230 37.36750 -0.79348
C 62.76750 40.13620 -0.47450
C 49.69420 41.32200 -1.57544
C 61.30110 43.10270 -0.37095
C 58.21690 43.46930 -0.96245
C 52.39470 43.80070 -2.39795
C 57.02960 46.47460 -1.00602
C 53.55520 46.65380 -1.79236
C 51.28320 25.29480 -1.75965
C 70.79690 32.16410 -0.85565
C 67.91320 31.85500 -2.54938
C 69.41390 34.38330 -0.47824
C 67.67170 36.92410 -0.55445
C 65.95070 39.87000 -0.60870
C 64.48200 42.99380 -0.48777
C 63.23040 45.24600 -0.58891
C 50.51210 44.47150 -3.10855
C 72.86850 24.33720 -1.79333
C 69.40620 23.82900 -1.95207
C 66.30220 23.02940 -1.55860
C 70.47840 27.04040 -1.93955
C 66.73240 26.05170 -1.56191
C 58.59570 29.10450 -0.71315
C 55.24710 29.90090 -0.63552
C 60.04180 31.83010 -0.62706
C 57.17480 32.30840 -0.63717
C 53.86080 32.69760 -0.49883
C 50.72260 32.92580 -0.38516
C 62.08730 34.61050 -0.92770
C 59.07500 34.84720 -0.66834
C 55.81340 35.25390 -0.77641
C 52.50810 35.47260 -0.67199
C 61.02990 37.67930 -0.55478
C 57.79870 37.77700 -0.82232
C 54.62970 37.97900 -1.00503
C 51.17790 38.32810 -1.15066
C 59.76680 40.38450 -0.66786
C 56.66340 40.67520 -1.09700
C 53.35720 40.83530 -1.61627
C 55.26730 43.56780 -1.40912
C 54.13240 24.31310 -0.83309
C 73.13420 34.87280 -1.24545
C 70.95490 37.18790 -0.67607
C 72.48360 39.92020 -0.81846
C 69.22600 39.89440 -0.84684
C 70.91580 42.62160 -1.06556
C 67.77380 42.87050 -0.81550
C 72.58470 45.41950 -1.36480
C 69.25330 45.49180 -0.94760
C 66.34180 45.69320 -0.76802
H 64.79620 23.85400 0.09569
H 61.96690 23.81710 0.70830
H 71.80040 28.28750 -0.11143
H 65.35090 27.04600 0.24411
H 69.35920 30.30690 -1.15176
H 66.46960 29.88540 -0.40571
H 59.15770 24.40780 1.14659
H 55.91500 24.92830 0.81063
H 61.34820 26.90500 0.91275
H 54.96060 27.96910 0.91265
H 51.83780 28.42020 1.22904
H 63.37140 29.74720 0.43544
H 50.73360 31.21820 1.38143
H 65.06700 32.27960 0.94985
H 63.84970 35.30280 0.59105
H 62.77720 38.27250 1.04303
H 49.54770 39.52780 0.30137
H 61.14350 41.07820 1.21085
H 51.70210 42.17940 -0.73699
H 59.94920 44.18030 0.76566
H 56.58650 44.48890 0.54382
H 53.44100 44.79850 -0.27143
H 52.96680 25.69830 0.82423
H 50.76490 26.82050 -1.08493
H 72.87210 32.84520 0.19123
H 69.60820 32.58550 1.31594
H 67.49860 32.93380 -0.91539
H 67.89040 35.37130 1.31706
H 65.94200 37.92480 0.94642
H 64.50640 40.97770 1.06772
H 63.03190 43.69560 1.36273
H 48.81340 43.74010 -1.39100
H 72.97960 22.58800 -0.07844
H 70.84400 25.07110 -0.48649
H 67.79670 24.38460 -0.14638
H 68.49590 27.35300 -0.57082
H 58.25520 27.45510 0.88194
H 60.22420 30.01390 0.95889
H 57.01850 30.39660 0.81694
H 53.79850 30.94240 1.09552
H 61.97260 32.69140 0.63664
H 58.86220 33.12880 1.04614
H 55.71580 33.49960 0.94486
H 52.39310 33.88610 1.13206
H 60.74130 35.71310 0.89514
H 57.49470 35.99060 0.80126
H 54.26720 36.34420 0.86937
H 50.99290 36.72490 0.77885
H 59.34300 38.59570 0.91824
H 56.19300 38.95040 0.59618
H 52.90620 39.26240 0.28895
H 58.07320 41.60000 0.66476
H 54.82710 41.77630 0.19333
H 50.42010 24.08120 0.26178
H 71.05890 35.36300 1.00718
H 72.59810 38.14650 0.93522
H 69.31750 38.11730 0.87048
H 70.90030 40.88300 0.67837
H 67.73540 41.00760 0.83270
H 72.66760 43.60660 0.32631
H 69.52260 43.71220 0.71772
H 66.29000 43.81520 0.87254
C 73.55410 27.57240 1.60935
C 63.64720 26.28570 1.80944
C 71.97720 30.47460 0.83378
C 68.51050 29.34820 0.87119
C 65.38490 29.10440 1.65537
C 59.63010 26.37320 2.63096
C 56.43100 26.54400 2.30346
C 53.41100 27.18590 2.70596
C 61.96930 28.81120 2.26785
C 52.33430 30.15640 2.92026
C 63.55930 31.57110 2.20184
C 66.08980 34.39070 1.32619
C 64.36570 36.95320 2.46079
C 62.76240 40.11070 2.68014
C 49.28760 41.88610 0.17424
C 61.12100 43.04640 2.76327
C 57.98480 43.46690 2.30143
C 51.55000 44.27620 0.72063
C 57.30800 46.57590 0.77451
C 53.64270 46.73530 1.46901
C 50.67620 26.20840 1.36773
C 70.61920 30.83720 2.49882
C 67.39920 31.55310 1.15272
C 69.59300 34.32170 2.82501
C 67.77180 37.04450 2.56318
C 66.25460 39.86330 2.49550
C 64.88800 42.84180 2.67279
C 63.23470 45.32050 2.63883
C 49.14720 46.15870 -0.51375
C 72.47310 24.52010 1.36225
C 69.73890 23.82340 1.27488
C 66.59190 23.22290 1.68901
C 70.41950 27.10210 1.05797
C 67.18180 26.31670 1.29475
C 58.63720 29.37370 2.47267
C 55.39350 29.65150 2.47294
C 60.53240 31.98280 2.47216
C 57.10550 32.18890 2.53200
C 53.98160 32.85930 2.61467
C 50.79500 33.11730 2.91883
C 62.34520 34.48380 2.32413
C 58.97200 35.11530 2.55091
C 55.80440 35.39470 2.52075
C 52.45690 35.99160 2.50364
C 60.95040 37.65610 2.51405
C 57.47770 37.92050 2.37694
C 54.30370 38.39360 2.15013
C 50.91600 38.98310 1.95957
C 59.19810 40.48230 2.54402
C 56.13120 40.91340 2.05883
C 52.63960 41.44910 1.47084
C 54.61280 43.76540 1.69483
C 54.15940 24.27240 2.42518
C 72.62890 33.66980 2.08432
C 70.95500 37.15560 2.52262
C 72.61210 39.91270 2.26925
C 69.28350 40.04290 2.42613
C 71.22760 42.78280 2.19771
C 68.00110 42.88220 2.49712
C 72.75930 45.50510 1.94364
C 69.67150 45.71620 2.05927
C 66.08000 45.75500 2.41098
C 53.36930 60.47720 -1.36812
C 50.37000 61.06240 -1.38678
C 59.69230 64.72040 -0.63981
C 56.20510 64.17380 -1.08184
C 49.96470 63.71850 -1.58106
C 60.62900 67.75750 -0.34883
C 65.01330 71.38560 0.15867
C 61.63220 70.76260 -0.13801
C 67.39410 48.89080 -0.13961
C 64.05020 48.37460 -0.87363
C 72.95800 50.97490 -1.41914
C 70.03060 52.59190 -0.07842
C 73.29910 54.84890 -0.37786
C 73.57030 68.52970 0.07178
C 51.62070 47.48060 -1.75019
C 52.42000 51.26380 -0.93825
C 51.58000 54.60890 -1.43119
C 51.33190 57.83860 -1.22294
C 60.57760 47.12500 -0.99842
C 64.89890 51.62340 -0.69084
C 61.51660 50.72370 -1.24649
C 58.15320 49.90140 -1.31058
C 69.89500 56.19790 0.23321
C 67.80270 53.69680 1.86212
C 65.40740 54.64570 -0.09766
C 55.70360 52.36560 -1.06654
C 72.44470 58.64920 0.86501
C 53.56070 54.73910 -1.09436
C 57.58060 58.69800 -1.04460
C 54.66220 57.74850 -1.11880
C 62.17500 62.23530 -0.51974
C 59.00580 61.63010 -1.04928
C 72.17650 67.09780 0.11878
C 62.89260 65.48580 -0.23048
C 70.61210 69.92050 0.82710
C 67.17040 69.12130 0.27510
C 63.80350 68.56280 0.06568
C 52.94350 63.44080 -0.93212
C 57.40530 67.31160 -0.75028
C 54.14740 67.08180 -1.06065
C 51.04720 66.75830 -1.15162
C 58.52270 70.29200 -0.28647
C 55.42100 69.97940 -0.48058
C 52.23120 69.63570 -0.86689
C 70.98780 48.48960 -1.13175
C 49.03840 49.49320 -1.91531
C 49.28670 52.77890 -1.61213
C 55.39130 49.35700 -1.46642
C 62.19270 53.80360 -0.83427
C 58.88050 53.03840 -1.08311
C 69.21660 58.03870 0.83669
C 66.36770 57.50560 0.26021
C 63.22090 56.90080 -0.49181
C 59.91030 56.11700 -0.95316
C 56.71160 55.51270 -1.02261
C 70.45320 61.09110 0.77202
C 67.31170 60.44020 0.48373
C 64.20570 59.79320 -0.21633
C 61.07540 59.24130 -0.75382
C 71.21480 64.04940 0.70339
C 68.24480 63.50880 0.43454
C 65.21790 63.01490 0.02110
C 69.03540 66.53590 0.44129
C 66.01420 66.09410 0.31209
H 72.06530 56.18080 1.40780
H 54.90630 62.09900 -0.39376
H 51.96850 61.58960 0.26362
H 49.09720 62.41230 0.30172
H 60.96490 65.83850 1.18820
H 57.66450 65.21570 0.71270
H 61.87050 68.94560 1.48884
H 55.23410 47.59080 -0.22123
H 64.49190 46.44210 0.70480
H 69.67320 49.14130 0.98866
H 65.10650 49.55790 0.71826
H 72.33300 52.46060 0.19984
H 50.96510 49.34160 -0.27550
H 50.74350 52.92600 0.08160
H 50.18330 56.05820 0.10099
H 49.80080 59.23580 0.17390
H 61.82860 48.75710 0.35251
H 58.66070 48.09840 0.17952
H 65.58420 52.64610 1.60912
H 62.71980 51.86420 0.56727
H 56.50580 50.51590 0.50938
H 69.29560 56.33830 2.72022
H 66.30700 55.65480 1.84879
H 54.03180 52.74360 0.12375
H 70.62990 59.25280 2.48950
H 54.92340 56.02600 0.61931
H 71.46940 62.38200 2.63706
H 55.78980 59.19100 0.73152
H 52.92760 58.67850 0.40560
H 72.59530 65.23440 1.94431
H 60.24560 62.78250 0.77717
H 57.40140 62.19270 -0.11539
H 70.45200 67.66080 1.78767
H 64.06500 66.64550 1.63162
H 68.23130 70.16390 1.70771
H 65.19740 69.55170 1.77619
H 54.34720 65.04830 0.26827
H 51.17920 64.77890 0.23858
H 58.70900 68.36360 1.17032
H 55.57490 67.84940 0.86235
H 52.44970 67.63240 0.66223
H 56.74880 70.93990 1.40115
H 53.57880 70.56430 1.08135
H 50.32450 70.05070 0.35884
H 71.15890 46.45260 0.26108
H 67.78310 46.60750 0.72970
H 72.79210 49.16900 0.44582
H 59.56880 51.21500 0.21590
H 63.28100 54.99780 1.13476
H 60.25750 54.21710 0.65492
H 57.14400 53.63150 0.54948
H 67.23850 58.70930 2.24614
H 64.26320 57.99940 1.47435
H 61.19630 57.32820 0.77983
H 58.02410 56.75970 0.44472
H 68.48430 61.73310 2.18373
H 65.26920 61.11580 1.56405
H 62.21000 60.37860 1.12448
H 59.10810 59.72600 0.59301
H 69.35660 64.80200 2.17313
H 66.33410 64.19630 1.83582
H 63.24160 63.59110 1.31601
H 67.25580 67.24580 2.10554
C 53.84090 60.72210 1.47648
C 50.27560 61.00210 1.90719
C 59.35290 64.43630 2.42617
C 55.92260 63.61910 1.41173
C 48.84030 64.69550 1.00740
C 60.46150 67.57960 2.83533
C 64.75350 71.43870 3.34518
C 61.62600 70.74460 3.06286
C 67.25970 48.84760 1.78865
C 63.48130 48.17420 2.15660
C 72.45110 51.12800 1.93495
C 70.21420 51.40610 1.73278
C 73.75270 54.27140 1.46654
C 74.03780 68.54350 3.29457
C 51.86850 47.73650 1.58114
C 52.26300 51.24650 0.94939
C 51.30900 54.62230 1.77323
C 51.05840 57.79110 1.73572
C 60.57980 46.64410 0.87111
C 64.34300 51.26560 2.50118
C 61.22060 50.25020 1.86534
C 58.48830 49.59790 1.86202
C 71.49970 55.86830 3.81517
C 68.04680 54.74390 3.51228
C 64.57220 54.44730 3.18230
C 55.68050 52.30980 1.96656
C 72.01930 58.19640 4.28336
C 53.55540 54.38410 1.89703
C 57.46410 58.51660 2.13720
C 54.33340 57.44560 2.11993
C 61.71400 62.21040 2.67202
C 58.53110 61.62480 2.07505
C 72.26670 67.40030 3.48100
C 62.58880 65.31430 2.98578
C 70.60730 69.97630 2.70769
C 66.80400 69.12120 3.63429
C 63.56180 68.40330 3.22981
C 52.54770 63.63290 1.46324
C 57.16030 66.97120 2.51514
C 53.96840 66.53760 2.25306
C 50.82220 66.44840 2.07021
C 58.51930 70.14540 2.93896
C 55.18430 69.51290 2.67410
C 51.87300 69.43840 2.24937
C 71.13360 48.19570 2.07872
C 49.10080 49.51320 1.58957
C 48.76610 52.76560 1.50664
C 55.32550 49.19210 1.78891
C 61.91140 53.33900 2.33696
C 58.87770 52.70650 2.04290
C 68.81460 58.39560 4.11560
C 65.58120 57.35110 3.47667
C 62.59670 56.76230 2.74866
C 59.63190 55.98130 2.14942
C 56.66210 55.41830 2.13928
C 70.20310 61.36010 3.96756
C 66.69340 60.70930 3.54514
C 63.73630 59.84780 3.00327
C 60.61450 59.01620 2.40823
C 71.10630 64.45120 3.89297
C 67.84330 63.57600 3.66208
C 64.70140 62.91700 3.12724
C 69.13470 66.72110 3.63312
C 65.63920 65.99550 3.39874
C 70.84090 86.57900 -0.25786
C 67.43060 85.63530 0.32206
C 65.85450 87.27430 3.58579
C 62.74710 88.68380 1.88950
C 61.72030 91.43220 1.31288
C 58.50300 91.63870 2.51012
C 57.82200 95.46500 1.42346
C 49.65950 75.52200 0.18587
C 51.35880 77.63830 2.83454
C 55.78640 80.64550 0.96649
C 62.14510 84.72990 -0.04810
C 49.72620 90.27270 3.04967
C 60.61100 87.03840 2.33929
C 57.60760 88.35980 2.86797
C 52.58070 91.41430 3.55191
C 59.19280 90.62780 4.42285
C 55.05600 93.81980 2.80251
C 66.11960 74.77190 0.87635
C 49.49310 72.32610 -0.00148
C 63.87090 76.61200 -0.28325
C 54.41110 75.50420 0.16524
C 51.42410 75.05070 0.01977
C 64.91440 78.91230 -0.69931
C 61.77720 79.16440 0.04698
C 58.55910 78.89010 0.44416
C 54.85950 78.69220 0.96208
C 67.37550 82.26220 -0.78446
C 63.68670 81.77110 -0.56759
C 64.15390 85.04440 0.40098
C 73.43320 71.78110 -0.10153
C 70.71210 73.24380 -0.01455
C 70.36840 76.61900 -0.06931
C 68.78680 73.77290 -0.32007
C 70.44020 80.09330 -0.21257
C 70.59990 83.50360 -0.15740
C 70.77900 89.55460 0.05497
C 67.90800 89.75920 0.99444
C 64.85240 90.69250 0.95251
C 69.94200 92.38440 -0.19916
C 67.01490 93.25940 0.10061
C 64.00280 93.84470 0.57519
C 60.72270 94.72450 0.96525
C 72.19660 94.82070 -0.88962
C 49.61400 80.10660 2.22067
C 52.58210 81.13920 2.75478
C 49.47830 83.17100 2.10695
C 59.64830 82.00330 1.43037
C 55.34110 83.51310 2.08521
C 52.38400 84.81240 2.30200
C 49.65160 86.46570 2.23723
C 58.06120 85.19730 2.37306
C 55.15340 86.63180 2.79923
C 52.53120 88.08460 2.76370
C 55.11640 89.76820 3.42840
C 62.71520 73.67420 -0.15672
C 59.62020 73.42460 -0.08745
C 56.52560 72.97730 -0.06793
C 53.48020 72.65840 -0.35700
C 60.74140 76.29820 0.11660
C 57.38410 76.00520 0.26936
C 73.37810 74.88340 -0.35285
H 49.86210 94.57990 4.30816
H 69.30470 85.16990 1.20735
H 62.57240 87.25970 3.99620
H 70.72280 87.84140 1.92701
H 67.38550 87.61120 2.08338
H 64.74070 89.40370 3.14885
H 61.61460 90.21610 3.57753
H 60.59860 93.20280 2.73307
H 57.45900 93.81130 3.45986
H 51.07670 79.73960 4.22646
H 54.94750 81.63630 3.14681
H 62.07780 82.58650 1.42855
H 57.51580 83.40590 3.47695
H 60.06000 85.32650 4.02667
H 59.69410 88.18040 4.32961
H 57.04500 89.58840 4.94761
H 54.18960 90.97910 5.42987
H 50.52000 91.87450 4.84232
H 66.21670 72.52920 2.19183
H 63.06930 71.93480 1.52143
H 64.21460 74.86000 1.33084
H 51.61760 72.96890 1.06628
H 65.95820 77.34830 1.10551
H 55.97940 76.61210 1.82684
H 52.77070 75.73700 2.10708
H 66.78700 80.15160 0.72756
H 63.79540 80.01340 1.17381
H 60.62430 79.74250 1.53810
H 57.85390 80.51070 2.13942
H 65.19380 82.84700 0.63081
H 71.84580 71.87970 1.72870
H 69.16610 72.92910 2.06861
H 68.45340 75.66020 1.25699
H 68.89220 78.46740 0.96566
H 72.24350 84.88360 0.96313
H 69.08810 81.89970 0.89286
H 52.98210 93.81490 4.38227
H 69.88970 91.02790 1.81373
H 66.77930 91.72890 1.99157
H 63.76170 92.36180 2.44685
H 71.97110 93.14750 0.82254
H 68.96960 94.03940 1.36386
H 65.97220 94.71810 1.79563
H 62.82610 95.41210 2.11303
H 51.31640 83.12780 3.59097
H 54.22240 84.70530 4.10456
H 51.39090 86.35020 4.02356
H 57.09850 86.42910 4.32048
H 54.18890 87.83240 4.68730
H 51.51600 89.45280 4.54334
H 59.91690 71.44820 1.39714
H 61.12570 74.39910 1.52141
H 58.00480 73.94560 1.69846
H 54.81230 73.49400 1.54113
H 62.45630 77.28620 1.53723
H 59.12450 76.90550 1.85175
H 71.58970 75.01200 1.37508
H 71.79530 78.39170 1.01207
H 71.96950 81.70030 0.74544
C 72.10390 86.69610 2.79513
C 68.83830 86.78540 3.21927
C 66.26340 87.46140 5.39299
C 63.35500 89.29160 5.24933
C 62.31110 92.15150 4.49665
C 55.97160 93.78250 6.71329
C 58.24110 95.43940 4.64560
C 49.52530 76.56160 3.63218
C 52.33460 77.87870 4.52293
C 56.55600 80.00490 4.23649
C 61.19900 84.07570 3.27992
C 49.19510 89.78940 5.30528
C 61.00580 86.60490 5.91524
C 57.97220 87.88630 6.18421
C 51.97650 90.81150 6.55835
C 56.38000 92.08030 5.14702
C 53.93560 93.19910 6.65935
C 66.43530 74.18870 4.25067
C 49.61690 71.89540 1.89295
C 64.34890 76.65450 2.98906
C 54.48640 75.14640 3.40839
C 51.72100 73.82140 3.37049
C 65.45540 79.18190 2.80754
C 62.44440 79.22610 3.06179
C 59.22630 78.77550 3.37976
C 55.78360 78.06390 4.06952
C 67.08760 82.23550 2.32020
C 63.61520 81.99270 2.71276
C 64.36670 85.72970 3.54646
C 73.79110 72.11290 3.26944
C 71.22950 73.60140 3.36721
C 70.36760 76.89910 2.38253
C 68.28230 74.73190 3.66263
C 70.44760 80.22390 1.97331
C 70.75440 83.29720 2.09978
C 71.55110 89.83160 3.20481
C 68.07180 89.88620 2.91610
C 65.42400 91.27390 4.00770
C 70.55590 92.88820 2.86773
C 67.54180 93.60940 3.29904
C 64.48480 94.40510 3.63370
C 61.45160 95.23780 4.22086
C 72.69740 94.98470 2.31382
C 49.25960 79.83410 5.49435
C 52.88840 81.35790 4.49878
C 49.57880 83.14940 5.38668
C 59.19080 82.14790 3.66970
C 55.66820 82.99120 5.12346
C 52.29310 84.50000 5.47847
C 49.26050 86.58780 5.31394
C 58.21630 84.57620 5.57614
C 55.32160 86.01290 5.95895
C 52.08920 87.66090 6.02732
C 55.17230 89.17800 6.60458
C 62.92010 73.75750 3.05116
C 59.81260 73.22210 3.15643
C 56.46570 72.69460 3.12872
C 53.12210 72.28270 2.85113
C 61.06000 76.13620 3.20566
C 57.76910 75.71100 3.45980
C 73.63390 75.38840 2.72232
C 89.53360 2.48330 -3.86956
C 93.92610 5.46147 -4.08294
C 90.27700 5.18748 -1.81579
C 95.41170 8.47650 -4.15107
C 82.79010 0.48541 -3.12474
C 79.78900 1.15191 -2.83491
C 78.68870 4.60237 -1.98705
C 75.97040 5.61441 -1.03173
C 74.85220 8.90408 0.00545
C 71.58090 9.64195 -3.08577
C 74.25430 14.19820 -2.49901
C 76.28120 16.59260 -0.99212
C 77.16990 19.67290 -0.90732
C 86.42610 2.26739 -2.31153
C 83.47300 3.35045 -1.44292
C 81.70970 5.62661 -2.78240
C 85.95920 5.70351 -2.66936
C 80.54030 8.57639 -2.75324
C 77.38590 9.49356 -2.37554
C 92.54060 8.05375 -2.67154
C 88.64940 7.94397 -2.74240
C 76.96300 12.52390 -2.42555
C 95.22720 9.89039 -2.48919
C 79.27120 14.64220 -2.67195
C 0.90367 12.05890 -3.86790
C 81.06540 17.22570 -1.12423
C -0.15545 15.09160 -1.89038
C 81.19260 20.10710 -2.07528
C 95.18280 18.39910 -1.36528
C 92.56250 18.84470 -0.58216
C 89.62510 20.08720 -0.98141
C 86.65220 21.34070 -0.30777
C 0.92931 20.36860 -1.29346
C 95.73430 23.02650 -1.35002
C 0.88932 0.00964 -4.16173
C 94.70250 -0.16416 -4.06582
C 91.51940 -0.24413 -4.31531
C 88.21530 -0.35809 -3.97004
C -0.91961 2.61950 -4.25483
C 93.06820 2.34952 -4.32906
C 0.36875 5.68831 -4.27930
C 80.62880 95.57650 -2.81864
C 77.64200 -1.11247 -2.15201
C 74.39170 -0.48453 -1.36763
C 76.61290 1.83336 -2.10069
C 73.61430 2.80336 -1.18199
C 73.86680 19.04470 -1.53183
C 74.97100 21.95420 -1.46469
C 83.22100 7.02250 -2.38914
C 85.77700 9.20596 -2.53399
C 83.02380 10.36780 -2.44808
C 79.97440 11.56760 -2.45620
C 90.58320 10.15970 -2.89396
C 87.98810 11.45640 -2.36697
C 85.36570 12.37880 -2.22413
C 82.62200 13.61390 -2.44314
C 93.02720 12.53410 -2.82356
C 90.59510 13.46600 -2.07606
C 87.69690 14.69160 -2.01139
C 84.95030 15.59080 -2.05877
C 93.18260 15.76090 -1.65360
C 90.25470 16.84760 -1.34343
C 87.18670 17.98180 -1.38411
C 84.30260 19.11310 -1.65337
H 90.02680 0.39879 -2.54708
H 91.56780 3.13834 -2.51114
H 88.68330 3.28164 -1.58255
H 95.77730 6.46917 -2.76396
H 92.57460 6.04340 -2.07729
H 85.75340 95.56380 -2.37347
H 84.66740 1.12957 -1.57254
H 81.68280 1.62130 -1.17316
H 78.36680 2.35381 -1.11026
H 78.04750 5.10416 0.53671
H 74.62430 6.55133 0.97154
H 75.80160 14.08940 -0.79728
H 77.18430 17.97030 0.85139
H 78.21800 21.00050 1.00367
H 85.69970 4.18543 -0.73865
H 82.61340 5.50596 -0.47481
H 79.85380 6.73677 -1.53011
H 88.05630 6.35341 -1.28505
H 76.30420 10.89010 -0.64092
H 90.56930 8.42392 -1.21261
H 78.80580 12.99660 -0.87082
H 0.55886 10.07200 -2.08744
H 92.85280 10.52250 -1.96166
H 78.74860 16.22360 -1.20438
H 79.62210 19.23360 -0.88069
H 95.15220 16.01250 -0.62471
H 82.70430 19.98760 -0.04597
H 80.65530 22.09240 -0.41651
H 94.50330 18.49630 1.09970
H 91.52570 19.68400 0.69431
H 89.04920 21.41270 0.56968
H 0.20751 18.23570 -0.29916
H 95.78470 20.68110 -0.40645
H -0.73473 0.84089 -2.57082
H 93.20130 0.55969 -2.67706
H 0.56437 3.79015 -2.66738
H 94.54570 3.50414 -2.72953
H 74.19270 95.33480 0.44285
H 82.64260 -1.41938 -1.54210
H 79.52960 -0.56219 -1.07731
H 76.30650 0.05346 -0.39913
H 73.40760 0.89188 0.48199
H 75.47890 3.25832 -0.26404
H 74.19940 17.12100 0.07103
H 75.06870 20.25000 0.26663
H 77.04920 7.82774 -0.52380
H 85.14330 7.40639 -1.02309
H 82.21360 8.63386 -0.97783
H 79.32190 9.83169 -0.87554
H 87.57530 9.47537 -1.02888
H 84.72520 10.57100 -0.76767
H 81.83440 11.83600 -0.89567
H 89.97960 11.52550 -0.97554
H 87.14080 12.78490 -0.64184
H 84.24820 13.78740 -0.62204
H 81.36450 14.82420 -1.23887
H 92.47830 13.55400 -0.44323
H 89.38900 14.81400 -0.29469
H 86.51630 15.91230 -0.27232
H 83.48480 16.98200 -0.32620
H 91.95320 16.65080 0.40387
H 88.90080 17.96760 0.34160
H 85.79970 19.08870 0.39081
C 90.04830 2.09928 -0.60525
C 94.34300 5.26543 -0.98799
C 90.83140 5.10681 0.51227
C 95.33500 8.08511 -0.92133
C 83.58980 0.33796 0.08260
C 80.28220 1.38256 0.31997
C 77.92200 3.39516 2.32378
C 77.05710 6.73210 1.85701
C 74.61720 8.84268 1.86633
C 71.85850 9.34449 2.14251
C 74.20660 12.14700 -0.29944
C 76.18970 15.66390 0.93370
C 76.48190 19.45330 2.22645
C 86.71790 2.22128 -0.28172
C 83.64720 3.65651 0.58986
C 80.49690 5.42004 0.64969
C 86.25050 5.87549 0.59864
C 80.42900 8.15015 0.52335
C 77.79790 9.70123 1.01519
C 91.98430 6.99075 0.18679
C 89.06750 8.09147 0.44206
C 77.09400 12.64080 0.88998
C -0.17885 8.82819 0.05957
C 79.69230 14.73220 0.60109
C 2.06656 11.25560 -0.42640
C 79.29900 17.50560 1.01658
C -0.48426 14.02080 -0.40538
C 80.60280 20.12490 1.22257
C 95.14690 16.10880 1.79860
C 92.47700 18.06290 2.40216
C 89.53530 19.49280 2.15777
C 86.76160 20.96350 1.55318
C -0.53781 19.60210 1.73036
C 94.96160 22.06270 1.56170
C 0.90372 -0.00993 -0.88253
C 94.83980 -0.45342 -1.18201
C 91.83150 -0.58664 -1.09079
C 87.74930 -0.49148 -2.12344
C -0.96216 2.76311 -0.98509
C 93.36870 2.27227 -0.99107
C 0.25641 5.61460 -1.06364
C 81.17680 95.72800 0.28448
C 78.12520 -1.02104 0.88103
C 75.11060 -0.30295 1.70445
C 77.19320 2.01748 1.04618
C 74.34050 2.67532 1.93376
C 73.65020 18.80750 1.76394
C 74.52050 22.11670 1.76933
C 83.36210 7.23274 0.68348
C 85.90720 9.03199 0.70051
C 82.82730 10.27690 0.65964
C 79.99350 11.56820 0.70505
C 91.68030 10.13630 0.14307
C 88.25750 11.07870 0.69952
C 85.34110 12.24100 0.86128
C 82.27250 13.64350 0.74256
C 93.77620 11.83970 0.18138
C 90.71470 13.04140 0.85364
C 87.55560 14.29430 1.19007
C 84.46950 15.51110 1.14659
C 93.56920 15.08780 1.23481
C 89.97530 16.15540 1.72593
C 86.84500 17.41490 1.66105
C 83.79680 18.65510 1.70581
C 82.51290 47.84350 -0.61674
C 91.60010 45.49160 -1.87126
C 0.83096 46.73710 -2.91510
C 85.23940 24.40110 -0.59942
C 81.63910 24.16020 0.76946
C 90.36840 26.41470 -0.80572
C 87.09080 26.87170 -0.92771
C 80.56970 27.70930 -0.14009
C 89.12980 29.28310 -0.82999
C 79.47280 30.96910 -0.61614
C 91.31430 31.63510 -0.90519
C 78.47450 34.11100 -0.73889
C 93.23740 34.21820 -0.87784
C 80.57360 36.65430 -0.81469
C 95.33050 36.59810 -1.05122
C 82.65050 39.20630 -0.92172
C 84.76430 41.39560 -0.92535
C -0.72349 41.94040 -1.49466
C 93.10040 42.74320 -1.39484
C 89.63860 43.38310 -1.08440
C 86.55810 44.01600 -0.58018
C 84.11090 44.76340 -0.52699
C 95.55150 44.83450 -1.81203
C 78.25920 22.80910 -0.77042
C 79.39070 25.81170 -0.58461
C 77.06440 28.55380 -0.93233
C 75.98440 31.43000 -1.92862
C 74.46130 34.25390 -2.70704
C 77.49110 36.99900 -0.74838
C 79.25470 39.70730 -0.88613
C 81.36170 42.44030 -0.70141
C 79.51740 45.50990 -1.44814
C 83.17850 22.11740 -1.05622
C 88.41680 23.72180 0.58215
C 93.63250 25.46650 -0.07333
C 89.86930 24.49540 -1.20802
C 92.48730 28.70990 -0.75211
C 94.43510 31.30030 -0.72366
C -0.60493 33.87620 -0.60139
C 83.65360 27.42540 -0.62253
C 85.80900 29.82580 -0.75132
C 82.63150 30.37990 -0.53498
C 87.87640 32.27190 -0.86754
C 84.80160 32.73020 -0.87846
C 81.70600 33.30570 -0.90263
C 89.96750 34.58270 -0.99106
C 86.87740 35.34800 -0.81076
C 83.91080 36.03070 -0.85929
C 92.06850 37.26860 -1.19121
C 88.87820 37.73990 -1.06343
C 85.71820 38.28790 -0.90227
C 0.53448 39.14330 -1.06741
C 94.37950 39.68420 -1.21361
C 91.06760 40.21750 -1.19783
C 87.85010 40.75640 -1.08977
C 76.05580 25.05770 -1.49242
C 74.16820 37.27590 -0.67122
C 75.96940 39.76810 -0.91434
C 77.77090 42.60430 -1.24435
C 74.30750 42.53630 -1.20009
C 75.81530 45.33690 -1.40450
C -0.05813 25.68540 -0.33634
C 95.74390 28.24550 -0.55994
C 0.68153 30.97640 -0.36194
H 84.76100 47.09860 -0.22108
H 93.67430 46.12260 -1.11455
H 86.85080 24.98820 0.65200
H 83.71390 25.54780 1.25896
H 88.81960 27.44270 0.80383
H 82.51540 28.63170 1.26475
H 79.01330 29.30200 0.57008
H 90.90710 29.90300 0.76485
H 80.34970 34.71330 0.64733
H 94.86870 34.99960 0.75026
H 82.45250 37.27570 0.70069
H -0.28837 37.45920 0.53267
H 84.42400 39.59340 0.79972
H 96.05720 40.33880 0.45735
H 83.52540 42.63270 0.41049
H 94.95110 43.27030 0.09570
H 91.70040 43.94170 0.18394
H 88.63510 44.54670 0.74998
H 85.53680 44.73910 1.68265
H 79.07600 24.11260 1.30638
H 77.10280 26.36990 0.14103
H 74.91970 28.81710 0.43238
H 75.98990 33.54320 -0.83222
H 77.34030 35.38730 1.11692
H 79.15410 37.91170 0.83422
H 81.33260 40.22940 0.43228
H 79.20180 43.54730 -0.05228
H 84.79800 22.35380 0.84423
H 93.83490 22.90860 0.41277
H 92.04900 26.93340 1.01947
H 94.14170 29.51170 0.84534
H 96.10540 32.08310 0.96546
H 85.59680 27.96820 0.75391
H 87.66190 30.44020 0.78258
H 84.47570 31.06610 0.95321
H 81.31220 31.71610 0.99181
H 78.18380 32.40310 1.19663
H 92.90180 32.49150 0.78555
H 89.79860 32.94610 0.52816
H 86.55830 33.47950 0.80844
H 83.45440 34.09140 0.56969
H 91.71190 35.49090 0.51836
H 88.69290 35.98140 0.66950
H 85.60440 36.60530 0.81172
H 93.79090 37.92590 0.41161
H 90.70010 38.44540 0.44571
H 87.57770 39.01220 0.50828
H 92.83370 40.98570 0.26943
H 89.71820 41.42860 0.45177
H 86.64010 42.01510 0.65042
H 76.13080 23.29030 0.28436
H 73.98730 25.71270 -0.10690
H 74.23800 35.34960 1.01003
H 75.89840 38.07260 0.91786
H 77.59710 40.83460 0.63045
H 74.31350 40.81350 0.58366
H 76.00810 43.51290 0.33138
H -0.26200 23.50840 0.87093
H 95.48370 26.46940 1.26967
H 0.18276 29.13110 1.10822
C 83.67680 46.45410 2.21567
C 92.58880 46.04460 1.20634
C -0.37294 49.13060 0.24669
C 85.47860 23.93980 2.50901
C 81.00710 23.90690 2.81557
C 90.14410 25.82880 2.10677
C 87.09250 26.67510 2.37243
C 80.67560 27.80770 1.80997
C 89.15690 29.17650 2.37400
C 79.65580 30.72910 2.51004
C 91.17870 31.87480 2.27116
C 78.80430 33.88460 2.49216
C 93.05360 34.43210 2.27625
C 80.74150 36.61660 2.25474
C 95.21970 36.87240 2.17394
C 82.54050 39.17330 2.29836
C 84.88590 41.56300 2.21407
C -0.72553 42.29940 1.86571
C 93.26600 42.88170 1.76857
C 90.36210 43.19670 2.02106
C 87.12630 43.59450 2.60218
C 83.78090 43.27480 2.77277
C -0.53552 45.01790 0.02082
C 77.25440 22.80190 2.49590
C 78.10550 25.93490 2.50716
C 76.79720 28.73450 0.97182
C 74.75040 31.25120 -0.23833
C 75.83810 33.49480 1.68024
C 77.56760 37.30800 2.65148
C 79.45630 39.92230 2.11402
C 81.18740 42.57150 1.13346
C 79.89370 45.97120 0.34608
C 83.52750 21.30000 1.92355
C 91.44580 22.19380 0.85184
C 93.48060 25.09160 1.74745
C 90.06720 26.44260 3.80956
C 92.37160 28.66410 2.42250
C 94.29600 31.35960 2.46281
C -1.07088 33.96090 2.55944
C 84.01910 27.22520 2.69603
C 85.91450 29.75730 2.42429
C 82.72880 30.51890 2.68046
C 88.12500 32.18140 2.20767
C 84.73470 33.01410 2.45834
C 81.74730 33.63100 2.37650
C 90.10830 34.68110 2.20286
C 87.01330 35.32710 2.32782
C 83.74280 35.92520 2.26351
C 92.03940 37.32450 2.10595
C 89.06780 37.89060 2.11998
C 85.96630 38.50370 2.30148
C 1.03030 39.37990 1.10494
C 94.22920 39.80680 1.96051
C 91.23420 40.29360 1.97448
C 88.13170 40.79420 2.16294
C 75.58080 25.21100 1.73478
C 74.24030 37.35390 2.56939
C 75.93380 40.08190 2.35605
C 77.81540 42.94800 1.93629
C 74.40340 42.79740 2.01809
C 76.14480 45.50600 1.78016
C -0.44425 25.31010 2.69479
C 95.47010 28.35160 2.59170
C 0.15221 30.90330 2.77890
C 88.34160 46.57590 -0.75411
C 85.74930 48.74950 -1.91664
C 82.77790 49.81930 -0.49432
C 80.00090 51.12710 -0.06096
C 77.09490 53.16840 -0.65749
C 93.89880 47.83400 -2.25642
C 76.78790 56.47730 -0.38832
C 73.97390 57.57240 1.54476
C 76.42170 59.88600 -0.42118
C -0.50075 52.39550 -1.87672
C 93.99190 53.93530 -1.82482
C 91.01160 55.43610 -1.94441
C 88.02210 56.72600 -1.94435
C 76.44060 63.28960 -0.13514
C 88.69640 59.82830 -1.42435
C 85.58280 61.57160 -1.06497
C 79.06850 64.66940 -0.48316
C 84.66690 64.53920 -1.50651
C 82.13210 66.40290 -0.31711
C 85.91550 67.80490 -1.16841
C 77.58620 48.52190 -1.31214
C 75.98440 51.51640 -1.09644
C 81.67020 69.95080 -1.11943
C 79.12760 68.00890 0.11109
C 76.19570 66.65650 0.84322
C 73.78800 63.16250 2.93001
C -0.20216 55.98230 -1.47339
C 93.71370 57.13650 -1.92215
C 92.70180 60.24480 -2.13956
C 91.52150 62.94490 -2.09884
C 90.87010 66.05740 -3.11290
C 87.75100 65.09750 -1.55448
C 89.12140 69.25560 -3.08271
C 90.73300 71.84440 -1.53576
C 91.09100 48.64990 -1.59949
C 88.41270 50.42850 -1.71273
C 85.54060 52.05580 -1.64595
C 82.47760 53.13470 -0.96256
C 79.65200 54.87950 -0.76777
C 94.05590 50.77980 -1.75150
C 91.18250 52.10740 -1.74284
C 88.23600 53.69150 -1.76106
C 85.28040 55.09050 -1.52578
C 82.37000 56.43590 -1.18924
C 79.39140 57.94010 -0.77925
C 84.96930 58.21000 -1.73625
C 82.08810 59.76710 -1.13750
C 79.31770 61.48410 -0.65605
C 82.05300 62.83470 -1.06831
C 74.55420 48.29660 -1.11715
C 76.37100 69.97700 -0.17538
C 96.03060 59.31490 -2.01055
C 1.03015 61.86420 -2.35212
C 94.74590 62.33810 -2.42323
C -0.21520 64.85010 -2.76254
C 93.91890 65.32900 -2.78125
C 95.88190 67.81870 -3.10917
C 92.65600 68.55570 -2.98853
C 0.66468 70.59190 -3.42252
C 94.59950 71.15080 -3.20575
H 83.06140 48.69010 1.89162
H 90.70130 47.00970 -0.01703
H 87.48630 48.78560 -0.05813
H 82.15650 51.68750 1.02754
H 79.07580 53.19280 0.81920
H 76.26540 54.57700 1.44715
H 0.90824 47.08870 -0.47492
H 76.03430 57.83970 1.03599
H 95.88580 50.92790 -0.03020
H 93.02940 52.31380 -0.14171
H 75.97930 61.12950 1.37681
H 92.80880 55.53160 -0.27162
H 89.87490 56.92330 -0.19843
H 87.04130 58.31220 -0.33152
H 75.67580 64.27860 1.72078
H 88.32220 61.10710 0.86493
H 81.25070 64.31600 0.73950
H 78.54160 65.97960 1.13649
H 86.63720 63.58180 -0.22119
H 84.54530 66.11580 0.01678
H 77.44400 46.35100 -0.21811
H 76.00470 49.71060 0.60613
H 85.00630 70.24060 -1.13059
H 82.86110 68.63030 0.54438
H 80.00210 70.15930 0.93038
H 77.26650 68.61970 1.59461
H 74.57040 70.32030 1.65063
H 95.71390 54.21710 -0.51282
H 95.40770 57.63640 -0.34957
H 92.36170 58.55360 -0.27806
H 91.50250 61.25290 -0.23265
H 89.82810 63.94360 -0.45618
H 89.50840 66.93170 -1.84283
H 91.04870 69.59240 -1.44023
H 87.81570 69.45990 -1.33143
H 84.81500 50.28780 -0.21350
H 93.07260 49.18370 -0.15523
H 90.27420 50.49280 -0.08836
H 87.46120 51.98810 -0.10744
H 84.60820 53.44920 0.16849
H 81.74750 54.87780 0.60281
H 78.87430 56.38310 1.06118
H 90.20220 53.80560 -0.24043
H 87.20320 55.20060 -0.18117
H 84.41120 56.64590 0.15211
H 81.52990 58.08010 0.46973
H 78.66010 59.59940 0.74725
H 84.28260 59.84250 -0.08101
H 81.39640 61.26150 0.72407
H 78.54160 62.81320 1.18590
H 84.05380 62.92150 0.28431
H 74.28550 46.34100 0.29834
H 0.63025 60.19050 -0.57139
H 94.59250 60.72720 -0.61077
H -0.56355 63.16590 -1.06181
H 93.48540 63.76660 -0.83683
H 95.56710 66.18040 -1.25554
H 92.49950 66.76240 -1.29384
H 0.41047 68.84460 -1.63376
H 94.50420 69.19340 -1.60123
H -0.81846 71.89480 -1.92636
C 88.56370 46.89750 1.28069
C 85.60800 48.81880 1.56521
C 82.73850 50.30140 3.15717
C 80.01590 51.05340 1.76513
C 77.41680 52.61270 2.65930
C 94.19940 47.45550 0.97659
C 77.00580 56.07500 2.68834
C 74.09550 58.28190 3.74398
C 77.21920 59.29790 2.71401
C -0.51610 52.64960 1.26954
C 93.97500 54.03920 1.29492
C 90.99650 55.45540 1.47085
C 87.93440 56.82200 1.47036
C 77.08460 62.66620 3.19353
C 90.05610 59.34470 0.32517
C 85.88940 61.44820 0.92110
C 79.61370 64.41640 2.66265
C 85.33620 64.53850 1.65372
C 82.47710 66.30200 1.48370
C 85.30940 68.43630 0.67606
C 77.89550 48.80820 0.68590
C 75.83910 51.20780 2.66951
C 82.15660 69.95840 2.20589
C 79.56680 68.00400 2.05896
C 76.65170 66.41840 2.65235
C 73.61710 61.70450 1.60350
C -0.30251 56.28510 0.46291
C 93.69430 57.21050 1.40181
C 93.15420 60.30900 1.37893
C 91.88270 63.08070 1.04801
C 90.66030 66.24730 0.31010
C 88.76430 62.73120 0.38109
C 89.29810 68.64740 0.14956
C 91.40190 71.49560 0.17362
C 91.35140 48.87160 1.54388
C 88.41130 50.42140 1.56436
C 85.66800 51.70590 1.52131
C 83.08980 53.44660 2.16838
C 79.94990 54.52110 2.33769
C 93.93930 50.73970 1.51557
C 91.22940 52.23610 1.45711
C 88.35170 53.68560 1.36682
C 85.57900 55.12340 1.61785
C 82.74920 56.62110 1.98144
C 79.87730 58.05670 2.33009
C 85.42270 58.36400 1.59975
C 82.80590 59.63720 1.92899
C 79.68810 61.04520 2.44102
C 82.51760 62.87340 2.18760
C 74.28580 48.25460 1.96860
C 76.68450 70.46220 3.05162
C 96.00040 59.53340 1.02357
C 0.64602 62.18860 0.81335
C 95.01520 62.66640 0.77777
C -0.31980 65.04140 0.48132
C 93.85280 65.77240 0.50863
C 95.95890 68.17780 0.11420
C 92.71110 68.77100 0.10150
C 0.70825 70.89840 -0.26992
C 94.81900 71.18880 -0.06369
C -0.39308 94.63500 -4.23037
C 93.42860 94.65000 -4.64515
C 90.27190 94.54740 -4.67065
C 0.27735 77.71490 -4.39312
C 94.28310 77.93180 -4.98051
C 89.76920 80.34210 -5.35022
C 87.60340 82.63060 -4.62991
C 86.44360 85.73900 -5.49124
C 0.16344 89.33190 -4.68724
C 93.96750 89.47740 -5.02614
C 87.15610 89.01140 -4.86006
C 91.84950 91.70690 -4.98988
C 73.82810 88.19380 -0.14689
C 83.55660 88.96580 -4.33453
C 79.12850 90.04180 -1.91800
C 84.66820 92.15690 -3.94777
C 86.72750 94.44200 -4.48036
C 83.48990 95.01260 -3.61360
C 90.13080 74.98930 -2.50998
C 86.91170 71.86970 -1.66325
C 83.20220 70.26570 -2.71602
C 86.34910 74.97950 -3.13244
C 87.41360 78.48280 -4.33512
C 84.59750 80.75160 -3.15727
C 83.98560 83.64140 -4.32378
C 81.84000 85.81130 -3.27859
C 80.89690 88.18430 -1.72500
C 76.75270 86.38300 -1.51866
C 73.60200 84.82970 -1.08408
C -0.41309 73.89590 -3.42351
C 93.34090 73.01130 -3.65781
C 94.58410 75.88720 -4.94256
C 96.00050 80.74040 -4.83454
C 92.75130 80.68360 -5.22425
C 0.22488 83.61820 -4.71287
C 94.40540 83.43340 -5.10364
C 90.90900 83.26780 -5.35733
C 95.79890 86.32430 -5.07010
C 92.48730 86.24420 -5.31467
C 89.26680 86.14640 -5.39860
C 90.64780 89.00950 -5.03948
C 88.45950 91.66410 -4.59835
C 75.97440 90.64690 -1.45041
C 72.93620 91.64240 -0.92243
C 81.28920 92.29590 -2.80274
C 78.23420 93.04660 -2.15815
C 75.07630 93.97550 -1.45888
C 84.26880 74.04800 -1.67094
C 81.67730 73.01710 -1.20197
C 79.02460 71.53850 -0.70208
C 84.26960 77.27620 -2.81930
C 81.78990 76.01180 -1.70522
C 78.82870 74.71280 -1.07691
C 76.11770 73.26640 -0.50735
C 81.76340 79.16980 -2.25268
C 79.06470 78.01710 -1.61869
C 76.16290 76.33690 -1.02929
C 81.66640 82.34990 -2.79778
C 79.04180 80.97880 -1.86440
C 76.31480 79.67390 -1.34143
C 73.40440 78.18920 -0.83194
C 79.16680 84.49650 -2.22364
C 76.45760 82.87860 -1.57115
C 73.52980 81.59560 -1.10751
H -0.37837 92.77910 -2.88096
H 93.64640 92.53110 -3.22207
H 91.83620 95.34800 -2.90743
H 88.64780 94.97920 -3.02407
H 0.16165 76.25160 -2.25885
H 95.73830 78.93600 -3.22667
H 92.62950 78.91480 -3.34623
H 89.89260 78.57320 -3.46641
H 88.26290 80.56730 -3.46232
H 85.93530 84.28020 -3.83738
H 87.72130 86.90950 -3.66755
H 95.52090 90.08770 -2.99318
H 92.24690 89.85010 -3.39061
H 89.04180 89.60070 -3.32777
H 85.80880 89.20460 -2.98272
H 90.38890 92.51990 -3.23550
H 79.20480 88.50630 0.12350
H 76.15420 89.10020 0.09046
H 72.88080 90.09440 1.11449
H 82.92640 90.47420 -3.19588
H 81.10350 90.98560 -0.72899
H 86.91950 92.38580 -2.91201
H 88.01390 74.17160 -1.38555
H 85.62030 73.09020 0.21250
H 88.18090 76.70240 -2.65280
H 85.83400 78.88160 -2.44228
H 82.99010 81.08440 -1.23693
H 83.10480 84.15790 -1.94717
H 83.23630 87.30460 -2.42100
H 80.74730 85.93640 -0.99613
H 77.65610 84.53040 -0.21039
H 75.05280 86.25590 0.29957
H 93.17970 72.05150 -1.36221
H 1.55993 73.95420 -1.83107
H 94.52070 74.69350 -2.63597
H 90.94620 73.99400 -0.27200
H 94.90310 95.27140 -2.71734
H 0.24896 81.74810 -3.14348
H 94.15730 81.65380 -3.47690
H 91.11490 81.48440 -3.70035
H 95.67850 84.58980 -3.30975
H 92.55670 84.32490 -3.78979
H 89.30530 84.21290 -3.92099
H 0.02878 87.32990 -3.29206
H 94.03550 87.32070 -3.73931
H 90.81850 87.00930 -3.69187
H 78.03830 91.47160 -0.31674
H 75.01440 92.25370 0.27166
H 83.49200 93.20260 -2.01002
H 80.38530 93.86450 -1.14053
H 77.33090 94.58670 -0.46240
H 82.64840 71.71670 0.44297
H 85.56480 76.09180 -1.06286
H 82.80590 74.80410 0.17366
H 80.01670 73.37460 0.63646
H 77.31410 71.87670 1.09866
H 83.00770 77.89650 -0.73070
H 80.10460 76.52260 -0.03410
H 77.23570 75.09340 0.74738
H 74.51880 73.47690 1.36752
H 80.34820 79.68910 -0.24495
H 77.34000 78.13670 0.14880
H 74.51920 76.68990 0.82512
H 80.23280 82.81550 -0.81350
H 77.52080 81.33480 0.05913
H 74.59950 79.94820 0.46352
H 74.80460 83.10620 0.25870
C -0.63015 94.57090 -0.96522
C 93.21400 94.24950 -1.24659
C 90.33470 94.11670 -1.45534
C -0.05272 78.06830 -1.28678
C 94.17670 78.11230 -1.49967
C 90.01920 80.54030 -1.79421
C 87.64440 82.75770 -2.77709
C 85.43660 86.64820 -2.86928
C -0.03581 88.89520 -1.39751
C 94.07900 89.07680 -1.89523
C 87.73460 88.36450 -1.63281
C 91.95320 91.50480 -1.59490
C 74.42630 88.22910 1.65317
C 82.61060 89.19310 -0.98640
C 79.76820 90.75060 1.32286
C 84.91100 91.26160 -1.87943
C 87.36730 93.72170 -1.33842
C 84.63470 94.96850 -0.58938
C 89.31570 74.35330 1.65125
C 88.13230 73.04780 0.79366
C 85.04280 71.51340 1.19297
C 87.83830 76.34090 -0.09657
C 88.18110 78.99330 -1.57326
C 85.24330 81.23300 -1.33502
C 85.17790 83.82070 -1.36079
C 83.03980 86.01150 -0.31089
C 80.68660 87.34490 1.18631
C 77.31870 86.95400 0.18780
C 74.37370 84.67010 2.10561
C -0.81456 74.18510 -0.95440
C 93.14290 74.30570 -0.35252
C 92.96180 76.58950 -2.27743
C 95.70380 80.96080 -1.68371
C 92.48860 80.93800 -1.82130
C -0.05632 83.69600 -1.62916
C 94.08880 83.60020 -1.98952
C 90.91690 83.40010 -2.26936
C 95.48980 86.49780 -1.79534
C 92.54480 86.22020 -2.11976
C 89.32940 85.92150 -2.12966
C 90.76040 88.62980 -1.89467
C 88.87520 91.23620 -1.69385
C 76.64760 90.92890 1.65066
C 73.64620 92.15530 2.28768
C 82.30290 92.95740 0.17471
C 79.00290 93.34610 0.89039
C 76.05360 94.14770 1.52025
C 84.98220 75.33520 1.19363
C 81.93110 73.48110 2.10392
C 79.43310 71.86800 2.50972
C 85.33600 78.38380 -0.06931
C 82.10870 76.84110 1.32677
C 79.34000 75.35710 1.96647
C 76.60800 73.70900 2.67458
C 82.58080 79.83780 0.80959
C 79.42530 78.35360 1.52557
C 76.45460 77.07050 2.15351
C 82.47510 82.96420 0.15675
C 79.66020 81.56440 1.20947
C 76.57120 79.84130 1.83072
C 73.64190 78.56170 2.32266
C 79.82270 84.62460 0.86047
C 76.92590 83.19000 1.59203
C 73.86180 81.65170 2.10573
