2979
Frame 60
C 12.18660 -1.23255 -1.53845
C 13.14870 1.77380 -1.91720
C 11.34760 4.12114 -2.72486
C 10.30110 7.31009 -2.85176
C 8.10283 10.16350 -2.66056
C 4.01974 9.80241 -3.37721
C 2.15434 9.65068 -4.45247
C 23.19520 1.17985 0.63728
C 21.44960 5.05089 1.23821
C 24.12250 6.66845 0.03859
C 24.23960 12.29430 -0.12465
C 18.63840 1.63986 -0.92423
C 15.53360 -0.08968 -0.36331
C 18.96130 5.02170 -0.82122
C 22.14740 9.61759 -0.23517
C 19.19520 8.30582 -0.61606
C 13.25930 5.43971 -1.32756
C 22.40780 13.17150 -0.50633
C 13.68030 8.85972 -1.45722
C 22.43250 16.31850 -0.34445
C 10.95620 10.90720 -1.21598
C 22.29680 19.92030 -0.64501
C 11.64250 13.96360 -0.87357
C 8.38555 13.26150 -1.30440
C 22.25130 23.14440 -0.64409
C 13.49760 18.37170 -0.18979
C 10.27040 16.76160 0.37125
C 13.60910 22.00890 0.71091
C 19.91430 -0.11641 -0.76313
C 4.74761 11.60910 -1.03008
C 5.68387 14.84120 -0.26165
C 2.58878 14.93790 -0.91383
C 7.11814 17.29190 0.20234
C 1.08328 17.67470 -0.68220
C 8.98876 19.79680 0.39687
C 10.48270 22.21400 0.55928
C 8.62440 96.25540 -2.32229
C 9.95117 1.18636 -2.46756
C 6.77840 0.97503 -2.97621
C 3.45055 0.74109 -3.37925
C 8.08251 3.64624 -3.19314
C 4.73905 3.59558 -3.59096
C 1.45755 3.54387 -3.67222
C 6.46562 6.22064 -4.03428
C 2.95792 6.39432 -3.95672
C 16.00070 3.54827 -1.33327
C 16.33700 6.86656 -1.03106
C 19.52270 11.50190 -0.62390
C 16.71760 10.17340 -0.94431
C 19.38330 14.72520 -0.63102
C 16.59870 13.49360 -0.63301
C 13.88610 12.07830 -0.76307
C 19.43630 18.38110 -0.65736
C 16.62980 16.73940 -0.49539
C 13.95350 15.26680 -0.50743
C 19.33540 21.72740 -0.54724
C 16.38420 20.04150 -0.43096
C 4.11150 17.56460 -0.09687
C 5.67084 20.02000 0.20587
C 2.56136 20.23290 -0.07661
C 7.33540 22.61870 0.24645
C 3.99187 22.77120 0.00412
C 0.91488 23.01410 -0.51627
H 13.14370 0.38455 0.16440
H 11.06570 2.52796 -0.83167
H 9.51864 5.16852 -1.78328
H 7.75039 7.65553 -2.46451
H 1.29509 7.24902 -2.06768
H 3.02286 9.88034 -0.97792
H 21.85950 2.66775 2.24816
H 23.76680 5.03146 1.93141
H 22.23360 7.46465 1.05911
H 23.97130 10.45330 1.37453
H 24.57890 16.20080 1.03757
H 19.46920 3.48059 0.81045
H 16.72560 1.93530 0.67702
H 19.46490 6.58517 1.27916
H 14.01190 3.46922 -0.35530
H 14.25200 7.22437 0.28309
H 20.31990 13.26180 1.14348
H 11.42450 9.25461 -0.25047
H 23.07280 18.58200 0.73537
H 20.21170 16.59400 0.78400
H 8.93864 11.32980 0.38704
H 23.12600 21.55080 1.09846
H 9.38662 14.40960 0.35306
H 12.05770 18.45250 1.05967
H 8.64829 17.89820 1.88490
H 21.31420 -0.26835 1.18265
H 0.68338 13.65160 -1.73308
H 6.20937 13.03370 0.08234
H 2.96245 12.80920 0.38079
H 6.91403 15.38950 2.00929
H 5.49712 18.22260 1.88226
H 10.35460 20.53480 2.56130
H 7.24315 20.82440 1.83094
H 10.07460 -0.45697 -0.61130
H 6.75873 -0.71620 -1.14147
H 3.52663 -1.08974 -1.68802
H 0.33332 -1.39492 -1.99181
H 8.03647 2.14913 -1.25849
H 4.87312 1.89857 -1.71789
H 1.69833 1.62691 -2.03977
H 6.31276 4.74376 -2.01183
H 3.13395 4.58952 -2.20328
H 4.56732 7.43047 -2.54574
H 16.78610 5.08071 0.54039
H 19.97060 9.79030 1.12785
H 17.13600 8.43939 0.71424
H 17.46350 11.86320 0.68396
H 14.58870 10.38100 0.29542
H 17.58980 15.11040 1.07828
H 14.74260 13.59740 1.01421
H 11.89790 12.18790 0.70601
H 20.31500 20.02420 0.92596
H 17.56680 18.40450 1.02986
H 14.80870 16.81460 1.25967
H 12.06540 15.27340 1.08230
H 17.60050 21.66960 1.11391
H 14.81520 19.97470 1.17910
H 3.81300 15.57000 1.09668
H 0.71647 15.61090 0.72476
H 2.27919 18.32790 1.42564
H 3.96766 21.00000 1.79916
H 0.72078 21.15060 1.19561
C 11.39380 -0.81424 1.52452
C 12.47900 2.16470 1.20984
C 10.06590 4.35436 0.48594
C 9.84187 7.46613 -0.95205
C 7.61646 9.79974 -0.71803
C 3.61212 8.44033 0.62856
C 1.09277 9.12580 -2.42421
C 22.87490 0.98364 2.65871
C 22.96950 4.08596 4.09747
C 23.34510 7.03840 3.32311
C 23.96190 12.44500 2.93280
C 18.42480 1.60381 2.40921
C 15.29100 0.13075 1.49758
C 18.16380 4.91451 2.59440
C 22.00700 9.89668 1.75214
C 18.57990 8.59218 2.74020
C 12.97630 5.60213 0.61418
C 22.23200 13.66110 2.81254
C 13.20430 8.85325 1.64843
C 22.10800 16.39570 1.51417
C 10.34230 10.53530 1.84326
C 22.11250 20.05100 2.63679
C 10.80500 13.57330 2.28166
C 7.94864 13.02530 1.94042
C 22.38270 23.22770 2.66154
C 13.93040 18.41240 2.87278
C 10.73670 16.67370 2.48940
C 13.80510 21.72650 2.58443
C 19.23780 -0.33949 2.36848
C 4.81069 12.48080 2.02761
C 4.82207 14.34260 2.93226
C 1.91277 14.35870 2.13436
C 6.97968 17.23490 3.67311
C 0.48018 17.25350 2.63441
C 8.75578 19.85580 3.55142
C 10.34170 22.79820 3.94682
C 8.14795 -1.24107 0.79394
C 9.40613 1.51815 0.66874
C 6.29159 1.31128 0.20216
C 3.23973 0.77506 -0.22743
C 7.99286 4.17942 -0.07808
C 4.71438 3.99543 -0.34524
C 1.65651 3.60326 -0.47509
C 6.42518 6.86966 -0.68609
C 3.22071 6.61562 -0.51361
C 15.22620 3.66696 1.82811
C 15.84550 6.82709 2.10706
C 19.28670 11.82540 2.50047
C 16.26590 10.30850 2.08172
C 19.46230 15.21180 2.67900
C 16.72820 13.43340 2.54936
C 13.69690 11.74020 2.25576
C 19.59660 18.33520 2.43685
C 16.76420 16.84320 2.72944
C 13.80830 15.09900 2.73382
C 19.49130 21.54780 2.64838
C 16.63450 20.00550 2.71488
C 3.62699 17.05730 3.03828
C 5.55155 20.07480 3.44437
C 2.00514 20.14440 3.03182
C 7.00165 22.64530 3.45162
C 3.79234 22.97050 3.18299
C 0.29792 23.11220 2.56672
C 22.16780 26.57160 -1.07116
C 19.81070 28.40770 -0.19948
C 14.16980 25.46660 0.42365
C 17.57380 30.27860 0.25546
C 22.52820 29.81630 -0.57534
C 23.14220 32.90630 -1.28905
C 22.76860 36.33760 -1.53075
C 24.44860 46.30560 -3.20866
C 21.40900 44.76870 -1.74679
C 20.60590 32.20620 1.21174
C 17.90250 33.49660 -1.31269
C 15.10010 31.40920 -1.12611
C 18.35240 35.55880 -1.07570
C 12.09970 34.60530 -1.04423
C 19.49570 38.56840 -1.15758
C 9.79041 36.79390 -1.18722
C 20.73520 41.82440 -1.58760
C 17.25770 41.10930 -1.55802
C 7.71215 39.34110 -1.42813
C 3.00887 39.36570 -2.56324
C 15.57960 43.96020 -1.50415
C 1.74349 42.95210 -2.38730
C 13.30850 46.16270 -1.74993
C 4.12356 44.68230 -2.87643
C 1.93412 47.32740 -3.06751
C 12.10660 24.76420 0.40247
C 11.23980 28.07890 0.50035
C 11.61370 31.28180 -0.45261
C 9.23163 30.50110 -0.11594
C 8.63048 33.51950 0.30173
C 5.01344 33.79350 -0.41279
C 6.97435 36.40600 0.90390
C 0.65218 36.75950 -1.29223
C 19.63960 24.85790 -0.42637
C 16.72440 23.56580 -0.21293
C 16.91750 26.98530 0.03970
C 15.24370 35.33180 -1.28615
C 16.39030 38.15750 -1.29734
C 13.27510 37.62180 -1.34982
C 14.25110 40.81950 -1.52469
C 11.11750 40.04810 -1.72643
C 12.19950 43.20550 -1.78965
C 8.96875 42.45980 -1.99772
C 5.63287 41.90370 -2.33873
C 10.13020 45.46730 -2.13973
C 6.89607 45.17570 -2.42868
C 4.98786 47.72890 -2.52126
C 9.02003 25.13470 0.29826
C 5.83703 25.36870 0.00873
C 2.70209 25.50680 -0.40126
C 7.64452 27.95060 -0.03735
C 4.44423 28.08590 -0.30453
C 1.40512 28.42250 -0.84142
C 6.06119 30.73370 -0.24328
C 3.03521 31.10870 -0.53532
C 1.86049 33.97250 -0.79582
H 0.09208 43.45040 -0.43919
H 23.17540 24.61200 0.45552
H 20.77230 26.53760 1.04110
H 15.11040 23.68300 1.64531
H 18.21350 28.27500 1.69054
H 15.50790 26.92160 2.21385
H 15.69910 29.33800 0.27094
H 23.56190 27.83740 0.54810
H 23.80240 31.24300 0.59172
H 21.05600 29.75040 1.50811
H 23.17180 41.12950 -1.53536
H 23.83360 44.37950 -1.75299
H 21.62200 43.29600 0.29403
H 19.42670 45.58600 -0.29615
H 18.84120 34.12760 1.06095
H 15.88620 33.52300 -0.12703
H 12.79630 33.15280 0.77605
H 19.87880 37.10580 0.32517
H 10.37580 35.25660 0.65090
H 20.74830 40.26420 0.35182
H 8.17940 37.73730 0.52541
H 18.68100 42.60740 -0.19336
H 5.75200 40.51240 -0.24122
H 1.43081 40.68730 -1.32347
H 16.61460 45.03440 -0.31643
H 3.83706 42.96900 -1.15077
H 14.43420 47.42980 0.08109
H 2.07619 45.31790 -1.60406
H 11.97140 23.10290 2.17486
H 8.86806 23.38800 2.06342
H 10.63960 26.08440 1.97251
H 12.68100 30.11780 0.94671
H 10.20030 32.08460 1.44096
H 7.58218 31.62150 1.25246
H 6.57188 34.51940 1.34576
H 3.24039 34.90360 1.09608
H 0.09702 35.04880 0.48182
H 1.79229 37.84870 0.18338
H 20.48710 23.14430 1.10701
H 17.97990 25.12060 1.27051
H 22.31750 46.12260 0.13363
H 16.71840 36.47910 0.41355
H 13.53790 35.96820 0.45552
H 17.68580 39.50220 0.36244
H 14.53280 38.97230 0.10762
H 11.33650 38.33370 0.04713
H 15.63450 42.01670 0.12070
H 12.41820 41.42370 -0.07586
H 9.21300 40.76560 -0.27406
H 13.55530 44.38430 -0.14052
H 10.26570 43.75780 -0.33190
H 7.00164 43.36650 -0.82234
H 11.30540 46.81550 -0.41849
H 8.25850 46.30980 -0.72713
H 5.08597 45.88840 -1.00320
H 5.63264 23.62890 1.68573
H 2.33757 23.86610 1.37068
H 7.39333 26.21300 1.68750
H 4.09315 26.38150 1.37522
H 0.96616 26.70920 0.85176
H 9.14082 28.91380 1.69686
H 5.95780 28.91150 1.42745
H 2.75521 29.25440 1.02815
H 4.47965 31.95440 1.27100
H 1.33724 32.19590 0.80937
C 22.80200 26.40120 2.41174
C 20.26490 27.95150 3.01619
C 14.48590 24.98490 3.56500
C 16.29720 29.38640 2.80867
C 23.05580 29.52260 2.32962
C 22.86430 33.08810 1.90841
C 22.25490 36.15750 0.47463
C 23.85460 44.27120 0.75830
C 20.84420 45.07930 1.87505
C 19.99770 31.47700 3.08804
C 17.27220 32.93280 1.91248
C 14.69720 31.61880 0.80144
C 18.49260 35.98670 2.24057
C 12.10990 35.04220 2.23853
C 19.42410 38.97500 2.05356
C 10.07390 37.33850 1.99962
C 20.14040 42.15380 1.96787
C 17.32830 41.44550 1.81471
C 7.22960 39.51030 0.46085
C 3.58344 39.42040 -0.57632
C 15.20450 43.98440 1.57769
C 2.16129 42.17100 0.52190
C 12.97330 46.26490 1.35583
C 3.54908 44.83230 0.42811
C 1.73874 46.88560 0.43248
C 12.32760 25.07620 3.54452
C 11.43760 28.43580 2.43863
C 12.15810 31.88430 2.81888
C 8.94134 30.84640 3.12325
C 8.95246 34.02840 2.14478
C 4.65118 33.78710 2.92888
C 3.75904 36.80220 1.54455
C 0.10556 36.99530 1.95347
C 19.95110 24.93910 2.72654
C 17.16990 23.39690 2.93258
C 17.24390 26.56270 3.21237
C 15.37930 34.96300 1.76729
C 16.18280 38.33750 1.92471
C 13.03180 37.98590 1.79437
C 14.01400 40.84600 1.63208
C 10.73040 40.35840 1.41502
C 11.95970 43.30740 1.39517
C 8.48350 42.61800 1.00582
C 5.32532 42.27760 0.82639
C 9.81644 45.64450 1.15020
C 6.57028 45.23000 0.73572
C 4.75353 47.65080 0.65489
C 8.86172 25.40530 3.50064
C 5.53481 25.60040 3.15608
C 2.21649 25.78320 2.81059
C 7.42456 28.11370 3.23526
C 4.07584 28.35500 2.87916
C 0.80222 28.56370 2.37456
C 6.00933 30.93270 2.90031
C 2.59201 31.13750 2.61402
C 1.57721 34.20610 2.30223
C 19.19670 47.70890 -1.88793
C 16.20540 47.22520 -1.77396
C 14.10580 50.01880 -3.11759
C 15.75560 53.38410 -1.80951
C 13.29350 55.71560 -2.42957
C 17.52170 56.28000 -2.14725
C 19.49260 59.18620 -1.96271
C 21.31470 61.99670 -2.00467
C 23.22920 64.59180 -1.94267
C 18.30180 61.95860 -2.01881
C 16.04830 60.04880 -1.39642
C 12.63710 59.72390 -2.57735
C 10.57980 57.39950 -1.67589
C 21.63960 67.26240 -2.00428
C 19.47250 65.07420 -1.46571
C 9.99272 61.22150 -2.21865
C 22.57980 70.30890 -1.76326
C 10.53240 64.31630 -2.42037
C 10.96650 67.42170 -2.60398
C 8.60723 69.46080 -3.12448
C 13.30160 51.90190 -3.12225
C 6.09190 50.65560 -2.35762
C 2.77564 50.22950 -2.46845
C 10.20430 54.31340 -2.68056
C 6.87045 53.31400 -2.51149
C 3.81277 53.04320 -2.50779
C 0.75514 52.42890 -2.44930
C 6.49021 56.37290 -1.27442
C 7.99610 58.28720 0.23408
C 6.50335 61.16830 -2.29300
C 8.44686 63.80010 -2.36390
C 7.57851 66.57560 -2.62451
C 6.38482 69.57370 -3.25841
C 22.13960 47.87570 -1.62466
C 20.58600 50.53910 -1.72006
C 17.17290 50.47940 -1.05350
C 22.28080 53.35740 -1.91355
C 18.99980 53.50690 -1.95076
C 20.72170 56.32280 -2.14650
C 22.71430 59.04520 -2.10509
C 16.17280 63.94640 -2.11044
C 13.23270 62.59920 -2.29942
C 19.30940 68.88280 -2.19576
C 16.61120 67.07840 -2.08289
C 13.50910 65.82410 -2.23253
C 16.78970 70.45830 -2.50572
C 13.99080 68.92600 -2.59043
C 11.43810 70.70170 -3.02018
C 11.21560 48.43770 -2.31785
C 8.06453 48.17310 -2.30310
C 9.29407 51.29550 -2.34308
C 2.46530 56.03560 -1.62463
C 4.50676 58.88050 -2.06560
C 1.20002 59.17140 -2.22541
C 3.37418 61.70510 -2.49236
C 5.35488 64.25010 -2.61095
C 2.10455 64.74420 -2.68413
C 4.21651 67.17570 -3.03995
C 1.14032 67.78510 -3.16010
C 3.26603 70.16180 -3.42425
H 1.13661 50.73580 -0.54883
H 17.45950 48.16290 -0.21310
H 15.35430 51.98970 -0.03406
H 14.58200 55.16230 -0.25427
H 16.09390 57.74560 -0.51409
H 21.21650 60.06850 -0.44415
H 18.14440 60.20710 -0.33012
H 22.98560 62.71400 -0.36507
H 12.97960 57.78280 -1.01810
H 11.44950 55.28310 -0.83897
H 21.64010 65.41920 -0.37822
H 19.68880 62.91290 -0.45872
H 16.50850 62.20830 -0.38962
H 13.84100 60.77720 -0.73008
H 10.99890 59.60810 -0.71913
H 22.99510 68.26990 -0.34138
H 11.32010 62.73590 -0.82768
H 11.53250 65.89230 -0.70643
H 8.98004 67.92260 -1.21124
H 9.43105 71.09840 -1.59351
H 12.53310 49.70960 -1.11969
H 3.12323 48.28750 -1.04656
H 10.49400 52.37900 -1.03614
H 7.47489 51.73790 -0.70355
H 4.31246 51.27010 -0.88813
H 8.37128 54.71830 -1.00599
H 5.35876 54.19290 -0.85569
H 2.28250 53.71990 -0.89887
H 6.84786 55.99100 1.29440
H 6.09044 59.69100 -0.26563
H 8.20896 62.06410 -0.78029
H 6.93337 64.99400 -0.82227
H 5.84421 67.95520 -1.54119
H 4.92517 70.98650 -1.78615
H 23.88970 48.75630 -0.09027
H 20.56610 48.71480 -0.00244
H 22.31310 51.48090 -0.30812
H 19.09610 51.75910 -0.03464
H 20.74670 54.50170 -0.40585
H 17.50600 54.54020 -0.40090
H 22.41880 57.18650 -0.57255
H 19.15130 57.25230 -0.54962
H 19.74880 67.20830 -0.49065
H 17.24710 65.37210 -0.56032
H 14.20540 64.16890 -0.56218
H 20.36350 70.34900 -0.60612
H 17.43880 68.95150 -0.74216
H 14.56140 67.39620 -0.75000
H 14.83780 70.66170 -1.08140
H 11.93460 69.16720 -1.19128
H 9.46833 49.38990 -0.77678
H 6.27195 48.84260 -0.77623
H 4.36242 57.12820 -0.42907
H 0.80412 57.74080 -0.54358
H 2.94094 60.07180 -0.65126
H 5.01165 62.50700 -0.92024
H 1.83511 62.96860 -0.95781
H 3.85568 65.55580 -1.14606
H 0.73079 66.22690 -1.28187
H 2.82760 68.58300 -1.62304
H 1.77845 71.54420 -2.08776
C 19.13310 47.42590 1.52894
C 16.03540 46.90550 1.49511
C 14.26190 49.84200 0.73904
C 15.97540 53.64040 1.43408
C 13.01640 54.61760 1.02046
C 17.26200 56.69160 0.98888
C 19.57140 59.06160 1.12454
C 21.28670 61.92100 1.17850
C 23.33650 64.65250 1.19460
C 18.27300 62.04020 1.24739
C 15.87000 60.06800 0.40924
C 12.78620 59.44510 0.93542
C 10.88450 57.36120 0.30671
C 21.47240 67.26530 1.20935
C 19.42560 65.07480 0.54352
C 10.06160 61.14130 0.66546
C 22.02020 70.01310 1.21498
C 10.41390 64.26750 0.83936
C 10.79170 67.69740 0.52387
C 8.25064 69.71930 0.20186
C 12.96970 52.18790 -0.97273
C 5.94643 50.63340 0.84091
C 2.85077 50.05430 0.73681
C 10.03090 54.07090 0.77676
C 7.05180 53.47550 0.82515
C 3.87419 53.02560 0.80836
C 0.79393 52.75160 0.92776
C 4.79795 56.17670 1.97048
C 8.13112 57.93210 2.20308
C 6.45952 61.39660 0.91401
C 8.37470 63.80270 0.84308
C 7.19121 66.78000 0.23048
C 6.18263 69.84420 -0.01609
C 22.30510 48.07180 1.63652
C 20.60810 50.81520 1.39810
C 17.26880 50.42230 0.85074
C 22.32150 53.37200 1.22937
C 19.08670 53.86990 1.35576
C 20.76130 56.23900 1.02144
C 22.73040 58.88790 1.09181
C 16.02030 64.02280 1.10224
C 13.05110 62.49790 0.83490
C 19.15580 68.95650 1.01087
C 16.46450 67.29580 0.81248
C 13.36930 66.00940 0.93981
C 16.45020 70.67480 0.72673
C 13.71130 69.17650 0.56878
C 11.16170 71.06480 0.22002
C 11.21290 48.87160 0.87285
C 7.97893 48.24150 0.77175
C 9.27259 51.21150 0.83064
C 2.21412 55.99410 0.33532
C 4.24012 58.95630 1.22444
C 1.03316 59.45130 0.86039
C 3.32733 61.98720 0.79122
C 5.07028 64.35210 0.66142
C 2.01422 65.07660 0.42817
C 4.14190 67.59950 0.16999
C 0.93523 68.25630 0.01536
C 3.02872 70.58280 -0.21019
C 8.95773 90.66840 -1.74749
C 10.56380 93.73510 -1.74712
C 7.21380 93.55170 -2.46208
C 4.07640 92.80480 -3.01010
C 0.70667 92.88460 -3.70785
C 4.71076 75.57680 -3.95365
C 9.35864 78.62620 -3.31890
C 6.07881 78.54130 -3.76062
C 2.83946 78.49400 -4.24180
C 11.28700 87.12670 -4.48260
C 9.75446 88.74620 -1.75060
C 6.09651 90.25850 -2.48678
C 2.79953 90.23110 -3.42202
C 23.05410 80.81990 -1.03786
C 19.45680 81.98230 -1.18274
C 16.34340 83.87990 -2.39365
C 13.09370 86.53230 -5.36871
C 12.73840 88.31950 -1.96700
C 12.14790 91.16700 -1.52430
C 14.43900 93.45760 -1.12598
C 17.03490 95.36990 -1.04239
C 22.63060 95.99400 -0.28193
C 22.99360 73.45090 -1.61830
C 23.20750 77.13990 -0.66513
C 20.51730 78.87580 -1.52677
C 8.49408 72.52670 -3.20351
C 14.64790 78.62350 -3.33464
C 12.57580 77.53490 -3.93932
C 7.78995 75.44230 -2.95194
C 15.50940 82.07940 -3.06980
C 5.49856 72.67910 -3.51704
C 2.38101 73.03330 -3.94976
C 5.41026 95.87210 -2.88501
C 2.20668 95.65640 -3.38589
C 7.47844 81.47210 -3.85011
C 4.36160 81.36080 -3.96982
C 1.17860 81.41010 -4.33581
C 9.15293 84.40920 -3.98112
C 5.97048 84.34580 -3.92069
C 2.70816 84.22640 -4.16398
C 7.60395 87.25160 -3.37266
C 4.42467 87.32860 -3.76826
C 1.17265 87.32340 -4.11047
C 22.05490 84.23760 -1.10715
C 19.12300 85.62290 -1.69800
C 15.89410 87.09080 -2.01263
C 21.43250 87.68420 -0.98637
C 18.41570 89.05350 -1.49623
C 15.30450 90.17320 -1.62591
C 23.94240 89.75330 -0.15891
C 20.94930 90.89860 -0.76752
C 17.77600 92.27760 -1.13984
C 23.25180 92.91450 -0.11344
C 20.30130 94.17070 -0.78798
C 19.84190 72.15010 -2.20618
C 20.28300 75.39400 -2.10506
C 17.26700 73.58600 -2.72683
C 14.24450 72.19510 -2.89200
C 17.34200 76.63660 -3.03434
C 14.67690 75.21610 -3.34328
C 11.57200 73.99460 -3.38639
C 17.67080 80.01430 -2.94522
H 10.19950 91.92630 -0.12328
H 6.99631 91.78190 -0.80381
H 11.72850 94.72420 0.28923
H 5.16438 94.10630 -1.16349
H 2.17265 93.70660 -1.78953
H 5.84215 76.69220 -2.12658
H 2.65874 76.86140 -2.80205
H 7.53835 79.75850 -2.03114
H 8.96751 82.61180 -1.96717
H 10.60360 85.38800 -2.91345
H 8.13540 89.24120 0.10870
H 3.98443 91.01480 -1.31262
H 0.76009 90.88010 -2.17518
H 22.20690 79.19520 0.17523
H 21.48130 82.51790 0.00941
H 17.87200 83.85190 -0.28751
H 15.04060 85.15660 -0.56824
H 13.56860 86.68180 -2.93211
H 11.45630 89.11320 -0.06678
H 13.70320 91.39290 -0.12167
H 16.29160 93.45710 0.56805
H 14.41320 95.44220 -1.06434
H 18.88230 95.55810 0.48070
H 23.47730 71.54970 -0.03332
H 23.47980 74.87230 0.52100
H 20.82400 76.67830 -0.28960
H 18.10930 78.42020 -1.50185
H 12.48540 75.62490 -2.25389
H 9.65346 74.26210 -1.78576
H 6.83022 73.55760 -1.67142
H 15.46000 80.18280 -1.46247
H 12.52750 78.78530 -1.69304
H 3.86689 74.00430 -2.23121
H 8.51100 94.54810 -0.59379
H 4.31932 79.62170 -2.50383
H 1.04569 79.52970 -2.77122
H 5.79655 82.51470 -2.28201
H 2.63255 82.40100 -2.50425
H 7.51618 85.37770 -2.30335
H 4.24612 85.23760 -2.41903
H 1.07844 85.27930 -2.65589
H 5.74273 88.04070 -1.78672
H 2.62715 88.09960 -2.21181
H 24.34910 81.24530 1.07609
H 23.49770 84.66880 0.91285
H 20.59310 85.74360 0.33841
H 17.62910 87.05660 -0.36010
H 14.61100 88.26830 -0.26093
H 22.89230 87.88870 1.05628
H 19.96650 89.00500 0.42718
H 16.93680 90.23450 0.11812
H 22.36000 91.06050 1.26269
H 19.40250 92.21720 0.61227
H 21.77810 94.33530 1.35403
H 20.76230 73.50410 -0.52705
H 17.70740 72.08440 -0.84903
H 17.98110 75.26950 -1.06317
H 15.16930 73.81630 -1.40612
H 12.24350 72.47770 -1.45544
H 15.26210 76.98030 -1.71394
C 8.30031 91.38790 1.24546
C 9.90443 93.95750 1.39362
C 6.67782 93.62390 0.72546
C 3.50236 92.92450 0.15586
C 0.37359 92.61760 -0.49509
C 4.26954 76.02280 -0.83481
C 9.28260 79.15510 -0.25187
C 5.77294 78.73820 -0.68971
C 2.58302 78.73770 -0.95034
C 12.80650 84.17260 -3.03028
C 9.52949 88.28230 1.56773
C 5.74915 89.80820 -0.07722
C 2.27923 89.92730 -0.40840
C 22.06420 80.96910 1.86914
C 19.08300 82.00100 0.88088
C 15.54430 83.13860 0.72666
C 12.63110 85.03760 -1.24745
C 12.55480 87.53580 1.08813
C 11.84730 91.04340 1.51745
C 13.88520 93.73570 0.85055
C 16.81120 95.00200 2.09211
C 22.06390 96.01310 3.03033
C 22.29490 73.30340 1.51643
C 22.59120 77.08780 1.38211
C 19.82580 78.78260 0.37629
C 8.49484 72.86730 -0.07047
C 13.84600 78.51000 -0.30045
C 10.36450 77.92330 -1.57778
C 7.84997 75.77580 -1.23029
C 14.03800 81.79780 -0.15007
C 4.90750 72.99070 -0.29040
C 1.84715 73.65130 -0.78191
C 5.03841 96.12600 0.23139
C 1.82051 95.59950 -0.20568
C 7.68851 81.96470 -0.71879
C 4.21207 81.46460 -0.79212
C 0.89734 81.32020 -1.10505
C 9.37880 84.90350 -0.64675
C 5.81809 84.39440 -0.71617
C 2.51509 84.32110 -0.89363
C 7.38492 86.90980 -0.37269
C 4.18276 86.97810 -0.53646
C 0.95970 86.97620 -0.84255
C 21.24490 84.08840 1.95918
C 18.27790 85.32150 1.39778
C 15.63250 86.47830 1.12360
C 20.75020 87.42820 2.18984
C 17.86130 88.58740 1.60077
C 14.87560 89.89140 1.51312
C 23.10520 89.47740 2.92816
C 20.16670 90.54010 2.29386
C 17.35400 91.73160 2.03043
C 22.63140 92.66130 3.07836
C 19.59080 94.02340 2.42418
C 19.38880 72.04210 0.92818
C 19.43530 75.11470 0.92792
C 16.70270 73.87570 0.48808
C 13.97820 72.43530 0.27310
C 16.79590 77.05820 0.19247
C 13.97710 75.57270 -0.21808
C 11.24870 74.41690 -0.20711
C 16.87480 79.93550 0.15092
C 37.70300 0.75447 2.14273
C 34.55660 0.67232 1.89050
C 38.74700 3.59663 2.27225
C 47.39130 9.82512 0.55192
C 44.35240 9.38986 1.00350
C 41.32530 8.92433 1.45778
C 42.21520 11.97350 0.95506
C 32.78950 -0.00368 2.74132
C 26.93730 1.22484 0.79528
C 35.15760 3.56976 2.87050
C 36.80390 6.14392 2.14464
C 38.28560 8.86134 1.45456
C 25.67450 9.36943 0.18172
C 40.10980 11.47500 0.98003
C 38.72910 14.29510 0.18516
C 25.95840 15.22630 -0.17407
C 27.59040 17.82030 -0.28541
C 35.58760 20.63590 -0.62733
C 32.29980 20.43570 -0.58358
C 29.07980 20.59390 -0.48114
C 25.32480 21.05830 0.12123
C 48.62880 11.49590 -0.10573
C 45.34260 12.62300 0.61502
C 43.92660 14.63840 -1.44615
C 42.60520 17.66270 -1.51167
C 39.63420 19.37260 -1.35901
C 39.58190 22.62880 -1.59828
C 46.83660 1.43301 2.28053
C 43.75400 1.06981 2.58899
C 40.88960 0.83280 2.52635
C 48.22610 4.31194 1.61537
C 45.07140 3.97627 2.02344
C 41.86630 3.59922 2.27505
C 46.43620 6.86167 1.34246
C 43.23200 6.47065 1.62417
C 40.00900 6.17686 1.90631
C 29.88020 0.84185 1.66625
C 31.81250 3.44067 1.96465
C 28.60050 3.83279 1.12429
C 25.44300 3.87581 0.56378
C 33.51270 6.15314 1.77768
C 30.30750 6.36269 1.16251
C 27.06080 6.44354 0.65039
C 35.09220 8.85703 1.20208
C 31.84440 9.01726 1.01201
C 28.81110 9.28643 0.62189
C 36.86190 11.62750 0.70652
C 33.60790 11.77010 0.58503
C 30.55920 12.08950 0.48585
C 27.49100 12.25690 0.23086
C 35.40490 14.42770 -0.01634
C 32.22220 14.72490 0.09515
C 29.10110 14.83410 0.11596
C 37.50520 17.08940 -0.40077
C 33.88400 17.41290 -0.53697
C 30.75760 17.72450 -0.21679
C 48.20280 14.57970 -0.67561
C 45.27120 16.30930 -0.85585
C 48.05360 17.84370 -1.29628
C 45.17880 19.42850 -1.29850
C 42.45110 21.20170 -1.87890
C 48.10310 20.90270 -1.77171
C 45.29360 22.44780 -2.06987
H 35.93970 1.41949 3.72044
H 40.29430 4.62958 3.83380
H 37.17990 4.35988 3.97210
H 48.04080 8.31199 2.56588
H 41.65920 7.36704 3.32426
H 46.00910 10.80290 2.03422
H 42.87450 10.40310 2.72711
H 29.60220 -0.69532 3.69195
H 26.79020 -0.76152 2.25075
H 31.39930 1.89250 3.55815
H 25.02000 2.00188 2.00634
H 33.10320 4.71561 3.79123
H 38.33880 7.28597 3.36597
H 34.94800 7.45989 3.26902
H 39.84940 10.05330 3.00168
H 38.47920 12.84420 2.23133
H 25.81120 13.37040 1.56781
H 40.04140 15.97360 1.67446
H 37.02830 15.49260 1.47486
H 35.68030 18.43210 0.74442
H 26.01520 18.93320 1.48391
H 33.94190 21.61540 1.11149
H 30.83380 21.30300 1.24907
H 27.69250 21.61800 0.63940
H 47.60160 13.42800 1.06123
H 44.61420 14.94050 1.11991
H 42.09430 16.05440 -0.69967
H 41.50730 19.56650 -0.22858
H 38.86400 21.19610 0.45004
H 23.87620 -0.93510 1.61665
H 47.12540 -0.13165 4.14505
H 44.01920 -0.54371 4.41201
H 40.84560 -0.95547 4.07296
H 37.86550 -1.22883 3.63249
H 48.48660 2.76969 3.52878
H 45.35910 2.42390 3.89336
H 42.25000 2.09223 4.19026
H 39.09040 1.74852 3.82963
H 46.65750 5.33530 3.24469
H 43.50720 5.00035 3.55870
H 44.79680 7.90725 2.91030
H 28.19470 2.09142 2.77998
H 29.93970 4.79524 3.02260
H 26.77410 4.83508 2.36308
H 31.74050 7.47794 2.94819
H 28.56380 7.56488 2.35907
H 25.31570 7.66868 1.97534
H 36.65050 10.14120 2.70492
H 33.41650 10.18030 2.50485
H 30.27120 10.45210 2.32335
H 27.13230 10.45800 1.95767
H 35.25650 12.92140 1.95178
H 32.14600 13.13230 1.99445
H 28.94670 13.24650 1.95352
H 33.91910 15.79730 1.47112
H 30.68290 16.07170 1.58523
H 27.55880 16.13660 1.51381
H 32.53640 18.73070 1.18035
H 29.13110 18.84560 1.28234
H 47.29040 16.61380 0.67966
H 44.15020 18.02450 0.50438
H 47.22560 19.70410 0.16633
H 44.27650 21.11850 -0.27150
H 41.60080 22.80300 -0.26167
H 47.09510 22.76930 -0.51623
C 37.62350 0.54103 5.33819
C 34.36430 0.17534 5.04938
C 38.68640 3.65352 5.40284
C 47.78840 10.52700 3.65610
C 44.88410 10.10010 4.08403
C 41.53040 9.44508 4.66388
C 42.22450 12.43560 4.09766
C 32.69140 1.25053 5.68934
C 26.31660 0.96587 3.85715
C 35.00790 3.50546 4.80379
C 36.58800 6.55372 4.95022
C 38.15380 9.44369 4.58970
C 25.23510 9.72969 3.35235
C 40.07920 12.24750 4.14229
C 38.69010 15.19190 3.36470
C 25.92040 15.32850 3.12653
C 27.23310 18.26010 2.77788
C 36.45710 20.88180 1.15788
C 32.85240 20.74760 2.68669
C 28.88080 20.76170 2.78015
C 25.39880 21.37310 2.04536
C 48.58880 12.29010 3.00461
C 45.58210 13.12560 2.50616
C 42.39630 14.90600 1.71276
C 41.96540 17.66280 1.39590
C 40.05090 20.11450 1.84374
C 39.96920 23.37100 1.59503
C 47.28800 1.85888 5.40842
C 44.12120 1.53633 5.76487
C 40.64730 1.04479 5.58052
C 48.59070 4.84763 4.72120
C 45.34050 4.55445 5.12141
C 42.01840 4.20703 5.38508
C 46.68380 7.43966 4.46019
C 43.55910 7.08696 4.87188
C 39.99650 6.70474 5.05790
C 29.26380 1.28422 4.89121
C 31.16340 3.99520 5.03260
C 28.05890 4.06470 4.29011
C 24.96890 3.81676 3.65084
C 33.13930 6.60419 4.83974
C 29.86560 6.91709 4.38985
C 26.66140 6.84906 3.81148
C 34.94080 9.30631 4.37483
C 31.71250 9.67047 4.14540
C 28.54510 9.62179 3.80881
C 36.79400 12.34780 3.84394
C 33.68400 12.30320 3.73030
C 30.58290 12.55210 3.68061
C 27.18690 12.47100 3.42201
C 35.42910 14.98980 3.26579
C 32.32090 15.26780 3.26085
C 29.02150 15.32310 3.29266
C 38.16550 17.67140 1.35505
C 34.43630 17.98020 2.67387
C 30.88110 18.15000 2.88519
C 48.47000 15.36200 2.37543
C 45.49520 17.01880 2.31043
C 48.46110 18.46540 1.89870
C 45.29140 19.88970 1.60445
C 42.43990 21.34220 1.29896
C 48.18800 21.64880 1.35492
C 45.25800 22.87860 1.08364
C 48.36790 30.56840 -1.14603
C 46.82480 33.14330 -1.44245
C 48.68250 35.97710 -1.72509
C 47.23240 38.89270 -2.06379
C 36.77610 23.84380 -1.50331
C 39.24610 26.43370 -1.37099
C 41.96840 27.98160 -2.20242
C 47.73200 27.64970 -3.01097
C 45.00150 29.61970 -2.56940
C 36.06310 25.88290 -1.82480
C 33.31540 24.08810 -1.11789
C 29.04040 23.77780 0.24140
C 39.71930 30.30690 -2.38300
C 36.68970 28.94850 -2.03189
C 27.34710 25.99980 -1.70322
C 43.34000 33.78820 -1.88699
C 40.19890 33.46720 -2.32822
C 24.97660 28.15690 -1.48206
C 41.08660 37.08940 -1.58327
C 38.26960 38.71130 -1.96897
C 36.36470 41.14710 -1.49466
C 33.37220 42.68560 -1.76244
C 30.22800 41.57000 -1.64837
C 28.00710 41.16350 -1.26648
C 23.86800 39.37280 -2.70662
C 25.10600 42.60100 -2.59599
C 30.43890 44.71940 -1.41745
C 27.10630 45.06040 -1.69734
C 31.82760 47.68280 -1.94730
C 45.01760 36.38230 -1.43098
C 43.82530 39.41190 -2.17093
C 40.66940 40.87110 -2.26708
C 46.04030 41.62480 -2.43538
C 40.10110 43.97390 -2.08057
C 36.94110 45.30780 -2.75868
C 34.26260 46.23490 -1.35180
C 46.22450 44.86160 -2.60210
C 42.33230 24.31750 -2.07083
C 48.07090 23.99340 -2.45486
C 45.04100 25.52800 -2.79272
C 33.52120 27.82290 -1.79074
C 30.50940 26.85130 -1.72949
C 37.11670 32.40900 -2.13271
C 34.01950 31.01260 -1.97453
C 30.93740 29.98800 -1.68536
C 27.92320 28.85800 -1.41868
C 37.66970 35.41700 -2.10797
C 34.64600 34.44080 -1.97748
C 31.46490 33.13600 -1.82652
C 28.57120 32.07010 -1.58008
C 25.57380 31.05740 -1.23776
C 35.39500 37.76550 -1.86954
C 32.23600 36.42630 -1.80103
C 28.97820 35.40130 -1.62392
C 26.09310 34.32120 -1.63482
C 33.07070 39.59700 -1.88622
C 29.87250 38.40130 -1.82372
C 26.35650 37.54070 -1.13432
C 28.65360 47.68520 -1.78964
C 43.10100 42.71890 -2.41274
C 42.88620 45.88790 -2.35559
C 39.95890 47.01690 -1.94139
H 46.82150 31.60460 0.69100
H 48.44220 34.29920 0.11178
H 47.06030 37.17670 -0.26825
H 38.66490 24.42010 -0.07206
H 41.52480 26.09000 -0.66211
H 40.18060 28.61890 -0.76920
H 46.98880 29.05040 -1.12110
H 43.99720 30.27550 -0.60695
H 37.30860 27.39270 -0.34069
H 34.29080 26.28680 -0.15969
H 31.22230 25.05780 -0.20141
H 40.97060 31.65780 -0.56617
H 37.92300 30.57350 -0.67098
H 28.85290 27.12610 0.04439
H 25.86550 26.04960 -0.10184
H 41.45660 34.83500 -0.81141
H 38.91020 36.84660 -0.59417
H 40.28570 39.14340 -0.61287
H 24.05030 34.44160 -0.05689
H 37.18050 42.08890 0.82130
H 31.22650 39.79730 -0.30554
H 28.22690 38.90550 -0.01872
H 23.94220 38.10000 -0.36574
H 34.84730 44.07780 -0.29844
H 31.62260 42.97630 0.05470
H 26.74650 43.14460 -0.66404
H 32.14440 46.03960 -0.14068
H 28.85740 45.92050 0.05945
H 45.28720 34.11920 -0.16149
H 43.22370 37.80040 -0.64448
H 45.58570 40.00860 -0.50191
H 42.56160 40.94680 -0.71257
H 39.70620 42.20520 -0.19335
H 37.53380 43.48860 -1.70510
H 45.08690 43.14670 -1.20397
H 44.36610 24.26530 -0.71069
H 47.07980 25.88850 -1.40161
H 44.28960 27.30340 -1.66592
H 34.89280 29.37530 -0.31132
H 31.81370 28.29860 -0.06152
H 38.44940 33.74620 -0.50824
H 35.30860 32.52080 -0.52780
H 32.29270 31.42840 -0.21244
H 29.23600 30.33740 0.05348
H 26.30860 29.18650 0.31806
H 35.94260 35.83180 -0.40215
H 32.81920 34.55780 -0.33080
H 29.81940 33.59960 -0.06192
H 26.72560 32.58580 0.00950
H 36.60790 39.07590 -0.22782
H 33.55030 37.82210 -0.26633
H 30.45870 36.70070 -0.10683
H 27.50820 35.68890 0.02911
H 34.25000 41.00180 -0.19046
H 25.61360 45.96860 0.28612
H 42.14690 44.22210 -0.75734
H 39.34580 45.41780 -0.16453
H 36.48690 46.67150 -0.65351
H 44.94520 46.29710 -1.00551
H 41.96700 47.37740 -0.58095
C 48.16970 30.87050 2.01098
C 46.73730 33.87470 1.86294
C 48.52040 36.36810 1.56043
C 47.04680 39.18720 1.27233
C 36.94280 24.24790 1.73247
C 39.43480 26.68350 0.51196
C 42.49780 28.29800 -0.11826
C 48.03570 27.70570 -0.00915
C 45.41740 29.47650 0.89894
C 36.16750 26.22760 1.50637
C 33.53930 24.08680 0.74379
C 30.66250 23.35640 1.92788
C 39.90030 30.43740 0.89880
C 36.84630 29.22840 1.18047
C 27.87120 25.36650 1.40275
C 43.24850 32.69760 -0.12133
C 40.57210 33.83320 0.87312
C 25.54360 27.65050 2.00836
C 41.14910 37.03680 0.25684
C 38.49840 38.65230 0.99523
C 36.07740 40.77440 1.54938
C 33.87640 42.94730 1.36312
C 30.76290 41.51420 1.55624
C 27.80210 41.20230 0.63229
C 22.56260 39.42100 0.34753
C 24.61460 42.23780 -0.71578
C 30.75080 44.97390 1.46408
C 27.38720 44.40310 1.40061
C 31.87840 47.92880 1.42113
C 44.80470 36.27620 0.55859
C 43.59270 39.27400 0.86455
C 41.10030 40.47830 1.19762
C 45.58320 41.98600 0.92250
C 40.78900 44.05370 1.31087
C 37.11650 44.66760 0.54597
C 34.46390 46.31040 0.66429
C 46.42180 44.72690 0.34482
C 42.58740 24.77040 0.92328
C 47.88440 24.75480 0.63747
C 45.34850 26.21220 0.29760
C 33.73670 28.16120 1.45067
C 30.86790 26.57620 1.51445
C 37.29140 32.24440 1.02353
C 34.26750 31.16070 1.26518
C 31.15670 29.97730 1.54286
C 28.34660 28.69430 1.69145
C 37.90690 35.54150 1.14209
C 34.77260 34.31170 1.13418
C 31.76170 33.19320 1.44705
C 28.67550 32.21780 1.55549
C 25.89950 31.06640 1.83652
C 35.43770 37.57700 1.29715
C 32.40350 36.33780 1.33570
C 29.27710 35.39910 1.65564
C 26.03270 34.37850 1.59397
C 33.03190 39.66440 1.33510
C 30.10200 38.55870 1.53196
C 26.21810 37.69050 0.77650
C 28.73130 47.71900 1.35028
C 43.49260 42.62430 0.65570
C 43.31200 45.80440 0.77095
C 40.33060 47.18640 1.27632
H 36.38370 60.68770 -0.94503
H 33.82280 59.02980 -1.26010
H 39.53130 64.11860 -0.96361
H 36.45880 63.48540 -0.94736
H 43.64540 68.51650 -0.08617
H 40.21120 67.26880 -0.81664
H 28.58180 63.16370 -0.38182
H 43.86350 71.63840 -0.00526
H 24.93070 65.68430 -0.34565
H 26.03180 68.98950 -0.14030
H 27.06720 71.89370 0.64808
H 33.59940 62.17070 -0.87852
H 37.21080 66.38440 -0.73842
H 34.12530 65.53140 -0.66443
H 31.22630 64.40620 -0.42105
H 40.99010 70.39770 -0.52491
H 37.89390 69.45350 -0.45703
H 34.79570 68.51220 -0.54348
H 31.57310 67.49140 -0.36536
H 28.46800 66.37560 -0.34347
H 35.54200 71.61650 -0.30050
H 32.52170 70.63700 -0.05857
H 29.16120 69.66730 -0.18537
C 46.17550 67.50650 -2.39304
C 48.35220 69.72200 -0.91909
C 34.13520 50.51900 -1.19068
C 35.07080 53.79550 -2.74636
C 33.34900 56.66170 -1.86312
C 30.10470 56.10210 -1.93707
C 29.85830 59.31580 -1.84140
C 27.56680 61.73890 -2.06758
C 24.54950 61.79870 -2.06460
C 36.14340 58.50860 -2.04107
C 38.37210 61.98680 -1.69803
C 35.28280 62.04010 -2.66338
C 32.55020 60.74990 -2.59201
C 42.57380 66.83000 -1.73641
C 38.92060 65.84080 -2.53948
C 30.17820 62.92130 -2.12875
C 43.02360 70.31400 -1.87916
C 26.98130 64.68690 -1.33691
C 24.89860 67.59440 -1.89851
C 25.64580 71.10690 -1.36291
C 37.19000 48.63270 -1.87619
C 36.97330 51.66650 -1.50820
C 36.46520 55.33990 -2.46802
C 39.21340 56.81970 -2.12354
C 41.54810 58.99460 -1.51432
C 47.29030 59.33010 -1.36025
C 41.65300 62.79280 -2.06439
C 46.54080 62.62910 -1.36984
C 44.75390 63.93900 -1.35361
C 25.24210 47.46870 -1.71788
C 30.40660 50.39210 -2.04989
C 27.07160 50.37700 -1.98176
C 23.80110 50.45630 -1.88795
C 31.78330 53.18320 -2.15074
C 28.70810 53.27520 -2.04511
C 25.49670 53.28580 -1.99757
C 27.15970 56.07170 -1.93362
C 24.05150 56.15270 -2.00966
C 26.06000 58.85440 -1.91283
C 35.79220 65.34840 -2.45008
C 32.89330 64.09360 -2.18682
C 39.65190 69.13720 -2.23340
C 36.61610 68.30160 -2.18070
C 33.32500 67.28160 -2.12221
C 30.15370 66.13600 -1.96890
C 37.20760 71.25720 -2.06521
C 34.10720 70.47260 -1.91194
C 31.05510 69.48640 -1.77738
C 27.84370 68.36980 -1.82336
C 31.79590 72.45520 -1.47335
C 28.61030 71.74970 -1.39123
C 45.60410 47.91770 -2.38788
C 42.71030 49.16250 -2.13572
C 39.85250 50.18160 -1.94263
C 45.43130 51.30160 -1.91183
C 42.52620 52.22460 -1.84313
C 39.58940 53.56140 -2.10916
C 45.18930 54.22810 -1.59648
C 42.27950 55.45080 -1.87911
C 47.53790 56.10980 -1.52139
C 44.70760 57.49230 -1.60996
C 44.16560 60.63680 -1.53139
H 46.75170 65.37670 -1.35421
H 48.39670 67.53460 0.44558
H 46.48250 70.02240 0.16067
H 33.53280 48.33500 -0.32215
H 31.96340 51.41790 -0.39033
H 33.46270 54.34580 -0.90828
H 31.51550 57.10890 -0.16610
H 30.82610 60.99580 -0.85998
H 27.79700 59.95250 -0.56180
H 26.05940 62.63330 -0.37405
H 36.19920 49.73480 0.05036
H 47.52340 48.17420 -0.66011
H 38.74980 51.86920 -0.53797
H 38.33730 55.10650 -0.73900
H 35.46430 56.63140 -0.69438
H 38.11540 58.36810 -0.40991
H 40.64100 61.18690 -0.98749
H 46.04820 60.77160 0.10033
H 43.30330 62.39620 0.10013
H 30.32160 48.75290 -0.29964
H 27.02970 48.65650 -0.24067
H 28.75840 51.39370 -0.56173
H 25.46940 51.45640 -0.37985
H 30.28470 54.19730 -0.41104
H 27.15980 54.19600 -0.38623
H 23.91090 54.30100 -0.40452
H 28.62930 56.90330 -0.11551
H 25.60100 57.03680 -0.29593
H 24.35060 59.93380 -0.45286
H 39.04680 48.59160 -0.27039
H 44.63990 49.40220 -0.61341
H 41.64410 50.54800 -0.28116
H 47.28390 51.31140 -0.29437
H 44.24810 52.52080 -0.11327
H 41.33320 53.79540 -0.30642
H 46.85650 54.39000 0.19466
H 43.91160 55.70310 -0.09350
H 40.97300 56.89370 -0.34390
H 46.47720 57.57450 0.22151
H 43.53300 58.81500 0.01791
C 46.04980 67.60910 -0.28258
C 47.86920 69.17520 2.12967
C 33.94290 50.43980 0.80119
C 35.26410 53.42630 0.44581
C 33.39230 56.40550 0.65885
C 30.13880 55.80700 1.43877
C 29.89910 58.94500 0.22547
C 27.63940 61.58440 1.19789
C 24.47550 61.70690 1.22936
C 35.75340 58.74710 0.36028
C 38.54470 60.72000 0.21784
C 35.35520 62.02280 0.81309
C 32.72910 60.33210 0.56463
C 42.35540 66.28620 0.07927
C 39.05890 65.67460 0.85710
C 30.42730 62.60700 0.98611
C 42.73060 69.83690 1.23053
C 26.96650 64.62840 0.58722
C 24.59080 67.50870 1.38963
C 25.09710 70.62510 1.58875
C 37.24560 47.88860 1.31205
C 37.36180 51.05580 1.53156
C 36.44840 55.18520 0.88844
C 38.87980 56.94530 1.02182
C 41.22660 59.21100 0.49270
C 47.27140 59.36490 1.77724
C 41.11280 62.86350 0.88918
C 46.46830 62.49890 1.83927
C 44.71690 63.64020 1.79287
C 25.53530 47.98590 1.62931
C 30.46020 50.79850 1.19173
C 27.21430 50.55350 1.17981
C 23.89570 50.66520 1.42258
C 32.13790 53.43610 0.99069
C 28.74740 53.15940 1.14692
C 25.44950 53.35680 1.25427
C 26.96220 55.93200 1.36558
C 23.87470 56.14810 1.15885
C 26.13380 58.87770 0.96572
C 35.92720 65.07980 0.92736
C 33.17840 63.90590 0.89462
C 39.76920 68.93950 1.05592
C 36.65060 68.00310 1.02915
C 33.48370 67.12650 1.06104
C 30.25700 66.02830 1.22468
C 37.54860 71.20420 1.14408
C 34.47890 70.10160 1.33134
C 31.05140 69.28610 1.35904
C 27.88000 68.12450 1.33159
C 31.91200 72.34020 1.67580
C 28.68070 71.26850 1.79825
C 45.81330 47.74950 0.87321
C 42.87040 48.94460 1.05189
C 39.61750 50.37310 1.22559
C 45.36200 50.86340 1.27423
C 42.29650 52.30380 1.37102
C 39.28810 53.64310 1.03198
C 44.82240 54.09640 1.57347
C 41.92680 55.53400 1.37186
C 47.64810 56.08940 1.82257
C 44.52680 57.29390 1.69205
C 44.13470 60.51050 1.71417
H 41.57360 73.57380 -1.13198
H 39.19640 75.73590 -0.73080
H 37.00190 77.83960 0.48746
H 25.57050 73.62520 -1.49214
H 34.78170 79.91120 1.19259
H 31.58920 78.92890 1.12380
H 28.60460 78.05980 0.07886
H 25.66690 76.94350 -0.62777
H 38.59490 72.63600 -0.63263
H 36.19700 74.78770 -0.22403
H 33.21280 73.75490 0.11931
H 30.07720 72.71300 0.31021
H 33.90790 76.92090 0.41878
H 30.89240 75.97880 0.55913
H 27.84810 75.03020 0.15064
C 43.06650 90.11270 2.42586
C 35.93770 90.25210 2.73231
C 47.43490 93.81420 2.71023
C 44.74180 92.73830 3.97204
C 41.55490 93.05100 2.51401
C 38.41250 92.77810 1.95284
C 34.55860 92.88340 2.63409
C 33.58190 94.62270 1.97504
C 45.58650 75.25310 1.78871
C 42.47920 76.77120 2.31078
C 40.56830 79.20830 0.76188
C 37.79090 81.43860 -0.06727
C 37.91310 84.40020 0.90408
C 37.94570 87.70390 2.00007
C 39.93450 89.36330 3.56902
C 46.06960 88.85940 2.38844
C 46.05250 72.24680 -1.01898
C 28.96750 -1.06003 1.21690
C 25.63140 79.43460 -0.02404
C 30.79580 80.89760 1.35348
C 28.05390 81.91310 0.51539
C 34.84590 84.03740 2.97402
C 32.48200 85.86340 1.92106
C 35.03550 87.35820 2.21954
C 32.18790 89.17160 2.00866
C 31.58380 92.32700 3.31931
C 29.14910 93.39530 1.99508
C 43.42110 73.24800 -1.88679
C 40.98480 75.48630 -2.54659
C 38.39120 77.63720 -1.75590
C 26.71610 74.42540 -3.05782
C 36.48010 80.01920 -0.68027
C 30.36780 77.95020 -0.90742
C 27.32550 76.59710 -1.80045
C 45.62480 96.23390 2.77908
C 42.70820 95.80880 2.81360
C 39.65560 95.72170 2.23571
C 36.62980 95.65210 1.70948
C 46.00410 78.90820 1.74140
C 43.38130 80.73360 1.41495
C 40.71080 82.64880 1.06815
C 46.11970 82.44850 2.00158
C 43.33470 84.10870 1.79879
C 40.46640 85.85580 1.92364
C 45.94320 85.67630 2.14229
C 43.15670 87.20510 2.17360
C 25.15830 83.19920 -0.18120
C 30.33310 84.11230 1.30411
C 27.46950 85.24830 0.47084
C 24.48610 86.57640 -0.29881
C 29.70490 87.27850 1.33341
C 26.83420 88.50090 0.61279
C 29.19030 90.49140 1.53784
C 26.41540 91.85410 0.74659
C 25.63900 95.24110 1.01698
C 40.25870 71.97660 -2.36340
C 37.66670 74.37400 -2.14276
C 34.75100 73.46910 -1.74224
C 35.62080 76.85000 -1.29873
C 32.63690 75.77400 -1.20207
C 29.84720 74.65680 -1.21057
C 33.23990 78.98340 -0.71445
H 41.34320 91.35680 3.87084
H 38.09950 91.02930 3.82061
H 46.07120 94.72270 4.60892
H 36.50690 93.73140 3.34233
H 32.90300 94.06470 4.32910
H 34.72930 96.34170 3.12793
H 44.83730 77.42510 3.01100
H 42.09360 79.18440 2.86442
H 39.41070 80.87800 1.78234
H 36.59940 82.46370 1.96436
H 47.53350 78.95040 3.94667
H 36.72530 85.62670 2.57669
H 36.52710 88.19000 3.88787
H 39.36950 86.93480 3.85824
H 44.53100 90.33970 3.91038
H 47.03150 91.89860 4.30013
H 46.59320 72.93640 1.21413
H 24.75210 78.16250 1.97844
H 27.22470 80.26670 1.84390
H 29.30020 82.35160 2.63450
H 31.53870 84.10390 3.54490
H 33.98760 85.96800 3.98290
H 33.85480 89.10260 3.52711
H 30.62170 90.43670 3.54321
H 27.57930 91.67120 2.98682
H 24.81750 93.00840 1.83687
H 29.58600 93.78100 4.11961
H 42.77800 94.23450 4.39028
H 39.57640 93.88980 3.85703
H 44.97870 80.64340 3.28309
H 42.24310 82.26610 3.01725
H 39.41610 83.87010 2.84355
H 47.78270 82.10860 3.79971
H 45.05560 83.88510 3.60903
H 42.21560 85.37300 3.52618
H 47.87380 85.35880 3.67794
H 44.92000 87.09530 3.87070
H 42.17180 88.46890 4.06406
H 47.68290 88.79960 3.75221
H 26.49540 83.43770 1.82455
H 28.75260 85.43580 2.58973
H 25.86090 86.55610 1.75144
H 31.20030 87.29680 3.31178
H 28.19280 88.58170 2.74609
H 25.33110 89.85430 1.82533
C 42.77420 90.21490 5.68861
C 35.70360 90.29380 4.63162
C 47.92610 93.63680 5.79339
C 44.47890 93.32690 5.82653
C 41.02230 93.07490 5.68528
C 37.84550 92.69320 5.26889
C 34.51580 94.13520 6.11638
C 31.34900 95.64510 4.69248
C 46.16730 75.35240 3.65575
C 42.46370 77.07640 4.19542
C 40.09130 79.65480 4.07575
C 37.16540 80.83790 3.01389
C 37.44180 83.80890 4.10271
C 37.31840 86.12100 4.89583
C 40.09290 88.51070 5.41532
C 45.82980 88.74230 5.41702
C 45.32210 71.38650 2.03641
C 27.98240 95.87320 4.21160
C 24.79010 79.72900 3.03508
C 30.85370 80.64430 3.46243
C 27.13790 81.92970 3.71883
C 32.59900 81.82310 3.84714
C 31.84310 85.91170 5.27688
C 34.63480 87.50210 5.32030
C 31.97860 88.91610 5.04837
C 31.29990 92.30590 5.10168
C 27.89680 92.91640 5.23537
C 42.68700 73.32180 1.11090
C 41.73820 76.00420 -0.77481
C 39.00830 77.25140 1.45019
C 25.78670 73.99770 1.10697
C 35.88220 79.15010 2.41136
C 29.92020 77.51330 2.24814
C 26.90440 76.78260 1.66264
C 45.80810 -1.11983 5.97494
C 42.37230 96.07890 5.88317
C 39.22750 95.72390 5.49868
C 35.98410 95.44700 5.00499
C 45.55550 78.96190 5.09053
C 42.95500 80.62590 4.68116
C 40.10270 81.78620 4.02153
C 45.75850 82.10210 5.14134
C 43.06770 83.52270 4.93594
C 40.14450 84.94640 4.89717
C 45.96000 85.29510 5.30925
C 43.07910 86.68640 5.42937
C 24.25580 83.10790 2.68535
C 29.58710 83.98960 4.51754
C 26.60650 85.08950 3.63447
C 23.62190 86.20050 2.75316
C 29.00240 86.95120 4.41936
C 25.91370 88.20880 3.57907
C 28.72400 90.11700 4.62060
C 25.41000 91.40350 3.79458
C 25.18830 95.22570 2.88998
C 40.69870 72.42250 0.83367
C 38.16160 74.32060 1.13776
C 35.24930 73.34230 1.42017
C 35.70340 76.13500 1.78456
C 32.76150 75.35910 1.91869
C 29.48200 74.42990 1.93101
C 33.22450 78.18870 2.46591
C 54.11790 -0.93594 1.94578
C 51.30810 95.90510 3.40339
C 48.60510 -0.90590 2.39647
C 54.93160 4.59668 0.97809
C 51.95240 4.84712 1.99474
C 49.49280 7.13645 0.77012
C 59.32080 0.72739 0.50509
C 58.24690 3.78039 0.33893
C 57.21450 6.69246 0.04882
C 59.51060 8.87890 -0.73692
C 71.02290 10.45670 -3.70306
C 67.79300 10.75270 -2.32192
C 64.42210 11.46020 -0.96524
C 60.35330 12.09010 -0.71817
C 70.76830 13.74670 -2.80297
C 67.54080 12.84020 -2.42525
C 65.63220 15.19170 -2.26392
C 62.53040 14.60250 -2.24942
C 63.25060 17.87420 -2.31090
C 61.48250 20.48120 -2.38412
C 62.76730 23.05680 -2.85337
C 59.48380 23.07170 -2.36296
C 53.58910 7.87579 1.17815
C 51.51400 9.99161 -0.02609
C 56.73770 9.82701 -0.31622
C 56.59560 13.10470 -0.92304
C 58.87590 14.89520 -1.94041
C 59.97460 17.81390 -2.01172
C 56.33840 19.54510 -2.73278
C 56.59430 23.56040 -1.99398
C 56.08540 1.52533 1.12021
C 53.14840 1.84468 1.82238
C 50.09660 1.67295 2.10002
C 68.62180 96.26180 -0.49373
C 65.52590 -0.56016 -0.21398
C 62.57030 0.19823 0.17885
C 70.77660 1.18770 -0.70867
C 67.75790 1.80473 -0.49749
C 64.59890 2.46320 -0.23530
C 61.53480 3.20374 0.05681
C 69.83070 4.12102 -0.63652
C 66.85330 4.83093 -0.49598
C 63.68400 5.52015 -0.42180
C 60.49150 6.11844 -0.26856
C 72.21910 6.65233 -0.95152
C 68.93680 6.83904 -0.78524
C 65.68920 7.97272 -0.95970
C 62.46220 8.54586 -0.91939
C 72.13180 16.76870 -2.51129
C 68.82410 16.19110 -2.46895
C 70.09840 18.94690 -2.61602
C 66.72310 18.21210 -2.50943
C 71.17540 21.86650 -2.85254
C 67.97550 21.24840 -2.78963
C 64.66360 20.74560 -2.57015
C 54.04510 11.60200 -0.36044
C 51.19740 13.12220 -0.63170
C 53.71550 14.74320 -1.11743
C 50.90280 16.34850 -1.31056
C 56.37500 16.25850 -1.92441
C 53.49740 17.96780 -1.94190
C 50.65190 19.68510 -1.84022
C 53.57460 21.26690 -2.31110
C 50.87660 22.75240 -2.12745
H 56.20600 -0.15679 2.80895
H 53.29010 0.43124 3.90221
H 55.02170 2.90347 2.86617
H 54.02910 6.00960 2.80608
H 51.19620 8.23992 1.74212
H 59.13370 -0.91432 2.33890
H 58.19720 2.15693 2.13808
H 57.08060 5.15923 2.02767
H 59.21760 7.39729 1.35547
H 56.03140 8.18278 1.26105
H 70.71920 7.82662 0.68626
H 67.61730 8.49424 0.79576
H 64.51250 9.32979 0.37274
H 60.92420 9.96332 0.52615
H 71.41540 11.85790 -1.62279
H 72.25090 14.77080 -1.10918
H 69.07320 14.21770 -0.98609
H 65.92270 13.41020 -0.60820
H 63.88700 16.05560 -0.78340
H 61.71720 18.81000 -0.57636
H 59.97190 21.35300 -0.47283
H 53.37980 10.32400 1.65782
H 50.51150 11.85530 1.43283
H 56.00620 12.08280 1.01636
H 58.71680 13.76960 0.28153
H 60.88630 15.82040 -0.83139
H 58.29660 16.82370 -0.52194
H 58.16870 19.67610 -1.98987
H 55.54000 21.47270 -1.23052
H 52.80370 23.04160 -0.67139
H 50.12850 0.15978 3.97998
H 51.63820 2.97008 3.54121
H 49.72710 5.54775 2.65993
H 70.53580 -0.70325 0.86154
H 67.52480 -0.00409 1.12543
H 64.48610 0.75211 1.59394
H 61.18370 1.47327 1.76208
H 69.65670 2.40163 1.05058
H 66.46840 3.13308 1.14789
H 63.41740 3.85179 1.46522
H 60.24570 4.49706 1.63751
H 71.76010 4.82040 0.68485
H 68.66860 5.37903 1.13796
H 65.47310 6.24556 0.92100
H 62.33480 7.02278 1.06039
H 62.58430 13.03960 -0.27753
H 70.34240 17.19990 -0.83161
H 67.09190 16.51440 -0.73225
H 71.52000 20.22580 -1.05896
H 68.29170 19.51050 -1.03928
H 65.01360 18.97860 -0.92648
H 69.37990 22.54670 -1.29417
H 66.28090 21.96990 -1.22580
H 63.06960 21.51570 -0.91273
H 53.08150 13.51720 0.89742
H 50.27360 15.03110 0.70132
H 55.72090 15.15170 0.24405
H 52.88680 16.67720 0.14036
H 50.05080 18.20740 0.03560
H 55.61000 18.25990 -0.73973
H 52.75700 19.78600 -0.47254
H 49.96640 21.45420 -0.27457
C 55.05690 -0.23292 5.03562
C 51.94900 -1.08851 5.09551
C 48.79290 -0.83937 5.75739
C 55.50670 5.11422 4.04434
C 51.91620 5.41131 3.82275
C 49.81570 7.72543 3.88256
C 59.70180 1.05198 3.64851
C 58.63490 4.09715 3.52153
C 57.47900 7.34823 3.09958
C 60.09570 9.37288 2.62006
C 70.43600 10.03390 -0.45053
C 68.34470 10.71640 -0.17347
C 64.50820 11.86710 0.86250
C 60.53900 12.40450 1.10357
C 70.72030 13.47950 0.39222
C 67.55450 13.20100 0.85670
C 65.57010 15.39350 0.86809
C 62.45270 14.82070 0.91460
C 63.60550 17.94040 0.79326
C 61.87430 20.66680 1.11950
C 63.07720 23.51420 0.48336
C 59.96010 23.53050 0.85633
C 54.17940 8.41581 3.01740
C 51.48920 10.29180 3.21525
C 57.42640 10.37350 1.39200
C 57.02660 14.01440 2.06152
C 59.48060 15.58810 1.25152
C 59.35780 18.95670 0.15728
C 56.79120 20.27350 0.21708
C 56.50470 23.46660 -0.02615
C 56.75870 1.85964 4.11061
C 53.63510 2.65914 4.95542
C 50.27610 2.35119 5.16884
C 68.99140 -1.11662 2.77191
C 66.03850 -0.45726 3.07583
C 62.73620 0.32470 3.26803
C 71.13270 1.06613 2.48982
C 67.99170 1.90245 2.63024
C 64.92000 2.67814 3.02445
C 61.74110 3.39184 3.23900
C 70.31760 4.18802 2.56381
C 66.79850 5.04622 2.63619
C 63.81720 5.93473 2.71856
C 60.78400 6.53901 2.95620
C 72.21120 6.63962 2.41655
C 69.13490 7.31908 2.57477
C 66.00860 8.35610 2.35775
C 62.74850 9.15941 2.19669
C 72.18880 16.39390 0.63422
C 68.86460 15.99060 0.77167
C 70.05930 19.14290 0.62290
C 66.91400 18.48940 0.63568
C 71.17580 22.14220 0.35370
C 68.00410 21.49100 0.44270
C 64.88870 20.96050 0.53961
C 54.15900 12.21880 2.72046
C 51.33600 13.82430 2.62733
C 54.00540 15.51860 1.96354
C 51.17800 16.93940 1.87898
C 56.64180 17.11530 1.22795
C 54.08720 18.59260 1.19029
C 51.12360 20.04690 1.35036
C 53.95070 21.68290 0.75486
C 50.97240 23.36000 0.91024
C 73.39050 28.33830 -2.96568
C 62.67680 26.15860 -1.88577
C 70.32170 29.45480 -4.06130
C 67.23220 29.24160 -3.65144
C 64.20120 29.00310 -2.95672
C 58.78050 26.37780 -2.57843
C 55.56390 27.46630 -2.48684
C 52.20270 28.28120 -1.86155
C 60.69060 29.14610 -2.59689
C 51.34480 30.55180 -1.33377
C 62.32840 31.84770 -2.80652
C 64.29660 34.53800 -3.42446
C 63.89220 37.97900 -1.87250
C 62.08480 40.75310 -2.17154
C 48.75680 41.98160 -1.78117
C 60.51550 43.54830 -2.23260
C 57.47510 43.92200 -2.16601
C 51.52910 44.27010 -2.34133
C 56.48510 47.10610 -1.69669
C 52.56010 47.23970 -2.16330
C 50.73560 25.45900 -2.82733
C 70.11720 32.76600 -2.84134
C 67.17230 32.16140 -3.09322
C 68.63640 35.48190 -2.18941
C 67.15830 38.01450 -2.02390
C 65.58010 40.82580 -1.96987
C 63.95050 43.48570 -2.21320
C 62.42420 46.22060 -2.24488
C 49.00190 46.47160 -1.85676
C 72.35780 25.07950 -3.17650
C 68.93500 24.19690 -3.07181
C 65.95360 23.53400 -3.04079
C 69.81610 27.34710 -3.44650
C 66.25410 26.61260 -3.02870
C 57.60670 29.81720 -2.41813
C 54.43170 30.43670 -1.92333
C 59.24090 32.41110 -2.33545
C 56.37020 32.86710 -2.04015
C 53.29730 33.05520 -1.68099
C 50.08470 33.31220 -1.45631
C 61.22090 35.20690 -2.52455
C 58.13920 35.50210 -2.13350
C 54.98410 35.72410 -1.83401
C 51.74760 36.03090 -1.79969
C 60.11170 37.96780 -2.09786
C 56.81400 38.36140 -1.98933
C 53.68530 38.64730 -1.84036
C 50.55150 38.75350 -1.92582
C 58.62200 40.97320 -2.17226
C 55.55140 41.24060 -1.98642
C 52.51300 41.33750 -2.16822
C 54.13850 44.15740 -2.10544
C 53.61130 24.53030 -2.45429
C 71.93230 35.40520 -2.48215
C 70.35150 37.96740 -2.16388
C 71.99520 40.86920 -2.09165
C 68.58190 40.72790 -1.91924
C 70.44730 43.57840 -1.92111
C 67.09850 43.46890 -2.00798
C 72.14570 46.22530 -2.02287
C 68.70360 46.17660 -2.18507
C 65.57600 46.26870 -2.36363
H 64.28290 24.38940 -1.45900
H 61.34440 24.19080 -1.15013
H 71.21700 28.63000 -1.85246
H 64.68340 27.50570 -1.28956
H 68.89770 30.67320 -2.61672
H 66.00690 30.33090 -1.84174
H 58.45880 24.75520 -0.77680
H 55.38050 25.50120 -1.00083
H 60.68210 27.39390 -1.17309
H 54.26850 28.38610 -0.62760
H 51.28800 28.70340 0.40425
H 62.68550 30.09800 -1.24766
H 49.96210 31.60210 0.42239
H 64.23190 32.77030 -1.50632
H 63.05380 35.78490 -1.50679
H 61.86980 38.84250 -0.59288
H 48.82720 39.85770 -0.42898
H 60.41670 41.71120 -0.68040
H 50.94250 42.72380 -0.82811
H 59.09990 44.74790 -0.35699
H 55.88670 44.92360 -0.58369
H 52.79110 45.40120 -0.33391
H 52.30700 26.03090 -1.03079
H 49.82720 27.50050 -1.79276
H 71.88950 33.29740 -1.25640
H 68.82190 33.44180 -0.84613
H 66.34730 34.48770 -2.65735
H 67.24420 36.18010 -0.20908
H 65.66290 38.92890 -0.40389
H 63.88510 41.58220 -0.56145
H 62.28080 44.27650 -0.61521
H 48.09270 44.31840 -1.11788
H 72.49950 23.30830 -1.38938
H 70.39380 25.62830 -1.83620
H 67.21000 24.99940 -1.51541
H 68.02950 27.82780 -1.86649
H 57.49570 27.80670 -0.98160
H 59.47120 30.45220 -0.84167
H 56.27770 30.94320 -0.67714
H 53.09420 31.31430 0.02421
H 61.17830 33.14790 -1.01674
H 58.17220 33.61560 -0.51520
H 54.93370 33.89190 -0.21887
H 51.74150 34.19830 -0.16244
H 59.94280 36.09800 -0.53300
H 56.76610 36.56820 -0.32802
H 53.43900 36.79230 -0.18296
H 50.25560 37.08170 -0.10171
H 58.62150 39.12220 -0.46964
H 55.41600 39.46190 -0.21776
H 52.05950 39.75470 -0.33426
H 57.26820 42.12020 -0.45803
H 53.99730 42.31280 -0.43268
H 49.75340 24.47980 -0.82926
H 70.45620 36.04740 -0.64246
H 72.04240 38.88590 -0.63535
H 68.81250 38.85840 -0.41629
H 70.33070 41.65070 -0.40719
H 67.14980 41.73790 -0.23622
H 71.97850 44.49410 -0.18768
H 68.71200 44.47220 -0.39005
H 65.58430 44.46040 -0.66091
C 72.84720 28.45200 0.05518
C 62.73850 26.89390 0.13676
C 70.94930 30.92580 -1.28075
C 67.95830 29.84060 -0.55115
C 64.71140 29.62210 0.09058
C 59.06720 26.68570 0.63786
C 55.87340 27.14760 0.72555
C 53.04150 27.95940 1.50172
C 61.25910 29.32820 0.45653
C 51.49510 30.76790 1.85143
C 63.00280 32.04650 0.36717
C 65.11640 34.85920 -0.40443
C 63.68800 37.59040 0.22128
C 62.08650 40.50690 0.86145
C 48.66690 42.22960 0.07804
C 60.69660 43.43090 1.10990
C 57.65160 44.08260 1.12343
C 51.04720 44.62880 0.89512
C 56.42140 47.17940 0.29830
C 53.02150 47.42720 1.14236
C 50.40100 26.39770 0.40464
C 70.42480 32.07250 0.30908
C 66.60650 32.58690 -0.95327
C 69.11490 34.90640 1.05593
C 67.21390 37.73520 1.22489
C 65.45080 40.39890 1.06276
C 64.02070 43.41260 0.93010
C 62.54940 45.82600 0.85537
C 49.03060 46.40640 0.06928
C 71.89120 25.16410 0.05637
C 69.11530 24.55820 0.00224
C 65.95830 23.87830 0.24889
C 69.88530 27.45720 -0.31064
C 66.64300 26.92040 -0.05798
C 58.00890 29.70580 0.62728
C 54.79100 30.05990 1.09819
C 59.84010 32.30440 0.77989
C 56.61510 32.56700 1.12778
C 53.23450 33.24250 1.49849
C 50.07400 33.71690 1.67596
C 61.90120 34.96980 0.51348
C 58.33210 35.43950 1.18977
C 55.11730 35.80620 1.35398
C 51.75350 36.04510 1.45297
C 60.21700 37.98790 1.05500
C 57.03000 38.40740 1.33054
C 53.61540 38.77960 1.36783
C 50.29520 39.09370 1.36770
C 58.76460 41.05210 1.09005
C 55.64700 41.44220 1.21982
C 52.16610 41.69160 1.10642
C 54.34080 44.15730 1.18523
C 53.65260 24.95650 0.69504
C 72.10410 34.59250 0.51746
C 70.56850 37.81730 1.00517
C 72.00080 40.60290 1.17669
C 68.76790 40.66030 1.23705
C 70.24360 43.46770 1.28039
C 66.96670 43.70820 1.23370
C 71.86340 46.52930 1.22234
C 68.72260 46.50430 1.03812
C 65.56620 46.56430 0.68904
C 52.20110 61.09790 -1.39386
C 49.72970 61.67710 -1.24413
C 58.94070 65.26300 -0.53808
C 55.40420 64.73780 -0.98454
C 48.89630 64.55730 -1.70788
C 59.88170 68.35500 -0.15789
C 64.00580 72.13270 0.32837
C 60.96030 71.46560 0.40545
C 66.62520 49.71940 -1.49570
C 63.27290 49.26610 -2.22628
C 72.33300 51.37350 -3.05436
C 69.13530 53.02250 -2.39230
C 72.59930 55.10380 -2.97075
C 72.86990 69.36450 -1.00382
C 51.31420 48.90390 -2.39539
C 51.80820 51.86600 -1.09041
C 50.60370 55.10170 -1.64719
C 50.60970 58.41740 -1.27749
C 59.70550 47.80050 -2.13751
C 63.85610 52.41260 -1.95581
C 60.62670 51.10770 -2.04073
C 57.43320 50.55620 -2.04810
C 69.01630 56.83770 -1.89785
C 67.16150 54.37280 -0.31994
C 64.50980 55.50710 -1.69085
C 55.08300 53.02680 -1.73776
C 71.93470 59.76090 -1.06726
C 52.70530 55.35220 -1.49604
C 56.92870 59.34800 -1.31654
C 53.90830 58.50900 -1.37392
C 61.30430 63.08110 -0.78095
C 58.17430 62.22910 -1.12113
C 71.11810 68.24440 -1.15698
C 62.06520 66.07910 -0.37385
C 69.71000 70.85780 0.32597
C 66.01520 69.81070 -0.21196
C 62.96830 68.98710 -0.01400
C 52.09250 64.05000 -0.91773
C 56.73880 67.67380 -0.52782
C 53.61400 67.41010 -0.84596
C 50.23060 67.19310 -1.15017
C 57.99790 71.03080 0.20551
C 54.77730 70.57210 -0.21854
C 51.54350 70.17960 -0.56754
C 70.34040 49.01020 -2.44476
C 48.44330 49.99600 -2.11905
C 48.07370 53.22710 -1.71308
C 54.51370 50.08760 -2.06633
C 61.45200 54.41970 -1.80636
C 58.14150 53.80210 -1.91801
C 68.45940 58.73280 -1.18033
C 65.50170 58.25440 -1.19157
C 62.35440 57.65540 -1.42330
C 58.97970 56.91090 -1.49163
C 55.87900 56.19050 -1.57724
C 69.32710 61.86750 -1.08377
C 66.30730 61.20840 -0.88690
C 63.40120 60.62450 -1.00747
C 60.32760 59.98500 -1.21098
C 70.21790 65.12190 -0.95175
C 67.09980 64.40050 -0.72402
C 64.16930 63.68520 -0.61837
C 68.22490 67.45780 -0.49631
C 64.95670 66.68330 -0.36596
H 71.29700 56.18060 -1.02337
H 54.04090 62.57450 -0.54278
H 51.32740 62.24990 0.61102
H 48.28010 62.96940 0.25931
H 60.23780 66.31070 1.25611
H 56.81460 65.63410 0.98671
H 61.24010 69.44000 1.62162
H 54.41870 48.26610 -0.87045
H 63.75000 47.14760 -0.98123
H 68.92710 50.01020 -0.65438
H 64.42350 50.33260 -0.41691
H 71.46080 52.97230 -2.12310
H 50.33220 49.87680 -0.39843
H 49.82780 53.21930 -0.11330
H 49.39160 56.57570 0.01865
H 49.13590 59.80240 0.26377
H 61.21510 49.28820 -0.63582
H 57.96690 48.88380 -0.69993
H 64.93620 53.36420 -0.37070
H 61.82320 52.50930 -0.34523
H 55.75360 51.24590 -0.13436
H 68.83990 57.00630 0.74955
H 65.74300 56.31940 0.31905
H 53.29650 53.50950 -0.06305
H 69.89920 59.97760 0.47337
H 54.13960 56.60900 0.29216
H 70.88080 63.06570 0.54204
H 55.23090 59.74920 0.58485
H 52.23180 59.29250 0.30939
H 71.56670 66.02820 -0.00048
H 59.42090 63.29680 0.82955
H 56.56650 62.60690 -0.21161
H 69.75850 68.50550 1.09631
H 63.33160 67.11580 1.44991
H 67.47680 70.76950 1.63221
H 64.39110 70.02790 1.68686
H 53.57470 65.41640 0.59796
H 50.35030 65.25160 0.28450
H 58.06310 68.82660 1.33046
H 54.90570 68.36060 1.02175
H 51.76570 68.05670 0.65756
H 56.01260 71.34470 1.72915
H 52.91570 70.93950 1.32696
H 49.72430 70.42770 1.04459
H 70.38160 47.19040 -0.66036
H 67.11530 47.37870 -0.70911
H 71.98470 49.97890 -0.90781
H 58.82490 51.91560 -0.49889
H 62.68260 55.59430 -0.04942
H 59.60680 54.85540 -0.24171
H 56.45840 54.25720 -0.13912
H 66.77980 59.26990 0.60564
H 63.65990 58.68750 0.37283
H 60.53110 57.94160 0.20336
H 57.36730 57.29020 0.05098
H 67.66750 62.42780 0.74587
H 64.63610 61.76030 0.78061
H 61.55520 61.07350 0.57928
H 58.44380 60.24190 0.31332
H 68.61020 65.42210 0.93475
H 65.50820 64.77880 1.03443
H 62.48720 64.14010 1.05643
H 66.48150 67.81350 1.19095
C 53.34170 61.18130 1.52082
C 49.44160 61.54140 1.99971
C 58.51380 64.87660 2.53501
C 55.11600 63.75570 1.54501
C 47.98810 65.25760 0.93926
C 59.77610 67.94810 2.99710
C 64.16810 71.60620 3.55578
C 61.03100 70.94910 3.53436
C 66.66010 49.57950 0.35585
C 63.29840 48.96150 0.88283
C 71.46000 52.12600 0.15504
C 69.34660 52.36650 -0.52909
C 73.35470 54.54900 -1.33455
C 72.97710 69.37770 2.62504
C 51.21330 48.33110 1.42829
C 51.60320 51.80050 0.82835
C 50.44420 54.92850 1.64766
C 50.41700 58.25280 1.67016
C 59.78430 47.23410 -0.14725
C 63.57180 52.04140 1.26936
C 60.51340 50.97090 1.06928
C 57.78520 50.38090 1.15327
C 71.07460 55.53370 0.96958
C 67.47260 55.00320 1.47584
C 64.31680 54.94230 1.65285
C 55.13360 52.96200 1.53295
C 71.65790 59.54240 2.21129
C 52.56950 55.12840 1.70499
C 56.84660 59.03430 1.86835
C 53.76520 58.09210 1.96870
C 61.15290 62.62820 2.45723
C 57.70730 61.90570 1.92943
C 71.88420 67.74220 2.08062
C 62.03060 65.64910 2.88675
C 70.01020 70.80760 2.09885
C 66.35720 69.49720 3.13500
C 63.04160 68.78970 3.24172
C 51.84000 64.22710 1.97815
C 56.46980 67.38200 2.79997
C 53.27220 67.07990 2.38699
C 50.16300 66.88990 2.07848
C 57.68450 70.42570 3.31373
C 54.48300 69.89680 2.99200
C 51.05980 69.67120 2.49328
C 70.20940 49.27490 0.81073
C 48.33840 49.61540 1.20713
C 48.06900 52.71990 1.59393
C 54.58530 49.98280 1.13966
C 61.33180 54.08130 1.35617
C 58.36080 53.47400 1.31748
C 68.53370 58.65140 2.29343
C 65.32950 57.95620 2.07474
C 62.18230 57.22020 1.74427
C 59.19420 56.41920 1.54605
C 56.12390 55.92960 1.72077
C 69.57270 61.89440 2.24194
C 66.41930 61.01180 2.32292
C 63.23520 60.34280 2.14948
C 60.12030 59.58330 1.94716
C 70.65950 64.87330 2.19301
C 67.30110 64.12430 2.54721
C 64.22410 63.37320 2.57639
C 68.40080 67.21650 2.68472
C 65.25390 66.45480 2.78118
C 70.13530 87.46890 -1.25525
C 68.08320 87.80180 -0.33459
C 65.09360 88.11570 1.11171
C 61.93590 89.45950 0.92083
C 61.19140 92.46000 0.63010
C 57.90980 92.51040 1.80269
C 57.21950 96.43430 0.92529
C 48.76660 76.09930 1.74305
C 51.45150 78.39930 3.13202
C 55.06310 80.81270 1.63085
C 60.33450 84.74700 0.74935
C 48.84520 90.96010 3.19476
C 59.74900 87.80510 1.25789
C 56.66330 88.95230 1.93283
C 51.62260 91.91070 3.14920
C 58.48680 91.30810 3.57495
C 54.32920 94.80190 2.35378
C 65.37250 75.58220 0.96210
C 49.00590 72.66380 0.35426
C 62.70220 76.85130 0.55333
C 53.51300 75.91270 0.69183
C 50.31080 75.56030 0.73726
C 64.30410 79.79510 -0.04357
C 61.01080 79.57070 0.62460
C 57.82350 79.25830 1.17230
C 54.09530 79.09660 1.31243
C 65.89300 82.96300 0.44349
C 62.20100 82.52480 0.32792
C 62.87080 85.70990 0.44873
C 72.49750 72.81410 -0.68330
C 69.66180 74.26070 -0.48437
C 69.65420 77.71130 -0.46555
C 67.81780 74.88620 -0.63817
C 69.99700 80.84480 -1.05760
C 69.46190 84.21990 -0.38267
C 70.19090 90.39670 -0.47425
C 67.22530 90.78670 0.05667
C 64.17210 91.61060 0.39748
C 69.38730 93.38430 -0.42194
C 66.44310 94.00130 -0.03581
C 63.31120 94.77740 0.26410
C 60.12600 95.60880 0.43827
C 71.65750 95.75400 -0.82025
C 48.80900 80.50710 2.22948
C 51.92660 81.80190 2.88690
C 48.82170 83.63450 2.13429
C 58.32850 82.25120 1.75259
C 54.89360 83.69780 1.92078
C 51.53210 85.10820 2.07322
C 48.76770 87.14490 2.24642
C 57.23670 85.71040 1.56787
C 54.19080 86.87910 2.11763
C 51.65080 88.59550 2.41861
C 54.29360 90.25040 2.56700
C 62.01280 74.42440 0.89149
C 58.76060 73.89130 0.68516
C 55.82500 73.47850 0.37802
C 52.59180 73.04900 0.07038
C 59.81320 76.66840 0.98443
C 56.70980 76.48850 0.99719
C 72.61600 75.74190 -0.77109
H 49.09580 95.05950 4.07773
H 68.30780 85.94690 1.15364
H 61.73220 87.85830 2.84950
H 70.11610 88.56780 0.93990
H 67.15140 89.20150 1.58405
H 63.97930 90.07730 2.23951
H 60.82450 90.89160 2.69523
H 60.03710 93.91480 2.19014
H 56.89760 94.52920 2.73675
H 50.34690 80.36980 4.19789
H 54.30280 82.05240 3.70387
H 60.55250 83.10400 2.20208
H 56.99880 83.79220 3.08573
H 59.35760 85.95220 2.77289
H 58.80130 88.85580 3.24478
H 56.31580 90.25950 3.96763
H 53.54790 91.54300 4.58140
H 49.93040 92.45420 4.88414
H 65.40590 73.08520 1.67245
H 62.35320 72.40940 2.21480
H 63.45970 75.44310 2.52468
H 50.97400 73.40180 1.59234
H 64.74650 77.97230 1.65132
H 55.03800 76.99790 2.43089
H 51.87340 76.15070 2.63074
H 66.01750 80.71950 1.69226
H 62.79600 80.58840 1.78118
H 59.62200 80.32400 2.41060
H 57.02160 80.65530 2.97841
H 63.75860 83.61470 1.59305
H 71.01350 72.81610 1.01803
H 68.35050 74.07060 1.77537
H 67.59830 76.89910 0.86022
H 68.33570 79.67600 0.57963
H 71.29810 85.83420 0.01138
H 68.28570 82.68610 1.07087
H 52.27640 94.32820 3.80077
H 69.16080 91.67440 1.35755
H 66.15600 92.32320 1.72812
H 63.11070 93.17940 2.06063
H 71.41610 93.93910 0.81510
H 68.36970 94.72910 1.37855
H 65.29040 95.46640 1.57336
H 62.08740 96.20990 1.81537
H 50.64480 83.65930 3.83594
H 53.64310 85.21210 3.48501
H 50.70080 86.78790 3.77409
H 56.35820 87.02600 3.44261
H 53.52810 88.40410 4.01056
H 50.77280 89.91900 4.28499
H 59.25140 71.91920 2.14669
H 60.25360 74.82790 2.50388
H 57.11230 74.39420 2.28083
H 54.05510 73.86750 1.89347
H 61.44530 77.83490 2.35162
H 58.29450 77.42270 2.80313
H 70.76390 76.02350 0.80722
H 71.12160 79.36360 0.60638
H 71.18050 82.56900 0.31846
C 71.85650 87.13870 1.93360
C 68.66950 87.50210 2.73853
C 65.34180 88.13580 2.94145
C 62.42450 89.48680 4.21447
C 61.54060 92.67590 3.92846
C 55.45020 94.10390 5.96365
C 57.61650 96.09160 4.16922
C 49.03680 77.22400 5.10734
C 50.89800 78.16010 5.14416
C 55.45520 80.23080 4.84568
C 61.14280 84.68200 3.90519
C 48.65850 90.35450 5.36867
C 60.13680 87.32220 4.68748
C 57.30520 88.40240 5.25818
C 51.68860 91.19910 6.17588
C 55.73100 92.69250 4.16479
C 53.38230 93.63800 5.94368
C 65.50000 74.74250 3.74404
C 48.89870 72.35590 2.27458
C 63.41250 77.51580 3.79600
C 53.78920 75.25070 3.93124
C 50.62200 74.68690 3.72386
C 64.87680 80.25170 3.06601
C 61.57230 79.86310 3.74411
C 58.54830 79.31390 4.32465
C 54.47860 78.46850 4.48612
C 66.19100 83.19440 2.32592
C 62.74550 82.60900 3.36217
C 63.08980 85.94570 2.35930
C 72.88980 72.68350 2.64795
C 70.14430 74.40390 2.73311
C 69.66970 77.94540 1.97559
C 67.22910 75.90600 3.20782
C 70.02860 81.13240 1.95547
C 70.14930 84.37620 1.66471
C 70.67410 90.17980 2.62349
C 67.62830 90.95630 3.18801
C 64.54010 91.85500 3.58585
C 69.97050 93.48980 2.77999
C 66.74620 94.21190 3.16119
C 63.62650 95.13910 3.42080
C 60.71520 95.61450 3.78918
C 72.09590 95.70290 2.31728
C 48.73840 80.65720 5.64554
C 52.15370 81.93330 4.86516
C 48.73070 83.76140 5.45241
C 58.78730 82.18990 3.62278
C 55.12990 83.63470 4.85970
C 51.87360 85.11530 5.31664
C 48.77940 87.12390 5.23674
C 57.77050 85.33100 4.59482
C 54.72820 86.55270 5.21961
C 51.73830 88.16560 5.61769
C 54.65470 89.75720 5.76144
C 62.07910 74.02230 3.98489
C 58.73630 73.58050 3.92672
C 55.64960 73.02320 3.53141
C 52.51080 72.45410 3.19409
C 60.31470 76.67250 4.14044
C 56.91810 76.12170 4.09843
C 72.66080 76.12430 2.31205
C 89.31190 2.77077 -3.65536
C 93.40850 5.66958 -3.44611
C 89.70440 5.59468 -2.15414
C 94.82410 8.80559 -3.79879
C 82.61650 1.04712 -2.95378
C 78.93860 1.84338 -2.43157
C 78.31470 5.00540 -1.58264
C 75.41690 6.12950 -0.90189
C 74.14110 9.57603 0.08033
C 72.96350 10.82240 -3.36563
C 73.87510 14.78990 -3.03102
C 75.92360 16.94470 -1.62748
C 76.82170 20.47460 -1.86671
C 86.00740 3.08437 -2.53425
C 82.92280 3.92058 -1.36943
C 81.12300 6.03686 -2.65027
C 85.46760 6.35810 -2.90897
C 79.85360 8.99176 -2.59903
C 76.78440 9.88751 -2.25467
C 91.46250 8.25413 -3.43604
C 88.19600 8.50382 -3.17517
C 76.54910 12.94480 -2.36906
C 94.91000 10.40690 -2.49082
C 78.66760 15.15070 -2.21849
C 0.73211 12.44950 -3.56262
C 80.31530 17.68800 -1.28926
C 96.01010 15.13300 -1.76785
C 80.68370 20.60170 -2.80695
C 94.93900 18.67350 -0.95083
C 92.21710 19.69390 -0.62099
C 89.59450 20.56900 -1.50149
C 86.20070 21.79200 -1.15468
C -0.10575 20.90370 -1.23235
C 95.16850 23.25290 -1.46465
C 0.19188 0.52463 -3.64176
C 94.29670 0.31733 -3.74557
C 91.18720 0.05605 -3.71872
C 87.53200 0.10865 -3.41160
C 95.60850 3.28575 -3.56959
C 92.60320 2.81473 -3.58647
C -0.36847 6.19058 -3.66605
C 80.11200 -1.36213 -2.51621
C 76.69960 -0.37247 -1.89086
C 73.62090 0.33450 -1.18942
C 75.84270 2.84132 -1.57404
C 73.01200 3.45324 -0.93163
C 73.48020 19.68110 -2.47421
C 74.50750 22.68020 -2.55459
C 82.68110 7.47900 -2.42825
C 85.21850 9.71391 -2.80809
C 82.37790 10.94850 -2.57647
C 79.40400 12.03790 -2.38763
C 90.48450 11.20180 -3.63386
C 87.77750 11.90850 -3.12097
C 84.65190 13.06510 -2.75068
C 81.80930 14.18710 -2.48128
C 93.40870 13.26560 -2.98137
C 90.41580 14.42010 -2.84835
C 87.18940 15.35980 -2.81052
C 84.23430 16.34400 -2.47950
C 92.65000 16.57160 -2.11879
C 89.81660 17.57050 -1.95486
C 86.80100 18.79150 -1.91891
C 83.65870 19.56550 -2.23389
H 89.44730 0.77067 -2.12448
H 90.94230 3.55602 -1.95330
H 87.97980 3.79488 -1.84325
H 95.14110 6.91140 -2.05722
H 91.98960 6.58583 -1.53848
H 85.13430 96.34020 -1.73993
H 84.12700 1.71699 -1.53267
H 81.13110 2.20694 -1.08756
H 78.00880 3.05187 -0.39838
H 77.45760 5.93762 0.75201
H 73.85400 7.14526 0.91652
H 75.33680 14.58540 -1.08053
H 76.65610 18.75530 -0.03141
H 77.68740 21.93150 0.10394
H 85.12420 4.94201 -0.96650
H 82.09880 6.08271 -0.43011
H 79.25610 7.30450 -1.53805
H 87.72340 6.97964 -1.65530
H 75.68340 11.45060 -0.54810
H 90.26040 9.34406 -1.95183
H 78.28230 13.32760 -0.69953
H -0.02043 10.53580 -1.81454
H 92.64870 11.48740 -2.37839
H 77.82860 16.23860 -0.28465
H 79.22580 19.90460 -1.51767
H 94.43100 16.31690 -0.37445
H 82.18010 20.79570 -0.69722
H 80.12140 22.82060 -1.45777
H 93.80490 18.96100 1.33337
H 91.07230 20.38140 0.74777
H 88.51460 21.90150 -0.03658
H -0.70303 18.29780 0.75784
H 95.30940 21.07170 -0.26473
H 95.88290 1.31450 -2.08185
H 92.70610 1.03725 -2.01818
H -0.13511 4.32098 -1.97229
H 94.05070 3.88286 -1.84706
H 73.66160 96.32480 0.55737
H 82.16970 -0.77301 -1.24802
H 78.93040 -0.04198 -0.80430
H 75.76160 0.92263 -0.01964
H 72.71620 1.64872 0.73148
H 74.96450 4.11948 0.35233
H 73.69750 17.71610 -0.93910
H 74.71190 21.02190 -0.72023
H 76.27280 8.47408 -0.83175
H 84.76910 8.04513 -1.19539
H 81.80780 9.17892 -1.04643
H 78.75210 10.36570 -0.82447
H 87.28010 10.15520 -1.47205
H 84.33610 11.22260 -1.09000
H 81.28100 12.37250 -0.93759
H 89.67620 12.44030 -1.64080
H 86.62870 13.37010 -1.49590
H 83.67600 14.45860 -0.90141
H 80.68640 15.34720 -0.60506
H 92.06520 14.37680 -1.13488
H 88.97910 15.55180 -1.19161
H 86.03180 16.66120 -0.93038
H 82.85520 17.62870 -0.68207
H 91.46540 17.36570 -0.13661
H 88.49780 18.66990 -0.11108
H 85.19330 19.66400 -0.26616
C 89.45840 2.44024 -0.33165
C 93.82900 5.71677 -0.15933
C 90.45990 5.35917 -0.31493
C 94.69020 9.00688 -0.63088
C 83.13290 0.99515 0.24363
C 79.95810 1.84316 0.63665
C 78.17930 4.07571 1.95028
C 75.45780 5.78004 2.29094
C 74.21540 9.31081 2.19660
C 71.10550 10.24020 1.49608
C 73.62770 12.80390 -0.71939
C 75.52310 16.58110 0.35388
C 76.00790 20.42180 1.38704
C 86.00160 3.08560 -0.32858
C 83.29620 4.35511 0.66882
C 80.01610 6.28916 0.67506
C 86.09230 6.72700 0.36657
C 79.98680 8.71647 0.44114
C 77.12850 10.18330 1.03607
C 91.81010 8.19149 -0.22152
C 88.76380 8.78020 -0.07778
C 76.35440 13.37870 0.78031
C -1.00274 9.64097 0.31572
C 78.98380 14.74680 1.15623
C 1.38509 11.72520 -0.07966
C 79.02670 18.21110 0.44205
C 96.11800 14.43890 -0.14045
C 80.04290 21.19780 0.52521
C 95.02650 16.81460 1.96818
C 91.52780 18.29430 2.17379
C 88.74650 20.13940 1.83164
C 86.10640 21.78480 0.72072
C 95.93200 20.28830 2.02583
C 94.49120 22.74910 1.52271
C 0.22029 0.54357 -0.45894
C 94.38810 0.17025 -0.52499
C 91.10340 -0.08492 -0.53574
C 87.08310 0.08115 -1.58397
C 95.87920 3.01104 -0.36695
C 92.51870 2.75739 -0.28496
C -0.40534 6.27820 -0.38147
C 80.63450 -1.21655 0.55962
C 77.48380 -0.36773 1.17698
C 74.42410 0.44287 2.02535
C 76.56660 2.72288 1.58405
C 73.32400 3.56959 2.15808
C 73.29620 19.43480 0.60189
C 73.98000 22.72830 0.56664
C 83.02140 7.71903 0.58304
C 85.67970 9.73790 0.36835
C 82.56650 10.89860 0.57333
C 79.58220 11.95830 0.81142
C 91.19590 11.07260 -0.32076
C 87.93890 12.01350 0.05282
C 85.05380 13.00440 0.38777
C 82.04960 13.86030 0.83760
C 92.93040 12.41530 0.04996
C 90.10170 13.91700 0.25293
C 87.10580 14.97380 0.35921
C 84.03780 16.37450 0.67785
C 92.47470 15.52750 1.02860
C 89.39050 16.76170 1.02020
C 86.27910 18.24490 1.06012
C 83.09450 19.47210 1.14392
C 81.92570 48.49730 -2.01649
C 90.75190 46.10680 -2.13836
C -0.03204 47.61830 -3.69755
C 84.82580 25.27210 -1.77608
C 81.03850 24.85700 -0.31466
C 89.67980 26.93190 -1.52945
C 86.84790 27.77290 -1.91973
C 80.31960 28.72260 -1.26428
C 88.75790 30.11060 -1.45041
C 78.64150 31.78320 -1.79435
C 90.70900 32.30830 -1.30513
C 77.82370 34.73230 -2.03318
C 92.65190 34.69570 -1.32980
C 79.73760 37.35220 -2.04414
C 94.53890 37.11520 -1.51704
C 81.91110 39.88420 -2.03727
C 84.36920 42.02000 -1.94941
C 95.83400 42.37940 -2.17246
C 92.59240 43.27220 -1.98768
C 89.15610 43.90800 -1.82558
C 86.02820 44.62790 -1.56313
C 83.20350 45.34880 -1.42728
C 95.06820 45.52840 -2.21233
C 77.79770 23.65760 -1.81480
C 78.37860 26.38270 -1.81916
C 76.63670 29.46880 -1.66563
C 74.35770 31.72260 -3.41963
C 74.67890 35.44020 -3.16094
C 76.77610 37.90330 -2.07366
C 78.62490 40.50440 -1.72697
C 80.50010 43.19440 -1.35232
C 79.13340 46.59010 -1.06194
C 82.65270 22.81180 -2.04241
C 88.01470 24.42320 -0.19101
C 93.14050 25.93590 -0.64919
C 89.57780 24.90290 -1.87653
C 91.84050 29.34920 -1.22298
C 93.92530 31.77390 -1.20277
C 95.85880 34.25300 -1.18362
C 83.47520 28.04260 -2.20620
C 85.42810 30.73520 -1.88725
C 82.12280 31.42710 -2.12429
C 87.31270 32.96530 -1.66791
C 84.26240 33.72620 -1.91422
C 80.94310 34.28060 -2.03534
C 89.38390 35.37940 -1.66286
C 86.27420 36.07690 -1.77599
C 83.11820 36.61960 -2.02477
C 91.53740 37.68890 -1.67359
C 88.35200 38.35870 -1.76004
C 85.18570 38.99630 -1.91888
C -0.51429 39.39430 -1.79360
C 93.65250 40.11110 -1.70724
C 90.38030 40.77920 -1.72177
C 87.34980 41.26880 -1.70900
C 75.49480 25.87410 -2.51318
C 73.69110 38.09450 -2.25888
C 75.16650 40.72440 -2.00971
C 76.91400 43.54970 -1.95908
C 73.67800 43.65380 -1.91007
C 75.58600 46.50150 -1.75968
C -0.50137 25.96700 -0.97493
C 95.16590 28.69290 -1.03685
C -0.08918 31.35400 -1.02459
H 84.14530 47.70650 -1.18935
H 93.06830 46.62330 -1.41188
H 86.14710 25.87650 -0.50676
H 82.99880 26.37790 -0.17780
H 88.26020 28.15840 0.07072
H 81.89010 29.35240 -0.81121
H 78.48150 30.02150 0.05095
H 90.32030 30.55220 0.46104
H 79.55050 35.46730 -0.51900
H 94.33360 35.44000 0.25530
H 81.60330 37.92520 -0.62677
H 96.21620 37.86900 0.03500
H 83.75380 40.26140 -0.40243
H 95.57340 40.86650 -0.22746
H 82.83910 43.24160 -0.46700
H 94.42400 43.71020 -0.61382
H 91.17910 44.46950 -0.36913
H 88.07780 45.02780 -0.28927
H 84.86430 45.47770 0.66134
H 78.55360 24.85830 0.25096
H 76.62480 27.23880 -0.67845
H 74.19420 29.47830 -0.87949
H 75.40110 33.81470 -2.31440
H 76.62680 36.12240 -0.41317
H 78.39200 38.53390 -0.29658
H 80.54310 40.94050 -0.22699
H 78.42310 44.31250 -0.45590
H 84.35530 23.25310 -0.26003
H 93.26760 23.50570 0.28950
H 91.43380 27.53540 0.22866
H 93.60510 29.97720 0.49250
H 95.59220 32.41990 0.43858
H 85.04620 28.82020 -0.50171
H 87.03530 31.19060 0.01072
H 83.75930 31.88910 -0.42057
H 80.56870 32.35580 -0.39787
H 77.42390 33.17360 0.03589
H 92.40860 32.93550 0.37677
H 89.07870 33.59150 -0.00379
H 85.87260 34.24580 -0.16230
H 82.69130 34.85130 -0.43921
H 91.12090 35.95660 0.03434
H 87.96990 36.60300 -0.09945
H 84.73410 37.24530 -0.28613
H 93.14690 38.43250 0.01267
H 90.09950 38.96190 -0.10959
H 86.87100 39.57920 -0.24352
H 92.24550 41.47450 -0.20658
H 89.11350 42.08960 -0.13620
H 85.97090 42.67190 -0.17844
H 75.60900 24.10510 -0.80134
H 73.39010 26.42030 -1.40462
H 73.64720 35.96140 -0.89765
H 75.16460 38.77840 -0.43134
H 76.80830 41.59920 -0.27686
H 73.63710 41.67640 -0.32447
H 75.22370 44.49770 -0.29404
H -0.94342 24.04400 0.56189
H 95.11890 26.97190 0.36483
H -0.40436 29.44400 0.48217
C 83.68880 47.64270 1.34318
C 91.82920 46.46430 0.82231
C -1.06169 49.22340 -0.38087
C 84.67670 25.10280 1.40530
C 80.52590 24.56150 1.67745
C 89.55220 26.57890 1.50892
C 86.20380 27.69100 1.30811
C 79.40130 28.31030 1.63890
C 88.30620 29.92060 1.78279
C 79.02750 31.65880 1.49226
C 90.42920 32.56910 1.84036
C 77.89220 34.91720 1.35256
C 92.52450 34.87130 1.82787
C 79.95560 37.34130 1.10370
C 94.56790 37.38930 1.71382
C 81.85930 39.76610 1.14750
C 84.15940 42.06170 1.27431
C 96.05970 42.94080 1.16851
C 92.78820 43.45400 1.19532
C 89.56660 44.02750 1.36272
C 86.52780 44.36810 1.59308
C 83.33790 43.90830 1.92230
C 96.08900 45.60410 -0.49593
C 76.66170 23.78700 1.43682
C 77.86680 26.82720 1.51227
C 76.31160 29.66950 0.27919
C 73.75720 31.83560 -1.45732
C 75.09220 34.32370 0.17785
C 76.75060 37.94130 1.28561
C 78.58000 40.47880 1.15787
C 80.55710 43.26570 0.55364
C 79.12970 46.48540 0.81074
C 82.98170 22.46090 1.10975
C 90.74110 22.95950 0.69717
C 93.03290 25.84430 1.22870
C 89.73290 27.37540 3.20110
C 91.74180 29.22480 2.04283
C 93.86730 31.84370 2.05198
C 95.69070 34.30730 1.97446
C 83.10620 28.00560 1.01915
C 85.01370 30.55900 1.25447
C 82.01930 30.99620 1.03439
C 87.24480 33.07280 1.59836
C 84.06020 33.69340 1.25506
C 80.90410 34.27030 1.10540
C 89.34830 35.49970 1.60144
C 86.07710 36.15670 1.42635
C 82.88570 36.69490 1.11815
C 91.44020 37.80320 1.62588
C 88.26890 38.50970 1.47156
C 85.04610 38.94350 1.33531
C 0.20667 39.74730 0.63478
C 93.86260 40.40270 1.38363
C 90.57200 40.80570 1.45926
C 87.38740 41.36480 1.36378
C 74.85890 26.02450 0.53939
C 73.51270 37.55820 0.89925
C 75.30550 40.62140 1.27429
C 76.85240 43.56180 1.34495
C 73.68420 43.49280 1.36702
C 75.31130 46.40030 1.42987
C -0.97199 25.91290 2.21660
C 95.08850 28.86510 1.95714
C -0.43511 31.22000 2.14544
C 87.80900 47.16020 -1.20912
C 85.16000 49.19090 -2.35037
C 82.19390 50.46810 -1.71140
C 79.10690 51.60670 -1.31856
C 76.69260 53.53760 -2.68617
C 93.24390 48.30720 -2.49834
C 76.57340 56.90750 -2.49995
C 72.99140 57.90430 -0.58891
C 76.01300 60.20750 -1.79985
C -1.09303 53.01180 -2.18091
C 93.59440 54.52400 -1.84965
C 90.41830 55.81770 -2.09491
C 87.73610 57.06990 -2.35386
C 76.10580 63.53120 -1.54887
C 87.53100 60.55410 -2.80694
C 85.46790 62.89200 -2.11168
C 78.60320 65.25980 -1.61065
C 84.04830 65.61340 -2.30707
C 81.36370 67.38380 -1.21371
C 84.09450 69.13500 -1.79296
C 76.86880 49.67520 -0.56246
C 75.29090 51.99540 -2.68550
C 80.97520 70.92300 -1.42388
C 78.51020 68.86950 -0.68226
C 75.63740 67.24340 -0.63421
C 73.10170 63.94220 -0.32738
C 96.27220 56.57390 -1.49928
C 92.91860 57.77360 -2.29143
C 92.13500 60.75120 -2.49636
C 90.96290 63.49360 -2.72415
C 89.99970 66.21180 -2.90101
C 87.03630 66.32180 -2.75554
C 88.41930 69.36800 -2.87016
C 90.17170 72.28960 -2.73123
C 90.81940 49.43200 -2.00515
C 87.98250 50.92460 -2.18308
C 85.08950 52.43970 -2.14519
C 82.13420 53.75200 -2.16863
C 79.30290 55.34320 -2.30176
C 93.28390 51.29150 -2.07474
C 90.66900 52.69500 -2.01423
C 87.89470 54.06460 -2.05496
C 84.85720 55.67760 -2.20813
C 82.05580 57.19860 -2.24257
C 79.12800 58.77110 -2.23601
C 84.90270 58.83270 -2.37481
C 81.94570 60.46790 -2.20201
C 78.87760 61.92670 -1.87754
C 81.56980 63.80220 -2.20254
C 73.87500 48.94830 -2.16705
C 75.55910 70.89330 -0.96147
C 95.40920 60.04720 -2.43256
C 0.19074 62.33600 -2.71918
C 94.24000 63.02620 -2.65636
C -0.84498 65.43370 -3.01606
C 93.18810 65.83820 -3.04412
C 95.24640 68.43470 -3.42206
C 91.98810 69.01790 -3.30888
C -0.05625 71.08990 -3.62923
C 94.13520 71.38180 -3.74926
H 81.89890 49.29150 0.53212
H 90.11770 47.69160 -0.34094
H 87.14040 49.30860 -0.78284
H 81.37480 52.35380 -0.33972
H 78.47710 53.80710 -0.87712
H 75.70580 55.42150 -1.18595
H -0.01891 47.66530 -1.23552
H 75.44860 58.62050 -0.76601
H 95.32140 51.35390 -0.47336
H 92.46560 52.87870 -0.26786
H 75.44130 61.72110 0.28515
H 92.26150 56.14780 -0.47807
H 89.39970 57.44490 -0.43685
H 86.91490 58.88990 -0.91421
H 75.36850 64.81030 -0.05092
H 87.71350 61.92860 -1.26535
H 80.74780 65.15840 -0.35328
H 77.91810 66.61510 0.27597
H 86.38640 65.04770 -1.24792
H 83.68030 66.88790 -0.69717
H 76.86790 47.20170 0.20191
H 75.11580 50.57450 -0.57149
H 84.70070 71.35700 -0.80838
H 82.25650 69.42580 -0.17804
H 79.29700 70.94640 0.42953
H 76.45050 69.29760 0.61576
H 73.66670 70.96480 0.84840
H 95.21760 54.55120 -0.42678
H 94.62710 58.34470 -0.65503
H 91.49500 59.17130 -0.61655
H 90.61970 61.93460 -0.73471
H 89.55660 64.65060 -0.95145
H 88.71480 67.45580 -1.22118
H 90.56420 70.06230 -1.62906
H 87.43660 70.35910 -1.23080
H 84.30090 50.84310 -0.59624
H 92.64360 49.62450 -0.36010
H 89.83930 51.06530 -0.50469
H 86.96310 52.47250 -0.47741
H 84.02960 54.04200 -0.59522
H 81.21640 55.49820 -0.66675
H 78.38060 57.04360 -0.72759
H 89.62090 54.27400 -0.39618
H 86.73940 55.71840 -0.59153
H 83.89180 57.32290 -0.60792
H 81.01120 58.74720 -0.62121
H 78.12370 60.21300 -0.43096
H 83.71860 60.50590 -1.02719
H 80.99460 62.02340 -0.52792
H 78.12160 63.43470 -0.03982
H 83.56080 63.67720 -0.77152
H 73.65220 47.26450 -0.35883
H -0.26681 60.67930 -0.91532
H 93.86770 61.35570 -0.92804
H 96.12020 63.74780 -1.27447
H 92.69510 64.25780 -1.16944
H 94.93870 66.77260 -1.64819
H 91.79980 67.22680 -1.60565
H -0.32202 69.23570 -1.89719
H 93.83480 69.73160 -1.87697
H 95.77140 72.31500 -2.11308
C 88.12050 47.36600 0.60116
C 85.14350 49.05600 0.73027
C 82.62290 50.83730 1.22768
C 79.44620 51.93010 0.73589
C 76.53490 53.86840 0.73038
C 93.73460 47.78780 0.74832
C 76.46850 56.91490 0.85640
C 72.97900 57.99510 1.79313
C 76.31260 60.02740 1.34317
C -1.17713 53.07830 1.27626
C 93.27420 54.65540 1.22688
C 90.45420 55.91490 1.27335
C 87.34680 57.48030 1.01909
C 76.51560 63.48970 1.80980
C 89.10430 59.93790 -0.39019
C 85.44470 62.18780 -0.25288
C 79.12690 65.00080 1.59414
C 84.75370 65.23310 0.72200
C 81.58950 67.23420 0.59796
C 84.68230 69.01890 0.00141
C 76.68600 49.39730 1.29494
C 74.88090 52.65370 0.94463
C 81.36000 70.68910 1.71414
C 78.80730 68.66040 1.20749
C 75.76110 66.95400 1.30953
C 73.18120 62.39970 1.11919
C -1.25763 56.69300 0.50435
C 92.98160 57.95710 1.08450
C 92.31080 61.03840 0.93868
C 91.17090 63.93490 0.80763
C 90.41300 66.72660 0.34147
C 87.77400 65.91780 0.47018
C 88.83400 69.58120 0.10382
C 90.58640 72.36540 -0.76272
C 90.83100 49.51000 1.18932
C 87.93870 50.80520 1.04082
C 85.04390 52.53650 1.02312
C 82.19680 54.05860 1.10677
C 79.31250 55.43970 0.86312
C 93.45510 51.26720 1.35233
C 90.59210 52.69690 1.21331
C 87.64140 54.19380 1.09683
C 84.86460 55.72800 0.99871
C 82.07530 57.15480 0.98158
C 79.21450 58.52920 1.00198
C 85.09800 59.14010 0.61840
C 82.19870 60.32620 0.90954
C 79.21620 61.65230 1.18315
C 81.98870 63.56580 1.08154
C 73.41530 49.40390 1.00470
C 75.86260 70.72580 2.30395
C 95.29390 60.14380 0.79735
C 0.00277 62.63970 0.56863
C 94.36800 63.37760 0.40379
C -1.12178 65.79260 0.19805
C 93.26050 66.21510 0.10382
C 95.32650 68.78730 -0.19890
C 92.11780 69.24340 -0.06212
C -0.09346 71.30040 -0.47742
C 94.01660 71.71420 -0.40916
C -1.01518 95.74360 -3.94697
C 93.12880 95.13590 -3.97005
C 89.65720 95.23690 -3.92798
C -0.46751 78.21660 -4.34276
C 93.74330 78.74030 -4.62482
C 89.01430 81.32310 -4.87460
C 86.80800 83.71140 -4.12660
C 85.90530 86.62590 -4.77015
C -0.49450 90.03360 -4.10990
C 93.49080 89.80940 -4.59852
C 86.66460 89.68010 -4.28236
C 91.30060 92.50330 -4.42267
C 73.19140 89.00050 -0.48183
C 83.41380 89.35880 -3.97223
C 78.22860 91.06630 -1.97442
C 84.23990 92.78220 -3.21312
C 86.22890 95.05770 -3.76520
C 83.04970 95.74040 -3.14741
C 88.80810 75.90270 -2.97425
C 86.66300 72.91640 -0.84540
C 83.37600 72.41220 -1.90297
C 85.73650 75.88380 -2.49811
C 86.63590 79.61630 -3.90427
C 83.77260 81.70800 -2.83713
C 83.08160 84.83890 -4.13371
C 81.20060 86.83130 -3.15138
C 80.35160 89.16130 -1.40085
C 76.07000 87.62230 -1.79713
C 72.88310 85.42020 -1.80486
C 96.09920 74.30910 -3.70654
C 92.09510 74.28310 -3.94942
C 93.80580 76.79210 -5.18541
C 95.44190 81.26890 -4.48062
C 92.12730 81.41720 -4.86217
C -0.36530 84.35720 -4.45137
C 93.86420 84.28570 -4.79909
C 90.51070 84.05930 -4.89354
C 95.42950 87.13550 -4.38779
C 91.98650 87.12650 -4.78332
C 88.64320 86.97210 -4.75267
C 90.03360 89.77900 -4.51619
C 88.02780 92.49280 -4.07919
C 75.40590 91.71070 -1.35456
C 72.50880 92.50200 -0.86803
C 80.93210 93.10950 -2.56557
C 77.73220 94.17640 -2.02263
C 74.40970 94.90260 -1.32934
C 83.90930 74.98830 -1.41204
C 80.86190 74.08590 -1.34676
C 78.23880 72.50770 -1.12056
C 83.56960 78.09680 -2.47614
C 80.95420 76.96890 -1.72033
C 78.20940 75.63630 -1.16730
C 75.43880 74.15550 -0.88319
C 80.96530 80.08810 -2.25039
C 78.13560 78.68480 -1.69320
C 75.41330 77.22640 -1.14333
C 80.78590 83.23480 -2.74752
C 78.19350 82.07150 -2.01487
C 75.47610 80.58190 -1.61254
C 72.69980 79.01590 -1.20323
C 78.51420 85.41270 -2.31771
C 75.61540 83.91710 -1.81347
C 72.77570 82.34420 -1.46274
H -1.07194 93.51720 -2.53774
H 93.19550 93.34160 -2.80245
H 91.38650 95.95890 -2.27097
H 88.07500 95.74010 -2.32552
H -0.48725 76.69710 -2.89102
H 95.31110 79.51780 -2.91700
H 92.10690 79.73160 -2.91814
H 89.04630 79.66930 -2.86159
H 87.44810 81.70630 -2.99974
H 85.05550 85.33950 -3.26428
H 87.17120 87.70430 -2.86587
H 94.93660 90.72970 -2.50211
H 91.81750 90.55370 -3.02580
H 88.49460 90.43710 -2.77776
H 85.26490 89.96910 -2.30202
H 89.87850 93.15790 -2.51113
H 78.34040 89.39330 -0.01737
H 75.32360 90.04360 0.59862
H 72.25650 90.88280 0.86872
H 82.53210 91.15470 -2.67345
H 80.33230 91.54480 -0.79606
H 86.57110 93.01760 -2.39481
H 87.46230 75.14060 -0.96893
H 84.96350 74.18330 0.58238
H 87.33800 77.84690 -2.20365
H 84.92110 79.86390 -2.09950
H 81.98480 81.94090 -1.11427
H 82.15410 84.98320 -1.77235
H 82.55270 88.08660 -2.03494
H 79.91490 86.84430 -0.97578
H 76.82320 85.56770 -0.49548
H 74.14620 87.19670 -0.52686
H 92.59950 72.51560 -2.20092
H 0.87030 74.35300 -2.42565
H 93.84560 75.36570 -3.08952
H 90.54370 74.61380 -1.89065
H 94.58570 96.18860 -2.24269
H -0.44089 82.52190 -2.85859
H 93.66420 82.42470 -3.24714
H 90.54100 82.28750 -3.27868
H 95.24310 85.17480 -2.93792
H 92.10350 85.13760 -3.36184
H 88.78300 85.06230 -3.40574
H -0.61167 88.05610 -2.49552
H 93.59880 87.90130 -3.08271
H 90.36670 87.82770 -3.10781
H 77.48150 92.50700 -0.20821
H 74.54220 93.16390 0.40238
H 82.89340 93.89890 -1.44552
H 79.89050 94.63600 -0.86499
H 76.62610 95.53360 -0.29792
H 81.96470 72.50490 0.16436
H 84.79890 77.11590 -0.59396
H 82.03060 75.76810 0.08219
H 79.28510 74.13690 0.49615
H 76.52520 72.53440 0.66617
H 82.12790 78.78170 -0.52391
H 79.28540 77.38830 0.05375
H 76.49550 75.86260 0.62936
H 73.76140 74.32530 0.96289
H 79.26530 80.50890 -0.43027
H 76.44830 79.12830 0.08670
H 73.65550 77.53400 0.51174
H 79.39500 83.78180 -0.72925
H 76.56360 82.31090 -0.20708
H 73.77590 80.79570 0.13438
H 73.94420 84.01990 -0.02177
C 96.08570 95.11860 -0.55056
C 93.05180 94.94800 -0.71502
C 89.74230 94.89180 -0.75445
C -0.55877 78.63140 -1.07670
C 93.82150 78.70590 -1.29830
C 89.24500 81.78130 -1.30180
C 86.94390 83.92250 -2.23997
C 84.91330 87.48400 -1.96062
C -0.76943 89.72610 -0.67350
C 93.31230 89.62630 -1.26130
C 87.19640 89.29600 -0.99456
C 91.53960 92.14590 -1.12491
C 74.04230 89.77070 2.36228
C 82.15700 89.95580 -0.53751
C 78.97140 91.06030 1.23618
C 84.48730 92.06940 -1.34252
C 86.74390 94.64450 -0.55574
C 83.87530 95.66200 0.04576
C 89.84580 75.51870 -0.05989
C 86.95660 75.41020 1.45042
C 84.11250 72.49680 1.41995
C 87.04210 77.25330 0.28677
C 87.19570 80.13950 -1.07195
C 84.17650 82.09700 -0.90692
C 84.28050 84.45690 -0.94913
C 82.17940 86.70840 -0.01636
C 79.54720 87.61140 1.29670
C 76.45290 87.88430 0.09735
C 73.40980 86.00240 1.38482
C 95.83780 74.70630 -1.59743
C 92.87010 74.49320 -0.81228
C 92.60290 77.37200 -2.15536
C 95.13530 81.56450 -1.49388
C 92.10750 81.27350 -1.70034
C -0.75891 84.34920 -1.16818
C 93.47990 84.09030 -1.60004
C 90.42590 84.21240 -1.83622
C 94.98270 86.97070 -1.28793
C 92.00080 86.81420 -1.61186
C 88.97480 86.72330 -1.52293
C 90.25530 89.55180 -1.36254
C 88.36280 92.05300 -0.91895
C 76.20490 92.05730 1.86579
C 73.08650 92.75310 2.26586
C 81.50800 93.24840 0.48418
C 78.38210 94.43540 1.09930
C 75.34510 94.94860 1.83462
C 84.00560 76.28720 1.50412
C 81.36110 74.14410 1.83076
C 78.50650 72.45280 2.17352
C 84.34920 79.35730 0.25568
C 81.31410 77.59340 1.48077
C 78.45250 75.99200 1.90297
C 75.77380 74.23940 2.37653
C 81.34840 80.70930 0.86739
C 78.44870 79.20690 1.49927
C 75.64360 77.81290 1.99690
C 81.51030 83.87110 0.33921
C 78.63520 82.38130 1.08613
C 75.70740 80.93220 1.61570
C 73.10630 79.35800 1.99047
C 78.88580 85.56610 0.88785
C 76.03890 84.23660 1.25778
C 73.15630 82.56680 1.74754
