2979
Frame 29
C 11.14280 -1.15577 -1.42377
C 12.12580 1.89084 -0.89318
C 10.19290 4.22186 -1.36788
C 8.75121 7.41821 -0.48155
C 5.94862 9.66384 0.06511
C 2.34903 9.16402 -1.15013
C 0.14295 8.75682 -1.76291
C 21.94820 1.14610 0.24729
C 20.37710 4.95452 0.99395
C 23.08120 6.49761 -0.49603
C 22.94460 12.23850 -0.64115
C 17.47050 1.38166 -1.00072
C 14.43550 -0.14324 -0.35747
C 17.59850 4.97706 -1.01066
C 20.96660 9.35209 -0.62155
C 17.93840 8.29689 -0.71757
C 12.08400 5.31099 -1.12412
C 21.03560 13.06470 -0.63930
C 12.42950 8.75326 -0.82273
C 21.04300 16.69370 -0.71015
C 9.64985 10.71450 -0.63139
C 21.13800 20.13080 -0.58133
C 10.15570 14.01290 -0.64362
C 7.07134 12.55520 -0.63263
C 21.44510 23.43490 -0.63760
C 12.98670 18.59870 -0.37116
C 9.79507 17.22980 0.20855
C 12.90180 22.16570 0.55211
C 18.72040 -0.35030 -1.04660
C 3.62578 11.83820 0.10380
C 5.25252 15.04630 -0.47479
C 1.85532 14.83040 -0.60895
C 6.54701 17.58970 -0.41472
C 0.35270 17.49830 -0.86673
C 7.76029 20.28790 -0.51143
C 9.77040 22.86890 -0.13918
C 7.57118 96.51470 -1.90502
C 9.05054 1.51083 -1.56536
C 5.60994 1.09897 -1.80078
C 2.38555 0.80739 -2.10063
C 6.98811 4.05265 -1.65366
C 3.66203 3.52661 -1.78797
C 0.53278 3.40436 -1.95483
C 5.00647 6.72764 -1.46162
C 1.94917 6.17482 -1.71166
C 14.87650 3.60786 -1.01161
C 15.05470 7.06940 -0.81567
C 18.27090 11.42580 -0.51412
C 15.32400 10.16140 -0.64909
C 18.39820 14.94690 -0.20221
C 15.66580 13.39010 -0.45395
C 12.74960 12.11010 -0.65870
C 18.59350 18.58510 -0.34569
C 15.82250 17.00000 -0.42055
C 13.07220 15.37720 -0.48171
C 18.53640 21.91200 -0.38164
C 15.80700 20.28740 -0.25419
C 3.49497 17.70980 -0.64515
C 5.01061 20.49450 -0.32791
C 1.90929 20.56050 -0.57760
C 6.64529 23.06790 -0.20918
C 3.51723 23.16370 -0.34642
C 0.43957 23.12270 -0.75917
H 12.09700 -0.10518 0.60424
H 10.17160 2.48422 0.40553
H 8.44282 5.04980 0.10521
H 6.42859 7.52583 0.44447
H 0.15562 6.84234 -0.12774
H 2.09168 10.06170 0.98586
H 20.80390 2.57331 1.99731
H 22.76320 4.88400 1.38298
H 21.18800 7.38586 0.94048
H 22.85980 10.22460 0.83704
H 23.26370 15.96370 0.56694
H 18.34750 3.41506 0.41141
H 15.59260 1.84422 0.67539
H 18.40310 6.50926 1.04892
H 12.94130 3.75820 0.49198
H 13.00660 7.04756 0.56980
H 19.34150 12.94670 1.33346
H 10.35840 9.03728 0.74791
H 22.01850 18.62750 0.68705
H 19.43640 16.82280 1.24580
H 7.83964 11.07730 1.19180
H 22.27270 21.71000 1.07751
H 8.47455 14.16300 0.75634
H 11.36450 18.66870 1.66512
H 8.06543 18.58770 1.18798
H 20.16260 -0.40777 0.93298
H -0.30703 13.55250 -1.05727
H 5.41897 13.19910 1.15747
H 1.90830 13.15390 1.16501
H 6.56958 15.93820 1.44670
H 4.93082 18.55600 1.09965
H 9.70787 21.07860 1.04835
H 6.60061 21.21710 1.39250
H 9.09257 -0.46122 -0.20623
H 5.75980 -0.83220 -0.36575
H 2.59257 -1.15739 -0.59941
H -0.64449 96.22200 -0.86217
H 7.10591 2.08685 -0.13961
H 3.80878 1.67265 -0.29868
H 0.68223 1.42184 -0.54158
H 5.11322 4.62528 -0.11816
H 1.98906 4.28445 -0.21876
H 3.19873 7.19774 0.12627
H 15.70310 5.18582 0.69414
H 19.00930 9.63181 1.02590
H 16.10130 8.44993 0.94193
H 16.37000 11.61450 1.14801
H 13.45290 10.29250 0.94488
H 16.69210 15.16250 1.04101
H 13.74520 13.59810 1.12416
H 10.88230 12.21020 0.95940
H 19.40920 20.22990 1.25284
H 16.76350 18.53740 1.33883
H 13.97430 16.93260 1.20548
H 11.23520 15.44250 1.14446
H 16.79800 21.94430 1.37196
H 14.04240 20.15240 1.30907
H 3.40424 15.81860 0.92236
H 0.16256 15.82670 1.02617
H 1.76353 18.56570 0.83967
H 3.32841 21.30880 1.27024
H 0.09853 21.30950 0.88510
C 10.58540 -1.17678 1.71962
C 11.97700 1.98102 1.93329
C 9.90328 4.29372 1.98484
C 8.75682 7.26247 1.35974
C 6.45847 9.60421 2.01946
C 3.08304 8.53689 2.32410
C -0.07336 8.71512 1.33334
C 21.86750 0.85058 2.12280
C 22.11280 3.91888 3.65948
C 22.79750 6.80524 2.88571
C 22.96840 12.13780 2.58765
C 17.30310 1.65781 2.17220
C 14.35190 -0.24512 1.58450
C 17.37340 4.66551 2.48416
C 21.04220 9.46464 2.47424
C 17.78570 8.31966 2.76638
C 11.71530 5.21308 1.96325
C 21.43110 13.50020 2.66965
C 12.28290 8.63812 2.40115
C 21.35520 16.73110 2.38191
C 9.82853 10.63190 2.60534
C 21.43100 20.04450 2.70555
C 10.15780 13.86720 2.62636
C 7.35803 12.81910 2.66709
C 21.67260 23.45580 2.54083
C 12.91880 18.48620 2.89981
C 9.57708 16.91820 2.11025
C 13.03720 22.18250 2.43572
C 18.23320 -0.64923 2.02185
C 3.67989 11.72900 2.04683
C 4.72638 14.85580 2.77669
C 1.86978 14.66780 2.56373
C 6.44232 17.48840 2.71376
C -0.08369 17.68160 2.33480
C 8.12956 20.24710 2.98797
C 9.67521 22.75040 3.08081
C 7.42124 96.07160 1.13675
C 8.51785 1.10315 1.58071
C 5.43017 0.83578 1.30218
C 2.23838 0.46555 1.12271
C 6.76775 3.84828 1.55567
C 3.58379 3.39594 1.38764
C 0.43941 3.15158 1.22827
C 5.01741 6.42752 1.70556
C 1.76038 5.95712 1.54522
C 14.64130 3.65106 2.28150
C 14.79860 6.81315 2.32142
C 18.44060 11.49460 2.70711
C 15.24550 10.07010 2.67259
C 18.51330 14.97890 2.74420
C 15.71520 13.43740 2.64236
C 12.64670 11.93360 2.63440
C 18.65760 18.58060 2.88799
C 15.84430 16.74310 2.79982
C 12.99150 15.33070 2.82477
C 18.74140 21.99950 2.89025
C 15.88620 20.25600 2.95646
C 3.21033 17.64630 2.55298
C 4.91455 20.24170 2.80788
C 1.52536 20.30250 2.58905
C 6.50429 23.00760 3.01169
C 3.25499 23.10930 2.83190
C -0.20232 23.23400 2.35038
C 21.42350 26.66770 -1.04725
C 18.94320 28.44910 -0.58548
C 13.58190 25.55990 -0.28753
C 16.52820 30.42680 -0.66684
C 21.92480 29.68760 -0.91790
C 22.46610 32.74830 -1.27783
C 22.75750 35.86010 -2.24646
C 22.81990 45.54400 -2.99741
C 20.27120 44.23830 -1.93663
C 19.77720 32.22770 -0.09284
C 16.63730 32.57910 -0.76694
C 13.80780 32.10590 -0.57983
C 17.77820 35.63830 -0.85707
C 11.41950 34.39210 -0.40838
C 18.82740 38.60960 -0.78629
C 9.21881 36.86170 -0.92960
C 19.67820 41.37750 -1.31898
C 16.57810 40.90390 -1.33206
C 6.76875 39.16670 -1.00316
C 2.91425 39.63750 -0.88746
C 14.43080 43.47630 -1.43010
C 1.04607 43.05170 -1.19991
C 12.44880 46.03970 -1.39684
C 3.44681 44.67870 -1.69307
C 0.86304 47.28360 -1.79157
C 11.55140 25.46100 0.08891
C 10.31060 28.47570 -0.01623
C 11.66510 31.22400 -0.58485
C 8.46036 31.00420 -0.48031
C 7.64092 34.12600 0.09063
C 4.06946 34.12010 -0.49600
C 2.09628 36.69920 -0.48977
C -0.17497 36.85730 -0.60545
C 18.82780 25.09210 -0.60629
C 16.04730 23.68030 -0.27695
C 16.16550 27.02990 -0.55899
C 14.52880 35.09710 -0.62809
C 15.50160 38.11630 -0.91882
C 12.44370 37.43030 -0.88694
C 13.29180 40.44410 -1.11954
C 10.07930 39.94000 -1.00500
C 11.22320 43.00150 -1.26297
C 8.08270 42.40930 -1.18015
C 4.86717 42.02370 -1.39348
C 9.13591 45.48470 -1.33223
C 6.02508 45.05850 -1.30876
C 3.98594 47.58040 -1.34803
C 8.48471 25.78810 -0.09123
C 5.16280 25.86270 -0.34503
C 1.98916 25.90860 -0.46501
C 6.81117 28.45570 -0.30032
C 3.58037 28.64700 -0.39685
C 0.39583 28.75310 -0.62845
C 5.25336 31.27270 -0.43892
C 2.14775 31.40520 -0.45100
C 0.71887 34.00340 -0.60091
H -0.63171 43.36080 0.85384
H 22.40390 24.80450 0.34418
H 19.93160 26.73320 0.92281
H 14.31580 23.96530 1.40226
H 17.28870 28.64310 0.98379
H 14.44010 27.32580 1.49998
H 14.68370 30.40910 1.09964
H 22.78140 27.93740 0.59715
H 23.22760 31.18290 0.55785
H 20.31780 29.94300 0.93995
H 22.00860 40.33950 -1.35567
H 22.65450 43.37280 -2.39056
H 20.95790 43.03150 0.15584
H 18.72780 45.42020 -0.18517
H 18.26820 33.97410 0.62824
H 15.19070 33.44850 1.01538
H 12.31340 32.76220 1.20924
H 19.20540 37.13270 0.80000
H 9.73258 35.16980 0.97431
H 19.88670 40.28000 0.96871
H 7.53566 37.49550 0.28416
H 17.91580 42.58230 0.11625
H 4.99364 40.39610 0.50946
H 0.93152 40.81180 -0.16042
H 15.84840 44.82260 0.31765
H 3.14775 43.03630 0.05549
H 13.78960 47.25310 0.38853
H 1.39479 45.34540 -0.30824
H 11.31970 23.63720 1.63848
H 8.19238 23.91740 1.48254
H 10.02280 26.56610 1.75996
H 11.83040 29.41750 1.24757
H 9.88509 31.94750 0.99221
H 6.94961 32.04800 1.15647
H 5.42893 35.05240 1.02975
H 2.25621 34.86610 1.02785
H -0.81033 35.12160 0.91959
H 0.90648 37.95860 1.32515
H 19.61300 23.44990 1.12551
H 17.11860 25.42610 1.09960
H 21.61060 45.91180 -0.88456
H 16.01880 36.44540 0.74977
H 12.86130 35.87440 1.00292
H 16.94290 39.41440 0.60142
H 13.76870 38.80870 0.63815
H 10.64750 38.22260 0.66432
H 14.85580 41.81640 0.20681
H 11.58380 41.26890 0.49540
H 8.24529 40.62750 0.59538
H 12.73850 44.22820 0.23447
H 9.55241 43.68920 0.35709
H 6.29062 43.27100 0.25159
H 10.65750 46.71160 0.17094
H 7.48558 46.15900 0.34013
H 4.37451 45.81700 0.27907
H 5.03319 24.06330 1.31233
H 1.76143 24.06050 1.11213
H 6.72619 26.68510 1.33595
H 3.55034 26.80280 1.22758
H 0.31418 26.91460 0.99484
H 8.40392 29.32340 1.35901
H 5.22893 29.47670 1.20934
H 1.91365 29.58240 1.13094
H 3.74237 32.29180 1.22212
H 0.48435 32.27800 1.13894
C 21.88200 26.41170 2.35184
C 19.17450 28.44280 2.56022
C 13.57280 25.53770 3.13029
C 16.83230 30.63090 2.51359
C 22.14740 29.71960 2.23697
C 22.35910 33.01030 1.93341
C 21.43550 36.05870 0.50166
C 23.11830 44.26160 -0.06892
C 20.79310 45.29300 1.33657
C 20.12530 32.29790 1.70187
C 17.05100 32.72570 2.44745
C 14.02630 32.21370 2.84140
C 17.97290 36.05880 2.28301
C 11.45370 34.58650 2.62568
C 18.74920 39.16160 2.40544
C 9.17726 37.18940 2.36661
C 19.59480 42.49050 2.20608
C 16.51990 41.40470 1.98902
C 6.66280 39.33740 2.07648
C 2.75914 39.51340 1.15497
C 14.70020 43.79110 1.73240
C 1.53014 42.30530 1.77699
C 12.51400 46.18030 1.79956
C 2.82254 44.71400 1.74715
C 0.64892 47.07150 1.54775
C 11.47560 25.34770 3.36927
C 10.01320 28.42900 3.03749
C 11.35570 31.26350 2.89223
C 8.44746 31.20370 2.89814
C 7.66937 34.22170 1.99920
C 4.15030 34.38850 2.56036
C 2.25047 36.79840 2.66918
C -0.97677 36.91520 2.55673
C 18.97620 25.29590 2.65179
C 16.24360 23.87900 2.85648
C 16.01800 27.18450 2.61566
C 14.73400 35.34200 2.50410
C 15.52560 38.32290 2.24719
C 12.38920 37.82290 2.41504
C 13.53640 40.80530 2.00150
C 10.14930 40.10560 2.18111
C 11.37090 43.24630 2.01339
C 7.96775 42.58560 1.95316
C 4.67876 42.14540 1.77465
C 9.28193 45.61560 1.90990
C 5.97368 45.07590 1.91203
C 3.80374 47.56030 1.82302
C 8.14367 25.77320 3.14908
C 5.05606 25.86340 2.91386
C 1.83804 25.94390 2.66541
C 6.66814 28.53330 2.89095
C 3.51984 28.69800 2.75004
C 0.22742 28.63350 2.66425
C 5.28364 31.37120 2.80746
C 2.07162 31.40860 2.76819
C 0.59393 34.18110 2.65554
C 18.45450 47.34260 -1.96197
C 15.34770 46.52500 -1.56670
C 13.39550 51.47910 -2.30381
C 15.43520 53.80270 -2.07037
C 12.63590 55.22070 -1.43329
C 16.80210 56.51990 -1.63870
C 18.96950 58.94630 -1.81311
C 20.67230 61.68630 -1.83140
C 22.73730 64.48750 -1.60918
C 17.66740 61.77730 -1.80684
C 15.32400 59.85950 -1.25320
C 12.00730 59.15770 -1.93645
C 9.98280 57.05280 -0.71501
C 20.93940 66.89560 -1.96991
C 18.72640 64.81540 -1.27941
C 8.91597 60.75070 -1.10864
C 21.55700 69.94740 -2.03570
C 9.69263 64.05920 -1.96575
C 9.92511 67.32320 -2.47253
C 7.42292 69.44060 -2.92243
C 11.48900 51.44020 -1.41321
C 5.25603 50.48620 -1.37032
C 1.91005 50.18030 -1.52804
C 9.63870 53.86030 -1.58442
C 6.18755 53.41900 -1.44030
C 3.21401 53.09020 -1.40759
C 0.14938 52.95620 -1.74337
C 5.64999 56.25310 -0.44750
C 7.15548 58.42180 1.27362
C 5.48721 61.38700 -1.73855
C 7.60949 63.68690 -1.98533
C 6.59311 66.53380 -2.25447
C 5.28937 69.46230 -2.88942
C 21.40840 47.83530 -2.32471
C 19.86080 50.42220 -2.09746
C 16.77210 50.00810 -1.27648
C 21.64520 53.44480 -2.13086
C 18.47260 53.54360 -1.93326
C 20.32640 56.31600 -1.88760
C 22.11540 58.88740 -1.82946
C 15.32110 63.65710 -1.98489
C 12.24830 62.21290 -1.97359
C 18.51710 68.62100 -2.13554
C 15.82770 66.89780 -2.09715
C 12.61840 65.52460 -2.16938
C 16.06650 70.07730 -2.58669
C 13.08250 68.65610 -2.63086
C 10.45860 70.47890 -3.12821
C 10.32220 48.54210 -1.40459
C 7.05531 47.95820 -1.26945
C 8.26872 50.95730 -1.34618
C 1.46558 56.06830 -0.85851
C 3.53677 58.80310 -1.56309
C 0.26839 59.36380 -1.81892
C 2.32156 61.94040 -1.73152
C 4.40678 64.32180 -1.93436
C 1.17543 65.00070 -1.85757
C 3.13415 67.30670 -2.26391
C 0.09219 68.04110 -2.00975
C 2.23818 70.22610 -2.56960
H 0.27708 50.77370 -0.45414
H 16.82130 47.81020 -0.08844
H 15.26480 51.83740 -0.55713
H 14.00430 54.82100 -0.07181
H 15.50480 57.53280 -0.34329
H 20.52010 59.85840 -0.20877
H 17.48400 59.95390 -0.23664
H 22.32060 62.49470 -0.24142
H 12.41800 57.43590 -0.14563
H 10.81000 54.96800 0.25635
H 20.89000 65.18210 -0.23127
H 19.08910 62.67530 -0.25390
H 15.80060 62.03110 -0.25362
H 13.19400 60.61560 -0.35060
H 10.49750 59.31410 0.03908
H 22.13360 68.16670 -0.24355
H 10.45630 62.47970 -0.28606
H 10.78620 65.88750 -0.49166
H 8.20622 67.97300 -1.15034
H 8.64216 71.15040 -1.55941
H 11.70190 49.71290 0.34804
H 2.18071 48.28790 0.13754
H 9.65974 52.18400 0.26238
H 6.58761 51.65330 0.28084
H 3.42266 51.23950 0.08979
H 7.63953 54.64550 -0.24249
H 4.57731 54.20570 0.26146
H 1.43750 53.79950 0.25465
H 6.07206 56.13130 2.12064
H 5.20391 59.73020 0.24540
H 7.18983 62.18310 -0.14789
H 6.21845 64.98150 -0.33862
H 5.07304 67.94700 -0.98891
H 4.20570 71.01820 -1.24524
H 23.25110 48.59920 -0.88404
H 19.97230 48.58780 -0.45463
H 21.66310 51.43180 -0.68315
H 18.52810 51.62200 -0.40128
H 20.16210 54.37240 -0.40737
H 16.98120 54.48040 -0.17858
H 21.99830 57.03260 -0.30561
H 18.71980 57.11970 -0.19800
H 19.07490 67.01790 -0.44193
H 16.45330 65.20450 -0.40313
H 13.34500 63.90660 -0.48486
H 19.56840 70.12910 -0.52626
H 16.59520 68.71150 -0.57110
H 13.76740 67.22300 -0.66473
H 14.07420 70.46020 -1.23865
H 11.17470 69.08240 -1.18171
H 8.56701 49.14770 0.23543
H 5.37758 48.71730 0.31503
H 3.42500 57.11660 0.22731
H -0.21091 57.78480 -0.31282
H 2.00253 60.11450 -0.09295
H 4.06648 62.66100 -0.18751
H 0.93350 63.20840 -0.15118
H 3.03102 65.64700 -0.41529
H -0.08718 66.33290 -0.23534
H 2.01372 68.72370 -0.59477
H 0.98827 71.59400 -0.97083
C 18.77040 47.51910 1.43721
C 15.75150 46.80670 1.93530
C 13.76900 49.86000 0.38324
C 15.50760 53.05760 1.31250
C 12.39000 53.88040 1.76121
C 17.07640 56.35500 1.41298
C 18.93800 58.96240 1.38048
C 20.59860 61.73560 1.36710
C 22.61010 64.37700 1.35526
C 17.58050 61.73850 1.35792
C 15.29910 59.84240 0.63765
C 12.37270 59.29380 1.57805
C 10.31600 57.15410 1.25872
C 20.76070 67.03380 1.36302
C 18.64090 64.91050 0.61192
C 8.97976 60.94820 1.00211
C 21.37580 70.05370 1.13180
C 9.76498 64.27360 1.18415
C 10.02640 67.67610 0.58380
C 7.77629 69.89970 0.34364
C 11.56160 51.85890 1.73520
C 5.08850 50.59430 1.84247
C 1.76537 50.22260 1.63656
C 9.11407 54.07630 1.75541
C 6.34683 53.58510 1.71256
C 2.98296 53.07660 1.76615
C -0.40525 52.67600 1.28000
C 4.20946 55.70900 2.21336
C 6.81279 58.33660 3.14449
C 5.46648 61.52910 1.56036
C 7.72238 64.01470 1.34420
C 6.71708 66.91100 0.57309
C 5.73651 69.83920 0.34422
C 21.78690 47.59020 0.80794
C 20.15600 50.56530 1.11117
C 16.83340 50.15870 0.57643
C 21.70330 53.22400 1.03236
C 18.62980 53.40100 1.26097
C 20.39100 56.11220 1.27394
C 22.04520 58.84200 1.36301
C 15.16330 63.84730 1.25429
C 12.41610 62.30630 1.24144
C 18.37800 68.68890 1.11626
C 15.59650 67.07230 1.02449
C 12.71150 65.74920 1.08788
C 15.73790 70.66170 0.57725
C 12.99680 69.18750 0.59993
C 10.63740 71.14690 -0.01068
C 10.47350 48.65320 1.77152
C 7.14484 48.00050 1.85608
C 8.30536 50.97960 1.86972
C 1.21559 56.11200 0.99275
C 3.20338 58.74840 1.69068
C 0.12596 59.53930 1.43990
C 2.36460 61.93650 1.44315
C 4.41828 64.55960 1.32613
C 1.42514 65.11290 1.33605
C 3.61160 67.60250 0.92186
C 0.39691 68.31450 1.18413
C 2.64346 70.78850 0.65056
C 8.05138 90.86000 -2.46750
C 9.50670 93.97690 -2.03444
C 6.23490 93.70760 -2.42580
C 3.21182 92.98180 -2.57397
C -0.15810 92.83330 -2.92061
C 3.46975 75.62400 -3.24047
C 8.30421 78.25910 -4.15195
C 5.10277 78.40020 -3.86622
C 1.96717 78.34240 -3.61663
C 9.66531 86.91340 -5.62982
C 8.86773 89.00900 -2.83680
C 5.08980 90.32220 -2.64559
C 1.88094 90.22810 -3.11397
C 22.09820 80.75380 -2.07444
C 18.45680 81.75340 -1.95236
C 15.88350 83.67600 -3.14190
C 11.49340 86.10420 -6.01642
C 11.90670 88.13520 -2.92183
C 11.12860 91.35110 -2.47923
C 13.39200 93.52580 -1.67284
C 15.99960 95.43660 -1.13541
C 21.37720 96.05130 -0.81175
C 22.14220 73.58520 -2.00248
C 22.46500 77.11800 -1.36723
C 19.64620 78.51650 -2.40838
C 7.74359 72.39610 -3.50910
C 14.43150 78.39050 -4.55323
C 11.64460 76.70380 -5.04120
C 6.99055 75.42480 -3.20495
C 14.84460 82.06990 -3.99879
C 4.33535 72.58200 -3.12663
C 1.18830 73.32440 -2.73839
C 4.36005 96.11670 -2.19124
C 1.21269 95.71040 -2.38566
C 6.73362 81.20850 -4.43754
C 3.46776 81.15580 -4.02628
C 0.30435 81.30330 -3.82797
C 8.03367 83.93670 -4.95912
C 4.84690 84.11160 -4.31070
C 1.71308 84.12850 -3.90191
C 6.59935 86.90900 -4.19512
C 3.41980 87.31060 -3.85961
C 0.31803 87.20980 -3.66559
C 21.05330 84.19320 -1.90762
C 18.07780 85.47080 -2.29259
C 15.03490 86.87990 -2.89162
C 20.43890 87.44170 -1.65925
C 17.44230 88.94130 -2.13247
C 14.35900 90.00110 -2.52304
C 23.05650 89.50590 -0.93875
C 19.77370 90.82140 -1.48157
C 16.72070 92.18510 -1.70164
C 22.17020 92.77390 -0.98053
C 18.97880 94.11540 -1.29715
C 19.05830 71.63000 -2.45084
C 19.41870 74.82420 -2.87839
C 16.55570 73.18380 -3.15028
C 13.50290 71.77000 -3.29049
C 16.73010 76.31280 -3.87414
C 14.03180 74.76700 -4.09572
C 10.90280 73.68580 -3.91944
C 16.88480 79.58100 -3.84303
H 9.41405 91.87520 -0.76408
H 6.29684 91.71000 -1.05447
H 10.76780 94.63680 0.08443
H 4.42870 94.10100 -0.79568
H 1.36064 93.59700 -1.09968
H 5.11525 76.59900 -2.08929
H 1.92690 76.89060 -1.46077
H 6.86576 79.54130 -2.53212
H 8.27055 82.43070 -2.68179
H 9.91739 84.80210 -4.26132
H 7.54547 89.02760 -0.75841
H 3.19608 90.92630 -1.10412
H 0.01773 90.74110 -1.55065
H 21.24160 79.03340 -0.58970
H 20.56480 82.31230 -0.87023
H 17.08760 83.68500 -0.86930
H 14.22820 84.85790 -1.59562
H 12.65230 86.46990 -3.74480
H 10.70470 89.20550 -1.32449
H 12.94770 91.28270 -0.93391
H 15.25550 93.25870 -0.02601
H 13.44480 95.47810 -1.35261
H 17.77950 95.38210 0.14135
H 22.40120 71.40130 -0.74373
H 22.59200 75.02620 0.12557
H 20.12110 76.45850 -1.17887
H 17.29700 78.19140 -2.43291
H 11.88300 75.23930 -2.96658
H 8.97165 74.17360 -2.39668
H 6.23866 73.49540 -1.92287
H 14.60210 79.96660 -2.54533
H 11.90900 78.43370 -3.57293
H 3.21822 73.96000 -1.39451
H 7.66728 94.45660 -0.60493
H 3.62106 79.51210 -2.17314
H 0.33280 79.49390 -2.16441
H 5.19032 82.23970 -2.78980
H 2.01238 82.28830 -2.34167
H 6.72492 85.12930 -3.00887
H 3.48233 85.14890 -2.54217
H 0.33027 85.15360 -2.17582
H 4.97522 87.92920 -2.44895
H 1.83312 88.02030 -1.97077
H 23.40160 80.95400 -0.00451
H 22.49470 84.51640 0.15601
H 19.57680 85.61090 -0.29738
H 16.60090 86.91720 -0.97791
H 13.69280 88.05360 -1.19598
H 21.95120 87.66630 0.31630
H 18.97700 88.85880 -0.23131
H 15.92190 90.10170 -0.58381
H 21.43990 90.85220 0.34661
H 18.37020 92.01580 0.10574
H 20.72370 94.11150 0.53590
H 19.92930 73.35360 -0.96133
H 17.00020 71.85250 -1.16737
H 17.24260 75.07080 -1.75015
H 14.46180 73.60300 -1.96759
H 11.54470 72.29510 -1.97294
H 14.55650 76.71020 -2.76096
C 7.72118 90.96660 0.74471
C 9.23440 93.59510 1.10422
C 6.07957 93.28750 0.80824
C 2.96114 92.72410 0.63254
C -0.04893 92.20070 0.45337
C 3.89492 75.90250 -0.04726
C 8.85469 79.09300 -1.15047
C 5.41555 78.64970 -0.66728
C 2.00708 78.76640 -0.39475
C 11.74140 83.04390 -4.48925
C 9.24458 88.16040 0.48574
C 5.16498 89.60250 -0.57835
C 1.64216 89.58530 -0.00387
C 21.17090 80.79460 1.05239
C 18.20880 81.65580 -0.02567
C 14.76860 82.79310 -0.26647
C 12.07690 84.15750 -2.76698
C 11.61520 86.94870 -1.34985
C 11.09750 90.70310 0.57242
C 12.86250 93.47980 0.27658
C 15.87590 94.55130 1.70310
C 21.10830 95.63700 2.40579
C 21.69290 73.30130 0.88373
C 21.25480 77.05030 0.88702
C 18.88410 78.53220 -0.69219
C 8.13477 72.94760 -0.40872
C 12.84220 78.24350 -1.76359
C 9.61421 77.67300 -2.55324
C 7.34242 75.69980 -1.52587
C 13.29760 81.51700 -1.10404
C 4.95642 73.05910 0.09092
C 1.63711 73.55350 0.43511
C 4.20168 95.76730 1.03823
C 1.01013 95.25780 0.69759
C 7.16246 81.81860 -1.33568
C 3.86751 81.59380 -0.84840
C 0.45424 81.43110 -0.69000
C 8.95391 84.87600 -1.83871
C 5.25171 84.15360 -1.15297
C 2.06895 84.17120 -0.74532
C 6.56664 86.74980 -1.06136
C 3.49415 86.84970 -0.70639
C 0.26210 86.82040 -0.39270
C 20.36090 83.77870 1.15939
C 17.29310 85.22550 0.75860
C 14.49990 86.07880 0.14230
C 19.78770 87.24180 1.51480
C 16.86340 88.38830 0.97469
C 13.91480 89.56180 0.69336
C 22.19260 89.33910 2.16617
C 19.39970 90.36360 1.65711
C 16.25450 91.58170 1.42066
C 21.69780 92.46750 2.18053
C 18.59280 93.76680 1.85986
C 18.63500 72.05770 0.67960
C 18.71670 75.16180 0.23763
C 16.02260 73.78160 -0.05151
C 13.18210 72.48010 -0.17786
C 15.94490 76.98160 -0.81025
C 13.35410 75.47910 -0.96204
C 10.77040 74.34970 -0.89836
C 15.86840 79.50390 -0.78414
C 36.61970 0.11473 0.29912
C 33.50080 -0.35129 0.37738
C 37.63500 3.22061 0.24378
C 46.69570 9.66763 -0.97273
C 43.47480 9.23510 -0.72032
C 40.31170 8.69388 -0.40813
C 41.17450 11.72830 -0.85191
C 31.88160 0.62350 -0.01431
C 25.68060 0.84092 -0.12969
C 34.03630 3.00116 0.98955
C 35.68510 5.73241 0.22570
C 37.10730 8.60478 -0.25678
C 24.47820 9.33508 -0.49298
C 38.96610 11.36750 -0.72531
C 37.80320 14.53290 -1.11083
C 24.54870 15.03430 -0.66170
C 26.53840 17.51130 -0.78742
C 33.22890 20.33060 -1.68822
C 31.22780 20.28180 -0.98328
C 27.90890 20.21950 -0.70208
C 24.34460 20.83910 0.00923
C 47.70530 11.43940 -1.44280
C 44.59680 12.36700 -0.71818
C 43.26000 14.76380 -2.60985
C 41.85450 17.74730 -2.31106
C 38.50800 19.33600 -1.90188
C 38.56940 22.47490 -1.73232
C 45.72650 1.12411 -0.10349
C 42.77910 0.81480 0.30218
C 39.71270 0.42245 0.42449
C 47.11890 4.03689 -0.56824
C 44.04080 3.63133 -0.11513
C 40.84500 3.36717 0.11534
C 45.36300 6.66171 -0.55050
C 42.14380 6.24554 -0.29289
C 38.91210 5.89072 -0.02998
C 28.83470 0.75745 0.07242
C 30.80080 3.55554 0.18350
C 27.51520 3.47224 -0.01665
C 24.21440 3.66412 -0.20031
C 32.46620 6.11048 0.03129
C 29.22850 6.19268 -0.07619
C 26.05600 6.40144 -0.24765
C 34.08850 8.81292 -0.25117
C 30.95900 8.97993 -0.25431
C 27.79050 9.15868 -0.33446
C 35.76090 11.67420 -0.60124
C 32.59740 11.66480 -0.48044
C 29.41560 11.80700 -0.40480
C 26.20370 12.05130 -0.50721
C 34.15190 14.38650 -0.92853
C 31.06400 14.47530 -0.68581
C 27.95930 14.59740 -0.60359
C 35.87440 17.28300 -1.27847
C 32.36450 17.24680 -1.19578
C 29.52950 17.34190 -0.76782
C 47.47550 14.54930 -1.58214
C 44.51730 16.16300 -1.76957
C 47.31620 17.67840 -1.71421
C 44.41400 19.27420 -1.91216
C 41.44290 21.01630 -2.00734
C 47.11780 20.90720 -1.79259
C 44.30620 22.44520 -1.94143
H 34.97120 0.93666 1.88871
H 39.26930 4.23571 1.74915
H 36.09160 4.01047 2.00545
H 47.00270 7.88733 0.81586
H 40.51600 7.08474 1.43088
H 45.08720 10.40710 0.60922
H 41.78930 10.09800 0.93774
H 28.78930 -1.03293 1.96924
H 25.78630 -1.06731 1.38704
H 30.49700 1.62588 1.86708
H 23.95190 1.84834 1.34467
H 32.28050 4.48444 1.93231
H 37.33890 6.91691 1.55051
H 34.12260 7.08809 1.58282
H 38.76340 9.75406 1.15848
H 37.55750 12.72320 0.75969
H 24.61590 13.09990 1.03497
H 39.09600 15.53920 0.41689
H 35.94820 15.39340 0.43052
H 34.20950 18.59330 -0.12205
H 25.02760 18.59500 1.07168
H 32.88490 21.54740 0.57080
H 29.70730 21.07920 0.81115
H 26.76000 21.32710 0.68800
H 46.74430 13.02560 0.15434
H 43.61740 14.53660 -0.13410
H 41.23590 16.03880 -1.87707
H 40.41580 19.25590 -0.89343
H 37.74600 20.85540 0.18817
H 22.79170 -1.03186 1.02839
H 46.20900 -0.54129 1.57475
H 43.05440 -0.90478 1.98118
H 40.00500 -1.27421 2.17357
H 36.86180 96.17450 2.11280
H 47.51670 2.27835 1.06904
H 44.34060 2.02483 1.72032
H 41.21920 1.72266 1.85648
H 38.00490 1.39266 1.89868
H 45.63900 4.92409 1.19440
H 42.44930 4.56814 1.43423
H 43.73280 7.53332 1.10156
H 27.14680 1.70912 1.65467
H 29.06890 4.44540 1.69536
H 25.84560 4.61829 1.43620
H 30.83660 7.21453 1.48619
H 27.63180 7.37912 1.41835
H 24.43990 7.51869 1.24266
H 35.67420 9.95699 1.26289
H 32.56320 9.95868 1.30633
H 29.40200 10.03330 1.32517
H 26.16940 10.20450 1.18409
H 34.23110 12.75180 0.95554
H 31.06070 12.77790 1.18118
H 27.85600 12.87660 1.09849
H 32.73650 15.62130 0.67904
H 29.61890 15.58290 0.91014
H 26.39640 15.75170 0.89527
H 31.18110 18.44670 0.60815
H 28.12170 18.36020 0.91144
H 46.36920 16.14390 -0.06235
H 43.40900 17.72650 -0.34144
H 46.17610 19.27420 -0.21649
H 43.30320 20.85420 -0.35498
H 40.48770 22.41560 -0.16883
H 46.05800 22.45950 -0.23151
C 36.60250 0.32538 3.63245
C 33.58470 -0.08132 3.71623
C 37.67060 3.35588 3.41622
C 46.87870 9.95834 2.20917
C 43.69780 9.61841 2.45750
C 40.44360 9.00251 2.79554
C 41.31410 12.08970 2.30464
C 31.71190 0.79719 3.90538
C 25.35940 0.70188 3.02852
C 34.03210 3.01693 2.89263
C 35.74690 6.08402 3.26877
C 37.23610 8.97876 2.91477
C 24.43040 9.46291 2.74359
C 39.16090 11.78770 2.46218
C 37.83330 14.90140 2.11204
C 24.69760 15.05250 2.56418
C 26.37660 17.66360 2.56235
C 35.27030 20.81090 0.78350
C 31.67380 20.35450 2.19239
C 28.23260 20.21050 2.53218
C 24.48160 21.02410 1.91297
C 47.81800 11.69970 1.84203
C 44.55820 12.71700 1.15012
C 41.32810 14.33610 0.22387
C 41.13640 17.22630 0.41833
C 38.99080 19.47390 1.34522
C 38.86760 22.64600 1.72051
C 46.28100 1.40893 3.00719
C 42.90890 1.07027 3.41833
C 39.74950 0.78829 3.50345
C 47.56750 4.23369 2.62477
C 44.25920 4.02828 3.01253
C 41.06020 3.68197 3.26348
C 45.60050 6.95248 2.60561
C 42.41260 6.49155 2.90433
C 39.00550 6.16292 3.21458
C 28.62110 0.54680 3.32854
C 30.55760 3.63818 3.50484
C 27.26070 3.60451 3.18463
C 24.09940 3.63842 2.97910
C 32.35090 6.28319 3.23400
C 29.17020 6.46347 3.11771
C 25.89520 6.56294 2.96420
C 34.13710 9.12170 3.01007
C 30.93480 9.15627 2.98678
C 27.70110 9.36974 2.93766
C 35.98700 12.04710 2.59277
C 32.70440 11.95330 2.76913
C 29.41110 11.93860 2.79467
C 26.18210 12.14160 2.74139
C 34.46850 14.85460 2.31112
C 31.30550 14.86200 2.54965
C 27.94310 14.86520 2.57536
C 36.51500 17.63940 0.45831
C 33.30770 17.83130 1.75665
C 29.87260 17.51230 2.41285
C 47.40350 14.82290 1.68830
C 44.24660 16.00210 1.25556
C 47.22870 17.83740 1.51866
C 44.20970 19.23760 1.34007
C 41.30860 20.57780 1.09107
C 47.09040 20.94800 1.36783
C 44.19080 22.41300 1.27003
C 47.33310 30.24160 -1.49446
C 45.80670 33.74860 -1.88994
C 47.74010 36.27210 -1.84568
C 46.49730 39.12260 -1.73890
C 35.73060 23.71440 -1.50056
C 38.29760 26.12250 -1.14189
C 41.16340 27.30290 -1.72554
C 46.68170 27.13620 -2.07851
C 43.76070 29.09080 -1.88939
C 35.09810 25.75910 -1.58502
C 32.47750 23.87880 -0.49353
C 28.49190 23.19920 0.38329
C 39.22630 30.08300 -1.60675
C 35.87960 28.91200 -1.66273
C 26.62710 25.66600 -1.18012
C 42.88780 34.88810 -2.14993
C 39.71410 33.47750 -1.81603
C 24.39970 27.76900 -1.23137
C 40.68300 37.12810 -0.45264
C 37.81380 38.36290 -1.99915
C 36.00950 40.94430 -1.51977
C 33.55820 42.70310 -2.24506
C 30.61340 41.30080 -2.81882
C 27.50070 40.99470 -2.04127
C 22.40620 39.00480 -2.84419
C 24.13700 42.62430 -3.79883
C 29.94710 44.50890 -2.22945
C 26.15740 44.85650 -3.13983
C 31.11240 47.40690 -2.68356
C 44.31030 36.59460 -1.69053
C 42.95520 39.34880 -1.42234
C 40.05300 40.62380 -1.44862
C 44.64670 41.79450 -1.74073
C 39.80450 43.89780 -1.56662
C 36.76990 44.93790 -2.80460
C 33.80620 46.06260 -1.80286
C 45.48530 44.41810 -1.57254
C 41.28440 24.08960 -1.81583
C 46.98480 23.99910 -1.87228
C 44.03650 25.59260 -1.94034
C 32.67910 27.67730 -1.50421
C 29.85120 26.46290 -1.27631
C 36.64460 31.99740 -1.82528
C 33.48300 30.81930 -1.67430
C 30.38170 29.79370 -1.52398
C 27.33730 28.77910 -1.36925
C 37.21300 35.25950 -1.91546
C 34.15940 34.05980 -1.85993
C 30.97830 32.99060 -1.82592
C 27.90570 31.96150 -1.58014
C 25.00810 30.86770 -1.27031
C 34.97640 37.24500 -1.97599
C 31.78700 36.00570 -2.09312
C 28.45860 34.93710 -1.98406
C 25.35240 34.10970 -1.67441
C 32.75710 39.44380 -2.20817
C 29.31110 38.12380 -2.42863
C 25.68930 37.39600 -1.62170
C 28.12060 47.42530 -2.79690
C 42.66600 42.50000 -1.40533
C 42.66870 45.69150 -1.65350
C 39.66660 46.78460 -1.79050
H 45.81230 31.76640 -0.21625
H 47.59530 34.39240 -0.28038
H 46.18440 37.22210 -0.21193
H 37.67480 24.03500 0.05996
H 40.48500 25.57530 -0.13465
H 39.42270 28.10790 -0.13554
H 45.76490 28.71160 -0.48681
H 42.98770 30.30290 -0.20500
H 36.43580 27.15230 -0.01660
H 33.40830 26.04170 0.20881
H 30.38270 24.93420 0.59710
H 40.37350 31.75840 0.13901
H 37.25530 30.30850 -0.10566
H 28.08010 27.17990 0.30290
H 25.23080 25.91090 0.46672
H 41.21440 34.71290 -0.34581
H 38.34080 36.49860 -0.41684
H 39.37860 39.22060 -0.21573
H 23.29610 34.35540 -0.08504
H 36.35650 41.88270 0.90795
H 30.65430 39.56920 -0.88222
H 27.60900 38.74690 -0.78796
H 23.25270 37.46330 -0.84613
H 34.26210 43.96550 -0.53715
H 31.23710 42.69480 -1.21719
H 25.85110 42.72530 -1.71868
H 31.60580 45.80410 -0.90814
H 27.90500 45.67470 -1.62317
H 44.34960 34.65220 -0.10610
H 43.04040 37.53270 0.21280
H 44.90380 40.03410 -0.12920
H 41.94110 40.91230 0.20302
H 39.19930 42.35800 0.40766
H 37.23420 43.22700 -1.66286
H 44.40320 43.09810 0.27479
H 43.21650 23.96150 -0.35254
H 45.92090 25.57450 -0.37952
H 43.16040 27.19000 -0.33326
H 34.05380 29.14710 0.00434
H 30.99160 28.14050 0.22724
H 37.75370 33.47490 -0.24809
H 34.77990 32.34490 -0.19618
H 31.65740 31.30630 -0.15790
H 28.63230 30.31730 0.10505
H 25.65340 29.13360 0.36542
H 35.29360 35.49210 -0.26059
H 32.29240 34.38040 -0.28739
H 29.22730 33.46080 -0.16315
H 26.06860 32.41540 0.00239
H 35.99490 38.77350 -0.32275
H 32.96210 37.60470 -0.58282
H 29.85500 36.46370 -0.67637
H 26.81880 35.56950 -0.23748
H 33.71750 40.87950 -0.56060
H 24.67140 45.64350 -1.30222
H 41.61680 44.20140 0.01542
H 38.74570 45.36700 0.12887
H 36.00990 46.42980 -0.88949
H 44.50500 46.15460 -0.05471
H 41.52480 47.34840 -0.27280
C 47.54520 30.01980 0.39466
C 45.98930 33.24640 1.30430
C 47.75620 36.17570 1.35290
C 46.50290 39.02870 1.48340
C 35.91050 23.84500 1.76861
C 38.41930 26.14010 0.99549
C 41.30470 27.40710 1.26604
C 46.54110 27.25110 1.26581
C 44.07120 28.89050 1.28145
C 35.27970 25.91200 1.78906
C 32.57700 23.98960 1.43169
C 29.46910 23.10830 2.11720
C 39.15740 29.90980 1.53309
C 35.91750 28.96120 1.60263
C 26.77680 25.72230 1.93823
C 42.75890 32.84470 0.36843
C 39.68160 33.44200 1.39755
C 24.69050 27.85220 2.18718
C 41.10110 36.49770 1.34727
C 37.58860 38.20560 1.32918
C 35.20790 40.47900 1.40988
C 32.64450 42.61990 0.81279
C 29.67540 41.38160 0.29622
C 27.26470 41.04930 -0.13760
C 21.95370 38.90230 0.85671
C 23.89330 41.55110 -0.91153
C 29.69100 44.48500 -0.37188
C 26.40090 44.21010 -0.15741
C 31.22050 47.59510 0.69050
C 44.67440 36.35560 1.60841
C 43.30040 39.46680 1.67418
C 40.15190 40.42240 1.85313
C 45.48000 41.56890 1.75732
C 40.04190 44.28770 1.92652
C 36.46810 44.43990 0.47983
C 33.75760 46.24990 0.08787
C 45.76590 44.72510 1.48597
C 41.45200 23.95690 1.37001
C 46.97040 24.11870 1.26930
C 44.10670 25.53890 1.20307
C 32.85580 27.83460 1.78203
C 29.88820 26.68230 1.97969
C 36.61160 32.13740 1.46849
C 33.45990 31.05540 1.46404
C 30.57350 30.07390 1.62737
C 27.60160 28.96240 1.90148
C 37.11690 35.23150 1.34084
C 34.04700 34.07760 1.39363
C 31.05420 33.07990 1.39964
C 27.98140 32.20080 1.59298
C 25.08710 31.04270 1.90725
C 34.52850 37.40230 1.19682
C 31.64420 36.28640 1.04182
C 28.57860 35.42460 1.20992
C 25.38700 34.36480 1.43066
C 32.28910 39.48850 0.91254
C 29.13380 38.38940 0.79283
C 25.51800 37.67180 0.19620
C 27.99170 47.20020 0.37110
C 42.50970 42.69040 1.73005
C 42.59240 45.94380 1.45876
C 39.67640 47.26760 1.36158
H 35.69170 60.33020 -0.51976
H 32.93680 59.00200 -0.86580
H 39.30540 64.20410 -0.43742
H 36.27500 63.18510 -0.26621
H 43.02910 68.31820 0.57164
H 39.89060 67.20000 0.41047
H 27.91720 63.08310 -0.21629
H 43.42750 71.41930 1.21324
H 24.28480 65.58970 0.06626
H 25.61360 68.56980 -0.08097
H 26.76940 71.55820 -0.19540
H 33.28620 62.17360 -0.23647
H 36.88770 66.26240 0.12678
H 33.77080 65.25150 0.06224
H 30.71270 64.15650 -0.03398
H 40.54740 70.35190 0.80802
H 37.42850 69.34730 0.58932
H 34.40620 68.32000 0.28943
H 31.28300 67.22140 0.18329
H 27.89970 66.25970 -0.09126
H 35.02210 71.48170 0.63679
H 31.99890 70.45250 0.45283
H 28.91180 69.29730 0.16574
C 45.40770 67.07790 -1.62906
C 47.66250 69.36800 -0.36582
C 33.55600 50.37070 -1.77129
C 34.54520 53.38630 -2.65307
C 32.68640 56.00960 -2.34593
C 29.59160 55.79010 -2.28665
C 29.07410 59.00550 -1.38701
C 26.80030 61.67190 -1.83716
C 23.97450 61.50780 -1.78622
C 35.12350 58.46790 -2.12962
C 38.12840 62.46280 -1.70050
C 34.94100 62.15090 -2.04115
C 32.25120 60.77800 -2.06811
C 41.96710 66.32240 -0.61855
C 38.75420 66.07790 -1.53691
C 29.70740 62.80300 -1.84526
C 42.41630 70.34530 -0.75712
C 26.28490 64.68040 -1.02957
C 24.12710 67.42540 -1.65480
C 24.73730 70.68340 -1.14205
C 36.90540 48.22150 -2.24166
C 36.70260 51.27640 -2.32031
C 35.81790 55.13180 -2.44492
C 38.54940 56.69140 -2.41234
C 40.77240 59.12470 -1.52293
C 46.63540 59.43090 -1.05070
C 41.31870 63.15400 -1.54797
C 45.96590 62.61410 -0.68509
C 44.29520 63.94480 -0.62751
C 24.67780 47.71160 -2.64931
C 29.71650 50.20060 -2.64377
C 26.33740 50.41210 -2.52404
C 23.24790 50.57920 -2.37449
C 31.19770 52.97620 -2.50890
C 27.86560 53.07230 -2.37281
C 24.76940 53.14840 -2.23268
C 26.67830 56.01360 -2.17066
C 23.45750 56.08450 -2.07000
C 25.38280 58.86000 -1.81198
C 35.62460 65.06130 -1.60302
C 32.50200 64.01600 -1.67759
C 39.35860 69.15410 -0.95820
C 36.27890 68.23030 -1.29006
C 33.17550 67.11780 -1.46690
C 29.88470 65.99270 -1.50770
C 36.99350 71.35270 -0.85214
C 33.86810 70.25550 -1.17470
C 30.90580 69.13760 -1.31715
C 27.54210 68.18540 -1.63487
C 31.60800 72.33530 -1.12311
C 28.75620 71.13340 -1.51525
C 45.53180 47.81750 -1.57813
C 42.42780 48.92750 -1.86822
C 39.51160 50.03120 -2.13674
C 45.02380 51.03570 -1.62128
C 42.08370 52.16710 -1.91226
C 39.15040 53.41490 -2.32724
C 44.60590 54.14160 -1.64911
C 41.63860 55.44750 -2.04156
C 47.12150 56.08740 -1.35401
C 44.03560 57.48320 -1.62899
C 43.60460 60.79460 -1.25327
H 46.42320 65.14890 -0.54843
H 47.70020 67.47510 1.17806
H 45.77010 69.61530 1.29628
H 32.82240 48.16420 -1.09885
H 31.30820 51.07730 -1.01185
H 32.83740 53.96820 -0.92864
H 31.14940 56.57260 -0.40504
H 30.28460 60.91080 -0.40303
H 27.01720 59.84560 -0.26687
H 25.35210 62.65180 -0.18495
H 35.66860 49.64110 -0.59524
H 47.07240 48.03490 0.34875
H 38.25900 51.70600 -0.77862
H 37.73810 54.90340 -0.83180
H 34.54170 56.46580 -0.81835
H 37.22940 58.03640 -0.58610
H 40.04220 61.25560 -0.53595
H 45.27070 60.65760 0.58489
H 42.70780 62.42190 0.46644
H 29.64980 48.37230 -1.00537
H 26.47100 48.40210 -1.12786
H 28.08500 51.09600 -1.00155
H 24.90490 51.29900 -0.71255
H 29.60770 53.83270 -0.79114
H 26.44850 54.09120 -0.67992
H 23.34010 54.17080 -0.54904
H 28.25480 56.88510 -0.53255
H 25.13610 56.81610 -0.45171
H 23.74080 59.69820 -0.20070
H 38.59120 48.52040 -0.43066
H 44.14310 49.29480 -0.14447
H 41.20700 50.47700 -0.36575
H 46.71940 51.20540 0.20552
H 43.74290 52.44970 -0.08045
H 40.76250 53.69740 -0.50148
H 46.32710 54.34110 0.18518
H 43.25280 55.54390 -0.16353
H 40.23890 56.86260 -0.54356
H 45.79040 57.50900 0.21225
H 42.88440 58.67540 -0.24114
C 45.35080 67.29960 0.54925
C 47.45000 69.09710 3.00375
C 33.34390 50.11080 0.18058
C 34.50270 53.23130 0.73508
C 32.68400 55.89890 0.72860
C 29.44110 55.39330 1.03165
C 29.11580 58.92910 0.51683
C 26.90850 61.41630 1.25586
C 23.91470 61.54000 1.38445
C 34.94510 58.26270 0.68854
C 37.90070 61.33890 -0.06480
C 35.11840 61.83950 1.39429
C 32.15090 60.47250 1.20078
C 42.01060 66.16710 1.33410
C 38.67420 65.48850 1.65747
C 29.64140 62.46920 1.39983
C 42.35590 69.38510 2.19321
C 26.35260 64.56860 0.88552
C 23.86010 67.41740 1.47941
C 24.98310 70.37030 1.09788
C 36.59250 47.85010 0.90503
C 36.51030 50.98560 0.96078
C 35.76040 55.03220 0.73375
C 38.11170 56.82700 0.86544
C 40.57180 59.05140 0.51155
C 46.32800 59.07520 2.12938
C 40.47360 62.82890 1.37888
C 45.53950 62.07070 2.58101
C 43.94520 63.51040 2.36728
C 24.88120 47.29030 0.42418
C 29.67540 50.23650 0.66576
C 26.54510 50.15490 0.64234
C 23.32610 50.37050 0.85393
C 31.31180 52.86720 0.68862
C 27.99280 52.85430 0.73335
C 24.91590 53.09870 0.94204
C 26.74780 55.76950 1.04497
C 23.51020 55.87940 1.19617
C 25.44940 58.60430 1.18915
C 35.63470 64.72670 1.55824
C 32.55830 63.67590 1.52920
C 39.26710 68.74450 2.16030
C 36.15370 67.70480 1.95382
C 33.10630 66.87090 1.82150
C 29.71160 65.81060 1.51261
C 36.66510 70.93210 2.31126
C 33.69340 69.94330 2.08301
C 30.67110 68.94670 1.87501
C 27.38210 68.00170 1.65727
C 31.20390 72.09800 2.10611
C 28.12720 70.97110 1.71284
C 45.07570 47.86810 1.69082
C 42.22080 49.07490 1.37995
C 39.20690 50.32770 1.11890
C 44.69270 50.97020 1.59596
C 41.63700 52.28500 1.28455
C 38.67390 53.61530 0.85607
C 44.31040 54.15350 1.59566
C 41.14190 55.52530 1.13987
C 46.79860 56.05230 1.98793
C 43.76180 57.21570 1.57954
C 43.18350 60.24650 1.71237
H 41.07700 73.54880 0.74513
H 38.77610 75.60070 1.34934
H 36.25050 77.60900 1.32992
H 24.61150 73.26590 -1.32276
H 33.88920 79.78670 0.79249
H 30.79210 78.66490 0.84143
H 27.92140 77.82760 -0.22497
H 24.96130 76.59980 -1.41833
H 38.17110 72.43330 1.01479
H 35.70470 74.57470 1.00422
H 32.59650 73.57550 0.67482
H 29.58660 72.46250 0.34073
H 33.21670 76.64390 0.96054
H 30.12370 75.66740 0.46943
H 27.13450 74.73420 -0.17397
C 41.91360 89.62450 1.13924
C 35.05560 89.91640 1.89511
C 46.16900 93.44030 0.46199
C 43.72500 92.39160 2.04690
C 40.37250 92.60100 0.91684
C 37.19700 92.19400 0.98352
C 33.97530 92.44050 0.70112
C 31.53990 94.99030 1.17208
C 45.73060 74.97040 0.84708
C 42.26650 77.03660 -0.06428
C 39.65250 79.12210 -0.07467
C 36.92830 80.97850 0.18053
C 36.86230 83.88020 0.95959
C 36.96160 86.83720 1.26692
C 39.10660 89.05600 2.81757
C 45.17090 88.34530 0.75031
C 45.35450 71.46690 -0.31747
C 27.50440 95.84030 -0.15724
C 24.81450 79.21120 -1.04594
C 30.00220 80.52670 0.30914
C 26.94480 81.71220 -0.62873
C 33.80170 84.07950 3.37522
C 31.57530 85.79390 1.04830
C 33.94850 87.25990 1.31699
C 31.36160 89.03720 0.97450
C 30.60840 92.03440 0.49817
C 28.09210 93.77160 0.17805
C 43.07000 73.49940 -0.20569
C 40.67980 75.65210 -0.38054
C 38.23810 77.49960 -0.15490
C 26.51170 73.17910 -2.07213
C 35.97590 79.35700 -0.44975
C 29.75560 77.54430 -1.11807
C 26.90560 76.30150 -2.17263
C 44.58170 95.84350 0.45013
C 41.67810 95.44850 0.53791
C 38.54580 95.17660 0.65006
C 35.29430 94.90980 0.66065
C 45.27720 78.70810 0.01396
C 42.60510 80.44790 0.14319
C 39.72740 82.34260 0.52318
C 45.31670 81.99810 0.26560
C 42.43340 83.78550 0.60242
C 39.64130 85.35950 1.18811
C 45.23730 85.35000 0.63822
C 42.32460 86.84490 1.26004
C 24.00930 83.02940 -1.14837
C 29.29060 83.83880 0.13845
C 26.43050 85.10460 -0.48136
C 23.52320 86.38540 -1.11778
C 28.77000 87.19790 0.34547
C 25.90540 88.42760 -0.27710
C 28.05660 90.53820 0.34528
C 25.13670 91.71240 -0.38073
C 24.35170 95.15370 0.12811
C 39.88570 72.13890 -0.75278
C 37.65560 74.30790 -0.46453
C 34.54940 73.42760 -0.80928
C 35.19370 76.43220 -0.51344
C 32.17790 75.41250 -0.88456
C 29.24450 74.30940 -1.34329
C 32.90490 78.60090 -0.51905
H 40.55970 91.03980 2.83765
H 37.17580 90.60140 3.02785
H 45.02890 94.43200 2.39625
H 35.57940 93.25610 2.48599
H 32.34110 92.85150 2.14237
H 33.66900 95.74780 2.19583
H 44.28840 76.95750 1.65263
H 41.52800 78.69560 1.61453
H 38.80360 80.48700 1.69900
H 35.99330 81.79470 2.24791
H 47.22770 78.54190 1.72017
H 36.01880 84.88370 2.48507
H 35.61590 87.78340 3.02661
H 38.69200 86.60720 3.07490
H 43.69630 89.91010 2.22643
H 46.10400 91.77260 2.32522
H 46.39060 72.65130 1.64066
H 23.75180 77.71670 0.73260
H 26.11980 79.89000 1.11370
H 28.32530 82.05920 1.37014
H 30.46440 83.99080 2.53347
H 33.00550 85.80870 3.07199
H 32.94450 88.89450 2.80966
H 29.79320 90.47140 2.25525
H 26.83640 91.95560 1.61508
H 23.77230 92.84500 0.88559
H 29.63030 93.67940 2.03075
H 41.82170 93.91910 2.41214
H 38.68770 93.54530 2.46030
H 44.42310 80.20450 1.83048
H 41.68010 81.84930 1.96237
H 38.78760 83.47390 2.49355
H 47.14820 81.93820 1.70922
H 44.35290 83.51470 2.05801
H 41.58640 84.92080 2.66309
H 47.14860 85.24200 2.04436
H 44.33310 86.73100 2.57168
H 41.39280 88.16410 3.12697
H 46.88110 88.64980 2.14430
H 25.48540 83.17990 0.82479
H 27.78830 85.28890 1.53105
H 24.90570 86.51310 0.95309
H 30.20820 87.29130 2.40155
H 27.29930 88.51750 1.81130
H 24.40860 89.80480 1.14220
C 42.33140 90.05440 4.38240
C 34.82740 89.99540 3.89114
C 46.91140 93.66280 3.69891
C 43.62960 93.27990 3.97380
C 40.39180 92.73670 4.14923
C 37.21220 92.38710 4.18040
C 33.97980 92.21300 3.92175
C 31.48190 94.99960 3.02109
C 45.00450 74.66670 2.46577
C 42.06760 76.73160 3.11333
C 39.49750 78.63900 3.13618
C 36.98530 80.40740 3.40847
C 36.91940 83.23800 4.10562
C 36.69600 86.20350 4.47813
C 39.49940 88.34670 4.64224
C 45.08450 88.63220 3.94378
C 44.94500 71.14110 3.08886
C 26.88620 95.67380 3.41210
C 23.67780 79.73330 2.17163
C 29.87130 80.48370 2.32445
C 26.20100 81.53000 2.65147
C 31.56050 81.78410 2.79764
C 30.86090 85.81690 4.33871
C 33.73900 87.28570 4.58841
C 30.87380 88.99180 4.04911
C 30.48290 92.00030 3.68231
C 27.59760 93.64090 3.36491
C 41.98570 72.60380 2.78643
C 40.72770 75.21340 2.63943
C 37.96900 77.21550 3.05664
C 25.59820 73.31720 1.08212
C 35.47050 79.30810 2.80823
C 29.17330 77.34760 2.05312
C 26.00810 76.56420 1.03254
C 44.89110 96.56040 3.48835
C 41.75830 95.93210 3.85114
C 38.49740 95.58200 3.84581
C 35.42010 95.21820 3.89042
C 45.11740 78.23620 3.36620
C 42.55820 80.02610 3.43786
C 39.88520 81.62330 3.58205
C 45.36960 81.70070 3.47136
C 42.67060 83.11860 3.84129
C 39.72310 84.77240 4.36717
C 45.30720 84.94230 3.82888
C 42.60370 86.44820 4.34320
C 23.31520 82.75740 1.71619
C 28.43300 83.69760 3.34248
C 25.63520 84.87190 2.66608
C 22.70300 86.09160 2.04754
C 27.95630 86.84400 3.44147
C 25.04340 88.16220 2.86106
C 27.60310 90.37360 3.43594
C 24.64050 91.55810 2.84124
C 24.07030 94.98200 2.05257
C 40.13330 71.96610 2.47231
C 37.38460 74.05740 2.70453
C 34.29010 73.07800 2.34592
C 34.86800 76.13020 2.70478
C 31.71210 75.22190 2.28630
C 28.58120 74.27370 1.73204
C 32.50560 78.40120 2.57414
C 53.61970 -1.47412 -0.20854
C 50.60830 95.94940 -0.36592
C 47.54150 -1.37054 -0.25827
C 54.05490 4.32711 -0.71524
C 50.96040 4.61912 0.01772
C 48.73800 7.10552 -0.94315
C 58.57890 0.54232 -0.62846
C 57.48540 3.64801 -1.04422
C 56.16350 6.55989 -1.35904
C 58.61800 8.69253 -2.04040
C 70.00780 9.62001 -1.89019
C 66.76930 10.43020 -2.14045
C 63.65800 11.58700 -1.61182
C 60.12960 11.88600 -2.22077
C 69.75960 13.24520 -1.66958
C 66.99310 12.29110 -1.31622
C 65.00430 15.39050 -1.86890
C 61.90980 15.11710 -2.27652
C 62.70190 18.09470 -1.67592
C 60.83780 20.67830 -1.61870
C 62.12300 23.36690 -1.56533
C 58.87650 23.15270 -1.51700
C 52.52380 7.64860 -0.35256
C 50.64490 9.88718 -1.37972
C 55.96120 9.98842 -0.97054
C 55.54790 13.46900 -1.66700
C 58.12430 14.99450 -1.78400
C 59.18340 18.00650 -1.51002
C 55.44820 19.61850 -2.16576
C 55.79330 23.41380 -1.35685
C 55.39280 1.28854 -0.53901
C 52.29050 1.53882 -0.56871
C 49.12250 1.37243 -0.52014
C 67.78650 96.19690 -0.97394
C 64.80520 -0.77005 -0.89661
C 61.63540 -0.08190 -0.77676
C 69.88350 0.93087 -1.41588
C 66.87510 1.60841 -1.37641
C 63.65870 2.27249 -1.25632
C 60.64200 3.00810 -1.09729
C 69.06610 3.99255 -1.60731
C 65.80670 4.80473 -1.60913
C 62.74020 5.41487 -1.51750
C 59.50770 5.96331 -1.48486
C 71.09230 6.64798 -1.60773
C 68.11860 7.11535 -1.81671
C 64.85420 7.81391 -2.03793
C 61.70940 8.17714 -2.15812
C 71.19080 16.38580 -1.69737
C 68.13200 15.81640 -1.60508
C 69.13180 18.94260 -1.61199
C 65.96480 18.39090 -1.53118
C 70.24140 21.84680 -1.68106
C 66.97290 21.30310 -1.64218
C 63.90520 20.89840 -1.53093
C 53.18550 11.58280 -1.38227
C 50.42020 13.14250 -1.47052
C 52.92650 14.89370 -1.49213
C 50.09070 16.30480 -1.60194
C 55.53240 16.59200 -1.72956
C 52.77510 18.07200 -1.74664
C 49.97240 19.47610 -1.74866
C 52.69600 21.45120 -1.83139
C 49.92070 22.67140 -1.78820
H 55.32130 -0.32673 1.28453
H 52.18330 -0.39452 0.96985
H 53.99280 2.51448 1.01294
H 53.00680 5.62980 1.08202
H 50.19690 8.05302 0.30673
H 58.28840 -0.95713 1.31779
H 57.31680 2.04436 0.76587
H 56.10630 4.93337 0.55232
H 58.12260 7.27874 0.02231
H 55.00000 7.97604 0.04964
H 69.67120 7.94518 -0.07811
H 66.63090 8.59174 -0.46840
H 63.32850 9.30871 -0.61465
H 60.14960 9.67007 -0.82508
H 70.20810 11.59120 -0.19925
H 71.36640 14.56170 -0.11962
H 68.15310 14.08950 0.13002
H 64.98810 13.48120 -0.62493
H 63.18710 16.10020 -0.33465
H 61.00340 18.75750 -0.03845
H 59.17610 21.26780 0.25896
H 52.41900 10.07340 0.38745
H 49.58100 11.53410 0.07336
H 55.08220 12.01620 0.23762
H 57.72100 13.71750 -0.29916
H 60.16480 15.91840 -0.61059
H 57.41780 16.85070 -0.26997
H 57.23000 19.69700 -1.37345
H 54.52880 21.45810 -0.62165
H 51.66360 22.96520 -0.06044
H 49.27140 -0.40878 1.17249
H 50.70620 2.43304 1.04042
H 48.74530 5.23576 0.84625
H 69.69910 -0.77277 0.33247
H 66.66220 0.01053 0.47202
H 63.53910 0.68012 0.61907
H 60.42940 1.38960 0.74300
H 68.66000 2.35307 0.15616
H 65.56810 3.05762 0.13842
H 62.50260 3.78478 0.28301
H 59.29680 4.39078 0.40825
H 70.81700 4.73075 -0.09144
H 67.66580 5.37132 -0.09594
H 64.55260 6.27894 -0.06927
H 61.33420 6.76493 -0.08863
H 61.82970 13.22660 -0.99612
H 69.50050 17.12010 -0.00634
H 66.30630 16.49600 -0.09514
H 70.50520 20.12540 0.05092
H 67.41610 19.55210 0.03011
H 64.22090 19.05950 0.02862
H 68.47960 22.48510 -0.12990
H 65.38700 21.99710 0.07293
H 62.26350 21.58130 0.09558
H 52.27340 13.25930 0.21134
H 49.29990 14.70840 0.10699
H 54.83320 15.05340 0.03887
H 51.97160 16.53810 -0.02283
H 49.11730 17.92410 -0.03251
H 54.66110 18.26410 -0.22090
H 51.83210 19.76760 -0.19495
H 48.96530 21.11800 -0.19004
C 53.62200 -0.44844 2.98109
C 50.81170 96.17610 2.73494
C 48.00590 -0.97060 3.14799
C 54.43960 4.59091 2.40066
C 50.90030 4.68054 1.95187
C 48.77840 7.31931 2.30150
C 58.71300 1.14609 2.53665
C 57.69460 3.98916 2.21021
C 56.39640 6.97051 1.81019
C 58.40270 9.33253 1.09476
C 69.29620 10.03620 1.05975
C 67.10500 10.37410 1.20294
C 63.42140 11.70790 0.23878
C 59.60660 12.05370 -0.29996
C 69.92170 13.39790 1.61565
C 66.18730 13.52370 1.51272
C 64.80100 15.20270 1.31201
C 61.64630 14.72640 1.04528
C 62.67320 17.74290 1.43211
C 61.00270 20.39420 1.82127
C 61.93190 23.26210 1.76083
C 58.64780 23.36590 1.62569
C 53.05570 8.02306 1.61668
C 50.41620 9.99786 1.87744
C 56.23120 9.97421 0.95591
C 56.06310 13.75280 1.67952
C 58.66210 15.49670 1.31311
C 58.62440 18.79460 0.61739
C 55.91780 20.05070 0.90553
C 55.60860 23.42290 0.52852
C 55.73040 1.77496 2.54835
C 52.44630 1.50712 2.52407
C 49.39240 1.65093 2.59454
C 68.07120 -1.12018 2.10070
C 65.01170 -0.40884 2.24998
C 61.89860 0.32789 2.43902
C 70.13960 1.17623 1.70993
C 66.94300 2.03357 1.86224
C 63.92650 2.71421 1.93164
C 60.82940 3.47018 2.05993
C 69.05150 4.24573 1.60920
C 65.86460 5.01073 1.55903
C 62.80910 5.83591 1.62634
C 59.67170 6.46516 1.70063
C 70.93050 6.69878 1.45437
C 67.80080 7.30709 1.39991
C 64.61720 8.53325 1.10107
C 61.57760 8.93684 1.15585
C 71.36310 16.40060 1.52545
C 68.01110 16.04400 1.63322
C 69.18030 18.94500 1.66926
C 66.00810 18.31980 1.58346
C 70.26510 22.09440 1.46502
C 67.14670 21.38090 1.61365
C 63.92460 20.86060 1.65378
C 53.20430 11.74620 1.91935
C 50.38300 13.22630 1.74514
C 53.01190 15.07320 1.64899
C 50.20460 16.46400 1.62568
C 55.71820 16.82840 1.44154
C 52.84780 18.26800 1.45302
C 50.06820 19.68290 1.47009
C 52.97700 21.42340 1.29997
C 49.71000 22.73390 1.45709
C 72.14440 28.16120 -2.27285
C 61.80080 26.16820 -0.47572
C 69.62950 29.82460 -2.96846
C 66.60250 29.04270 -2.70602
C 63.36460 28.87240 -2.18481
C 58.17970 26.38870 -1.94229
C 54.95340 26.96880 -2.02535
C 51.96900 27.54620 -2.19602
C 60.04770 28.92610 -1.75247
C 50.65580 30.56550 -2.09327
C 61.68490 31.77070 -2.20284
C 63.34530 34.34060 -2.71310
C 62.98950 37.84040 -1.54435
C 61.26160 40.95550 -1.96167
C 48.00150 42.11740 -1.33401
C 59.73070 43.74980 -1.75373
C 56.64300 43.95120 -1.47918
C 50.35660 44.88520 -1.69645
C 56.25340 47.05590 -0.02130
C 52.55070 47.31910 -1.15349
C 49.52690 25.80850 -2.02627
C 69.20010 32.87800 -2.16888
C 66.09080 32.04470 -2.54495
C 67.72300 35.54580 -1.88097
C 66.46550 38.17640 -1.90104
C 64.75500 40.97070 -2.00645
C 63.13190 43.78670 -1.86936
C 61.39840 46.54080 -1.50320
C 48.37040 46.16320 -1.12602
C 70.98020 24.94160 -1.98397
C 67.97370 24.22340 -1.72342
C 64.85420 23.71130 -1.52412
C 68.93880 27.13140 -2.13212
C 65.49380 26.53400 -1.78550
C 57.05060 29.60280 -1.87002
C 53.70900 30.19060 -2.08729
C 58.69930 32.04040 -1.94430
C 55.51270 32.68670 -2.08004
C 52.30210 33.23510 -1.91734
C 49.12930 33.52110 -1.99840
C 60.37850 34.92890 -2.26344
C 57.38350 35.35360 -2.06633
C 54.20160 35.70960 -2.04517
C 50.90830 36.14190 -1.96086
C 59.33900 38.13410 -2.02786
C 56.12290 38.35040 -1.94547
C 52.81840 38.74230 -1.86655
C 49.61130 39.01190 -1.80411
C 57.96310 40.96610 -1.71099
C 54.88270 41.29570 -1.62073
C 51.62470 41.63440 -1.72725
C 53.62370 44.18610 -1.43640
C 52.55760 24.54610 -1.78097
C 71.00320 35.49780 -2.10221
C 69.51270 38.22840 -1.89396
C 71.19980 40.99140 -1.86589
C 67.99050 40.95360 -1.82411
C 69.67950 43.70520 -1.81252
C 66.27330 43.95320 -1.83956
C 71.17910 46.46970 -1.77067
C 67.99760 46.69660 -1.62389
C 64.72780 46.74260 -1.54062
H 63.35780 24.47780 0.22878
H 60.44950 24.18190 0.05559
H 70.23420 28.67100 -0.77344
H 63.91440 27.51080 -0.19079
H 67.99660 30.81320 -1.80198
H 65.16340 30.21400 -1.20640
H 57.55580 24.73730 -0.16043
H 54.46020 25.33820 -0.47973
H 59.85560 27.30880 -0.32262
H 53.54040 28.34160 -0.49581
H 50.41070 28.95650 -0.83733
H 61.92070 30.08710 -0.51820
H 49.09120 31.64370 -0.47187
H 63.42990 32.77910 -0.74922
H 62.22780 35.65340 -0.81672
H 60.91060 38.87480 -0.65124
H 48.07110 39.94630 -0.06196
H 59.78570 41.80920 -0.23722
H 50.09160 42.68360 -0.64591
H 58.45430 44.53140 0.40725
H 55.26810 44.80220 0.43522
H 52.04510 45.11510 0.27512
H 51.30690 26.09320 -0.40407
H 48.45790 27.25330 -0.31258
H 70.89910 33.57580 -0.54341
H 67.76050 33.64380 -0.33659
H 65.47750 34.41510 -2.24533
H 66.28440 36.49810 -0.04514
H 64.80030 39.13900 -0.38791
H 63.01920 41.79400 -0.36003
H 61.52260 44.55750 -0.17148
H 47.24210 44.31250 -0.35200
H 71.47290 23.32780 -0.19395
H 69.37380 25.57650 -0.30843
H 66.36830 24.97850 -0.08257
H 67.19760 27.88840 -0.63571
H 56.68650 27.70270 -0.38403
H 58.69710 30.36550 -0.10439
H 55.46260 30.86870 -0.45776
H 52.31360 31.31240 -0.38082
H 60.41420 33.12930 -0.52323
H 57.27490 33.44350 -0.50095
H 54.14280 33.87390 -0.39176
H 50.80310 34.27510 -0.34378
H 59.12030 36.14480 -0.52305
H 55.88410 36.44090 -0.39921
H 52.67050 36.76110 -0.42998
H 49.42030 37.13960 -0.26044
H 57.78810 39.00050 -0.25836
H 54.58210 39.34080 -0.24680
H 51.34880 39.67280 -0.15986
H 56.61280 41.99720 0.03299
H 53.33010 42.21740 0.07138
H 48.83600 24.26980 -0.27849
H 69.46640 36.32210 -0.39396
H 71.15920 39.08740 -0.31164
H 67.96600 39.16280 -0.22114
H 69.62260 41.88800 -0.22280
H 66.32500 41.93580 -0.29963
H 71.30620 44.59360 -0.19989
H 68.05030 44.71610 -0.23131
H 64.72050 44.69090 -0.12244
C 72.17120 28.50230 0.86029
C 62.48690 26.52720 1.26695
C 69.18750 30.61170 0.25135
C 67.07050 30.03880 0.30083
C 64.01370 29.75340 0.86118
C 58.13610 26.66300 1.37373
C 54.85790 27.08810 1.18614
C 51.72630 27.96230 1.03940
C 60.45810 29.14100 1.27726
C 50.66690 30.55730 1.08289
C 61.95060 32.08560 1.05793
C 64.41180 34.89080 0.04760
C 62.90050 37.73310 0.34223
C 61.46350 40.57550 1.08437
C 47.92440 42.24710 0.69137
C 59.84330 43.61200 1.47125
C 56.63410 43.50350 2.04524
C 50.52340 43.77270 1.63288
C 55.68740 46.85540 1.82314
C 52.26110 47.07550 1.80091
C 49.64420 25.86150 1.36340
C 69.35150 32.57650 1.09030
C 65.78220 32.47590 -0.69341
C 67.75880 35.59550 1.27521
C 66.33400 38.50870 1.46664
C 64.72840 40.97900 1.29796
C 63.17400 43.50920 1.41266
C 61.66590 46.23240 1.75219
C 48.43990 46.21700 0.81786
C 71.16240 25.26660 1.27944
C 68.19340 24.32120 1.41840
C 65.16170 23.84670 1.68483
C 69.03080 27.63790 0.97880
C 65.92290 26.96850 1.21973
C 56.95830 29.65990 1.16423
C 53.75550 30.10940 1.17463
C 58.80370 32.46550 1.20429
C 55.60340 32.70680 1.20283
C 52.39050 33.14660 1.17790
C 49.19650 33.34360 1.28063
C 60.99010 35.13200 0.87304
C 57.46110 35.37940 1.12144
C 54.15670 35.72970 1.20128
C 50.97530 36.11430 1.30963
C 59.49580 37.93430 1.18519
C 56.13920 38.21400 1.34073
C 52.83400 38.49320 1.31063
C 49.68240 38.88050 1.48627
C 58.15810 40.79300 1.42035
C 54.86230 41.05490 1.54291
C 51.29330 41.71630 1.27661
C 53.54180 43.83110 1.92101
C 52.67150 24.84920 1.17714
C 71.05170 35.29220 1.15992
C 69.57960 38.10700 1.26160
C 71.14510 40.94150 1.34296
C 67.97170 41.03330 1.34617
C 69.63880 43.68700 1.37985
C 66.41400 43.74120 1.40599
C 71.37850 46.32710 1.51196
C 68.12340 46.40780 1.59936
C 64.93340 46.49590 1.68761
C 51.58740 60.93860 -0.48347
C 48.85000 61.66690 -0.45005
C 57.87350 65.28980 -0.37910
C 54.60850 64.60200 -0.39488
C 48.37620 64.58500 -1.38570
C 58.90310 68.26930 -0.30016
C 63.00400 71.86560 -0.46177
C 59.91110 71.34620 -0.14633
C 65.87730 49.76630 -0.47305
C 62.82760 49.43810 -1.16574
C 71.39540 51.82480 -2.00227
C 68.38650 52.66850 -0.62862
C 71.86290 55.05880 -1.75907
C 72.14020 69.43230 -1.11990
C 50.81690 48.43220 -1.38552
C 51.34870 51.72920 -0.20039
C 50.23780 54.88890 -1.05385
C 49.84710 58.26710 -0.58536
C 59.71310 47.82460 -1.09941
C 63.28770 52.44030 -0.76796
C 59.92700 51.42360 -0.83831
C 57.00730 50.33740 -0.59852
C 68.63960 56.60710 -0.83328
C 66.78890 54.90520 1.33513
C 63.89280 55.47240 -0.59130
C 54.68770 53.03830 -0.72753
C 71.45390 60.07750 -0.84790
C 52.34660 55.10850 -0.84466
C 56.15660 59.29920 -0.58504
C 53.09920 58.29630 -0.45255
C 60.45370 62.95660 -0.56815
C 57.43450 62.17900 -0.69364
C 70.72150 68.01090 -0.87252
C 61.15290 65.95140 -0.43074
C 69.21350 70.83510 -0.10616
C 65.34300 69.74550 -0.70222
C 62.08380 68.96620 -0.38266
C 51.39290 63.99120 -0.11099
C 55.83870 67.71660 -0.17885
C 52.62160 67.37790 -0.33338
C 49.55790 67.13460 -0.39811
C 56.69540 70.70580 -0.05983
C 53.64610 70.25660 -0.00558
C 50.58790 69.94660 -0.08059
C 69.51410 49.37930 -1.54947
C 47.94360 49.68710 -1.37272
C 47.67270 52.92340 -1.33049
C 54.95290 49.92760 -1.26481
C 60.83620 54.53390 -0.75910
C 57.66750 53.60640 -0.65141
C 67.94450 58.44720 -0.49538
C 64.71860 58.24620 -0.50562
C 61.57140 57.61120 -0.57664
C 58.47910 56.80330 -0.63595
C 55.41400 56.04590 -0.66373
C 68.73610 61.77800 -1.03545
C 65.61660 61.14740 -0.70861
C 62.58510 60.51950 -0.58954
C 59.47070 59.89960 -0.57788
C 69.50160 65.02720 -1.10091
C 66.56220 64.34130 -0.79322
C 63.48080 63.59810 -0.65743
C 67.60600 67.39690 -0.79138
C 64.39690 66.64680 -0.65580
H 70.88170 56.41740 0.15331
H 53.32230 62.51480 0.38660
H 50.46940 62.16840 1.34624
H 47.45840 62.77850 1.28296
H 59.40460 66.45000 1.24150
H 56.15410 65.67960 1.27201
H 60.35510 69.45100 1.34706
H 54.12330 48.33560 0.49078
H 63.03920 47.35920 0.23936
H 68.24390 50.15170 0.18920
H 63.79760 50.56120 0.77463
H 70.78620 53.09850 -0.61218
H 49.72440 49.90310 0.47407
H 49.36370 53.18320 0.53335
H 48.86740 56.43800 0.50476
H 48.25400 59.62350 0.83995
H 60.76570 49.56660 0.29151
H 57.14150 48.88750 1.46429
H 64.48410 53.65300 1.24045
H 61.36800 52.68970 0.78109
H 55.25020 51.30330 0.81168
H 68.16660 57.03340 1.58413
H 65.10980 56.60120 1.20112
H 52.82140 53.40140 0.88790
H 69.41780 60.04640 0.76168
H 53.49720 56.54360 0.90702
H 70.13900 63.17290 0.41907
H 54.44420 59.72450 1.36076
H 51.40700 59.12360 1.28354
H 71.16760 65.98570 0.69234
H 58.68270 63.44070 1.01726
H 55.84900 62.60140 0.48760
H 69.00930 68.56800 0.91664
H 62.68420 67.12050 1.11013
H 66.71560 70.90510 0.45635
H 63.60950 70.09450 1.17634
H 52.85880 65.47800 1.23343
H 49.46740 65.08050 0.85958
H 57.23540 68.87020 1.45531
H 54.08270 68.33150 1.40237
H 50.97180 68.04050 1.43032
H 55.10570 71.31820 1.71257
H 51.97270 71.00600 1.63591
H 48.76400 70.58170 1.47895
H 69.74100 47.36940 -0.01650
H 66.39490 47.42550 0.19002
H 71.41930 50.08980 -0.11649
H 58.24520 51.86140 0.93123
H 62.05060 55.77370 0.97835
H 59.03410 54.93710 0.84741
H 55.92170 54.29220 1.01909
H 66.22490 59.44520 0.97536
H 62.93180 58.82140 1.08546
H 59.82190 58.08340 0.99536
H 56.66370 57.44500 0.95420
H 67.10320 62.47060 0.73284
H 63.96200 61.83150 0.97601
H 60.80170 61.13160 0.99663
H 57.69370 60.36790 1.00817
H 67.99160 65.53000 0.75864
H 64.93040 64.81690 0.90352
H 61.82060 64.15330 1.05419
H 65.84480 67.83980 0.88908
C 52.49360 61.11240 2.32967
C 48.73420 61.16360 2.73747
C 58.07340 65.05800 2.79272
C 54.49030 63.95430 2.18357
C 47.18210 65.15180 1.82064
C 59.00360 68.18110 2.97707
C 63.20450 71.70980 3.01669
C 60.09400 71.25960 2.99451
C 65.99190 49.70180 1.25525
C 62.67760 49.22350 1.99161
C 71.28430 52.13050 1.34858
C 68.82430 52.23910 1.24170
C 72.75020 54.60660 -0.00255
C 71.99530 69.76640 2.42184
C 50.54030 48.18800 2.16322
C 51.12800 51.73140 1.59211
C 49.92930 54.94340 2.27099
C 49.58580 58.15850 2.44788
C 59.07430 48.35210 1.93401
C 63.23880 52.36120 2.48096
C 60.13220 51.05060 2.20080
C 56.81170 50.70390 2.67519
C 70.22480 55.64910 2.14852
C 66.61690 55.90990 3.07772
C 63.63690 55.56590 2.81093
C 54.46240 52.90150 2.54488
C 71.35910 59.52410 2.28587
C 52.01510 55.10370 2.42905
C 56.21430 59.20070 2.75487
C 52.97410 58.07670 2.85795
C 60.43500 62.86710 2.59463
C 57.19850 62.19610 2.52623
C 71.00470 68.09940 2.31939
C 61.33590 65.82870 2.72612
C 68.98480 70.87450 1.81757
C 65.68280 69.73710 2.52414
C 62.26110 68.82900 2.81238
C 51.07420 64.23760 2.48118
C 55.84560 67.47790 2.93938
C 52.64370 67.13430 3.02023
C 49.42580 66.71700 2.72710
C 56.87950 70.60450 3.20825
C 53.62200 69.99480 3.15476
C 50.47610 69.79860 3.12821
C 69.93890 49.19620 1.68291
C 47.73990 49.83650 2.01900
C 47.42330 52.88750 1.91343
C 53.75210 49.73100 2.11099
C 60.79270 54.32840 2.49606
C 57.74750 53.68340 2.53485
C 68.00820 58.90100 2.70296
C 64.71460 58.49500 2.67547
C 61.52700 57.51270 2.59050
C 58.45960 56.72070 2.46279
C 55.31780 56.08120 2.60458
C 68.95960 62.02180 2.29506
C 65.82420 61.34490 2.45622
C 62.57370 60.68060 2.58705
C 59.45610 59.89150 2.60770
C 69.96300 64.99860 2.18124
C 66.81320 64.27160 2.39623
C 63.63510 63.64190 2.57961
C 67.77470 67.32240 2.44923
C 64.57860 66.55330 2.55985
C 69.60690 87.46780 -1.42156
C 67.56940 87.75620 -0.83117
C 64.30890 88.12220 0.37838
C 61.21550 89.34850 0.16235
C 60.35430 92.34460 -0.09432
C 57.20870 92.56740 0.97396
C 56.49300 95.61400 0.06296
C 48.19730 76.98960 -0.01971
C 51.02240 78.54320 0.62096
C 54.11460 80.65090 0.33102
C 59.47070 84.89070 0.32696
C 47.98670 90.65860 1.17989
C 58.79210 87.68090 0.57624
C 56.09050 88.90290 1.10435
C 50.76520 91.82390 1.13250
C 57.60680 91.22290 2.46439
C 53.70090 93.85110 1.64601
C 64.23600 75.01250 -0.33931
C 48.38820 72.61960 0.04799
C 62.46640 77.26760 -0.17605
C 52.77780 75.70550 0.35672
C 49.68450 75.51920 0.24627
C 63.39860 80.34980 -0.65234
C 60.17700 79.55220 -0.11861
C 56.97540 79.20760 0.29742
C 53.51220 78.69000 0.39255
C 65.13620 83.66850 0.28294
C 61.37050 82.67410 -0.07049
C 61.98610 85.90490 0.83689
C 71.82690 72.75940 -0.93785
C 69.23600 74.30910 -0.88563
C 68.72420 77.89010 -0.74373
C 66.16840 75.40850 -0.91969
C 69.12420 80.94510 -1.13548
C 68.72600 84.33170 -0.64080
C 69.58800 90.34410 -0.95929
C 66.48760 90.98530 -0.70857
C 63.47290 91.46760 -0.26554
C 68.68780 93.30980 -0.96707
C 65.70600 93.92580 -0.67597
C 62.60480 94.66700 -0.44178
C 59.55660 95.34260 -0.23131
C 70.91190 95.65810 -1.34169
C 48.21700 80.37070 0.02925
C 51.26090 82.21110 0.23077
C 48.22680 83.71280 0.31294
C 57.52620 82.36550 0.98745
C 54.01510 83.70830 0.61983
C 50.93880 85.41360 0.50642
C 48.16870 87.10970 0.64155
C 56.39420 85.53570 0.74342
C 53.64670 87.02520 0.88843
C 50.94800 88.59930 0.81620
C 53.70260 90.25120 1.17934
C 61.09560 74.28700 -0.10655
C 57.92840 73.80820 0.04822
C 54.72460 73.15130 0.18996
C 51.57580 72.91790 0.14095
C 59.04190 76.66320 0.03802
C 55.91390 76.16210 0.25215
C 71.73760 75.97720 -1.03801
H 48.03590 94.74180 1.62066
H 67.41770 85.99820 0.85015
H 60.79200 87.79730 1.99431
H 69.33470 88.58780 0.78165
H 66.34630 89.14780 0.88034
H 63.12040 89.97520 1.67735
H 60.01690 90.81470 1.92428
H 59.21120 93.82170 1.56224
H 56.04610 94.45530 2.27946
H 49.91170 80.51000 1.48654
H 52.85280 82.03500 2.15481
H 59.68390 83.14970 1.78000
H 55.96500 83.83950 2.23500
H 58.30420 85.94910 2.22938
H 57.99900 88.78400 2.69166
H 55.37470 90.26730 3.08429
H 52.60590 91.79500 2.88442
H 48.89660 92.51690 2.72249
H 64.61410 72.99140 1.23844
H 61.49620 72.44030 1.39450
H 62.57300 75.35580 1.47738
H 49.91640 73.50180 1.81671
H 63.80510 78.25850 0.88567
H 54.27390 76.88190 2.11023
H 51.11880 76.38500 2.05649
H 64.98200 81.22500 1.20285
H 61.83130 80.70270 1.27718
H 58.65900 80.31380 1.64448
H 55.91990 80.77990 1.83346
H 62.96970 83.73580 1.62614
H 70.14780 72.86390 0.95757
H 67.36970 74.02600 0.97763
H 66.74350 77.18210 0.87103
H 67.45130 79.96330 -0.01846
H 70.54190 85.81110 0.04796
H 67.44200 82.89170 0.89015
H 51.16180 94.37720 1.46289
H 68.39000 91.62390 0.76591
H 65.35020 92.27030 1.06512
H 62.27300 92.98660 1.30326
H 70.62730 93.94130 0.38664
H 67.54330 94.61740 0.81449
H 64.53280 95.38350 0.91333
H 61.44090 96.14440 1.14897
H 50.12120 83.57220 1.96588
H 52.81830 85.27600 2.12907
H 50.02560 86.84240 2.36910
H 55.49890 87.03670 2.50173
H 52.66210 88.53940 2.57383
H 49.89950 89.99800 2.53756
H 58.22240 71.84740 1.54916
H 59.44150 74.84000 1.63919
H 56.19560 74.33460 1.72671
H 53.05810 73.79680 1.87211
H 60.66630 77.78620 1.51047
H 57.49460 77.30590 1.82951
H 69.85780 76.10820 0.46799
H 70.27070 79.39690 0.49717
H 70.36960 82.66160 0.24099
C 70.75760 87.12860 2.10278
C 67.63140 87.44670 2.24361
C 64.41490 88.10250 2.20095
C 61.54260 89.55080 3.53291
C 60.74440 92.82110 3.27223
C 56.96120 93.50290 4.43419
C 56.62450 96.46880 3.17721
C 47.70090 76.33860 3.10271
C 50.82420 78.39030 2.59845
C 54.37800 80.58990 3.64958
C 59.84590 84.53240 3.62510
C 47.78640 90.48590 3.63471
C 59.46770 87.26350 3.97623
C 56.19270 88.46460 4.43235
C 50.60150 91.57980 4.30600
C 55.88210 91.80530 4.97570
C 53.81030 93.88920 3.58521
C 64.34910 74.72730 3.09459
C 48.31350 72.25710 3.28322
C 62.60870 77.26660 3.01972
C 52.70840 75.51190 3.62925
C 49.51310 75.33880 3.54667
C 63.89820 80.22240 2.72710
C 60.43860 79.70260 3.07066
C 57.17210 79.14880 3.24074
C 53.72520 78.60130 3.89469
C 65.44300 83.57900 2.20555
C 61.70040 82.38800 3.11678
C 62.22650 85.96810 2.65458
C 71.92220 72.85160 2.33141
C 69.01030 74.59070 2.34543
C 68.48000 78.03390 1.24073
C 66.18490 75.60580 2.84050
C 69.03410 81.16180 1.66939
C 69.29510 84.43910 1.62826
C 69.96850 90.34730 2.21562
C 66.79600 90.93700 2.56107
C 63.77210 91.87290 2.97099
C 69.10890 93.45440 2.24374
C 65.86800 94.17920 2.54206
C 62.92720 94.94770 2.66917
C 59.80500 95.80820 2.96523
C 71.16360 95.84320 1.87760
C 48.05270 80.07910 3.21610
C 51.03260 81.72240 3.45318
C 48.15790 83.39630 3.49937
C 57.63470 82.19430 2.81022
C 53.94350 83.63340 3.70015
C 50.96310 85.09520 3.79254
C 47.93210 86.95220 3.70266
C 56.64590 85.37260 3.95423
C 53.57440 86.75230 3.98773
C 50.78900 88.44830 4.15860
C 53.38200 90.02530 4.49567
C 61.25760 74.16540 3.11307
C 58.03360 73.67850 3.24081
C 54.85100 73.10770 3.39231
C 51.55270 72.64390 3.44135
C 59.42440 76.64650 3.29411
C 56.07170 76.08720 3.53268
C 71.76560 76.01590 2.09262
C 88.57920 2.87340 -2.03373
C 92.79410 5.59204 -1.75510
C 88.90780 5.68682 -0.49886
C 93.95730 8.56749 -1.76807
C 81.72100 1.17696 -2.26253
C 78.51470 2.15847 -1.87368
C 77.50450 5.46629 -1.25272
C 74.59950 5.86279 -1.41596
C 74.04150 7.60535 -2.21305
C 71.71240 10.39240 -1.55557
C 73.16910 13.21420 -1.01335
C 74.80610 16.99460 -1.44334
C 75.32940 20.20940 -1.44329
C 85.39220 2.99219 -0.99579
C 82.12200 4.10602 -0.75779
C 79.47770 5.84968 -1.73842
C 84.72410 6.48072 -1.75061
C 79.21830 9.38564 -1.74265
C 76.18180 10.48470 -1.69183
C 90.87490 8.29403 -1.80346
C 87.54930 8.55081 -1.69754
C 75.94700 13.78490 -1.62659
C 94.27960 10.47130 -1.00167
C 78.29200 15.37810 -1.80337
C -0.49105 12.06490 -2.52521
C 80.28690 17.70840 -1.77382
C 95.31710 15.18270 -1.27081
C 79.83780 20.64840 -2.66019
C 94.11310 18.88650 -0.98753
C 91.49750 19.74480 -0.64087
C 88.62030 20.73080 -1.61309
C 85.56420 22.12920 -1.31793
C -0.96960 20.37930 -1.24621
C 94.73510 23.69660 -1.63395
C -0.81942 0.47521 -2.23430
C 93.45560 0.22217 -2.31435
C 90.25850 0.10147 -2.39421
C 86.37550 0.10064 -1.68486
C 94.79230 3.03727 -2.01955
C 91.58960 2.88913 -1.98404
C -1.31915 6.03641 -1.89816
C 79.33820 -1.07026 -2.02719
C 76.19690 -0.28695 -1.81944
C 73.15650 0.33189 -1.62233
C 75.40960 2.81235 -1.66787
C 72.22880 3.47108 -1.70130
C 72.27510 19.56320 -1.58773
C 73.17810 22.69500 -1.77794
C 81.99380 7.96865 -1.62544
C 84.71830 9.99954 -1.71373
C 81.65970 11.22230 -1.63803
C 78.75480 12.50550 -1.66651
C 89.74100 11.25150 -2.12880
C 87.02410 12.14720 -1.71190
C 84.07160 13.19960 -1.63966
C 81.22370 14.41480 -1.66068
C 92.53580 13.26600 -1.96675
C 89.49980 14.40800 -1.79340
C 86.35870 15.44410 -1.64095
C 83.54450 16.59880 -1.75074
C 91.80410 16.53140 -1.57355
C 89.04550 17.65270 -1.40456
C 86.01800 18.73930 -1.65795
C 82.99250 19.71550 -1.93287
H 88.56640 0.78868 -0.71812
H 90.08390 3.55499 -0.23895
H 87.18820 3.91428 -0.31599
H 94.46160 6.63132 -0.10903
H 91.22120 6.46480 0.02513
H 84.46160 -1.29575 -0.77936
H 83.27230 1.83431 -0.33568
H 80.26050 2.44529 -0.55674
H 77.16320 3.35250 -0.03786
H 75.91150 6.31308 0.74183
H 72.94210 7.05401 -0.02214
H 74.59370 14.99420 -0.01087
H 75.64020 18.92650 -0.14289
H 76.63220 21.77750 0.11592
H 84.26190 5.04615 -0.03028
H 81.21290 6.32436 0.10485
H 78.45140 7.76413 -0.47875
H 86.86810 7.10754 -0.31277
H 75.15580 12.08460 -0.07997
H 89.64490 9.45374 -0.38235
H 77.72480 13.91230 0.00814
H -0.85433 10.41730 -0.49956
H 92.01520 11.49500 -0.86626
H 77.01960 16.82530 -0.09728
H 78.69940 19.42430 -0.53107
H 93.79160 16.59990 -0.03486
H 81.33370 20.95640 -0.65093
H 78.82180 22.40640 -1.94698
H 93.18330 19.46750 1.34805
H 90.34340 20.63500 0.43990
H 87.92840 22.37720 -0.29009
H 96.08690 18.56280 0.41053
H 94.67580 21.38260 -0.44422
H 94.96920 1.08636 -0.58463
H 91.78960 0.85742 -0.63924
H -1.17170 4.06012 -0.39458
H 93.18970 3.66965 -0.26983
H 72.76830 96.39300 0.06134
H 81.22720 -0.50875 -0.55144
H 78.05420 0.21868 -0.33224
H 74.96000 0.96723 -0.06565
H 71.79240 1.70357 -0.05765
H 73.94730 3.93366 -0.00108
H 72.75580 17.63310 -0.15976
H 73.50990 21.02760 -0.00872
H 75.47920 9.02488 -0.69386
H 83.96200 8.26441 -0.11017
H 81.03480 9.53043 0.02161
H 78.02450 10.80950 -0.04777
H 86.56720 10.35290 -0.07958
H 83.52900 11.43060 -0.06260
H 80.54920 12.72470 -0.05059
H 88.93810 12.60110 -0.17924
H 85.90550 13.60420 -0.00989
H 83.01120 14.85800 -0.10902
H 79.99440 15.90010 -0.11014
H 91.28680 14.58670 -0.08739
H 88.21480 15.74280 -0.12240
H 85.20330 17.01260 -0.05234
H 82.18840 18.03450 -0.26110
H 90.75490 17.64380 0.37436
H 87.65610 19.05550 0.14344
H 84.59120 20.12890 -0.18960
C 88.51890 2.35778 1.15979
C 92.93100 5.36781 1.52096
C 89.52630 5.29063 1.36253
C 94.11660 8.41617 1.67704
C 81.73480 1.14548 1.26306
C 78.59850 2.04095 1.35851
C 77.91920 5.08179 1.79047
C 74.12370 5.73852 1.76416
C 73.23550 9.06718 0.80269
C 69.94930 10.07080 2.73680
C 73.17790 13.17520 0.79690
C 74.79580 17.01210 1.23501
C 75.20470 20.50340 1.71101
C 85.18060 2.93116 0.91749
C 82.15690 4.52226 1.28952
C 79.33910 6.67389 1.66423
C 85.07300 6.73434 1.54890
C 79.13810 9.32093 1.47709
C 76.04180 10.44910 1.46096
C 91.09770 8.18501 1.35849
C 87.90670 8.81279 1.36817
C 75.91520 13.75460 1.59858
C 94.58110 10.38890 1.11786
C 78.34880 15.52180 1.69504
C 0.37235 11.97150 0.93716
C 80.12720 18.00070 1.14801
C 95.42590 14.82620 0.58831
C 79.15330 21.38460 0.44875
C 94.68780 17.50730 2.09726
C 91.22520 19.06400 2.41444
C 88.17350 20.82400 1.85713
C 85.55310 22.19800 0.62713
C 95.48940 20.48610 1.83023
C 93.99720 23.13410 1.42113
C -0.82983 0.12951 0.89171
C 93.41790 -0.15859 0.88175
C 90.16190 -0.26503 0.87711
C 86.40410 -0.07992 0.14005
C 94.95560 2.73765 1.17965
C 91.66730 2.45747 1.21807
C 96.16000 5.65854 1.48894
C 79.49980 -1.06369 1.14946
C 76.40560 -0.35455 1.43607
C 73.15600 0.52411 1.57355
C 75.37970 2.74072 1.60963
C 72.15180 3.53375 1.57661
C 72.37380 19.47850 1.48694
C 73.27770 22.95680 1.40585
C 82.22280 8.10024 1.62732
C 84.73770 10.00760 1.55535
C 81.68960 11.25470 1.60764
C 78.77530 12.41110 1.60072
C 90.43770 11.30020 1.23873
C 87.22480 12.15880 1.54475
C 84.01760 13.26290 1.54190
C 81.17760 14.48990 1.49718
C 92.18010 12.78770 1.38768
C 89.42190 14.35280 1.49823
C 86.36370 15.53620 1.49726
C 83.29620 16.73780 1.47548
C 92.07830 16.11030 1.73021
C 88.62870 17.47820 1.62270
C 85.59230 18.86690 1.60807
C 82.61040 20.02130 1.17760
C 81.27360 47.62770 -0.55908
C 90.47160 46.67430 -1.46812
C -1.17553 47.46810 -2.00617
C 83.68050 24.79790 -2.57427
C 80.03040 24.44130 -2.69563
C 88.91260 27.35500 -2.29355
C 85.59930 27.64550 -2.60051
C 79.16940 29.13460 -2.70121
C 87.79480 30.35450 -2.05554
C 78.01100 32.13700 -2.38689
C 89.89170 32.58210 -1.71077
C 77.19950 35.48640 -2.44532
C 92.07150 34.88370 -1.39077
C 79.24900 37.67210 -2.19004
C 93.92770 37.29220 -1.16582
C 81.28820 40.24950 -1.87250
C 83.45740 42.60730 -1.46216
C 95.26390 42.78980 -1.13731
C 91.97500 43.63620 -1.43329
C 88.57660 44.33120 -1.46054
C 85.54320 44.98070 -0.92972
C 82.72870 45.94520 -0.88470
C 93.24820 45.28530 -1.86935
C 76.37990 23.28210 -1.89408
C 77.16100 26.47080 -2.07502
C 75.61500 29.45040 -1.70459
C 72.43060 31.88730 -1.48468
C 74.09610 35.29350 -2.10704
C 75.89090 38.01710 -2.08537
C 77.85150 40.72280 -2.05986
C 79.86130 43.51890 -1.12985
C 77.41530 45.52050 -2.35669
C 82.59250 21.90730 -2.46134
C 88.05950 24.17760 -2.04730
C 92.99610 26.43590 -1.12651
C 89.60900 25.50670 -1.60173
C 90.99490 29.13150 -0.54895
C 93.15150 31.61700 -1.03390
C 95.16850 34.41050 -0.85682
C 82.33540 27.95250 -2.61407
C 84.65610 30.87610 -2.56466
C 81.35440 31.77460 -2.83061
C 86.76670 33.37140 -2.04515
C 83.65010 34.14820 -2.39038
C 80.36490 34.66980 -2.46538
C 88.93150 35.57730 -1.79526
C 85.75200 36.37900 -1.96806
C 82.46640 37.13630 -2.23823
C 90.88700 38.06180 -1.48524
C 87.68200 38.87310 -1.79657
C 84.36980 39.53360 -1.88808
C 96.31870 39.69820 -0.95647
C 93.11150 40.53550 -1.28863
C 89.75310 41.16340 -1.56778
C 86.56440 41.99420 -1.52760
C 74.12900 25.67580 -2.08459
C 72.69950 38.13310 -1.97366
C 74.48700 40.93860 -1.88527
C 76.14220 43.72450 -1.97529
C 72.74330 43.65750 -1.91417
C 74.34940 46.39740 -2.06316
C -1.19357 26.27860 -0.84465
C 94.60430 28.89990 -0.78699
C -1.04059 31.49140 -0.64484
H 83.72500 48.15280 -0.26830
H 92.63360 47.03560 -0.30636
H 84.96020 26.07080 -0.56033
H 82.00570 25.67130 -1.62619
H 87.18270 28.32970 -0.68991
H 80.91690 29.89940 -2.07489
H 77.86100 30.11780 -0.67309
H 89.24620 30.80540 -0.05474
H 78.91670 35.70110 -0.74175
H 93.49240 35.53240 0.53083
H 81.01600 38.10630 -0.52646
H 95.49060 37.95080 0.58593
H 83.01520 40.54330 -0.06039
H 94.78850 41.00700 0.54446
H 82.13060 43.69130 -0.06043
H 93.68770 44.05760 0.34482
H 90.46950 44.75400 0.08263
H 87.31100 45.30950 0.34318
H 84.21280 45.69140 1.24896
H 77.62880 24.74160 -0.09129
H 75.58090 27.22400 -0.65957
H 73.24020 29.64950 -0.67149
H 74.00010 33.54300 -0.16841
H 75.76860 36.11210 -0.51082
H 77.66040 38.72240 -0.50607
H 79.84810 41.12740 -0.54063
H 77.72050 44.39220 -0.08750
H 83.60910 23.16910 -0.62342
H 92.97480 24.16640 0.29595
H 91.47910 26.94120 0.80460
H 92.99580 29.88860 0.81688
H 94.70790 32.55990 0.72280
H 84.10810 29.11000 -1.31874
H 86.14080 31.46120 -0.59644
H 83.07140 32.10230 -1.07537
H 79.98520 32.74930 -0.96895
H 76.94060 33.22140 -1.13134
H 91.51910 33.03110 0.11440
H 88.33120 33.81280 -0.20888
H 85.20950 34.46370 -0.55601
H 82.10840 35.12860 -0.84583
H 90.45490 36.17040 0.03786
H 87.33000 36.83780 -0.38537
H 84.14540 37.51440 -0.48333
H 92.49610 38.66070 0.21611
H 89.39970 39.27940 -0.01088
H 86.15130 39.90980 -0.27610
H 91.57790 41.66150 0.03970
H 88.43430 42.32380 0.01759
H 85.22980 42.85800 0.29285
H 74.63270 24.04780 -0.29981
H 72.38660 26.38420 -0.52484
H 72.58360 36.29900 -0.43379
H 74.37680 38.96380 -0.35203
H 76.09820 41.67180 -0.54365
H 72.83730 41.80480 -0.22348
H 74.47560 44.51680 -0.39821
H 96.07210 24.18280 0.42108
H 94.57690 26.93160 0.72547
H 96.23910 29.63190 0.91897
C 83.17120 47.81790 2.19152
C 91.06570 46.62630 1.57576
C -0.85640 48.41110 2.20384
C 82.79530 25.17440 0.63521
C 80.07000 24.41680 -0.68235
C 87.95310 26.79320 1.10670
C 84.95840 27.62170 0.52682
C 78.90680 28.37640 0.63362
C 87.19200 30.06580 1.16200
C 78.33250 31.76190 0.68045
C 89.48730 32.36020 1.51862
C 77.25300 34.83840 0.89874
C 91.58530 34.83200 1.83057
C 79.13670 37.44740 0.96628
C 93.62290 37.45590 2.05522
C 81.06140 39.90060 1.23248
C 83.40790 42.29980 1.64181
C 95.32120 43.01030 1.97193
C 91.99540 43.53380 1.65048
C 88.84890 44.05050 1.81059
C 85.72210 44.41600 2.15522
C 82.54710 44.19000 2.36491
C 94.82240 46.14510 0.54681
C 76.34510 23.88620 1.56382
C 77.33640 27.02440 1.18810
C 75.60530 29.73570 0.20172
C 72.27570 31.73690 0.46161
C 74.10730 35.14380 1.12066
C 75.99220 37.89100 1.16456
C 77.86440 40.62590 0.98064
C 79.80710 43.33790 0.69296
C 78.08660 46.49870 0.70931
C 82.20490 22.24950 1.21033
C 89.37760 23.84700 1.29379
C 92.74700 26.05900 2.23372
C 89.56950 25.69480 0.45566
C 90.62700 29.19590 1.32011
C 92.70130 31.74770 2.03703
C 94.76910 34.41300 2.33724
C 81.97410 28.00120 -0.82155
C 84.13990 30.66020 0.59883
C 81.21340 31.02410 0.15684
C 86.35890 33.15660 1.14090
C 83.30520 33.68990 0.74185
C 80.33330 34.39830 0.76233
C 88.50850 35.58410 1.42509
C 85.45040 36.19670 1.10628
C 82.37040 36.72200 0.99980
C 90.71140 37.99720 1.67236
C 87.46180 38.55800 1.32125
C 84.35410 39.22800 1.29722
C -0.73135 39.82040 1.46269
C 92.84910 40.45560 1.85778
C 89.77010 41.10700 1.62939
C 86.67750 41.46730 1.55794
C 74.20710 26.01380 1.12541
C 72.71090 38.06720 1.26509
C 74.56590 40.86310 1.24173
C 76.16590 43.57280 1.16840
C 72.97430 43.67770 1.35092
C 74.88170 46.46290 1.09170
C 96.02670 25.86050 2.29002
C 94.52020 28.72700 2.41573
C 96.12780 31.52230 2.49202
C 87.44750 47.58680 -0.63680
C 84.62590 49.72060 -1.44400
C 81.69860 50.75500 -0.89439
C 78.63740 51.71720 -0.19041
C 76.12320 53.62870 -1.54715
C 93.34340 48.73540 -1.81930
C 75.78910 56.83950 -1.07029
C 72.56140 58.22110 -0.73759
C 75.55640 60.16650 -0.98816
C 95.65830 53.57910 -1.68066
C 92.61350 54.95160 -1.70219
C 89.77220 56.27830 -1.67153
C 86.74710 57.71080 -1.60438
C 75.50540 63.52300 -1.08131
C 87.12650 61.07620 -1.24841
C 84.49170 62.54980 -0.69966
C 77.97670 65.43320 -0.99057
C 83.52170 65.63490 -1.20600
C 80.56560 67.48630 -0.44188
C 83.49610 69.11280 -0.54632
C 76.74240 49.38870 -1.63537
C 74.53600 52.19580 -1.68241
C 80.44640 71.13150 -1.08544
C 77.75400 68.91750 -0.40894
C 74.74220 67.27450 -0.28441
C 72.39450 63.91550 -0.27243
C 95.38090 56.87570 -1.69923
C 92.33650 58.02290 -1.69070
C 91.34070 61.00370 -1.68310
C 90.12060 63.81040 -1.52001
C 89.08650 66.73100 -1.24837
C 86.09890 67.07300 -0.80211
C 87.93710 69.63280 -0.86238
C 89.74230 72.64850 0.34626
C 90.20250 49.82730 -1.57007
C 87.46890 51.25280 -1.47476
C 84.44180 52.78270 -1.31930
C 81.38280 54.12140 -1.07845
C 78.65850 55.55810 -0.95991
C 92.97790 51.82130 -1.72955
C 90.08790 53.09150 -1.58769
C 87.13750 54.47940 -1.52886
C 84.13110 55.91260 -1.37184
C 81.22400 57.38690 -1.15738
C 78.39070 58.85930 -1.01802
C 84.19000 59.23880 -1.41791
C 81.08410 60.65890 -1.14482
C 78.18410 62.12380 -0.92837
C 80.91170 63.81400 -1.16207
C 73.07550 49.24560 -1.70102
C 74.94020 70.90030 -1.01560
C 94.56640 60.18410 -1.73554
C -0.80588 62.63230 -1.84668
C 93.39690 63.25230 -1.75021
C 95.64380 65.63490 -1.87624
C 92.27850 66.18250 -1.68146
C 94.31590 68.79170 -1.84968
C 91.02760 69.25830 -1.38201
C -1.11530 71.16820 -2.22471
C 93.01380 71.83540 -1.60428
H 81.37400 49.45400 1.39771
H 89.69150 48.28300 0.31616
H 86.56610 49.69790 0.22522
H 80.86880 52.52430 0.61841
H 77.91050 53.95680 0.35115
H 75.05360 55.33230 -0.01649
H 95.31190 48.71470 0.06084
H 74.72550 58.62380 0.46125
H 94.80630 51.93450 0.18108
H 91.95730 53.31860 -0.04130
H 74.70850 61.87160 0.76472
H 91.58580 56.38060 -0.06121
H 88.69540 57.87720 0.01777
H 86.03840 59.25480 0.18833
H 74.39080 64.99420 0.70542
H 86.87920 62.42710 0.24082
H 79.94710 65.33540 0.54808
H 77.03010 66.79370 0.56806
H 85.72520 65.34580 0.25293
H 82.78030 66.94670 0.38237
H 76.16160 47.11640 -0.97400
H 74.70460 50.32120 0.02429
H 84.15610 71.29130 0.38359
H 81.37470 69.58120 0.57991
H 78.54640 71.05000 0.47486
H 75.59460 69.48480 0.63643
H 72.87240 71.15290 0.60273
H 94.53730 55.18550 -0.06752
H 94.14710 58.36850 -0.13087
H 91.00710 59.25430 0.08040
H 89.98400 62.01160 0.20662
H 88.91180 64.84280 0.47644
H 88.00820 67.66950 0.71517
H 89.96640 70.22560 0.56679
H 86.83960 70.44070 0.43569
H 83.73060 51.19570 0.33768
H 92.16370 50.16060 -0.15113
H 89.33470 51.47100 0.11735
H 86.42440 52.84230 0.07969
H 83.40090 54.32950 0.35128
H 80.62360 55.78860 0.61989
H 77.65410 57.21060 0.67930
H 89.05430 54.67160 -0.03316
H 86.10500 56.04490 0.13513
H 83.24070 57.60200 0.23646
H 80.30930 58.98200 0.50559
H 77.44990 60.40620 0.68328
H 83.08480 60.73870 0.22197
H 80.15780 62.20770 0.57241
H 77.23710 63.70660 0.68041
H 82.79760 63.89520 0.41698
H 72.91420 47.28280 -0.14274
H -1.06195 60.78320 -0.27965
H 93.20520 61.43990 -0.12209
H 95.22410 63.80450 -0.24026
H 92.04970 64.35960 -0.06082
H 94.22390 66.83510 -0.30729
H 91.06250 67.25760 0.11896
H -1.20280 69.36640 -0.42463
H 93.08890 69.80950 -0.11835
H 95.15730 72.50390 -0.72479
C 87.46650 47.61410 1.26367
C 84.58740 49.48810 1.73302
C 82.06780 50.92220 2.15370
C 78.82290 51.99670 1.67939
C 75.85610 53.81570 1.85788
C 93.47010 48.70120 1.41303
C 75.64020 56.88410 2.05865
C 72.48630 57.93160 1.50433
C 75.41570 60.39400 2.27439
C 95.65710 53.77620 1.70972
C 92.68090 54.98520 1.57669
C 89.87950 56.25140 1.65340
C 86.89270 57.63440 1.84559
C 75.35570 63.92280 2.34123
C 88.24560 60.29210 0.54936
C 84.60160 62.41740 1.27089
C 78.12830 65.40150 2.24689
C 83.84930 65.46420 2.01913
C 80.66610 67.49300 1.50422
C 83.62510 69.05510 1.30756
C 76.54140 49.43310 0.31405
C 74.65880 52.13670 1.88745
C 80.30830 70.98170 2.23981
C 77.88340 68.89390 1.47544
C 74.82890 67.37970 1.60285
C 72.31740 62.39610 1.10778
C 95.54280 56.97280 1.34719
C 92.52030 57.90560 1.58337
C 91.70240 60.96270 1.75533
C 90.65050 63.80480 1.91045
C 89.78910 66.65160 2.07309
C 86.96690 65.74660 1.94245
C 88.37000 69.47100 2.35902
C 90.40560 72.20490 2.06570
C 90.42240 49.87320 1.72307
C 87.43230 51.23140 1.73192
C 84.67260 52.78790 1.83141
C 81.69670 54.28600 2.15291
C 78.65380 55.47920 2.16792
C 93.03720 51.75970 1.58389
C 90.17500 53.16550 1.60041
C 87.28970 54.49550 1.66707
C 84.30210 56.08620 1.82703
C 81.58170 57.59190 2.05509
C 78.54640 58.88020 2.24309
C 84.26840 59.20040 1.82350
C 81.39670 60.65840 1.99642
C 78.30480 62.11190 2.23236
C 81.04890 63.84960 2.20041
C 72.96690 49.13740 1.54526
C 74.83440 71.17940 2.25637
C 94.72020 60.19920 1.36135
C -0.86441 62.59020 1.37918
C 93.59650 63.26570 1.47025
C 95.70420 65.62760 1.33889
C 92.70990 66.12700 1.47024
C 94.70230 68.59760 1.32650
C 91.71300 68.99970 1.75556
C -0.66806 71.46760 0.81576
C 93.92860 71.69350 1.36110
C 95.34430 95.25640 -2.66314
C 92.09800 95.11810 -2.65498
C 88.93630 95.01550 -2.67716
C 96.18250 78.38370 -3.69281
C 92.94640 78.41210 -3.58660
C 88.62940 80.78620 -3.35629
C 86.22540 83.31510 -3.01692
C 86.02630 86.52480 -4.28349
C 96.09810 89.82300 -3.41946
C 92.86480 89.85420 -3.10583
C 86.52770 89.55090 -3.37989
C 90.81940 92.32510 -2.93925
C 72.50050 89.35750 -1.32975
C 80.58600 90.23450 -2.24279
C 77.74670 91.29350 -1.86804
C 83.18820 93.25380 -2.75248
C 85.52810 95.11990 -2.56710
C 82.56640 96.10240 -2.27633
C 89.02210 76.20450 0.25783
C 86.05070 72.94100 0.53944
C 83.17730 72.58250 -0.80785
C 85.96220 76.32400 -0.83466
C 86.34540 79.35400 -1.88592
C 83.49980 81.64570 -2.00606
C 82.85050 84.67020 -3.47047
C 80.94670 86.81510 -2.69172
C 78.26350 88.36280 -2.29417
C 75.39250 87.43740 -1.78082
C 72.25240 85.69600 -1.71028
C 95.30010 74.47290 -2.34856
C 91.76380 73.45080 -1.82403
C 92.89040 76.32440 -3.49208
C 94.65870 81.30600 -3.76912
C 91.61260 81.32910 -3.72121
C 96.13850 84.22150 -3.75839
C 92.99060 84.15920 -3.62611
C 89.78950 83.89740 -3.58164
C 94.51290 86.99000 -3.49504
C 91.32480 86.87440 -3.52461
C 88.08460 86.52410 -3.66628
C 89.57090 89.56140 -3.19201
C 87.09630 92.40180 -2.21980
C 74.85400 92.16520 -1.66343
C 71.88310 92.74140 -1.34325
C 80.26310 93.56220 -2.09849
C 77.08690 94.41520 -1.79872
C 74.03130 95.10980 -1.59854
C 83.12350 75.55430 -0.84350
C 80.30630 74.20220 -0.99164
C 77.56600 72.64260 -1.06631
C 83.19000 78.41010 -1.44319
C 80.37290 77.17730 -1.19881
C 77.43870 75.73750 -1.08119
C 74.68160 74.28600 -1.08932
C 80.49090 80.31970 -1.59615
C 77.45470 78.77580 -1.46187
C 74.68620 77.35460 -1.15425
C 80.53270 83.22700 -2.12688
C 77.58730 82.09480 -1.82488
C 74.80660 80.57420 -1.41018
C 72.04620 79.22770 -1.20197
C 78.03020 85.20770 -2.35884
C 74.92460 83.80610 -1.90697
C 72.12300 82.42100 -1.45474
H 95.61180 93.30360 -0.97776
H 92.41520 93.06830 -0.96186
H 90.51450 95.85450 -0.95040
H 87.34240 95.72280 -1.00863
H 96.23750 76.84850 -1.57209
H 94.63190 79.51110 -2.14134
H 91.57230 79.59610 -1.81859
H 88.76750 79.60850 -1.04970
H 87.15890 81.60950 -1.58480
H 84.70300 85.15070 -2.71155
H 86.50400 87.49730 -2.05197
H 94.28330 90.67610 -1.72940
H 91.06330 90.40020 -1.42494
H 87.91460 90.19100 -1.46790
H 84.78720 89.96310 -1.42399
H 89.18850 93.04530 -1.25102
H 77.54950 89.59640 -0.08927
H 74.54820 90.26420 -0.16597
H 71.56220 90.95080 0.35769
H 82.67180 91.34160 -1.13398
H 79.75400 91.81740 -0.49274
H 85.03600 93.25580 -1.10324
H 86.85940 75.14260 1.30033
H 83.93410 74.14950 0.96932
H 87.09740 77.80840 -0.07919
H 84.38060 80.14290 -0.65320
H 81.62190 82.00430 -0.19291
H 81.76760 85.08180 -1.16579
H 81.97890 88.41030 -0.93511
H 79.16730 86.81630 -0.86589
H 76.09870 85.49590 -0.82519
H 73.35310 87.36400 -0.26716
H 92.23580 72.76340 0.55373
H 0.16280 74.46500 -1.34174
H 93.26270 75.27400 -1.19891
H 90.02860 74.75850 1.68044
H 93.68410 95.94800 -0.91226
H 96.25180 82.34560 -2.22507
H 93.16400 82.27230 -2.13967
H 90.09580 82.11910 -2.02899
H 94.62350 85.05770 -2.04767
H 91.37430 84.94200 -2.00739
H 88.06540 84.68070 -2.11488
H 96.11750 87.88490 -1.89539
H 92.88140 87.72790 -1.76445
H 89.61800 87.48860 -1.93397
H 76.71940 92.63760 -0.10984
H 73.71810 93.42040 0.12832
H 82.17100 94.24840 -0.73717
H 79.00600 94.88070 -0.44186
H 75.88350 95.71090 -0.11951
H 81.20300 72.64660 0.68555
H 84.12700 77.25900 0.60562
H 81.21290 75.79840 0.62193
H 78.48140 74.29140 0.57469
H 75.68650 72.76640 0.53871
H 81.37860 78.94100 0.22889
H 78.52410 77.46210 0.26455
H 75.67820 75.89000 0.56083
H 72.88920 74.40740 0.58419
H 78.60070 80.59390 -0.10999
H 75.72030 79.08080 0.32326
H 72.87750 77.61350 0.52016
H 78.77500 83.78380 -0.49585
H 75.86980 82.39320 -0.04676
H 73.07980 80.90510 0.29845
H 73.22630 84.15480 -0.07167
C 95.31480 94.66850 0.45869
C 92.14050 94.67680 0.60446
C 88.93060 94.72740 0.52338
C 96.21940 78.53470 -0.49074
C 93.36000 78.77350 -0.15978
C 88.90080 81.94140 0.01852
C 86.06340 83.71180 -1.17413
C 84.10550 87.47440 -2.01775
C 95.95170 89.51640 -0.03392
C 92.83240 89.47600 0.05170
C 86.19520 89.04320 -0.09028
C 90.52380 91.84220 0.49457
C 72.88270 89.17900 1.40545
C 81.26720 90.33940 0.75699
C 78.23320 91.48530 1.42215
C 83.45770 92.84760 0.80277
C 85.72870 94.86380 0.60054
C 82.80240 95.99360 0.88740
C 88.64320 74.93170 3.18886
C 85.37370 74.50060 3.00558
C 83.01000 72.36130 2.31063
C 86.03850 77.39980 2.13767
C 86.69010 80.21790 0.34133
C 83.59760 81.62460 1.23795
C 83.64420 85.10230 -0.36470
C 81.28650 86.86800 0.56868
C 78.94070 88.63460 1.01264
C 75.69810 88.07330 0.12252
C 72.58480 86.04420 1.53310
C 95.51660 74.85660 0.00419
C 92.60500 75.06020 1.35598
C 91.95930 77.37800 -0.59798
C 94.78200 81.39720 -0.57830
C 91.68710 81.65670 -0.28521
C -1.19020 84.09900 -0.54208
C 93.05780 84.03270 -0.46744
C 89.71290 83.95450 -0.54152
C 94.55660 86.75950 -0.28410
C 91.29170 86.69030 -0.25663
C 88.01790 86.42350 -0.42815
C 89.49110 89.07350 -0.00949
C 87.06170 92.13960 -0.34569
C 75.00560 91.68970 1.41356
C 72.19290 92.73920 1.89989
C 80.54890 93.62020 0.96521
C 77.39420 94.47580 1.35040
C 74.24900 95.24380 1.64144
C 82.98980 75.90770 2.30594
C 80.28610 74.23620 2.23648
C 77.60930 72.63880 2.14966
C 83.42900 79.43650 1.53915
C 80.31780 77.64310 1.96048
C 77.65530 76.03390 2.03577
C 74.74300 74.31190 2.19967
C 80.49050 80.74190 1.58317
C 77.72520 79.23250 1.74928
C 74.82290 77.57550 2.10603
C 80.91940 83.87510 0.86220
C 77.94060 82.49170 1.35102
C 75.02160 80.99670 1.80562
C 72.10740 79.42800 2.08534
C 77.91330 85.61070 0.89411
C 75.25550 84.35320 1.28446
C 72.18950 82.79130 1.75766
