2979
Frame 18
C 10.69220 95.78310 -0.79809
C 11.90910 1.43316 -0.06500
C 9.86752 4.26568 -0.91747
C 8.47190 7.39798 0.26159
C 5.81270 9.43680 0.68820
C 2.33894 9.16734 -0.75295
C -0.54534 8.59759 0.05762
C 21.88200 1.19944 0.23709
C 20.15230 4.86158 1.29318
C 22.65040 6.46951 -0.27988
C 22.58210 12.28670 -0.29859
C 17.29220 1.69846 -0.86844
C 14.31900 -0.17848 -0.11637
C 17.25270 4.99556 -0.67932
C 20.61950 9.26550 -0.28404
C 17.55950 8.18964 -0.47871
C 11.75670 5.21449 -0.68603
C 20.68670 13.13400 -0.34160
C 11.88660 8.68212 -0.35386
C 20.80090 16.53810 -0.59973
C 9.35442 10.65500 -0.01771
C 20.97400 19.88640 -0.78634
C 9.84915 13.77040 -0.12663
C 6.91251 12.20750 -0.12839
C 21.33340 23.33910 -0.84008
C 12.89080 18.59720 -0.02378
C 9.67075 16.97490 0.63794
C 12.79800 22.17280 0.59070
C 18.39800 -0.08319 -0.93865
C 3.25173 11.58320 1.09803
C 5.03412 14.69770 0.06367
C 1.72753 14.40250 -0.06579
C 6.46805 17.34940 -0.03940
C 0.44387 17.41260 -0.64375
C 7.88996 19.99030 -0.36568
C 9.71914 22.55160 -0.19702
C 7.26938 96.06650 -1.34507
C 8.59993 1.36559 -1.07267
C 5.41953 1.17278 -1.31122
C 2.22373 0.80753 -1.57576
C 6.68018 3.96269 -1.03476
C 3.50541 3.69039 -1.20843
C 0.16889 3.29637 -1.40663
C 4.87760 6.68425 -0.86561
C 1.53290 6.19179 -1.14139
C 14.61960 3.59224 -0.74407
C 14.53610 6.81177 -0.42359
C 17.88340 11.42630 -0.20285
C 14.98310 10.14090 -0.33183
C 18.03140 14.92450 -0.06934
C 15.34940 13.22880 -0.21013
C 12.51040 11.87510 -0.20024
C 18.15110 18.38100 -0.47166
C 15.44170 16.73990 -0.23677
C 12.77670 15.20700 -0.15726
C 18.24840 21.71540 -0.62263
C 15.47730 20.24990 -0.23189
C 3.39143 17.41790 -0.26961
C 4.99492 20.13120 -0.36524
C 1.94288 20.18170 -0.66149
C 6.65707 22.87850 -0.42058
C 3.65025 22.78060 -0.71091
C 0.50350 22.86300 -1.29715
H 11.97350 -0.73947 1.15888
H 9.83878 2.46471 0.74657
H 8.16349 5.00993 0.69239
H 6.18280 7.45393 1.08713
H -0.20586 6.66019 0.51425
H 1.36134 9.87825 1.12840
H 20.75020 2.48154 2.12277
H 22.55330 4.89453 1.63713
H 20.93540 7.33938 1.43843
H 22.51400 10.21200 1.08825
H 23.06970 15.98560 0.69844
H 18.11260 3.34663 1.03886
H 15.40150 1.73964 0.88062
H 18.12880 6.37693 1.28088
H 12.72100 3.56766 0.77486
H 12.79750 6.83037 1.02000
H 18.92850 13.03120 1.61083
H 10.17170 8.84136 1.53441
H 21.86130 18.50530 0.64528
H 19.15600 16.83930 1.31028
H 7.67204 10.90850 1.84644
H 21.95430 21.55480 0.85916
H 8.17232 13.93150 1.30184
H 11.14980 18.67650 1.93963
H 7.96708 18.44470 1.52593
H 20.09000 -0.33450 0.76297
H -0.43447 13.10100 -0.47434
H 5.19479 13.00980 1.52559
H 1.44537 13.09210 2.09518
H 6.34296 15.82050 1.94798
H 4.83845 18.46040 1.35294
H 9.59392 21.02510 1.19839
H 6.47416 21.17250 1.25389
H 8.82247 -0.55794 0.40556
H 5.38971 -0.83373 0.11604
H 2.21630 -1.20343 -0.16176
H -0.90298 95.77410 -0.46037
H 6.83585 2.03870 0.49665
H 3.60332 1.70037 0.21655
H 0.41085 1.28059 -0.01543
H 4.91391 4.61630 0.55451
H 1.65215 4.20120 0.30841
H 3.01258 7.09644 0.60762
H 15.46740 5.02637 1.06085
H 18.65160 9.57848 1.29396
H 15.75660 8.31964 1.19360
H 16.02130 11.49610 1.45823
H 13.15790 10.04760 1.31114
H 16.33920 14.97250 1.26421
H 13.51920 13.46250 1.43894
H 10.72340 12.05900 1.49717
H 19.18300 20.10860 0.98646
H 16.40500 18.49500 1.24060
H 13.67780 16.79500 1.51667
H 10.99840 15.20650 1.55168
H 16.59690 21.93530 1.23337
H 13.85680 20.20180 1.65612
H 3.17091 15.68470 1.43963
H 0.01753 15.75410 1.00237
H 1.74022 18.52680 1.09986
H 3.32353 21.19910 1.06095
H 0.15828 21.28840 0.53781
C 10.25760 -1.14825 2.45700
C 11.77430 1.63282 1.93626
C 9.69542 4.17700 2.48786
C 8.44292 7.10451 2.07000
C 6.12729 9.46202 2.69527
C 2.63869 8.76053 2.55405
C -0.61945 8.66630 1.96100
C 21.69460 0.87312 2.09941
C 22.07900 3.78627 3.84832
C 22.73290 6.76200 3.22768
C 22.63020 12.14300 2.83717
C 17.19880 1.38613 2.59004
C 14.25480 -0.46958 1.71962
C 17.06990 4.75350 2.96735
C 20.69970 9.53888 2.80174
C 17.60010 8.36371 2.88343
C 11.72670 5.01784 2.47495
C 21.07150 13.51810 2.96339
C 11.97910 8.43678 2.86968
C 21.07640 16.73390 2.40925
C 9.70804 10.61440 3.25119
C 21.09730 20.02200 2.57141
C 9.89648 13.66750 3.15771
C 6.96812 12.80120 3.24065
C 21.41830 23.38570 2.31951
C 12.84570 18.49150 3.26451
C 9.44643 16.84560 2.58077
C 12.85720 22.29200 2.42095
C 18.15470 -0.61122 2.18179
C 3.42832 11.96980 2.99036
C 4.48822 14.74480 3.22618
C 1.31548 14.93130 2.98649
C 6.27404 17.48330 3.11708
C -0.16191 17.65170 2.40385
C 7.90730 20.33220 3.04000
C 9.50750 22.85190 2.99297
C 7.06985 95.77430 1.69143
C 8.36198 1.11125 2.17538
C 5.22324 0.84218 1.88346
C 2.04323 0.45124 1.61988
C 6.58402 3.76499 2.18027
C 3.29468 3.38875 1.94260
C 0.16851 2.88283 1.78609
C 4.72891 6.37948 2.36140
C 1.50630 5.89359 2.10825
C 14.43730 3.32860 2.54764
C 14.67490 6.70041 2.69940
C 18.08780 11.55430 2.94190
C 15.01650 9.90875 2.96393
C 18.21820 15.13790 2.92849
C 15.43640 13.36900 2.99320
C 12.63270 11.74750 3.01825
C 18.34420 18.65110 2.81419
C 15.68300 16.77170 2.91629
C 12.78360 15.11270 3.17438
C 18.54730 21.89570 2.58747
C 15.65080 20.26250 2.90295
C 3.11130 17.70660 2.87454
C 4.79899 20.40440 2.80217
C 1.43401 20.52500 2.43092
C 6.45419 23.12710 2.71108
C 3.16095 23.22200 2.37302
C -0.05275 23.32630 1.81580
C 21.38760 26.45050 -1.54017
C 19.00690 28.41840 -1.15590
C 13.39280 25.52180 -0.35429
C 16.40990 30.34910 -1.19115
C 21.84010 29.48550 -1.54962
C 22.60580 32.65430 -2.06854
C 23.01640 35.95160 -2.83888
C 23.34620 45.72740 -2.84947
C 20.66210 44.21170 -2.15410
C 19.74970 32.14190 -0.72197
C 16.68150 32.39750 -1.11756
C 13.75600 32.04090 -1.03593
C 17.81700 35.43440 -1.29793
C 11.46030 34.14960 -0.93183
C 18.93300 38.46540 -1.04534
C 9.47643 36.76850 -1.49100
C 20.09650 41.30780 -1.52899
C 16.78040 40.94900 -1.44017
C 7.11895 39.00540 -1.16998
C 3.41612 38.94040 -0.81273
C 14.52220 43.30350 -1.63776
C 1.18683 42.48950 -1.14877
C 12.35250 45.74330 -1.76550
C 3.39100 44.29760 -1.76596
C 0.73333 46.75450 -1.62748
C 11.43470 25.30590 -0.28206
C 10.24810 28.32010 -0.54848
C 11.35870 31.12830 -0.99579
C 8.37417 30.93310 -0.96475
C 7.59192 34.06530 -0.57729
C 4.18506 34.06880 -1.45813
C 2.45845 36.94170 -1.38024
C -0.80010 36.51930 -1.87856
C 18.55140 24.93480 -0.90216
C 15.78440 23.58130 -0.45172
C 16.13090 26.93500 -0.86116
C 14.68240 35.05120 -1.08506
C 15.74720 38.04280 -1.21495
C 12.44460 37.30800 -1.19948
C 13.59210 40.32510 -1.45567
C 10.30280 39.75170 -1.42916
C 11.38520 42.73600 -1.57019
C 8.27521 42.25050 -1.55001
C 5.06847 41.66230 -1.40275
C 9.32545 45.35290 -1.58703
C 6.16260 44.77000 -1.55693
C 4.00163 47.34410 -1.55477
C 8.41693 25.56430 -0.50188
C 5.22452 25.58470 -0.80526
C 2.12179 25.63950 -1.23367
C 6.86429 28.30540 -0.89093
C 3.63174 28.42380 -1.22292
C 0.36061 28.51220 -1.53859
C 5.34846 31.09700 -1.25333
C 2.09245 31.16400 -1.43904
C 0.56680 33.93690 -1.67871
H -0.75589 42.69700 0.59627
H 22.27270 24.66390 0.14171
H 19.79200 26.65920 0.39920
H 14.22620 23.98710 1.35452
H 17.19170 28.64260 0.54742
H 14.41600 27.32160 1.19703
H 14.53540 30.30150 0.65465
H 22.76490 27.77150 0.01582
H 23.28210 30.98920 -0.22290
H 20.33250 29.89980 0.35530
H 22.47120 40.41320 -1.21506
H 23.03710 43.33960 -2.35628
H 21.10420 43.01600 0.01510
H 18.88920 45.22900 -0.56229
H 18.24860 33.87090 0.22636
H 15.14460 33.30000 0.56313
H 12.23760 32.55360 0.78094
H 19.36240 36.98240 0.24271
H 9.60682 35.12800 0.39782
H 20.14770 39.99750 0.72264
H 7.46282 37.48570 0.08596
H 18.07420 42.31140 -0.15895
H 5.42043 40.05200 0.47418
H 1.40182 40.23560 0.04018
H 15.95510 44.75350 0.03685
H 3.33337 42.62400 0.03146
H 13.81700 47.18820 -0.09343
H 1.39883 44.86000 -0.23064
H 11.15400 23.67870 1.45715
H 8.17054 23.84570 1.20687
H 9.90439 26.52340 1.24020
H 11.69060 29.28700 0.84414
H 9.73812 31.93190 0.71616
H 6.73616 32.04020 0.50545
H 5.33330 35.04450 0.12210
H 2.18691 34.85270 -0.11950
H -1.08880 34.87020 -0.15500
H 0.47774 37.46950 0.00706
H 19.41050 23.35370 0.77107
H 16.93040 25.33100 0.88066
H 21.92180 45.77380 -0.91704
H 16.16680 36.29290 0.45655
H 12.84430 35.59080 0.55561
H 17.06800 39.29320 0.45472
H 13.88810 38.65320 0.30310
H 10.65290 38.06680 0.30470
H 14.95560 41.64650 0.15160
H 11.78280 40.99560 0.10325
H 8.61264 40.50690 0.18828
H 12.82000 44.04910 -0.03345
H 9.67259 43.52370 0.01138
H 6.53517 43.00080 0.05911
H 10.78960 46.53490 -0.04648
H 7.59621 45.99960 -0.00382
H 4.46722 45.52000 0.03987
H 4.95224 23.93610 0.96691
H 1.83468 23.92190 0.42375
H 6.71091 26.62670 0.86805
H 3.50153 26.69500 0.52554
H 0.29065 26.65430 0.04127
H 8.38157 29.26000 0.82616
H 5.14150 29.34440 0.47828
H 1.87837 29.36540 0.20966
H 3.64663 32.17890 0.15319
H 0.38599 32.17730 0.01079
C 21.76060 26.54230 1.91088
C 19.15470 28.41660 2.04828
C 13.49290 25.69770 2.99872
C 16.62620 30.54370 2.16948
C 22.11980 29.63850 1.58841
C 22.32750 32.81430 1.14204
C 21.69540 35.95340 0.01155
C 23.35590 44.13410 0.01346
C 20.76150 45.31090 1.12401
C 20.09940 32.23650 1.08372
C 16.95080 32.56270 1.99894
C 13.98730 32.15440 2.37944
C 18.02140 35.71040 2.01828
C 11.25420 34.37510 2.03992
C 18.91960 38.82390 2.12103
C 9.21011 37.04010 1.99961
C 19.74360 42.20790 1.97266
C 16.71590 41.26090 1.87656
C 7.31999 39.34170 1.94149
C 3.42966 38.88290 1.11809
C 14.75220 43.72030 1.56907
C 1.58966 41.66390 1.59315
C 12.42270 45.79790 1.65515
C 3.06349 44.39370 1.67552
C 0.84063 46.57270 1.67144
C 11.43430 25.54940 2.92696
C 9.88668 28.56910 2.65668
C 11.22670 31.22930 2.56284
C 8.12009 31.20350 2.34625
C 7.44955 34.24910 1.31770
C 3.84105 34.18550 1.66260
C 1.59517 36.32590 1.84221
C 96.28960 36.65570 1.41301
C 18.96720 25.25060 2.24422
C 16.15570 23.88690 2.75436
C 16.25490 27.19860 2.47570
C 14.76460 35.13300 2.12994
C 15.61060 38.17320 2.03118
C 12.41870 37.53650 1.98911
C 13.53720 40.58520 1.81298
C 10.34180 39.97460 1.81773
C 11.42240 42.87080 1.60418
C 8.27737 42.37540 1.71169
C 4.99643 41.82250 1.73179
C 9.32626 45.40560 1.56870
C 6.15707 44.86390 1.62019
C 4.08571 47.36840 1.63444
C 8.08857 25.77550 2.69902
C 4.91795 25.92060 2.33778
C 1.67004 25.84540 1.88579
C 6.53662 28.60860 2.31703
C 3.37743 28.62570 1.99135
C 0.08754 28.48910 1.66797
C 4.98749 31.24710 2.00694
C 1.90982 31.32660 1.71420
C 0.46188 34.18690 1.51215
C 18.64360 47.19490 -2.28186
C 15.50380 46.41110 -2.04247
C 13.26910 50.35560 -1.94456
C 15.43370 53.30400 -2.26018
C 12.26760 53.77670 -2.19269
C 17.08220 56.14450 -1.99321
C 19.05640 58.70650 -1.86337
C 20.71100 61.49050 -1.81512
C 22.65840 64.19630 -1.69713
C 17.71370 61.56050 -1.85501
C 15.29880 59.56070 -1.17478
C 12.18770 59.00460 -2.12495
C 10.24020 56.70540 -1.27328
C 21.01610 66.77790 -1.82813
C 18.75650 64.67260 -1.29778
C 8.82092 60.52040 -1.14943
C 21.39350 69.71960 -1.74783
C 9.50560 63.73790 -1.81617
C 9.75411 67.04060 -2.21187
C 7.30744 69.06820 -2.54190
C 11.48860 51.31970 -1.76480
C 5.07240 50.23500 -1.62112
C 1.75494 49.78150 -1.52323
C 9.20964 53.56850 -1.84289
C 6.17680 53.17950 -1.64814
C 3.17520 52.78240 -1.48580
C 0.00932 52.45050 -1.71002
C 5.02230 56.07560 -1.06000
C 6.51403 57.80680 -0.89615
C 5.46037 61.07520 -1.54635
C 7.47700 63.50240 -1.69870
C 6.17977 66.30210 -1.98812
C 5.20672 69.29690 -2.42077
C 21.79140 47.74370 -2.23302
C 20.03170 50.26690 -2.11583
C 16.64730 49.97370 -1.48887
C 21.82780 53.08840 -2.06254
C 18.52100 53.14410 -2.03970
C 20.41230 55.93330 -1.90878
C 22.21510 58.64550 -1.77888
C 15.26520 63.48610 -1.95194
C 12.36200 62.02350 -1.83254
C 18.53000 68.48010 -1.91758
C 15.75600 66.72950 -2.10127
C 12.50490 65.19540 -2.03009
C 15.85070 70.02950 -2.21718
C 12.95990 68.37480 -2.32583
C 10.41550 70.11460 -2.64091
C 10.51500 48.31280 -1.67944
C 7.15784 47.71560 -1.69521
C 8.25575 50.62950 -1.69960
C 1.18702 55.63450 -0.85019
C 3.31971 58.65990 -1.59044
C 0.06225 59.18230 -1.67740
C 2.21506 61.70520 -1.65453
C 4.28750 64.18420 -1.67494
C 1.18305 64.70740 -1.68569
C 3.12147 67.01890 -1.88006
C -0.00496 67.62850 -1.91665
C 2.07830 69.87520 -2.28343
H 0.15199 50.34720 -0.25519
H 16.91700 47.72770 -0.53639
H 14.98210 51.69110 -0.72113
H 13.94880 54.67540 -0.44620
H 15.56430 57.27760 -0.15868
H 20.64450 59.60390 -0.21989
H 17.52530 59.69110 -0.31866
H 22.30940 62.31680 -0.18091
H 12.61170 57.10970 -0.36887
H 10.84320 54.56560 -0.33027
H 20.90870 64.96480 -0.21053
H 19.05710 62.48930 -0.40856
H 15.82710 61.77480 -0.31224
H 13.19380 60.28870 -0.25528
H 10.53390 58.96320 -0.29244
H 22.23580 67.99420 -0.17545
H 10.47560 62.12490 -0.26017
H 10.67970 65.51990 -0.38473
H 8.02382 67.47890 -0.84383
H 8.53932 70.63530 -1.07219
H 11.79010 49.57730 0.00234
H 2.28233 47.88600 0.09396
H 9.68506 51.86830 -0.16834
H 6.60253 51.36450 -0.07042
H 3.38281 50.87940 0.03998
H 7.66789 54.33830 0.03655
H 4.58419 53.93980 0.12865
H 1.39351 53.33680 0.21750
H 5.89156 56.56910 1.33166
H 4.99612 59.40060 0.13272
H 7.11315 61.85480 0.12219
H 6.11192 64.74360 -0.07999
H 4.94492 67.79300 -0.55279
H 3.90220 70.72920 -0.85720
H 23.46160 48.43320 -0.59794
H 20.04300 48.31850 -0.60150
H 21.73800 51.16340 -0.53588
H 18.52930 51.24420 -0.37906
H 20.19960 53.98920 -0.38956
H 17.01170 54.21530 -0.41271
H 21.95040 56.74880 -0.22789
H 18.79070 56.83630 -0.31940
H 19.10900 66.81480 -0.27649
H 16.46220 64.96070 -0.47325
H 13.38140 63.69230 -0.25083
H 19.50500 69.85050 -0.15498
H 16.52260 68.41870 -0.48423
H 13.76200 66.79000 -0.58034
H 13.87940 70.10440 -0.83455
H 11.04310 68.65510 -0.77777
H 8.68729 48.84970 -0.13520
H 5.54142 48.43320 -0.02696
H 2.99629 56.88880 0.09848
H -0.24203 57.47950 0.09226
H 1.81879 59.91230 -0.04630
H 3.96594 62.37670 -0.05271
H 0.85250 62.95320 -0.04402
H 2.90382 65.36180 -0.05952
H -0.23822 65.94420 -0.13421
H 1.78215 68.36670 -0.40037
H 0.83755 71.31810 -0.75600
C 18.44250 47.30530 1.08672
C 15.37550 47.01840 1.41249
C 13.47430 50.77710 1.19855
C 15.40500 53.30030 1.23950
C 12.32670 53.77380 1.42650
C 16.91410 56.17610 1.24555
C 18.94170 58.64870 1.29899
C 20.52060 61.50000 1.26384
C 22.58470 64.21070 1.35026
C 17.66940 61.52490 1.27098
C 15.33090 59.62640 0.70512
C 12.24060 58.88720 1.51670
C 10.24630 56.70730 0.58058
C 20.86240 66.81860 1.39412
C 18.65130 64.63500 0.60311
C 8.91526 60.45390 0.78556
C 21.47110 69.81040 1.43829
C 9.72970 63.86350 1.30045
C 9.85341 67.12660 0.86403
C 7.60082 69.31730 0.77157
C 11.57730 51.73160 1.34931
C 5.20354 50.23680 1.59828
C 1.90796 49.73020 1.68059
C 9.10370 53.80020 1.25323
C 6.16401 53.04200 1.68764
C 3.00659 52.75340 1.68304
C -0.12994 52.17030 1.66916
C 4.11578 55.63360 2.01221
C 6.06934 58.31130 2.26660
C 5.37876 61.28630 1.71553
C 7.70972 63.70140 1.54646
C 6.47585 66.61330 0.95241
C 5.50403 69.74970 0.74153
C 21.66130 47.41990 0.79391
C 19.92490 50.25360 1.02422
C 16.52500 50.02540 0.39021
C 21.76430 52.92640 1.20498
C 18.47900 53.14680 1.25986
C 20.33560 55.76920 1.31270
C 22.07270 58.55610 1.40863
C 15.36270 63.55810 1.26768
C 12.40060 62.04480 1.33768
C 18.17560 68.38860 1.31345
C 15.64260 66.68070 1.08687
C 12.60650 65.47350 1.20120
C 15.54060 70.14070 0.99645
C 12.87800 68.65210 0.88631
C 10.40400 70.62840 0.59107
C 10.57110 48.51190 1.46539
C 7.29545 47.79360 1.60105
C 8.39212 50.67760 1.47284
C 1.04081 55.60860 1.08216
C 3.15643 58.65070 1.63809
C 0.06576 59.12600 1.59372
C 2.25289 61.70790 1.56548
C 4.36159 64.20330 1.54765
C 1.13547 64.83090 1.53307
C 3.35147 67.37920 1.21198
C 0.09875 67.87680 1.27364
C 2.25266 70.33890 0.95720
C 7.72581 90.92850 -2.04705
C 9.17382 93.46500 -1.20930
C 5.93019 93.30850 -1.92360
C 2.87623 92.82300 -2.38813
C -0.52736 92.51090 -2.87012
C 3.25167 75.27690 -3.07295
C 8.24054 78.12210 -3.59644
C 4.96259 78.00770 -3.70311
C 1.80098 77.90140 -3.65081
C 9.22033 86.84810 -5.01703
C 8.35968 89.15240 -2.85397
C 4.95880 89.72780 -2.07547
C 1.45870 89.90970 -3.26884
C 21.52920 80.54240 -1.54316
C 18.33610 81.39500 -1.95870
C 15.16670 83.21350 -3.14822
C 11.01330 86.13770 -5.45982
C 11.54560 87.89140 -2.32966
C 10.95590 90.93320 -1.28589
C 13.61450 92.95760 -1.57639
C 16.07810 94.99300 -1.04789
C 21.25740 95.70530 -0.93936
C 21.87480 73.20920 -1.55750
C 22.26420 76.73270 -0.79499
C 19.64860 78.00940 -2.15446
C 7.65998 72.08240 -2.89026
C 14.26740 77.87400 -3.72587
C 11.35780 76.59680 -4.14424
C 6.93160 75.13500 -2.63142
C 14.22280 81.43030 -3.57482
C 4.06989 72.35550 -2.75805
C 0.97566 72.97660 -2.61927
C 4.01832 95.80890 -1.75271
C 0.92544 95.36120 -2.08596
C 6.40443 80.87100 -4.12466
C 3.27059 80.85070 -3.98623
C 0.18524 80.82420 -4.13926
C 7.73552 83.63040 -4.64627
C 4.57767 83.78530 -4.19561
C 1.59137 83.82550 -4.12159
C 6.19980 86.95290 -3.63559
C 3.07610 86.91060 -3.64712
C 0.04563 86.80460 -3.84515
C 20.77260 83.61390 -1.69264
C 17.88960 84.98910 -2.34130
C 14.78570 86.52300 -2.60040
C 20.27370 87.06890 -1.71132
C 17.31740 88.39700 -1.98649
C 14.26920 89.75380 -2.07649
C 22.71750 89.15130 -1.28047
C 19.63320 90.36660 -1.47098
C 16.69950 91.63430 -1.53405
C 22.03480 92.53740 -0.98532
C 18.98290 93.64780 -1.28108
C 18.91880 71.51680 -1.92303
C 19.13190 74.59290 -2.23030
C 16.37100 73.02380 -2.51859
C 13.24530 71.54620 -2.73912
C 16.66970 76.35250 -2.87840
C 13.79490 74.63840 -3.31638
C 10.58240 73.35150 -3.21239
C 17.04850 79.87830 -2.82367
H 8.90796 91.38410 -0.05223
H 5.87180 91.33240 -0.60859
H 10.19700 94.06520 1.07776
H 4.07055 93.74780 -0.38012
H 0.89654 93.26300 -0.96886
H 4.86954 76.27850 -1.85927
H 1.61150 76.57700 -1.39455
H 6.56331 79.25230 -2.15430
H 8.02291 82.10050 -2.39689
H 9.49254 84.59910 -3.79550
H 6.92471 88.99590 -0.91598
H 2.82636 90.63800 -1.30635
H -0.42902 90.34820 -1.71063
H 20.94870 78.67230 -0.15188
H 20.06560 81.90410 -0.01480
H 16.93150 83.30000 -1.39124
H 13.92070 84.51200 -1.27260
H 12.33280 86.36100 -3.31678
H 9.97826 88.67610 -1.25092
H 13.11130 90.85820 -0.21077
H 15.41710 92.85150 0.18885
H 12.61340 94.00350 -0.38485
H 17.78530 95.17300 0.24988
H 22.28620 71.28040 0.04317
H 22.48240 74.61920 0.56678
H 19.90680 76.17800 -0.53138
H 17.33920 77.91750 -1.42968
H 11.70410 74.96220 -2.10163
H 8.77587 73.85800 -1.53445
H 5.95251 73.19200 -1.46518
H 14.65170 79.57820 -1.82386
H 11.81690 78.17230 -2.61643
H 2.84693 73.72860 -1.14191
H 7.21740 94.04050 0.01740
H 3.34311 79.17310 -2.18540
H 0.07014 79.15470 -2.35211
H 4.88135 82.02310 -2.56066
H 1.65340 81.96680 -2.51393
H 6.39112 84.84750 -2.85209
H 3.10156 84.76700 -2.44323
H -0.00715 84.79740 -2.51146
H 4.55334 87.37960 -1.77410
H 1.41607 87.75360 -2.01997
H 23.16580 80.72000 0.28340
H 22.43290 84.04250 0.15055
H 19.44700 85.18090 -0.29042
H 16.48360 86.43520 -0.80903
H 13.55540 87.74270 -0.88924
H 21.83520 87.33850 0.19807
H 18.90200 88.39420 -0.11160
H 15.95320 89.61610 -0.27573
H 21.33450 90.47230 0.27671
H 18.39080 91.70940 0.21444
H 20.63350 93.86880 0.54472
H 19.75130 73.07810 -0.35423
H 16.84950 71.54750 -0.53983
H 17.06070 74.75600 -0.96634
H 14.24190 73.23130 -1.31400
H 11.32030 71.94890 -1.27424
H 14.45370 76.39850 -1.76396
C 7.24813 90.28730 1.06305
C 8.73063 93.04970 1.72075
C 5.60958 92.77440 1.25814
C 2.45727 92.14740 0.61960
C -0.87247 91.89120 0.27119
C 3.47647 75.77330 0.17629
C 8.36311 78.71460 -0.50088
C 4.99223 78.42760 -0.46230
C 1.59306 78.34260 -0.49540
C 11.40480 83.02590 -4.05823
C 8.46997 87.57620 0.31183
C 4.64885 89.31890 -0.35040
C 1.11930 89.34810 -0.08110
C 21.08520 80.34140 1.60492
C 17.93600 81.28240 -0.09259
C 14.91250 82.71310 0.11093
C 11.59910 84.12680 -2.24659
C 11.50630 86.74620 -0.82199
C 10.83420 90.13090 0.50805
C 13.43790 92.46300 1.63274
C 16.32480 94.20910 2.08540
C 20.92170 95.42100 2.36319
C 21.34280 73.12870 1.61555
C 21.32850 76.74030 1.39712
C 18.73430 77.97230 0.61681
C 7.65255 72.51380 0.22733
C 12.79880 77.97350 -0.80995
C 9.39589 77.51690 -1.89728
C 6.97064 75.38720 -0.82441
C 13.41190 81.25780 -0.47992
C 4.44400 72.79870 0.44851
C 1.11364 73.38160 0.58978
C 3.80263 95.33800 1.48049
C 0.69630 94.68010 1.04181
C 6.84725 81.59580 -1.08584
C 3.32601 81.23950 -0.83247
C -0.06380 81.14920 -0.91672
C 8.51588 84.55840 -1.47230
C 4.86417 84.03440 -1.01438
C 1.50713 83.79990 -0.87367
C 5.90626 85.78890 -0.53187
C 2.77713 86.35420 -0.48234
C -0.26476 86.47180 -0.75135
C 20.29710 83.48190 1.45680
C 17.28460 84.60800 0.72405
C 14.39860 85.84140 0.47261
C 19.83830 86.77660 1.56071
C 16.85780 87.81870 1.18200
C 13.99620 89.03750 1.15052
C 22.27920 88.99080 1.98610
C 19.37250 89.95270 1.71861
C 16.43380 91.13620 1.62775
C 21.70200 92.15590 2.11777
C 18.58660 93.43710 1.92708
C 18.56300 71.61110 1.23755
C 18.58960 74.78250 0.97823
C 15.73860 73.38540 0.64598
C 13.07990 71.91480 0.45364
C 15.83210 76.62050 0.13590
C 13.26080 75.07480 -0.07332
C 10.51680 73.95840 -0.03357
C 15.70320 78.83830 0.30374
C 36.55320 0.26343 0.65075
C 33.54930 -0.09322 0.35248
C 37.57340 3.13804 0.37274
C 46.57400 9.33022 -0.71669
C 43.37850 9.03600 -0.60837
C 40.10350 8.60338 -0.53672
C 41.14450 11.93290 -0.46720
C 31.89210 0.86226 -0.08770
C 25.39930 1.04940 -0.18888
C 33.78920 3.17150 1.02403
C 35.65780 5.78809 0.05080
C 36.97990 8.62353 -0.40869
C 23.93520 9.30839 -0.28742
C 38.64340 11.45900 -0.85875
C 37.18400 14.34550 -1.09467
C 24.30870 14.96600 -0.43039
C 26.25310 17.52590 -0.71136
C 33.18250 20.21440 -1.92442
C 31.05380 20.20860 -1.25160
C 27.61670 20.44790 -0.85829
C 24.10760 20.74210 0.00228
C 47.66410 11.07930 -0.85937
C 44.47530 12.23180 -0.23103
C 42.97300 14.60570 -1.67480
C 41.88730 17.60250 -1.41882
C 38.43400 18.90170 -1.06006
C 38.81050 22.08210 -1.33514
C 45.74360 1.08490 0.49145
C 42.57810 0.80718 0.68787
C 39.51190 0.54379 0.80045
C 47.08060 3.83582 0.00319
C 43.94480 3.56940 0.21278
C 40.76300 3.29792 0.38982
C 45.37910 6.43809 -0.23370
C 42.08130 6.14272 -0.12498
C 38.84270 5.87393 -0.00189
C 28.69440 0.92215 0.03033
C 30.56340 3.66022 0.08466
C 27.20700 3.63340 -0.09780
C 23.84910 3.66423 -0.00748
C 32.22240 6.09153 -0.06226
C 28.91590 6.39687 -0.21017
C 25.72010 6.40976 -0.23167
C 33.74780 8.69793 -0.36801
C 30.60720 8.97530 -0.34917
C 27.35840 9.19231 -0.39879
C 35.53570 11.41660 -0.73400
C 32.20200 11.53280 -0.64784
C 29.04070 11.83570 -0.53949
C 25.76410 12.09780 -0.42819
C 33.90870 14.32130 -1.03856
C 30.70070 14.43370 -0.86482
C 27.48190 14.70140 -0.64448
C 35.52500 17.14680 -1.53735
C 32.14650 17.02040 -1.34445
C 29.28040 17.40680 -0.93589
C 47.39480 14.31310 -1.12584
C 44.49370 15.87530 -1.08764
C 47.24880 17.55660 -1.29099
C 44.47800 19.18750 -1.20013
C 41.64540 20.68970 -1.28762
C 47.16170 20.74690 -1.33847
C 44.26870 22.16670 -1.31876
H 34.79010 1.19919 2.00424
H 39.11580 4.35326 1.86702
H 35.94590 4.13857 1.89424
H 46.96340 7.72407 1.19388
H 40.45370 7.10560 1.37598
H 44.99830 10.19630 0.85766
H 41.79040 9.90814 0.63983
H 28.70140 -0.91074 1.90332
H 25.60060 -0.92891 1.24007
H 30.37160 1.74652 1.77822
H 23.83330 1.77294 1.49983
H 32.00290 4.59893 1.92652
H 37.26760 7.06930 1.49584
H 33.96340 7.00440 1.43509
H 38.64060 9.86639 0.99581
H 37.09140 12.61150 0.77972
H 24.32800 13.11930 1.36248
H 38.59580 15.19260 -0.02339
H 35.49400 15.44690 0.41375
H 34.06700 18.29510 -0.46489
H 24.82700 18.57180 1.22701
H 32.87130 21.25980 0.38584
H 29.63420 21.31090 0.54029
H 26.49050 21.32230 0.83439
H 46.70610 12.78040 0.64161
H 43.68370 14.38670 0.69230
H 41.14340 15.98280 -0.51725
H 40.67120 19.05710 0.29646
H 37.73360 20.44810 0.49373
H 22.60930 -0.99413 0.93816
H 45.96210 -0.58478 2.20934
H 42.79560 -0.86057 2.50173
H 39.67050 -1.11834 2.58348
H 36.51340 95.99940 2.43113
H 47.39940 2.24133 1.86319
H 44.15680 2.01523 2.08835
H 41.01700 1.78052 2.26785
H 37.88790 1.57036 2.25597
H 45.51140 4.82218 1.61123
H 42.36050 4.57156 1.73112
H 43.66580 7.38636 1.23042
H 26.98290 1.83670 1.56072
H 28.79100 4.62434 1.49913
H 25.60360 4.64125 1.46480
H 30.61080 7.25916 1.37130
H 27.30390 7.42130 1.31821
H 24.14570 7.47211 1.36423
H 35.43150 9.80026 1.12913
H 32.28680 9.86705 1.19615
H 29.04090 10.06290 1.17510
H 25.78370 10.25310 1.20044
H 33.91550 12.58850 0.69163
H 30.77840 12.74240 0.89303
H 27.58710 12.95070 1.06916
H 32.41690 15.47400 0.56251
H 29.30000 15.61830 0.72473
H 26.16480 15.82370 1.06693
H 31.09790 18.43980 0.37185
H 27.96100 18.54810 0.76140
H 46.47810 15.94870 0.41928
H 43.61930 17.55430 0.37850
H 46.37730 19.15370 0.33558
H 43.40760 20.66020 0.38498
H 40.62650 22.23890 0.35867
H 46.12030 22.25110 0.26783
C 36.28540 0.56955 3.83709
C 33.23890 0.12559 3.65789
C 37.61670 3.54998 3.63079
C 46.54580 9.75874 2.61384
C 43.37550 9.44506 2.49170
C 40.45550 9.24072 2.57929
C 41.15470 12.33230 1.50462
C 31.50480 0.90406 3.85433
C 25.33440 0.73240 3.05252
C 33.83830 3.27314 2.92666
C 35.61080 6.25466 3.18283
C 37.13380 9.17955 2.83389
C 24.07380 9.41988 2.85210
C 38.89060 11.93150 2.38084
C 37.48080 14.89850 1.87428
C 24.51140 15.07880 2.78438
C 26.40590 17.79930 2.62077
C 35.20550 20.33170 0.60191
C 31.48200 20.34020 2.01302
C 27.97810 20.50950 2.35590
C 24.14580 21.01770 1.86791
C 47.73240 11.44970 2.41607
C 44.54480 12.38650 1.74140
C 41.53540 14.42810 1.61999
C 41.52610 17.47540 1.68336
C 38.75970 19.23820 2.08797
C 38.78680 22.37090 2.03788
C 45.88430 1.39967 3.63260
C 42.74040 1.16220 3.86436
C 39.50430 0.87345 3.96234
C 47.32980 4.32495 3.22358
C 44.02710 4.05331 3.43021
C 40.87470 3.87982 3.49901
C 45.38190 6.91592 2.92815
C 42.19430 6.58677 3.02391
C 38.99710 6.44008 3.18212
C 28.43380 0.65063 3.23105
C 30.18170 3.72504 3.36512
C 27.17980 3.71883 3.14496
C 24.06040 3.57253 3.06858
C 32.13370 6.40169 3.14933
C 28.86240 6.59796 2.96457
C 25.76790 6.56353 2.98422
C 33.88080 8.98117 2.89191
C 30.64370 9.20980 2.84606
C 27.37200 9.37889 2.83652
C 35.50940 11.92160 2.48370
C 32.42910 11.89950 2.51748
C 29.24760 12.05470 2.65852
C 26.06440 12.10120 2.85758
C 34.05320 14.54300 2.16271
C 30.95100 14.72160 2.31844
C 27.85330 14.90800 2.56873
C 35.13080 17.42530 1.70409
C 32.98860 17.51740 1.68177
C 29.68880 17.58810 2.18991
C 47.57030 14.51530 2.09298
C 44.56540 15.93870 2.01519
C 47.38720 17.63750 1.95639
C 44.54070 19.17770 1.94947
C 41.53970 20.62460 1.97349
C 47.28750 20.84300 1.84568
C 44.28910 22.40490 1.86424
C 47.55230 29.91850 -1.16559
C 45.94800 33.44210 -1.81849
C 47.86870 36.02760 -1.88829
C 46.47170 38.80750 -2.04353
C 35.97710 23.52420 -1.44489
C 38.49450 25.88770 -0.93953
C 41.27930 27.02120 -1.47929
C 46.72270 26.95570 -1.65141
C 44.00220 28.88890 -1.60448
C 35.26690 25.55000 -1.54040
C 32.67900 23.53790 -0.82948
C 29.22070 23.10780 -1.29822
C 39.37070 29.76530 -1.58353
C 36.15610 28.54820 -1.73580
C 26.57840 25.46190 -1.88616
C 42.88970 34.60370 -2.07725
C 39.86530 33.16530 -1.86201
C 24.34330 27.60320 -1.89253
C 40.69980 36.96340 -0.66868
C 37.84160 37.95520 -2.29959
C 35.62740 40.11510 -2.36556
C 33.40040 42.48150 -2.42699
C 30.41300 41.37990 -2.69506
C 27.48100 40.84820 -1.88554
C 22.89340 39.38580 -2.93462
C 24.54050 42.59920 -3.59484
C 30.25370 44.64850 -2.39833
C 26.53240 44.93730 -2.77060
C 31.37550 47.75780 -1.98390
C 44.26610 36.21080 -1.77257
C 42.89030 39.02020 -1.64080
C 39.92780 40.54750 -1.67265
C 44.60960 41.48580 -2.06228
C 39.81290 43.66490 -1.76093
C 37.14930 45.27080 -2.10028
C 33.80340 45.86100 -1.40473
C 45.39060 44.33740 -1.84446
C 41.51120 23.75680 -1.39683
C 46.86810 23.72120 -1.48409
C 44.16870 25.32270 -1.53142
C 32.94570 27.47950 -1.79901
C 30.00070 26.44170 -1.98054
C 36.71240 31.63290 -2.03333
C 33.55000 30.58670 -2.03644
C 30.51000 29.63710 -2.00767
C 27.45880 28.54330 -2.07114
C 37.17020 34.77330 -2.21951
C 34.19750 33.76680 -2.22915
C 31.05330 32.62690 -2.26998
C 27.97260 31.65360 -2.22377
C 24.94810 30.65950 -2.05320
C 34.89980 36.83510 -2.37784
C 31.79000 35.90830 -2.48673
C 28.63760 34.87340 -2.39323
C 25.56530 33.98020 -2.29491
C 32.57000 39.12270 -2.56357
C 29.37460 38.09120 -2.50615
C 25.98860 37.34050 -1.94261
C 28.32020 47.58660 -2.10181
C 42.67960 42.22670 -1.74893
C 42.54330 45.65240 -1.83184
C 39.61240 47.01590 -1.77471
H 45.87550 31.63710 -0.38516
H 47.68830 34.24020 -0.20659
H 46.20110 36.98480 -0.39722
H 37.77430 23.80220 0.23266
H 40.57060 25.35420 0.17406
H 39.49710 27.93980 0.02552
H 45.91530 28.53080 -0.01501
H 43.07400 30.09950 0.11779
H 36.51240 26.92960 0.08868
H 33.39010 25.82490 0.03693
H 30.45140 24.60180 -0.27697
H 40.44450 31.48090 0.10984
H 37.29740 30.08160 -0.18841
H 28.14760 26.88910 -0.38684
H 25.17300 25.65870 -0.16112
H 41.18790 34.53620 -0.26881
H 38.38450 36.19670 -0.60133
H 39.29620 39.01050 -0.52114
H 23.43640 34.21950 -0.77229
H 36.79540 41.16630 -0.24903
H 30.72460 39.43370 -0.95910
H 27.72480 38.59310 -0.70325
H 23.47100 37.37240 -1.29965
H 34.51740 43.62270 -0.52288
H 31.22230 42.70170 -1.06156
H 26.13440 42.74830 -1.49017
H 31.53000 45.74540 -0.59073
H 28.30850 45.59850 -1.07083
H 44.39770 34.43070 -0.06093
H 43.03070 37.26220 0.01421
H 44.91130 39.74670 -0.43903
H 41.88340 40.65390 -0.10754
H 39.10170 42.16750 0.19045
H 37.23550 43.39610 -2.05639
H 44.35650 42.85640 -0.09054
H 43.32830 23.82320 0.16126
H 46.00430 25.39480 0.04775
H 43.27000 27.03790 -0.07871
H 34.20140 29.00740 -0.27303
H 31.05810 27.93890 -0.27242
H 37.82220 33.15470 -0.43704
H 34.77900 32.08270 -0.53790
H 31.72380 31.08690 -0.42763
H 28.64850 30.07160 -0.44967
H 25.69880 28.98190 -0.36756
H 35.36090 35.21440 -0.60651
H 32.28740 34.17970 -0.82220
H 29.23090 33.17440 -0.70075
H 26.18070 32.24370 -0.62085
H 35.97550 38.27880 -0.74172
H 33.02420 37.34060 -0.91399
H 29.97170 36.32890 -0.91414
H 26.90760 35.36960 -0.64790
H 33.68870 40.51960 -0.90024
H 24.97660 45.64790 -0.97884
H 41.69940 43.95680 -0.25951
H 38.83200 45.30450 -0.24604
H 35.86060 46.43900 -0.31817
H 44.42780 45.96640 -0.25132
H 41.52450 47.17570 -0.16862
C 47.53100 30.09550 0.81960
C 46.07080 33.07730 1.33034
C 47.80200 36.15160 1.27968
C 46.55960 38.83610 1.19119
C 35.92780 23.72320 1.88811
C 38.49260 25.99230 1.22934
C 41.36080 27.25670 1.49933
C 46.80740 27.01620 1.68749
C 44.03290 28.77320 1.59521
C 35.17790 25.72030 1.77178
C 32.55340 23.71160 1.03624
C 29.58960 23.19250 1.79140
C 39.04890 29.77450 1.61019
C 35.98310 28.78540 1.49398
C 26.85350 25.36790 1.27056
C 42.74090 32.70140 0.47261
C 39.67320 33.11610 1.33939
C 24.71320 27.65780 1.51143
C 41.06590 36.39620 1.24790
C 37.62150 37.92910 1.02591
C 35.51120 40.17590 0.78903
C 33.18580 42.43490 0.69819
C 29.83170 41.16440 0.52682
C 27.42620 40.90610 -0.04171
C 22.35790 38.66180 0.66607
C 24.13340 41.56280 -0.77649
C 29.88120 44.29000 0.51155
C 26.59860 44.13650 0.24727
C 31.29080 47.29370 1.30907
C 44.75370 36.18750 1.49485
C 43.26990 39.18950 1.34018
C 40.10910 40.22920 1.53821
C 45.60830 41.38970 1.24207
C 39.87710 43.83960 1.46449
C 36.72840 44.25340 0.33227
C 33.71720 45.69860 0.53843
C 45.57910 44.44110 1.33404
C 41.60720 23.99600 1.85099
C 47.09280 23.95750 1.65974
C 44.17400 25.56020 1.62720
C 32.90750 27.73750 1.43079
C 29.93520 26.46660 1.36953
C 36.48710 31.91460 1.23237
C 33.54660 30.85260 1.24057
C 30.45380 29.80820 1.25809
C 27.51100 28.67090 1.25741
C 37.08950 34.93800 1.11920
C 34.01660 33.91060 0.93064
C 31.03760 33.02260 0.96032
C 28.00980 31.90080 1.06977
C 25.15290 30.84410 1.23094
C 34.67400 36.97860 0.88429
C 31.75040 36.03540 0.70452
C 28.57260 35.08020 0.80947
C 25.39890 34.10760 0.91659
C 32.49150 39.08050 0.72056
C 29.33220 38.14330 0.72362
C 25.63650 37.47540 -0.00675
C 28.21900 47.01180 1.00693
C 42.50370 42.36240 1.44420
C 42.59690 45.55420 1.37754
C 39.66620 46.88670 1.41710
H 35.96680 60.18350 0.55230
H 33.18420 58.81760 0.75806
H 39.09020 63.74720 0.33181
H 36.03630 63.05150 0.30082
H 43.06250 68.24390 0.29508
H 39.82900 66.90000 0.55431
H 27.88880 62.75830 0.13151
H 43.46430 71.24760 1.19437
H 24.25120 65.35930 -0.12280
H 25.53790 68.37300 -0.04878
H 26.67130 71.35780 -0.14329
H 33.17760 61.92770 0.40171
H 36.75920 66.03620 0.44502
H 33.63200 65.05530 0.40346
H 30.69180 63.81380 0.20651
H 40.55370 70.09700 0.77552
H 37.48660 69.11580 0.58138
H 34.34210 68.18630 0.41914
H 31.16460 67.04120 0.28620
H 27.82420 65.94690 0.10023
H 35.09600 71.25810 0.68939
H 31.98140 70.21500 0.43478
H 28.79610 69.13170 0.26350
C 45.72870 67.15030 -1.92096
C 47.77450 69.17890 -0.52074
C 33.44400 50.19540 -0.83905
C 34.90820 52.97120 -0.73890
C 33.01840 55.63970 -0.91996
C 29.93420 55.61170 -1.39931
C 29.13420 58.66040 -0.80458
C 26.94590 61.19720 -1.52386
C 23.89740 61.28200 -1.71780
C 35.28960 58.17770 -0.73220
C 37.87510 62.09390 -0.98595
C 34.92850 61.52820 -1.25177
C 32.30620 60.26970 -1.24332
C 42.00280 66.31970 -0.75342
C 38.60660 65.62920 -1.19169
C 29.67300 62.25540 -1.44609
C 42.53500 70.01930 -0.81128
C 26.34700 64.27640 -0.91740
C 24.03180 67.22410 -1.76089
C 24.49680 70.54700 -0.85468
C 36.56100 48.30890 -1.73670
C 36.31510 51.52310 -1.42034
C 35.88430 54.85680 -1.13385
C 38.59760 56.49770 -1.38145
C 40.69220 58.77180 -0.91926
C 46.57500 59.16300 -1.25710
C 40.95630 63.12090 -1.18922
C 45.92120 62.26830 -1.10228
C 44.29040 63.72590 -0.99534
C 25.16060 47.79670 -2.21139
C 29.97070 50.36320 -1.64312
C 26.69420 50.28070 -1.84662
C 23.51320 50.39370 -2.09134
C 31.62710 52.90110 -1.23779
C 28.32680 53.00810 -1.59117
C 25.13720 53.06970 -1.84570
C 26.75310 55.72620 -1.66924
C 23.57270 55.86780 -1.80127
C 25.44780 58.58410 -1.63261
C 35.44490 64.80210 -1.23070
C 32.63260 63.61520 -1.30489
C 39.36030 68.90440 -0.97797
C 36.23790 67.86550 -1.12344
C 33.13800 66.81730 -1.22633
C 29.84440 65.61150 -1.31233
C 36.99000 71.00220 -0.86635
C 33.90090 70.04140 -1.10991
C 30.75840 68.94360 -1.29132
C 27.39060 67.89880 -1.46293
C 31.47730 72.01440 -1.14217
C 28.63050 70.90720 -1.48411
C 45.34410 47.67970 -1.78935
C 42.23880 48.96090 -1.70071
C 39.32930 50.22760 -1.61005
C 44.96660 50.83670 -1.56811
C 41.85990 52.14800 -1.48067
C 38.87950 53.43570 -1.37311
C 44.63150 54.02800 -1.42899
C 41.51120 55.33740 -1.42225
C 47.28820 55.85550 -1.24022
C 44.07230 57.07880 -1.45604
C 43.52570 60.40110 -1.21819
H 46.30460 65.17560 -1.05611
H 47.71080 67.27940 1.01306
H 45.79810 69.59430 1.00572
H 33.09210 47.90190 -0.24050
H 31.37600 50.99390 0.30429
H 32.91120 53.76610 0.65209
H 31.20730 56.47360 0.66902
H 30.29900 60.60260 0.19980
H 26.99510 59.52570 0.07990
H 25.33080 62.27110 -0.04576
H 35.64910 49.70670 0.08045
H 47.03780 47.86500 0.04782
H 38.22240 51.58400 0.17103
H 37.81600 54.84660 0.29178
H 34.85280 56.21290 0.62965
H 37.54630 57.92500 0.52597
H 39.97940 61.03810 -0.22233
H 45.30860 60.43300 0.46443
H 42.81130 62.24210 0.34055
H 29.81430 48.37270 -0.26519
H 26.63520 48.31440 -0.34737
H 28.18410 51.05190 -0.14916
H 25.00050 51.16210 -0.33677
H 29.79150 53.74030 0.15960
H 26.62000 53.86030 -0.09282
H 23.39640 53.92150 -0.35005
H 28.23820 56.57090 0.06765
H 25.14680 56.65740 -0.09107
H 23.76380 59.47320 -0.09235
H 38.46490 48.44980 -0.13166
H 44.11510 49.08330 -0.14617
H 41.15270 50.32410 0.03723
H 46.70130 51.01490 0.21899
H 43.77330 52.25400 0.06679
H 40.76800 53.57420 0.15242
H 46.38140 54.14180 0.31701
H 43.35960 55.37480 0.20573
H 40.39860 56.67600 0.28397
H 45.88800 57.27290 0.20912
H 42.89770 58.46950 0.17978
C 45.36030 67.22890 0.31156
C 47.39320 68.89190 2.83407
C 33.41380 49.86570 1.10866
C 34.98130 52.86540 1.55578
C 33.04280 55.67540 2.20179
C 29.71290 55.60300 1.82224
C 29.13340 58.62400 0.95661
C 26.74990 61.31730 1.72112
C 23.77490 61.30480 1.50536
C 35.35460 58.20640 1.97235
C 37.90210 61.63150 0.86947
C 34.94890 61.78990 2.10416
C 32.13970 60.34620 2.00565
C 41.97650 65.98810 1.13375
C 38.56450 65.13980 1.96657
C 29.54740 62.34610 1.84697
C 42.42960 69.20140 2.20956
C 26.18460 64.30850 0.94865
C 23.90730 67.13810 1.48595
C 25.07750 70.12710 1.34462
C 36.61280 47.89260 1.44002
C 36.47270 51.10650 1.87936
C 36.07320 54.69270 2.03111
C 38.53810 56.59210 1.98026
C 40.61240 59.03960 0.92637
C 46.51120 58.91530 1.96597
C 40.73950 62.47260 1.71144
C 45.78790 62.07560 2.18336
C 44.06360 63.36300 2.14465
C 24.87960 47.15800 0.95471
C 29.59260 50.01180 1.56657
C 26.47860 50.11860 1.28889
C 23.30740 50.16640 1.10481
C 31.24470 52.89220 1.96945
C 28.07140 52.79520 1.54970
C 24.90390 52.89870 1.34666
C 26.59160 55.61570 1.60749
C 23.42740 55.67770 1.37900
C 25.29870 58.48460 1.55276
C 35.44470 64.69050 2.00955
C 32.45360 63.64510 1.96150
C 39.22650 68.62270 2.24904
C 36.08790 67.72010 2.07099
C 32.99740 66.84890 1.97961
C 29.72390 65.56760 1.68893
C 36.85090 70.73990 2.33052
C 33.73930 69.80330 2.13621
C 30.52720 68.86210 1.94819
C 27.36350 67.54510 1.62046
C 31.15800 71.89280 2.05755
C 28.09830 70.93150 1.78396
C 45.31220 47.57320 1.47954
C 42.30430 48.82100 1.55169
C 39.34130 49.93280 1.64620
C 44.77570 50.60170 1.65856
C 41.91910 52.01710 1.63749
C 38.96270 53.27200 1.78143
C 44.44580 53.87890 1.83440
C 41.59290 55.14630 1.85416
C 47.16200 55.89970 1.93228
C 44.04490 57.07290 1.84883
C 43.26650 60.24230 1.83357
H 41.16910 73.43270 0.79670
H 38.76100 75.41340 1.14177
H 36.22890 77.45960 1.42201
H 24.44230 73.11000 -1.27423
H 33.98680 79.57640 0.81805
H 30.86250 78.42520 0.58932
H 27.76760 77.56290 -0.15395
H 24.77670 76.39400 -1.18357
H 38.18620 72.25610 0.90868
H 35.72260 74.32300 0.96381
H 32.57320 73.34640 0.65001
H 29.52890 72.33080 0.31723
H 33.23030 76.44080 0.88598
H 30.12080 75.46860 0.46347
H 27.06190 74.52100 -0.12392
C 41.57720 89.62480 1.34431
C 34.89870 90.00290 1.36623
C 45.99700 92.98920 0.77105
C 43.26420 92.02250 2.22709
C 40.05240 92.39910 1.13717
C 37.01860 92.42040 0.91287
C 33.96000 92.78860 0.38714
C 31.35410 94.91190 1.01265
C 45.78910 74.83240 0.77151
C 42.36950 76.85180 -0.18793
C 39.65400 78.86310 -0.12427
C 36.98380 80.74940 0.07369
C 36.96810 83.73520 0.72769
C 37.27820 86.81910 0.71440
C 40.38110 88.14410 0.82573
C 45.14520 88.41410 1.01283
C 45.32630 71.59980 -0.45391
C 27.41060 95.63880 -0.18222
C 24.47530 78.98210 -0.87290
C 29.95070 80.45180 -0.10347
C 26.69250 81.51760 -0.91209
C 32.75130 84.05250 -0.25631
C 31.39210 85.63920 -0.33510
C 33.97910 87.36760 0.32979
C 31.31820 88.78980 0.09032
C 30.67090 91.95100 0.00398
C 27.93290 93.58650 -0.24308
C 43.14310 73.39350 -0.11952
C 40.71020 75.48790 -0.52762
C 38.12300 77.35900 -0.21682
C 26.30630 73.01270 -1.98127
C 35.55540 79.25150 -0.17462
C 29.45700 77.26060 -1.19322
C 26.55830 76.05600 -2.05946
C 44.29780 95.58320 0.88682
C 41.27330 95.37020 1.01591
C 38.25630 95.11920 0.99159
C 35.05820 94.87960 0.74905
C 45.35620 78.53350 -0.02525
C 42.61100 80.36450 0.05955
C 39.91570 82.12410 0.36657
C 45.41250 81.91960 0.24737
C 42.60420 83.59700 0.74186
C 39.73820 85.16260 1.74052
C 45.38360 85.14370 0.83078
C 42.69810 86.50490 1.31267
C 23.82560 82.52820 -1.23533
C 29.07690 83.75170 -0.57741
C 26.16770 84.80190 -0.77813
C 23.28830 85.92450 -1.24102
C 28.51430 86.94960 -0.40194
C 25.66370 88.00490 -0.71952
C 28.04590 90.19990 -0.31146
C 25.02370 91.48150 -0.66988
C 24.19170 94.87030 0.05923
C 39.95560 71.92650 -0.78568
C 37.63520 74.15600 -0.63361
C 34.55020 73.13990 -0.83112
C 35.24350 76.25440 -0.48244
C 32.15050 75.15880 -0.92198
C 29.12850 74.12430 -1.34350
C 32.76080 78.09320 -0.96010
H 40.10670 90.68820 3.14195
H 36.96860 90.58420 2.71389
H 44.72950 93.95370 2.65943
H 35.30520 93.17610 2.44743
H 32.25720 92.75590 1.72369
H 33.32170 95.70160 2.16839
H 44.35580 76.84280 1.61869
H 41.62560 78.53370 1.49608
H 38.87420 80.29850 1.65105
H 36.01640 81.68880 2.14815
H 47.35730 78.46950 1.70237
H 36.06490 84.85680 1.95477
H 35.55580 87.83010 2.16776
H 38.51800 88.14300 2.58652
H 43.93070 89.63080 2.35757
H 46.46820 91.37300 2.69004
H 46.47270 72.51670 1.61999
H 23.70100 77.55490 1.11261
H 26.12240 79.78530 1.01531
H 28.28690 81.98160 0.92183
H 30.69750 83.91080 1.31236
H 33.19180 85.79380 1.47032
H 32.80720 88.83320 1.96316
H 29.82310 90.19040 1.52034
H 26.86880 91.58200 1.05852
H 23.55310 92.62960 1.04855
H 29.50910 93.45740 1.55405
H 41.50080 93.63340 2.74188
H 38.42670 93.36210 2.70290
H 44.51060 80.12580 1.69053
H 41.78620 81.73910 1.95068
H 38.89780 83.36000 2.24867
H 47.33880 81.79690 1.85241
H 44.60260 83.22880 2.17082
H 41.94510 84.74240 2.83404
H 47.39880 85.00500 2.14661
H 44.65550 86.57150 2.73253
H 41.49570 87.79990 2.96645
H 47.25500 88.37140 2.50088
H 25.39090 82.95230 0.63654
H 27.76880 85.09780 1.04367
H 24.80180 86.18350 0.78910
H 30.21200 87.05310 1.37617
H 27.24940 88.31820 1.17606
H 24.31850 89.44180 0.64158
C 42.22400 89.65100 4.33511
C 34.60780 89.87740 3.21833
C 46.36200 93.30100 4.37860
C 43.33110 92.57050 4.03806
C 39.99140 92.51860 4.46129
C 36.77300 92.18500 4.16716
C 33.62090 91.90910 3.60633
C 31.24800 94.65990 2.85041
C 45.21780 74.56550 2.54258
C 42.18850 76.51030 3.00745
C 39.58260 78.41600 3.05317
C 36.99030 80.33770 3.36653
C 37.05070 83.35400 3.88621
C 36.80880 86.57190 3.84534
C 39.78950 87.03610 4.48978
C 45.37550 88.47150 4.15484
C 45.06580 70.93840 3.04708
C 26.83230 95.32170 3.11553
C 23.81770 79.29860 2.36168
C 29.94730 80.47620 1.86914
C 26.33480 81.38930 2.39253
C 31.65610 81.86420 2.18747
C 31.29540 85.56220 3.06443
C 33.67220 87.13060 3.53662
C 30.85630 88.62340 3.21010
C 30.41910 91.68370 3.07322
C 27.54950 93.27570 2.93757
C 42.29650 72.43920 2.89411
C 40.67400 74.99900 2.68436
C 38.00000 76.93350 2.98496
C 25.49070 73.13190 1.11630
C 35.37470 79.18330 2.94139
C 29.26750 77.19010 2.01151
C 25.91650 76.28390 1.16651
C 44.61950 95.98040 4.05169
C 41.31840 95.57380 4.22396
C 38.07870 95.31860 4.16296
C 34.88470 94.97190 3.93859
C 45.15450 78.14910 3.20589
C 42.67570 79.92890 3.35632
C 39.86000 81.57810 3.53140
C 45.56830 81.41870 3.54454
C 42.78970 82.99880 3.89374
C 39.85900 84.98570 3.91047
C 45.62740 84.68090 3.92680
C 42.85580 86.35600 4.39671
C 23.32580 82.55850 1.91661
C 28.65780 83.59270 2.74279
C 25.77350 84.65090 2.42790
C 22.68450 85.74080 1.92247
C 28.24190 86.74360 2.78801
C 25.20580 87.94320 2.46852
C 27.73640 89.98480 2.89793
C 24.88570 91.04260 2.52208
C 24.00030 94.81990 2.11630
C 40.10470 71.75360 2.40581
C 37.44290 73.85010 2.64742
C 34.31690 72.89310 2.38864
C 34.97760 76.02810 2.64385
C 31.72050 75.01730 2.25510
C 28.58820 74.08760 1.75564
C 32.47550 78.15290 2.48221
C 53.45340 95.86940 0.00836
C 50.29730 95.92670 -0.30455
C 47.35340 95.83440 0.39550
C 53.70180 4.29322 -0.51859
C 50.57290 4.39332 -0.21359
C 48.66380 6.76663 -0.51559
C 58.37740 0.51468 -0.61814
C 57.21470 3.58422 -0.98580
C 56.07060 6.40473 -1.31965
C 58.38560 8.80192 -1.82880
C 69.66510 9.73224 -2.35876
C 66.57190 10.63170 -2.12348
C 63.61070 11.54170 -1.39390
C 59.87100 11.88230 -1.56089
C 70.13290 13.49530 -1.89305
C 66.85240 12.63860 -1.73044
C 64.87730 15.25440 -1.83698
C 61.79700 14.76540 -2.16331
C 62.72850 17.88870 -1.64659
C 60.85200 20.33510 -1.62308
C 61.95700 22.97650 -1.68851
C 58.83560 22.84180 -1.64986
C 52.50490 7.50166 -0.04319
C 50.51290 9.64943 -0.89052
C 55.18900 9.62264 -1.57076
C 55.72670 12.91400 -1.32237
C 58.08780 14.80660 -1.80818
C 59.19840 17.75320 -1.51993
C 55.38600 19.20190 -2.26944
C 55.66520 23.18110 -1.53537
C 55.19540 1.04691 -0.42381
C 52.08240 1.58024 -0.39915
C 48.89990 1.40840 0.07594
C 67.77000 -1.28482 -1.47226
C 64.58990 -0.69705 -1.19747
C 61.44550 -0.02568 -0.84555
C 69.94200 1.12450 -1.74613
C 66.72520 1.79538 -1.62647
C 63.59980 2.38249 -1.40135
C 60.42500 2.90570 -1.16063
C 69.01650 4.18804 -1.82304
C 65.74080 4.75212 -1.85039
C 62.50170 5.33965 -1.73082
C 59.36370 5.86898 -1.47375
C 71.13940 6.77963 -1.72060
C 67.78690 7.29392 -2.06870
C 64.71240 7.90085 -2.12144
C 61.66310 8.36830 -1.97176
C 71.52350 16.55670 -1.46188
C 68.11490 15.85620 -1.62945
C 69.27500 18.80520 -1.59574
C 65.97480 18.13230 -1.60403
C 70.32430 21.79570 -1.59595
C 67.10050 21.11670 -1.64419
C 63.98700 20.65090 -1.55823
C 53.02530 11.19200 -1.13377
C 50.32100 12.77690 -1.11365
C 52.88470 14.60070 -1.34496
C 50.10750 16.08860 -1.34295
C 55.51820 16.24690 -1.66279
C 52.67910 17.75780 -1.61258
C 49.82470 19.29810 -1.46387
C 52.62670 20.93820 -1.91485
C 49.81890 22.35620 -1.62941
H 55.20170 -0.42446 1.52612
H 52.03170 -0.33709 1.15961
H 53.86470 2.44647 1.11276
H 52.37230 5.38766 1.32815
H 50.18460 7.74344 0.67168
H 58.27930 -0.93776 1.33914
H 57.08450 1.95878 0.83716
H 55.83640 4.85406 0.64504
H 57.96750 7.18001 0.08187
H 54.92850 8.04890 0.07559
H 69.70100 7.90949 -0.50401
H 66.46500 8.66235 -0.35049
H 63.21310 9.20306 -0.56357
H 59.93550 9.59934 -0.52076
H 70.35520 11.61310 -0.94981
H 71.50770 14.56120 -0.05500
H 68.33120 13.92750 -0.08137
H 64.99660 13.32150 -0.25206
H 63.06370 15.88080 -0.29958
H 60.96060 18.50580 -0.00644
H 59.21820 21.04080 0.25020
H 52.35910 9.83046 0.75154
H 49.53820 11.25930 0.74261
H 55.09120 11.50820 0.21285
H 57.71050 13.49940 0.27205
H 60.09390 15.63740 -0.56414
H 57.47350 16.58950 -0.21781
H 57.26310 19.45210 -1.38195
H 54.57260 21.11480 -0.76766
H 51.81410 22.64030 -0.19505
H 49.09000 -0.47717 1.67187
H 50.61750 2.50702 1.42737
H 48.73380 5.04719 1.35468
H 69.68380 -0.68040 -0.11021
H 66.49890 0.07481 0.12670
H 63.40480 0.74016 0.35680
H 60.24180 1.42021 0.69733
H 68.59280 2.44905 -0.15019
H 65.45650 3.17245 -0.03583
H 62.30750 3.74592 0.14954
H 59.12040 4.29843 0.39246
H 70.75070 4.78698 -0.16986
H 67.53340 5.52201 -0.31246
H 64.35300 6.18675 -0.39339
H 61.20410 6.69925 -0.12697
H 61.78780 12.99340 -0.44126
H 69.55800 16.96020 0.03243
H 66.26330 16.28020 0.00049
H 70.59210 19.98780 0.11304
H 67.43510 19.30300 -0.00202
H 64.23140 18.79930 0.04041
H 68.49840 22.43460 -0.11641
H 65.42850 21.81300 -0.03498
H 62.30710 21.34310 0.05333
H 52.23790 13.01260 0.38596
H 49.36480 14.47590 0.39487
H 54.81630 14.73130 0.13931
H 52.00720 16.26910 0.21056
H 49.14080 17.66460 0.21859
H 54.66840 17.96580 -0.18876
H 51.86060 19.46770 -0.03734
H 49.05760 20.91050 0.16576
C 53.47160 -0.50890 3.18170
C 50.86800 95.56200 2.78352
C 47.82880 -1.05272 3.70965
C 54.08520 4.57673 2.49795
C 50.61680 4.49082 2.92530
C 48.85070 7.14476 2.69688
C 58.65070 1.14056 2.52787
C 57.54460 3.93493 2.19179
C 56.27270 6.67833 1.83984
C 58.27440 9.17696 1.40620
C 70.30550 9.86919 0.92331
C 67.28250 10.63460 1.18392
C 63.54700 11.47690 0.55586
C 59.61690 11.96500 0.41367
C 69.99000 12.99200 1.24237
C 66.75620 12.64910 1.38306
C 64.60420 15.11370 1.45307
C 61.59020 14.45700 1.16579
C 62.70490 17.55700 1.45562
C 61.04430 20.21050 1.81611
C 61.91860 23.12840 1.62410
C 58.60930 23.21020 1.44257
C 53.15120 7.74987 1.80503
C 50.51860 9.61939 2.34751
C 56.11680 9.70190 1.57266
C 56.18200 13.31550 1.69673
C 58.71260 15.41990 1.56217
C 58.57580 18.61030 0.65520
C 55.92890 19.81910 0.86020
C 55.55550 23.14290 0.36754
C 55.54880 1.69859 2.73553
C 52.44370 1.45691 2.82113
C 49.25700 1.46746 3.23359
C 67.98790 -1.06237 1.64290
C 64.90040 -0.29477 1.99487
C 61.85540 0.42865 2.23720
C 70.06790 1.26043 1.38163
C 66.91240 2.01660 1.55719
C 63.82330 2.71089 1.73945
C 60.74090 3.44275 1.98377
C 68.87880 4.32642 1.40737
C 65.76450 5.15705 1.40356
C 62.75130 5.73890 1.48704
C 59.57930 6.31868 1.70957
C 70.91730 6.72010 1.40471
C 67.99800 7.38602 1.30945
C 64.84410 8.12615 1.15357
C 61.55390 8.74646 1.25332
C 71.21830 16.14190 1.76748
C 68.08370 15.69920 1.60246
C 69.13260 18.68970 1.70237
C 66.01310 18.07100 1.60239
C 70.21060 21.88870 1.57156
C 67.18690 21.18150 1.51958
C 64.07920 20.66980 1.58315
C 53.37180 11.63540 2.05011
C 50.51300 13.12340 2.12521
C 53.04610 14.80590 1.84334
C 50.24100 16.21100 1.87888
C 55.75200 16.48490 1.48680
C 52.99850 18.01470 1.60659
C 50.14410 19.35440 1.70262
C 53.11780 21.11970 1.28377
C 50.08520 22.61050 1.56596
C 72.14320 28.05740 -2.09041
C 61.84680 25.94140 -0.72723
C 69.66170 29.88640 -2.95103
C 66.34710 28.92320 -2.79243
C 63.15480 28.69500 -2.22936
C 57.92110 26.14820 -2.12625
C 54.81210 26.91980 -2.13775
C 51.96780 27.35310 -2.10043
C 60.03280 28.66990 -2.03606
C 50.61480 30.44780 -2.03279
C 61.65450 31.45980 -2.35400
C 63.32880 33.95180 -3.08420
C 62.82200 37.33970 -2.30938
C 61.76030 40.58270 -1.58443
C 47.79520 41.98860 -1.53565
C 60.01210 43.33210 -1.74239
C 56.82480 43.71700 -1.75976
C 50.25990 44.71650 -1.99124
C 56.14630 46.92790 -0.83716
C 52.45500 47.19180 -1.46185
C 49.38290 25.56210 -1.76070
C 69.64920 33.19900 -2.02207
C 66.77080 32.46930 -2.61561
C 67.58470 35.54810 -1.87896
C 66.06440 38.17260 -1.62610
C 64.90170 41.08370 -1.81631
C 63.17800 43.90380 -1.66468
C 61.28280 46.39880 -1.44967
C 48.27460 46.01320 -1.38777
C 71.31440 24.84370 -1.79841
C 67.92970 24.04350 -1.81543
C 64.88190 23.54090 -1.68152
C 68.87310 26.93380 -2.25303
C 65.45970 26.27640 -1.96813
C 56.87710 29.36850 -2.08372
C 53.67680 30.00270 -2.06780
C 58.58940 31.99500 -2.20176
C 55.45960 32.57380 -2.11291
C 52.33590 33.05250 -1.94233
C 49.24210 33.32010 -1.86817
C 60.23600 34.56740 -2.48241
C 57.28570 35.07290 -2.22977
C 54.15150 35.61220 -2.06414
C 51.02460 35.91480 -1.95589
C 59.24420 37.77440 -2.39256
C 56.03530 38.19660 -2.16959
C 52.93160 38.47190 -2.01361
C 49.68770 38.74250 -1.97102
C 57.98400 40.79450 -2.09086
C 54.86700 41.11180 -2.00009
C 51.64090 41.49630 -2.12984
C 53.63810 44.15630 -1.86491
C 52.42070 24.35460 -1.87932
C 70.87090 35.05730 -1.71198
C 69.42230 38.08920 -1.79685
C 71.29120 40.68850 -1.69895
C 67.97050 40.85740 -1.73984
C 69.74840 43.56650 -1.77567
C 66.45270 43.74020 -1.71239
C 71.25190 46.24910 -1.85310
C 68.00460 46.60310 -1.60778
C 64.86500 46.65710 -1.35561
H 63.27200 24.19300 -0.04812
H 60.40320 24.01430 -0.11374
H 70.14870 28.48530 -0.86967
H 63.93660 27.27800 -0.34688
H 67.89670 30.57940 -1.90376
H 64.91530 30.13300 -1.18398
H 57.45910 24.51270 -0.39865
H 54.40090 25.11150 -0.59301
H 59.76540 27.10830 -0.57592
H 53.53380 28.20120 -0.47687
H 50.45490 28.76230 -0.80117
H 61.76220 29.84670 -0.50997
H 49.16450 31.50900 -0.29950
H 63.35650 32.60230 -0.89179
H 62.19580 35.37220 -1.29690
H 60.86410 38.37460 -1.09678
H 48.06620 39.74270 -0.41178
H 59.74070 41.51570 -0.55564
H 50.08660 42.55960 -0.94189
H 58.46480 44.29710 0.23528
H 55.31690 44.71690 -0.06742
H 52.12590 44.99210 -0.25133
H 51.29280 25.85330 -0.29582
H 48.57250 27.10910 0.02657
H 70.79760 33.33000 0.06581
H 67.72490 33.52240 -0.63512
H 65.31230 34.43460 -2.25944
H 66.17700 36.24200 0.08332
H 64.77910 39.16430 -0.30930
H 63.28460 41.93700 -0.17654
H 61.47340 44.37510 0.05905
H 47.16580 44.15380 -0.49935
H 71.59000 23.18610 -0.01446
H 69.41850 25.43840 -0.41297
H 66.30600 24.83510 -0.18123
H 67.06950 27.67100 -0.77846
H 56.60240 27.50270 -0.50291
H 58.58760 30.11480 -0.52693
H 55.47950 30.69060 -0.51157
H 52.33850 31.18580 -0.38603
H 60.38290 32.81420 -0.75272
H 57.23220 33.24750 -0.60613
H 54.12320 33.76650 -0.39725
H 50.92660 34.11230 -0.26892
H 59.06480 35.84900 -0.74021
H 55.93500 36.30790 -0.61488
H 52.71940 36.65860 -0.38627
H 49.52890 36.94320 -0.30083
H 57.80970 38.85220 -0.61058
H 54.63310 39.24070 -0.44142
H 51.39510 39.63880 -0.43553
H 56.55720 41.76350 -0.30355
H 53.34320 42.15960 -0.44950
H 48.83500 23.94850 -0.03929
H 69.32370 36.16920 -0.30157
H 71.10000 38.84530 -0.11370
H 67.88680 39.01750 -0.11940
H 69.67650 41.72190 -0.14961
H 66.46780 41.89410 -0.08855
H 71.37280 44.43300 -0.16424
H 68.15110 44.60640 -0.15569
H 64.86470 44.59240 0.02260
C 71.71670 28.43710 1.10918
C 62.51120 26.21110 1.04664
C 69.04170 30.47630 0.15952
C 66.96200 29.80940 0.24625
C 63.79080 29.41540 0.92613
C 58.02460 26.38690 1.16163
C 54.82090 26.84380 1.09234
C 51.77720 27.77850 1.06409
C 60.11250 29.00130 1.16421
C 50.67750 30.29180 1.15730
C 61.87740 31.85800 0.98487
C 64.19260 34.76030 0.00578
C 63.08130 37.53160 -0.34702
C 61.63220 40.24030 0.34171
C 47.91820 42.01070 0.42387
C 60.20560 42.80920 1.50499
C 57.06670 43.58670 1.36366
C 50.67780 43.61980 1.23554
C 56.08320 46.79360 0.99121
C 52.46820 46.78130 1.41590
C 49.75680 25.49210 1.56226
C 68.89090 32.29650 1.08927
C 65.74740 32.36140 -0.95099
C 67.60280 35.13010 1.19679
C 66.19200 38.28840 1.51350
C 64.80710 40.95110 1.43622
C 63.21410 43.63140 1.62677
C 61.23900 46.25670 1.69839
C 48.51990 46.02990 0.55306
C 71.07840 25.14830 1.36650
C 68.13900 24.32620 1.36006
C 65.01750 23.67590 1.49596
C 68.86810 27.41360 0.90778
C 65.85550 26.85140 1.15526
C 56.90410 29.33820 1.05110
C 53.81730 29.99100 1.12469
C 58.79740 32.10840 0.93040
C 55.63050 32.55590 1.10454
C 52.49380 32.99480 1.23804
C 49.31570 33.27240 1.34491
C 60.81600 34.81930 0.65596
C 57.44730 35.16090 0.93451
C 54.32540 35.69080 1.14703
C 51.05900 35.96520 1.30883
C 59.46710 37.75360 0.81656
C 56.18860 38.09180 1.03112
C 52.89910 38.56480 1.16596
C 49.72160 38.90350 1.23394
C 58.19450 40.57480 1.11026
C 54.74770 41.03500 1.17479
C 51.45560 41.70220 0.99081
C 53.80290 43.82920 1.35019
C 52.75240 24.53180 1.13673
C 70.86740 35.06600 1.31541
C 69.40530 37.88020 1.41417
C 71.19450 40.72730 1.52297
C 68.05470 40.86860 1.49091
C 69.76600 43.61400 1.46167
C 66.59810 43.72790 1.53723
C 71.50410 46.33110 1.40910
C 68.14990 46.47240 1.56780
C 64.76370 46.41350 1.73947
C 52.03280 61.02010 -0.77324
C 49.06480 61.23560 -0.89419
C 58.06270 64.95320 0.35348
C 54.44340 64.00880 -0.12897
C 48.35670 64.20820 -1.31780
C 59.12210 67.77380 -0.21552
C 63.10720 71.50120 -0.68424
C 60.10340 70.88540 -0.43678
C 66.24750 49.74240 -0.44165
C 62.79940 49.14130 -1.24393
C 71.79350 51.51490 -2.15691
C 68.95800 52.56320 -0.53537
C 72.57160 55.01570 -2.00545
C 72.07340 69.24500 -1.06396
C 50.76200 48.25950 -1.56183
C 51.30080 51.50840 -0.52250
C 50.20150 54.73180 -0.99588
C 50.26120 57.99190 -0.14403
C 59.71850 48.02880 -1.33871
C 63.40610 52.03650 -1.04984
C 60.30380 51.37310 -1.04784
C 57.29220 50.35620 -1.23609
C 68.90480 56.49620 -1.17020
C 67.11350 54.62420 0.97336
C 64.31060 55.03620 -0.53242
C 54.89640 52.82080 -1.14404
C 71.47450 59.78180 -1.07244
C 52.26000 55.04140 -0.86328
C 56.64500 59.04260 -0.67026
C 53.69630 58.30210 -0.67865
C 60.77400 62.68140 -0.34341
C 57.69670 62.06060 -0.38510
C 70.81620 67.67210 -0.70042
C 61.43030 65.63620 -0.21160
C 69.16430 70.57140 -0.21978
C 65.47270 69.38670 -0.69769
C 62.27770 68.63610 -0.41803
C 51.32420 63.88000 -0.49476
C 55.78400 67.32000 -0.33734
C 52.69580 66.86770 -0.36237
C 49.44980 66.98110 -0.63906
C 56.88110 70.26330 -0.29485
C 53.79280 70.00120 -0.32112
C 50.60950 69.75410 -0.27994
C 69.64640 49.29630 -1.57445
C 47.93340 49.67900 -1.44884
C 47.74070 52.76060 -1.27742
C 54.30170 49.74810 -1.42785
C 61.14960 54.37160 -0.81398
C 58.02200 53.52670 -0.97174
C 68.08650 58.38230 -0.58524
C 65.15390 57.89180 -0.34230
C 62.00170 57.33250 -0.57852
C 58.92400 56.64410 -0.76346
C 55.67110 55.82030 -0.84696
C 69.03150 61.86760 -0.70026
C 66.08340 60.95980 -0.44656
C 62.99240 60.31700 -0.46249
C 59.88240 59.61130 -0.54870
C 70.02230 64.81490 -0.62986
C 66.85470 64.03560 -0.48836
C 63.77390 63.36150 -0.32520
C 67.80620 67.17270 -0.60590
C 64.61090 66.38400 -0.43241
H 71.24380 56.17220 -0.25160
H 53.44960 61.99640 1.09904
H 50.57820 62.02000 0.91993
H 47.55080 62.66510 0.52897
H 59.80110 66.17160 1.59870
H 55.82760 65.61050 1.08851
H 60.51580 69.15250 1.22278
H 54.19090 48.20650 0.12458
H 62.97990 47.12640 0.16894
H 68.53960 50.18510 0.47186
H 64.02070 50.23660 0.62862
H 71.37350 52.91520 -0.95359
H 49.78380 49.60020 0.40088
H 49.39710 52.84560 0.41895
H 48.86680 56.07780 0.67110
H 48.38420 59.55780 0.44652
H 60.90860 49.43610 0.31561
H 57.73050 48.59110 0.20084
H 64.86620 53.30090 0.70412
H 61.69160 52.45880 0.68948
H 55.49930 50.98810 0.45384
H 68.52400 56.75580 1.33569
H 65.34300 56.26190 1.42966
H 52.99030 53.13630 0.53647
H 69.65900 59.85180 0.69207
H 53.82660 56.29560 0.93500
H 70.45830 62.97990 1.00507
H 54.98730 59.39580 1.28612
H 52.04850 59.24230 0.98234
H 71.41580 66.02130 1.23969
H 59.12090 63.05230 1.41171
H 56.07680 62.42080 1.00314
H 69.18900 68.40800 1.00107
H 62.91290 66.92110 1.24073
H 66.88130 70.73850 1.03159
H 63.77990 69.92340 1.05610
H 52.63270 65.01190 1.27639
H 49.54840 64.96810 0.76907
H 57.29810 68.50380 1.34665
H 54.06110 68.15400 1.28189
H 50.91950 67.76900 1.09442
H 55.22700 71.07550 1.33458
H 52.14820 70.71100 1.39565
H 48.85130 70.26390 1.40805
H 69.85640 47.29220 -0.11844
H 66.58880 47.38330 0.33818
H 71.67990 49.79480 -0.28360
H 58.50680 51.64970 0.60256
H 62.38520 55.50350 0.95788
H 59.30980 54.72980 0.73990
H 56.21500 53.94630 0.66242
H 66.50890 59.24160 1.21157
H 63.32240 58.51150 1.11920
H 60.19530 57.76300 0.97484
H 57.03410 57.09800 0.75970
H 67.41720 62.27870 1.17770
H 64.33610 61.54170 1.17382
H 61.20750 60.79500 1.11011
H 58.10260 60.06740 1.01203
H 68.29120 65.36390 1.01163
H 65.22750 64.64990 1.20199
H 62.12800 63.90790 1.33155
H 66.04480 67.74030 1.04999
C 51.84920 60.97250 2.79779
C 48.61620 61.33220 2.23291
C 57.84540 64.87910 2.31787
C 54.56140 63.93000 2.40273
C 47.17400 64.92140 1.33266
C 59.11650 68.03390 3.00870
C 63.23330 71.63140 2.77111
C 60.14690 71.01900 2.77852
C 66.29530 49.60500 1.46796
C 62.79510 48.92560 1.93950
C 71.71040 51.79100 1.22436
C 69.32420 52.31130 1.36744
C 73.20340 54.47330 -0.19745
C 72.56980 69.42780 2.56111
C 50.83380 47.91160 1.98589
C 51.32770 51.40660 1.32171
C 50.05530 54.49710 2.20998
C 49.95220 58.05850 1.66766
C 59.72110 47.89140 1.77884
C 63.40340 51.92000 2.39037
C 60.33930 50.96270 2.11892
C 57.17790 50.17010 2.11198
C 70.71000 55.40650 1.75304
C 67.19250 55.39380 2.86448
C 63.92060 54.76390 2.72494
C 54.84880 52.58800 2.25380
C 71.66380 59.46590 2.16450
C 52.20230 54.73200 2.33180
C 56.52620 58.82190 2.50209
C 53.31270 58.05250 2.76264
C 60.95010 62.46680 2.88469
C 57.66460 61.66250 2.80563
C 71.01850 68.12460 2.75572
C 61.79140 65.60650 3.01572
C 69.39280 70.79950 1.64145
C 65.72030 69.65260 2.67385
C 62.43520 68.78900 2.76589
C 50.86760 63.90440 2.52500
C 55.76420 67.32970 2.88261
C 52.53130 66.93960 2.81590
C 49.45770 66.57490 2.60320
C 57.01420 70.41260 2.87504
C 53.87880 69.94020 3.00749
C 50.66410 69.43730 2.86019
C 70.06270 49.13980 1.57288
C 47.99770 49.49720 1.78910
C 47.38080 52.59670 1.95248
C 54.06800 49.47000 1.93763
C 61.02780 54.12920 2.37725
C 57.95450 53.36210 2.30435
C 68.43720 58.57550 2.67855
C 65.02130 58.20950 2.86919
C 61.88440 57.22180 2.60750
C 58.73160 56.45530 2.41566
C 55.57260 55.75930 2.33361
C 69.45510 61.75890 2.56137
C 66.07130 61.06370 2.82485
C 62.96790 60.27430 2.71590
C 59.82280 59.49300 2.61112
C 70.30550 65.00500 2.49136
C 67.08640 64.14020 2.73957
C 63.97080 63.30170 2.81003
C 67.99610 67.27990 2.58348
C 64.80920 66.48620 2.77716
C 69.75500 87.03620 -2.09341
C 67.56070 87.49220 -1.56615
C 64.34690 88.16800 -0.44192
C 61.25230 89.02680 0.01775
C 60.35850 92.06300 -0.18086
C 57.25710 92.28590 0.97375
C 56.46350 95.29090 0.28210
C 48.15600 77.05410 -0.30195
C 51.05350 78.30600 0.42468
C 54.11400 80.43310 0.12789
C 59.45320 84.50920 -0.11751
C 48.27340 90.30970 1.25562
C 59.06700 87.43310 0.45633
C 56.18950 88.63770 1.07690
C 51.16370 91.62590 1.38903
C 57.84760 90.98910 2.59591
C 53.93880 93.42800 1.96364
C 64.26650 74.60140 -0.79723
C 48.38190 72.21980 -0.09573
C 62.45300 77.04330 -0.60407
C 52.91550 75.46690 -0.21606
C 49.19040 75.29480 0.12841
C 63.66810 80.04910 -0.93055
C 60.35070 79.35290 -0.57051
C 56.90150 78.95300 -0.19399
C 53.62100 78.44990 -0.07427
C 65.18410 83.10350 0.01905
C 61.75010 82.42430 -0.49959
C 62.38320 85.67650 0.82327
C 71.87730 72.40810 -1.19123
C 69.12630 74.12550 -1.30809
C 68.81510 77.53230 -1.04995
C 66.21910 75.08060 -1.15841
C 69.18520 80.62080 -1.64917
C 68.86520 83.89630 -1.23443
C 69.49530 90.15340 -1.53889
C 66.35750 90.82030 -1.10458
C 63.41930 91.33380 -0.46866
C 68.58580 93.08760 -1.48021
C 65.49980 93.70220 -1.02788
C 62.48260 94.46180 -0.62633
C 59.45170 95.07030 -0.31808
C 70.97430 95.43540 -1.74369
C 48.04350 80.31720 -0.01835
C 51.18560 81.82530 0.15491
C 48.28440 83.55590 0.34355
C 57.48870 82.01590 0.42745
C 53.99910 83.55880 0.45990
C 51.05540 85.19410 0.52741
C 48.23410 86.89760 0.73024
C 56.56790 85.36390 0.55790
C 53.84180 86.87600 0.87018
C 51.10780 88.36790 0.98903
C 53.93080 90.09400 1.40796
C 61.22720 73.97650 -0.50753
C 57.91300 73.38150 -0.33342
C 54.90230 72.84300 -0.29828
C 51.50240 72.63020 -0.08434
C 59.19700 76.32430 -0.46181
C 55.87720 75.91880 -0.31886
C 71.85840 75.65830 -1.58100
H 47.71950 94.19450 2.33314
H 67.54280 85.65370 0.11800
H 61.07530 87.47830 1.90089
H 69.26930 88.28850 0.01358
H 66.26220 88.78360 0.26202
H 63.26550 89.74620 1.37101
H 60.17180 90.52340 1.77894
H 59.26600 93.52040 1.49849
H 56.23100 94.05730 2.55170
H 50.11330 80.33010 1.33659
H 53.05560 81.78110 1.98935
H 59.74660 82.81200 1.06788
H 56.08910 83.54700 1.82191
H 58.61190 85.58710 2.01517
H 58.19870 88.52950 2.54207
H 55.65960 89.95810 3.13655
H 52.87610 91.44840 3.28231
H 49.12020 92.18590 2.82436
H 64.72080 72.80130 0.92948
H 61.56060 72.15190 1.10226
H 62.67530 75.15160 1.05742
H 49.82070 73.24720 1.77909
H 63.88510 77.91410 0.57086
H 54.33780 76.70570 1.59996
H 51.20720 75.99610 1.42022
H 65.19790 80.71460 1.06099
H 61.99580 80.39730 0.88763
H 58.69860 80.01090 1.13082
H 56.00730 80.46000 1.57084
H 63.09950 83.37040 1.35953
H 70.31530 72.67810 0.30686
H 67.51900 73.87100 0.83088
H 66.85230 76.88160 0.59178
H 67.56590 79.62350 -0.40021
H 70.72140 85.44780 -0.62620
H 67.58880 82.56980 0.48179
H 50.62710 94.20330 1.11187
H 68.32530 91.35760 0.29059
H 65.38300 92.09340 0.81934
H 62.29230 92.81540 1.14581
H 70.53250 93.67480 -0.06706
H 67.46110 94.41920 0.23922
H 64.44900 95.13590 0.64116
H 61.36360 95.84690 1.03387
H 50.19110 83.36990 1.90605
H 52.94510 84.98900 2.20835
H 50.09910 86.54930 2.37837
H 55.71200 86.69670 2.50816
H 52.92280 88.20240 2.74305
H 50.18080 89.77000 2.64896
H 58.37170 71.55300 1.20497
H 59.48440 74.51520 1.16947
H 56.29780 74.10120 1.30922
H 53.23010 73.56810 1.36624
H 60.67880 77.54230 1.08738
H 57.51030 77.01440 1.20416
H 70.10290 75.89130 0.10601
H 70.42730 79.11500 -0.06610
H 70.49030 82.28450 -0.27970
C 70.83160 87.08740 1.25330
C 67.71010 87.08700 1.48659
C 65.18200 88.88530 2.62399
C 61.79420 89.32910 3.35155
C 60.84050 92.50890 3.13986
C 57.06320 93.27120 4.83279
C 56.75020 -1.25517 3.30886
C 47.86930 76.33680 3.11591
C 51.06070 78.20160 2.34257
C 54.51810 80.30050 3.44033
C 60.20700 84.07170 3.13388
C 48.20550 90.09680 4.06467
C 59.57830 86.91080 3.83137
C 56.61790 88.04090 4.38824
C 51.00880 91.39700 4.44847
C 56.12770 91.45210 5.17105
C 53.96410 93.59010 3.80858
C 64.43230 74.59810 2.73275
C 48.36630 71.87940 3.29913
C 62.52600 77.01380 2.65810
C 52.88240 75.25280 3.12412
C 49.63910 75.28260 3.28605
C 63.94360 79.86150 2.42805
C 60.55060 79.44920 2.62874
C 57.36550 78.88500 2.83805
C 53.89630 78.30100 3.61203
C 65.59830 83.14660 1.89513
C 62.44660 81.88570 2.88588
C 62.23090 85.32340 2.69330
C 72.20550 72.77950 1.97590
C 69.35080 74.29730 2.00321
C 68.67130 77.75610 0.84447
C 66.36610 75.42340 2.66848
C 69.23940 80.81280 1.22288
C 69.45110 84.13720 1.07539
C 69.84170 90.01650 1.68599
C 66.69630 90.49970 2.03037
C 63.83560 91.77000 2.70508
C 68.93840 93.19910 1.74012
C 65.99260 94.03640 2.16212
C 62.94400 94.73100 2.51750
C 59.81630 95.48150 2.90468
C 71.05870 95.51720 1.50510
C 48.39120 79.88720 3.16704
C 51.24440 81.52610 3.31641
C 48.37770 83.24460 3.58351
C 57.80350 81.90320 2.38153
C 54.31260 83.32340 3.55327
C 51.03450 84.75380 3.81288
C 48.12480 86.61190 3.91974
C 56.97580 84.93700 3.70747
C 53.87530 86.36130 4.08411
C 50.94100 88.03850 4.19574
C 53.77380 89.52070 4.68233
C 61.30230 73.97850 2.69318
C 58.07570 73.39870 2.81883
C 54.97440 72.86850 2.95271
C 51.77660 72.50160 3.10525
C 59.28530 76.36230 2.77602
C 56.15910 75.89530 3.03151
C 72.04880 76.01480 1.57287
C 88.50180 2.63827 -1.88382
C 92.55910 5.23227 -1.14116
C 88.85780 5.40943 -0.16848
C 93.26060 8.04644 -1.01468
C 81.91190 1.44460 -2.49277
C 78.63260 2.21611 -2.16113
C 77.55860 5.24414 -1.83721
C 74.30300 5.97868 -1.80506
C 73.96240 8.03843 -1.98536
C 71.54900 10.56460 -2.77956
C 73.46850 13.29990 -0.81564
C 75.11730 17.26210 -0.36561
C 75.68610 20.49020 -0.99583
C 85.25710 3.56192 -1.56831
C 82.07000 4.31954 -0.80874
C 79.41720 5.99812 -1.58593
C 84.99500 6.76030 -1.34921
C 79.31020 9.46437 -1.23569
C 76.31480 10.63390 -1.29975
C 91.02970 7.91656 -1.12465
C 87.72030 8.67689 -1.10547
C 76.23050 14.04720 -0.98454
C 93.82590 10.02350 -1.23710
C 78.56960 15.59070 -0.72787
C -0.97048 11.56100 -1.84798
C 80.81340 17.48010 -0.53286
C 95.94320 15.27450 -0.69856
C 79.94180 20.58320 -0.73246
C 94.27040 18.58740 -0.70514
C 91.70510 19.40510 -0.21857
C 88.88450 20.37670 -0.90941
C 85.83780 21.62660 -0.59098
C -0.91909 20.13890 -1.39327
C 95.02310 23.24070 -2.16320
C -1.14778 0.46308 -1.71605
C 93.38900 0.10527 -1.90988
C 90.33310 -0.06794 -2.28279
C 86.32210 -0.05753 -1.78375
C 94.65610 2.82791 -1.41651
C 91.53960 2.60306 -1.56865
C 95.89160 5.78800 -1.15389
C 79.44970 -0.84483 -2.48398
C 76.11530 -0.21321 -2.15931
C 73.11590 0.30516 -1.85496
C 75.26920 2.83544 -1.89581
C 72.08220 3.60821 -1.85353
C 72.58940 19.50460 -1.27320
C 73.57930 22.66740 -1.29747
C 82.18750 8.06216 -1.25407
C 84.76850 10.11130 -1.04137
C 81.88660 11.27600 -0.89192
C 78.97760 12.52600 -0.90217
C 90.16880 10.88900 -1.10265
C 87.20750 12.10840 -0.88909
C 84.37700 13.26600 -0.73487
C 81.44060 14.43220 -0.60825
C 92.66670 13.08690 -0.90299
C 89.75730 14.09090 -0.63370
C 86.85640 15.34220 -0.61582
C 83.80060 16.42840 -0.52350
C 92.16850 16.21810 -0.59205
C 89.36460 17.34080 -0.51432
C 86.23950 18.44400 -0.60550
C 83.15100 19.45010 -0.63841
H 88.49420 0.41956 -0.72077
H 89.85710 3.18507 0.07364
H 86.94180 3.82382 -0.18165
H 94.19290 6.25985 0.48375
H 91.09090 6.11091 0.52963
H 84.43430 95.89410 -1.33430
H 83.28280 2.05266 -0.37400
H 80.22930 2.44583 -0.76966
H 77.15220 3.28607 -0.34928
H 76.05060 6.17080 0.07178
H 72.97500 7.03494 0.04332
H 74.61420 15.04180 0.47752
H 76.16050 19.10140 1.14472
H 76.41070 22.03950 0.94748
H 84.19780 5.08970 0.26604
H 81.32560 6.43976 0.09002
H 78.46520 7.75732 -0.04192
H 87.05350 7.06711 0.17028
H 75.32050 12.21380 0.36198
H 89.68240 9.09626 0.57654
H 77.86420 13.84400 0.78147
H 95.85940 10.35580 0.38322
H 92.22670 11.27350 0.28413
H 77.15620 16.65160 1.07723
H 79.33130 18.77160 1.21107
H 94.12310 16.43220 0.51909
H 81.78730 20.69510 0.92652
H 78.91550 21.84880 0.22477
H 93.57830 19.43130 1.57738
H 90.82220 20.62550 0.95429
H 88.19780 22.11950 0.28524
H 96.35090 18.59460 0.50579
H 94.82420 21.13930 -0.64822
H 94.81980 0.83937 -0.04235
H 91.63300 0.54175 -0.28545
H 96.11990 3.76327 0.25858
H 92.97390 3.29821 0.28315
H 72.79770 95.96570 -0.17383
H 81.32670 -0.47835 -0.97190
H 78.04850 0.18813 -0.72015
H 74.93190 0.98119 -0.34013
H 71.78830 1.68673 -0.31207
H 73.87340 4.06181 -0.23973
H 72.77580 17.63100 0.44558
H 73.69200 20.90850 0.42527
H 75.47610 8.99551 -0.05093
H 84.06550 8.27125 0.38263
H 81.09550 9.44631 0.51274
H 78.07890 10.76590 0.51792
H 86.66770 10.25280 0.57293
H 83.72440 11.44040 0.73820
H 80.75890 12.59460 0.80536
H 89.10220 12.34130 0.63346
H 86.18580 13.49910 0.89162
H 83.22570 14.58610 0.99064
H 80.21870 15.73400 1.05197
H 91.61960 14.33970 1.08354
H 88.62060 15.56420 1.05789
H 85.66230 16.71540 1.07370
H 82.59110 17.77470 1.15478
H 91.07810 17.50930 1.28693
H 88.08290 18.84290 1.02816
H 84.95720 19.87170 0.95784
C 88.03480 1.96515 1.20465
C 92.70800 4.95683 1.99955
C 89.39970 5.02600 1.67189
C 93.47570 8.06699 2.01374
C 82.01320 1.19141 0.79374
C 78.49080 1.85803 1.10562
C 77.77340 4.85430 1.48429
C 74.05370 5.63127 1.68888
C 73.26700 8.95722 1.43928
C 72.16000 10.44960 0.48263
C 73.17780 13.15710 1.07031
C 74.75600 17.02160 1.86507
C 75.11590 20.28450 2.40174
C 84.98680 3.10548 1.39087
C 82.57930 5.53512 2.04318
C 79.43100 6.08485 1.68780
C 85.49650 6.70716 1.74032
C 79.17980 9.15837 2.01741
C 76.09270 10.63540 2.01082
C 91.25340 7.85175 2.13921
C 88.04540 8.68374 1.99837
C 75.89750 13.80180 2.14238
C 93.90430 10.04550 1.88782
C 78.45100 15.25820 2.67616
C -0.29338 11.76840 1.81595
C 80.78530 17.32840 2.81458
C 95.62000 14.49550 1.05423
C 79.78970 20.64910 2.45070
C 95.17370 17.65190 2.40129
C 91.54880 19.20180 3.06056
C 88.67820 20.77560 2.49490
C 85.86590 22.15670 1.26166
C 95.80570 20.61000 1.68660
C 94.37470 23.13000 1.04999
C -1.13351 -0.05641 1.37840
C 93.26180 -0.45256 1.24342
C 89.96440 -0.76080 0.86169
C 86.30520 -0.49103 -0.05912
C 94.71140 2.44033 1.74331
C 91.36980 2.05747 1.62459
C 95.94100 5.47630 2.02013
C 79.58340 -1.18758 0.64098
C 76.41670 -0.36331 1.05713
C 73.20900 0.44320 1.30424
C 75.33580 2.80464 1.27529
C 72.09570 3.43526 1.37357
C 72.29280 19.40940 1.89088
C 73.24240 22.82060 1.84274
C 82.33010 7.83174 1.96042
C 84.87910 9.77546 2.16085
C 81.89860 10.97660 2.26400
C 78.85670 12.26510 2.30374
C 90.47260 10.87800 2.11795
C 87.35160 11.87120 2.31047
C 84.41170 13.01050 2.48584
C 81.41170 14.20900 2.54842
C 92.95400 12.98870 2.19832
C 89.69980 13.87670 2.52844
C 86.77520 15.15950 2.62583
C 83.84620 16.27020 2.66240
C 92.57430 16.18540 2.52503
C 89.06880 17.34230 2.74221
C 86.16560 18.57720 2.67119
C 83.14550 19.65000 2.65676
C 81.28510 47.22420 -0.18275
C 90.62500 46.29140 -1.29424
C -1.34746 46.49080 -1.12474
C 83.36490 24.39490 -1.86712
C 79.80370 23.98320 -0.97411
C 88.50520 26.86810 -2.27579
C 85.21590 27.24870 -2.08164
C 78.66570 28.51540 -1.82762
C 87.50380 29.92690 -1.79636
C 78.07540 31.77310 -1.99947
C 89.65210 32.05950 -1.75836
C 77.16140 35.26350 -2.07722
C 91.71500 34.48760 -1.90102
C 79.29400 37.43470 -1.66768
C 93.58040 37.06050 -1.95443
C 81.19690 39.87950 -1.28352
C 83.43590 42.26070 -0.99677
C 95.56630 42.68400 -1.17015
C 91.96390 43.25940 -1.30963
C 88.58290 43.76560 -1.20111
C 85.55590 44.63500 -0.61979
C 82.66920 45.52530 -0.48768
C 93.33820 44.93970 -1.66451
C 76.52770 23.62830 -1.13406
C 77.60760 26.66100 -1.48350
C 75.31640 29.48620 -1.25862
C 72.32700 31.70240 -0.92489
C 74.02040 34.78690 -1.72056
C 75.84840 37.79850 -1.73347
C 77.85030 40.45640 -1.58426
C 79.89910 43.18420 -0.71145
C 77.50510 44.93670 -2.07877
C 82.59210 21.50080 -1.30003
C 87.87340 23.75250 -1.66424
C 93.02510 25.99230 -1.91790
C 89.45410 25.11460 -1.66121
C 90.90930 28.85560 -1.00616
C 93.07220 31.51560 -1.85370
C 94.97630 34.04000 -1.76215
C 81.86470 27.49200 -1.46084
C 84.22620 30.40580 -1.87348
C 81.15540 30.86090 -1.80821
C 86.31460 32.85750 -1.79031
C 83.25490 33.46200 -1.72093
C 80.26100 34.18970 -1.79597
C 88.44540 35.28020 -1.85558
C 85.25880 35.97730 -1.65401
C 82.27010 36.73390 -1.54323
C 90.48980 37.71510 -1.73998
C 87.42230 38.45700 -1.55544
C 84.25520 39.19320 -1.36560
C 96.03370 39.63490 -1.70995
C 92.73110 40.31100 -1.60060
C 89.63610 40.94380 -1.39087
C 86.47610 41.56150 -1.12022
C 74.37500 25.76620 -1.60786
C 72.74110 37.92630 -1.74149
C 74.48960 40.53500 -1.64720
C 76.29190 43.29260 -1.62324
C 72.86820 43.32730 -1.72008
C 74.55510 45.92290 -2.05284
C -1.16944 25.84340 -1.74818
C 94.85270 28.65200 -1.80325
C -1.27314 31.37610 -1.66127
H 83.73780 47.80840 -0.09183
H 92.74990 46.58380 -0.03497
H 84.91740 25.64530 0.00565
H 81.84770 25.20030 -0.50318
H 87.05160 27.92200 -0.41116
H 80.56900 29.33190 -0.45091
H 77.52060 29.99650 -0.25839
H 89.19670 30.40410 0.03834
H 78.84760 35.43640 -0.25652
H 93.44110 35.22130 -0.34154
H 80.89010 37.83280 0.18618
H 95.32280 37.68910 -0.48749
H 82.99340 40.25630 0.47540
H 94.59920 40.62910 -0.09223
H 82.10870 43.30350 0.36643
H 93.74990 43.55790 0.43203
H 90.47760 44.33510 0.26089
H 87.35770 44.93820 0.59154
H 84.25500 45.36600 1.54860
H 77.75310 24.84730 0.26191
H 75.64760 27.31990 -0.12790
H 73.00540 29.51150 -0.21768
H 74.01620 33.23610 0.43817
H 75.66110 35.85670 -0.24415
H 77.61040 38.43930 -0.13336
H 79.77560 40.79570 -0.03150
H 77.78760 44.06870 0.22894
H 83.83120 22.84520 0.04838
H 93.20100 23.89990 -0.34047
H 91.67600 26.67050 0.08720
H 93.10240 29.54700 -0.32159
H 94.71010 32.22270 -0.13144
H 83.85850 28.64120 -0.50231
H 85.97060 31.01880 -0.17687
H 82.88210 31.66510 -0.14275
H 79.82250 32.36100 -0.25344
H 76.79400 33.01210 -0.80690
H 91.53840 32.65190 -0.19825
H 88.17360 33.40650 -0.28192
H 85.00490 34.09800 -0.13331
H 81.93780 34.77880 -0.12154
H 90.32120 35.73830 -0.25120
H 87.18500 36.47520 -0.09503
H 84.00340 37.19690 0.08472
H 92.34390 38.31030 -0.25185
H 89.23630 38.95380 -0.00769
H 86.11160 39.52610 0.22762
H 91.43380 41.32910 0.19054
H 88.32130 41.91200 0.45234
H 85.22660 42.54490 0.71391
H 74.56950 24.24340 0.31979
H 72.43750 26.41220 -0.22608
H 72.58640 36.03910 -0.20219
H 74.33190 38.68490 -0.02618
H 76.15890 41.32650 -0.00037
H 72.92730 41.52060 -0.00726
H 74.57370 44.20910 -0.20132
H 96.34280 23.98330 -0.16824
H 94.76330 26.74180 -0.26703
H -1.29356 29.53740 -0.05471
C 83.26720 47.51960 2.42572
C 91.11590 46.23750 1.77740
C -0.85691 47.50150 2.25662
C 83.06590 24.62850 1.57438
C 79.97710 24.09770 0.89440
C 88.39390 26.58720 1.24723
C 85.07600 27.17270 1.17732
C 78.81610 28.63110 1.27477
C 87.26210 29.69650 1.43981
C 77.98780 31.82100 1.26839
C 89.55950 32.05460 1.36493
C 77.09580 34.59080 1.24483
C 91.81180 34.48670 1.35001
C 78.97580 37.19050 1.51998
C 93.76010 37.01340 1.19684
C 81.04280 39.71860 1.82820
C 83.36650 42.10560 2.17585
C 95.23010 42.07270 1.88061
C 91.87500 43.05770 1.89231
C 88.89730 43.69180 2.06440
C 85.84170 44.18320 2.49874
C 82.60070 43.91760 2.74501
C 94.41500 45.34240 1.49853
C 76.21840 24.34380 2.13455
C 77.41560 26.99760 1.55682
C 75.26230 29.70180 0.63090
C 72.22180 31.59670 1.06192
C 74.09190 34.90040 1.43857
C 75.91130 37.57120 1.47638
C 77.82430 40.33150 1.47870
C 79.80450 42.93460 1.19691
C 78.12870 46.06960 0.86149
C 82.56970 22.64140 2.13956
C 89.74450 23.82030 1.46245
C 93.07520 25.93900 1.46791
C 89.76710 25.47540 0.32978
C 90.93650 28.87690 0.86468
C 93.01340 31.35790 1.41026
C 94.82120 34.11770 1.32893
C 81.88250 27.50300 0.50225
C 84.20730 30.23630 1.36902
C 81.06960 30.95230 1.35608
C 86.43850 32.79100 1.42904
C 83.26950 33.48360 1.46564
C 80.14940 34.15410 1.40033
C 88.66940 35.11570 1.45880
C 85.43920 35.83730 1.55825
C 82.23570 36.44830 1.65453
C 90.70490 37.60150 1.39384
C 87.60800 38.17150 1.66469
C 84.40430 38.86070 1.89030
C -0.92895 39.44740 0.26947
C 92.92270 39.90750 1.50553
C 89.75370 40.55040 1.83045
C 86.63610 41.10350 2.03614
C 74.14140 26.32580 1.56418
C 72.60320 37.80040 1.51752
C 74.47030 40.46630 1.65332
C 76.07390 43.31310 1.57055
C 72.98040 43.49990 1.49956
C 74.92760 46.26790 1.08363
C 96.16860 25.77830 1.47167
C 94.60170 28.61660 1.35934
C 96.26660 31.39960 1.54830
C 87.57540 47.19370 -0.49558
C 84.62630 49.28640 -1.33021
C 81.70940 50.42870 -0.66659
C 78.73110 51.47090 -0.36169
C 76.26170 53.45840 -1.70800
C 93.42320 48.30750 -1.64661
C 75.97560 57.07870 -1.42743
C 72.71990 58.13500 -0.78619
C 75.58060 60.18550 -1.07147
C 95.77670 53.03300 -1.81865
C 92.79380 54.59710 -1.66126
C 89.94140 56.03530 -1.60029
C 86.91090 57.38640 -1.57571
C 75.51180 63.28000 -1.07563
C 87.37480 60.58520 -1.32229
C 84.69210 62.13630 -0.86337
C 78.13040 65.02200 -1.28706
C 83.72210 65.06790 -1.58243
C 80.63410 67.11490 -0.74330
C 83.64320 68.70940 -1.05570
C 76.88630 48.88950 -1.62333
C 74.92160 51.90900 -2.10546
C 80.44500 70.64420 -1.53298
C 77.90050 68.46360 -0.80798
C 74.96410 67.09530 -1.04789
C 72.66520 62.82460 -0.09541
C 95.62540 56.72370 -1.50875
C 92.50190 57.56970 -1.67007
C 91.58710 60.69540 -1.62984
C 90.37370 63.46340 -1.50789
C 89.25100 66.42160 -1.32286
C 86.27710 66.73440 -1.07553
C 88.09990 69.37880 -0.89281
C 89.51870 72.22270 0.37247
C 90.36660 49.41760 -1.41161
C 87.41770 50.84820 -1.47848
C 84.50270 52.36350 -1.28327
C 81.55880 53.65220 -1.11086
C 78.90860 55.34540 -1.42171
C 92.92310 51.34930 -1.73687
C 90.14490 52.68620 -1.52038
C 87.27780 54.17800 -1.55504
C 84.22450 55.59070 -1.38152
C 81.60910 57.11730 -1.33605
C 78.58780 58.62440 -1.23957
C 84.32340 58.84160 -1.35479
C 81.38200 60.40000 -1.31226
C 78.44610 61.80170 -1.20060
C 81.14270 63.41910 -1.37717
C 73.31680 48.93080 -1.94814
C 74.78590 70.59900 -1.35971
C 94.61740 59.90370 -1.64745
C -0.85822 62.33470 -1.66421
C 93.60790 62.92570 -1.58241
C 95.65360 65.34800 -1.71263
C 92.44880 65.87150 -1.53516
C 94.41570 68.31720 -1.69728
C 91.28560 68.92110 -1.29626
C -1.14987 70.76760 -2.13776
C 93.16160 71.25260 -1.70695
H 81.45820 49.17060 1.64145
H 89.79920 47.87740 0.47045
H 86.59790 49.28540 0.26506
H 80.90840 52.24320 0.81039
H 77.99520 53.61490 0.16725
H 75.20410 55.01770 0.03932
H 95.32830 48.46800 0.24712
H 74.96920 58.27190 0.55587
H 94.91800 51.47500 -0.04209
H 92.05300 52.87740 0.02720
H 74.74370 61.56930 0.59351
H 91.74140 56.05310 0.05536
H 88.80460 57.46280 0.04768
H 86.23100 58.92000 0.20437
H 74.30520 64.53560 0.83463
H 87.12310 62.06940 -0.02552
H 80.12980 64.91480 0.26635
H 76.99870 66.38050 0.12958
H 85.83110 65.01640 0.02826
H 82.95130 66.58530 -0.13384
H 76.31550 46.75100 -0.88233
H 74.89690 50.13800 -0.26937
H 84.22900 70.95570 -0.00775
H 81.52280 69.23550 0.06809
H 78.51640 70.66680 0.09694
H 75.70940 69.14850 0.19117
H 73.08510 70.89480 0.59127
H 94.63220 54.77630 -0.22724
H 94.22660 58.09030 -0.05249
H 91.25680 58.89140 0.04299
H 90.15220 61.65490 0.24232
H 88.98520 64.53020 0.38992
H 88.07080 67.36030 0.61936
H 90.02760 69.84800 0.64426
H 86.92410 70.23400 0.21065
H 83.81820 50.81760 0.49273
H 92.32600 49.76620 0.03319
H 89.35960 51.05740 0.11947
H 86.50040 52.50500 0.09657
H 83.55130 54.00360 0.24816
H 80.67970 55.46790 0.27948
H 77.83250 56.82190 0.27044
H 89.16370 54.32880 0.05342
H 86.22310 55.69170 0.06917
H 83.42210 57.24840 0.28233
H 80.55030 58.66950 0.28559
H 77.63510 60.14810 0.45764
H 83.29760 60.41780 0.27787
H 80.33620 61.84580 0.34340
H 77.43610 63.30610 0.43350
H 83.01390 63.49710 0.23855
H 73.05670 47.03220 -0.36388
H -1.27185 60.48610 -0.07968
H 93.32010 61.11900 0.04744
H 95.40360 63.52930 -0.08076
H 92.19260 64.04570 0.05785
H 94.28850 66.50570 -0.05573
H 91.13460 66.97310 0.17097
H 96.35100 68.99200 -0.36524
H 93.20250 69.49660 0.10917
H 95.13320 72.06870 -0.59614
C 87.56160 47.25810 1.37497
C 84.72470 49.05110 1.86206
C 82.22170 50.71290 2.38094
C 78.75120 51.58000 1.57016
C 76.09040 53.38960 1.81806
C 93.68020 48.32980 1.59826
C 75.93190 56.71870 1.93880
C 72.63280 57.77400 1.38511
C 75.82980 60.00800 2.18505
C 95.75070 53.21780 1.52797
C 92.94110 54.59300 1.59174
C 89.92390 55.97440 1.70295
C 87.00640 57.24080 1.79454
C 75.62780 63.40950 2.20241
C 88.43830 59.87500 0.48404
C 84.91400 62.13250 1.08360
C 78.24780 65.17460 1.88132
C 83.92040 65.24420 1.70091
C 80.90390 67.12250 1.13245
C 83.77560 68.65610 0.91046
C 76.64150 49.12050 0.20640
C 74.82340 51.72500 1.75893
C 80.40760 70.64960 1.73336
C 77.91490 68.46140 1.11529
C 74.67670 66.99840 0.91556
C 72.81120 62.59590 1.69867
C 95.50130 56.56150 1.38827
C 92.63200 57.58230 1.71318
C 91.77100 60.57100 1.82306
C 90.68020 63.45890 1.94397
C 89.75220 66.35610 2.07187
C 86.93710 65.49210 1.84408
C 88.21870 69.21140 2.22635
C 90.43310 71.85410 2.00797
C 90.49780 49.48950 1.74087
C 87.40540 50.77230 1.70876
C 84.75030 52.61400 1.83867
C 81.72840 53.98800 2.00366
C 78.80470 55.20500 1.89634
C 93.05410 51.44590 1.75764
C 90.19950 52.78210 1.65833
C 87.34000 54.17390 1.66414
C 84.49520 55.68900 1.81317
C 81.57740 57.08180 1.89919
C 78.66190 58.47520 1.93526
C 84.42020 58.91570 1.85741
C 81.49180 60.30770 1.92746
C 78.55910 61.79610 2.03853
C 81.25680 63.49410 1.94163
C 73.23310 48.86170 1.33717
C 75.29660 70.80650 1.91685
C 94.67140 59.85100 1.58148
C -0.88924 62.31380 1.54466
C 93.72140 62.94760 1.60197
C 95.73990 65.33960 1.51935
C 92.71030 65.81240 1.63189
C 94.87070 68.30110 1.48444
C 91.69770 68.64400 1.89807
C -0.89807 70.98170 0.98116
C 93.83690 71.42670 1.52626
C 95.30990 95.07000 -2.36087
C 92.21670 94.65370 -2.61203
C 88.92230 94.83850 -3.04107
C 96.29760 77.93910 -3.91629
C 93.22330 77.95970 -4.19298
C 88.71950 80.59640 -4.84157
C 86.28840 83.00610 -4.72183
C 86.08530 86.10820 -5.81639
C 96.13640 89.53040 -3.80398
C 92.90410 89.58470 -3.95368
C 86.41750 89.28240 -4.88328
C 90.76960 92.01470 -3.80670
C 72.48330 88.77390 -1.55434
C 80.14590 90.03640 -3.53586
C 77.56720 91.09840 -2.76251
C 83.18570 93.43190 -3.75776
C 85.66840 94.88000 -3.22790
C 82.67940 95.91160 -2.85934
C 88.94520 75.88270 -1.10193
C 86.08230 72.66690 -0.27002
C 83.16870 72.13260 -1.48251
C 85.97190 75.89210 -2.08596
C 86.32890 78.93100 -3.45437
C 83.38490 81.20140 -3.43283
C 82.63810 84.28780 -5.11442
C 80.48180 86.41330 -4.17601
C 77.60050 87.98560 -3.32076
C 75.43490 87.18490 -2.59966
C 72.42850 85.38380 -2.38084
C 95.10390 74.02590 -2.25482
C 91.34520 73.75750 -1.77798
C 92.94130 75.95280 -3.81192
C 94.77360 80.81830 -4.35933
C 91.73930 80.87790 -4.68263
C 96.25760 83.85820 -4.28575
C 93.16990 83.65790 -4.56109
C 90.00650 83.49080 -4.91902
C 94.54050 86.82110 -4.22478
C 91.40530 86.57420 -4.49035
C 88.20290 86.21620 -4.99737
C 89.60050 89.17960 -4.35159
C 87.01820 92.03800 -3.32130
C 74.63920 91.57540 -2.21391
C 71.69010 92.31790 -1.83936
C 80.10360 93.57280 -3.01909
C 76.96520 94.13730 -2.44121
C 73.90090 94.73100 -1.97107
C 83.06870 75.00010 -1.80037
C 80.33220 73.67520 -1.71553
C 77.56420 72.14800 -1.61339
C 83.27290 77.87410 -2.69341
C 80.36690 76.70490 -2.24388
C 77.47290 75.34120 -1.97386
C 74.68630 73.81270 -1.65235
C 80.55500 79.90180 -2.83873
C 77.68560 78.49600 -2.40336
C 74.71670 77.06280 -2.00801
C 80.56780 82.85510 -3.49288
C 77.77460 81.68430 -2.87178
C 74.84420 80.34050 -2.36487
C 71.98830 78.85660 -1.87814
C 77.83110 84.79630 -3.33525
C 74.97890 83.55450 -2.71317
C 72.04520 82.04600 -2.14191
H 95.35650 92.88920 -0.97754
H 92.30250 92.79640 -1.82265
H 90.32970 95.20500 -1.09031
H 87.19470 95.09590 -1.35530
H 96.02820 76.46020 -1.74080
H 94.65270 79.16540 -2.56128
H 91.53500 79.19200 -2.72982
H 88.70320 79.35710 -2.57430
H 87.00470 81.24890 -3.23820
H 84.55900 84.85140 -4.33555
H 86.40440 87.16690 -3.61607
H 94.12710 90.35450 -2.32165
H 90.92200 89.97750 -2.42710
H 87.77400 89.81300 -2.91004
H 84.71120 89.62960 -2.92260
H 89.10270 92.57730 -2.11554
H 77.60860 89.18960 -1.10791
H 74.59060 89.77060 -0.57252
H 71.43010 90.56420 -0.11612
H 82.41400 91.10000 -2.79730
H 79.67880 91.57570 -1.64823
H 84.95370 92.79960 -2.19459
H 86.86500 74.99360 0.17221
H 83.99700 73.89670 0.12764
H 87.05600 77.54860 -1.49433
H 84.37180 79.72120 -2.15458
H 81.69470 81.68560 -1.55906
H 81.66540 84.78830 -2.77607
H 81.80460 88.15250 -2.65974
H 79.11550 86.49150 -2.08641
H 76.21400 85.23810 -1.49735
H 73.56890 86.85460 -0.79565
H 92.01970 72.36130 0.22854
H -0.18743 74.13220 -1.42337
H 93.06240 75.11430 -1.26907
H 90.04820 74.63490 0.37858
H 93.57340 95.46300 -0.67702
H 96.21840 81.97280 -2.75536
H 93.09120 81.87460 -2.95689
H 90.05180 81.79910 -3.25659
H 94.51410 84.80110 -2.84696
H 91.37820 84.56430 -3.16798
H 88.06580 84.32420 -3.60365
H 95.93460 87.55510 -2.34449
H 92.78340 87.45100 -2.64821
H 89.51500 87.12750 -3.03678
H 76.59660 92.25820 -0.84422
H 73.56830 92.87490 -0.37540
H 82.04970 93.87310 -1.60896
H 78.92410 94.56930 -1.08151
H 75.82240 95.31320 -0.60047
H 81.23720 72.30940 0.11754
H 84.15120 76.85850 -0.61269
H 81.24000 75.47620 -0.32757
H 78.47170 73.93360 -0.19962
H 75.74300 72.42520 0.05652
H 81.48650 78.51600 -1.05003
H 78.58960 77.04240 -0.58942
H 75.73030 75.61920 -0.30864
H 73.01450 74.24570 0.12947
H 78.79110 80.25560 -1.19128
H 75.89260 78.79670 -0.70154
H 73.05070 77.37360 -0.23349
H 78.98090 83.43030 -1.62361
H 76.06850 82.02290 -1.04718
H 73.19300 80.53330 -0.55259
H 73.34200 83.64120 -0.82081
C 95.13880 94.60510 0.99323
C 91.87600 94.08250 0.42355
C 88.66950 93.76070 -0.00032
C 96.05330 78.26190 -0.71773
C 93.10030 78.69810 -0.77263
C 88.50800 81.64290 -1.41849
C 85.92930 83.38510 -2.86771
C 83.98010 87.20600 -3.57296
C 95.49810 89.10880 -0.44924
C 92.46900 89.05380 -0.77246
C 85.97980 88.64710 -1.66211
C 90.53610 91.41500 -0.47139
C 72.70010 88.61320 0.63838
C 81.24460 89.86630 -0.76738
C 78.32210 91.08280 0.40922
C 83.26260 92.05990 -0.50423
C 85.41680 93.97170 -0.10782
C 82.64840 95.33070 0.28013
C 88.75010 75.09550 1.96105
C 85.58690 74.39300 2.00101
C 83.05390 72.34500 1.76482
C 86.10090 77.31660 0.81131
C 86.63320 79.97340 -1.16346
C 83.70760 81.25090 -0.29425
C 83.75120 85.30500 -1.92058
C 81.40970 86.66470 -1.08796
C 79.09090 88.09090 -0.06614
C 75.80900 87.59710 -0.61147
C 72.70800 85.36760 0.85660
C 95.29290 74.52780 -0.16662
C 92.42490 74.59430 1.18881
C 91.84810 77.29550 -0.94155
C 94.52520 81.21720 -1.18702
C 91.38830 81.34200 -1.33409
C 95.96040 83.80800 -1.15429
C 92.82500 83.74640 -1.42752
C 89.49430 83.65270 -1.85256
C 94.26610 86.38760 -1.00637
C 91.03850 86.25780 -1.36917
C 87.64320 85.98510 -1.88705
C 89.17330 88.76810 -1.24936
C 86.96550 91.55700 -1.46293
C 75.05600 91.31460 0.88959
C 71.99180 92.38250 1.45857
C 80.44450 93.15070 0.10880
C 77.35030 93.98590 0.74135
C 74.31370 94.61810 1.19801
C 83.06470 75.84650 1.27957
C 80.27500 74.11380 1.44785
C 77.70230 72.45280 1.58495
C 83.54750 79.15250 0.11070
C 80.51180 77.46630 0.89765
C 77.60620 75.76570 1.23398
C 74.97280 74.21560 1.59726
C 80.66900 80.41540 0.32351
C 77.89530 79.00870 0.72061
C 75.04840 77.42650 1.18276
C 81.26330 83.56230 -0.60033
C 78.17180 82.12830 0.31334
C 75.24170 80.62270 0.80805
C 72.36880 79.16360 1.32997
C 78.27580 85.28370 -0.12309
C 75.46280 83.92760 0.44666
C 72.50660 82.27920 1.05689
