2979
Frame 56
C 11.87240 -1.23424 -0.98119
C 12.90710 1.75375 -0.79668
C 10.96250 4.46986 -0.73100
C 9.58462 7.46965 0.05531
C 6.91824 9.95547 0.54483
C 3.88963 9.81115 -1.02597
C 2.30018 9.50457 -2.52210
C 23.04900 1.14652 0.83765
C 21.26300 5.03709 1.40451
C 23.65650 6.51896 -0.27444
C 23.83100 12.17060 -0.36929
C 18.61730 1.60820 -0.70115
C 15.31720 -0.08006 -0.17477
C 18.35000 5.25810 -0.64076
C 21.91260 9.66757 -0.12722
C 18.62620 8.40500 -0.36334
C 13.09620 5.28415 -0.17394
C 21.94320 12.95370 -0.37886
C 12.83770 9.03573 -0.06279
C 22.06770 16.35470 -0.18054
C 10.03630 11.03040 0.35225
C 22.00000 19.92910 -0.12634
C 10.84220 13.94940 0.41099
C 7.26578 13.16890 0.83002
C 21.88220 22.85460 -0.06129
C 13.27090 18.40760 1.07511
C 10.15480 16.81090 2.38986
C 13.49810 21.82200 1.71744
C 19.78580 -0.20498 -0.57435
C 4.26716 10.98800 1.80878
C 5.66490 14.86360 1.32617
C 2.59796 14.61930 0.73644
C 6.99163 17.39780 1.91908
C 1.12396 17.31280 0.50068
C 8.57090 19.64690 2.02283
C 10.19430 21.98460 1.57953
C 8.62143 96.15440 -1.55266
C 9.78605 1.47085 -1.23027
C 6.73721 1.17029 -1.74247
C 3.39827 0.87848 -2.25273
C 7.92606 4.26940 -1.18913
C 4.89046 3.82743 -1.89534
C 1.47960 3.47399 -2.27733
C 6.43140 6.72372 -1.42305
C 2.87087 6.33715 -2.14452
C 15.82870 3.55725 -0.74682
C 15.85210 6.97530 -0.21355
C 18.91790 11.57290 -0.18794
C 15.98560 10.32260 -0.10698
C 19.16310 14.93540 -0.06039
C 16.29400 13.64560 0.07142
C 13.21790 12.02700 0.27704
C 19.08570 18.21990 0.24038
C 16.39950 16.82510 0.44368
C 13.75040 15.36740 0.32062
C 19.10100 21.73100 0.33318
C 16.23310 19.96880 0.78856
C 3.95096 17.29650 1.36486
C 5.45358 19.91790 1.66410
C 2.41035 20.00030 1.09610
C 6.88323 22.34130 1.51698
C 3.91907 22.68140 1.18112
C 0.78627 22.74780 0.44635
H 12.97660 -0.09010 0.96313
H 10.97320 2.41348 0.66639
H 9.18107 5.14276 0.85606
H 7.19185 7.70714 0.62188
H 1.04768 6.97307 -0.56139
H 2.30861 9.65969 0.96968
H 21.72720 2.68895 2.44346
H 23.64040 4.99552 1.76820
H 22.05910 7.42067 0.86836
H 23.93780 10.30690 1.23196
H 24.48490 16.16050 0.84057
H 19.28890 3.51651 0.95098
H 16.62320 1.78943 0.90999
H 19.23670 6.61626 1.36271
H 13.86390 3.25038 0.76873
H 13.93640 7.23179 1.35404
H 20.14400 13.09590 1.50279
H 11.17830 9.00283 1.43455
H 22.84630 18.53400 0.87734
H 20.18300 16.50090 1.54485
H 8.38767 11.30870 2.17311
H 23.14860 21.50610 1.57045
H 9.23592 14.41810 1.88913
H 12.12220 18.35650 3.04743
H 8.41153 18.02740 3.85239
H 21.13580 -0.31268 1.42962
H 0.50644 13.49320 -0.24349
H 5.59575 12.82880 2.63964
H 2.36447 12.58740 2.15958
H 6.78918 15.43110 3.48182
H 5.19753 18.11180 3.36919
H 10.11940 20.71070 3.86943
H 6.90046 20.77300 3.41154
H 9.90314 -0.46318 0.32103
H 6.65719 -0.73262 -0.21920
H 3.40352 -1.07839 -0.78199
H 0.31644 96.21470 -1.44942
H 7.89856 2.19414 0.17916
H 4.79610 1.87770 -0.43912
H 1.57818 1.49630 -0.80749
H 5.97628 4.78985 0.13900
H 2.92236 4.40739 -0.55236
H 4.19412 7.31724 -0.30356
H 16.57050 5.05257 1.13393
H 19.82140 9.80621 1.26296
H 16.84750 8.56296 1.42096
H 17.13650 11.75830 1.57600
H 14.21540 10.34540 1.62913
H 17.42020 15.01750 1.65090
H 14.47020 13.57060 1.76959
H 11.48400 12.11940 2.11463
H 20.15460 19.99120 1.59912
H 17.51730 18.26850 2.19969
H 14.66280 16.68100 2.19008
H 12.08570 15.25810 2.22179
H 17.48770 21.61310 2.22838
H 14.81610 19.88350 2.40331
H 3.72127 15.35360 2.76311
H 0.68301 15.44210 2.17629
H 2.05866 18.17980 2.66009
H 3.71612 20.95150 2.91958
H 0.51441 21.05960 2.23895
C 11.25180 -1.22718 2.31262
C 12.65610 1.71352 2.38873
C 10.32970 4.13543 2.37584
C 9.31457 7.42860 1.97313
C 7.13869 9.60063 2.49893
C 2.51489 8.05726 2.58119
C 0.82765 8.88311 -0.77068
C 22.74350 0.99472 2.75451
C 22.97200 4.20738 4.07079
C 23.51680 7.10968 2.95886
C 24.09830 12.24510 2.75985
C 18.26500 1.69578 2.68668
C 15.25690 -0.20958 1.80975
C 18.25130 4.79073 2.94659
C 21.87690 9.82089 1.83940
C 18.75880 8.33735 3.06638
C 13.00200 5.43929 1.80685
C 22.27720 13.20830 2.97918
C 13.08100 8.75582 3.13431
C 22.11850 16.19850 1.80556
C 10.28800 10.39910 3.45616
C 22.13520 19.77740 3.04898
C 10.82520 13.76500 3.82740
C 7.81198 13.18040 3.68901
C 22.53410 22.87040 3.33855
C 14.11680 18.19100 4.13312
C 10.29760 17.10500 4.67444
C 13.57140 21.63210 3.54460
C 19.03190 -0.50916 2.46416
C 3.88842 11.33170 3.61735
C 4.92560 14.09550 4.52714
C 1.92989 13.96710 3.86189
C 6.47561 17.01190 5.17614
C 0.13368 17.00690 3.68067
C 8.14023 19.95890 5.38422
C 10.22450 22.45450 4.69285
C 8.13670 95.87070 1.54850
C 9.24960 1.27861 1.97993
C 6.23961 0.95085 1.45278
C 3.12052 0.66770 0.94810
C 7.31947 3.80187 1.95032
C 4.22909 3.55577 1.31517
C 1.25056 3.27811 0.86062
C 5.68559 6.65790 1.82768
C 2.55099 6.19968 1.26201
C 15.45740 3.38071 2.62152
C 15.78730 6.74599 2.80264
C 19.22100 11.54460 3.08075
C 16.09340 10.16920 3.16982
C 19.35390 14.89080 3.20746
C 16.44250 13.32520 3.25462
C 13.56510 11.94930 3.36872
C 19.53340 18.24200 3.32038
C 16.65310 16.39760 3.56882
C 13.97380 14.91950 3.77869
C 19.43320 21.48880 3.48413
C 16.73230 19.98010 3.89647
C 3.35337 17.08400 4.47259
C 5.02676 20.04370 4.82897
C 1.81320 20.11410 4.15197
C 6.99990 22.88700 4.67615
C 3.42354 22.99560 4.26788
C -0.00081 23.05920 3.40752
C 22.03990 26.29780 0.20560
C 19.68060 28.22310 1.23926
C 14.09770 25.34970 1.37292
C 17.73150 29.99320 1.57464
C 22.25150 29.72330 0.57433
C 23.51320 32.21600 -0.51115
C 22.77120 35.64810 -0.76548
C 24.50520 45.13600 -2.14904
C 21.31540 44.66200 -0.78406
C 20.40300 32.05180 2.08436
C 18.00470 33.35100 -0.41340
C 15.31860 31.11570 0.04392
C 18.36530 35.61840 -0.50436
C 11.92910 34.38790 -0.42900
C 19.65990 38.68310 -0.34090
C 9.80485 36.60850 -0.74116
C 20.52040 41.65010 -0.51398
C 17.29900 41.16990 -0.85352
C 7.85399 38.86960 -1.32145
C 3.12049 39.16950 -2.55897
C 15.55010 43.65440 -1.04696
C 1.91762 42.73430 -2.33770
C 13.31400 45.84260 -1.69790
C 4.26519 44.44480 -2.80134
C 1.78655 46.97420 -2.97573
C 12.07560 24.59630 1.09304
C 11.22890 27.90750 1.21145
C 11.76260 31.18400 0.12744
C 8.88942 30.31840 0.39659
C 8.48178 33.44010 0.69026
C 5.01562 33.66760 0.11730
C 6.83195 36.24970 1.16886
C 0.62393 36.51140 -0.78383
C 19.40610 24.90760 0.66159
C 16.53920 23.46920 0.86016
C 16.81450 26.83770 1.37980
C 15.20570 34.96730 -0.65651
C 16.44190 38.20500 -0.75757
C 13.20950 37.47640 -0.94398
C 14.33240 40.51740 -0.94891
C 11.19860 39.68410 -1.36621
C 12.32870 42.68630 -1.46387
C 9.16909 42.40160 -1.97445
C 5.91252 41.73180 -2.24164
C 10.17300 45.26070 -2.11765
C 7.14105 44.92490 -2.35020
C 4.97589 47.36010 -2.60432
C 8.72988 24.95060 1.06099
C 5.44737 25.27360 1.11582
C 2.38109 25.47420 0.58460
C 7.31345 27.74320 0.73666
C 4.12744 28.04110 0.57646
C 1.02403 28.42390 0.25843
C 5.97510 30.76300 0.39279
C 2.99368 30.87620 0.29060
C 1.75688 33.80150 -0.25268
H 0.04151 43.14250 -0.65614
H 23.10710 24.67060 1.42519
H 20.63800 26.24030 2.30532
H 14.93700 23.51510 2.68029
H 18.10960 28.00660 3.14579
H 15.32170 26.59430 3.46514
H 15.61910 29.12320 1.63848
H 23.33820 27.78710 1.69441
H 23.81940 31.09610 1.79785
H 21.01840 29.60920 2.76454
H 22.83420 40.57010 -0.74341
H 23.64830 43.69750 -0.81547
H 21.57320 43.13030 1.25176
H 19.40860 45.45900 0.75619
H 18.85070 33.95490 1.57234
H 15.84190 33.38430 0.84573
H 12.77440 33.02850 1.50317
H 19.81910 37.01450 1.13302
H 10.20350 35.04300 1.13665
H 20.70160 40.15770 1.51412
H 8.19167 37.57250 0.81456
H 18.60840 42.49970 0.97082
H 5.91072 40.26840 -0.15943
H 1.61974 40.51950 -1.16849
H 16.52070 44.89950 0.32835
H 4.03187 42.76870 -1.04214
H 14.50520 47.34680 -0.11082
H 2.20714 45.09790 -1.49346
H 11.83580 23.11330 2.95458
H 8.64201 23.34970 2.90253
H 10.51150 25.90730 2.54980
H 12.58970 30.00920 1.81130
H 10.08330 31.94160 1.77865
H 7.56926 31.64100 1.95963
H 6.48463 34.48580 1.73614
H 3.18536 34.74770 1.66021
H 0.04538 34.93120 1.07740
H 1.85994 37.82190 0.59572
H 20.42680 23.09750 1.96847
H 17.77730 24.91890 2.42837
H 22.40260 45.87750 1.08526
H 16.53970 36.38700 0.87398
H 13.42800 35.80100 0.84181
H 17.63740 39.45840 0.93616
H 14.50670 38.75530 0.69630
H 11.36400 38.03500 0.51216
H 15.50010 41.89630 0.74246
H 12.34770 41.09240 0.44163
H 9.33538 40.49350 -0.31586
H 13.41480 44.15760 0.14307
H 10.42520 43.64410 -0.22301
H 7.23065 43.16450 -0.62355
H 11.40370 46.66630 -0.68821
H 8.42326 46.10630 -0.63229
H 5.26860 45.66770 -0.95711
H 5.37713 23.62670 2.96832
H 2.10150 23.79650 2.30571
H 7.22609 26.17570 2.63424
H 3.86693 26.43070 2.30273
H 0.69911 26.66760 1.97252
H 9.09646 28.79090 2.14869
H 5.74821 29.02920 2.15633
H 2.52657 29.23080 2.04220
H 4.46065 31.98740 1.88658
H 1.28589 32.10570 1.48240
C 22.82050 26.18010 3.48069
C 20.04550 27.73520 4.26795
C 14.15450 24.65500 4.70172
C 16.07440 29.00370 4.20636
C 23.12900 29.43730 3.57810
C 22.65690 33.00300 2.79327
C 22.08770 35.79000 1.22181
C 23.92550 43.98160 1.66342
C 20.97060 44.98920 2.89496
C 20.10470 31.44120 3.93378
C 17.52340 33.28810 2.80536
C 14.63470 31.47200 1.77459
C 18.29000 36.32170 2.70120
C 12.01220 35.01720 2.72502
C 19.36920 39.11240 2.72618
C 9.91717 37.14400 2.38410
C 20.19440 42.03070 3.09669
C 17.02580 41.17100 2.57668
C 7.33787 39.25960 0.52457
C 3.71934 39.02090 -0.57666
C 14.84830 43.83930 2.10668
C 2.11475 42.19210 0.52790
C 12.87950 46.29430 1.28658
C 3.66045 44.64620 0.50541
C 1.57915 46.89140 0.20818
C 12.12940 24.97170 4.32254
C 11.30780 28.18710 3.11263
C 11.83530 31.81880 3.46839
C 9.08483 30.73160 3.58359
C 8.65424 33.71440 2.51853
C 4.80563 33.79520 3.47261
C 3.51730 36.56530 2.32018
C 0.14276 36.98370 2.37982
C 19.78050 24.58310 3.83857
C 16.93990 23.29600 3.97787
C 17.16240 26.14690 4.60391
C 15.17510 35.12190 2.44580
C 16.10220 38.27600 2.40266
C 12.97110 37.67790 2.33544
C 13.95170 40.60250 2.19766
C 10.62140 39.99040 1.75319
C 11.88870 43.07710 1.75093
C 8.78964 42.43990 1.17844
C 5.47978 42.06310 0.92181
C 10.15540 45.69820 1.08858
C 6.80635 45.08090 0.83533
C 4.68696 47.47000 0.51793
C 8.99318 25.44430 4.25226
C 5.31205 25.78860 4.19954
C 2.07909 25.69540 3.77452
C 7.36174 28.27540 3.91729
C 4.03500 28.39810 3.72590
C 0.61642 28.59740 3.53792
C 5.91531 31.02660 3.58768
C 2.61198 31.32880 3.37326
C 1.16909 33.94690 3.02732
C 19.45880 47.28490 -1.17475
C 16.48580 46.69650 -1.53724
C 14.54700 48.81240 -2.46348
C 16.08670 53.40490 -1.65636
C 13.72050 55.51890 -2.50309
C 17.62940 56.14920 -1.69100
C 19.53580 58.96170 -1.47813
C 21.31490 61.65250 -1.32559
C 23.55220 64.20510 -1.26183
C 18.42820 61.89800 -1.57260
C 16.01920 60.03280 -1.19989
C 12.89600 59.76640 -2.50948
C 10.90090 57.26190 -2.09572
C 21.72910 66.88250 -1.79061
C 19.50090 64.98920 -1.01347
C 10.09230 61.14670 -2.13585
C 22.57770 69.87040 -2.00602
C 10.56300 64.24530 -2.04857
C 11.03830 67.39410 -2.43325
C 8.23979 69.40250 -2.92241
C 13.52150 49.86180 -3.86449
C 6.06334 50.36400 -2.51025
C 2.82950 50.02620 -2.63083
C 10.19190 54.04100 -2.60877
C 7.13437 53.29990 -2.58966
C 3.99638 52.80330 -2.53817
C 0.82790 52.42390 -2.45403
C 6.42223 56.14910 -1.09101
C 7.99672 57.93350 0.68570
C 6.63231 61.14220 -1.82511
C 8.52565 63.68550 -2.04674
C 7.43730 66.50450 -2.26099
C 6.13887 69.38620 -2.81017
C 22.44350 47.49220 -0.74620
C 20.64560 50.37160 -0.94378
C 17.15570 50.16470 -0.78935
C 22.44430 53.16280 -0.85172
C 19.17600 53.41430 -1.31740
C 20.94210 55.98200 -1.28914
C 22.85640 58.65820 -1.19077
C 16.20280 63.89960 -1.76651
C 13.27050 62.59130 -1.99779
C 19.55960 68.48390 -2.11674
C 16.68610 66.93810 -2.05758
C 13.46690 65.71890 -2.18073
C 16.84900 70.25410 -2.69262
C 13.97230 68.84370 -2.61720
C 11.34220 70.81670 -3.14970
C 11.02380 48.27710 -2.54283
C 8.11940 47.74540 -2.38012
C 9.21842 50.92460 -2.55970
C 2.52574 55.86650 -1.64649
C 4.42318 58.79000 -1.80108
C 1.27520 59.35980 -2.06534
C 3.28138 61.73770 -1.95618
C 5.36541 63.96160 -1.95396
C 2.18318 64.67520 -2.16228
C 4.20977 67.04180 -2.42668
C 1.04488 67.89000 -2.35545
C 3.03132 70.31470 -2.71153
H 1.11664 50.51120 -0.67509
H 17.60910 47.90960 0.32958
H 15.46500 51.84400 0.19622
H 14.68100 55.01140 -0.19618
H 16.16050 57.70130 -0.22778
H 21.12280 59.79910 0.17712
H 18.07560 60.11230 0.03945
H 23.01270 62.42050 0.33994
H 13.20510 57.63440 -1.16308
H 11.67430 55.02830 -1.31678
H 21.72390 65.17940 -0.02036
H 19.73630 62.82760 0.20024
H 16.53290 62.15120 -0.11443
H 13.88000 60.75780 -0.51778
H 11.03270 59.41850 -0.83588
H 23.05730 68.15250 -0.23860
H 11.35950 62.60300 -0.51086
H 11.66920 65.99020 -0.39364
H 9.08452 67.91730 -1.08433
H 9.42429 71.12810 -1.57978
H 12.56530 49.57460 -1.44266
H 3.15612 48.09150 -1.25956
H 10.60530 52.16930 -0.79785
H 7.50728 51.56560 -0.91017
H 4.31725 51.00810 -0.90176
H 8.40340 54.58980 -0.82059
H 5.46674 53.88530 -0.84293
H 2.37872 53.47890 -0.77954
H 6.59379 55.67910 1.49602
H 6.08676 59.40730 0.09062
H 8.27815 61.77000 -0.49792
H 7.09478 64.92300 -0.33315
H 5.90680 67.85430 -0.91681
H 5.00722 70.97270 -1.23092
H 23.94260 48.55150 0.93498
H 20.70380 48.47980 0.73428
H 22.30460 51.34930 0.76728
H 19.09250 51.43000 0.23873
H 20.68250 54.25920 0.50727
H 17.48950 54.40590 0.14040
H 22.46790 56.96090 0.41674
H 19.20790 57.08670 0.03807
H 20.01630 67.14940 -0.12442
H 17.28010 65.45980 -0.12509
H 14.27490 64.19390 -0.35871
H 20.54260 70.15310 -0.65160
H 17.57880 68.86990 -0.75244
H 14.67210 67.34220 -0.74715
H 15.02490 70.52820 -1.15310
H 12.00870 69.37450 -1.25205
H 9.40948 49.13420 -0.90666
H 6.31505 48.55940 -0.92568
H 4.23542 56.85290 -0.20402
H 0.86373 57.58960 -0.79623
H 2.94219 59.97620 -0.24327
H 5.03393 62.35000 -0.28992
H 1.79360 62.92530 -0.41161
H 3.90528 65.44060 -0.55543
H 0.79841 66.06160 -0.69304
H 2.91113 68.54980 -0.90060
H 1.82431 71.58810 -1.35338
C 19.05330 47.59350 2.33814
C 15.88790 46.90380 1.88967
C 14.27430 49.48370 0.49099
C 15.72440 53.51100 1.74413
C 12.99770 54.57610 0.78160
C 17.13410 56.59040 1.41140
C 19.42420 58.95640 1.69200
C 21.21200 61.66180 1.83550
C 23.32770 64.49330 1.66637
C 18.10420 61.88990 1.72579
C 15.82380 59.98320 0.75904
C 12.80280 59.09800 0.91468
C 10.98730 57.03080 -0.18041
C 21.77850 67.04200 1.53165
C 19.47890 65.09230 0.97424
C 10.18650 60.90110 0.89759
C 22.32950 70.08730 1.04083
C 10.61920 64.20920 1.09016
C 11.03090 67.86740 0.61617
C 8.44999 69.85230 0.34821
C 13.14660 51.97950 -0.77913
C 5.92430 50.48250 0.60755
C 2.73436 49.76270 0.57967
C 10.01430 54.35750 0.49818
C 7.14604 53.21810 0.88365
C 3.85560 52.76440 0.79520
C 0.84730 52.45790 1.01607
C 4.59568 55.82280 2.22062
C 7.90887 57.49480 2.55706
C 6.55423 61.12590 1.28218
C 8.43553 63.56960 1.24028
C 7.52261 66.79650 0.61629
C 6.40084 69.77060 0.47715
C 22.24700 47.82360 2.58026
C 20.44330 50.48700 2.17426
C 17.16290 50.14600 1.19820
C 22.03720 53.35220 2.36373
C 18.82810 53.35590 1.89955
C 20.59460 56.23410 1.90382
C 22.61480 58.88860 1.93670
C 16.08330 63.99140 1.35670
C 13.23450 62.51540 1.05199
C 19.17800 69.06750 1.09554
C 16.55980 67.42770 1.02087
C 13.64420 66.02850 1.11597
C 16.67920 70.74980 0.55712
C 13.81160 69.16000 0.50493
C 11.35420 71.10330 0.08184
C 11.27660 48.75160 0.54795
C 8.01250 48.06440 0.75295
C 9.41677 51.09520 0.60635
C 2.08986 55.69560 0.34082
C 4.05561 58.58380 1.55712
C 0.92130 59.03140 0.96024
C 3.19036 61.79180 1.31560
C 5.21770 64.24750 1.19657
C 2.10804 64.89070 1.05692
C 4.30871 67.45300 0.87531
C 1.18795 68.04100 0.78280
C 3.23003 70.66350 0.43363
C 8.84234 90.59550 -1.74456
C 10.44540 93.56550 -1.36639
C 7.22398 93.38730 -2.01983
C 3.93761 92.85530 -2.51500
C 0.82770 92.72260 -3.25937
C 4.55031 75.44810 -3.61070
C 9.35242 78.34900 -3.49137
C 6.13251 78.45110 -3.69586
C 2.84061 78.09270 -3.69804
C 11.05580 87.43560 -4.49665
C 9.72351 88.80570 -1.93433
C 5.98384 90.40900 -2.38258
C 2.83862 90.11360 -3.10673
C 23.23150 80.88840 -1.48027
C 19.47420 81.94480 -1.55681
C 16.72850 83.74390 -2.65368
C 12.77760 87.20150 -5.50077
C 12.65060 87.95030 -2.05586
C 11.99980 90.82560 -1.44658
C 14.24360 93.30620 -0.99925
C 16.79870 95.17010 -0.87355
C 22.43830 95.90580 -0.15220
C 22.95490 73.20400 -2.31254
C 23.29780 77.06410 -1.38257
C 20.56390 78.57780 -2.21035
C 8.59547 72.53310 -3.41476
C 14.94260 78.41310 -3.92395
C 12.78240 77.45900 -4.26306
C 7.91180 75.46370 -3.02198
C 15.63550 82.16980 -3.47455
C 5.29270 72.48580 -3.21182
C 2.12648 73.26510 -3.14840
C 5.36901 95.88430 -2.14031
C 2.05632 95.55320 -2.63808
C 7.62231 81.33040 -4.11441
C 4.41236 81.24050 -4.17269
C 1.30657 80.99120 -3.97109
C 9.12740 84.32080 -4.43426
C 5.76601 84.21810 -4.19041
C 2.74184 84.04400 -4.04919
C 7.54588 87.38380 -3.95676
C 4.37295 87.34600 -3.67498
C 1.34881 86.90440 -3.86206
C 21.98760 84.29550 -1.17067
C 19.07860 85.51390 -1.69556
C 15.96270 86.97390 -2.28293
C 21.47700 87.58870 -0.97127
C 18.34830 88.84860 -1.58192
C 15.10340 90.05890 -1.83950
C 23.83390 89.50780 -0.27122
C 20.66890 90.92920 -0.83678
C 17.58610 92.25820 -1.16417
C 23.31630 92.92330 -0.11103
C 20.07320 93.98650 -0.65534
C 19.90830 71.51650 -2.51950
C 20.31370 74.97000 -2.82223
C 17.35390 73.38770 -3.12827
C 14.32170 71.80460 -3.13113
C 17.69060 76.53800 -3.54885
C 14.78780 75.00860 -3.92509
C 11.72860 73.89020 -3.62320
C 17.77470 79.86790 -3.45613
H 10.16080 91.57740 0.05835
H 7.02603 91.53200 -0.47269
H 11.64350 94.47640 0.69151
H 5.27804 93.98100 -0.66923
H 2.07363 93.46070 -1.17080
H 5.97553 76.66500 -2.00655
H 2.79956 76.76290 -2.28528
H 7.69160 79.74820 -2.17129
H 8.96745 82.67760 -2.23173
H 10.65670 85.26770 -3.14391
H 8.20966 88.89150 -0.06340
H 3.95145 90.78050 -0.97581
H 0.74613 90.69930 -1.89103
H 22.24860 79.05430 -0.47759
H 21.38180 82.09010 -0.18666
H 17.96570 83.71140 -0.40983
H 15.14050 84.87240 -0.94726
H 13.64930 86.36410 -3.23745
H 11.38190 88.77720 -0.05483
H 13.67530 91.14260 -0.04281
H 16.20450 93.21280 0.57643
H 14.20810 95.30430 -0.86981
H 18.72190 95.33420 0.56603
H 23.41660 71.46530 -0.65480
H 23.60150 74.76130 -0.34104
H 20.99170 76.44410 -1.03790
H 18.27470 78.36960 -2.12840
H 12.66990 75.48300 -2.55551
H 9.81885 74.18420 -2.03999
H 6.97856 73.48180 -1.81297
H 15.52210 80.03200 -2.04271
H 12.69350 78.62850 -2.21508
H 4.00521 73.97810 -1.74572
H 8.44841 94.19910 -0.12435
H 4.39390 79.55470 -2.37998
H 1.25675 79.35690 -2.19386
H 5.92021 82.35580 -2.63705
H 2.88721 82.20460 -2.52696
H 7.41015 85.41510 -2.78195
H 4.24720 85.15700 -2.47992
H 1.13011 85.00440 -2.42879
H 5.76987 88.09310 -2.18394
H 2.58365 87.99160 -1.98818
H 24.22790 81.07430 0.77199
H 23.32790 84.28380 0.89591
H 20.51710 85.68270 0.32561
H 17.52950 86.89650 -0.36338
H 14.60470 88.01880 -0.48767
H 22.80680 87.64140 1.06919
H 19.93660 88.93380 0.32084
H 16.84360 90.13820 -0.10528
H 22.29650 90.94790 1.06792
H 19.12040 92.09560 0.77721
H 21.60940 94.12150 1.36401
H 20.81960 73.26100 -1.10015
H 17.86590 71.95010 -1.23153
H 18.16720 75.11600 -1.51558
H 15.26810 73.63530 -1.89193
H 12.44250 72.48080 -1.69068
H 15.46200 76.71680 -2.37760
C 8.34082 90.81890 1.44403
C 10.00750 93.43550 1.68694
C 6.67512 93.22470 1.18808
C 3.61547 92.68400 0.58542
C 0.41040 92.15000 0.10391
C 4.56111 76.05640 -0.50293
C 9.32785 79.13110 -0.38112
C 6.20792 78.85960 -0.75007
C 3.01870 78.65830 -0.57110
C 12.81660 83.90940 -3.58811
C 9.45255 87.81110 1.41432
C 5.83376 89.47810 -0.09453
C 2.29399 89.69920 -0.12797
C 22.00880 80.36520 1.56922
C 18.86130 81.73170 0.32019
C 15.66590 82.84550 0.39212
C 12.74320 84.46870 -1.67499
C 12.60200 87.32560 0.98155
C 11.75100 90.61150 1.57809
C 13.78660 93.43500 0.91217
C 16.70800 94.78230 2.17353
C 21.92830 95.71650 3.23541
C 22.45590 73.29060 0.86303
C 22.77560 76.97310 0.59644
C 20.01050 78.61900 -0.29584
C 8.76373 72.86680 -0.20937
C 14.01330 78.28730 -0.89458
C 10.30020 77.93340 -1.65812
C 7.99536 75.57580 -1.09402
C 14.16620 81.63340 -0.61885
C 5.40513 73.09610 0.05485
C 2.33881 73.59350 0.06245
C 4.85725 95.70510 1.03458
C 1.64305 95.30830 0.41973
C 7.78509 82.03330 -1.01741
C 4.49738 81.42520 -0.85545
C 1.30729 81.43490 -0.89356
C 9.22787 85.07830 -1.02436
C 5.81508 84.31450 -1.10309
C 2.73297 84.05770 -0.90184
C 7.14983 86.70030 -0.67201
C 4.16780 86.88950 -0.69834
C 0.96752 86.77350 -0.71078
C 20.98630 83.65150 1.73973
C 18.22210 85.11740 1.26848
C 15.53630 86.42640 1.05475
C 20.52920 87.22930 2.06628
C 17.78430 88.44820 1.45529
C 14.90230 89.54590 1.38968
C 22.97870 89.34630 2.88384
C 20.14770 90.41750 2.30157
C 17.10090 91.40130 2.01833
C 22.48170 92.52180 3.02873
C 19.41410 93.80000 2.47805
C 19.53970 71.94860 0.58335
C 19.77640 74.92810 0.39436
C 16.82800 73.81310 0.03018
C 14.14170 72.52730 -0.03199
C 16.92240 77.05600 -0.50070
C 14.28960 75.48950 -0.64705
C 11.52120 74.44600 -0.46859
C 16.96500 79.80740 -0.41205
C 37.32640 0.40195 1.32395
C 34.25640 0.17715 1.06620
C 38.56010 3.01499 0.89382
C 47.49110 9.68134 -0.38891
C 44.49760 9.15398 -0.27555
C 41.35840 8.62281 -0.20625
C 41.97240 11.67830 -0.56219
C 32.59890 -0.13887 2.34255
C 26.64920 1.00554 0.77079
C 34.82610 3.20944 1.58010
C 36.49060 5.60463 0.35651
C 38.11140 8.52196 -0.22092
C 25.52860 9.35759 -0.40701
C 39.85350 11.07990 -0.77199
C 38.81840 14.33320 -1.06969
C 25.59450 15.24950 -0.40007
C 27.20200 17.72550 -0.45048
C 35.75060 20.17710 -1.33230
C 32.44760 20.36530 -0.93392
C 28.85700 20.49720 -0.49974
C 25.34270 21.17900 0.29795
C 48.53120 11.40340 -0.86162
C 45.47180 12.43130 -0.35607
C 44.04770 14.76080 -2.44838
C 42.73440 17.65290 -2.23667
C 39.57130 19.12350 -1.69977
C 39.43990 22.42170 -1.93893
C 46.87540 1.26726 1.58615
C 43.73190 0.77796 1.64231
C 40.50280 0.49324 1.53466
C 48.34490 4.09965 0.88794
C 45.26580 3.56147 1.11614
C 41.89530 3.13869 1.01338
C 46.41290 6.45733 0.25522
C 43.27380 6.01927 0.36237
C 40.07270 5.73025 0.37268
C 29.72810 0.56627 1.39555
C 31.66920 3.34277 0.97426
C 28.35180 3.50630 0.54287
C 25.11560 3.65619 0.41117
C 33.11450 5.92729 0.55023
C 30.03790 6.25129 0.21138
C 26.90860 6.34326 -0.00273
C 34.93760 8.37037 0.10993
C 31.94160 8.90702 -0.06209
C 28.64750 9.13631 -0.27728
C 36.77390 11.32250 -0.63251
C 33.62070 11.46950 -0.45754
C 30.32680 11.88710 -0.58690
C 27.05480 12.06520 -0.51158
C 35.40430 14.18750 -1.02445
C 32.04940 14.47810 -0.79289
C 28.73530 14.89830 -0.64930
C 37.20760 17.01500 -1.36629
C 33.81600 17.41190 -1.20225
C 30.71340 17.56280 -0.81432
C 48.23760 14.52510 -1.31109
C 45.38820 16.16290 -1.74022
C 48.07200 17.86060 -1.79700
C 45.28980 19.18100 -2.05300
C 42.31290 21.11870 -2.33387
C 47.89090 20.89030 -2.29139
C 45.04560 22.52700 -2.67108
H 35.68230 1.26040 2.75555
H 40.18320 4.29061 2.31696
H 37.06170 4.02300 2.11401
H 47.85090 8.03494 1.50203
H 41.53570 7.09287 1.71339
H 45.86650 10.54560 1.20527
H 42.77200 10.15050 1.23019
H 29.56830 -0.68826 3.58119
H 26.73260 -0.81566 2.43340
H 31.38450 1.83341 2.88044
H 24.89510 1.95597 2.14111
H 33.06920 4.56699 2.66542
H 38.25430 6.87001 1.59134
H 35.01450 7.00400 1.80253
H 39.75300 9.62289 1.19990
H 38.48130 12.47580 0.64975
H 25.69830 13.14160 1.05852
H 40.02160 15.92270 0.72925
H 37.05970 15.24560 0.37104
H 35.71410 18.12110 0.16566
H 26.06030 18.83880 1.10557
H 33.95170 21.17260 0.29162
H 30.90140 20.93340 1.10412
H 27.84110 21.52510 1.19501
H 47.56730 13.16520 0.58761
H 44.49440 14.66620 0.06331
H 42.05510 16.20630 -1.61316
H 41.58460 19.37090 -0.77277
H 38.96180 21.00630 0.17280
H 23.70910 -0.98534 1.80970
H 47.09320 -0.33822 3.42801
H 43.94360 -0.68733 3.51043
H 40.78410 -1.09159 3.38470
H 37.57260 96.20520 2.97442
H 48.43900 2.62283 2.86394
H 45.26940 2.18196 3.17345
H 41.97830 1.79731 3.03797
H 38.87550 1.50829 2.85671
H 46.62380 5.14919 2.39082
H 43.42680 4.56937 2.37766
H 44.71670 7.62351 1.63278
H 28.11800 2.00782 2.49199
H 29.88890 4.68227 2.07230
H 26.76470 4.75616 1.85098
H 31.73740 7.26523 1.71507
H 28.43640 7.52329 1.57636
H 25.27840 7.60189 1.31832
H 36.65920 9.75597 1.34578
H 33.51770 9.97330 1.46717
H 30.28790 10.16610 1.20646
H 27.09160 10.26090 1.22241
H 35.30270 12.58840 0.85119
H 32.09710 12.76680 1.00274
H 28.87540 13.01270 0.95734
H 33.92350 15.48540 0.46168
H 30.69820 15.65360 0.71657
H 27.52480 15.84110 1.17871
H 32.49810 18.37330 0.66240
H 29.19510 18.44930 0.90039
H 47.21690 16.32350 -0.00930
H 44.34710 17.86880 -0.26062
H 47.06560 19.60490 -0.41819
H 44.25530 21.04460 -0.83224
H 41.49440 22.77530 -0.63879
H 46.87750 22.72780 -1.08226
C 37.29890 0.56575 4.43777
C 34.28400 0.09039 4.34274
C 38.51640 3.64466 3.96327
C 47.65960 10.28670 2.75817
C 44.43890 9.71469 3.00098
C 41.37340 9.10540 2.99576
C 42.08540 12.06240 2.65879
C 32.76020 1.48751 5.00840
C 26.35570 1.05837 3.92158
C 35.08580 3.51947 3.50338
C 36.73990 6.11554 3.34967
C 38.24600 8.88489 2.99490
C 25.49660 9.46807 2.91231
C 39.98760 11.66420 2.49122
C 38.86050 14.65300 2.03386
C 25.85190 14.98340 2.77011
C 27.63530 17.82720 2.71880
C 36.49250 20.48580 0.57124
C 32.68800 20.18350 2.41700
C 29.18550 20.01980 2.81583
C 25.52950 21.21340 2.25525
C 48.54440 12.09620 2.51490
C 45.39900 12.85920 1.58548
C 42.25440 14.62230 0.60643
C 42.14780 17.42160 0.70245
C 40.30510 19.83240 1.46147
C 40.00050 22.98270 1.36082
C 46.89550 1.77591 4.65114
C 43.63780 1.37507 4.78511
C 40.34980 0.97560 4.68237
C 48.49270 4.80713 4.00701
C 45.15580 4.43385 4.18350
C 41.80910 3.93106 4.13765
C 46.46220 7.45337 3.38655
C 43.19860 6.81626 3.47086
C 39.90140 6.40243 3.41786
C 29.50970 1.63939 4.54389
C 31.33020 4.13884 4.06473
C 28.17250 4.13012 3.75101
C 25.05270 3.93634 3.49064
C 33.29550 6.74200 3.57791
C 30.03010 6.82802 3.32447
C 26.68050 6.75487 3.16608
C 35.11100 9.08706 3.14185
C 31.85330 9.33122 2.97930
C 28.71490 9.53375 2.92732
C 36.88890 11.92670 2.52445
C 33.70640 12.11040 2.66518
C 30.41480 12.13050 2.66483
C 27.31730 12.23710 2.69560
C 35.55330 14.65920 2.13491
C 32.51240 14.88240 2.26597
C 29.29430 14.89770 2.56081
C 38.09150 17.51510 0.34512
C 34.55620 17.54280 1.84494
C 30.96620 17.50780 2.30647
C 48.20720 15.13490 1.91101
C 45.21600 16.37110 1.50521
C 47.96340 18.22120 1.42456
C 45.13410 19.66000 1.06281
C 42.40030 21.12800 0.88305
C 47.72400 21.52380 0.91227
C 44.99810 22.89490 0.47600
C 48.13780 30.63720 -1.74424
C 46.69700 33.30950 -1.71797
C 48.29310 36.06920 -1.86404
C 47.00570 38.73600 -2.05545
C 36.66880 23.90440 -1.80507
C 39.12450 26.32600 -1.60323
C 41.70770 27.76430 -2.53634
C 47.46490 27.33060 -3.57348
C 44.68790 29.67940 -3.12958
C 35.80830 25.78390 -1.89171
C 32.52150 24.17120 -1.15261
C 29.03170 23.64810 0.78207
C 39.50940 30.14650 -2.26129
C 36.59990 28.92460 -1.85523
C 27.24490 25.75240 -0.72955
C 43.30000 33.71430 -2.08147
C 40.20520 33.38650 -2.03698
C 24.62620 27.86950 -0.32704
C 41.22110 36.79990 -1.16403
C 38.40370 38.46420 -1.41715
C 36.07060 41.01980 -1.09776
C 33.21500 42.57480 -0.96691
C 30.23560 41.46210 -0.74185
C 27.94920 40.89900 -0.51264
C 23.02560 38.82100 -1.88151
C 25.01500 41.75100 -1.52435
C 30.62270 44.57690 -0.73906
C 26.96520 44.88470 -1.14461
C 31.74240 47.69320 -0.65555
C 45.07830 36.13070 -1.68704
C 43.63010 39.23910 -1.95598
C 40.53130 40.53690 -1.81709
C 45.68360 41.46870 -2.48720
C 39.87940 43.86320 -1.77047
C 36.68980 45.22520 -1.88670
C 34.03590 46.04090 -0.50848
C 45.77120 44.75420 -2.70896
C 42.01140 24.38380 -2.45847
C 47.89070 24.14230 -2.79322
C 44.88200 25.75390 -3.17112
C 33.25060 27.81110 -1.49560
C 30.28630 26.67240 -1.06733
C 37.00640 32.20400 -1.77642
C 34.06000 31.00800 -1.56857
C 30.72960 29.87080 -1.14995
C 27.75780 28.74450 -0.65883
C 37.80270 35.36350 -1.77495
C 34.61260 34.10450 -1.51674
C 31.56250 33.00340 -1.25900
C 28.44590 32.02450 -0.75729
C 25.20840 30.99870 -0.26987
C 35.25980 37.27430 -1.44386
C 32.04730 36.27210 -1.22503
C 29.07080 35.18960 -0.83310
C 26.02380 34.06690 -0.74553
C 32.85510 39.40320 -1.16865
C 29.77220 38.13380 -0.99231
C 26.22880 37.43390 -0.27237
C 28.71730 47.56870 -0.65097
C 42.62640 42.48540 -2.18254
C 42.73600 45.74640 -2.04814
C 39.77210 46.92130 -1.48024
H 46.65040 31.67950 0.10212
H 48.26040 34.32330 -0.10205
H 46.86350 37.12090 -0.16431
H 38.67420 24.23960 -0.40614
H 41.42880 26.03480 -0.76778
H 40.01750 28.39600 -0.82535
H 46.82700 29.13380 -1.86395
H 43.85700 30.21370 -0.69727
H 37.18650 27.17240 -0.36649
H 34.17320 25.97340 0.03579
H 30.94720 25.04900 0.11707
H 40.95470 31.44850 -0.48978
H 37.84970 30.40750 -0.34553
H 28.73240 27.10490 0.87585
H 25.84130 25.91370 0.97761
H 41.65260 34.51920 -0.59551
H 39.05890 36.47460 -0.05409
H 40.45020 38.81070 -0.05640
H 24.01020 34.07160 0.86483
H 37.05070 41.69990 1.24627
H 31.10830 39.56590 0.51063
H 28.06300 38.69370 0.82072
H 23.70730 37.63650 0.40461
H 34.75310 43.85310 0.52450
H 31.57370 42.85120 0.95765
H 26.67250 42.89340 0.05466
H 32.03420 45.80720 0.91042
H 28.80720 45.59590 0.71951
H 44.99690 34.40460 -0.15585
H 43.43720 37.42970 -0.21520
H 45.48980 39.86720 -0.52045
H 42.52610 40.78230 -0.40223
H 39.71740 42.05470 0.11467
H 37.42610 43.26850 -1.26845
H 44.85200 42.96590 -1.23798
H 44.14630 24.30870 -1.28199
H 46.84960 25.95230 -1.60055
H 44.05490 27.40730 -2.14733
H 34.77700 29.19330 -0.13391
H 31.69940 28.17590 0.41285
H 38.45310 33.46190 -0.26826
H 35.35510 32.38090 0.05762
H 32.32110 31.24970 0.22262
H 29.22360 30.23560 0.73836
H 26.19570 29.18790 1.15125
H 36.05200 35.43100 0.01293
H 32.89680 34.46890 0.18835
H 29.98460 33.41100 0.62763
H 26.74160 32.38820 0.93256
H 36.62640 38.81370 0.04308
H 33.49890 37.50160 0.30521
H 30.47280 36.51130 0.69498
H 27.36450 35.43630 0.93251
H 34.13600 40.79190 0.44488
H 25.48300 45.68350 0.79391
H 41.98060 44.02710 -0.46515
H 39.29400 45.15170 0.32698
H 36.27150 46.39870 0.32092
H 44.78010 46.07790 -0.83332
H 41.94560 47.21790 -0.22046
C 48.07300 30.82780 1.34075
C 46.59500 33.62560 1.63434
C 48.53930 36.33120 1.33448
C 47.10810 39.08750 1.21105
C 37.00730 23.99420 1.37341
C 39.35080 26.42010 0.44155
C 42.36570 28.23570 -0.38129
C 48.03320 27.61120 -0.28070
C 45.26680 29.54950 0.19586
C 36.30460 25.92840 1.53944
C 33.55970 23.66210 0.68082
C 30.66090 23.13230 1.88923
C 39.94080 30.05860 1.02057
C 36.78760 28.89410 1.26093
C 27.97840 25.19630 2.29345
C 43.19690 32.60850 -0.15135
C 40.44580 33.21720 1.22113
C 25.44550 27.64480 2.91781
C 41.33360 36.66210 0.76942
C 38.66270 38.34870 1.53057
C 35.98400 40.29810 2.06608
C 33.76430 42.46910 2.23783
C 30.80190 41.33970 2.32082
C 27.75600 41.07130 1.40616
C 22.60670 38.99750 1.39878
C 24.78340 41.66640 0.39287
C 30.52590 44.64850 2.43572
C 27.05270 44.21370 2.06161
C 31.89380 47.54520 2.64401
C 45.09650 36.41030 1.41462
C 43.74030 39.26760 1.15412
C 41.12660 40.40780 1.58334
C 45.55920 41.86580 0.85228
C 40.83580 43.83840 1.70052
C 37.13590 44.22460 1.10109
C 34.33560 45.88730 1.79657
C 46.16570 44.37770 0.39405
C 42.56490 24.62690 0.67927
C 47.58850 24.59960 0.31974
C 44.99070 26.26440 -0.06204
C 33.75280 27.80240 1.71576
C 30.78210 26.61430 2.08036
C 37.34400 32.09980 1.41345
C 34.30560 30.84990 1.65011
C 31.33520 29.85330 2.04454
C 28.18040 28.77330 2.54845
C 37.96250 35.06920 1.58776
C 34.83550 34.07070 1.71309
C 32.02490 32.96170 1.94343
C 28.79050 32.14490 2.32443
C 25.87180 30.99450 2.83744
C 35.53240 37.18870 1.68777
C 32.41120 36.02490 2.04106
C 29.13740 35.14570 2.25632
C 25.91420 34.14620 2.54311
C 33.00410 39.17860 2.01395
C 29.76270 38.31620 2.26529
C 25.99380 37.39470 1.54318
C 28.63430 47.34040 2.63374
C 43.52540 42.57300 0.81478
C 43.29880 45.62070 1.00966
C 40.39830 46.93440 1.67898
H 36.46230 60.38110 -0.18821
H 33.87680 58.76190 -0.08581
H 39.67940 63.86280 -0.33334
H 36.57910 63.19760 -0.21965
H 43.82870 68.35490 -0.23286
H 40.44010 67.09100 -0.32250
H 28.57710 62.88590 0.16309
H 44.00510 71.49080 -0.18118
H 25.01290 65.52870 0.23296
H 26.26520 68.62310 -0.21619
H 27.22080 71.94400 0.34437
H 33.77890 61.93220 -0.17712
H 37.34360 66.13860 -0.25829
H 34.18430 65.20230 -0.14064
H 31.26600 64.16260 0.01091
H 41.11790 70.20640 -0.37969
H 38.09230 69.23440 -0.26700
H 34.89360 68.24220 -0.11507
H 31.63010 67.30990 0.05040
H 28.54680 66.19940 0.01386
H 35.59910 71.38480 0.00123
H 32.43620 70.32500 0.02938
H 29.30540 69.45150 0.06278
C 46.14180 67.14750 -2.63702
C 48.44740 69.49250 -1.27971
C 34.14470 50.27030 -0.02298
C 34.95010 53.56740 -1.60355
C 33.51030 56.38860 -0.76625
C 30.14900 55.83320 -0.81513
C 29.76750 59.10070 -1.00279
C 27.43920 61.35360 -1.35280
C 24.59640 61.39670 -1.26308
C 36.09440 58.25130 -1.23003
C 38.37440 61.72940 -0.93139
C 35.44970 61.77270 -1.92889
C 32.82160 60.29020 -1.71979
C 42.72610 66.28100 -1.28653
C 39.12170 65.55820 -1.99437
C 30.23990 62.50970 -1.54514
C 42.96400 70.08420 -1.96483
C 27.01940 64.48090 -0.74318
C 24.88840 67.21160 -1.64742
C 25.60500 70.75330 -1.23899
C 36.83330 48.32150 -1.04170
C 37.05460 51.41600 -0.51380
C 36.51990 54.99190 -1.49103
C 39.14420 56.61220 -1.53040
C 41.49040 58.75690 -1.16534
C 47.29490 59.13150 -1.64828
C 41.58440 62.63230 -1.80658
C 46.67770 62.50360 -1.50131
C 44.95620 63.72230 -1.17069
C 25.49760 47.69650 -0.72125
C 30.38590 50.29280 -0.62576
C 27.14700 50.26240 -0.59985
C 23.94150 50.37260 -0.68933
C 31.77970 53.04430 -0.91264
C 28.63880 52.98730 -0.61658
C 25.52670 53.04670 -0.57145
C 27.16810 55.67920 -0.75741
C 24.08590 55.78010 -0.93731
C 25.98890 58.37790 -0.91031
C 35.90740 64.90420 -1.85113
C 33.04880 63.68730 -1.69629
C 39.92370 68.59530 -1.96070
C 36.70300 67.96300 -1.83683
C 33.42820 66.99100 -1.63512
C 30.39020 65.85910 -1.56470
C 37.31710 71.00150 -1.79428
C 34.24640 70.10180 -1.64129
C 30.89630 69.15440 -1.55208
C 27.90170 68.12180 -1.56416
C 32.07690 72.16500 -1.54922
C 28.81660 71.35920 -1.45744
C 45.61090 47.86560 -2.18666
C 42.77500 48.90640 -1.76118
C 39.75770 50.09050 -1.38692
C 45.46970 50.96110 -1.77707
C 42.39870 52.16150 -1.52775
C 39.52470 53.35350 -1.17747
C 45.18720 54.11160 -1.57674
C 42.19770 55.14880 -1.41683
C 47.76440 55.88840 -1.63586
C 44.44540 57.25070 -1.54605
C 44.19200 60.52970 -1.46821
H 46.99080 65.17020 -1.47035
H 48.53470 67.42930 0.19626
H 46.62140 69.86850 -0.01821
H 33.52260 48.03340 0.87348
H 31.93750 51.20560 0.68507
H 33.49090 54.20570 0.49808
H 31.64320 56.84310 0.93021
H 30.99110 60.73020 0.05241
H 27.69870 59.68520 0.43623
H 26.05150 62.52470 0.25562
H 36.22820 49.55700 1.09802
H 47.64830 47.85940 -0.60942
H 38.93800 51.49530 0.52866
H 38.51370 54.82930 0.08557
H 35.65350 56.41440 0.30787
H 38.21540 58.07950 0.15882
H 40.66640 60.94330 -0.63960
H 46.11550 60.58690 -0.04280
H 43.38020 62.37870 0.18966
H 30.22470 48.50400 1.15449
H 27.06860 48.42550 1.03385
H 28.70770 51.21150 1.08929
H 25.56680 51.15620 0.95987
H 30.29870 54.00450 0.88160
H 27.09660 53.95890 0.94960
H 23.90700 54.09490 0.95760
H 28.60600 56.68020 1.01774
H 25.57450 56.71720 0.79902
H 24.40030 59.69040 0.45252
H 38.98710 48.33040 0.16037
H 44.68990 49.12830 -0.19932
H 41.75750 50.34600 0.02758
H 47.40980 51.04680 -0.18190
H 44.42420 52.27640 -0.11722
H 41.47150 53.51760 0.31752
H 47.11320 54.16930 -0.00824
H 44.06140 55.45580 0.16512
H 41.04890 56.64800 0.07099
H 46.55960 57.39010 -0.15919
H 43.71550 58.56940 -0.03939
C 46.17110 67.42410 -0.47883
C 48.08890 69.04580 1.86572
C 33.92380 50.18270 1.90622
C 35.40250 53.23440 1.63945
C 33.83040 56.24150 1.94380
C 30.45240 55.88320 2.53847
C 29.93330 58.74020 1.18444
C 27.54380 61.41920 1.85630
C 24.64070 61.59870 1.96150
C 35.97230 58.56300 1.30368
C 38.62280 60.46220 0.87958
C 35.53330 61.86760 1.55910
C 33.03360 60.29110 1.49482
C 42.52060 66.27980 0.80942
C 39.22110 65.47040 1.28247
C 30.34670 62.54380 1.68378
C 43.03760 69.62360 1.15162
C 27.05880 64.54260 1.09089
C 24.79110 67.60420 1.52683
C 25.39950 70.82660 0.72013
C 37.39830 47.50040 1.96236
C 37.46050 50.66220 2.44677
C 36.69740 54.88300 1.78237
C 39.26830 56.46340 1.79808
C 41.46410 58.94120 0.74265
C 47.16890 59.10270 1.52658
C 41.41280 62.51890 1.28400
C 46.50050 62.04820 1.92824
C 44.85220 63.38280 2.03340
C 25.40730 47.34290 2.53610
C 30.51980 50.46530 2.59904
C 27.05300 50.29400 2.65866
C 23.75740 50.43700 2.47030
C 32.17930 53.25210 2.29444
C 28.69590 53.07070 2.53909
C 25.50730 52.99290 2.51812
C 26.95590 55.73190 2.59555
C 23.78890 56.14170 2.31526
C 25.99850 58.82390 2.06701
C 36.04270 64.99600 1.45776
C 33.18540 63.65220 1.43688
C 40.02610 68.85020 1.33825
C 36.85600 67.90970 1.41593
C 33.53750 66.90300 1.54429
C 30.25790 65.81660 1.56860
C 37.69420 71.03520 1.33280
C 34.36270 69.98710 1.58018
C 31.09330 69.00120 1.69301
C 27.90280 68.07440 1.57234
C 31.85760 72.05100 1.68261
C 28.80750 71.34830 1.64149
C 45.82440 47.34330 1.05181
C 42.94440 48.75730 1.48446
C 40.10460 49.76330 1.81829
C 45.56180 50.73390 1.42402
C 42.67330 51.96590 1.66081
C 39.60910 53.43630 1.88976
C 45.31570 53.87070 1.62104
C 42.20480 55.33340 1.79921
C 47.99460 56.04900 1.43510
C 44.86330 57.20980 1.67293
C 44.27220 60.37670 1.58993
H 41.59130 73.48130 -1.12475
H 39.37480 75.67450 -0.14954
H 37.01470 77.62580 0.92807
H 25.53500 73.13510 -2.02669
H 34.80120 79.47960 2.00537
H 31.68160 78.74440 1.09988
H 28.73570 77.94180 -0.05508
H 25.80240 77.04560 -1.23739
H 38.68810 72.42150 -0.35392
H 36.34950 74.46320 0.28242
H 33.25490 73.50240 0.15646
H 30.19520 72.71090 -0.01014
H 33.98820 76.55780 0.96904
H 30.93320 75.73640 0.42038
H 27.91340 74.90510 -0.47543
C 42.97560 89.57270 2.23380
C 35.66780 89.90570 2.60073
C 47.33150 93.42300 2.05237
C 44.62780 92.40300 3.53902
C 41.42260 92.53070 2.00973
C 38.22000 92.29870 1.53290
C 34.33540 92.52350 2.42876
C 33.22370 94.16250 1.65896
C 45.61250 75.06760 1.83253
C 42.36290 76.57670 2.60902
C 40.56170 78.74630 1.35516
C 37.76620 80.93950 0.49172
C 37.95340 84.08690 1.23118
C 37.76930 87.25540 1.89648
C 39.86130 89.12000 3.51800
C 46.00620 88.43770 2.17434
C 46.10010 72.00770 -1.28445
C 28.60300 -1.38010 1.23809
C 25.73370 79.50800 -0.44574
C 30.92130 80.75350 1.91624
C 27.92650 81.73840 0.64386
C 34.66980 83.64400 3.12507
C 32.16400 85.46710 2.26880
C 34.83390 86.94310 2.28049
C 31.81410 88.98190 2.05352
C 31.23920 92.05820 3.47808
C 28.71320 93.48320 2.13820
C 43.41590 73.03700 -2.12286
C 40.91770 75.35250 -2.18809
C 38.49730 77.38690 -1.08775
C 27.23170 73.95930 -2.76725
C 36.43130 79.68770 -0.06958
C 30.46640 77.77820 -0.99579
C 27.50970 76.72940 -2.14813
C 45.64460 95.87180 2.04104
C 42.58710 95.42080 1.97914
C 39.46110 95.30270 1.66511
C 36.29450 95.18110 1.13586
C 45.72360 78.71250 1.89849
C 43.25560 80.39230 1.82113
C 40.50250 82.24740 1.46043
C 46.01220 81.92920 2.12755
C 43.30360 83.70270 1.92129
C 40.38120 85.46710 1.89267
C 46.00140 85.30850 2.09981
C 43.15950 86.93000 2.33485
C 25.17560 83.11250 -0.22754
C 30.24180 84.05870 1.77713
C 27.45970 84.94650 0.75714
C 24.28850 86.21560 -0.27685
C 29.49080 87.04430 1.63488
C 26.83390 88.22990 0.65808
C 29.00620 90.23060 1.70433
C 26.34960 91.67540 0.88616
C 25.49260 95.13500 1.08462
C 40.22570 71.76280 -2.11249
C 38.01760 74.13720 -1.55819
C 35.09100 73.25600 -1.52492
C 35.73320 76.55850 -0.83762
C 32.92320 75.59770 -1.03675
C 30.05730 74.56050 -1.56188
C 33.32540 78.73110 -0.13801
H 41.38420 91.08520 3.75244
H 37.90120 90.70520 3.47611
H 45.92810 94.40830 3.89459
H 36.39970 93.38260 2.87077
H 32.74010 93.70340 4.13870
H 34.46400 95.90880 2.55812
H 44.77100 77.18170 3.20236
H 41.99780 78.96110 3.38050
H 39.37230 80.58120 2.32342
H 36.59680 82.14340 2.39540
H 47.52870 78.70040 3.86753
H 36.54280 85.22920 2.67154
H 36.42140 87.93540 3.80039
H 39.34040 86.67780 3.69154
H 44.45500 89.95190 3.56626
H 47.00370 91.61210 3.69412
H 46.52390 72.77600 1.23588
H 24.85130 78.01810 1.49860
H 27.14850 79.98080 1.67100
H 29.13180 82.11040 2.81056
H 31.29060 83.92210 4.05366
H 33.84860 85.68530 4.15774
H 33.68230 88.74500 3.47031
H 30.41430 90.22900 3.72676
H 27.45720 91.49520 3.14545
H 24.72740 92.85680 1.90752
H 29.50340 93.79660 4.36453
H 42.67490 93.94560 3.77917
H 39.49110 93.54160 3.24474
H 44.89980 80.34210 3.64729
H 42.20950 82.02770 3.26756
H 39.42090 83.61840 3.17707
H 47.92390 81.86400 3.71876
H 45.03160 83.58060 3.64576
H 42.13410 85.09410 3.60064
H 47.88500 85.10000 3.61943
H 45.01070 86.78510 3.77125
H 42.06750 88.18840 4.13693
H 47.73690 88.56910 3.47053
H 26.26980 83.15160 1.99149
H 28.53120 85.25410 2.93481
H 25.72160 86.31750 1.77604
H 31.05320 87.12680 3.56009
H 27.86430 88.37250 2.88372
H 25.12710 89.62400 1.77749
C 42.87780 90.03210 5.51994
C 35.53380 90.12890 4.29338
C 47.77690 93.43630 5.24474
C 44.37000 93.19660 5.46456
C 40.96020 93.12060 5.27040
C 37.80460 92.53130 4.84591
C 34.46240 93.73700 5.60759
C 31.44670 95.54110 4.42980
C 46.02650 75.14320 3.83137
C 42.47350 76.95130 4.47746
C 40.00110 79.56360 4.56345
C 37.28700 80.56890 3.68816
C 37.33660 83.62540 4.38389
C 37.29600 85.96470 4.85798
C 40.00650 88.24650 5.37656
C 45.87270 88.53850 5.18511
C 45.38570 71.21130 1.87836
C 27.88210 95.82490 4.46130
C 24.69460 79.56970 2.73175
C 30.61360 80.59650 4.07106
C 26.91400 81.54890 3.77901
C 32.27200 81.70020 4.61793
C 31.73150 85.62250 5.47021
C 34.61790 87.20100 5.29730
C 31.86840 88.78550 5.15385
C 31.04290 92.17130 5.30752
C 27.87780 92.74550 5.35212
C 42.82190 73.16600 1.01630
C 41.76090 75.94420 -0.61723
C 39.08540 77.03890 1.98674
C 25.85960 73.98830 0.44383
C 36.31250 78.76990 3.09269
C 29.82250 77.21510 2.13476
C 26.89110 76.49050 1.04878
C 45.65340 -1.14553 5.22475
C 42.42560 96.02010 5.18337
C 39.07730 95.42390 4.76380
C 35.85310 95.23990 4.44397
C 45.38490 78.54320 5.28039
C 42.96630 80.51540 5.04537
C 40.13880 81.64020 4.48360
C 45.97750 81.84520 5.20647
C 43.15720 83.36820 5.06417
C 40.21070 84.83630 5.15162
C 46.02930 85.11760 5.28564
C 43.22490 86.41530 5.34404
C 23.90920 82.65430 2.60183
C 29.24830 83.72090 4.76365
C 26.33300 84.90770 3.73614
C 23.44940 85.92670 2.75698
C 28.87470 86.92350 4.64568
C 25.70060 88.01710 3.60230
C 28.35790 89.86580 4.81481
C 25.47380 91.15400 3.75760
C 25.15180 95.05920 2.98466
C 40.83810 72.19540 0.88637
C 38.40240 74.07930 1.45853
C 35.04700 73.03810 1.74672
C 35.86340 75.81260 2.23947
C 32.49350 74.94430 2.07874
C 29.13040 74.40580 1.44262
C 33.24420 77.84900 3.00247
C 54.10700 -1.10682 1.46018
C 51.22400 95.59430 2.95742
C 48.69940 -1.04944 1.70726
C 55.00410 4.48518 0.34015
C 51.94820 4.80320 1.17912
C 49.64980 6.95881 0.01363
C 59.08030 0.87866 -0.03230
C 58.13470 3.89445 -0.04423
C 57.06140 6.68779 -0.43665
C 59.11500 9.27084 -0.69436
C 71.25550 10.26750 -3.62716
C 67.63540 10.94420 -2.41027
C 64.10350 11.67210 -0.78482
C 60.27020 12.21580 -0.47151
C 70.60380 13.58270 -2.53888
C 67.38530 12.95010 -2.06424
C 65.35760 15.31500 -2.07807
C 62.41190 14.65290 -1.91043
C 63.22310 17.93160 -2.05796
C 61.33660 20.61500 -2.08602
C 62.81190 23.34970 -2.51192
C 59.76610 23.12050 -2.17927
C 53.49010 7.80889 0.61903
C 51.48100 10.06540 -0.53507
C 56.70100 9.94886 -0.39143
C 56.56200 13.29470 -1.03412
C 58.85700 15.09710 -1.71710
C 59.92420 17.99150 -1.61661
C 56.35640 19.65860 -2.61730
C 56.59580 23.43940 -2.04543
C 56.05900 1.50501 0.50342
C 53.07960 1.44662 1.11608
C 49.99060 1.54665 1.35815
C 68.53000 -1.38016 -1.18665
C 65.30380 -0.59419 -0.79424
C 62.30040 0.06484 -0.37416
C 70.74060 1.02728 -1.36654
C 67.63350 1.86515 -1.15678
C 64.32970 2.49785 -0.65378
C 61.42830 3.20648 -0.41885
C 69.70280 4.07196 -1.16973
C 66.46450 4.91244 -0.89550
C 63.41590 5.74407 -0.69899
C 60.31790 6.14387 -0.64485
C 72.02370 6.37362 -1.35767
C 68.68510 7.19692 -1.16817
C 65.51260 8.03233 -1.15072
C 62.35630 8.82816 -1.01726
C 72.01160 16.57200 -2.34766
C 68.65680 16.06330 -2.14036
C 69.95820 19.04630 -2.20289
C 66.71930 18.46450 -2.12200
C 71.21730 21.75590 -2.32251
C 67.95480 21.08420 -2.36912
C 64.54850 20.80590 -2.32585
C 54.11800 11.48320 -0.75640
C 51.24800 13.22130 -1.12194
C 53.86900 14.87600 -1.28599
C 50.92800 16.36600 -1.50884
C 56.39750 16.47320 -1.75911
C 53.36670 18.05610 -1.92217
C 50.63060 19.56070 -2.04080
C 53.49130 21.39930 -2.48576
C 50.59810 22.66560 -2.37919
H 56.11630 -0.16193 2.22800
H 53.17770 0.27438 3.30084
H 54.77100 2.86383 2.14144
H 54.00970 5.91284 2.01935
H 51.07220 8.10526 0.98368
H 59.04660 -0.85680 1.69853
H 58.10480 2.20210 1.70011
H 56.98760 5.22356 1.60680
H 59.03720 7.44645 0.95937
H 55.90690 8.10634 0.74609
H 70.64720 7.57837 0.40674
H 67.61800 8.52090 0.13492
H 64.32620 9.46727 0.43057
H 61.00780 10.06780 0.72118
H 71.37400 11.83200 -1.47707
H 72.02160 14.69100 -0.81167
H 69.00260 14.08620 -0.59100
H 65.68790 13.57150 -0.28524
H 63.75000 16.14580 -0.45214
H 61.76150 18.93110 -0.34812
H 59.96800 21.53840 -0.10387
H 53.28970 10.23700 1.13590
H 50.34150 11.87530 0.76318
H 55.83610 12.10670 0.94195
H 58.59280 13.85650 0.32485
H 60.85070 15.95930 -0.49600
H 58.20640 16.98860 -0.24039
H 58.12300 19.78810 -1.73179
H 55.26700 21.52860 -1.28789
H 52.50180 23.02690 -0.85569
H 50.12390 0.03678 3.33142
H 51.60720 2.81860 2.60892
H 49.74330 5.35799 1.96359
H 70.45010 -0.75932 0.25351
H 67.28500 -0.02295 0.40462
H 64.20020 0.71942 1.03322
H 61.18600 1.45236 1.26856
H 69.47920 2.21488 0.40952
H 66.31840 2.99328 0.61779
H 63.30870 3.96843 1.03030
H 60.18660 4.50180 1.21391
H 71.64200 4.58220 0.28772
H 68.45030 5.30046 0.48342
H 65.35430 6.38845 0.76718
H 62.13980 7.00872 0.72263
H 62.42330 13.29060 0.11980
H 70.24810 17.18790 -0.64060
H 66.87830 16.61570 -0.52447
H 71.42810 20.08380 -0.50170
H 68.20850 19.53750 -0.52961
H 64.88510 19.06490 -0.66013
H 69.32950 22.46380 -1.00969
H 66.21860 21.91880 -0.94589
H 63.02970 21.67090 -0.75392
H 53.06620 13.39250 0.49063
H 50.14720 14.93370 0.31309
H 55.73770 15.22660 0.23334
H 52.82550 16.73770 0.02087
H 49.89870 18.19170 -0.12826
H 55.43260 18.42010 -0.60628
H 52.52890 19.97620 -0.60325
H 49.63190 21.30610 -0.61221
C 55.07850 -0.06997 4.52541
C 51.81660 -0.95958 4.77837
C 48.77200 -0.95919 5.09048
C 55.34560 4.88127 3.47444
C 51.92930 5.18741 3.11110
C 49.72150 7.57146 3.04529
C 59.62040 0.98686 3.13665
C 58.59460 4.13798 3.06713
C 57.27920 7.41336 2.67647
C 59.85220 9.34627 2.46111
C 70.44800 9.93495 -0.40452
C 68.24790 10.43200 -0.22415
C 64.27070 11.95910 1.00118
C 60.39470 12.41550 1.34780
C 70.61530 13.22650 0.56814
C 67.35540 13.22950 1.18237
C 65.46310 15.60640 1.23872
C 62.37890 15.04100 1.32336
C 63.38740 18.15040 1.07045
C 61.71650 20.91340 1.17316
C 63.02900 23.54240 0.76391
C 59.44640 23.93750 0.82168
C 54.10120 8.31016 2.43368
C 51.14210 10.25100 2.41103
C 56.90820 10.36090 1.44930
C 56.79010 13.98700 2.12339
C 59.44550 15.84610 1.53748
C 59.36500 19.07840 0.35222
C 56.63690 20.29740 0.39539
C 56.53210 23.37540 -0.22415
C 56.42770 1.89878 3.52836
C 53.38330 2.59822 4.23219
C 50.22190 2.21047 4.50016
C 68.75770 96.36360 1.93915
C 65.83050 -0.56407 2.29024
C 62.73190 0.29602 2.81688
C 71.12450 1.00004 1.79186
C 67.75030 1.65166 2.09284
C 64.73140 2.62129 2.48380
C 61.72250 3.36257 2.74701
C 69.96030 4.13393 2.01386
C 66.68390 4.87319 2.16382
C 63.64630 5.98064 2.43731
C 60.59240 6.53699 2.61507
C 71.96300 6.31799 2.08101
C 68.75840 7.26464 1.97766
C 65.93220 8.48945 2.03485
C 63.01140 9.03245 2.02787
C 71.97220 16.35210 0.90843
C 68.82030 15.98870 0.94988
C 69.86290 18.92580 1.02932
C 66.53710 18.53110 1.04706
C 70.83410 21.98950 0.82076
C 67.90570 21.53140 0.71090
C 64.74700 21.04570 0.75626
C 53.90090 12.16140 2.48961
C 51.26950 13.71750 2.17606
C 53.91260 15.31750 1.79309
C 50.94770 16.86900 1.63712
C 56.40820 17.28920 1.38041
C 53.76980 18.70050 1.15644
C 50.83940 20.08200 1.15859
C 53.84260 21.71100 0.69660
C 50.62600 23.13720 0.65007
C 73.32550 28.03620 -2.74675
C 62.68810 26.17730 -1.41928
C 70.40680 29.16600 -3.73527
C 67.35500 28.97780 -3.33914
C 64.18390 29.31720 -2.80697
C 58.97270 26.58800 -2.74206
C 55.51850 27.06620 -2.72299
C 51.94030 28.10540 -2.25480
C 60.92610 29.11650 -2.68060
C 51.19910 30.39380 -1.94836
C 62.47210 31.83450 -2.80562
C 64.30120 34.23960 -3.26926
C 63.74840 37.75060 -1.81185
C 62.12240 40.70810 -2.17527
C 48.56270 42.05410 -1.90775
C 60.69940 43.53860 -2.12681
C 57.53380 43.93990 -2.10170
C 51.24550 44.16390 -2.20201
C 56.26470 46.86570 -1.91779
C 52.44080 46.96700 -1.99196
C 50.56860 25.66490 -3.00935
C 69.99640 32.87460 -2.83969
C 67.09600 32.09220 -3.18294
C 68.64050 35.44590 -2.14717
C 67.18820 37.79730 -1.92118
C 65.57710 40.54730 -2.11201
C 63.93960 43.25800 -2.14124
C 62.49220 45.97750 -2.15710
C 48.85660 46.40840 -2.38993
C 72.20240 24.82440 -2.54393
C 68.95010 24.18700 -2.69955
C 65.94260 23.56460 -2.67241
C 69.75910 27.05720 -2.87419
C 66.23350 26.53460 -2.46338
C 57.61680 29.81110 -2.66918
C 54.29660 30.39170 -2.49087
C 59.26310 32.23330 -2.61379
C 56.15500 32.83720 -2.50263
C 52.95530 33.19820 -2.20275
C 49.79540 33.40210 -1.88436
C 61.12120 34.83470 -2.72402
C 58.15340 35.50280 -2.58046
C 54.81060 35.80310 -2.22267
C 51.64470 36.19420 -2.09171
C 60.15750 38.16320 -2.34130
C 56.83610 38.28570 -2.32353
C 53.59090 38.66460 -2.16662
C 50.22280 39.02530 -2.09650
C 58.83730 41.03360 -2.22247
C 55.60320 41.31880 -2.10784
C 52.47680 41.37900 -2.30407
C 54.23440 44.19560 -2.00756
C 53.46750 24.52940 -2.51222
C 71.96440 35.33250 -2.34461
C 70.31600 37.98040 -2.01698
C 72.00400 40.61990 -1.96714
C 68.61760 40.65380 -1.98099
C 70.35140 43.31180 -2.21951
C 67.13940 43.31710 -2.24290
C 72.29520 46.14480 -2.29390
C 68.69490 46.19070 -2.47537
C 65.63740 46.21250 -2.34541
H 64.34190 24.44910 -1.06841
H 61.32800 24.28870 -0.80943
H 71.22730 28.47340 -1.49982
H 64.62180 27.61700 -0.94555
H 69.02560 30.67600 -2.56339
H 66.00790 30.29140 -1.82846
H 58.34770 24.85740 -1.05701
H 55.25020 25.28920 -1.01283
H 60.58600 27.40060 -0.95102
H 54.10540 28.35400 -1.15119
H 51.14210 28.80490 -0.02035
H 62.55320 30.14760 -1.07410
H 49.83960 31.61160 -0.32271
H 64.16200 32.75500 -1.21558
H 63.07970 35.61030 -1.47116
H 61.78710 38.79430 -0.57935
H 48.69190 39.90710 -0.60802
H 60.53380 41.64090 -0.56785
H 50.79470 42.62800 -0.95733
H 59.21780 44.63120 -0.27138
H 55.95000 44.84270 -0.38999
H 52.65360 45.11300 -0.29180
H 52.13990 25.99860 -1.14902
H 49.57310 27.44250 -2.29050
H 71.93890 33.14030 -1.09122
H 68.75250 33.37510 -0.75357
H 66.42350 34.46150 -2.56678
H 67.28100 36.08630 -0.11189
H 65.53940 38.78420 -0.38507
H 63.84310 41.35820 -0.53297
H 62.41290 44.11930 -0.40802
H 47.72740 44.36420 -1.35038
H 72.41050 23.14380 -0.69239
H 70.30510 25.46200 -1.11520
H 67.26770 24.82750 -1.15231
H 68.05820 27.76880 -1.36688
H 57.35490 27.76100 -1.25270
H 59.40720 30.37770 -1.06909
H 56.17400 30.85410 -0.97276
H 52.99200 31.31380 -0.61184
H 61.09260 33.02870 -1.13896
H 57.94050 33.56260 -1.05963
H 54.85440 33.86340 -0.71828
H 51.58220 34.29310 -0.44415
H 59.91370 36.13520 -0.99439
H 56.71440 36.40170 -0.73929
H 53.42670 36.83440 -0.48040
H 50.16460 37.06910 -0.47748
H 58.52400 39.04520 -0.70537
H 55.28440 39.38410 -0.71448
H 52.04670 39.73950 -0.53964
H 57.31150 42.01270 -0.52825
H 53.93250 42.26590 -0.50964
H 49.58640 24.49380 -1.08804
H 70.41080 36.02050 -0.54431
H 71.98990 38.71670 -0.38621
H 68.72730 38.83460 -0.35173
H 70.27270 41.57560 -0.40574
H 67.02220 41.59870 -0.41654
H 71.99210 44.29180 -0.68278
H 68.72220 44.39740 -0.81215
H 65.57550 44.37080 -0.68909
C 72.95520 28.45210 0.29492
C 62.63690 26.79870 0.43426
C 70.94870 30.78370 -1.02932
C 68.04690 29.80950 -0.44420
C 64.62330 29.72450 0.17604
C 58.80710 26.78560 0.52881
C 55.69300 27.17850 0.51708
C 52.86320 27.32290 0.74807
C 60.89920 29.32910 0.56273
C 51.42140 30.57530 1.28466
C 62.62580 32.06310 0.54632
C 65.17220 34.83070 -0.32139
C 63.61890 37.42340 0.27080
C 62.16840 40.62010 1.04990
C 48.59930 42.32920 0.02002
C 60.60020 43.49440 1.16693
C 57.48100 43.75430 1.27301
C 51.01840 44.21220 0.97117
C 56.64790 46.82840 -0.01225
C 53.01610 46.94910 1.20883
C 50.12830 26.53980 -0.03093
C 70.22050 31.99020 0.54410
C 66.55400 32.48420 -0.85454
C 69.05410 34.88660 1.15890
C 67.16790 37.75080 1.23207
C 65.52130 40.43710 1.14778
C 64.00950 43.38360 0.97851
C 62.68200 46.04860 1.05988
C 49.46890 46.09950 -0.70905
C 71.90000 25.08200 0.71260
C 68.92300 24.34290 0.49833
C 65.99400 23.77130 0.56172
C 70.05850 27.59330 0.11888
C 66.65240 26.72670 0.26190
C 57.56180 29.65260 0.42823
C 54.58950 29.88940 0.61346
C 59.35180 32.34760 0.43111
C 56.42760 32.61510 0.67591
C 53.22760 33.12690 0.98483
C 50.06280 33.45680 1.29943
C 61.70020 34.96240 0.34344
C 58.51030 35.30330 0.61786
C 55.01080 35.68620 0.92395
C 51.67850 36.20270 1.15439
C 60.27550 37.92750 0.74223
C 56.75970 38.21780 0.92571
C 53.63280 38.77350 1.01273
C 50.42220 39.06960 1.09153
C 58.88550 40.83070 0.98570
C 55.43700 41.20170 0.97755
C 52.14540 41.73130 0.91135
C 54.24550 44.03640 1.19360
C 53.49850 24.83680 0.47149
C 72.02320 34.60600 0.79138
C 70.32790 37.82130 1.15004
C 71.91580 40.62200 1.12958
C 68.62300 40.53470 1.17297
C 70.25170 43.65540 0.95836
C 67.20780 43.64030 0.93943
C 71.89070 46.20570 0.91966
C 68.84710 46.30500 0.81501
C 65.43750 46.32310 0.78569
C 52.13610 60.95570 -1.94611
C 49.55580 61.36530 -1.51198
C 58.58000 65.23150 -1.44443
C 55.39350 64.59110 -1.53701
C 48.99460 64.56300 -2.30236
C 59.63680 68.34380 -1.05375
C 64.12020 72.00370 -0.78180
C 60.87070 71.23970 -0.63063
C 66.55150 49.44350 -1.61326
C 63.07860 49.03650 -2.25512
C 72.23290 51.11740 -3.21697
C 69.52830 53.01790 -2.21773
C 72.78000 55.02290 -3.06058
C 73.08750 68.81330 -1.05124
C 51.15530 48.49510 -2.33760
C 51.67640 51.59730 -1.28768
C 50.72880 54.78730 -1.66830
C 50.31810 57.98490 -1.64642
C 59.97480 47.71200 -1.94143
C 63.85910 52.30180 -1.99598
C 60.81810 50.99350 -2.14708
C 57.43430 50.25830 -2.19679
C 69.19120 56.54220 -2.18477
C 67.12630 54.08510 -0.11725
C 64.45810 55.07260 -1.68407
C 55.04100 52.70210 -2.00597
C 72.28560 59.48740 -1.07112
C 52.77980 54.93490 -1.73846
C 56.99770 58.98290 -2.06895
C 53.67920 58.29270 -1.87704
C 61.25950 62.74740 -1.84756
C 58.14310 62.03520 -2.07528
C 71.27300 67.79940 -1.21709
C 61.78570 65.79900 -1.47938
C 69.69890 70.55370 -0.22358
C 66.13570 69.51960 -1.12477
C 62.79570 68.94740 -1.03348
C 52.04530 63.91130 -1.45673
C 56.58590 67.65380 -1.19125
C 53.46390 67.36830 -1.36947
C 50.31130 67.10380 -1.47480
C 57.71710 70.84750 -0.68088
C 54.74480 70.36230 -0.77056
C 51.59350 70.10460 -1.00909
C 70.39920 48.88580 -2.60451
C 48.33520 49.63170 -2.10893
C 48.22670 52.75480 -1.76129
C 54.40600 49.53720 -2.23876
C 61.36060 54.29700 -1.92583
C 58.35280 53.46200 -2.10241
C 68.53910 58.42510 -1.46170
C 65.43980 57.90380 -1.49115
C 62.40770 57.31530 -1.78540
C 59.10480 56.43870 -1.97605
C 55.74600 55.89700 -2.06290
C 69.79600 61.60430 -1.62344
C 66.44780 60.77180 -1.62464
C 63.37200 60.23250 -1.66558
C 60.34270 59.61340 -1.88706
C 70.41790 64.83460 -1.62360
C 67.30190 64.07060 -1.72203
C 64.20820 63.40180 -1.63742
C 68.28870 67.33440 -1.31329
C 65.17040 66.44630 -1.43160
H 71.52600 56.10660 -1.06511
H 54.01560 62.47730 -1.05234
H 51.31200 62.07250 0.06446
H 48.32850 62.69870 0.34207
H 60.12640 66.27650 0.26627
H 56.83240 65.53850 0.36602
H 61.15700 69.21040 0.76293
H 54.44750 47.85600 -0.77685
H 63.81480 47.02500 -0.94585
H 68.99220 49.87180 -0.70987
H 64.39350 50.15820 -0.80430
H 71.80950 52.79760 -2.17276
H 50.33530 49.68300 -0.27354
H 50.02790 53.04330 -0.19289
H 49.58840 56.27500 0.02660
H 49.10230 59.47890 0.00033
H 61.29000 49.15890 -0.43240
H 58.00140 48.46300 -0.56175
H 64.83680 53.25610 0.13322
H 61.93680 52.32570 -0.49315
H 55.74830 50.83420 -0.42744
H 68.85770 56.77520 0.42970
H 65.74880 56.13190 0.16445
H 53.27300 53.20980 -0.33532
H 70.06070 59.64900 0.13149
H 54.13770 56.40300 -0.19334
H 70.86550 62.83090 -0.18915
H 55.27370 59.67240 -0.19767
H 52.16080 59.12300 -0.42057
H 71.76280 65.81240 0.36829
H 59.41350 63.19290 -0.33883
H 56.59930 62.45410 -0.91391
H 69.66340 68.26280 0.60992
H 63.31270 66.83720 0.13404
H 67.35330 70.58610 0.90383
H 64.37030 69.89940 0.54246
H 53.55010 65.29040 -0.11608
H 50.26360 65.04690 -0.14961
H 57.99590 68.74240 0.66077
H 54.86180 68.18350 0.46191
H 51.76000 68.02670 0.29078
H 56.08480 71.31510 1.04971
H 53.00600 70.81460 0.84512
H 49.80060 70.36070 0.68587
H 70.47360 47.06440 -0.90912
H 67.21600 47.20810 -0.72784
H 72.11880 49.71830 -1.06362
H 58.91550 51.51210 -0.67565
H 62.64010 55.47810 -0.20319
H 59.54080 54.60890 -0.33357
H 56.45030 53.95730 -0.53858
H 66.77890 59.11010 0.20972
H 63.58780 58.44980 0.01289
H 60.47700 57.70310 -0.32850
H 57.26770 57.06050 -0.48255
H 67.73850 62.20220 -0.22880
H 64.63450 61.58490 -0.05071
H 61.54040 60.94930 -0.21460
H 58.46090 60.08930 -0.44226
H 68.59040 65.28930 -0.02302
H 65.55720 64.54380 0.03201
H 62.43120 63.92160 0.00688
H 66.51350 67.53790 0.37471
C 53.37280 60.92440 0.83830
C 49.86470 61.12790 1.74933
C 58.81240 64.67580 1.60509
C 55.20940 63.69430 0.81278
C 48.02760 65.12160 0.87658
C 59.66100 67.78130 2.23844
C 64.18210 71.57460 2.38084
C 60.96760 70.94280 2.51929
C 66.69980 49.48980 0.13109
C 63.30620 48.68670 0.89112
C 71.73200 51.90890 0.12063
C 69.50030 52.11760 -0.15427
C 73.56660 54.47130 -1.37185
C 72.84510 69.05320 2.20569
C 51.21940 48.03010 1.29200
C 51.83030 51.48370 0.62312
C 50.75250 54.68450 1.51765
C 50.65740 58.04790 1.29880
C 60.02390 47.06090 0.04065
C 63.85270 51.83290 1.10229
C 60.67530 50.76840 1.01292
C 57.67320 49.99830 1.02941
C 70.89150 55.14280 0.62454
C 67.51510 54.98860 1.52701
C 64.19190 55.00300 1.68774
C 55.07030 52.70920 1.13267
C 71.66520 59.04170 2.12864
C 52.75640 54.85280 1.35148
C 56.90920 58.95150 1.19948
C 53.73710 57.95570 1.21988
C 60.98140 62.61020 1.45923
C 57.97060 61.88870 1.14033
C 71.42990 67.63470 2.25110
C 61.88250 65.57440 1.74323
C 69.82800 70.55760 1.59079
C 66.30140 69.37960 2.04366
C 63.09530 68.43560 2.07050
C 51.91830 64.10870 1.35422
C 56.59250 67.15360 2.04323
C 53.27760 66.81360 1.80403
C 50.26790 66.68510 1.74274
C 57.76220 70.39200 2.52939
C 54.59480 69.81630 2.29953
C 51.33410 69.61850 2.17490
C 70.41670 49.03650 0.63018
C 48.32430 49.33760 1.35745
C 48.32100 52.65930 1.57759
C 54.52850 49.73990 1.09662
C 61.32730 53.99280 1.21029
C 58.18120 53.12860 1.05937
C 68.50710 58.27440 1.87422
C 65.24190 57.95100 1.74415
C 62.12270 57.17500 1.45327
C 59.04590 56.39480 1.22350
C 56.06080 55.67760 1.23947
C 69.46060 61.49280 1.51209
C 66.37660 61.00300 1.55967
C 63.15730 60.27350 1.46758
C 60.13690 59.53370 1.23247
C 70.48130 64.65950 1.56782
C 67.33100 63.89640 1.53294
C 64.16150 63.33440 1.63098
C 68.31210 66.81580 1.92148
C 65.07750 66.22210 1.78241
C 70.40260 87.08760 -1.73867
C 68.40190 87.60040 -1.08425
C 65.01350 87.96430 0.30811
C 61.77330 89.19880 0.74129
C 61.10030 91.87710 0.30492
C 57.93260 92.11120 1.40079
C 57.01030 95.76920 0.57759
C 48.81550 75.87220 0.86904
C 51.07190 78.14350 2.23092
C 55.07770 80.69230 1.37493
C 60.35800 84.99580 1.26251
C 48.96060 90.64140 2.71220
C 59.51220 87.20740 1.35171
C 56.69570 88.59520 2.02135
C 51.76480 91.74060 2.86297
C 58.49750 91.07870 3.21868
C 54.24220 94.41230 2.12399
C 65.19160 75.19660 -0.35795
C 48.88530 72.57950 0.24309
C 62.97080 77.07410 -0.07718
C 53.44830 75.86150 0.47447
C 50.50620 75.37950 0.49361
C 64.10520 79.89120 -0.09460
C 61.14940 79.70930 0.39830
C 57.87140 79.17220 0.79498
C 54.01150 79.01930 1.27006
C 65.70920 82.96650 0.30973
C 62.21220 82.61450 0.60781
C 62.73180 85.93500 1.32248
C 72.65960 72.31490 -1.11299
C 70.00990 73.94150 -1.12889
C 69.38320 77.49080 -0.74135
C 67.06020 75.21740 -1.34170
C 69.91460 80.69810 -1.31319
C 69.61060 84.03710 -0.80641
C 70.31920 90.07510 -1.34039
C 67.07760 90.71710 -0.90371
C 63.99560 91.25440 -0.21980
C 69.49180 93.20080 -1.25272
C 66.28510 93.70470 -0.84250
C 63.11730 94.51990 -0.32469
C 60.16910 95.19800 0.05191
C 71.60290 95.53250 -1.45364
C 48.65350 80.18370 2.00890
C 51.91570 81.64940 2.58148
C 48.77630 83.38530 2.00124
C 58.46240 82.15590 1.85400
C 54.85960 83.51640 1.83413
C 51.59730 85.21280 2.12312
C 48.75630 86.85570 2.06297
C 57.26450 85.56440 1.85799
C 54.40620 86.83450 2.10344
C 51.60880 88.39680 2.36591
C 54.29480 89.96960 2.53492
C 62.03890 74.30910 -0.31131
C 58.66200 73.93400 -0.17205
C 55.70340 73.34770 -0.19568
C 52.58410 72.92150 -0.30447
C 59.93860 76.71530 0.17321
C 56.80410 76.26460 0.21334
C 72.57430 75.56280 -1.13171
H 48.93820 94.76550 3.45549
H 68.33050 85.78060 0.68782
H 61.58220 87.64060 2.54301
H 70.19590 88.39100 0.38026
H 67.16420 88.89050 0.71742
H 63.90550 89.70310 1.75117
H 60.87900 90.75290 2.56792
H 59.91750 93.66050 1.73466
H 56.75060 94.32500 2.20720
H 50.43850 80.03040 3.69749
H 54.24520 81.80310 3.45367
H 60.62580 82.92950 2.60198
H 56.97170 83.50700 3.20477
H 59.23910 85.72650 3.27838
H 58.83320 88.59950 3.30439
H 56.32790 90.06800 3.91537
H 53.55200 91.41380 4.45639
H 49.82490 92.29610 4.43334
H 65.40640 72.92650 0.58595
H 62.29250 72.27660 0.98551
H 63.44430 75.22300 1.41928
H 50.94240 73.19980 1.39178
H 64.73010 77.99770 1.67185
H 55.08850 76.79700 2.06062
H 51.95220 75.96100 2.49023
H 66.02750 80.73380 1.48230
H 62.87110 80.57420 1.93426
H 59.61150 80.09560 2.24153
H 56.98590 80.41740 2.74195
H 63.77150 83.73050 1.95366
H 70.93870 72.47790 0.64538
H 68.13830 73.86430 0.70926
H 67.16450 76.81920 0.22934
H 68.20170 79.60420 0.06801
H 71.36780 85.57020 -0.18973
H 68.22540 82.65360 0.75257
H 52.17470 94.20340 3.50230
H 69.05780 91.41960 0.35344
H 66.03830 92.01770 0.94430
H 63.06080 92.84640 1.40948
H 71.30590 93.82250 0.21840
H 68.23380 94.46210 0.48931
H 65.16660 95.11220 0.87992
H 62.13550 95.95420 1.43266
H 50.63090 83.50300 3.64365
H 53.67870 85.01020 3.49459
H 50.59650 86.70350 3.85658
H 56.35230 86.85400 3.71238
H 53.42560 88.17440 4.00105
H 50.79130 89.80460 4.12493
H 59.13980 71.80970 1.05918
H 60.36250 74.77790 1.37474
H 57.06800 74.27740 1.59729
H 54.05560 73.68700 1.56823
H 61.53220 77.72230 1.77679
H 58.28250 77.19050 2.00022
H 70.79300 75.78360 0.30918
H 70.98790 79.15090 0.28038
H 71.18450 82.37680 0.10246
C 71.89930 87.12940 1.61204
C 68.64390 87.28940 1.98213
C 65.27800 87.89310 2.13661
C 62.61580 89.35800 3.91024
C 61.55670 92.54790 3.47799
C 55.62900 93.63170 5.84846
C 57.63600 96.14960 3.67134
C 48.69070 76.91880 4.13496
C 51.07580 77.65760 4.12265
C 55.48740 79.94120 4.58907
C 60.85130 84.23070 4.50857
C 48.60050 90.24770 5.09320
C 60.46980 87.36700 4.66806
C 57.45530 88.36240 5.32848
C 51.56800 91.25410 5.92972
C 55.71770 92.47810 3.94596
C 53.45860 93.55880 5.73247
C 65.33670 74.44740 2.64937
C 48.85190 72.10720 2.10823
C 63.41580 76.92440 3.23667
C 53.85450 75.06120 3.64016
C 50.58160 74.56430 3.51089
C 65.11760 80.16740 3.13142
C 61.49480 79.39140 3.58010
C 58.39670 78.76330 3.89970
C 54.45870 78.11580 4.26639
C 66.30770 83.25610 2.15210
C 62.77290 82.29710 3.75256
C 63.14230 85.83690 3.16744
C 72.53440 72.42000 2.06306
C 69.74950 74.19440 2.03733
C 69.34310 77.64400 1.23194
C 67.05820 75.49870 2.42403
C 69.85030 80.92540 1.59206
C 70.10460 84.15960 1.46914
C 70.58880 90.24500 1.90935
C 67.51640 90.43110 2.12501
C 64.55040 91.50320 2.89442
C 69.67180 93.20750 1.92685
C 66.73270 93.90560 2.34984
C 63.60840 94.78290 2.83936
C 60.56160 95.58200 3.29357
C 71.90740 95.59330 1.78791
C 49.08630 80.31360 5.33111
C 52.12540 81.77830 4.57869
C 49.04130 83.57050 5.25023
C 58.68100 81.87580 3.65816
C 55.04760 83.23030 4.81886
C 51.81910 85.04530 5.19124
C 48.55720 86.90190 5.18122
C 57.51040 84.95190 4.91811
C 54.54780 86.41430 5.34331
C 51.63730 88.16960 5.69383
C 54.57460 89.65070 5.65439
C 62.12520 73.95830 2.82469
C 58.96920 73.45830 2.86787
C 55.80180 72.75640 2.99820
C 52.65140 72.17600 2.84145
C 60.27790 76.20450 3.22759
C 56.90580 75.78090 3.54526
C 72.62900 75.65990 1.98021
C 89.34630 2.79469 -3.22348
C 93.35750 5.83294 -2.52686
C 89.47700 5.52586 -1.35540
C 94.82410 8.73244 -2.71337
C 82.31230 0.85541 -3.03005
C 79.00670 1.63591 -2.49409
C 78.58160 4.84667 -1.80613
C 75.45290 5.92454 -1.27823
C 74.02510 9.43911 -0.23421
C 73.00220 11.15540 -3.34112
C 73.77480 14.55870 -2.53227
C 75.68110 16.80700 -1.34144
C 76.78700 20.41310 -1.66834
C 86.08290 2.81518 -2.09185
C 82.81990 3.78573 -1.29045
C 81.35180 6.39531 -2.78960
C 85.62570 6.42188 -2.60726
C 79.82960 9.14396 -2.61012
C 76.72170 9.96163 -2.34763
C 91.12780 8.01246 -2.57301
C 88.10670 8.64101 -2.46949
C 76.39980 13.06510 -2.07427
C 94.68820 10.27460 -1.36592
C 78.63820 15.22360 -1.97446
C 0.33984 12.41010 -1.82900
C 80.81280 17.62850 -1.81059
C -1.22823 15.32420 -0.80761
C 80.69190 20.67540 -2.41250
C 95.04220 18.69540 -0.31990
C 92.16060 19.55400 -0.14458
C 89.32730 20.60870 -0.83826
C 86.10240 21.88810 -0.41421
C 0.13864 21.00610 -0.25332
C 95.03930 23.20350 -0.68352
C 0.25728 0.71247 -2.79080
C 94.33390 0.38906 -3.19248
C 91.18840 0.19867 -3.36912
C 87.55750 0.07370 -3.35690
C 95.69470 3.34440 -2.70533
C 92.47530 2.97635 -2.91280
C -0.50005 6.05814 -2.33154
C 79.99740 96.23490 -2.66023
C 76.73980 -0.71105 -2.12384
C 73.81040 0.18307 -1.72360
C 76.05640 2.58770 -1.93631
C 73.00300 3.47801 -1.42802
C 73.25280 19.49350 -2.08001
C 74.38900 22.59960 -2.02860
C 82.68860 7.81441 -2.36515
C 85.30410 9.68300 -2.29802
C 82.31520 11.22460 -2.34538
C 79.29750 12.27010 -2.24874
C 90.48380 11.11590 -2.69104
C 87.60080 12.03430 -2.29636
C 84.77350 13.14150 -2.23197
C 81.64420 14.37400 -2.13236
C 93.20160 13.40760 -2.27450
C 90.13800 14.48050 -1.89824
C 87.21040 15.23490 -1.91067
C 84.11420 16.42820 -2.03144
C 92.59470 16.55950 -1.29124
C 89.61770 17.59230 -1.13170
C 86.59920 18.72600 -1.30167
C 83.74640 19.85610 -1.82833
H 89.32360 0.80874 -1.83570
H 90.70870 3.45550 -1.29106
H 87.82430 3.69128 -1.48169
H 95.06450 6.86430 -1.09361
H 91.72540 6.35252 -0.66507
H 85.06870 95.97150 -1.84523
H 84.05380 1.57821 -1.50135
H 81.06690 2.08133 -1.04221
H 78.06560 2.81431 -0.51401
H 77.52820 5.73903 0.32793
H 73.71940 6.89838 0.37161
H 75.08670 14.56240 -0.53767
H 76.84390 18.55960 0.08685
H 77.58460 21.65140 0.34604
H 84.99410 4.81622 -1.02894
H 82.14850 6.17125 -0.51894
H 79.27920 7.30518 -1.51695
H 87.70890 7.09693 -1.16473
H 75.57940 11.42150 -0.53304
H 90.13490 9.20773 -1.03393
H 78.13760 13.40290 -0.39956
H -0.47369 10.33280 -0.33056
H 92.44070 11.55590 -1.73174
H 77.55920 16.03410 0.07241
H 79.23510 19.75820 -1.44571
H 94.40230 16.43290 0.45018
H 82.14790 20.83260 -0.30801
H 80.02740 22.81910 -1.02598
H 93.72700 19.02690 1.85283
H 91.00090 20.52000 1.23948
H 88.38680 21.96860 0.75635
H -0.85225 18.23220 1.66068
H 95.29490 21.05560 0.57074
H 95.80300 1.28866 -1.43214
H 92.60620 1.01541 -1.54173
H -0.37264 4.13833 -0.79176
H 93.92600 3.86035 -1.07542
H 73.53630 96.06550 -0.01191
H 82.04330 -0.93964 -1.30598
H 78.80230 -0.15547 -0.82381
H 75.80980 0.74892 -0.34829
H 72.73960 1.59616 -0.00410
H 75.03770 3.87581 -0.05753
H 73.41440 17.47470 -0.77170
H 74.62430 20.76130 -0.40099
H 76.25470 8.33817 -1.00782
H 84.70200 7.99740 -0.87866
H 81.65560 9.34082 -0.89987
H 78.64280 10.40540 -0.82210
H 87.21090 10.18860 -0.72760
H 84.17250 11.28770 -0.77554
H 81.16030 12.52580 -0.65884
H 89.41730 12.41160 -0.80494
H 86.47340 13.37580 -0.54466
H 83.56260 14.50240 -0.58290
H 80.42090 15.61500 -0.35757
H 91.80620 14.43410 -0.32374
H 88.80040 15.54730 -0.10779
H 85.91170 16.60850 -0.27143
H 82.82420 17.69110 -0.83341
H 91.23340 17.40120 0.68159
H 88.24940 18.76820 0.58054
H 85.05130 19.70850 0.36627
C 89.08050 2.32137 0.14862
C 93.62530 5.60646 0.65976
C 90.15410 5.18522 0.42706
C 94.33250 8.68902 0.43672
C 83.07390 0.84107 0.16035
C 79.87590 1.55759 0.64097
C 77.88500 3.68850 1.77720
C 75.33690 5.56981 1.73893
C 74.11280 8.83766 1.86443
C 71.13300 9.67005 1.45922
C 73.43760 12.71870 -0.51682
C 75.26180 16.66300 0.66873
C 75.97230 20.21700 1.66997
C 85.89230 2.73971 -0.10365
C 83.08990 4.48608 0.67637
C 80.05400 6.19943 0.72776
C 85.90660 6.50163 0.62357
C 79.81420 8.80100 0.55028
C 76.99800 9.96121 0.95343
C 91.49130 8.05731 0.79323
C 88.52920 8.66550 0.70913
C 76.23030 13.14130 1.12417
C 95.91680 9.17097 1.68154
C 79.08480 14.70620 1.44413
C 0.64530 11.58980 1.59683
C 79.27470 17.79130 0.10647
C 96.03950 14.54160 1.07148
C 79.90310 20.95010 0.72945
C 94.77610 16.97080 2.90585
C 91.49300 18.55720 2.89091
C 88.79010 20.21890 2.53391
C 85.97080 21.73400 1.39802
C 95.74970 20.18240 2.90169
C 94.27530 22.73220 2.27305
C -0.23632 0.24363 0.32129
C 94.20380 0.06873 0.03787
C 90.86570 -0.19262 -0.21643
C 86.99430 -0.02295 -1.40903
C 95.63060 2.93239 0.50543
C 92.36660 2.63797 0.31179
C -0.74192 5.96706 0.80295
C 80.54130 96.06810 0.32714
C 77.33590 -0.55971 1.08884
C 74.28590 0.34027 1.46961
C 76.48460 2.54171 1.32847
C 73.34680 3.34541 1.59891
C 73.26760 19.27210 0.93377
C 73.87920 22.50480 1.17013
C 82.82800 7.98567 0.81501
C 85.35410 9.77541 0.80358
C 82.30050 10.97600 0.78735
C 79.42320 11.92270 0.95395
C 90.98940 11.07260 0.38728
C 87.72800 11.91150 0.92682
C 84.61030 12.96050 0.98278
C 81.77010 14.13790 1.04088
C 92.65120 12.38300 0.75337
C 89.78990 13.97820 1.09338
C 86.89460 15.00140 1.29194
C 83.85160 16.32370 1.03811
C 92.37310 15.60640 1.78815
C 89.07460 16.97790 1.84875
C 86.07250 18.13930 1.68819
C 82.87490 19.13090 1.30905
C 81.83080 48.66290 -1.80685
C 91.12340 45.84250 -2.33094
C -0.02207 47.26220 -3.62002
C 84.94010 25.16750 -1.07592
C 80.77420 25.00950 0.05424
C 89.78770 26.99770 -0.63106
C 86.56990 27.73810 -1.06615
C 80.15400 28.59900 -1.06384
C 88.56700 29.95700 -0.86172
C 78.78960 31.65300 -1.44459
C 90.81310 32.37220 -0.70877
C 77.92330 34.85260 -1.74960
C 92.65480 34.53490 -0.53356
C 80.02080 37.31060 -1.82609
C 94.38220 36.90130 -0.85149
C 82.09240 39.90780 -1.73942
C 84.24350 42.16250 -1.53296
C 95.84950 42.18990 -1.77333
C 92.61980 42.98140 -1.78012
C 89.13420 43.92130 -1.50554
C 85.95390 44.67440 -1.18658
C 83.16640 45.47490 -1.14906
C 95.16780 45.30710 -2.06944
C 77.61370 23.42080 -1.36995
C 78.21130 26.24630 -1.25324
C 76.73100 29.19760 -1.32806
C 74.55430 32.02980 -3.59730
C 74.84230 35.54650 -2.87367
C 76.70530 37.82960 -1.85006
C 78.62800 40.53420 -1.79555
C 80.52250 43.19360 -1.35235
C 79.07940 46.53690 -0.77307
C 82.57070 22.99990 -1.46865
C 87.71420 24.41990 0.62330
C 92.74320 25.85520 0.27937
C 89.29130 25.04260 -0.98747
C 91.92760 29.24330 -0.36523
C 93.86310 31.68280 -0.30913
C 95.85510 34.08400 -0.40987
C 83.45410 28.00810 -1.57120
C 85.32230 30.55890 -1.23026
C 82.12330 31.09780 -1.51973
C 87.39460 33.05770 -1.01688
C 84.33450 33.59610 -1.42701
C 81.17900 34.12190 -1.64485
C 89.61380 35.23450 -0.88040
C 86.34760 35.98440 -1.22485
C 83.28340 36.66920 -1.67974
C 91.45650 37.75070 -0.89971
C 88.49620 38.28440 -1.17031
C 85.26200 39.11450 -1.46986
C -0.49450 39.32180 -1.33979
C 93.57550 39.96460 -1.17055
C 90.36420 40.81420 -1.23820
C 87.30940 41.53280 -1.40836
C 75.36710 25.52530 -2.03462
C 73.64210 38.02980 -1.95923
C 75.40030 40.58300 -1.91713
C 76.97190 43.42750 -1.94339
C 73.80430 43.36160 -2.08177
C 75.73280 46.31350 -1.67697
C -0.73520 25.83770 0.12640
C 95.01960 28.55190 -0.08473
C -0.28359 31.12150 -0.08679
H 84.11360 47.88680 -1.00346
H 93.29900 46.51830 -1.27495
H 86.09890 25.81030 0.47976
H 82.92030 26.25500 0.27520
H 88.08680 28.22570 0.77387
H 81.81080 29.30810 -0.20309
H 78.51240 30.02840 0.41037
H 90.25000 30.53080 0.82794
H 79.72120 35.45210 -0.19285
H 94.34450 35.41200 1.07271
H 81.75300 37.94120 -0.26247
H 96.29860 37.73950 0.43428
H 83.76750 40.32610 0.08568
H 95.48190 40.67400 0.19932
H 82.77400 43.42050 -0.17225
H 94.44350 43.71020 -0.34718
H 91.26150 44.36520 -0.32847
H 88.03370 45.14300 0.06899
H 84.82510 45.61200 1.00125
H 78.35790 24.62840 0.70869
H 76.34360 27.05240 -0.31213
H 74.17740 29.36830 -1.19478
H 75.60750 33.88680 -2.11231
H 76.58390 36.11010 -0.13838
H 78.48610 38.55880 -0.29574
H 80.58580 40.89570 -0.25267
H 78.46120 44.23680 -0.52794
H 84.16230 23.19660 0.43068
H 93.11530 23.40810 1.12718
H 91.25030 27.56100 1.32392
H 93.51820 29.94290 1.42878
H 95.55600 32.32870 1.33710
H 84.85580 28.79650 0.36837
H 86.93460 31.19630 0.51533
H 83.75260 31.79490 0.21626
H 80.64020 32.37570 0.06592
H 77.52550 33.17930 0.24410
H 92.27170 32.88480 1.23169
H 89.12970 33.46770 0.71882
H 85.82480 34.22240 0.42198
H 82.83470 34.90740 -0.01705
H 91.20100 36.05560 0.80214
H 88.02690 36.60430 0.41121
H 84.84760 37.30760 0.10479
H 93.23130 38.42070 0.72791
H 90.13720 39.11730 0.55588
H 86.97050 39.68400 0.19215
H 92.27240 41.51900 0.20606
H 89.04400 42.15330 0.28900
H 85.92410 42.71300 0.23083
H 75.46430 23.86600 -0.23599
H 73.29400 26.25170 -0.94402
H 73.61950 35.93190 -0.61464
H 75.11700 38.80480 -0.15989
H 76.89330 41.44240 -0.22595
H 73.63860 41.51190 -0.42723
H 75.18370 44.26140 -0.32906
H -1.15295 23.91790 1.37941
H 94.76490 26.87860 1.36765
H -0.73408 29.41720 1.61820
C 82.91410 47.29920 1.35081
C 91.89460 46.40360 0.80897
C 96.18190 49.34600 -0.35809
C 84.34020 25.02270 2.12753
C 80.41070 24.39640 2.09262
C 89.16610 26.64220 2.32011
C 86.14440 27.63000 2.15380
C 79.19950 28.09720 1.84758
C 88.25450 30.09980 2.26917
C 78.91440 31.56390 1.80490
C 90.28260 32.28970 2.53826
C 77.95350 34.93680 1.57898
C 92.44290 34.89620 2.59904
C 79.92020 37.38520 1.31108
C 94.78380 37.46840 2.33723
C 81.97630 39.63730 1.52422
C 83.99700 42.33160 1.68473
C 95.88800 42.53540 1.30992
C 92.91780 43.62030 1.36712
C 89.70360 44.18610 1.58230
C 86.46260 44.46110 1.94793
C 83.29190 44.12830 2.28929
C -1.16920 45.36560 -0.39134
C 76.69960 23.41830 1.87929
C 77.52430 26.71580 1.86112
C 76.14940 29.58620 0.37977
C 74.01930 31.83740 -1.68762
C 75.10800 34.21800 0.36523
C 76.77250 37.99730 1.39429
C 78.61050 40.50070 1.31031
C 80.48980 43.19440 0.77425
C 78.81760 46.17890 1.16666
C 82.77180 22.25590 1.74315
C 90.64300 23.10330 1.44912
C 92.64370 25.74090 2.24182
C 89.12600 27.46220 4.01118
C 91.43470 29.29170 2.72114
C 93.71270 31.80490 2.92203
C 95.77170 34.30890 2.77341
C 82.86390 27.96240 1.72681
C 85.02170 30.62940 1.96113
C 81.92940 30.95720 1.64500
C 87.06010 33.09010 2.09532
C 83.88520 33.61870 1.81779
C 80.98630 34.22650 1.56602
C 89.36310 35.44320 2.25227
C 86.15370 36.15940 1.88047
C 82.97740 36.74650 1.53743
C 91.51100 37.98530 2.30889
C 88.30210 38.54090 2.01030
C 85.05820 39.09780 1.73960
C 0.22325 39.72410 0.80655
C 93.71100 40.50880 1.92700
C 90.53430 41.07900 1.94758
C 87.26030 41.47140 1.89766
C 74.63840 25.77320 1.05732
C 73.53200 37.49610 1.16858
C 75.11800 40.64700 1.41973
C 76.87560 43.43820 1.26804
C 73.39240 43.37280 1.13270
C 75.10740 46.10450 1.37322
C 96.15880 25.76160 3.10439
C 94.85680 28.65150 3.11293
C -0.47473 31.35740 3.10477
C 87.89520 47.22680 -1.32513
C 85.11670 49.51620 -2.28118
C 82.13130 50.60570 -1.48187
C 79.11160 51.63990 -0.73266
C 76.96120 53.30980 -2.46497
C 93.63030 48.18120 -2.49764
C 76.58370 57.06100 -2.32087
C 73.26480 57.75780 -0.52680
C 76.32880 60.14120 -1.84637
C -1.27603 52.84470 -2.13314
C 93.42960 54.38120 -2.12416
C 90.67260 55.89990 -2.33418
C 87.81210 57.30450 -2.50914
C 76.26530 63.46530 -1.40724
C 87.49760 60.89190 -2.58361
C 85.45820 62.73460 -1.51168
C 78.98070 65.01190 -1.28501
C 83.98610 65.45580 -1.61152
C 81.31320 67.32590 -0.24314
C 84.34730 68.93020 -0.85327
C 77.01550 49.25010 -0.61555
C 75.47760 51.84350 -2.50069
C 81.23830 70.85710 -0.98188
C 78.72410 68.66210 -0.47181
C 75.89560 66.97490 -0.53978
C 73.11040 63.80860 -0.59044
C -1.22931 56.38830 -1.52738
C 93.21840 57.64950 -2.17039
C 92.28160 60.79540 -2.29663
C 91.11320 63.69290 -2.29712
C 90.00150 66.50470 -2.15030
C 86.85660 66.72260 -2.09253
C 88.53830 69.77850 -1.69037
C 90.36720 72.48760 -0.49765
C 90.65170 49.16210 -2.24765
C 87.97800 51.01850 -2.26162
C 85.07920 52.48900 -2.18532
C 82.05770 53.86730 -1.94665
C 79.46620 55.53940 -2.24796
C 93.61040 51.23610 -2.16838
C 90.76780 52.61200 -2.23189
C 87.96410 54.21630 -2.38614
C 84.99130 55.79220 -2.37909
C 82.00670 57.32050 -2.23311
C 79.23230 58.90350 -2.03595
C 85.02420 59.09480 -2.42471
C 82.14740 60.83360 -2.05413
C 79.29410 62.15490 -1.64551
C 81.96300 63.94240 -1.51350
C 74.03150 48.76900 -2.30155
C 75.85360 70.59790 -1.13117
C 95.22440 59.95880 -2.17531
C 0.12217 62.44490 -2.16794
C 94.42120 63.01500 -2.18801
C -0.96890 65.33280 -2.21285
C 93.33540 66.09030 -2.28245
C 95.26520 68.53160 -2.33528
C 92.03420 69.07430 -2.12770
C -0.27658 71.07270 -2.60330
C 93.89960 71.58180 -2.16168
H 81.88070 49.36960 0.78877
H 90.28190 47.49220 -0.69785
H 87.02270 49.46620 -0.54848
H 81.38430 52.44650 0.00326
H 78.64290 53.93680 -0.61510
H 75.81270 55.23520 -1.16399
H 0.02608 47.40650 -1.13860
H 75.44410 58.38230 -0.38852
H 95.43850 51.12780 -0.48011
H 92.50820 52.73830 -0.52286
H 75.43800 61.53950 0.19359
H 92.43310 56.03930 -0.59044
H 89.51670 57.44850 -0.69545
H 87.04680 59.00220 -0.93908
H 75.32150 64.65620 0.17202
H 87.82680 62.00250 -0.81706
H 80.89540 65.14430 0.22168
H 78.01710 66.46600 0.46061
H 86.45640 64.90900 -0.86247
H 83.77140 66.79240 0.07351
H 76.78650 46.97490 0.43226
H 75.25240 50.20890 -0.54815
H 84.80640 71.24700 0.09211
H 82.33010 69.33170 0.55452
H 79.30340 70.73450 0.60411
H 76.54520 69.05950 0.69727
H 73.75440 70.75040 0.41839
H 95.19410 54.37910 -0.37044
H 94.90820 58.18290 -0.47402
H 91.69590 59.06500 -0.66556
H 90.81450 61.92100 -0.49560
H 89.48010 64.55120 -0.42950
H 88.73430 67.53480 -0.49819
H 90.69350 70.06180 -0.33705
H 87.58780 70.41840 0.11574
H 84.25790 51.01270 -0.41294
H 92.55120 49.61200 -0.68314
H 89.82290 50.96760 -0.63680
H 87.02250 52.65310 -0.69183
H 84.10670 54.13350 -0.71702
H 81.21490 55.70240 -0.49969
H 78.45450 57.08090 -0.56913
H 89.79810 54.29160 -0.74716
H 86.92290 55.73200 -0.77395
H 84.12100 57.35640 -0.78017
H 81.29040 58.95810 -0.57779
H 78.33990 60.25350 -0.33577
H 84.21150 60.61660 -0.82314
H 81.11990 62.03750 -0.12851
H 78.17550 63.34810 0.21474
H 83.78080 63.60760 0.06709
H 73.72810 47.09210 -0.50411
H -0.36512 60.55740 -0.62592
H 93.99030 61.31040 -0.52944
H 96.16610 63.58660 -0.48004
H 92.89620 64.26450 -0.65926
H 95.10370 66.68450 -0.66910
H 91.86760 67.15140 -0.59478
H -0.33920 69.24010 -0.78680
H 93.89680 69.65880 -0.59352
H 95.97090 72.28300 -1.12884
C 88.11900 47.48970 0.59989
C 85.09270 49.25900 1.01190
C 82.69200 50.96740 1.51352
C 79.41210 52.06060 1.06202
C 76.61530 53.74000 0.85092
C 93.58430 47.93390 0.72025
C 76.39680 56.92300 0.89123
C 73.07250 57.60400 1.57290
C 76.37600 60.09540 1.33176
C 96.26400 52.73450 1.24781
C 93.50710 54.46010 1.03444
C 90.56900 55.88950 0.97834
C 87.56520 57.40910 0.86248
C 76.18740 63.58140 1.75690
C 89.30490 59.94460 -0.44276
C 85.64820 62.15780 0.57791
C 78.99730 65.10700 1.82528
C 85.15180 65.25180 1.27067
C 81.88610 67.10750 1.50817
C 84.66370 68.90060 1.04310
C 76.88910 49.18710 1.31265
C 75.16000 52.25530 1.11456
C 81.09730 70.57330 2.22366
C 78.74390 68.50850 1.54812
C 75.86270 66.87460 1.49541
C 73.05780 62.19260 0.63517
C -1.03574 56.43080 0.41342
C 93.25740 57.76550 1.01614
C 92.31680 60.72260 1.15976
C 91.20290 63.79180 1.20065
C 90.33170 66.46790 1.16389
C 87.82930 65.88380 1.10384
C 88.97290 69.23080 1.40064
C 90.97170 71.95610 1.30254
C 90.71370 49.28830 0.98864
C 87.87510 50.99490 0.97794
C 85.21830 52.71220 1.00313
C 82.31670 54.12770 1.04917
C 79.30860 55.50010 1.11746
C 93.44230 51.10480 1.07942
C 90.53850 52.68860 0.99108
C 87.97320 54.21280 0.84737
C 85.02020 55.71950 0.86145
C 82.35480 57.29970 0.95622
C 79.43790 58.56120 1.10707
C 85.26250 58.97850 0.77541
C 82.54070 60.38630 1.04819
C 79.32240 61.66550 1.50045
C 81.99390 63.50600 1.71079
C 73.42110 49.12540 0.95458
C 75.77360 70.52830 2.08606
C 95.36480 60.11030 1.09902
C 0.04162 62.21810 1.10804
C 94.29150 63.13770 1.07728
C -0.99223 65.52880 1.01226
C 93.44500 65.94120 0.99230
C 95.51330 68.52870 0.94353
C 92.21980 68.91880 1.10888
C 0.15009 71.25770 0.49699
C 94.46720 71.65250 0.87776
C 96.31620 95.46860 -3.33546
C 93.11290 94.80540 -3.51902
C 89.89580 94.94430 -3.80431
C -0.26001 78.09810 -3.71639
C 93.92110 78.39530 -3.98508
C 89.01040 80.69650 -3.84272
C 87.07720 83.16590 -3.19799
C 86.31040 86.29430 -4.49033
C -0.47685 89.72910 -3.88538
C 93.55720 89.68410 -4.16339
C 86.93020 89.30680 -4.08278
C 91.41750 92.31050 -4.10885
C 73.37710 88.93280 -1.16225
C 83.43600 89.15870 -3.99401
C 78.20240 90.56460 -2.06886
C 84.32340 92.52300 -3.31886
C 86.27510 94.76210 -3.81420
C 82.94520 95.38780 -3.28835
C 89.58440 75.88260 -0.00035
C 86.72670 72.83840 0.70340
C 83.53600 72.45860 -1.10029
C 86.47900 75.82300 -0.88729
C 86.91820 79.10320 -2.31241
C 84.37390 81.47580 -1.68440
C 83.65140 84.30280 -3.59486
C 81.38830 86.31550 -3.01292
C 80.31760 88.84560 -1.45056
C 75.80890 86.66510 -2.29435
C 72.87350 85.16560 -2.03311
C -1.18424 74.36400 -2.54389
C 92.58900 73.37610 -2.50777
C 93.87380 76.28720 -3.99727
C 95.47950 81.13480 -4.12855
C 92.32420 81.17860 -4.30474
C -0.40119 84.08230 -4.14991
C 93.82190 84.13210 -4.31000
C 90.59670 83.72870 -4.31055
C 95.32630 86.81160 -4.14804
C 91.94870 86.80620 -4.29038
C 88.78530 86.47400 -4.22891
C 90.13320 89.48970 -4.03689
C 88.12750 92.08000 -3.83663
C 75.32230 91.39550 -1.56876
C 72.50450 92.50290 -1.46778
C 80.82290 92.70780 -2.77873
C 77.41480 93.72120 -2.15109
C 74.57670 94.66010 -1.65759
C 83.74230 75.00420 -0.49706
C 80.93230 73.98310 -0.73462
C 78.38650 72.40280 -0.97062
C 83.97920 77.97100 -1.49061
C 81.10140 76.65310 -1.12399
C 78.17400 75.45140 -0.93012
C 75.54360 73.99060 -1.14371
C 81.04220 79.81990 -1.63512
C 78.33370 78.55990 -1.32823
C 75.39260 77.18960 -1.12245
C 81.16800 82.91580 -2.35338
C 78.44330 81.68590 -1.78420
C 75.66230 80.32200 -1.49742
C 72.80430 78.94890 -1.33838
C 78.55520 84.96220 -2.16082
C 75.83180 83.69590 -1.91635
C 72.92890 82.06190 -1.61848
H 96.30100 93.34730 -1.71236
H 93.18720 93.13590 -2.27648
H 91.28200 95.76630 -1.95348
H 88.10740 95.51370 -2.31023
H -0.50731 76.71610 -1.50161
H 95.46950 79.40080 -2.34814
H 92.27560 79.47140 -2.39418
H 89.37400 79.44700 -1.56373
H 87.72430 81.34280 -1.83744
H 85.48880 85.02010 -2.69501
H 87.28210 87.47350 -2.50651
H 95.08810 90.47660 -2.07624
H 91.78690 90.42810 -2.54109
H 88.50760 90.12450 -2.34904
H 85.36260 89.82570 -2.44873
H 89.86630 92.95000 -2.29216
H 78.29550 88.99190 0.02670
H 75.28180 89.82110 0.34907
H 72.18190 90.73530 0.12652
H 82.52100 90.88680 -2.83752
H 80.21500 91.21280 -0.88598
H 86.57710 92.79550 -2.41153
H 87.48010 75.11990 1.37956
H 84.64790 73.97570 1.52916
H 87.67670 77.57680 -0.38440
H 85.23170 79.84680 -0.66396
H 82.16190 81.69150 -0.44102
H 82.41390 84.71070 -1.36347
H 82.61540 87.86700 -1.98220
H 79.87810 86.53340 -0.97617
H 76.86560 85.31710 -0.34943
H 74.20910 87.04370 -0.98339
H 92.86530 72.61490 -0.15158
H 1.04990 74.49210 -1.23958
H 94.05960 75.12320 -1.75848
H 90.62720 74.52110 1.03078
H 94.49620 95.99050 -1.73057
H -0.35429 82.21290 -2.57748
H 93.82520 82.24130 -2.77622
H 90.68240 81.96520 -2.65846
H 95.36670 84.91780 -2.52202
H 92.08370 84.85580 -2.81266
H 88.97960 84.65350 -2.77724
H -0.56322 87.74040 -2.44915
H 93.50490 87.75990 -2.66680
H 90.32820 87.48090 -2.59264
H 77.33930 92.06310 -0.34559
H 74.36480 92.94750 0.02051
H 82.85160 93.62830 -1.68317
H 79.65580 94.24670 -1.25995
H 76.60960 95.16050 -0.36113
H 81.86500 72.39560 0.76361
H 84.77260 76.93290 0.59777
H 81.88490 75.55750 0.88574
H 79.09750 73.97510 0.83810
H 76.48380 72.36610 0.52048
H 82.10300 78.54490 0.05992
H 79.27400 77.18490 0.40994
H 76.34590 75.62940 0.62888
H 73.71150 73.96230 0.44116
H 79.32300 80.34550 0.08481
H 76.56570 78.88440 0.32474
H 73.53470 77.34510 0.43187
H 79.58580 83.40000 -0.52183
H 76.65100 82.16520 -0.19831
H 73.88570 80.69690 0.17698
H 74.03500 83.85480 -0.30867
C 96.10110 94.74790 -0.29690
C 92.88100 94.83750 -0.26573
C 89.62460 94.63920 -0.50173
C -0.42317 78.63770 -0.42602
C 93.90520 78.47230 -0.71480
C 89.65790 81.77350 -0.43252
C 87.18920 83.62830 -1.44203
C 84.97160 87.38400 -1.87410
C -0.73017 89.27380 -0.47344
C 93.53890 89.57380 -0.86332
C 86.99690 89.16610 -0.75867
C 91.42620 91.98830 -0.66551
C 73.81670 89.64160 1.76247
C 82.22320 89.90720 -0.59594
C 78.87960 90.77120 1.16153
C 84.45770 91.83240 -1.59199
C 86.74750 94.43020 -0.56535
C 83.83570 95.34670 -0.07920
C 89.56340 74.54300 2.87279
C 86.21040 74.88310 3.32332
C 83.78470 72.13420 2.31796
C 86.79330 77.51950 1.95805
C 87.55900 80.02870 0.19343
C 84.31880 82.15810 0.20334
C 84.52250 84.52370 -0.29320
C 82.10010 86.70000 0.14631
C 79.57190 87.28730 1.37570
C 76.19650 87.52570 0.55457
C 73.50210 85.88830 1.03253
C 96.10660 74.60510 -0.31398
C 93.08170 74.95130 0.69584
C 92.51440 77.09700 -1.46750
C 95.36180 81.39720 -0.98936
C 92.36370 81.15000 -1.09388
C -0.36804 83.99000 -0.86447
C 93.59190 83.95560 -1.14135
C 90.63350 83.84690 -1.17495
C 95.11770 86.79530 -0.92277
C 92.04790 86.59410 -1.08437
C 88.86520 86.36150 -0.99062
C 90.29240 89.24660 -0.93928
C 88.23860 91.89460 -0.74579
C 75.90600 91.93310 1.61025
C 72.69290 92.52810 1.71630
C 81.40690 93.11820 0.22608
C 78.33080 93.92120 0.85955
C 75.06240 94.78920 1.46262
C 83.65230 76.01910 2.52607
C 81.00640 73.92500 2.42901
C 78.27220 72.25400 2.29439
C 84.11920 79.17490 1.38593
C 81.05870 77.54270 2.03581
C 78.17980 75.86010 2.16814
C 75.44340 73.90770 2.17438
C 81.38660 80.44500 1.44499
C 78.36010 78.97590 1.90594
C 75.46800 77.44200 2.02247
C 81.62340 83.73480 0.81136
C 78.56180 82.26780 1.36274
C 75.85890 80.79280 1.65984
C 72.82290 79.22500 1.85640
C 78.82060 85.32430 0.95855
C 75.87460 83.92050 1.36689
C 73.06980 82.55090 1.60334
