2979
Frame 6
C 10.57280 -1.18287 -1.03018
C 11.80600 1.89386 -0.51529
C 9.77755 4.60939 -1.50933
C 8.51569 7.65733 -1.04302
C 6.30051 9.63865 -1.77893
C 2.97257 9.96124 -1.52287
C -0.76556 9.03143 -2.08385
C 21.87200 1.24611 -1.31872
C 20.08000 5.38559 -0.36794
C 22.63860 6.88377 -1.83804
C 22.51310 12.62640 -1.55423
C 17.17610 1.99231 -1.78001
C 14.20730 0.09057 -0.56006
C 17.02610 5.38905 -1.99785
C 20.55230 9.94594 -1.69074
C 17.35850 8.65347 -1.90004
C 11.65500 5.57310 -1.53565
C 20.66460 13.56600 -1.70640
C 12.06360 9.07120 -1.68991
C 20.80310 16.75550 -1.53099
C 9.38179 11.14490 -1.73380
C 20.84640 20.16350 -1.25476
C 9.62630 14.20070 -1.59074
C 6.55300 12.61710 -1.87007
C 21.14350 23.42880 -1.20439
C 12.80600 18.89400 -1.25886
C 9.70252 17.42980 -1.28787
C 12.73420 22.40170 -0.39341
C 18.29330 0.09523 -1.74638
C 3.27078 12.08000 -1.56210
C 4.83440 15.06950 -1.46571
C 1.46315 14.73540 -1.55776
C 6.41000 17.48440 -1.37936
C 0.05131 17.85240 -1.92949
C 7.85989 20.14440 -1.56501
C 9.60546 22.77080 -1.16869
C 7.30994 -1.00007 -1.58728
C 8.55996 1.76550 -1.49754
C 5.31562 1.59137 -1.83811
C 2.09256 1.19896 -2.05356
C 6.58047 4.44355 -1.72654
C 3.33994 4.12035 -1.89259
C 0.17647 3.74219 -1.95029
C 4.59744 7.05256 -1.71350
C 1.52955 6.70360 -1.87427
C 14.40330 3.78668 -1.70467
C 14.48620 7.18161 -1.66181
C 17.79320 11.88530 -1.68416
C 14.86670 10.55880 -1.65454
C 17.90130 15.29800 -1.56712
C 15.15430 13.78750 -1.48019
C 12.32740 12.43430 -1.56060
C 18.14970 18.74670 -1.23463
C 15.39750 17.11210 -1.27058
C 12.58640 15.64470 -1.40636
C 18.21090 21.97250 -1.13518
C 15.50280 20.42960 -1.09546
C 3.22567 17.68370 -1.67536
C 4.86541 20.40320 -1.57562
C 1.78694 20.59450 -1.78248
C 6.52235 23.10220 -1.44595
C 3.41813 23.27690 -1.64606
C 0.23567 23.35710 -1.88304
H 11.91850 -0.21104 0.81452
H 9.75075 2.97445 0.27609
H 8.01181 5.46671 -0.00088
H 6.21253 8.12749 -0.10847
H -0.39460 7.19258 -0.38044
H 0.79249 10.13760 -0.31000
H 20.66390 2.92247 0.13844
H 22.46750 5.27487 0.02098
H 20.87440 7.84065 -0.21117
H 22.44030 10.58500 -0.07463
H 22.98440 16.24270 -0.11203
H 18.03000 3.88017 -0.15422
H 15.35010 2.17757 0.04408
H 18.06600 6.88714 -0.22353
H 12.68000 4.05548 0.04768
H 12.65710 7.33337 0.08541
H 18.83810 13.50480 0.11196
H 10.11860 9.35195 -0.16929
H 21.59950 18.66870 0.02620
H 18.95200 16.82700 0.19010
H 7.51323 11.14650 -0.12052
H 21.72530 21.71770 0.53191
H 7.93477 14.19150 -0.36961
H 10.97140 18.76870 0.65809
H 7.99637 18.45090 0.24034
H 20.10630 -0.01206 -0.12704
H -0.66429 13.33810 -1.53735
H 4.92637 13.07860 -0.04158
H 1.77446 13.02870 0.33722
H 6.12988 15.88060 0.60932
H 4.72600 18.58900 0.01514
H 9.50567 21.18800 0.07368
H 6.41974 21.23730 0.09049
H 8.73937 -0.04236 0.17468
H 5.41180 -0.27476 -0.24520
H 2.19277 -0.71027 -0.53609
H -0.92507 96.30750 -0.68339
H 6.70997 2.59705 -0.09424
H 3.49676 2.23994 -0.33689
H 0.32943 1.79997 -0.47854
H 4.78065 5.14307 -0.17651
H 1.61220 4.82055 -0.27606
H 2.85347 7.80590 -0.03737
H 15.38120 5.45052 -0.13480
H 18.53070 10.03840 -0.14771
H 15.61380 8.76182 -0.12674
H 15.97330 12.01640 0.06087
H 13.01850 10.64890 -0.01411
H 16.15690 15.29160 0.21682
H 13.32290 13.90360 0.14561
H 10.47340 12.48000 0.00881
H 19.01060 20.29240 0.47263
H 16.30910 18.63970 0.44963
H 13.53730 17.11950 0.31675
H 10.68740 15.67420 0.18569
H 16.38360 22.12320 0.53076
H 13.66930 20.32010 0.62220
H 3.01334 15.86790 -0.02910
H -0.16467 16.07210 -0.27848
H 1.56240 18.74790 -0.25933
H 3.26573 21.43880 -0.07832
H 0.15716 21.56790 -0.30557
C 10.22620 -0.52258 2.19775
C 11.77080 2.20586 1.38528
C 9.65265 4.84161 1.81685
C 8.49675 7.74146 0.85017
C 6.02179 9.70634 1.41419
C 2.31478 9.68411 1.63936
C -1.13702 9.08473 1.07572
C 21.90520 1.00421 1.26659
C 21.80440 4.06473 2.10172
C 22.54940 7.10202 1.63936
C 22.52310 12.35610 1.69986
C 17.34730 2.00639 1.59180
C 14.28660 0.05955 1.29447
C 17.08040 5.48027 1.66036
C 20.52260 9.86751 1.44511
C 17.41880 8.56075 1.57736
C 11.60180 5.55441 1.61075
C 20.79780 13.52980 1.74674
C 11.88940 9.14315 1.62433
C 21.02350 16.71800 1.64093
C 9.32494 10.95470 1.56035
C 20.89220 20.01490 2.08774
C 9.54056 14.03780 1.64179
C 6.82576 12.81460 1.53149
C 21.18530 23.55900 2.03657
C 12.97470 18.53290 2.28343
C 9.36142 17.05360 1.80073
C 12.69840 22.38810 1.51363
C 18.16690 -0.06474 1.33751
C 3.43929 11.62000 1.51378
C 4.22512 14.66850 1.74662
C 1.23139 15.13290 1.56758
C 6.16677 17.57860 1.79077
C -0.16250 17.90690 1.24693
C 7.86510 20.31740 1.83275
C 9.37068 22.91440 1.98592
C 6.97967 -1.07900 1.48686
C 8.20090 1.80737 1.72447
C 5.08475 1.51546 1.37475
C 1.97968 1.03514 1.15729
C 6.39298 4.39582 1.55469
C 3.24289 3.98282 1.35388
C 0.12491 3.57298 1.20529
C 4.42673 7.07294 1.42831
C 1.22654 6.56802 1.39672
C 14.49480 3.98180 1.67233
C 14.45650 7.15687 1.46082
C 17.85350 11.67290 1.67617
C 14.85880 10.37720 1.59180
C 18.01300 15.17230 1.90032
C 15.15130 13.65200 1.77714
C 12.26120 12.30950 1.66369
C 18.23110 18.48500 1.99759
C 15.39160 16.87350 1.92159
C 12.49950 15.46360 1.83555
C 18.32330 21.99600 2.12930
C 15.60640 20.35780 2.14190
C 2.94556 17.78250 1.49666
C 4.68258 20.43430 1.59433
C 1.52475 20.56560 1.35224
C 6.30110 23.06090 1.69829
C 3.18645 23.26000 1.50117
C -0.01685 23.36840 1.24457
C 21.22870 26.62870 -1.70979
C 18.86510 28.55410 -1.33562
C 13.22450 25.75170 -1.19142
C 16.40780 30.53470 -1.37383
C 21.72740 29.67480 -1.66814
C 22.50810 32.75340 -2.10657
C 23.16530 35.95010 -2.86275
C 23.22880 45.38710 -2.80120
C 20.21270 44.40660 -2.00506
C 19.68990 32.25640 -0.84560
C 16.55000 32.63210 -1.57788
C 13.65180 32.08050 -1.40456
C 17.76840 35.83860 -1.67962
C 11.40470 34.36110 -1.21542
C 18.82460 38.83170 -1.44512
C 9.34860 36.93450 -1.54469
C 19.99720 41.36970 -1.70979
C 16.62840 41.15600 -1.67127
C 6.96723 39.18600 -1.50011
C 3.17599 39.27480 -1.57389
C 14.43450 43.55250 -1.69736
C 1.15123 42.65700 -1.23716
C 12.20750 45.86520 -1.71373
C 3.33167 44.58590 -1.82313
C 0.66411 47.11870 -1.52128
C 11.26190 25.49140 -1.13678
C 10.01660 28.54410 -1.30334
C 11.28390 31.39350 -1.50489
C 8.22940 31.13560 -1.50116
C 7.50016 34.31540 -0.82762
C 3.93176 34.36150 -1.60008
C 2.37136 37.19890 -1.61004
C -0.96877 36.76370 -1.95373
C 18.52120 25.17700 -1.23886
C 15.73150 23.91330 -1.07185
C 16.07620 27.19680 -1.37605
C 14.52360 35.17980 -1.37399
C 15.54940 38.15650 -1.52534
C 12.37340 37.49620 -1.36972
C 13.36350 40.51470 -1.52893
C 10.17120 39.94910 -1.48641
C 11.27560 42.93910 -1.55864
C 8.19823 42.38340 -1.53346
C 4.97335 41.95100 -1.67769
C 9.24957 45.39010 -1.47537
C 6.23149 44.98340 -1.52753
C 3.97510 47.62180 -1.38975
C 8.16180 25.79910 -1.30308
C 5.02170 25.93910 -1.54169
C 1.83323 26.06170 -1.77649
C 6.66393 28.56770 -1.44314
C 3.43755 28.70410 -1.63678
C 0.29483 28.88070 -1.85282
C 5.11331 31.38630 -1.60568
C 1.93370 31.53410 -1.70132
C 0.58714 34.30190 -1.71308
H -0.72703 42.90230 0.58502
H 22.14350 24.75450 -0.11261
H 19.66270 26.80260 0.23603
H 13.98750 24.22750 0.56916
H 17.03590 28.75380 0.34377
H 14.12980 27.45510 0.40749
H 14.39890 30.36950 0.30642
H 22.62970 27.92820 -0.14300
H 23.10030 31.08620 -0.21579
H 20.16400 30.00360 0.26800
H 22.32250 40.36760 -1.47390
H 23.12330 43.36210 -2.36570
H 21.03980 43.02060 -0.10999
H 18.79780 45.43710 -0.09024
H 18.07110 33.86170 -0.06632
H 15.00200 33.38920 0.18740
H 12.11400 32.66210 0.39087
H 19.26220 36.86520 0.21988
H 9.56166 35.22010 0.22477
H 19.96470 40.07090 0.51728
H 7.32530 37.59300 0.09880
H 18.00110 42.40920 -0.36721
H 5.00483 40.06270 0.09077
H 1.46800 40.42250 0.05149
H 15.93390 44.78850 0.09477
H 3.30426 42.81610 -0.11156
H 13.82510 47.22860 -0.06879
H 1.36333 45.04340 -0.24795
H 11.03700 23.81550 0.53187
H 8.00527 23.96480 0.27238
H 9.70754 26.69240 0.40704
H 11.48260 29.42890 0.18542
H 9.64344 32.07910 0.21420
H 6.67163 32.21530 0.05738
H 5.22479 35.14610 0.07822
H 2.10179 35.22880 -0.08555
H -1.14559 35.10020 -0.22293
H 0.43637 37.75490 -0.20365
H 19.25110 23.55830 0.45297
H 16.74880 25.60660 0.44093
H 21.74290 45.86960 -0.88580
H 16.09570 36.36850 0.11315
H 12.75370 35.73690 0.31590
H 16.95830 39.35990 0.09756
H 13.83760 38.76970 0.18616
H 10.62470 38.20950 0.24012
H 14.82290 41.78500 0.00024
H 11.65290 41.17090 0.09874
H 8.42124 40.56850 0.11141
H 12.73730 44.19270 0.01423
H 9.58528 43.58350 0.11978
H 6.41685 43.08640 0.01327
H 10.67680 46.64630 0.06281
H 7.56860 46.10070 0.17147
H 4.47838 45.68850 0.01630
H 4.90093 24.11290 0.03305
H 1.73118 24.23260 -0.19569
H 6.51698 26.76970 0.16230
H 3.36248 26.88270 -0.07347
H 0.20295 27.04380 -0.26229
H 8.21747 29.41410 0.22640
H 4.99148 29.55970 -0.00221
H 1.81359 29.70090 -0.13075
H 3.52776 32.41140 -0.04531
H 0.33741 32.47260 -0.10320
C 21.61720 26.58470 1.70643
C 18.97130 28.55240 1.88813
C 13.24200 25.93040 2.19902
C 16.40240 30.56170 1.98496
C 21.95790 29.67280 1.57551
C 22.21370 32.91140 1.13536
C 21.67970 36.13230 -0.17200
C 23.23170 44.19060 0.01771
C 20.40540 45.21050 1.08386
C 19.92240 32.33770 1.05709
C 16.77730 32.64680 1.71902
C 13.82790 32.26060 2.02497
C 17.97670 35.79470 1.73207
C 11.27480 34.44700 1.82292
C 18.74960 38.96580 1.88029
C 9.21807 37.03510 1.92447
C 19.59260 42.23040 1.79072
C 16.64580 41.27640 1.60643
C 6.93622 39.15190 1.68520
C 3.11623 39.03940 1.57162
C 14.65260 43.72410 1.61863
C 1.63662 41.98830 1.61039
C 12.36290 45.95110 1.72667
C 3.08625 44.52090 1.62306
C 0.85415 46.66380 1.73860
C 11.18100 25.66000 2.08809
C 9.70774 28.60490 1.99636
C 11.05920 31.25720 2.06970
C 8.02724 31.24180 1.83403
C 7.40982 34.30240 1.10682
C 3.73058 34.28970 1.61786
C 2.07269 37.13210 1.50746
C -1.19401 36.85580 1.40360
C 18.65310 25.37190 2.00924
C 15.79420 23.99840 2.10326
C 16.10290 27.29330 2.16151
C 14.67950 35.21600 1.77957
C 15.63410 38.16140 1.80317
C 12.43540 37.62990 1.85662
C 13.45830 40.68580 1.72155
C 10.19600 40.11510 1.78394
C 11.35860 43.02320 1.70636
C 8.10590 42.42490 1.71217
C 4.86691 41.76420 1.51178
C 9.32932 45.43870 1.71440
C 6.11570 44.90070 1.66427
C 4.00643 47.31370 1.80345
C 7.95471 25.80040 1.85091
C 4.79628 25.91780 1.62572
C 1.67229 26.04660 1.42100
C 6.44839 28.61570 1.69594
C 3.30808 28.71630 1.52172
C 0.08437 28.85930 1.33871
C 5.00094 31.36880 1.61279
C 1.86014 31.50880 1.51347
C 0.42280 34.32630 1.44911
C 18.44640 47.33650 -1.89421
C 15.17070 46.62180 -1.78225
C 13.27420 50.70820 -1.58974
C 15.37370 53.45180 -1.77313
C 12.16150 54.01070 -1.66867
C 16.93260 56.34990 -1.62984
C 18.85790 58.87900 -1.62691
C 20.71120 61.59810 -1.63398
C 22.67090 64.36850 -1.36702
C 17.54450 61.63950 -1.60014
C 15.21000 59.70330 -0.77874
C 11.95980 59.14850 -1.57006
C 10.11410 56.94690 -0.56668
C 20.77780 66.70110 -1.72508
C 18.29190 64.84410 -1.05929
C 8.79234 60.59810 -0.73838
C 20.93720 69.82990 -2.09339
C 9.43369 63.93490 -1.49983
C 9.66186 67.17130 -1.74101
C 7.16456 69.29690 -1.86449
C 11.42850 51.63470 -1.33441
C 5.11977 50.42990 -1.17460
C 1.82977 50.05260 -1.28747
C 9.17525 53.87290 -1.14085
C 6.23833 53.46000 -0.92274
C 3.12033 52.94990 -1.05747
C -0.10065 52.51180 -1.50946
C 4.32627 55.94280 -0.89120
C 6.45805 58.35850 -0.89200
C 5.19447 61.27480 -1.45551
C 7.38723 63.55590 -1.66739
C 6.13976 66.52780 -1.54045
C 5.07425 69.51020 -1.69727
C 21.52900 47.91260 -2.17996
C 19.89720 50.48180 -1.91274
C 16.62050 50.16560 -1.22832
C 21.65770 53.28570 -1.86967
C 18.42410 53.43710 -1.76434
C 20.27880 56.09420 -1.71787
C 22.13210 58.75680 -1.64840
C 15.04300 63.71560 -1.45870
C 12.22270 62.12440 -1.44325
C 18.10660 68.44690 -1.81131
C 15.38380 66.74470 -1.61678
C 12.39220 65.39620 -1.61203
C 15.49990 70.15030 -1.95371
C 12.71980 68.60190 -1.85149
C 10.09360 70.49560 -1.99200
C 10.34390 48.57830 -1.43940
C 7.17752 47.94960 -1.34127
C 8.16869 50.95120 -1.19659
C 0.97187 55.65130 -0.65402
C 3.08034 58.78010 -1.29272
C -0.11836 59.43130 -1.27636
C 1.94391 61.79360 -1.29991
C 3.92746 64.19220 -1.48692
C 0.84711 64.79240 -1.22125
C 2.93905 67.19250 -1.40459
C -0.25954 67.83640 -1.15501
C 1.84395 70.10630 -1.49852
H 0.11453 50.43370 0.06044
H 16.91860 47.86930 -0.41677
H 15.02030 51.85070 -0.22063
H 13.94110 54.79790 0.06610
H 15.47040 57.41260 0.27683
H 20.55050 59.73700 -0.05625
H 17.43900 59.85140 0.07022
H 22.27630 62.42140 0.10153
H 12.54250 57.33010 0.22092
H 10.88910 54.81090 0.30401
H 20.91380 65.08980 0.18402
H 18.96860 62.63000 -0.19877
H 15.72180 61.93210 0.03434
H 13.12570 60.46520 0.16708
H 10.44670 59.18090 0.37930
H 21.80650 68.13060 -0.42403
H 10.33060 62.33700 0.10928
H 10.55510 65.64140 0.10404
H 7.89107 67.71160 -0.11070
H 8.28947 70.84170 -0.31044
H 11.76400 49.71940 0.25117
H 2.24977 48.04270 0.24130
H 9.68678 52.02560 0.37482
H 6.51084 51.52870 0.55015
H 3.38297 50.96200 0.47626
H 7.74525 54.49270 0.93326
H 4.50215 54.02160 0.75908
H 1.37519 53.38660 0.28700
H 5.95149 56.62160 1.16159
H 4.87423 59.50220 0.26989
H 6.93241 61.96760 0.14981
H 5.91118 64.83690 -0.16590
H 4.75993 67.85570 0.03791
H 3.72546 70.86270 -0.08055
H 23.28590 48.56450 -0.66628
H 19.98450 48.57840 -0.33789
H 21.62590 51.33540 -0.36350
H 18.46650 51.52780 -0.15374
H 20.14190 54.18540 -0.18621
H 16.94380 54.42140 -0.06414
H 21.91610 56.88090 -0.06967
H 18.71270 57.01230 -0.06883
H 18.92650 66.97040 -0.08522
H 16.22450 65.21280 0.19267
H 13.16040 63.79940 0.15939
H 19.21640 70.03350 -0.29110
H 16.25360 68.59000 -0.18058
H 13.46920 67.02840 -0.07022
H 13.65070 70.32230 -0.35153
H 10.81130 68.84220 -0.29143
H 8.64187 49.08880 0.25887
H 5.48628 48.55160 0.32800
H 2.82984 56.91570 0.39676
H -0.46156 57.50680 0.25762
H 1.69083 59.95060 0.32678
H 3.78285 62.43210 0.18412
H 0.65713 62.97270 0.38910
H 2.71239 65.43370 0.24292
H -0.41539 65.99430 0.44812
H 1.62401 68.41030 0.28742
H 0.54325 71.39920 0.15650
C 18.53210 47.56940 1.41274
C 15.42160 47.05620 1.50292
C 13.46700 50.78160 1.60391
C 15.50060 53.43650 1.71038
C 12.39790 53.90000 2.01371
C 16.90600 56.34340 1.58894
C 18.95970 58.80330 1.59252
C 20.45810 61.58000 1.52696
C 22.50960 64.24260 1.77607
C 17.58390 61.70660 1.61316
C 15.26570 59.76530 1.08578
C 12.25370 59.16510 2.06600
C 10.24950 56.91470 1.29281
C 20.70530 67.07850 1.60179
C 18.59330 64.79160 0.88357
C 8.74423 60.71510 1.18577
C 21.20050 70.06470 1.26471
C 9.47481 63.99700 1.71952
C 9.74730 67.49400 1.55528
C 7.35269 69.50090 1.49933
C 11.63690 51.75970 1.83699
C 5.08270 50.20960 2.06288
C 1.82884 49.74930 1.98833
C 9.26452 53.88710 1.95181
C 6.12208 53.12080 2.41715
C 2.96441 52.71950 2.14677
C -0.05960 52.25400 1.95252
C 3.77213 55.71720 2.39079
C 5.98258 58.30630 2.31370
C 5.24822 61.33840 1.83383
C 7.38799 63.81110 1.60783
C 6.35649 66.65490 1.45484
C 5.24301 69.68340 1.52462
C 21.69770 47.50240 0.92232
C 20.07330 50.40940 1.34370
C 16.60390 50.08960 0.65543
C 21.70690 53.10250 1.33252
C 18.54080 53.36020 1.49581
C 20.27290 55.96860 1.49295
C 22.04870 58.65840 1.55985
C 15.08840 63.58250 1.70938
C 12.14260 62.12430 1.72051
C 18.11050 68.67380 1.42946
C 15.45420 66.88570 1.51478
C 12.46800 65.60410 1.74607
C 15.45380 70.36320 1.33592
C 12.67760 68.84840 1.36921
C 10.20760 70.71330 1.24426
C 10.56470 48.51990 1.73108
C 7.28829 47.85950 1.84163
C 8.37181 50.80320 1.98480
C 0.85436 55.61130 1.22445
C 3.16967 58.80790 1.94143
C 0.04680 59.23870 1.99423
C 2.14837 61.76030 1.90724
C 4.30102 64.28970 1.66768
C 1.09988 64.78840 1.93932
C 3.19791 67.25020 1.77841
C 0.02147 67.79580 2.04459
C 2.09606 70.33300 1.74042
C 7.61058 91.13270 -2.00686
C 9.11352 93.83690 -1.33154
C 6.02175 93.86160 -2.05419
C 2.90262 92.82920 -2.04187
C -0.48488 92.64570 -2.75953
C 2.87815 75.41840 -2.06963
C 7.59764 77.31060 -2.23313
C 4.54122 78.05550 -2.45772
C 1.36311 78.20670 -2.30535
C 8.50182 86.66120 -4.88014
C 8.24925 89.18110 -2.44271
C 4.99248 89.40830 -2.23292
C 1.79547 89.74760 -2.39129
C 20.80360 80.75400 -1.97287
C 17.79480 81.78910 -2.21186
C 14.92360 83.30960 -3.00856
C 10.37670 86.36460 -5.11615
C 11.58850 88.68520 -2.74606
C 10.85700 91.25420 -1.16158
C 13.41110 93.37930 -1.79612
C 15.74970 95.39900 -1.47677
C 20.96680 95.87400 -1.79372
C 21.73650 73.29040 -1.82646
C 21.62100 77.11470 -1.47420
C 18.82680 78.16240 -2.13797
C 7.15064 72.36350 -1.88669
C 13.22810 78.34230 -2.73337
C 10.40820 76.70910 -2.94081
C 6.60422 75.40530 -1.57229
C 13.63710 81.65680 -2.98783
C 3.98825 72.60600 -1.83629
C 0.78487 73.04570 -1.73207
C 4.02991 -1.17579 -2.07045
C 0.87651 95.64100 -2.31600
C 6.18738 80.77790 -2.98422
C 2.99895 80.87230 -2.70553
C -0.12325 80.91570 -2.49894
C 7.21227 83.52510 -4.02224
C 4.28452 83.60190 -3.00182
C 1.39799 83.74010 -2.74652
C 6.02197 86.45670 -2.99012
C 3.05407 86.67850 -2.74852
C -0.07129 86.68810 -2.76324
C 20.35290 84.02760 -2.06835
C 17.41280 85.40460 -2.33674
C 14.40590 86.85110 -2.56785
C 19.86920 87.43910 -2.03456
C 16.89990 88.77090 -2.16199
C 13.98900 90.10330 -2.16289
C 22.23670 89.40280 -1.91479
C 19.26800 90.70290 -1.89217
C 16.25520 92.00190 -1.82612
C 21.79270 92.72040 -1.73191
C 18.68410 93.90390 -1.75130
C 18.45140 71.69770 -1.97093
C 18.78330 74.88800 -2.16365
C 15.76750 73.30720 -2.20857
C 12.88900 71.85530 -2.11239
C 15.94880 76.49820 -2.51598
C 13.09700 75.04470 -2.45637
C 10.03440 73.60370 -2.27364
C 16.45110 80.16150 -2.54099
H 8.74974 91.84320 -0.00155
H 5.78098 91.95140 -0.59237
H 10.09940 94.65590 0.94658
H 4.12649 94.37400 -0.61687
H 0.93050 93.78060 -1.04977
H 4.59497 76.39320 -0.64664
H 1.37625 76.59810 -0.23132
H 6.38057 79.10180 -0.96556
H 7.80203 81.83970 -1.92278
H 9.06705 84.63410 -3.48634
H 6.72545 89.43090 -0.49186
H 3.39832 90.05390 -0.45634
H -0.27605 90.61370 -1.30457
H 20.43550 78.97750 -0.38827
H 19.59820 82.34420 -0.36518
H 16.65140 83.63220 -1.10739
H 13.72000 85.01020 -1.48038
H 11.42820 86.74140 -2.86694
H 9.93944 88.91080 -0.75945
H 12.91570 91.37960 -0.38188
H 15.25540 93.34340 -0.05026
H 12.47640 94.53280 -0.68882
H 17.58810 95.57960 -0.32680
H 22.05590 71.25390 -0.30847
H 22.31610 75.10990 0.01880
H 19.50410 76.48390 -0.44943
H 16.90300 78.24050 -1.00794
H 11.19960 75.34830 -0.95635
H 8.36988 74.00780 -0.53045
H 5.64262 73.40930 -0.26264
H 14.30460 80.10480 -1.05734
H 11.46640 78.58030 -1.27621
H 2.59689 73.81050 -0.22587
H 7.21155 94.61270 -0.09739
H 3.08763 79.25240 -0.87397
H -0.09885 79.32910 -0.69469
H 4.70953 81.92860 -1.29324
H 1.56464 81.99270 -1.10382
H 6.20144 84.62720 -1.96008
H 3.02361 84.78200 -1.27179
H -0.11250 84.85160 -1.18105
H 4.66954 87.30820 -1.04304
H 1.46692 87.65570 -1.10336
H 22.65710 81.15850 -0.31307
H 22.13430 84.41930 -0.34594
H 19.18490 85.58380 -0.51748
H 16.16890 86.91840 -0.73582
H 13.20140 88.20070 -0.83689
H 21.63820 87.64310 -0.32923
H 18.65300 88.83170 -0.42874
H 15.72570 90.04930 -0.47268
H 21.08560 90.81820 -0.23459
H 18.10330 92.07220 -0.17352
H 20.51080 94.16330 -0.09918
H 19.60820 73.30220 -0.48226
H 16.53040 71.77680 -0.39492
H 16.77320 74.98170 -0.70228
H 13.87930 73.57040 -0.64378
H 11.05840 72.20390 -0.51252
H 14.08860 76.76130 -0.92583
C 6.93601 91.01080 1.36772
C 8.61768 93.67970 1.67315
C 5.50930 93.56290 1.21538
C 2.79649 92.39020 -0.15855
C -0.66836 92.48830 0.46209
C 3.30041 75.64590 1.27110
C 8.33008 78.68680 0.67174
C 4.92967 78.53110 0.68901
C 1.58092 78.48940 0.97853
C 11.14700 83.36440 -4.11232
C 8.46379 88.13130 0.78272
C 4.67794 88.92150 0.81813
C 1.16405 89.53940 0.49991
C 20.77820 80.77320 1.25168
C 17.79000 82.24140 0.86641
C 14.54720 83.47130 0.42033
C 11.38510 84.19530 -2.17398
C 11.24490 86.84980 -0.25178
C 10.76990 90.75400 0.70338
C 13.25700 93.05940 1.37191
C 16.33760 94.68090 1.67302
C 21.00320 95.71030 1.38012
C 21.57040 73.35060 1.20748
C 21.24400 77.18570 1.12365
C 18.48420 78.26540 0.91029
C 7.40367 72.55710 1.21684
C 12.82900 78.48190 0.47551
C 9.73410 77.23590 0.13931
C 6.67500 75.53120 0.35433
C 13.09740 81.94840 0.19588
C 4.06823 72.79190 1.44982
C 0.78861 73.53570 1.37029
C 3.80024 95.99860 1.14111
C 0.73343 95.37890 0.85093
C 6.81532 81.49450 0.04617
C 3.28271 81.31210 0.51102
C -0.00040 81.36460 0.65155
C 8.46070 84.27240 -1.01371
C 4.87345 84.05020 0.01289
C 1.50037 83.94410 0.38045
C 6.02803 85.78460 0.21175
C 2.90665 86.52800 0.43638
C -0.24129 86.69880 0.42091
C 20.28090 84.18830 1.25067
C 17.16220 85.25580 0.81502
C 14.18010 86.48870 0.64541
C 19.74270 87.29380 1.19878
C 16.74410 88.46090 1.08759
C 13.85300 89.62020 1.03600
C 22.27090 89.31860 1.33876
C 19.21900 90.47560 1.32960
C 16.21550 91.58110 1.35690
C 21.68050 92.57390 1.38559
C 18.48270 93.91920 1.36409
C 18.45910 71.84080 1.21435
C 18.49080 74.88750 1.08972
C 15.66210 73.60590 1.03569
C 12.92220 72.13570 1.10228
C 15.84690 76.78320 0.76520
C 13.01050 75.35990 0.77986
C 10.27040 74.00720 0.94992
C 15.81420 79.99700 0.58455
C 36.39510 0.53509 -1.14494
C 33.34840 0.15626 -1.32910
C 37.52270 3.48366 -1.21357
C 46.49260 9.83052 -1.35242
C 43.45390 9.36650 -1.47273
C 40.13560 9.00576 -1.49692
C 41.02360 12.36870 -0.92549
C 31.62500 0.98423 -1.72679
C 25.28600 1.18777 -1.55210
C 33.83200 3.41621 -0.71885
C 35.42700 6.23125 -1.30848
C 36.95610 9.04075 -1.46957
C 24.16030 9.71734 -1.70110
C 38.63060 11.83290 -1.58465
C 37.14100 14.86770 -1.58571
C 24.24140 15.38030 -1.31011
C 26.00700 17.93750 -1.22765
C 32.93800 20.53920 -2.09150
C 30.94860 20.61190 -1.45800
C 27.38660 20.82420 -1.05530
C 23.94470 21.12040 -0.26557
C 47.47400 11.67810 -1.28535
C 44.31680 12.62170 -0.51420
C 42.93960 15.12280 -1.75336
C 41.81780 17.99200 -1.32941
C 38.47130 19.26650 -1.01358
C 38.77570 22.54770 -1.19988
C 45.65110 1.33196 -1.07258
C 42.52440 1.03761 -0.97485
C 39.39140 0.78743 -1.01623
C 47.01790 4.22584 -1.25772
C 43.88050 3.96566 -1.10632
C 40.72240 3.66900 -1.07824
C 45.27320 6.81650 -1.26346
C 41.96480 6.48838 -1.20689
C 38.75280 6.27535 -1.22813
C 28.50830 1.12322 -1.49902
C 30.23640 3.87574 -1.59428
C 27.03860 3.90691 -1.56594
C 23.87920 4.00601 -1.50999
C 32.09320 6.45638 -1.49780
C 28.83710 6.69496 -1.54399
C 25.69310 6.74674 -1.55397
C 33.70130 9.19445 -1.57332
C 30.50390 9.36635 -1.54676
C 27.29220 9.51813 -1.55513
C 35.36150 11.93490 -1.64135
C 32.10330 12.02830 -1.57261
C 28.96390 12.21670 -1.55280
C 25.77520 12.42980 -1.53209
C 33.82310 14.78630 -1.68331
C 30.55190 14.88920 -1.56710
C 27.44060 15.09060 -1.41314
C 35.45590 17.56570 -1.80118
C 31.99440 17.49310 -1.80558
C 29.10620 17.85250 -1.42546
C 47.28510 14.77430 -1.13168
C 44.41800 16.29600 -1.08288
C 47.16640 18.05040 -0.94537
C 44.46120 19.56510 -0.98346
C 41.56000 21.01330 -1.04039
C 47.02780 21.14340 -0.83265
C 44.22130 22.61080 -0.88066
H 34.64060 1.35086 0.37065
H 39.00340 4.53045 0.42807
H 35.86370 4.38622 0.36535
H 46.80990 7.94439 0.31092
H 40.29290 7.36220 0.33562
H 44.82590 10.44030 0.26188
H 41.67210 10.20020 -0.07914
H 28.63020 -0.65502 0.41605
H 25.56950 -0.72795 -0.02925
H 30.28730 1.99770 0.16234
H 23.70190 2.13188 0.06620
H 31.94100 4.79956 -0.04609
H 37.06640 7.26872 0.27465
H 33.80550 7.38003 0.17355
H 38.55670 10.04360 0.11757
H 37.00210 12.87650 -0.00834
H 24.25390 13.31290 0.16300
H 38.46670 15.58960 -0.35681
H 35.37400 15.71570 0.01038
H 33.90960 18.66310 -0.68236
H 24.56300 18.82030 0.77663
H 32.71130 21.51060 0.26067
H 29.41620 21.50150 0.35680
H 26.31330 21.54970 0.76325
H 46.52370 13.09950 0.46663
H 43.54530 14.69010 0.63269
H 41.00100 16.35250 -0.65633
H 40.57740 19.31680 0.47140
H 37.62320 20.76920 0.45779
H 22.58810 -0.79065 -0.20558
H 45.77970 -0.42870 0.56956
H 42.64060 -0.71487 0.71631
H 39.54520 -0.97820 0.67384
H 36.41260 96.27690 0.54067
H 47.21490 2.44020 0.41899
H 44.04410 2.18418 0.53324
H 40.86010 1.90838 0.58132
H 37.74240 1.72421 0.49178
H 45.43540 5.06020 0.43569
H 42.20810 4.79385 0.50072
H 43.53630 7.62896 0.28602
H 26.88600 2.09817 0.11559
H 28.64510 4.85188 0.04587
H 25.50210 4.92769 0.06825
H 30.48270 7.54336 0.11139
H 27.27140 7.69190 0.04525
H 24.06570 7.88042 -0.11518
H 35.36570 10.09390 0.01641
H 32.17310 10.20760 0.04987
H 28.95880 10.37750 0.03125
H 25.73050 10.52940 0.02243
H 33.78980 12.93300 -0.05588
H 30.60820 13.06590 0.05181
H 27.47230 13.16690 0.08486
H 32.27810 15.77320 -0.06952
H 29.15830 15.94490 0.10038
H 26.02350 16.02800 0.32788
H 30.88630 18.70830 0.00887
H 27.70640 18.76370 0.35093
H 46.31910 16.29710 0.52231
H 43.51450 17.87630 0.47468
H 46.17550 19.48100 0.74359
H 43.30360 20.97500 0.65251
H 40.49210 22.51830 0.59312
H 45.99100 22.62440 0.76447
C 36.21080 0.67054 2.07963
C 33.20880 0.29465 2.09175
C 37.43390 3.57142 2.05602
C 46.42040 9.84200 1.93188
C 43.17300 9.54468 1.76913
C 40.22980 9.31150 1.74756
C 40.92720 12.42420 1.10734
C 31.42380 1.19938 2.27220
C 25.24250 1.06181 1.65312
C 33.69670 3.47563 1.16436
C 35.34280 6.33320 1.86077
C 36.90380 9.26090 1.76022
C 24.07930 9.63496 1.59453
C 38.70250 12.01230 1.60393
C 37.30410 14.94610 1.48470
C 24.32030 15.12840 1.86085
C 26.07200 17.85420 2.04614
C 35.03710 20.64010 0.54678
C 31.26480 20.46350 1.76194
C 27.79730 20.55800 2.12757
C 23.91020 21.21030 1.60007
C 47.55490 11.53900 2.00492
C 44.34510 12.52250 1.40185
C 41.35150 14.62820 1.40571
C 41.37400 17.62960 1.66942
C 38.49890 19.44090 2.06489
C 38.57860 22.61010 2.16201
C 45.74720 1.45811 2.10874
C 42.56520 1.23383 2.19483
C 39.31660 0.92920 2.17133
C 47.16560 4.34397 1.98236
C 43.89580 4.04864 2.08447
C 40.61570 3.81083 2.08667
C 45.22900 6.99043 1.95062
C 41.97900 6.75463 1.96444
C 38.71870 6.42040 1.93176
C 28.43490 0.88025 1.68543
C 30.32930 4.07409 1.69155
C 27.04440 3.96605 1.71098
C 23.81490 3.94010 1.60342
C 32.06800 6.56169 1.73216
C 28.77470 6.68353 1.67408
C 25.54440 6.85128 1.55744
C 33.72900 9.32701 1.71949
C 30.50470 9.42932 1.66557
C 27.31730 9.55052 1.62966
C 35.36040 11.99040 1.59964
C 32.20830 12.08080 1.61330
C 29.04640 12.17240 1.66970
C 25.84150 12.30910 1.71425
C 33.79570 14.76400 1.58943
C 30.77690 14.91340 1.63524
C 27.65600 14.96580 1.76078
C 35.06860 17.63210 1.42900
C 32.72580 17.71720 1.30155
C 29.44910 17.74880 1.73551
C 47.30390 14.72650 2.10954
C 44.37160 16.20210 2.07836
C 47.16630 17.83860 2.25105
C 44.24220 19.37550 2.22726
C 41.41400 20.88530 2.19964
C 47.01060 21.08710 2.34757
C 44.13040 22.55440 2.30330
C 47.28020 30.21900 -0.58813
C 45.76340 33.35710 -1.49987
C 47.60130 36.26810 -1.76971
C 46.31130 39.01220 -1.98372
C 35.89270 23.76220 -1.40338
C 38.38410 26.14640 -0.69990
C 41.21890 27.40060 -0.94780
C 46.46640 27.31790 -0.96083
C 43.81810 29.12290 -0.95971
C 35.18170 25.77800 -1.51772
C 32.57040 23.85560 -0.86368
C 29.20490 23.45990 -1.34432
C 39.16970 30.01920 -1.25369
C 35.93580 28.79390 -1.47246
C 26.54590 25.55500 -1.84633
C 42.78110 34.94670 -2.04199
C 39.53730 33.61870 -1.63480
C 24.27860 27.64090 -1.96005
C 40.41730 37.30180 -0.50133
C 37.49170 38.25000 -2.02142
C 35.08090 40.15740 -2.16456
C 33.19090 42.67290 -2.00255
C 30.08930 41.22330 -2.45656
C 27.28130 40.80710 -1.87536
C 23.17340 39.39060 -3.02097
C 24.64210 42.41830 -3.40692
C 29.93560 44.47720 -2.48322
C 26.35460 44.97240 -2.76951
C 31.39920 47.83740 -2.15980
C 44.15970 36.55930 -1.70609
C 42.60210 39.31930 -1.70719
C 39.68600 40.76800 -1.88578
C 44.59730 41.69900 -2.27643
C 39.81170 44.02530 -2.12474
C 37.15090 45.58680 -2.41744
C 33.74020 45.93910 -1.28075
C 45.35420 44.50630 -1.91850
C 41.44250 24.13360 -1.03064
C 46.74550 24.28090 -0.81335
C 44.04470 25.72570 -0.87712
C 32.81430 27.73420 -1.67117
C 29.91810 26.64870 -1.86171
C 36.41920 31.90160 -1.68628
C 33.39730 30.85450 -1.73608
C 30.37920 29.82520 -1.83484
C 27.36940 28.66010 -1.95456
C 36.90880 35.04900 -1.93838
C 33.91400 33.90890 -1.86877
C 30.96300 32.84330 -1.91518
C 27.86820 31.84070 -2.04635
C 24.80940 30.76310 -1.98530
C 34.49740 37.01960 -2.03703
C 31.57360 35.95140 -2.08632
C 28.49960 34.91500 -2.23055
C 25.47130 33.92710 -2.25380
C 32.21530 39.18150 -2.13565
C 29.19340 38.14360 -2.27756
C 26.04780 37.36280 -2.46542
C 28.17090 47.58130 -2.25215
C 42.61800 42.56230 -1.96560
C 42.51970 45.96790 -2.11146
C 39.63780 47.42560 -2.13661
H 45.63640 31.92530 0.20548
H 47.44830 34.52020 -0.00696
H 46.01350 37.32140 -0.23390
H 37.58440 24.07670 0.39967
H 40.41050 25.63220 0.52990
H 39.27440 28.20540 0.34583
H 45.68070 28.89050 0.68306
H 42.81870 30.44810 0.58818
H 36.32890 27.08680 0.23730
H 33.33850 26.04840 0.07157
H 30.38230 24.81020 -0.13125
H 40.18720 31.90950 0.32371
H 37.07540 30.34460 0.13008
H 28.04320 26.97050 -0.26225
H 25.09020 25.78100 -0.16278
H 41.06440 34.89620 -0.28712
H 38.09450 36.51170 -0.35803
H 39.04170 39.37020 -0.32348
H 23.32180 34.30970 -0.74399
H 36.36350 41.47500 -0.20461
H 30.33540 39.51760 -0.58898
H 27.31740 38.57510 -0.62050
H 23.70400 37.39360 -1.34639
H 33.85330 43.69210 -0.08784
H 30.85190 42.71480 -0.93848
H 26.22010 42.94180 -1.35702
H 31.33730 45.70760 -0.84329
H 28.13810 45.57000 -1.06108
H 44.23970 34.73400 -0.03854
H 42.78810 37.57460 -0.00192
H 44.64230 40.04750 -0.55466
H 41.64850 41.08460 -0.35225
H 38.88330 42.60830 -0.24997
H 36.48340 43.99160 -1.79991
H 44.32010 43.04480 -0.25231
H 43.16360 24.11100 0.68398
H 45.79150 25.79370 0.79252
H 43.05790 27.33530 0.66259
H 33.97650 29.19300 -0.05205
H 30.93720 28.09470 -0.13573
H 37.54130 33.46740 -0.14043
H 34.55600 32.29510 -0.13985
H 31.52490 31.22040 -0.20417
H 28.46990 30.15440 -0.34792
H 25.53920 29.03890 -0.36044
H 35.07230 35.38900 -0.33563
H 32.07840 34.33160 -0.32974
H 29.05120 33.29480 -0.47147
H 26.02900 32.24330 -0.43950
H 35.63810 38.49250 -0.43793
H 32.66390 37.42620 -0.51382
H 29.64130 36.37970 -0.63505
H 26.45150 35.44860 -0.84846
H 33.30770 40.63680 -0.53181
H 24.86970 45.72310 -0.94399
H 41.64760 44.30740 -0.54567
H 38.85640 45.67420 -0.66106
H 35.92380 46.78400 -0.58968
H 44.36250 46.16000 -0.45341
H 41.47520 47.47840 -0.49969
C 47.37590 30.47430 1.31401
C 45.76960 33.55900 1.63028
C 47.68650 36.50640 1.40042
C 46.21770 39.32660 1.22180
C 35.66880 23.79800 1.94041
C 38.26150 26.21460 1.45759
C 41.00630 27.51240 1.98232
C 46.48770 27.41210 2.44247
C 43.71820 29.20730 2.20000
C 35.00180 25.83730 1.89901
C 32.48520 23.93400 1.05150
C 29.45900 23.23170 1.78455
C 38.93030 30.16130 1.84894
C 35.71180 28.95790 1.70970
C 26.72050 25.37320 1.28434
C 42.55280 33.03040 0.47588
C 39.49590 33.67150 1.44033
C 24.49320 27.76380 1.48007
C 40.89170 36.71500 1.31927
C 37.39650 38.29070 1.26700
C 35.24770 40.46900 1.03211
C 32.50520 42.44320 1.04899
C 29.41810 41.34250 0.67500
C 27.16880 40.95410 0.06719
C 22.33590 39.08700 0.19411
C 24.16700 41.84250 -0.56896
C 29.72810 44.41520 0.55529
C 26.43820 44.31450 0.41764
C 31.14630 47.20150 1.17276
C 44.41520 36.50760 1.51569
C 42.89970 39.53480 1.13648
C 39.76090 40.70080 1.25835
C 45.19000 41.45750 1.35602
C 39.73840 44.12700 1.03752
C 36.96780 44.88880 0.56463
C 34.02210 46.11940 0.80565
C 45.45770 44.66370 1.23093
C 41.30430 24.18690 2.22924
C 46.85260 24.26050 2.31613
C 43.91650 25.74670 2.30358
C 32.67130 27.84810 1.59232
C 29.77090 26.63830 1.49827
C 36.30300 32.20200 1.58791
C 33.28110 30.99140 1.46543
C 30.20680 29.87590 1.35735
C 27.34090 28.72100 1.31583
C 36.81730 35.27880 1.35819
C 33.83230 34.10720 1.32593
C 30.78980 33.02680 1.26036
C 27.85650 31.95390 1.22210
C 25.00020 30.80840 1.30388
C 34.40050 37.16840 1.19075
C 31.32020 36.16420 1.10594
C 28.22050 35.11050 0.92582
C 25.21200 34.13210 0.95691
C 32.11470 39.23520 1.05407
C 28.85850 38.17790 0.94221
C 25.41380 37.34390 0.53426
C 28.03220 47.15080 0.89899
C 42.39590 42.78050 1.20827
C 42.46510 45.92680 1.09857
C 39.61530 47.18990 1.04754
H 35.78490 60.21010 0.64020
H 33.03330 58.80070 0.56215
H 39.18280 63.47880 0.75280
H 36.13730 62.96770 0.41472
H 42.93760 68.12810 0.07679
H 39.93720 66.97800 0.71032
H 27.90070 62.81290 0.25002
H 43.38610 71.38230 0.63579
H 24.23480 65.33750 0.30360
H 25.59660 68.31450 -0.07923
H 26.62990 71.31380 -0.37660
H 33.16620 61.92710 0.35683
H 36.93850 66.01100 0.42901
H 33.75540 65.03600 0.33501
H 30.75650 63.90480 0.17194
H 40.50130 70.20730 0.51761
H 37.50520 69.15760 0.40274
H 34.47070 68.09000 0.33643
H 31.23870 67.02230 0.22659
H 27.94700 65.94480 0.16266
H 35.04790 71.25130 0.24495
H 31.97140 70.15820 0.05737
H 28.84120 69.09330 -0.03337
C 45.86050 66.95420 -1.66777
C 47.48960 69.59410 -1.47132
C 33.38630 50.32620 -1.10506
C 34.87440 53.19890 -1.06289
C 32.96690 55.82330 -1.16511
C 29.81370 55.70370 -1.47835
C 29.11990 58.74580 -0.79550
C 26.79720 61.38460 -1.41035
C 23.88880 61.45930 -1.48950
C 35.20120 58.31020 -0.81983
C 38.03040 61.91700 -0.72000
C 34.97050 61.59490 -1.20606
C 32.20720 60.41360 -1.32192
C 41.89080 66.65880 -1.04808
C 38.91850 65.30650 -0.92814
C 29.61870 62.38430 -1.40682
C 42.41800 69.84090 -1.11394
C 26.29930 64.37030 -0.66701
C 24.09600 67.27210 -1.38783
C 24.37530 70.49210 -0.70250
C 36.61420 48.64530 -2.03987
C 36.27370 51.72920 -1.68073
C 35.93680 54.99230 -1.40065
C 38.51180 56.76030 -1.51687
C 40.73190 58.93640 -1.21771
C 46.44050 59.41870 -1.26940
C 41.01370 62.52410 -0.70554
C 45.49000 62.47260 -0.76702
C 43.87150 63.75590 -0.16598
C 24.91390 47.79990 -2.30750
C 29.82780 50.38040 -1.87421
C 26.51520 50.38050 -2.00994
C 23.25190 50.56660 -2.06201
C 31.41340 53.04110 -1.54949
C 28.21200 53.06150 -1.72052
C 24.95170 53.16950 -1.87604
C 26.71780 55.90160 -1.64035
C 23.45210 55.97580 -1.72748
C 25.34080 58.59790 -1.58289
C 35.61630 64.69500 -1.20186
C 32.68720 63.58320 -1.32214
C 39.40680 68.68400 -1.08797
C 36.37370 67.75620 -1.24739
C 33.17990 66.74040 -1.30718
C 29.89950 65.63030 -1.37189
C 36.95400 70.88530 -1.28714
C 33.96570 69.79900 -1.40004
C 30.76230 68.72140 -1.56727
C 27.47060 67.69140 -1.61293
C 31.54810 71.86790 -1.68485
C 28.50680 70.74160 -1.85351
C 45.31320 47.81380 -2.06773
C 42.27500 49.25550 -2.00979
C 39.32800 50.54830 -1.87634
C 44.91120 51.14340 -1.94186
C 41.93080 52.33490 -1.78397
C 38.94780 53.64080 -1.64099
C 44.45250 54.26360 -1.77680
C 41.46200 55.50720 -1.58483
C 47.11820 56.16380 -1.64197
C 43.92960 57.45380 -1.45851
C 43.34340 60.54550 -0.82937
H 45.90580 65.02630 -0.48397
H 47.60580 67.67790 -0.04622
H 45.67680 69.74950 0.20247
H 32.94070 48.06270 -0.26363
H 31.28750 51.08560 -0.01890
H 32.86470 53.82740 0.25069
H 31.16420 56.49280 0.53738
H 30.29220 60.67740 0.24205
H 26.94840 59.56680 0.05563
H 25.31370 62.37970 0.25578
H 35.61600 49.91740 -0.20570
H 47.20690 47.86870 -0.29659
H 38.18220 51.85280 -0.10687
H 37.84390 54.97930 0.10244
H 34.82180 56.24040 0.34105
H 37.47070 58.07200 0.48021
H 39.89380 60.54510 0.35494
H 45.34500 60.48370 0.62821
H 42.66720 62.02780 1.15419
H 29.71870 48.37420 -0.44058
H 26.52040 48.39920 -0.56151
H 28.09010 51.07710 -0.27516
H 24.90930 51.22320 -0.38324
H 29.70680 53.81220 0.03127
H 26.53890 53.92940 -0.18385
H 23.33930 54.02280 -0.26110
H 28.21850 56.65540 0.11481
H 25.05770 56.72700 -0.03856
H 23.74530 59.55540 0.00374
H 38.50060 48.74880 -0.46216
H 44.17060 49.31770 -0.43729
H 41.17310 50.56400 -0.24327
H 46.79240 51.18130 -0.27253
H 43.77930 52.45760 -0.21685
H 40.80800 53.69270 -0.06791
H 46.34310 54.33340 -0.17710
H 43.33800 55.57890 -0.04782
H 40.35200 56.86140 0.13200
H 45.88170 57.45260 0.07422
H 42.71330 58.70050 0.31402
C 45.24770 67.34470 0.32499
C 47.48390 69.21400 1.81973
C 33.42140 50.17300 0.88233
C 34.97160 53.02760 1.26515
C 33.10210 55.58180 1.94208
C 29.72680 55.56880 1.78480
C 29.07310 58.73530 1.05545
C 26.81690 61.26410 1.79868
C 23.75670 61.29170 1.73141
C 35.22690 58.11590 1.82154
C 37.81740 61.43880 1.25443
C 34.78170 61.88070 2.13016
C 32.18060 60.33040 1.98410
C 41.75220 66.67650 1.95112
C 38.65210 65.25070 2.14177
C 29.65810 62.42240 1.84957
C 42.33760 69.62640 2.03752
C 26.30590 64.39110 1.14697
C 24.18020 67.00660 1.70418
C 25.03530 70.23890 1.24548
C 36.73380 48.24430 1.18733
C 36.38820 51.39680 1.54922
C 36.05300 54.75240 1.75655
C 38.52660 56.65130 1.86422
C 40.63950 58.76460 1.73476
C 46.63690 58.88390 1.95229
C 40.70430 62.05180 2.28807
C 46.06960 62.02310 2.35477
C 44.28580 63.11000 2.78396
C 24.80530 47.34190 0.85738
C 29.55590 50.01680 1.39137
C 26.41020 50.10440 1.19535
C 23.25320 50.22700 1.11413
C 31.22500 52.87260 1.72049
C 28.00050 52.79810 1.43578
C 24.87170 52.91090 1.30442
C 26.55860 55.64270 1.57766
C 23.41910 55.73070 1.47870
C 25.28650 58.49580 1.59067
C 35.52270 64.72690 1.98159
C 32.47780 63.68000 1.90018
C 39.17450 68.91530 2.17806
C 36.25570 67.77980 2.02986
C 33.06910 66.77570 1.90425
C 29.84420 65.58250 1.73682
C 36.75920 70.92460 1.96033
C 33.70560 69.90980 1.82352
C 30.59190 68.90560 1.73274
C 27.48030 67.64370 1.57202
C 31.28540 72.04340 1.53648
C 28.26570 70.98480 1.42433
C 45.41580 47.79020 1.17554
C 42.35630 49.00760 1.21669
C 39.32450 50.21140 1.32842
C 44.89320 50.90240 1.32709
C 41.97240 52.15990 1.42726
C 39.01470 53.42650 1.59959
C 44.52490 54.06560 1.46814
C 41.53620 55.32910 1.60700
C 47.20590 55.93330 1.58233
C 44.08570 57.13900 1.68968
C 43.57080 60.00070 2.24719
H 41.08710 73.39390 0.28618
H 38.67630 75.46530 0.30624
H 36.19050 77.52820 0.20486
H 24.27090 73.01550 -1.19579
H 34.00010 79.60250 -0.61507
H 30.80210 78.57840 -0.61552
H 27.72170 77.54290 -0.86537
H 24.80960 76.09930 -1.52476
H 38.03470 72.30570 0.37265
H 35.63940 74.39210 0.11855
H 32.61680 73.34120 -0.02929
H 29.61210 72.24780 -0.21995
H 33.21310 76.50690 -0.30555
H 30.18900 75.48020 -0.43066
H 27.19550 74.36230 -0.68408
C 41.47600 89.81560 -0.79332
C 34.69170 90.26530 -0.44807
C 45.86750 93.21520 -1.04599
C 43.17050 92.23840 0.26183
C 39.95700 92.65790 -0.86130
C 36.84330 92.55580 -0.97593
C 33.81760 93.04470 -1.44262
C 31.19190 95.18010 -0.64823
C 45.28860 74.88830 -0.25028
C 42.21080 76.85310 -1.10783
C 39.54000 78.78860 -1.30187
C 36.92930 80.68120 -1.39846
C 36.76810 83.68320 -1.20188
C 36.99810 86.97330 -1.20231
C 40.11720 88.31770 -1.31541
C 44.98150 88.55320 -1.01793
C 45.03010 71.66290 -1.22802
C 27.25250 95.94760 -1.61138
C 23.64400 79.56380 -1.94791
C 29.63410 80.58960 -1.43867
C 26.23790 81.59070 -1.95013
C 32.33710 84.35160 -2.31856
C 31.09410 85.94630 -2.21169
C 33.78440 87.57050 -1.60611
C 31.08030 89.17260 -1.63279
C 30.46280 92.23540 -1.60571
C 27.54260 93.77790 -1.49785
C 43.04660 72.98040 -1.26477
C 40.71240 75.34820 -1.20448
C 38.11240 77.26270 -1.30487
C 26.18280 72.79220 -2.36852
C 35.51570 79.11270 -1.61976
C 29.51450 77.08650 -2.27784
C 26.32960 75.87440 -2.47835
C 44.24610 95.86590 -0.86508
C 41.19950 95.61330 -0.89096
C 38.13730 95.35240 -0.90797
C 34.90920 95.16320 -1.05196
C 45.14670 78.41980 -1.13345
C 42.52080 80.20970 -1.21488
C 39.84250 81.99390 -1.27129
C 45.31940 81.79590 -1.19179
C 42.63420 83.47550 -1.06829
C 39.77330 85.13290 -0.87865
C 45.32120 85.08980 -1.02761
C 42.58170 86.64840 -0.84575
C 23.24350 82.88880 -1.97026
C 28.58080 83.83200 -2.09609
C 25.71630 84.94910 -2.02248
C 22.76290 86.18370 -1.98792
C 28.22700 87.09490 -1.97850
C 25.27370 88.23960 -1.93523
C 27.93970 90.44350 -1.70608
C 25.01640 91.52570 -1.78590
C 24.14670 95.10030 -1.11486
C 39.87330 71.85070 -1.24638
C 37.56840 73.98920 -1.37591
C 34.53630 72.90900 -1.49036
C 35.23350 76.13070 -1.58361
C 32.12900 74.93020 -1.83957
C 29.19810 73.89280 -2.02580
C 32.60420 78.02270 -2.19638
H 40.01700 90.86220 1.07235
H 36.79790 90.74670 0.93267
H 44.57210 94.15770 0.82920
H 35.20910 93.42340 0.60028
H 32.14470 93.01330 0.00645
H 33.22700 95.96460 0.44656
H 44.13650 76.96070 0.72255
H 41.42940 78.62960 0.42011
H 38.75640 80.45370 0.29851
H 35.91250 81.85680 0.56198
H 47.15780 78.47800 0.54718
H 35.96480 85.07330 0.42159
H 35.37730 88.07280 0.25038
H 38.39440 88.35810 0.58847
H 43.84890 89.81630 0.34576
H 46.26340 91.63580 0.92145
H 46.31840 72.74460 0.61082
H 23.40930 78.02050 0.09841
H 25.74210 80.06110 -0.36003
H 28.11040 82.18270 -0.34456
H 30.51730 84.15650 -0.57094
H 33.05350 85.98900 -0.56746
H 32.67550 88.99950 0.16045
H 29.73150 90.48330 0.02343
H 26.71420 91.82250 0.13643
H 23.47010 92.84550 -0.34143
H 29.37280 93.70380 0.02722
H 41.37800 93.85050 0.77834
H 38.29020 93.54740 0.74810
H 44.37480 80.18270 0.46649
H 41.63690 81.82990 0.43789
H 38.80330 83.58120 0.33403
H 47.25010 81.78310 0.36611
H 44.48160 83.36470 0.55121
H 41.75130 84.94200 0.69656
H 47.19770 85.07550 0.57072
H 44.48670 86.69180 0.67402
H 41.36370 87.95340 0.81044
H 46.98850 88.63830 0.62175
H 25.09170 83.22700 -0.37342
H 27.54880 85.31960 -0.41053
H 24.59930 86.44360 -0.36617
H 30.08690 87.28840 -0.37743
H 27.13150 88.55480 -0.29417
H 24.10900 89.70320 -0.30890
C 42.08240 89.73320 2.29566
C 34.42150 90.09660 1.44194
C 46.21690 93.57050 2.54247
C 43.11420 92.78520 2.18143
C 39.90770 92.59020 2.42331
C 36.68210 92.50010 2.38071
C 33.57220 92.19380 1.84419
C 31.17030 94.94010 1.16956
C 45.05640 74.68740 1.59659
C 41.95510 76.79650 2.12221
C 39.32760 78.75150 1.92140
C 36.78560 80.71840 1.83905
C 36.91590 83.80730 2.06213
C 36.62490 87.08590 2.10174
C 39.73100 87.13620 2.43421
C 45.11770 88.52130 2.24911
C 45.26360 71.14660 2.23950
C 26.84190 95.65780 1.80890
C 23.69580 79.53350 1.34860
C 30.02980 80.78710 0.40060
C 26.20620 81.59930 1.24061
C 31.73450 82.19790 0.22428
C 31.18820 85.72620 1.16071
C 33.54710 87.22280 1.60617
C 30.71350 88.74330 1.53375
C 30.40120 91.95300 1.50920
C 27.64290 93.67820 1.71360
C 42.96220 73.33650 2.04555
C 40.52630 75.23130 1.98401
C 37.89670 77.24410 1.90601
C 25.80990 73.18800 0.97174
C 35.34000 79.39260 1.54211
C 29.11090 77.36630 0.89211
C 26.15720 76.10530 0.75888
C 44.34870 96.12040 2.29131
C 41.17220 95.74550 2.36337
C 37.98880 95.48820 2.23973
C 34.86340 95.24730 2.11946
C 45.03060 78.42050 2.18989
C 42.49750 80.18330 2.07595
C 39.71480 81.96770 1.99294
C 45.46010 81.70520 2.10560
C 42.65450 83.23210 2.19621
C 39.80440 85.08230 2.12182
C 45.32110 84.97340 2.22883
C 42.68560 86.51860 2.29826
C 23.28050 82.92920 1.30078
C 28.70190 83.76230 1.16568
C 25.75210 84.95930 1.23241
C 22.78120 86.16770 1.28532
C 28.26020 87.02630 1.26893
C 25.23550 88.17140 1.28923
C 27.66710 90.27480 1.54057
C 24.58640 91.45220 1.44177
C 24.00990 95.02940 0.73602
C 39.83840 72.05710 2.03193
C 37.31240 74.10800 1.92081
C 34.31360 73.08060 1.72270
C 34.79110 76.16040 1.59139
C 31.89830 75.22770 1.34486
C 28.85120 74.16560 1.12790
C 32.30710 78.40290 1.06990
C 53.38450 -1.14714 -1.28884
C 50.20840 -1.20649 -1.74424
C 47.21380 -1.23539 -1.24492
C 53.83840 4.76545 -1.35137
C 50.58900 4.79736 -1.22582
C 48.56490 7.25991 -1.42918
C 58.38460 1.00344 -1.35348
C 57.20630 4.07833 -1.48769
C 56.09330 6.95704 -1.66615
C 58.43170 9.54041 -1.87707
C 69.75120 9.89083 -2.38987
C 66.74560 10.75260 -2.13863
C 63.62990 11.76280 -1.52257
C 60.58930 12.11970 -2.18595
C 69.95650 13.59940 -2.14744
C 66.79690 12.84270 -2.02723
C 64.70360 15.37810 -1.92580
C 61.38580 15.25020 -1.82204
C 62.59040 17.98600 -1.63411
C 60.87770 20.50540 -1.77740
C 61.84060 23.24460 -1.88340
C 58.60630 23.27020 -1.63986
C 52.47650 7.92994 -0.69593
C 50.31420 10.15140 -1.40320
C 55.23440 10.06180 -1.77878
C 55.58510 13.41510 -1.30799
C 58.15870 15.36910 -1.37979
C 58.70110 18.42630 -0.76804
C 55.31240 19.97370 -1.22006
C 55.42960 23.41840 -0.73431
C 55.23750 1.69292 -1.36475
C 52.10490 1.90353 -1.50473
C 48.79670 1.70381 -1.32869
C 67.68020 -1.04906 -1.65299
C 64.50530 -0.32541 -1.51394
C 61.46080 0.32263 -1.40298
C 69.81910 1.31057 -1.75927
C 66.68980 2.05819 -1.73480
C 63.59740 2.70174 -1.65994
C 60.39460 3.38521 -1.62190
C 68.84820 4.40459 -1.84807
C 65.71870 5.07795 -1.84560
C 62.59970 5.78744 -1.89085
C 59.31090 6.42049 -1.84646
C 70.98230 6.89054 -1.83139
C 67.74870 7.46617 -1.98508
C 64.76340 8.16171 -2.06687
C 61.67430 8.82273 -2.10220
C 71.26790 16.67290 -1.90541
C 67.95390 16.00650 -1.90729
C 69.06200 18.94620 -1.92310
C 65.83500 18.43620 -1.79904
C 70.15160 22.07820 -2.12787
C 66.95580 21.32000 -1.98570
C 63.84560 20.78310 -1.74309
C 52.84120 11.83650 -1.38136
C 50.14620 13.44560 -1.25354
C 52.82030 15.10390 -1.15698
C 49.98510 16.52970 -1.01261
C 55.40740 16.77860 -1.20216
C 52.56530 18.24600 -1.08731
C 49.78260 19.70190 -0.92217
C 52.45550 21.47290 -1.08782
C 49.58450 22.81030 -0.92743
H 54.96420 -0.03762 0.34719
H 51.82750 -0.11212 -0.14022
H 53.71210 2.81656 0.17473
H 52.31920 5.71039 0.51445
H 50.10620 8.03959 -0.08836
H 58.10940 -0.65184 0.39958
H 57.05070 2.33584 0.17470
H 55.77210 5.25396 0.14757
H 57.97530 7.65319 -0.19320
H 54.86650 8.51609 -0.21576
H 69.69960 8.08340 -0.51699
H 66.46390 8.95739 -0.23364
H 63.20300 9.50012 -0.69208
H 60.06560 10.13970 -0.53850
H 70.28110 11.80710 -1.00512
H 71.35530 14.75800 -0.36185
H 68.22670 14.11490 -0.34676
H 64.99350 13.62410 -0.51894
H 63.06270 16.07620 -0.15648
H 60.96250 18.84560 0.04514
H 59.42860 21.52470 -0.01890
H 52.16230 10.17450 0.25533
H 49.36050 11.66840 0.29657
H 54.88640 11.88460 0.05872
H 57.57650 13.67790 0.54253
H 60.04420 15.78770 0.24736
H 57.26540 16.84930 0.41931
H 57.05950 20.12620 0.19958
H 54.30480 21.56490 0.50707
H 51.50620 23.02910 0.59554
H 48.90220 -0.24653 0.19196
H 50.46920 2.72073 0.15498
H 48.62710 5.30626 0.21968
H 69.47200 -0.44535 -0.12238
H 66.37070 0.27707 -0.09139
H 63.24770 1.04269 0.09141
H 60.16860 1.71485 0.16470
H 68.49650 2.62404 -0.20025
H 65.38380 3.36460 -0.11852
H 62.24130 4.08785 -0.17013
H 59.08980 4.73393 -0.06156
H 70.63730 4.96833 -0.21738
H 67.49640 5.69971 -0.23690
H 64.36630 6.45247 -0.29770
H 61.15570 7.08018 -0.35185
H 61.64970 13.09970 -0.56790
H 69.44770 17.13890 -0.24367
H 66.22260 16.56570 -0.24977
H 70.51800 20.28430 -0.46642
H 67.36220 19.59980 -0.24910
H 64.19010 19.04330 -0.08730
H 68.38920 22.64690 -0.53299
H 65.33410 22.04270 -0.36045
H 62.26730 21.63510 -0.15620
H 52.00930 13.38210 0.36388
H 49.14780 14.81810 0.48788
H 54.69000 15.06070 0.42065
H 51.83770 16.56290 0.56354
H 49.01100 17.99640 0.66221
H 54.47600 18.30060 0.45113
H 51.69220 19.81440 0.57783
H 48.85590 21.20950 0.76582
C 53.13380 -0.29318 1.92044
C 50.55750 95.77240 1.32810
C 47.55700 -1.02723 2.09687
C 53.90720 4.76207 1.83043
C 50.40810 4.59379 1.81351
C 48.62940 7.22849 1.80770
C 58.45920 1.25926 1.84644
C 57.46640 4.23144 1.67051
C 56.16130 7.00532 1.44174
C 58.13150 9.64000 1.17003
C 70.25950 10.12790 0.84752
C 67.17440 10.91840 1.34017
C 63.55630 11.75660 0.33595
C 59.72200 12.23780 0.87363
C 70.02050 13.20390 1.06825
C 66.70150 12.91120 1.19892
C 64.84730 15.28090 1.35879
C 61.54470 14.80750 1.42133
C 62.70620 17.87560 1.50303
C 61.02000 20.67300 1.69987
C 62.02010 23.47820 1.33508
C 58.83760 23.47250 1.49022
C 52.92720 8.05312 1.29288
C 50.21960 9.76527 1.70680
C 56.07910 10.10650 1.32217
C 55.81390 13.38600 1.92068
C 58.44460 15.54250 2.17060
C 58.81760 18.56330 1.18694
C 55.60940 19.94720 1.96867
C 55.60760 23.55790 1.11723
C 55.34520 1.94496 1.81737
C 52.18830 1.58471 1.62951
C 48.98690 1.56688 1.84554
C 67.74270 -0.92056 1.52486
C 64.67920 -0.18238 1.64130
C 61.57240 0.56124 1.81324
C 69.89830 1.41653 1.40339
C 66.76680 2.14130 1.46198
C 63.62390 2.96835 1.52381
C 60.56140 3.67161 1.56860
C 68.85620 4.42022 1.40656
C 65.68750 5.24542 1.41622
C 62.56040 5.98868 1.35680
C 59.45510 6.67008 1.41650
C 70.96750 6.87171 1.31897
C 68.03440 7.56902 1.33359
C 64.72500 8.51331 1.13981
C 61.53070 9.04880 1.13901
C 71.22410 16.46570 1.40571
C 68.01790 15.86840 1.35916
C 69.24730 19.06580 1.27815
C 66.04580 18.39460 1.39870
C 70.14760 22.17100 1.10956
C 67.09860 21.54590 1.21889
C 64.00150 20.93660 1.35794
C 53.15310 11.77560 1.82763
C 50.21280 13.24140 2.02775
C 52.87560 14.93450 2.06331
C 50.01950 16.35630 2.16120
C 55.44420 16.71110 2.06124
C 52.70210 18.21320 2.13688
C 49.91510 19.61000 2.24752
C 52.77020 21.46350 2.12912
C 49.70930 22.88350 2.28863
C 72.02360 28.41310 -2.55664
C 61.71610 26.25510 -0.98767
C 69.47350 30.17930 -3.28890
C 66.24530 29.22260 -3.12998
C 62.99600 29.00310 -2.58769
C 57.66600 26.47580 -1.89397
C 54.68620 27.01380 -1.58932
C 51.73500 27.52940 -1.56815
C 59.76120 28.91480 -2.07517
C 50.36450 30.56060 -1.64479
C 61.38360 31.70470 -2.58578
C 63.21720 34.12330 -3.41558
C 62.71100 37.68390 -2.70487
C 61.52230 40.84880 -2.12881
C 47.71090 42.28210 -1.30405
C 59.66840 43.55880 -2.54794
C 56.51590 43.77770 -2.44920
C 50.02300 44.91070 -2.13831
C 55.92620 47.04660 -1.85454
C 52.37520 47.31930 -2.09043
C 49.21680 25.92200 -1.06662
C 69.52370 33.53100 -2.32201
C 66.58720 32.73660 -2.92398
C 67.40060 35.81460 -2.12813
C 66.01470 38.37240 -1.98263
C 64.77750 41.15070 -2.36292
C 63.06130 43.97680 -2.47029
C 60.98570 46.56260 -2.40853
C 48.17010 45.97470 -1.87241
C 71.07030 25.09750 -2.35643
C 67.83570 24.30190 -2.23020
C 64.81600 23.71080 -2.04277
C 68.71850 27.26660 -2.64654
C 65.40550 26.56150 -2.33435
C 56.62430 29.57270 -1.89294
C 53.49340 30.17550 -1.76337
C 58.32870 32.14210 -2.26047
C 55.22920 32.68220 -2.07205
C 52.13010 33.17700 -1.84428
C 48.97290 33.56090 -1.67422
C 60.05220 34.66380 -2.79779
C 57.00440 35.30050 -2.41608
C 53.92760 35.70230 -2.14102
C 50.81750 36.04530 -1.94173
C 58.97520 37.93080 -2.76870
C 55.78280 38.36950 -2.33500
C 52.61530 38.72870 -2.08808
C 49.47980 39.01600 -1.98824
C 57.73950 40.85590 -2.51493
C 54.51650 41.26030 -2.27107
C 51.23500 41.75730 -2.06500
C 53.31690 44.13460 -2.32953
C 52.29120 24.61020 -1.16432
C 70.63510 35.30930 -1.99610
C 69.26030 38.29370 -2.06274
C 71.08390 40.86030 -2.12031
C 67.84140 41.00940 -2.16587
C 69.51010 43.71060 -2.26036
C 66.28110 43.88710 -2.33251
C 71.18540 46.39070 -2.32816
C 67.93610 46.69450 -2.33358
C 64.54110 46.75830 -2.42724
H 63.25340 24.52010 -0.42658
H 60.36630 24.35530 -0.26144
H 69.98700 28.73950 -1.24341
H 63.82050 27.54690 -0.75971
H 67.75010 30.86540 -2.17735
H 64.78460 30.35370 -1.46755
H 57.39070 24.81360 -0.07296
H 54.24810 25.42320 0.12632
H 59.64570 27.42360 -0.56735
H 53.39220 28.47780 -0.03540
H 50.24640 29.01520 -0.19326
H 61.66870 30.09120 -0.78493
H 48.98340 31.81680 0.04565
H 63.18850 32.80170 -1.21529
H 62.04960 35.56550 -1.66287
H 60.69090 38.59460 -1.66274
H 47.90210 39.98850 -0.33594
H 59.47590 41.64650 -0.92675
H 49.98440 42.91580 -0.63946
H 58.18900 44.52700 -0.55778
H 55.10200 44.93360 -0.78758
H 51.97870 45.36540 -0.55124
H 51.16050 26.16010 0.34249
H 48.31330 27.42560 0.75709
H 70.68250 33.58290 -0.22668
H 67.58910 33.77120 -0.95125
H 65.14050 34.71000 -2.52444
H 65.97180 36.51470 -0.17726
H 64.60270 39.35630 -0.66719
H 63.17760 42.13980 -0.79417
H 61.25340 44.55550 -0.87280
H 47.17180 44.44910 -0.27797
H 71.42000 23.44690 -0.53695
H 69.24640 25.69580 -0.84913
H 66.21620 25.04510 -0.60556
H 66.94920 27.97750 -1.15740
H 56.53610 27.86270 -0.10727
H 58.47550 30.41960 -0.47132
H 55.33330 30.96680 -0.31625
H 52.16170 31.44350 -0.15008
H 60.18180 33.06890 -0.93127
H 57.05780 33.55310 -0.71440
H 53.94240 33.95900 -0.43510
H 50.75350 34.33280 -0.17457
H 58.93440 36.05090 -1.08521
H 55.74070 36.52490 -0.73193
H 52.56180 36.89940 -0.48109
H 49.36950 37.19000 -0.29877
H 57.67200 39.01900 -0.88101
H 54.42280 39.44030 -0.61071
H 51.22340 39.84910 -0.36587
H 56.32320 41.94490 -0.79397
H 53.13800 42.37690 -0.54525
H 48.62290 24.35460 0.67825
H 69.14120 36.42730 -0.53821
H 70.95100 39.06470 -0.45948
H 67.74060 39.27120 -0.43536
H 69.47760 41.90670 -0.61855
H 66.26280 42.09880 -0.63728
H 71.18860 44.58440 -0.67377
H 67.92920 44.77800 -0.70053
H 64.66700 44.88380 -0.81330
C 71.62540 28.54940 0.63061
C 62.47090 26.44960 0.79630
C 68.92780 30.67000 -0.12617
C 66.85170 30.06680 -0.06767
C 63.67900 29.59260 0.62145
C 58.18550 26.72210 1.36788
C 54.82950 27.34610 1.60908
C 51.70600 28.11430 1.64792
C 60.12010 29.35190 1.03975
C 50.58620 30.79280 1.56323
C 61.77620 32.09440 0.69749
C 64.00590 34.97390 -0.26248
C 62.87720 37.71460 -0.73196
C 61.51100 40.45290 -0.20181
C 47.91520 42.27890 0.58225
C 59.97230 43.30770 0.91667
C 56.77140 43.83870 0.78927
C 50.21060 44.76190 1.06864
C 56.18400 46.98510 0.02607
C 52.60430 47.37280 0.91016
C 49.65350 25.90870 2.22070
C 68.76410 32.57560 0.77298
C 65.59510 32.61370 -1.27961
C 67.39900 35.37470 0.89376
C 66.03630 38.56090 1.21549
C 64.64420 41.23150 0.96796
C 63.03380 44.02090 0.81791
C 61.09300 46.48080 0.74788
C 48.45350 45.97840 1.08653
C 70.95760 25.40130 0.85190
C 68.01210 24.57560 0.91361
C 64.96450 23.90510 1.11851
C 68.68890 27.62190 0.49507
C 65.75820 27.01490 0.71252
C 56.86000 29.90250 1.31538
C 53.71520 30.40600 1.43756
C 58.64190 32.50260 0.87368
C 55.54730 32.97600 1.11217
C 52.37850 33.35090 1.35769
C 49.14240 33.72160 1.58313
C 60.72320 35.11720 0.35015
C 57.38870 35.52210 0.75220
C 54.17670 35.88690 1.04454
C 51.02860 36.26410 1.29921
C 59.53730 37.96730 0.38794
C 56.04170 38.37980 0.86462
C 52.83950 38.72460 1.13004
C 49.57940 39.09600 1.29501
C 57.87730 40.84030 0.77755
C 54.73280 41.26930 0.97044
C 51.36750 41.84590 1.11996
C 53.63180 44.23410 1.05386
C 52.52430 24.87350 1.88686
C 70.70370 35.36190 1.07262
C 69.28070 38.20030 1.11493
C 70.97650 40.95030 1.09363
C 67.81640 41.20340 1.03739
C 69.52020 43.81910 0.94250
C 66.21750 44.00590 0.90217
C 71.32520 46.47480 0.86865
C 67.90690 46.74180 0.83142
C 64.65370 46.86100 0.63643
C 52.02890 61.26240 -1.59732
C 48.77420 61.41740 -1.31415
C 57.83590 65.14470 -0.90021
C 54.32980 64.31580 -1.36879
C 47.85280 63.93990 -1.60508
C 58.94710 68.22470 -1.35306
C 63.00560 71.80960 -1.41766
C 59.94750 71.23040 -1.30570
C 65.95080 49.89800 -1.74650
C 62.50070 49.30000 -2.33600
C 71.59760 51.62880 -2.66100
C 68.34490 52.56630 -2.07850
C 71.97640 54.83980 -1.52131
C 72.01460 69.55570 -1.65379
C 50.62320 48.41530 -2.28650
C 51.29350 51.74110 -1.30529
C 50.02730 55.01870 -1.70145
C 50.07840 58.25660 -0.81445
C 59.49720 48.31380 -2.40826
C 63.09900 52.18690 -2.25145
C 60.10970 51.55430 -2.10298
C 57.03380 50.64470 -2.26394
C 70.25040 56.40950 -1.16014
C 67.17180 55.58810 -0.76345
C 64.21170 55.21480 -1.67836
C 54.68150 53.19720 -2.10038
C 71.49510 59.97370 -1.32627
C 52.22530 55.35600 -1.70266
C 56.62240 59.20600 -1.63098
C 53.60640 58.58070 -1.56821
C 60.76190 62.85250 -1.43013
C 57.64880 62.15950 -1.62436
C 70.84090 68.03990 -1.23535
C 61.43380 65.88850 -1.33548
C 68.91670 70.78680 -1.28864
C 65.39900 69.77790 -1.30332
C 62.16620 68.89250 -1.26087
C 50.98490 64.04200 -1.40756
C 55.66670 67.53360 -1.40264
C 52.52240 67.20090 -1.47516
C 49.26830 66.93170 -1.61585
C 56.80790 70.61230 -1.30832
C 53.64740 70.30010 -1.38387
C 50.42460 69.92980 -1.37136
C 69.66190 49.18810 -2.46588
C 47.80410 49.71960 -2.02061
C 47.55940 52.96910 -1.86876
C 53.93490 50.04370 -2.17262
C 61.06110 54.63410 -1.84360
C 57.88300 53.82660 -1.95013
C 68.17820 58.72960 -1.28373
C 65.07930 58.30460 -1.47982
C 62.00060 57.63120 -1.57164
C 58.81980 56.92580 -1.72889
C 55.55110 56.25450 -1.80700
C 68.94590 62.01740 -1.42255
C 65.90690 61.29890 -1.40404
C 62.88160 60.58960 -1.40778
C 59.84560 59.85610 -1.52747
C 69.90370 65.21520 -1.32431
C 66.76140 64.44560 -1.29491
C 63.74750 63.65200 -1.33337
C 67.68760 67.53800 -1.29946
C 64.51190 66.70370 -1.23699
H 71.82730 56.61190 0.50518
H 53.45850 62.19750 -0.32587
H 50.51270 62.20520 0.16387
H 47.55620 62.60590 0.44894
H 59.62260 66.43770 0.21186
H 55.68420 65.88440 -0.04791
H 60.35020 69.41880 0.29498
H 54.24460 48.46100 -0.68968
H 62.74100 47.37400 -0.84172
H 68.31130 50.28540 -1.00517
H 63.81370 50.43750 -0.54745
H 70.70110 52.77740 -1.00681
H 49.78070 49.89210 -0.36111
H 49.43550 53.09610 -0.25872
H 48.84990 56.26280 0.14183
H 48.35240 59.58190 0.33824
H 60.66890 49.65100 -0.68301
H 57.50860 48.80610 -0.96373
H 64.61470 53.52290 -0.64039
H 61.50220 52.68100 -0.37096
H 55.36250 51.37200 -0.55435
H 68.60230 57.22460 0.65246
H 65.43420 56.47800 0.03583
H 52.90770 53.41920 -0.35605
H 69.54760 60.23480 0.31249
H 53.78880 56.62300 -0.01552
H 70.21340 63.33910 0.24578
H 55.01370 59.68790 0.31808
H 52.03290 59.43890 0.17521
H 71.22320 66.25470 0.69185
H 58.97430 63.29170 0.14705
H 55.99080 62.67790 -0.33953
H 68.97090 68.77530 0.22043
H 62.70920 67.13140 0.33755
H 66.87440 71.15870 0.44879
H 63.54260 70.12220 0.32645
H 52.51510 65.26270 0.12537
H 49.27530 65.11650 -0.01180
H 57.15870 68.75040 0.28595
H 53.88490 68.42150 0.18761
H 50.75210 67.97950 0.05960
H 55.09550 71.32690 0.30399
H 51.93810 70.98400 0.24222
H 48.80040 70.61190 0.34270
H 69.68200 47.43380 -0.68851
H 66.41440 47.56450 -1.00377
H 71.51180 49.78740 -0.93220
H 58.29970 51.89160 -0.46218
H 62.35970 55.72400 -0.10252
H 59.22560 54.98610 -0.22638
H 56.06470 54.29830 -0.36304
H 66.38160 59.51000 0.20740
H 63.30400 58.75470 0.14544
H 60.17410 57.98890 -0.00564
H 57.00510 57.29540 -0.10771
H 67.19600 62.59330 0.21480
H 64.16940 61.84190 0.21279
H 61.10070 61.04300 0.17046
H 58.04210 60.31730 0.00768
H 68.10770 65.69070 0.33304
H 64.98730 64.90350 0.33241
H 61.97010 64.10360 0.24834
H 65.85110 67.99530 0.34263
C 52.22680 61.33290 1.71970
C 49.03080 61.33300 1.94094
C 57.74460 65.15080 1.08943
C 54.43570 64.08540 1.10479
C 47.36940 64.79710 1.48840
C 58.97110 68.15320 1.87870
C 62.98800 71.77850 2.05189
C 59.96600 71.19090 1.92167
C 66.11650 49.80370 0.09671
C 62.57220 49.21050 0.89908
C 71.11570 51.26490 1.00787
C 68.22290 52.62140 -0.18054
C 72.50750 54.21660 0.26940
C 72.12850 69.49500 2.15565
C 50.85250 48.35970 1.39633
C 51.37010 51.65260 0.54479
C 50.19020 54.69750 1.53036
C 50.22040 58.06690 1.09339
C 59.43300 48.04730 0.63223
C 63.32640 52.16050 1.20977
C 60.09550 51.27620 1.09539
C 56.99200 50.25660 0.94517
C 70.49820 56.33170 2.15990
C 67.34770 55.34150 1.18923
C 64.08720 55.03880 1.47343
C 54.74360 52.92210 1.24413
C 71.36380 59.95390 2.10258
C 52.29290 55.00570 1.42070
C 56.57290 59.08880 1.59636
C 53.46050 58.30250 1.86658
C 60.65820 62.77230 1.79648
C 57.49000 62.05390 1.60817
C 70.62320 68.29850 2.11743
C 61.34280 65.82220 1.87059
C 68.75650 70.90710 1.72576
C 65.28970 69.72480 2.01739
C 62.12330 68.89040 1.89729
C 50.79280 64.18890 1.62598
C 55.57740 67.53560 1.78694
C 52.38640 67.16500 1.73611
C 49.18970 66.94680 1.60664
C 56.81330 70.58640 1.90157
C 53.62140 70.19660 1.87247
C 50.57080 69.71900 1.79930
C 69.76950 49.46050 0.77145
C 47.95360 49.69700 1.41242
C 47.60200 52.84640 1.39530
C 54.89890 49.77810 1.28678
C 60.98220 54.34660 1.37010
C 57.81940 53.59630 1.22798
C 68.04490 58.83660 2.00392
C 65.05610 58.15470 1.74072
C 61.91160 57.42870 1.60855
C 58.76980 56.66280 1.51628
C 55.50460 55.99370 1.41371
C 68.90620 62.11810 1.92465
C 65.88910 61.30580 1.82761
C 62.85520 60.51420 1.75566
C 59.73780 59.72690 1.65199
C 70.04450 65.24730 1.87746
C 66.79840 64.35570 1.88290
C 63.68520 63.56600 1.87659
C 67.65890 67.52530 1.94914
C 64.49830 66.66840 1.93405
C 69.63840 87.24180 -2.22709
C 67.57980 87.61090 -1.85319
C 64.39100 88.27100 -1.09106
C 61.45740 89.29820 -1.37378
C 60.22640 92.25290 -1.05320
C 57.22110 93.19030 -1.10403
C 56.38650 96.19940 -1.19701
C 47.84960 76.80910 -1.32766
C 51.27220 78.37760 -1.30711
C 53.97270 80.53100 -1.46366
C 59.28050 84.88570 -1.57245
C 48.00670 90.56850 -0.60602
C 59.21630 87.15290 -1.29071
C 56.01310 88.47430 -1.11031
C 50.80490 91.88690 -0.61741
C 56.30360 91.45000 -1.18228
C 53.84120 93.50980 -0.24742
C 64.18630 74.92730 -1.36194
C 48.27140 72.61860 -1.03359
C 62.33350 77.23160 -1.31593
C 52.82200 75.60930 -1.24002
C 49.47680 75.52620 -1.09615
C 63.52220 80.26520 -1.62445
C 60.33850 79.55530 -1.42066
C 56.90010 79.08920 -1.36869
C 53.42560 78.57360 -1.11672
C 65.12420 82.98380 -1.27151
C 61.60430 82.67690 -1.32511
C 62.25750 85.80350 -0.52691
C 71.64080 72.69880 -1.46805
C 68.94740 74.24790 -1.68531
C 68.52000 77.73420 -1.23091
C 65.99670 75.76070 -1.58391
C 69.06950 80.77540 -1.72132
C 68.76590 84.15910 -1.40450
C 69.44190 90.31490 -1.73041
C 66.36660 91.08720 -1.58966
C 63.32240 91.77700 -1.28865
C 68.57680 93.39940 -1.64728
C 65.49560 94.13890 -1.46288
C 62.38990 94.81040 -1.30860
C 59.40130 95.51310 -1.19670
C 70.67100 95.73780 -1.79631
C 47.99980 80.11270 -1.37498
C 50.91920 81.88940 -1.37571
C 48.07740 83.53970 -1.18200
C 57.35320 82.16560 -0.79037
C 53.76250 83.70390 -1.26195
C 50.87600 85.21110 -1.11361
C 47.91900 86.97070 -0.95038
C 56.42820 85.45830 -1.11400
C 53.56140 86.85510 -0.98723
C 50.84120 88.48420 -0.94460
C 53.43140 90.11300 -0.81655
C 61.09950 74.22810 -1.26848
C 57.91850 73.71950 -1.26620
C 54.74900 73.18790 -1.25062
C 51.48320 72.87370 -1.23772
C 59.15840 76.60430 -1.34593
C 55.81280 76.09250 -1.31937
C 71.61990 75.94620 -1.55376
H 47.52310 94.44530 0.50877
H 67.33350 85.90750 -0.06812
H 60.92820 87.66650 0.46579
H 69.19850 88.46890 -0.13113
H 66.18190 89.02880 -0.24643
H 63.12170 89.99210 0.36418
H 59.97470 90.76470 0.24548
H 59.02340 93.81210 0.49086
H 55.93050 94.51100 0.52963
H 50.15080 80.26290 -0.00861
H 52.89500 81.98890 0.25234
H 59.49860 83.01160 0.06715
H 55.74220 83.70680 0.26339
H 58.26800 85.79520 0.52729
H 58.04160 88.71090 0.49329
H 55.38080 90.07110 0.74503
H 52.65970 91.62250 1.08315
H 48.89960 92.36480 1.02381
H 64.52630 73.01310 0.34095
H 61.38130 72.40050 0.30717
H 62.49710 75.37380 0.38342
H 49.91870 73.58500 0.58870
H 63.67180 78.16980 -0.07994
H 54.22500 76.79440 0.43909
H 51.13790 76.49080 0.36651
H 65.03330 80.92880 0.36731
H 61.84020 80.73040 0.15994
H 58.53060 80.22450 0.06806
H 55.75090 80.62480 0.13045
H 63.26050 83.60310 0.45381
H 69.74800 72.71490 0.12936
H 67.12280 74.22070 0.18994
H 66.59390 77.26270 0.49458
H 67.34460 79.91720 -1.04995
H 70.49610 85.67570 -0.59157
H 67.25190 82.83140 0.10300
H 50.48440 94.50370 -0.51692
H 68.19760 91.59620 -0.01114
H 65.18480 92.34780 0.17772
H 62.07790 93.08850 0.35324
H 70.41590 93.95430 -0.15482
H 67.33640 94.70090 0.00291
H 64.23290 95.42650 0.16367
H 61.18020 96.14580 0.34059
H 49.98190 83.44610 0.40775
H 52.73940 85.12420 0.52702
H 49.89670 86.73590 0.57401
H 55.39950 86.87370 0.62777
H 52.65440 88.35480 0.70819
H 49.97310 90.00190 0.72193
H 58.21750 71.82930 0.29708
H 59.36980 74.84830 0.31687
H 56.20900 74.32420 0.33224
H 53.06270 73.81180 0.36640
H 60.52550 77.81550 0.28795
H 57.35050 77.25730 0.19565
H 69.71280 75.95430 -0.03219
H 70.12580 79.23560 -0.06435
H 70.21380 82.49690 -0.29629
C 70.46720 87.08910 1.40406
C 67.43150 87.45180 1.31573
C 64.89190 89.18910 1.89068
C 61.42310 89.51460 2.08913
C 60.43410 92.57710 2.10007
C 57.28640 93.42280 2.24356
C 56.36190 -1.07738 2.06256
C 47.68210 76.39660 1.97915
C 51.15470 78.48540 1.73804
C 54.13160 80.46810 1.85687
C 59.78960 84.23160 1.76679
C 48.02190 90.26240 2.20857
C 59.27100 87.20400 2.28886
C 56.24810 88.35950 2.37407
C 50.92090 91.54920 2.44692
C 56.54790 91.47920 2.53787
C 53.76120 93.82320 1.59966
C 64.17540 74.83160 2.14065
C 48.39610 72.34880 2.07860
C 62.25910 77.25370 1.93323
C 52.76250 75.56480 2.02228
C 49.59240 75.59170 2.10565
C 63.74150 80.14050 1.73362
C 60.25570 79.76560 1.74641
C 56.98260 79.17480 1.64911
C 53.59540 78.51640 2.14763
C 65.42180 83.05690 1.83778
C 62.18380 82.45490 2.01798
C 62.61950 85.97270 1.22093
C 71.59770 72.70670 1.82040
C 69.10220 74.45350 1.84835
C 68.37890 77.85520 0.83253
C 66.12220 75.44040 2.29308
C 68.70570 80.96790 0.91128
C 69.10590 84.33730 0.92271
C 69.57150 90.22960 1.51260
C 66.39260 90.76030 1.53552
C 63.51980 91.91140 1.91306
C 68.73300 93.43170 1.55601
C 65.66710 94.18920 1.70712
C 62.59020 94.90090 1.87860
C 59.49120 95.68820 2.02849
C 70.87740 95.78400 1.40547
C 48.24550 79.91490 1.84807
C 51.08880 81.77590 1.91239
C 48.15410 83.34830 2.09640
C 57.40280 82.13040 1.06921
C 53.93350 83.48430 1.94770
C 50.85880 85.01590 2.12121
C 47.94630 86.87110 2.14490
C 56.45110 85.21270 2.06422
C 53.57840 86.65750 2.23215
C 50.79350 88.31470 2.29833
C 53.62130 89.75870 2.49485
C 61.04540 74.19020 1.94561
C 57.94750 73.68040 1.91127
C 54.82720 73.12020 1.92725
C 51.66880 72.65390 2.04041
C 59.06810 76.65110 1.87643
C 55.98140 76.14690 1.96349
C 71.52440 76.10640 1.63993
C 88.19740 2.75454 -2.40577
C 92.42350 5.57086 -1.89638
C 88.67300 5.75005 -1.05480
C 92.93730 8.27883 -2.00094
C 81.83540 1.42677 -2.54764
C 78.30850 2.22988 -2.26442
C 77.42360 5.26876 -2.02668
C 74.10800 6.00305 -2.00521
C 73.88700 7.97896 -2.34008
C 71.67780 10.70440 -2.68798
C 73.22230 13.44660 -1.21952
C 74.87940 17.49840 -1.16346
C 75.48490 20.83660 -1.90238
C 84.94220 3.85002 -2.05599
C 81.81770 4.47493 -1.24315
C 79.05480 6.39942 -2.10183
C 84.79720 6.87790 -1.88559
C 79.17650 9.79003 -1.91905
C 76.12450 10.87820 -1.85198
C 90.76670 8.11118 -2.08212
C 87.48730 8.88521 -1.93274
C 75.97870 14.06460 -1.78723
C 93.42800 10.19170 -2.32470
C 78.34010 15.74480 -1.81567
C 95.96370 12.15790 -2.84967
C 80.56910 17.71940 -1.87839
C 95.46240 15.39760 -1.77545
C 79.96890 21.03640 -2.07092
C 94.16190 18.63470 -1.94035
C 91.36210 19.76550 -1.81098
C 88.22910 20.60180 -2.23408
C 85.37630 21.80250 -2.09419
C -0.99547 20.58650 -2.17388
C 94.41130 23.83360 -2.26735
C -1.13070 0.78579 -2.14730
C 93.27270 0.33603 -2.25926
C 90.05230 0.07049 -2.46287
C 86.09610 0.13719 -1.71546
C 94.51210 3.22636 -2.01755
C 91.38800 2.91364 -2.17614
C 95.58620 6.10940 -2.00142
C 79.15610 -0.77778 -2.37950
C 76.00340 -0.12954 -2.11897
C 72.88750 0.59970 -1.90406
C 75.12840 2.95963 -1.97109
C 71.99350 3.68359 -1.83559
C 72.45590 19.66660 -1.88536
C 73.28630 22.95210 -2.04388
C 81.94010 8.15342 -1.80795
C 84.58860 10.17760 -1.79805
C 81.66710 11.47920 -1.75441
C 78.77320 12.71080 -1.71400
C 89.82940 11.13520 -2.20746
C 86.90700 12.27720 -1.91104
C 84.05030 13.41120 -1.80623
C 81.14880 14.64550 -1.71036
C 92.44660 13.30100 -2.21992
C 89.45950 14.33490 -2.03173
C 86.45150 15.49410 -1.90556
C 83.49440 16.60870 -1.83916
C 91.92840 16.45490 -2.01239
C 89.00210 17.53890 -1.99423
C 85.88330 18.65920 -1.95717
C 82.97040 19.74270 -1.92846
H 88.30120 0.79020 -0.82171
H 89.69270 3.58037 -0.62191
H 86.76340 4.16891 -0.82817
H 93.91830 6.73770 -0.32778
H 90.87660 6.48647 -0.31268
H 84.26160 96.16730 -0.94049
H 83.09630 2.24009 -0.80901
H 80.00850 2.61554 -0.93677
H 77.00700 3.43001 -0.43330
H 75.91200 6.35437 -0.25156
H 72.88680 7.20857 -0.19822
H 74.53880 15.27680 -0.25174
H 76.08710 19.36950 0.13822
H 76.42180 22.33990 0.05482
H 83.92790 5.30712 -0.15336
H 80.98520 6.63498 -0.46496
H 78.19630 8.05323 -0.27498
H 86.92420 7.38168 -0.60424
H 75.16630 12.41730 -0.12990
H 89.48930 9.42931 -0.39349
H 77.70070 14.15050 -0.13308
H 95.34490 10.66360 -0.70180
H 91.88850 11.59160 -0.89146
H 77.10350 17.02820 0.02823
H 79.26010 19.22930 -0.16318
H 93.81890 16.70600 -0.44536
H 81.78860 21.18070 -0.34515
H 78.93840 22.35280 -1.00533
H 93.13000 19.78790 0.07059
H 90.31730 20.93310 -0.69214
H 87.37650 22.26980 -0.40729
H 96.01510 18.95950 -0.46399
H 94.70830 21.69680 -0.76555
H 94.68680 1.33353 -0.52973
H 91.51290 0.94929 -0.71623
H 95.93310 4.30372 -0.35999
H 92.79200 3.74391 -0.38294
H 72.54500 -1.19583 -0.31093
H 81.06370 -0.35148 -0.86274
H 77.87430 0.37024 -0.59764
H 74.75100 1.12481 -0.39338
H 71.63530 1.88457 -0.23094
H 73.84070 4.19564 -0.29347
H 72.62670 17.83690 -0.15937
H 73.60110 21.21030 -0.33872
H 75.33970 9.24030 -0.59549
H 83.88630 8.46035 -0.21002
H 80.91660 9.76426 -0.18167
H 77.96490 11.01410 -0.18450
H 86.47160 10.49180 -0.24156
H 83.51050 11.67270 -0.18859
H 80.57790 12.89120 -0.13330
H 88.85740 12.59020 -0.44802
H 85.92700 13.74740 -0.26473
H 83.00360 14.89470 -0.19764
H 80.04580 16.09270 -0.13414
H 91.29630 14.70000 -0.41458
H 88.32070 15.79070 -0.41107
H 85.36460 16.96140 -0.30712
H 82.35580 18.08590 -0.25315
H 90.77910 17.84690 -0.34396
H 87.79490 18.97360 -0.42483
H 84.81140 20.15640 -0.33673
C 87.96350 2.61076 0.83583
C 92.45180 5.50844 1.22295
C 89.30060 5.50642 0.89450
C 93.14250 8.44166 1.20450
C 81.71670 1.48200 0.81141
C 78.43880 2.10550 1.08762
C 77.49030 5.10260 1.35010
C 74.04960 5.90007 1.50384
C 73.35090 9.16661 1.16256
C 72.13550 10.67160 0.46966
C 73.17410 13.50460 0.74277
C 74.76640 17.33990 1.01329
C 75.18600 20.49630 1.49456
C 84.87190 3.47343 0.88028
C 82.29410 5.97477 1.57375
C 79.15070 6.24998 1.28670
C 85.22090 6.95247 1.23872
C 79.13990 9.69491 1.50987
C 76.09070 10.90840 1.42365
C 91.00920 8.27147 1.26536
C 87.71560 8.92296 1.26760
C 75.88610 14.15860 1.41858
C 93.47660 10.50820 0.87184
C 78.44800 15.60500 1.63861
C -0.56036 12.10400 0.69594
C 80.66770 17.78510 1.51110
C 95.29000 14.75700 -0.07517
C 79.76030 21.01220 1.15055
C 94.60680 18.16070 1.33049
C 91.47720 19.56300 1.34741
C 88.53950 20.60130 1.24740
C 85.69340 22.01660 1.12474
C 96.02810 20.69580 1.18930
C 94.28930 23.50360 1.08722
C -1.14145 0.53603 1.02946
C 93.12820 0.11940 0.89652
C 89.93180 -0.18026 0.75529
C 86.17620 -0.08307 0.09801
C 94.50730 3.05208 1.17894
C 91.19080 2.62253 1.02589
C 95.63740 6.06034 1.29392
C 79.42230 -0.93509 0.84548
C 76.17960 -0.17811 1.10656
C 73.04950 0.58597 1.28265
C 75.26960 2.87639 1.23550
C 72.06710 3.69920 1.33785
C 72.32990 19.60920 1.17455
C 73.18480 23.12900 1.13723
C 82.06450 8.09689 1.31012
C 84.67660 10.16160 1.35897
C 81.72300 11.43140 1.42934
C 78.73970 12.65030 1.40643
C 90.27080 11.25360 1.06943
C 87.12560 12.31710 1.29962
C 84.15150 13.42800 1.37936
C 81.20830 14.61570 1.40246
C 92.47920 13.43160 0.88633
C 89.44060 14.32570 1.17743
C 86.55520 15.51900 1.25748
C 83.60840 16.69280 1.32561
C 91.98130 16.43110 1.22692
C 88.94170 17.49730 1.22415
C 85.99430 18.70250 1.25084
C 82.99320 19.85000 1.31411
C 81.07000 47.27390 -0.70168
C 90.57100 46.54530 -1.36446
C 96.10830 46.96890 -1.30547
C 83.30310 24.71260 -2.27629
C 79.75610 24.70010 -1.72254
C 88.39190 27.15770 -2.71533
C 85.07870 27.59120 -2.54751
C 78.57750 28.70610 -2.38256
C 87.48440 30.27420 -2.36909
C 77.81860 32.00500 -2.38432
C 89.53640 32.42950 -2.13447
C 77.00580 35.33950 -2.49399
C 91.49250 34.87100 -2.01696
C 79.05770 37.61620 -2.16320
C 93.41880 37.28710 -1.92323
C 81.03600 40.05870 -1.84451
C 83.34210 42.38740 -1.49590
C 95.38470 42.93560 -1.16326
C 91.82490 43.60400 -1.30791
C 88.47920 44.04090 -1.32298
C 85.44570 44.80010 -0.85498
C 82.52030 45.66600 -0.93119
C 93.27800 45.17990 -1.58977
C 76.31830 23.91790 -2.04510
C 77.31750 26.92360 -2.17852
C 75.20240 29.82340 -1.70039
C 72.23870 31.99780 -1.25206
C 73.85520 34.91420 -2.05407
C 75.75120 37.97820 -2.14418
C 77.70970 40.64870 -2.03881
C 79.70580 43.39350 -1.27640
C 77.92010 46.21090 -2.27214
C 82.39810 22.76240 -2.15338
C 87.48500 24.08920 -2.27486
C 92.55730 26.52670 -1.97884
C 89.19190 25.29380 -2.12906
C 90.75060 29.16800 -1.29879
C 92.91380 31.80640 -1.98410
C 94.73220 34.38290 -1.85683
C 81.88480 27.78440 -2.38788
C 84.08890 30.57940 -2.45432
C 80.91390 31.00060 -2.34971
C 86.29730 33.19490 -2.27346
C 83.15920 33.71470 -2.25761
C 80.11090 34.34140 -2.29770
C 88.35080 35.59910 -2.05984
C 85.25400 36.27110 -2.04722
C 82.14960 36.87880 -2.03605
C 90.37860 38.00150 -1.84115
C 87.34700 38.66910 -1.76583
C 84.20870 39.32910 -1.75662
C 95.76290 39.76800 -1.78204
C 92.65270 40.49560 -1.70547
C 89.47630 41.05400 -1.54313
C 86.35840 41.67690 -1.44243
C 74.19390 26.11710 -2.29738
C 72.47250 38.07300 -2.10604
C 74.26910 40.72820 -2.11096
C 76.25140 43.42220 -2.10540
C 72.74820 43.45950 -2.20341
C 74.38030 45.96480 -2.52949
C 96.15120 26.21420 -1.97437
C 94.54580 28.93760 -2.04948
C 96.25300 31.74300 -1.81633
H 83.48880 47.95170 -0.29940
H 92.53860 46.76500 0.08341
H 84.87870 25.93140 -0.50910
H 81.69650 26.07020 -0.86415
H 86.93000 28.26040 -0.95370
H 80.50250 29.34600 -0.87009
H 77.44820 30.14190 -0.78146
H 89.00180 30.70250 -0.41848
H 78.71120 35.61150 -0.70954
H 93.19520 35.45510 -0.32499
H 80.71370 38.02390 -0.39492
H 95.13640 37.90740 -0.39325
H 82.78260 40.38960 -0.05980
H 94.43360 40.86630 -0.09560
H 81.91260 43.45470 -0.13106
H 93.59000 43.75060 0.44122
H 90.27110 44.62940 0.19957
H 87.14040 45.14850 0.43451
H 83.93670 45.48320 1.24661
H 77.61620 25.19040 -0.36025
H 75.41310 27.58720 -0.74464
H 72.92290 29.73440 -0.65170
H 73.91150 33.48260 0.13153
H 75.52760 36.05090 -0.66400
H 77.48040 38.63060 -0.57086
H 79.60820 41.03080 -0.44275
H 77.53730 44.33150 -0.49015
H 84.12590 23.17330 -0.48376
H 92.95490 24.22150 -0.53014
H 91.32880 26.97010 -0.21222
H 92.89360 29.89020 -0.41699
H 94.51800 32.54730 -0.28144
H 83.65900 28.75770 -0.86830
H 85.83680 31.24950 -0.78938
H 82.71650 31.79730 -0.76992
H 79.67090 32.47950 -0.75522
H 76.68050 33.16300 -1.19660
H 91.30550 32.93820 -0.46335
H 88.03460 33.65750 -0.59325
H 84.87650 34.30670 -0.61437
H 81.79790 34.90830 -0.60308
H 90.09870 36.05610 -0.39048
H 86.97380 36.68940 -0.37211
H 83.85470 37.35190 -0.34218
H 92.16280 38.54570 -0.27775
H 89.09450 39.10510 -0.08663
H 85.94230 39.70340 -0.05029
H 91.27000 41.56780 0.05754
H 88.12340 42.10860 0.21759
H 85.02320 42.67780 0.33249
H 74.47400 24.46420 -0.49339
H 72.26470 26.62500 -0.86138
H 72.40450 36.21060 -0.53961
H 74.17030 38.88740 -0.51235
H 75.96680 41.49120 -0.44606
H 72.71020 41.70940 -0.47164
H 74.44090 44.34400 -0.65115
H 96.05440 24.32700 -0.46739
H 94.48680 27.09320 -0.43748
H 96.09770 29.79430 -0.35716
C 82.80470 47.61310 2.14499
C 90.79610 46.48070 1.84881
C -0.93319 47.51050 2.28392
C 83.01710 24.89360 0.99380
C 79.88050 24.47810 0.19183
C 88.19770 26.96210 0.71110
C 85.10010 27.40590 0.70123
C 78.64970 28.81150 0.80717
C 87.07420 29.94740 0.93422
C 77.83100 31.92300 0.79944
C 89.34670 32.26220 1.04382
C 76.97660 34.78040 0.81781
C 91.45100 34.74810 1.21578
C 78.84740 37.35560 1.06660
C 93.51400 37.23920 1.24202
C 80.85870 39.76370 1.34438
C 83.07780 42.17400 1.65945
C 95.12220 42.29850 1.86179
C 91.64690 43.28770 1.80670
C 88.65180 43.82110 1.88098
C 85.54240 44.25080 2.22817
C 82.25400 43.92810 2.32731
C 94.17300 45.45270 1.51365
C 76.02230 24.50530 1.46272
C 77.17900 27.29170 0.95650
C 75.23920 29.93230 0.16958
C 72.10230 31.75730 0.59652
C 73.98950 35.20570 1.11224
C 75.74970 37.83370 1.02056
C 77.69640 40.48910 1.09405
C 79.51460 43.32140 0.59037
C 76.96360 46.33990 0.88723
C 82.51610 22.87590 1.29882
C 89.04710 23.85870 0.85456
C 92.77420 26.31030 1.24766
C 89.41100 25.64970 -0.14462
C 90.69130 29.22740 0.58369
C 92.74920 31.76090 1.20603
C 94.65510 34.37050 1.29915
C 81.91100 28.04850 0.78021
C 84.07320 30.50820 0.82709
C 80.94800 31.10550 0.84518
C 86.24470 32.98090 0.94434
C 83.11910 33.56870 0.93400
C 79.98170 34.23470 0.92268
C 88.34870 35.37370 1.15642
C 85.21710 35.96310 1.15153
C 82.04150 36.64040 1.13326
C 90.53240 37.73740 1.34029
C 87.32490 38.32080 1.41504
C 84.11680 39.02620 1.44045
C -0.91520 39.74700 0.08267
C 92.72820 40.15630 1.48517
C 89.58610 40.73910 1.65464
C 86.40930 41.26580 1.76890
C 73.97670 26.47010 0.89522
C 72.54240 38.03680 1.10225
C 74.25910 40.67590 1.16741
C 75.88290 43.37810 1.14628
C 72.78340 43.64550 1.00187
C 74.81570 46.32730 0.64583
C 96.03720 26.08130 1.20332
C 94.43820 28.89830 1.23578
C 96.09010 31.57890 1.31888
C 87.41060 47.43730 -0.51369
C 84.42250 49.57700 -1.36312
C 81.34560 50.51060 -0.62823
C 78.50340 52.07410 -0.65594
C 75.87680 53.96100 -1.66953
C 93.23090 48.49120 -1.47307
C 75.77230 57.13300 -1.42969
C 72.73750 58.29530 -1.24771
C 75.45790 60.27790 -1.37687
C 95.53790 53.41590 -1.35834
C 92.62470 54.78570 -1.11971
C 89.69300 56.09070 -1.11691
C 86.65280 57.47000 -1.14108
C 75.36460 63.42110 -1.34867
C 87.09470 60.73290 -0.79464
C 84.39450 62.26000 -0.42783
C 77.87690 65.22670 -1.36273
C 83.37790 65.26320 -1.13599
C 80.40670 67.30210 -0.51605
C 83.35870 68.84480 -0.54576
C 76.76280 49.44200 -2.16966
C 74.54980 52.37920 -1.93143
C 80.20780 70.89370 -1.07534
C 77.68480 68.77220 -0.70431
C 74.84420 67.37330 -1.31132
C 72.50180 63.01210 -0.62359
C 95.35270 56.79350 -1.01535
C 92.11930 57.79770 -1.06027
C 91.19050 60.72360 -0.93577
C 90.06640 63.53290 -0.80727
C 88.99610 66.49360 -0.63594
C 85.87530 66.82720 -0.51767
C 87.69320 69.43470 -0.24859
C 89.18980 72.24910 1.12756
C 90.15590 49.54490 -1.24451
C 87.22880 51.06450 -1.30076
C 84.29440 52.56590 -1.11915
C 81.31810 53.83330 -0.99008
C 78.58950 55.69020 -1.33465
C 92.67500 51.58950 -1.46569
C 89.90930 52.87980 -1.23640
C 87.03190 54.40220 -1.17557
C 84.06160 55.74400 -1.09997
C 81.31420 57.29150 -1.11783
C 78.44560 58.73290 -1.22136
C 84.09150 58.96810 -1.06387
C 81.09300 60.48430 -1.13203
C 78.24290 61.88910 -1.25680
C 80.88130 63.61850 -1.16214
C 73.26380 48.98840 -2.46351
C 74.77750 70.91700 -1.41882
C 94.25630 60.00820 -0.99739
C -1.17395 62.38050 -1.11699
C 93.20600 63.02360 -0.85539
C 95.24270 65.38740 -1.00191
C 92.13250 65.93710 -0.74473
C 94.11640 68.41110 -0.85089
C 90.84840 68.96950 -0.50483
C 96.00600 70.82460 -1.12631
C 92.75890 71.28290 -0.73825
H 80.97490 49.18250 1.22779
H 89.62710 47.83460 0.51652
H 86.31560 49.47180 0.32399
H 80.58360 52.38480 0.87110
H 77.64250 53.92120 0.13028
H 74.77150 55.37310 0.22614
H 95.11540 48.66890 0.44584
H 74.66780 58.56660 0.24992
H 94.69850 51.69050 0.17850
H 91.78180 52.98540 0.37262
H 74.48150 61.77500 0.28872
H 91.45900 56.11870 0.56567
H 88.48790 57.58100 0.58024
H 85.87660 59.01760 0.59647
H 74.05950 64.73620 0.44078
H 86.73130 62.15020 0.56816
H 79.71870 65.12260 0.39955
H 76.76010 66.58990 0.03329
H 85.41070 65.04120 0.54178
H 82.59840 66.72830 0.35746
H 76.18440 47.15650 -1.37459
H 74.69110 50.15160 -0.60275
H 83.88310 71.06230 0.47854
H 81.20290 69.36230 0.49420
H 78.25850 70.87150 0.47010
H 75.42770 69.37910 0.00473
H 72.71010 71.03910 0.24926
H 94.48750 54.88830 0.56719
H 93.92500 58.13500 0.57025
H 90.87060 58.94590 0.81825
H 89.81800 61.72990 0.92456
H 88.61010 64.56520 1.06647
H 87.65640 67.38040 1.21204
H 89.59030 69.85400 1.36718
H 86.51620 70.28040 0.86388
H 83.49060 50.95210 0.53286
H 92.08730 49.88300 0.25665
H 89.12500 51.14720 0.32354
H 86.24090 52.63890 0.37287
H 83.27430 54.08930 0.53298
H 80.35790 55.61680 0.43086
H 77.47020 57.10150 0.34807
H 88.88240 54.37290 0.43539
H 85.92410 55.80540 0.51559
H 83.14370 57.33880 0.55117
H 80.21370 58.81850 0.46494
H 77.27620 60.25840 0.28427
H 82.92600 60.50180 0.49267
H 79.98170 61.98170 0.45175
H 77.17350 63.46510 0.30140
H 82.62990 63.62760 0.59363
H 72.99130 47.15820 -0.83817
H 96.11450 60.53580 0.49346
H 92.94620 61.17350 0.68668
H 95.08130 63.55590 0.60023
H 91.81250 64.09200 0.83191
H 93.97190 66.54800 0.72253
H 90.78380 67.01260 0.94435
H 96.00210 68.99650 0.59454
H 92.80260 69.46150 0.92463
H 94.84740 71.97870 0.41491
C 87.32200 47.43250 1.33807
C 84.34120 49.10560 1.81431
C 81.81800 50.84280 2.41361
C 78.57660 51.86670 1.45379
C 75.74860 53.48360 1.72980
C 93.40950 48.39540 1.79803
C 75.49630 56.78610 1.89736
C 72.80220 58.45490 1.93902
C 75.40030 60.27330 1.91680
C 95.60440 53.09880 2.09824
C 92.74700 54.61030 2.03765
C 89.63180 55.93570 2.16568
C 86.60220 57.38610 2.27377
C 75.27630 63.53040 1.95854
C 88.05820 60.00530 1.07611
C 84.38920 62.23450 1.53901
C 77.74160 65.30720 1.87217
C 83.44280 65.34220 2.15505
C 80.44620 67.22210 1.40799
C 83.42710 68.76580 1.33575
C 77.05320 49.38930 -0.32420
C 74.54700 51.85760 1.42403
C 80.05450 70.69830 2.18096
C 77.48700 68.63310 1.19272
C 74.37040 67.19140 0.54455
C 72.44810 62.84480 1.16286
C 95.39830 56.70760 2.01082
C 92.32220 57.55980 2.34429
C 91.45400 60.65500 2.53183
C 90.30060 63.48200 2.67427
C 89.29740 66.40700 2.76862
C 86.50740 65.48290 2.39423
C 87.72550 69.19320 2.89535
C 90.02950 71.78520 2.84071
C 90.31120 49.69280 1.98309
C 87.15360 50.79350 1.86707
C 84.44340 52.55220 2.08128
C 81.38640 54.07310 2.18480
C 78.38720 55.44380 1.95375
C 92.85840 51.45630 2.00702
C 89.89680 52.77180 2.00722
C 87.03890 54.23690 2.04846
C 84.10990 55.74580 2.16328
C 81.20270 57.26080 2.09521
C 78.25200 58.78680 1.96886
C 83.98080 59.03210 2.16023
C 81.03330 60.48990 2.09101
C 78.06940 61.89320 1.94575
C 80.70020 63.65320 2.10723
C 73.13100 49.04120 0.81019
C 74.78600 70.87060 1.84199
C 94.45270 59.93050 2.16110
C -0.96714 62.31400 2.09599
C 93.42170 62.94220 2.27575
C 95.50330 65.35270 2.19238
C 92.37690 65.86140 2.41055
C 94.43550 68.32120 2.34825
C 91.26730 68.65860 2.68898
C -1.05422 70.93760 1.98876
C 93.46420 71.33600 2.39550
C 95.17730 95.35100 -2.47119
C 92.01300 95.05960 -2.65127
C 88.72610 94.79250 -2.71518
C 95.82400 77.81300 -1.90175
C 92.89520 78.28880 -2.47988
C 88.35330 81.11050 -3.08130
C 86.37020 83.57850 -3.08664
C 84.40920 86.23350 -3.09104
C 96.14500 89.55740 -2.95712
C 92.63880 89.60280 -2.97053
C 86.08960 89.09250 -3.32737
C 90.59440 92.11870 -2.98179
C 72.45200 89.26250 -1.81561
C 80.41480 89.97850 -2.42735
C 77.64600 91.37400 -2.40018
C 83.02010 92.87700 -2.80768
C 85.36260 94.80140 -2.72020
C 82.40130 95.90520 -2.53476
C 88.59920 76.14520 0.09003
C 85.74350 72.76520 0.61210
C 82.91360 72.37070 -0.79243
C 85.62430 76.13940 -0.95825
C 85.98860 79.40970 -1.95091
C 83.13650 81.48600 -1.89737
C 83.17710 84.67800 -2.57058
C 80.97750 86.73210 -2.15660
C 78.49330 88.37860 -2.30012
C 75.22090 87.26470 -1.98919
C 72.39900 85.70360 -2.13803
C 94.54610 73.87000 -1.24494
C 90.96720 73.88100 -0.81500
C 92.52320 76.25180 -2.50221
C 94.41990 80.98180 -2.52033
C 91.39710 81.22160 -2.86675
C 95.85790 83.81220 -2.73585
C 92.85790 83.82600 -2.85065
C 89.67310 83.82230 -3.01775
C 94.36320 86.72650 -2.87945
C 91.16570 86.68650 -3.08497
C 88.00940 86.40960 -3.18050
C 89.47500 89.27470 -3.08865
C 86.86800 92.06800 -2.30195
C 74.56090 91.97510 -2.16352
C 71.60300 92.60970 -1.84926
C 80.05000 93.50180 -2.44721
C 76.82520 94.36250 -2.27834
C 73.74560 95.02630 -1.98437
C 82.86230 75.21830 -0.88678
C 80.06840 73.91860 -1.05776
C 77.36530 72.43850 -1.19879
C 82.94140 78.22620 -1.51815
C 80.15940 76.96910 -1.33870
C 77.32920 75.56660 -1.34642
C 74.43210 74.20910 -1.41623
C 80.27550 80.16040 -1.70623
C 77.38820 78.75270 -1.62841
C 74.61030 77.33960 -1.56807
C 80.46480 83.31670 -1.95352
C 77.59180 82.03390 -1.85574
C 74.75080 80.62190 -1.75518
C 71.90090 79.14910 -1.73233
C 77.92360 85.27980 -2.07724
C 74.99940 83.84490 -2.03554
C 72.00140 82.39680 -1.93021
H 95.28000 93.27110 -0.87148
H 92.21420 92.98510 -1.09025
H 90.26750 95.61460 -0.98764
H 87.05710 95.46610 -1.09114
H 95.66960 76.77890 0.13802
H 94.24440 79.37840 -0.72877
H 91.16780 79.45440 -0.99537
H 88.36650 79.57400 -1.01709
H 86.59160 81.72960 -1.52819
H 84.77910 84.38830 -1.47266
H 86.19430 87.19660 -1.75622
H 94.06350 90.51910 -1.54116
H 90.84380 90.28790 -1.33117
H 87.66940 89.90990 -1.62363
H 84.57040 89.77790 -1.26549
H 88.96540 92.80900 -1.26282
H 77.34390 89.47750 -0.75445
H 74.41210 90.14470 -0.45188
H 71.32240 90.79780 -0.16852
H 82.39560 91.06520 -1.04191
H 79.55180 91.67540 -0.86342
H 84.84840 92.99370 -1.15121
H 86.50550 75.03200 1.21151
H 83.62870 73.95160 1.01758
H 86.67730 77.73840 -0.22079
H 83.99130 79.98370 -0.68351
H 81.30200 81.81280 -0.16945
H 81.63580 84.92360 -0.58606
H 81.79080 88.22730 -0.97845
H 79.08450 86.73480 -0.49172
H 76.00740 85.50000 -0.46974
H 73.23190 87.32990 -0.49862
H 91.69260 72.40740 1.14633
H -0.49648 74.15110 -0.78645
H 92.61900 75.17520 -0.19132
H 89.67580 74.65240 1.37572
H 93.43410 95.86530 -0.80113
H 95.90770 82.13060 -0.98544
H 92.80280 82.14150 -1.14194
H 89.72550 82.10000 -1.40316
H 94.31770 84.92920 -1.24693
H 91.19760 84.87840 -1.51077
H 87.92890 84.61530 -1.56536
H 95.82570 87.74080 -1.22994
H 92.62690 87.63780 -1.40155
H 89.45250 87.43410 -1.51177
H 76.42490 92.56700 -0.68277
H 73.45630 93.23410 -0.36606
H 81.90260 94.06570 -0.95788
H 78.78080 94.81520 -0.82212
H 75.62690 95.55850 -0.51909
H 80.93500 72.43480 0.68441
H 83.77230 77.02880 0.47750
H 80.91700 75.58310 0.50353
H 78.14740 74.10880 0.43156
H 75.41010 72.66660 0.28491
H 81.08900 78.71530 0.04574
H 78.24070 77.28130 0.12836
H 75.40930 75.82100 0.17008
H 72.54220 74.36910 0.17607
H 78.37270 80.45790 -0.16867
H 75.53660 79.03230 -0.04380
H 72.70510 77.56970 0.01132
H 78.64760 83.66420 -0.34039
H 75.76110 82.28540 -0.25868
H 72.86500 80.83280 -0.19440
H 73.12940 84.05020 -0.44726
C 95.07460 95.19320 0.92516
C 91.81440 94.80680 0.75353
C 88.63250 94.53690 0.51033
C 95.81430 78.76250 1.15521
C 92.66730 78.69260 0.98973
C 88.16350 81.73100 0.31991
C 86.52120 83.56110 0.03589
C 84.69830 86.17210 0.03013
C 95.66480 89.59870 0.37517
C 92.47970 89.41040 0.27596
C 85.92490 89.03260 -0.06981
C 90.42050 91.86020 0.50985
C 72.70790 89.13860 1.11167
C 80.61770 89.96270 0.58825
C 77.84390 91.35160 0.85474
C 83.22110 92.82910 0.71733
C 85.45550 94.61400 0.57360
C 82.54770 95.82590 0.66827
C 88.29760 74.88560 3.10390
C 85.09840 74.44270 2.99336
C 82.68080 72.19440 2.38331
C 85.66370 77.29350 2.00883
C 86.21960 80.13030 0.26838
C 83.18020 81.30120 1.25203
C 83.57860 84.59490 0.70972
C 81.05150 86.67790 1.02663
C 78.81530 88.59380 1.08789
C 75.55130 87.93870 -0.15767
C 72.33400 85.91310 1.08371
C 94.89630 74.42790 0.70451
C 92.05590 74.59700 2.26029
C 91.45730 77.26880 0.43511
C 94.26960 81.39640 0.62730
C 91.10460 81.55290 0.46998
C 95.78950 84.06400 0.46524
C 92.64370 84.09700 0.26352
C 89.60440 83.99780 0.01665
C 94.14260 86.80190 0.29302
C 91.03080 86.64760 0.13348
C 87.77810 86.47500 -0.04539
C 89.17310 89.24130 0.13028
C 86.88020 91.86920 -0.39166
C 74.91450 91.99450 1.16663
C 71.83800 92.65610 1.37814
C 80.20370 93.46680 0.68556
C 77.09420 94.25720 0.91982
C 73.96210 95.02180 1.19554
C 82.63620 75.81860 2.22199
C 79.89210 74.09680 2.12472
C 77.21590 72.48420 2.00544
C 82.99060 79.17100 1.42614
C 80.02570 77.41540 1.80776
C 77.21210 75.86720 1.84370
C 74.41820 74.33270 1.83465
C 80.17190 80.44110 1.49183
C 77.37560 79.06060 1.57333
C 74.55450 77.58120 1.67095
C 80.53660 83.69860 1.23062
C 77.61670 82.23150 1.35864
C 74.70390 80.83670 1.43627
C 71.90440 79.33420 1.56759
C 77.85920 85.46790 1.21114
C 74.91710 84.07730 1.25666
C 72.07090 82.64930 1.29829
