2979
Frame 48
C 11.80290 96.10150 -0.20662
C 12.75770 1.35205 0.08655
C 10.95480 4.00063 -0.24212
C 9.50136 7.09626 0.11178
C 6.50466 9.68070 0.49731
C 3.92514 9.22732 -1.45787
C 2.50059 9.25649 -3.03333
C 22.72000 0.82196 1.14202
C 21.09300 4.52473 1.66569
C 23.42480 5.99276 -0.01217
C 23.61130 11.71420 -0.37461
C 18.10840 1.05371 0.25432
C 15.04220 -0.66124 1.20666
C 18.07250 4.53392 0.12395
C 21.45850 9.20953 0.17740
C 18.38410 7.85648 0.18974
C 12.68510 4.87798 0.37430
C 21.82890 12.71660 -0.39223
C 12.82270 8.35915 0.22834
C 21.59930 15.89690 -0.32289
C 9.82034 10.49400 0.33480
C 21.71100 19.51020 -0.61304
C 10.63140 13.46170 0.12643
C 7.30413 12.72550 0.54513
C 21.90630 22.67040 -0.67967
C 12.84140 17.94730 0.43324
C 9.73180 16.41730 1.91140
C 13.02610 21.53460 1.00296
C 19.26610 -0.79691 0.10106
C 3.86755 11.50690 0.76366
C 5.41405 14.83720 0.90251
C 2.38368 14.45610 0.27949
C 6.67807 17.12370 1.33977
C 0.69605 17.19830 -0.12094
C 8.50631 19.61770 1.26068
C 9.69815 22.61500 0.63760
C 8.43960 95.88510 -1.25332
C 9.73240 0.77342 -0.81118
C 6.43402 0.81157 -1.58924
C 3.19477 0.51851 -2.16389
C 7.94538 3.67614 -1.10036
C 4.53032 3.28475 -1.90508
C 1.36981 3.21603 -2.23078
C 5.97913 6.28597 -1.49620
C 3.01000 5.90838 -2.21368
C 15.59470 3.07166 0.24735
C 15.53720 6.49995 0.33095
C 18.81740 11.07170 0.08870
C 15.83920 9.58215 0.32855
C 18.68040 14.40610 -0.20125
C 15.93630 12.68500 0.06683
C 13.06750 11.53540 0.31169
C 18.92190 17.89870 -0.31496
C 16.06240 16.27240 0.06100
C 13.47670 14.76850 0.20427
C 18.78450 21.22060 -0.33114
C 15.79000 19.60290 -0.00758
C 3.63618 17.18110 0.75207
C 5.03840 19.73490 0.92707
C 2.16959 19.94020 0.43136
C 6.78588 22.44550 0.83443
C 3.80722 22.44750 0.50147
C 0.48572 22.67460 -0.18876
H 12.61930 -0.43262 1.80173
H 10.61330 2.02059 1.19838
H 8.94999 4.81131 0.89931
H 7.02704 7.31344 0.52632
H 0.84371 6.85486 -1.01576
H 2.18229 9.71618 0.40032
H 21.56190 2.25991 2.92058
H 23.46330 4.52471 2.03901
H 21.88640 6.95727 1.21185
H 23.52990 10.00030 1.35664
H 24.06540 15.59630 0.46452
H 19.02730 3.05362 1.71493
H 16.27540 1.46210 2.02866
H 19.15840 6.14739 1.96330
H 13.54380 3.05467 1.71217
H 13.77950 6.71591 1.89484
H 19.79220 12.61870 1.31051
H 11.00530 8.66078 1.59144
H 22.59750 18.03040 0.67170
H 19.68870 16.22810 1.34631
H 8.16148 10.97600 2.26746
H 22.79600 21.07700 1.07869
H 8.93963 14.03270 1.96147
H 11.66470 18.04980 2.43443
H 8.12869 17.93500 3.20153
H 20.89010 -0.63034 1.84709
H 0.34299 13.48240 -0.87418
H 5.44410 12.78450 2.23299
H 1.79934 12.57600 1.87946
H 6.52793 15.30900 3.11386
H 4.91503 18.04450 2.64576
H 9.82178 20.63460 2.36174
H 6.61957 20.67920 2.53175
H 9.62327 -0.97429 0.71887
H 6.38024 -1.18050 -0.06844
H 3.22584 -1.35955 -0.51632
H 0.18907 96.09770 -1.05126
H 7.64265 1.67887 0.36176
H 4.46144 1.42687 -0.30990
H 1.32333 1.22998 -0.66465
H 5.75345 4.30436 -0.03105
H 2.64273 4.16969 -0.49070
H 3.93335 7.03651 -0.34690
H 16.30320 4.77401 1.92719
H 19.53250 9.33470 1.74768
H 16.64530 8.02371 2.01899
H 16.97400 11.23840 1.82696
H 13.90640 9.94719 1.91181
H 16.94130 14.43720 1.41473
H 14.24230 13.10490 1.80413
H 11.26840 11.88360 1.88172
H 19.88710 19.61030 1.18060
H 17.13340 18.02280 1.43419
H 14.34160 16.42150 1.77065
H 11.67300 14.90890 1.83546
H 17.12440 21.21340 1.48956
H 14.34940 19.59390 1.67372
H 3.47071 15.21990 2.27550
H 0.35736 15.39840 1.53752
H 1.76205 18.05230 1.96995
H 3.38033 20.80990 2.35853
H 0.24609 20.97830 1.64524
C 11.06550 -1.46555 2.80086
C 12.01530 1.65460 3.08701
C 9.62798 3.85138 2.69700
C 9.08625 7.14356 2.03444
C 6.48010 9.17103 2.40111
C 2.98385 8.15723 1.81939
C 0.73465 8.89767 -1.49360
C 22.63060 0.58469 3.02555
C 22.93280 3.82378 4.37036
C 23.35740 6.58879 3.29490
C 23.69510 11.96360 2.89827
C 18.08260 1.37375 3.65289
C 14.76690 -0.35095 3.08406
C 18.05190 4.53656 3.66056
C 21.55910 9.34211 2.04685
C 18.56670 7.98296 3.65453
C 12.39880 5.19796 2.36214
C 21.76110 12.56210 3.08910
C 12.74690 8.34027 3.45930
C 21.77290 15.71050 1.69812
C 10.04090 10.35760 3.42181
C 21.85790 19.47850 2.68149
C 10.84760 13.49160 3.66270
C 7.45110 13.03670 3.70158
C 22.22020 22.62030 2.56152
C 13.61510 18.03950 3.56652
C 9.92715 16.71870 4.00274
C 13.33910 21.55120 2.81060
C 18.95940 -0.90071 3.12651
C 3.70779 11.23160 2.79472
C 4.56166 14.12830 4.15625
C 1.58002 14.03950 3.37456
C 6.20921 17.24180 4.58830
C -0.04727 17.10670 3.36698
C 8.15183 19.85130 4.32926
C 9.99125 22.65390 3.99043
C 7.72165 95.82860 1.88514
C 8.90347 0.79923 2.32800
C 5.82970 0.58113 1.57001
C 2.80280 0.45323 1.13748
C 7.07614 3.44260 1.89704
C 3.93541 3.22117 1.27733
C 0.93494 3.05462 0.89382
C 5.29884 6.12377 1.63625
C 2.16335 5.99854 1.08853
C 15.00060 3.28431 3.47430
C 15.55970 6.44553 3.61729
C 18.96730 11.07710 3.26457
C 15.80140 9.83318 3.48863
C 18.86550 14.46340 2.91678
C 16.19020 13.03410 3.31851
C 13.16110 11.60990 3.45964
C 19.22780 17.86410 2.82694
C 16.40300 16.30050 2.99205
C 13.51370 14.86880 3.43907
C 19.13700 21.23800 2.89075
C 16.31790 19.59190 3.18863
C 3.08010 17.08810 3.84716
C 4.86200 20.01740 4.11777
C 1.41835 19.98550 3.54440
C 6.58735 22.60940 4.04814
C 3.12563 22.87720 3.68244
C -0.21420 23.01390 2.84037
C 21.68710 26.23440 -0.86913
C 19.34100 28.07110 -0.09552
C 13.75440 25.12960 0.34627
C 16.59040 29.73370 0.39773
C 21.97560 29.26180 -0.58066
C 22.60890 32.28450 -0.92962
C 22.23650 35.90950 -0.89801
C 24.16170 45.07620 -2.20769
C 21.01850 44.32000 -0.99526
C 20.15620 31.93890 1.61256
C 17.11410 32.74340 0.56791
C 14.08490 31.84670 1.06557
C 18.03810 35.84980 -0.14645
C 11.68650 34.38210 0.29065
C 19.24540 38.83050 -0.48224
C 9.47827 36.79020 -0.11145
C 20.46760 41.40650 -0.63984
C 17.09970 41.24010 -0.71736
C 7.24398 38.95170 -0.68572
C 2.90477 39.07350 -2.14157
C 15.10380 43.47420 -0.95850
C 1.53814 42.52960 -2.26487
C 12.92900 45.73400 -1.43515
C 3.91366 44.23090 -2.74943
C 1.60905 46.82480 -3.27975
C 11.75750 25.02550 1.04873
C 11.06870 28.02610 2.03976
C 11.36580 31.14960 0.90141
C 8.85298 30.49860 0.67084
C 8.11976 33.67420 1.25704
C 4.52105 33.84920 0.37459
C 6.35071 36.16890 1.93850
C 0.28719 36.48020 -0.58057
C 19.31250 24.48710 -0.18748
C 16.24660 22.99170 -0.01097
C 16.71440 26.32580 0.19842
C 14.96980 34.87480 0.31511
C 15.86360 37.88900 -0.31123
C 12.76510 37.33800 -0.26080
C 13.92070 40.48890 -0.69923
C 10.79960 39.77150 -0.82981
C 11.89690 42.79290 -1.12964
C 8.73709 42.15770 -1.48057
C 5.45955 41.55210 -1.79762
C 9.87909 45.30050 -1.58937
C 6.78526 44.71880 -2.01471
C 4.71532 47.27110 -2.71805
C 8.71517 25.34840 0.94679
C 5.34093 25.17780 0.63115
C 2.28952 25.45520 0.08729
C 7.12049 27.93500 0.68359
C 3.85038 28.06110 0.22631
C 0.72210 28.31780 -0.23276
C 5.65318 30.69610 0.21868
C 2.60085 30.96470 -0.15371
C 1.52497 33.98030 -0.09272
H -0.28374 43.14140 -0.51656
H 22.80990 24.20390 0.44732
H 20.34680 26.15680 1.22199
H 14.63420 23.27250 1.71333
H 17.58560 27.75270 1.65280
H 15.05400 26.24020 2.18507
H 14.76110 29.42980 1.51861
H 23.09360 27.46930 0.69132
H 23.53710 30.59250 0.75971
H 20.64470 29.40440 1.51248
H 22.73590 40.46750 -0.51553
H 23.30030 43.51310 -1.31997
H 21.47040 42.96610 1.05542
H 19.21230 45.22390 0.56613
H 18.40530 33.75500 1.40402
H 15.39650 33.54640 2.33556
H 12.29250 32.97770 2.19493
H 19.47330 36.73730 1.11282
H 9.95119 35.25420 1.83214
H 20.40540 39.97300 1.56197
H 7.75036 37.69220 1.53703
H 18.44780 42.34890 0.51050
H 5.28882 40.23640 0.40941
H 1.34467 40.37580 -1.00587
H 16.23600 44.75040 0.00140
H 3.61535 42.57850 -0.92018
H 14.19480 47.16990 0.18372
H 1.82337 44.97530 -1.61896
H 11.54470 23.10620 2.15537
H 8.26112 23.45000 2.47731
H 10.05100 25.95170 2.87075
H 12.09010 30.09470 3.06705
H 9.64073 32.14830 2.28720
H 7.01628 31.62900 1.96076
H 6.03838 34.52900 2.31463
H 2.83040 34.89800 1.94044
H -0.32044 34.91280 1.25422
H 1.38186 37.65800 0.75114
H 20.16280 22.65550 1.17429
H 17.58490 24.41980 1.54449
H 22.16990 45.83930 0.47021
H 16.29200 36.44110 1.63209
H 13.12510 35.89350 1.61501
H 17.35700 39.37660 0.94235
H 14.15940 38.86660 1.08665
H 10.91690 38.28350 1.12176
H 15.25310 41.82630 0.88113
H 12.05590 41.21460 0.75773
H 8.81060 40.54250 0.40735
H 13.18310 44.16580 0.46615
H 9.97219 43.58290 0.20412
H 6.78391 43.02530 -0.24333
H 11.17880 46.61540 0.01011
H 7.96384 45.96570 -0.23305
H 4.83294 45.58870 -0.86878
H 5.05481 23.47420 2.35317
H 1.93428 23.59490 1.64202
H 6.79541 26.14590 2.35366
H 3.55718 26.34500 1.99243
H 0.35569 26.48080 1.39896
H 8.71301 28.95060 2.39846
H 5.30357 28.95690 1.97646
H 2.15843 29.22340 1.52954
H 3.98339 31.79730 1.70475
H 0.88475 32.06710 1.31266
C 22.40400 25.92780 2.46686
C 19.63990 27.63440 3.02347
C 14.24600 24.99850 3.51317
C 15.58290 28.58270 3.08805
C 22.62590 29.10260 2.57026
C 22.63340 32.49240 2.22283
C 21.75730 35.80560 0.94528
C 23.69540 44.01220 0.99795
C 20.99490 44.98870 2.45640
C 19.53730 30.92730 3.20938
C 17.34610 33.48380 3.77690
C 14.12050 31.53910 2.90714
C 18.10490 35.68060 3.08615
C 11.80370 35.01960 3.44744
C 19.04760 38.84740 2.71643
C 9.69478 37.41050 3.07447
C 19.82720 42.17260 2.77987
C 17.00050 41.26220 2.47131
C 6.86009 39.28450 1.18313
C 3.29496 38.89290 -0.10296
C 14.97750 43.90360 2.16120
C 1.76121 41.91790 0.62130
C 12.70490 46.08810 1.89286
C 3.20806 44.47530 0.53770
C 1.19325 46.82100 0.14827
C 11.31670 24.34450 4.24313
C 10.64050 28.14240 3.80895
C 11.23130 31.77460 4.09594
C 8.39522 30.88460 3.89746
C 8.46235 34.11950 3.18507
C 4.02700 33.47000 3.55860
C 3.01105 36.78510 2.60410
C -0.18776 36.91180 2.59597
C 19.63530 24.43230 2.79027
C 16.53470 22.94390 3.15402
C 17.22180 25.99750 3.41706
C 14.84050 35.63390 3.44775
C 15.88470 38.48580 2.80450
C 12.71320 37.97790 2.83380
C 13.78740 40.86820 2.49002
C 10.25280 40.36670 2.30039
C 11.55930 43.19970 2.09283
C 8.23399 42.59510 1.65412
C 4.95801 42.04890 1.20859
C 9.60365 45.63160 1.59171
C 6.18298 44.94910 1.12378
C 4.29134 47.52140 0.57826
C 8.24678 25.29980 4.22833
C 4.97474 25.43290 3.83652
C 1.62459 25.51510 3.24661
C 6.82216 28.21560 3.82556
C 3.41088 28.31560 3.43869
C 0.23185 28.44850 2.83342
C 5.30101 30.85980 3.57704
C 2.16230 31.09010 3.15462
C 0.94909 33.88090 3.10791
C 19.15130 47.01310 -1.47411
C 15.85870 46.74440 -1.68402
C 14.28460 51.11150 -2.52198
C 16.04730 53.58700 -2.03472
C 13.27650 55.06440 -1.77908
C 17.42530 56.45840 -1.55948
C 19.58360 58.86550 -1.40290
C 21.17500 61.63370 -1.14999
C 23.15340 64.29800 -1.09604
C 18.39640 61.75210 -1.47290
C 15.96050 59.78940 -1.23492
C 12.68770 59.15300 -2.28971
C 10.60600 56.97330 -1.31539
C 21.59890 67.03300 -1.15942
C 19.28370 64.83450 -0.68507
C 9.79717 60.77740 -2.00788
C 22.16750 69.95720 -0.95398
C 10.32640 64.06300 -2.20542
C 10.69080 67.43960 -2.26432
C 8.08994 69.30000 -2.65790
C 12.18780 51.10810 -2.03150
C 5.74983 50.32160 -2.43576
C 2.48844 49.87300 -2.80814
C 10.21290 53.65660 -2.23517
C 6.91590 53.09250 -2.46625
C 3.78120 52.72000 -2.81036
C 0.39270 52.33090 -2.91432
C 6.14535 56.05210 -1.40760
C 7.59886 57.91490 0.06225
C 6.20006 60.90490 -2.14446
C 8.17847 63.59880 -2.13870
C 7.14836 66.38800 -2.25280
C 6.01078 69.36400 -2.60439
C 22.12580 47.56230 -1.26993
C 20.45020 50.35300 -1.45608
C 17.22170 49.95730 -1.20412
C 22.33550 53.12560 -1.21551
C 19.11120 53.53650 -1.65793
C 20.84180 55.96880 -1.36794
C 22.73300 58.71990 -1.04994
C 16.06300 63.71330 -1.66052
C 13.03950 62.31140 -2.04037
C 19.12740 68.59580 -1.43279
C 16.36720 66.81310 -1.63723
C 13.32410 65.45860 -2.07374
C 16.59650 70.23430 -1.77079
C 13.76690 68.70830 -1.99188
C 11.24780 70.51150 -2.46621
C 11.04320 48.28430 -1.82078
C 7.87871 47.53110 -2.13439
C 8.96099 50.82310 -2.15237
C 2.14990 55.69750 -2.12928
C 4.11592 58.65020 -2.21726
C 0.90193 59.26030 -2.53086
C 2.89075 61.70170 -2.37684
C 5.01400 64.00200 -2.26754
C 1.87490 64.66070 -2.56738
C 3.94272 66.96750 -2.57014
C 0.72615 67.65520 -2.87423
C 3.10688 70.06380 -2.87542
H 0.62234 50.57010 -1.06320
H 17.32020 47.71000 -0.12063
H 15.59330 51.68170 -0.40319
H 14.35480 54.65340 -0.36597
H 16.04760 57.41660 -0.58744
H 21.07910 59.74560 0.40867
H 18.03590 59.81360 -0.00629
H 22.76490 62.44340 0.49052
H 13.02060 57.33440 -0.62171
H 11.20980 54.82330 -0.39391
H 21.42300 65.11300 0.38245
H 19.54230 62.65100 0.43044
H 16.38570 61.87460 -0.10138
H 13.73930 60.52710 -0.50330
H 10.93630 59.25970 -0.51380
H 22.71590 68.10720 0.60357
H 11.07380 62.36070 -0.52913
H 11.34340 65.68710 -0.50086
H 8.80919 67.58650 -0.93359
H 9.17623 70.94600 -1.20965
H 12.24450 49.69560 -0.09259
H 2.82658 47.97250 -1.39134
H 10.05860 52.04220 -0.40787
H 7.10342 51.41330 -0.66904
H 3.87219 50.92660 -1.00609
H 8.07673 54.45630 -1.01775
H 4.98238 53.83400 -0.97123
H 1.92871 53.37900 -1.23120
H 6.29801 55.76620 1.15402
H 5.66586 59.32120 -0.28781
H 7.92291 61.73380 -0.47250
H 6.67323 64.66910 -0.43243
H 5.58850 67.69410 -0.93043
H 4.66774 70.82190 -1.06504
H 23.63470 48.38050 0.50742
H 20.35900 48.40750 0.19494
H 22.01440 51.19450 0.37465
H 18.93050 51.50480 -0.32773
H 20.64710 54.08330 0.26642
H 17.42110 54.38280 -0.10683
H 22.30640 56.79940 0.41299
H 19.17950 56.97320 0.11461
H 19.64000 67.00280 0.30918
H 17.00470 65.14690 0.19330
H 14.00300 63.80830 -0.31783
H 20.06860 69.98040 0.32880
H 17.14430 68.58790 -0.05675
H 14.30020 66.95490 -0.38249
H 14.55490 70.41320 -0.38149
H 11.73810 68.98530 -0.52897
H 9.03684 49.00820 -0.51068
H 5.97043 48.40720 -0.90947
H 3.90709 56.81190 -0.61573
H 0.61474 57.50590 -1.31512
H 2.60793 59.89220 -0.71556
H 4.65479 62.28500 -0.76733
H 1.45832 62.91800 -0.91772
H 3.46921 65.29860 -0.81412
H 0.33004 65.96580 -1.08840
H 2.46315 68.35160 -1.19568
H 1.58387 71.37130 -1.45832
C 18.80130 47.47270 1.88866
C 15.68250 46.82090 1.62263
C 14.05890 49.71940 0.39286
C 15.73770 53.14070 1.29455
C 12.54670 53.86090 1.31301
C 17.22660 56.30330 1.48141
C 19.26710 58.80810 1.75887
C 21.11390 61.61780 2.05877
C 23.06310 64.35090 1.99264
C 18.03990 61.56130 1.67709
C 15.71500 59.64270 0.53585
C 12.74030 59.05980 1.19233
C 10.80330 56.94230 0.52451
C 21.34640 66.85790 2.05324
C 19.16820 64.90950 1.37290
C 9.72543 60.81530 0.93183
C 21.76220 69.82010 2.17289
C 10.35910 63.97460 1.10584
C 10.54410 67.34550 0.96010
C 8.12243 69.44400 0.55066
C 11.94180 51.87420 1.13567
C 5.49318 50.25630 0.68806
C 2.16552 49.70680 0.34373
C 9.49919 53.92860 1.07810
C 6.62952 53.28270 0.83205
C 3.45989 52.71170 0.65497
C 0.37198 52.56200 0.58662
C 4.22646 55.81910 1.72959
C 7.48007 57.87840 1.93465
C 5.92978 61.12570 1.08409
C 8.12158 63.55220 1.24887
C 7.07002 66.51190 0.69240
C 5.95179 69.46500 0.60644
C 21.78260 47.72190 2.03086
C 20.06400 50.42280 1.61656
C 17.15680 50.01660 0.73212
C 22.03070 52.98190 1.99543
C 18.78870 53.16710 1.54474
C 20.58180 55.96300 1.89466
C 22.46570 58.66070 2.04109
C 15.73790 63.54150 1.55103
C 12.82270 62.16820 1.10640
C 18.75870 68.59370 1.84462
C 15.98010 66.99690 1.47720
C 13.16530 65.50140 1.25731
C 16.23620 70.28280 1.45453
C 13.52960 68.79070 1.17272
C 10.94580 70.78470 0.65593
C 10.52030 48.59110 1.38663
C 7.44765 48.01830 1.01772
C 8.60228 50.76910 1.15559
C 1.78590 55.58980 -0.13466
C 3.70384 58.58210 1.08052
C 0.74289 59.01160 0.62371
C 2.73613 61.58630 0.77004
C 4.77459 64.10010 0.91572
C 1.56400 64.77880 0.69312
C 3.69409 67.22700 0.60880
C 0.56656 67.93560 0.36476
C 2.80177 70.25810 0.38301
C 8.69508 90.13870 -0.89402
C 10.46470 93.32200 -0.70158
C 6.89885 93.15610 -1.53547
C 3.86291 92.71520 -2.06351
C 0.87198 92.45200 -2.93260
C 4.29280 75.35840 -3.20204
C 9.00974 78.31890 -2.70677
C 5.63358 78.24750 -2.88602
C 2.45885 78.40540 -3.33419
C 10.30130 87.18150 -3.81516
C 9.39647 88.25150 -0.85582
C 5.77224 90.02920 -1.82818
C 2.56931 89.82490 -2.60695
C 22.22100 80.91510 0.05542
C 18.99330 81.69820 -0.19365
C 15.79970 83.55930 -1.34125
C 12.02110 86.21660 -4.02879
C 12.46930 87.59960 -0.74307
C 11.87380 90.51600 -0.53526
C 14.12470 93.01550 0.10326
C 16.68330 94.78700 0.08785
C 22.15200 95.66190 0.32397
C 22.58560 73.20660 -0.83211
C 22.97890 76.93900 0.44135
C 20.48580 78.36030 -0.79571
C 8.51104 72.45320 -2.94947
C 15.03020 78.51630 -2.48355
C 12.35000 77.33490 -3.16612
C 7.58369 75.24300 -2.34629
C 14.99990 81.79870 -2.04386
C 5.26329 72.45870 -2.87033
C 2.21091 72.97750 -3.20795
C 5.09272 95.61470 -1.91269
C 2.12609 95.25870 -2.35458
C 7.17976 81.02060 -3.13615
C 3.98975 81.07670 -3.22269
C 0.81900 81.16650 -3.45288
C 8.54789 83.84270 -3.50770
C 5.29696 83.94820 -3.19583
C 2.24051 84.09180 -3.19977
C 6.93620 86.82320 -2.87244
C 3.84800 87.10090 -2.86166
C 0.83773 86.90840 -3.03857
C 21.44800 83.94940 0.03079
C 18.56800 85.38260 -0.77720
C 15.52140 86.61150 -0.84440
C 20.90720 87.38110 -0.08656
C 17.90310 88.55980 -0.41430
C 14.82600 89.71050 -0.57971
C 23.47440 89.33130 0.37907
C 20.29480 90.46790 -0.01531
C 17.18100 91.99080 0.03061
C 23.00720 92.60010 0.41111
C 19.85230 93.62480 -0.01599
C 19.63440 71.59700 -1.41293
C 19.95050 75.00370 -1.37181
C 17.09870 73.42260 -1.82724
C 14.13000 71.94580 -2.30353
C 17.47640 76.57980 -1.90317
C 14.71380 75.06740 -2.56501
C 11.48140 73.87550 -2.81202
C 17.75200 80.15580 -1.35411
H 9.94503 91.43090 0.76115
H 6.75872 91.33390 -0.00833
H 11.36260 94.19870 1.46440
H 4.91207 93.88880 -0.23789
H 1.82287 93.39040 -0.79461
H 5.58728 76.42640 -1.33629
H 2.35903 76.69710 -2.05963
H 7.22837 79.35540 -1.23200
H 8.66607 82.18470 -1.30336
H 10.10220 84.87830 -2.54061
H 7.71619 88.77400 0.92620
H 3.76942 90.67140 -0.65136
H 0.61972 90.56790 -1.27412
H 21.75370 78.83840 1.25501
H 20.81910 82.14650 1.65365
H 17.67250 83.41550 0.42240
H 14.67310 84.76040 0.67436
H 13.15200 86.10680 -1.69378
H 11.06640 88.65280 0.96769
H 13.54680 90.89290 1.22790
H 15.93950 93.12210 1.88592
H 14.07700 95.06590 0.18167
H 18.49800 95.03120 1.42095
H 23.04020 71.33180 0.82463
H 23.33880 74.65920 1.18253
H 20.64260 76.31890 0.56805
H 18.07780 78.16050 -0.18708
H 12.48570 75.32380 -1.54930
H 9.47863 74.07140 -1.33762
H 6.72665 73.28220 -1.38651
H 15.37760 79.84310 -0.41101
H 12.56760 78.59240 -1.38376
H 3.68000 73.77800 -1.44688
H 8.26903 94.03060 0.28448
H 3.94231 79.36080 -1.46991
H 0.65740 79.33900 -1.85974
H 5.54298 82.10210 -1.59062
H 2.35343 82.10230 -1.70110
H 7.01849 84.89330 -1.60772
H 3.78154 84.99170 -1.52984
H 0.63389 85.00920 -1.50552
H 5.39105 87.72060 -0.96469
H 2.13837 87.85430 -1.20206
H 23.84020 80.95630 1.97246
H 23.08910 84.27090 1.87357
H 20.04100 85.45230 1.27642
H 17.19140 86.61220 0.90989
H 14.28920 87.85860 0.87086
H 22.56360 87.45510 1.72337
H 19.49980 88.59190 1.41200
H 16.60240 89.90630 1.15731
H 21.96690 90.73680 1.70094
H 19.03560 91.86950 1.54479
H 21.46320 93.86980 1.89860
H 20.43700 73.19820 0.23608
H 17.53500 71.78630 -0.13432
H 17.81690 74.96650 -0.08593
H 14.97220 73.54220 -0.63372
H 12.09890 72.22540 -1.00853
H 15.26980 76.68250 -0.84056
C 7.94662 90.97400 2.10005
C 9.61915 93.40130 2.33064
C 6.37572 93.11780 1.56596
C 3.31094 92.41180 0.90513
C -0.04857 92.28960 0.42508
C 3.86432 75.79190 -0.00382
C 9.13768 78.76710 0.35339
C 5.56643 78.45940 0.15216
C 2.10193 78.36810 -0.11299
C 12.18170 83.56810 -1.96294
C 9.07186 88.02900 2.45068
C 5.36938 89.48990 0.78688
C 1.98423 89.56880 0.56125
C 21.74650 80.30710 3.09067
C 18.65220 81.34950 1.81444
C 15.47770 82.62840 1.66446
C 12.32790 84.18000 -0.09406
C 12.28500 87.51480 2.36934
C 11.42390 90.63240 2.51403
C 13.52380 93.28440 2.02109
C 16.60950 94.69900 3.18643
C 21.75780 95.56880 3.48340
C 22.07480 73.22910 2.21145
C 22.29050 76.68840 2.30060
C 19.54800 78.11320 1.87127
C 8.35146 72.71500 0.39047
C 13.58910 78.06560 0.31045
C 10.15290 77.63400 -1.07173
C 7.60913 75.45110 -0.51321
C 13.95400 81.25970 1.10348
C 5.07118 72.82850 0.32340
C 2.02877 73.21630 0.26636
C 4.59450 95.75830 1.37827
C 1.52587 95.26480 0.83537
C 7.42797 81.60390 0.00956
C 3.90119 81.15210 0.03056
C 0.53773 81.19470 -0.30297
C 9.12740 84.62910 -0.21062
C 5.35817 83.92420 0.01348
C 2.19672 83.87460 0.02893
C 6.73117 86.48580 0.39000
C 3.58836 86.58810 0.36846
C 0.41840 86.70790 0.28447
C 20.90570 83.80110 3.04018
C 17.92730 84.79840 2.42823
C 15.16260 85.99660 2.24379
C 20.51530 87.03790 3.04784
C 17.42050 88.15690 2.71045
C 14.66950 89.49110 2.67937
C 22.99040 89.22420 3.42556
C 20.02420 90.21000 3.10910
C 17.14640 91.35920 3.05885
C 22.50010 92.29240 3.59158
C 19.40680 93.60780 3.27900
C 19.15360 71.77540 1.76571
C 19.31170 74.78120 1.86773
C 16.43140 73.54760 1.30056
C 13.57730 72.23520 0.94237
C 16.53000 76.66110 1.15254
C 13.80480 75.29880 0.55926
C 11.02530 74.14070 0.21523
C 16.42770 78.97990 1.56346
C 37.38690 0.02450 1.64761
C 34.47340 -0.36059 1.32124
C 38.65000 2.97680 1.45616
C 47.18830 9.43813 0.15250
C 44.11290 8.85416 0.42073
C 40.87610 8.45242 0.59334
C 41.66830 11.54110 0.04801
C 32.58190 0.23382 1.03154
C 26.54450 0.37763 0.86233
C 34.73720 2.80501 2.02881
C 36.41400 5.40641 0.91205
C 37.91160 8.26133 0.53857
C 25.04230 8.79680 -0.20753
C 39.53940 11.03920 0.07060
C 38.61130 14.01970 -0.35988
C 25.32610 14.69700 -0.55491
C 27.25950 17.35460 -0.89844
C 35.52520 20.07240 -1.10173
C 32.10860 20.13270 -0.93619
C 28.77630 20.02560 -0.77011
C 25.06630 20.74720 0.16047
C 48.45790 11.24150 -0.08855
C 45.20560 12.38770 0.39107
C 43.75470 14.50180 -1.63125
C 42.45000 17.59770 -1.73266
C 39.55370 19.09190 -1.42448
C 39.47160 22.24690 -1.57416
C 46.52220 1.20130 1.51283
C 43.59670 0.87365 1.77129
C 40.52510 0.46061 1.70025
C 47.91900 4.11296 1.11160
C 44.81330 3.79305 1.46028
C 41.67900 3.25262 1.65607
C 46.31890 6.59107 0.95398
C 42.91690 6.09913 1.04023
C 39.82220 5.57780 1.12270
C 29.48540 0.29772 1.22496
C 31.40580 3.15755 1.05949
C 28.20420 3.11933 0.71584
C 24.92110 3.21768 0.57535
C 33.23480 5.72833 0.73823
C 30.00380 5.76679 0.44646
C 26.64800 5.81205 0.25384
C 34.84260 8.49888 0.28271
C 31.41280 8.66771 0.19800
C 28.31830 8.62771 -0.00784
C 36.44850 11.21490 -0.00203
C 33.33220 11.26310 -0.22147
C 30.02360 11.37660 -0.20313
C 26.70420 11.67390 -0.30609
C 34.97430 14.03090 -0.59345
C 31.88500 14.12200 -0.54110
C 28.52730 14.34240 -0.68830
C 36.93480 16.68120 -1.00922
C 33.33650 16.94270 -1.01704
C 30.27350 17.14740 -0.78911
C 48.11550 14.31750 -0.62780
C 45.18280 15.86570 -1.00500
C 47.94900 17.48530 -1.09063
C 45.18850 18.95110 -1.40359
C 42.27110 20.74860 -1.67907
C 47.94540 20.62240 -1.52934
C 45.14240 22.23720 -1.90369
H 35.60860 0.80432 3.16668
H 39.95810 4.19629 3.14472
H 36.76890 3.93370 2.93138
H 47.71120 7.94254 2.15710
H 41.22090 7.00595 2.51497
H 45.63100 10.35180 1.67746
H 42.41930 9.96646 1.76832
H 29.62090 -1.36827 3.24982
H 26.62620 -1.41798 2.39291
H 31.22170 1.36888 2.87682
H 24.72540 1.46174 2.16607
H 32.83600 4.24329 2.78725
H 37.98080 6.77462 2.26631
H 34.71060 6.86267 1.98236
H 39.29740 9.57547 2.04903
H 38.04870 12.35660 1.43783
H 25.30370 12.79100 1.16706
H 39.66260 15.71100 1.23620
H 36.68290 14.99740 0.82389
H 35.21940 17.96180 0.30567
H 25.66450 18.34320 0.92656
H 33.59610 20.95120 0.49419
H 30.45130 20.75160 0.84798
H 27.38260 21.12310 1.10265
H 47.41290 12.97150 1.27283
H 44.26980 14.58820 0.89190
H 41.85060 16.00780 -1.07738
H 41.20670 19.05170 -0.07567
H 38.63370 20.78380 0.45167
H 23.52810 -1.33311 2.02010
H 46.87720 -0.51736 3.17066
H 43.94180 -0.90281 3.38615
H 40.78900 -1.32805 3.36506
H 37.64230 96.09840 3.29979
H 48.21420 2.38201 2.83417
H 45.07430 2.09703 3.22901
H 41.89620 1.62245 3.38237
H 38.79120 1.30880 3.24253
H 46.36610 4.98258 2.86739
H 43.12460 4.63060 3.03113
H 44.43690 7.45294 2.42338
H 27.95500 1.53703 2.63359
H 29.64790 4.24572 2.39082
H 26.50960 4.27924 2.15020
H 31.45000 6.97745 1.99202
H 28.26200 6.92288 1.79898
H 25.02220 7.09887 1.55573
H 36.34090 9.63755 1.86804
H 33.11950 9.66512 1.65887
H 29.75500 9.73472 1.66568
H 26.69530 9.78823 1.35127
H 34.85240 12.43810 1.32132
H 31.73070 12.37720 1.21470
H 28.51620 12.64240 1.14387
H 33.50240 15.36260 0.89238
H 30.25840 15.26480 0.82032
H 27.11150 15.56980 0.87768
H 31.97980 18.12080 0.65786
H 28.81130 18.14790 0.87726
H 47.01620 16.06630 0.70650
H 44.03350 17.59660 0.23686
H 46.95970 19.29180 0.36051
H 44.06880 20.74920 -0.18088
H 41.35660 22.46130 -0.05924
H 46.89280 22.39650 -0.27894
C 37.23950 0.21577 4.84845
C 34.07510 -0.23693 4.81415
C 38.17910 3.36771 4.63583
C 47.23950 10.06310 3.39623
C 44.23330 9.62736 3.52818
C 41.03600 9.11756 3.68831
C 41.76830 12.06240 3.16856
C 32.34620 0.54493 4.92059
C 26.15020 0.43962 3.94324
C 34.64660 3.00195 3.77690
C 36.17200 6.07511 3.84126
C 37.75910 8.77739 3.71565
C 25.02960 9.00549 3.03811
C 39.67960 11.70230 3.17032
C 38.42460 14.57510 2.65406
C 25.53130 14.83010 2.57233
C 26.94990 17.54240 2.37894
C 36.12400 20.40490 0.76120
C 32.17150 19.91370 2.39995
C 28.54580 20.12180 2.32739
C 25.01890 20.49370 2.05755
C 48.27250 11.78670 3.21991
C 45.13700 12.69430 2.20534
C 41.87940 14.42890 1.11936
C 41.86640 17.12350 1.29635
C 39.63250 19.51630 1.89469
C 39.66310 22.67890 1.76987
C 46.91080 1.37624 4.65864
C 43.65070 1.01869 4.91559
C 40.37640 0.57129 4.94323
C 48.19840 4.27061 4.41819
C 44.87240 4.11249 4.62714
C 41.62500 3.62758 4.77626
C 46.31980 7.14396 4.07941
C 42.95710 6.68351 4.28070
C 39.56100 6.11297 4.09807
C 29.35170 0.79775 4.61717
C 31.06210 3.52867 4.32819
C 27.95000 3.56674 4.02331
C 24.76930 3.32835 3.70178
C 33.03310 6.15008 3.76993
C 29.76400 6.37234 3.67307
C 26.54870 6.36871 3.40202
C 34.56740 8.88412 3.42825
C 31.38570 9.05415 3.31723
C 28.18380 9.02652 3.24117
C 36.43650 11.74980 3.13766
C 33.26080 11.61550 3.01939
C 30.08210 11.79860 2.93280
C 26.89440 11.80320 2.83303
C 35.07670 14.49030 2.61451
C 32.01380 14.52900 2.43787
C 28.72430 14.66840 2.54644
C 37.62740 17.22070 0.74729
C 33.91540 17.54450 2.13955
C 30.47020 17.20680 2.40034
C 48.02230 14.90440 2.62675
C 45.07910 16.42350 2.17328
C 47.94900 17.94060 2.11253
C 44.86800 19.32640 1.73728
C 42.15740 20.79540 1.49447
C 47.82580 21.17640 1.68898
C 44.98730 22.53720 1.29049
C 47.98550 30.23280 -0.43430
C 46.32950 33.05470 -0.85933
C 48.20700 35.56140 -1.05847
C 46.84600 38.36010 -1.59461
C 36.70900 23.47620 -1.65635
C 38.98500 25.95000 -1.35635
C 41.77390 27.54850 -2.10882
C 47.61100 27.24320 -2.42726
C 44.88740 29.31680 -2.31818
C 35.80240 25.47840 -1.77587
C 32.72940 23.89880 -1.27466
C 29.05780 22.99090 0.56656
C 39.40390 29.87310 -2.13532
C 36.50980 28.58490 -1.77412
C 26.90730 25.32910 -1.30857
C 43.10560 33.50840 -1.62597
C 39.98830 33.06650 -1.78524
C 24.55080 27.53110 -1.22716
C 40.88510 36.46260 -1.05776
C 38.17260 37.90870 -1.41029
C 36.12420 40.58530 -1.09733
C 33.77820 42.21220 -1.49705
C 30.91980 40.76950 -1.62959
C 27.74670 40.60560 0.34690
C 23.02420 38.78530 -1.85264
C 24.47840 41.60880 -1.99178
C 30.31710 44.20910 -0.91380
C 26.73570 44.39600 -1.60671
C 31.37750 47.02430 -1.30948
C 44.90490 35.95980 -1.39813
C 43.40960 38.93820 -1.80661
C 40.33970 40.08620 -1.83400
C 45.86470 41.22840 -2.15852
C 39.75610 43.41320 -1.77934
C 36.78440 44.87070 -2.34970
C 33.98470 45.70560 -1.00030
C 46.00250 44.16580 -2.41175
C 42.10910 23.93520 -1.94267
C 47.98710 23.88930 -1.87425
C 45.00420 25.39020 -2.34929
C 33.27890 27.34500 -1.65789
C 30.11350 26.17760 -1.33398
C 36.98360 31.86540 -1.67953
C 33.79810 30.70900 -1.59051
C 30.74270 29.43470 -1.36918
C 27.73230 28.31980 -1.24013
C 37.70890 34.93570 -1.53915
C 34.63870 33.92210 -1.53031
C 31.29830 32.76330 -1.35389
C 28.13570 31.55540 -0.98874
C 25.07510 30.57600 -0.88031
C 35.28080 36.98450 -1.42471
C 32.06800 35.94690 -1.29292
C 28.89940 34.78240 -1.12929
C 25.56170 33.77290 -0.45449
C 32.78740 39.14630 -1.34336
C 29.50470 37.89690 -0.96199
C 26.25630 37.13760 -0.39758
C 28.50260 47.08710 -1.13056
C 42.63400 42.03890 -2.05451
C 42.81060 45.35760 -2.03462
C 39.76640 46.45520 -1.86891
H 46.30550 31.39720 1.08574
H 48.04660 33.98600 0.77926
H 46.57830 36.73650 0.35348
H 38.45890 23.96310 -0.04417
H 41.24860 25.58430 -0.61207
H 39.88470 28.07790 -0.67519
H 46.69170 28.74420 -0.68282
H 43.73380 29.78050 0.02590
H 37.05740 26.85300 -0.13584
H 34.09490 25.65710 0.00020
H 30.99550 24.49950 0.30556
H 40.73500 31.18360 -0.25022
H 37.70140 30.03040 -0.30185
H 28.45950 26.57710 0.38331
H 25.45840 25.48950 0.22237
H 41.50040 34.27020 -0.21281
H 38.81820 36.18000 0.15290
H 40.10160 38.50510 0.00557
H 23.19980 33.83900 0.48197
H 36.77550 41.55360 1.22356
H 31.06710 39.21600 0.39622
H 28.01460 38.22710 1.06382
H 23.77280 37.43390 0.34661
H 34.59280 43.62370 0.27233
H 31.70120 42.31780 -0.09028
H 26.15190 42.50680 -0.13527
H 32.00470 45.41100 0.39238
H 28.39320 45.33810 0.05777
H 44.74500 34.03960 0.31984
H 43.17050 37.07910 -0.14336
H 45.26680 39.55540 -0.34197
H 42.26730 40.41300 -0.27689
H 39.43820 41.66470 0.04968
H 37.19120 42.91040 -1.46248
H 44.70950 42.62370 -0.93938
H 44.10790 23.99860 -0.41524
H 46.80360 25.62850 -0.70225
H 44.09490 27.07420 -1.57960
H 34.57070 28.86460 -0.18137
H 31.52910 27.68110 0.11297
H 38.24980 33.12610 0.03523
H 35.18030 32.07140 0.03481
H 32.06390 30.90250 0.21375
H 29.03770 29.64500 0.40660
H 26.01080 28.70380 0.43646
H 35.87850 35.16270 0.14898
H 32.79660 34.09390 0.18165
H 29.67580 32.94610 0.46240
H 26.68620 31.78310 0.59517
H 36.46350 38.42500 0.17775
H 33.44450 37.29870 0.17572
H 30.33810 36.08340 0.45671
H 27.38710 35.17220 0.34566
H 34.12040 40.45340 0.18805
H 25.27490 45.55430 -0.00309
H 41.82030 43.68870 -0.44904
H 39.04440 44.99300 -0.03684
H 36.21520 46.22290 -0.24461
H 44.78440 45.81680 -0.91932
H 41.73760 46.93070 -0.43427
C 47.61960 30.82620 2.55329
C 46.13540 33.56360 2.33905
C 48.13390 36.04510 2.15518
C 46.60920 38.84950 1.57099
C 36.71630 23.59160 1.66860
C 39.23100 26.14310 0.64419
C 42.18240 27.75690 -0.02973
C 47.80240 27.20160 0.84059
C 45.00480 29.17390 1.14130
C 35.87070 25.46720 1.60313
C 33.34490 23.35260 0.64095
C 30.57530 22.63600 2.03413
C 39.70290 29.75360 1.16411
C 36.61030 28.44900 1.25109
C 27.64690 24.59500 1.56820
C 42.99390 32.25300 0.17053
C 40.23100 33.01580 1.54084
C 25.03330 27.17280 2.14706
C 41.07920 36.43900 0.93849
C 38.40930 37.98110 1.67594
C 35.77160 40.13290 1.96895
C 33.31050 42.12270 1.79747
C 30.47240 40.95890 1.74719
C 27.19230 40.22370 2.29451
C 22.69180 38.81510 1.47286
C 24.23780 41.67720 0.08632
C 30.19710 43.95680 0.98385
C 26.68610 44.36060 1.58091
C 31.77870 47.20230 2.04484
C 44.63040 36.03140 1.70892
C 43.51740 38.92530 1.28993
C 40.77440 40.12470 1.68205
C 45.12630 41.54160 1.15466
C 40.49620 43.63040 1.52186
C 36.95140 44.10990 0.81083
C 34.23780 45.88760 1.18444
C 45.82110 44.17690 0.70726
C 42.32150 24.33790 1.19400
C 47.52060 24.26910 1.19818
C 44.81230 26.15640 0.59497
C 33.46740 27.51000 1.60786
C 30.55820 26.04920 1.76557
C 37.12510 31.44030 1.43994
C 34.12200 30.43930 1.60346
C 31.06760 29.36820 1.86996
C 27.81680 28.23800 2.05213
C 37.75230 34.89430 1.70257
C 34.71200 33.73500 1.79408
C 31.70350 32.69270 1.86508
C 28.65230 31.39610 2.09975
C 25.52300 30.34510 2.24348
C 35.31060 36.92210 1.74348
C 32.25710 35.86730 1.83140
C 29.08310 34.71130 2.05246
C 25.59490 33.76030 1.38555
C 33.00890 39.03700 1.86115
C 29.83160 37.89090 2.18133
C 25.87340 36.87750 1.50104
C 28.47310 46.88010 1.93185
C 43.19370 42.14110 0.97908
C 43.12190 45.35880 0.85687
C 40.03530 46.71630 1.42014
H 36.20210 60.14990 0.15358
H 33.41460 58.77740 0.24682
H 39.44370 64.04110 -0.83735
H 36.52280 62.89350 -0.33732
H 43.46830 68.20690 -1.20185
H 40.02040 67.14750 -0.89793
H 28.23050 62.79310 0.64859
H 43.64870 71.37490 -1.22500
H 24.65270 65.39480 0.49517
H 25.81890 68.69710 0.84022
H 26.84970 71.62880 1.24123
H 33.58780 61.93850 0.19582
H 36.94390 66.09930 -0.41870
H 33.99110 65.00390 -0.15804
H 31.08910 63.82110 0.21187
H 40.72590 70.23770 -1.29367
H 37.52040 69.23700 -0.82566
H 34.50800 68.24450 -0.22839
H 31.52280 67.20030 -0.04085
H 27.86960 66.21950 0.43695
H 35.12060 71.29030 -0.43865
H 32.08770 70.31540 0.11051
H 28.92730 69.27810 0.68682
C 46.03140 66.84250 -3.37782
C 48.05240 69.36340 -2.43677
C 33.77670 50.01710 -0.63244
C 34.96960 52.88670 -1.25290
C 33.09680 55.47540 -0.98652
C 30.24860 55.55180 -0.68469
C 29.47900 58.62390 -0.09213
C 27.24800 61.13840 -0.82104
C 24.35800 61.36290 -1.04316
C 35.57820 58.13460 -1.16196
C 38.35720 62.00910 -1.63480
C 35.06650 61.44860 -1.66681
C 32.54530 60.18100 -1.30166
C 41.97560 66.46830 -2.41356
C 38.52340 65.78580 -2.33476
C 29.81810 62.06840 -1.10338
C 42.57260 69.98240 -2.93503
C 26.65180 64.30590 -0.46171
C 24.61950 67.37340 -0.89233
C 25.16110 70.68570 -0.42203
C 36.90250 48.02550 -1.76048
C 36.93530 50.74530 -1.79712
C 36.10130 54.76210 -1.32200
C 38.73820 56.44920 -1.75351
C 41.02230 58.80990 -1.39067
C 47.04960 58.98720 -2.15954
C 41.56650 63.07940 -1.46584
C 46.46610 62.17030 -2.16814
C 44.78970 63.45960 -2.29871
C 25.34320 47.68900 -1.21000
C 30.03090 49.93910 -1.06453
C 26.82530 50.20130 -1.03579
C 23.67530 50.25550 -1.08337
C 31.59000 52.50740 -0.92947
C 28.50940 52.89950 -0.76329
C 25.52210 53.11130 -0.91607
C 27.22620 55.70080 -0.70166
C 24.02490 55.82730 -0.98589
C 26.00480 58.49000 -0.66763
C 35.68830 64.51300 -1.90181
C 32.75810 63.50390 -1.53015
C 39.21010 68.81580 -2.63110
C 36.05730 67.72010 -2.08875
C 32.97900 66.78680 -1.58208
C 29.90260 65.74530 -0.95789
C 36.70100 70.98070 -2.37088
C 33.66110 69.88060 -1.82200
C 30.42870 69.05420 -1.28736
C 27.52090 67.89990 -0.90514
C 31.35840 72.10340 -1.44206
C 28.23570 71.15990 -0.84188
C 45.35560 47.37900 -2.19550
C 42.51100 48.63620 -1.97238
C 39.71150 49.62640 -1.88652
C 45.13360 50.66400 -2.18850
C 42.06650 51.94830 -1.84442
C 39.18280 53.18300 -1.81931
C 44.76620 53.89020 -2.01340
C 41.79300 55.16090 -1.88344
C 47.33110 55.92070 -2.16058
C 44.32420 57.05020 -2.11949
C 44.02540 60.36190 -2.15336
H 47.04190 64.65690 -2.59501
H 48.11880 67.41530 -0.70928
H 46.31130 69.87180 -1.22116
H 33.18960 47.78730 0.08715
H 31.75460 50.75710 0.50791
H 33.41220 53.51190 0.53176
H 31.88860 56.25980 1.14225
H 30.77520 60.59370 0.51374
H 27.44300 59.59780 1.03649
H 25.76180 62.38550 0.63606
H 36.03540 49.35650 0.14819
H 47.33080 47.88060 -0.65729
H 38.57650 51.34460 -0.51070
H 38.16750 54.66850 0.03764
H 35.01820 56.22480 0.30716
H 37.77710 57.81370 0.20418
H 40.38090 61.05370 -0.40856
H 45.90230 60.43770 -0.60194
H 43.43850 62.29870 -0.74175
H 30.12390 48.04730 0.53993
H 26.91600 48.22670 0.54388
H 28.52890 50.97380 0.55413
H 25.35620 51.16270 0.53945
H 30.19280 53.60810 0.84535
H 26.97810 53.90310 0.92998
H 23.75050 53.92170 0.54141
H 28.76140 56.53670 1.01852
H 25.47850 56.67370 0.85730
H 24.25470 59.59820 0.64512
H 38.82500 48.07170 -0.24993
H 44.48690 49.00310 -0.48546
H 41.50990 50.16150 -0.28421
H 47.00110 50.92520 -0.57457
H 44.09970 52.11610 -0.42557
H 41.10010 53.45370 -0.16345
H 46.57300 54.27040 -0.40663
H 43.70150 55.42470 -0.44215
H 40.68540 56.61290 -0.23100
H 46.20820 57.36930 -0.54271
H 43.28640 58.60920 -0.55475
C 45.80630 67.37260 -1.39672
C 47.72710 69.25370 0.78989
C 33.86180 49.77770 1.25694
C 35.13130 52.94990 2.11251
C 33.28080 55.54330 2.01645
C 30.21240 55.33990 2.68016
C 29.59740 58.75730 1.77443
C 27.17160 61.41620 2.36203
C 24.21900 61.47680 2.20836
C 35.58950 58.19380 1.62752
C 38.35440 61.37640 0.31593
C 35.45540 61.98960 1.67897
C 32.78210 60.57200 2.06762
C 42.22680 65.99350 -0.54826
C 39.08510 65.52580 0.85464
C 30.14310 62.37260 2.07001
C 42.65460 69.60280 0.32961
C 26.66700 64.39080 1.55783
C 24.42210 67.18450 2.20584
C 24.86160 70.50810 2.29189
C 37.11090 47.56480 1.49757
C 37.01740 50.79370 1.50099
C 36.31280 54.84390 1.78328
C 38.85460 56.62410 1.58478
C 41.02940 58.91970 0.53614
C 47.12190 59.10370 0.97911
C 41.31720 62.94090 0.54210
C 46.30210 62.02110 1.20680
C 44.71050 63.49660 0.94816
C 25.21690 47.13470 1.89358
C 30.10630 49.88950 2.12982
C 26.87350 50.04990 2.15149
C 23.58040 50.10710 2.01885
C 31.87660 52.51820 2.21521
C 28.49690 52.70190 2.36592
C 25.18350 52.95440 2.25768
C 27.03960 55.78150 2.55144
C 23.61340 55.72810 2.18879
C 25.75130 58.64120 2.34389
C 35.96970 64.56260 1.27408
C 32.95050 63.71830 1.70406
C 39.63960 68.87760 0.53178
C 36.64620 67.89680 1.07406
C 33.46840 66.71330 1.43583
C 30.11910 65.73570 1.41140
C 37.21290 71.01790 0.82515
C 34.12580 70.00780 1.47020
C 30.83400 68.86090 1.77039
C 27.63630 67.86000 2.30687
C 31.76890 72.12090 1.80385
C 28.66460 71.20160 2.34319
C 45.55000 47.29770 0.97635
C 42.61640 48.66480 1.14978
C 39.58070 49.85940 1.21526
C 45.25270 50.65070 1.19112
C 42.19030 52.03670 1.21865
C 39.11230 53.07270 1.35230
C 44.71030 53.95720 1.18832
C 41.95800 55.27820 1.30022
C 47.40470 56.04070 1.13216
C 44.40880 57.19250 1.10611
C 43.83950 60.35820 0.77990
H 41.23660 73.42270 -1.80794
H 39.00650 75.52700 -0.88307
H 36.75230 77.65150 0.28419
H 25.14340 73.18290 -0.76300
H 34.42400 79.69190 0.68808
H 31.43310 78.66090 1.40773
H 28.33040 77.94840 0.57246
H 25.35840 76.97170 -0.33484
H 38.30290 72.34250 -1.01953
H 35.94540 74.41060 -0.47281
H 32.81530 73.46390 -0.02388
H 29.79930 72.55500 0.43040
H 33.67120 76.56980 0.47124
H 30.60080 75.69010 0.61160
H 27.46800 74.83640 0.45385
C 42.85840 89.99570 1.50244
C 35.50800 89.91450 2.32974
C 47.51780 93.43080 1.74493
C 44.72900 92.43190 2.95444
C 41.33860 92.73190 1.97168
C 38.02740 92.37090 1.88837
C 34.70600 92.18720 2.14382
C 32.44090 95.00380 2.18213
C 45.49660 75.16800 -0.66941
C 43.52360 77.85760 -0.77941
C 40.29950 79.34090 -0.56340
C 37.52020 81.21780 -0.85326
C 37.51500 84.20470 -0.00244
C 37.57310 87.35720 1.32073
C 39.76890 89.11280 2.62123
C 45.97990 88.70870 1.28858
C 45.66100 71.98060 -2.49571
C 28.45680 95.12100 1.32684
C 25.02260 79.40650 0.43823
C 30.47010 80.48900 1.78071
C 27.43160 81.66180 1.08982
C 34.55430 83.56310 2.29450
C 31.89510 85.49110 1.84846
C 34.58870 86.93300 1.75229
C 31.79810 88.56670 1.80098
C 31.53940 91.93240 2.25045
C 28.68240 93.05110 1.69651
C 42.90000 73.07300 -3.05720
C 40.92580 75.67630 -2.66525
C 38.26280 77.35830 -1.88887
C 26.47260 73.84700 -1.69610
C 36.30010 79.68940 -1.10491
C 29.99380 77.83940 -0.56508
C 26.98350 76.62300 -1.28570
C 45.48590 96.00850 1.67907
C 42.50080 95.53320 1.95121
C 39.33890 95.23770 1.76564
C 36.20840 94.94320 1.65022
C 46.29790 79.17320 -0.16936
C 43.09950 80.74040 -0.20236
C 40.34470 82.53830 -0.15486
C 45.93770 82.24960 0.25250
C 43.18910 84.06000 0.41159
C 40.19660 85.85000 0.84786
C 46.00650 85.61660 0.67674
C 43.11210 87.16510 1.08157
C 24.60940 82.83980 0.60362
C 29.68310 83.57340 1.61592
C 26.99550 84.79460 1.12024
C 23.82850 86.20310 0.46535
C 29.25180 86.66970 1.64408
C 26.39440 88.19950 1.01024
C 28.86730 89.92420 1.52333
C 26.10560 91.47380 1.15510
C 25.12380 94.81790 1.38322
C 39.75700 71.80610 -2.95914
C 37.50170 74.23010 -2.41747
C 34.38710 73.17770 -1.93364
C 35.28510 76.50410 -1.48528
C 32.27600 75.53230 -1.21768
C 29.36640 74.43940 -1.09568
C 33.15440 78.85260 -0.48846
H 41.24150 91.00670 3.25067
H 37.75990 90.46490 3.22242
H 45.97490 94.42490 3.39708
H 36.32730 93.32840 3.53361
H 33.06270 93.12580 3.89535
H 34.44120 95.84670 3.13574
H 44.94820 77.25990 0.81326
H 42.07250 78.79210 1.22786
H 39.19960 80.59740 0.84213
H 36.36930 82.21010 1.29372
H 47.44030 78.76220 2.10186
H 36.36690 85.23450 1.84081
H 36.24040 87.75900 3.30885
H 39.20440 86.64670 2.96750
H 44.46950 89.94550 3.06872
H 47.01030 91.59540 3.32887
H 46.34760 72.79140 -0.18421
H 24.46410 77.80470 2.23801
H 26.76750 79.85510 2.31596
H 28.86390 81.87220 3.16019
H 31.16440 83.82220 3.73656
H 33.75780 85.54570 3.69401
H 33.62000 88.60310 3.26368
H 30.50850 90.03980 3.39121
H 27.59040 91.31650 3.13269
H 24.40780 92.66810 2.51742
H 29.96410 93.24250 3.79863
H 42.76260 93.81290 3.77735
H 39.48980 93.54720 3.57075
H 44.86350 80.40920 1.47560
H 42.12590 82.15540 1.59771
H 39.28100 83.71190 1.75001
H 47.63940 82.03530 2.02321
H 44.99980 83.70720 1.95688
H 42.10960 85.21960 2.20898
H 47.80860 85.28700 2.25777
H 44.91610 86.79870 2.62373
H 41.95820 88.19850 2.94244
H 47.65500 88.58320 2.67511
H 26.02320 83.07120 2.61877
H 28.34850 85.00580 3.17889
H 25.45820 86.28380 2.31326
H 30.84240 86.94030 3.46142
H 27.89420 88.21330 2.98780
H 24.99530 89.60060 2.29845
C 42.90040 89.70750 4.65568
C 35.53530 89.85400 4.28559
C 47.87910 93.51600 4.65934
C 44.55700 93.07680 4.97597
C 41.05510 92.55110 5.17208
C 37.93800 92.22130 5.06844
C 34.63820 92.98670 5.44744
C 31.60140 95.15150 4.06807
C 45.59990 74.83550 1.12906
C 42.71760 76.93690 2.18096
C 39.78510 78.60790 2.26792
C 37.29100 80.55180 2.55871
C 37.46230 83.54380 3.34844
C 37.27140 85.79820 4.11555
C 40.02210 88.22820 4.39756
C 45.79450 88.29780 4.39636
C 45.19160 71.14550 0.72717
C 28.01390 95.81010 4.52641
C 24.60050 79.37860 3.75949
C 30.76050 80.54560 4.06174
C 26.79220 81.51500 4.37585
C 32.44810 81.65720 4.14615
C 31.80500 85.63840 5.34842
C 34.55810 87.05790 5.00803
C 31.86490 88.61050 4.92715
C 31.42500 91.70950 5.13019
C 28.11950 92.99420 5.04034
C 42.52060 72.95090 0.25970
C 41.34100 75.69670 -0.63392
C 38.87580 77.03940 1.24613
C 25.66690 73.74960 1.72101
C 36.15000 78.79320 2.40730
C 29.90510 77.11570 2.55194
C 26.61040 76.57770 1.93209
C 45.69720 96.28690 4.96982
C 42.49220 95.75230 5.03271
C 39.25710 95.49390 5.05189
C 35.99090 95.21600 5.00980
C 45.49400 78.55240 3.04499
C 42.93320 80.27710 3.04270
C 40.07590 81.74630 2.94685
C 45.63260 81.73780 3.39707
C 43.06090 83.37680 3.48690
C 40.27960 84.79320 3.80345
C 45.94290 84.97430 3.85179
C 42.96040 86.44720 4.18646
C 23.86340 82.68120 3.70590
C 28.96670 83.48830 5.02279
C 26.12140 84.90680 4.22463
C 23.36380 85.96650 3.53894
C 28.77760 86.74650 4.77406
C 25.78090 88.03260 4.03744
C 28.77890 89.82780 4.74998
C 25.64400 91.13380 4.15985
C 24.85190 94.92240 3.30798
C 40.45740 72.05720 0.20347
C 38.04640 74.08250 0.84188
C 34.83780 73.11880 1.28591
C 35.67270 75.88830 1.66693
C 32.53100 75.08930 1.95756
C 29.02260 74.34060 2.03836
C 33.19880 78.06590 2.52116
C 54.22370 -1.36853 1.16337
C 51.18480 95.86580 1.97295
C 48.38500 -1.23300 1.38822
C 54.73320 4.34691 0.76087
C 51.67070 4.75156 1.56135
C 49.43470 6.89306 0.63047
C 59.18700 0.36945 0.55546
C 58.21080 3.53933 0.45242
C 57.04240 6.40002 0.03423
C 58.80820 9.02791 -0.09631
C 73.09310 10.90620 -3.48630
C 67.40530 10.70270 -1.93007
C 64.12230 11.44070 -0.31552
C 60.26740 11.97850 0.30081
C 70.44010 13.40840 -2.43818
C 67.21800 12.82210 -1.84165
C 65.35600 15.23760 -1.47923
C 62.28140 14.39790 -1.16448
C 63.11000 17.56860 -1.34937
C 61.36730 20.09000 -1.32346
C 62.49880 22.73610 -1.81388
C 59.42670 22.63570 -1.25835
C 53.24250 7.59612 1.24143
C 51.42840 9.93947 0.07994
C 56.52490 9.78766 0.33720
C 56.52370 12.98820 -0.23269
C 58.82820 14.73620 -0.78723
C 59.75180 17.59420 -0.73104
C 56.18740 19.17960 -1.58480
C 56.35390 23.20840 -0.98099
C 56.10990 1.05192 0.86194
C 52.84520 1.63988 0.95398
C 49.84510 1.57467 1.22053
C 68.49260 96.35170 -0.52768
C 65.37940 -0.81155 -0.07975
C 62.30820 -0.14508 0.32840
C 70.53870 0.75972 -0.90577
C 67.44420 1.59282 -0.47650
C 64.40420 2.30939 -0.00220
C 61.30550 2.87621 0.19875
C 69.93520 3.98854 -0.74467
C 66.60730 4.60072 -0.37827
C 63.40150 5.34388 -0.24357
C 60.30050 5.86746 -0.09558
C 72.31260 6.43756 -0.81163
C 68.89530 6.83041 -0.84343
C 65.34060 7.94373 -0.57331
C 62.16740 8.60737 -0.38070
C 71.93240 16.56530 -2.29823
C 68.54930 15.91630 -1.86616
C 69.83120 18.81120 -2.01927
C 66.66830 18.05510 -1.68850
C 70.84000 21.82560 -2.26089
C 67.66520 21.06720 -2.03903
C 64.47020 20.44170 -1.72198
C 53.90810 11.38330 0.18710
C 50.98630 12.95480 -0.25548
C 53.69110 14.54390 -0.49738
C 50.94370 16.03930 -0.79439
C 56.39810 16.16490 -0.87339
C 53.35150 17.67720 -0.99542
C 50.70480 19.23780 -1.24086
C 53.48040 20.84340 -1.55079
C 50.56580 22.52890 -1.60566
H 56.12170 -0.55698 2.70678
H 52.97800 -0.34263 2.45841
H 54.75150 2.45776 2.42580
H 53.79040 5.59009 2.70502
H 50.84960 8.06144 1.72898
H 59.06810 -1.16981 2.42046
H 58.00550 1.84738 2.18662
H 56.82680 4.84219 1.98472
H 58.94630 7.18034 1.48368
H 55.69180 7.85385 1.45999
H 70.68650 7.52482 0.81291
H 67.54910 8.17379 0.89475
H 64.28360 9.15312 0.75196
H 60.81490 9.75638 1.40805
H 71.44580 11.58000 -1.54947
H 72.11110 14.51900 -0.89122
H 68.97140 13.97040 -0.42608
H 65.70820 13.30480 0.08648
H 63.75210 15.78930 0.25704
H 61.70940 18.45500 0.44683
H 59.96220 20.95650 0.69369
H 53.10780 10.01360 1.93964
H 50.17260 11.44300 1.62036
H 55.76050 11.89750 1.75105
H 58.52270 13.53730 1.16092
H 60.78080 15.63440 0.36170
H 58.14320 16.58940 0.74630
H 57.91110 19.32980 -0.72591
H 55.31110 21.15310 -0.17548
H 52.46610 22.56630 -0.03782
H 49.92490 -0.15421 2.97215
H 51.41950 2.62564 2.72073
H 49.47820 5.29924 2.57760
H 70.52750 -0.92676 0.86920
H 67.37300 -0.14997 1.17413
H 64.22110 0.44067 1.62328
H 61.05320 1.25037 1.95348
H 69.47840 2.18369 0.85814
H 66.32350 2.87165 1.37053
H 63.13940 3.70307 1.63516
H 60.08080 4.33824 1.80894
H 71.79390 4.56220 0.73596
H 68.59120 5.16185 1.00598
H 65.34640 6.04901 1.14650
H 62.12700 6.78206 1.36859
H 62.47250 12.96230 0.91352
H 70.27040 16.90060 -0.41604
H 67.01160 16.28580 0.04413
H 71.34000 20.05160 -0.56554
H 68.17920 19.36900 -0.23384
H 64.90160 18.65780 -0.11880
H 69.22350 22.36860 -0.59803
H 66.07900 21.65020 -0.35582
H 62.98360 21.24790 0.02392
H 52.83040 13.19910 1.37369
H 49.91810 14.73840 1.00394
H 55.54560 14.84240 0.98835
H 52.71280 16.26910 0.90216
H 49.82740 17.77460 0.48031
H 55.34900 17.90680 0.39762
H 52.57750 19.45110 0.34475
H 49.72560 21.05840 0.17818
C 54.42530 -0.97462 4.43665
C 51.57800 96.33410 4.19283
C 48.60170 -1.23782 4.67034
C 55.30320 4.44023 3.97895
C 51.66920 4.93931 3.69675
C 49.50860 7.41325 3.79262
C 59.48120 0.76393 3.77921
C 58.45360 3.84114 3.56344
C 57.16650 6.95390 3.21313
C 59.80560 8.91409 3.13067
C 70.52860 9.73017 -0.41320
C 68.31500 10.33070 0.03867
C 64.45910 11.59020 1.46119
C 60.39810 12.11610 2.08700
C 70.71960 13.03650 0.58470
C 67.45720 12.87750 1.37104
C 65.58000 15.21510 1.75573
C 62.34080 14.85950 2.11974
C 63.65310 17.70450 1.75870
C 61.99390 20.32340 2.03511
C 62.95840 23.16480 1.50647
C 59.52240 23.32550 1.69758
C 53.87590 8.05250 3.22956
C 51.10550 9.94139 3.42035
C 56.89550 10.07700 2.34715
C 56.71290 13.79950 2.88342
C 59.40590 15.39470 2.45807
C 59.37180 18.59590 1.28728
C 56.54560 19.73900 1.49277
C 56.56400 23.10060 0.84798
C 56.50750 1.55499 4.01716
C 53.17270 1.58408 4.08198
C 50.12830 1.87936 4.35557
C 68.93010 -1.41266 2.69469
C 65.89650 -0.69567 3.04156
C 62.68810 0.05784 3.44289
C 71.05350 1.02858 2.33360
C 67.91550 1.73172 2.77314
C 64.47350 2.44581 3.04463
C 61.51230 3.16216 3.45297
C 70.09420 3.99672 2.47441
C 66.85790 4.93494 2.74636
C 63.69190 5.67721 2.99903
C 60.65280 6.33866 3.11749
C 72.45590 6.38977 2.36621
C 69.22700 7.01055 2.62283
C 66.05220 8.17083 2.39325
C 62.80780 8.79104 2.70014
C 72.13720 15.99190 0.96535
C 69.03200 15.71180 1.37891
C 70.11800 18.77600 1.16892
C 66.75050 18.22550 1.49285
C 71.05150 21.87940 1.00061
C 67.91150 21.30330 1.18610
C 64.75540 20.54810 1.40572
C 53.84990 11.98220 3.27022
C 50.88710 13.50300 2.85254
C 53.74680 14.89490 2.64865
C 50.90810 16.56440 2.40557
C 56.37020 16.73880 2.30453
C 53.62590 18.14360 2.13874
C 50.66820 19.57540 1.90007
C 53.68420 21.20210 1.66063
C 50.65460 22.84260 1.60033
C 72.71640 28.18850 -2.17071
C 62.42830 25.92740 -0.62047
C 70.08580 29.52480 -2.98564
C 66.84360 28.99740 -2.59749
C 63.81530 28.89440 -1.88615
C 58.69830 26.44330 -1.57694
C 55.43500 26.95530 -1.43876
C 51.90330 27.98580 -0.88463
C 60.59990 28.96930 -1.54780
C 51.03490 30.13200 -0.52866
C 62.07180 31.71860 -1.83504
C 63.74630 34.31910 -2.45841
C 63.50530 37.56420 -1.29901
C 61.79910 40.53850 -1.78887
C 48.47500 41.63510 -1.19835
C 60.35010 43.42010 -1.49071
C 57.53580 43.49260 -1.57446
C 51.14250 43.91000 -1.55612
C 56.28250 46.64490 -1.19396
C 52.70690 46.84270 -1.59358
C 50.73310 25.40750 -1.85413
C 69.58060 32.65130 -1.91469
C 66.55620 31.94500 -2.24450
C 68.18480 35.28020 -1.64945
C 66.82400 37.84490 -1.76384
C 65.25150 40.68590 -1.90072
C 63.44740 43.72540 -1.64195
C 62.09310 45.98790 -1.63454
C 48.59370 46.11660 -1.79601
C 71.92100 25.02380 -2.29056
C 68.61230 24.10030 -2.24661
C 65.57240 23.29220 -2.07914
C 69.31290 27.20920 -2.29515
C 65.66070 26.48940 -1.58907
C 57.26550 29.51020 -1.46807
C 54.11650 30.13930 -1.17659
C 58.98740 31.95450 -1.49609
C 55.90020 32.57690 -1.25616
C 52.76320 32.70940 -1.05770
C 49.53530 32.91330 -0.83966
C 60.65730 34.73250 -1.78066
C 57.74820 35.12790 -1.43250
C 54.54040 35.54280 -1.31388
C 51.33520 35.69670 -1.25651
C 59.84550 37.75810 -1.65689
C 56.45470 38.04650 -1.47644
C 53.20130 38.28860 -1.43655
C 49.93460 38.45400 -1.36770
C 58.54720 40.66680 -1.55913
C 55.24830 40.96520 -1.46661
C 52.17000 41.16820 -1.48754
C 54.10010 43.86580 -1.52691
C 53.42700 24.41880 -1.32675
C 71.49960 35.16800 -1.86045
C 70.06310 37.90650 -1.71253
C 71.52440 40.69340 -1.78945
C 68.35770 40.73590 -1.91188
C 69.94140 43.63530 -1.92978
C 66.77870 43.54470 -1.82401
C 71.75800 46.13860 -2.00832
C 68.21760 46.46820 -1.90912
C 65.19140 46.30230 -1.91006
H 63.96860 24.13770 -0.50394
H 61.21630 23.88070 -0.06381
H 70.69500 28.48000 -0.77360
H 64.24590 27.46060 0.10780
H 68.40540 30.61200 -1.65822
H 65.57400 30.16220 -0.90520
H 58.30170 24.51810 -0.08367
H 55.25700 25.09740 0.22533
H 60.41290 27.06420 0.08006
H 54.10100 28.11630 0.23533
H 50.96180 28.51410 1.39463
H 62.43560 30.06050 -0.12913
H 49.60270 31.30110 1.06101
H 63.73800 32.81180 -0.36988
H 62.62860 35.46120 -0.49176
H 61.42680 38.57900 -0.41811
H 48.41020 39.48820 -0.02134
H 60.33760 41.47050 0.00487
H 50.58910 42.48980 -0.05003
H 58.86880 44.31260 0.46448
H 55.74310 44.55700 -0.15666
H 52.62190 44.98440 0.22713
H 52.10210 25.80150 0.15739
H 49.55520 27.28860 -0.96850
H 71.37370 33.26880 -0.34672
H 68.23320 33.51300 0.01917
H 65.85850 34.34910 -1.84443
H 66.85610 36.30210 0.22502
H 65.25470 38.94570 -0.18736
H 63.55060 41.57880 -0.42405
H 61.97160 44.23950 0.25896
H 47.66640 43.97100 -0.59470
H 72.25550 23.18240 -0.72305
H 70.06130 25.39340 -0.75487
H 66.95390 24.67820 -0.55070
H 67.61330 27.69480 -0.68525
H 57.29100 27.62650 0.10893
H 59.15390 30.10790 0.05357
H 55.98180 30.68630 0.32912
H 52.83340 31.04330 0.72933
H 60.82820 32.95350 -0.12045
H 57.65470 33.36930 0.17076
H 54.45780 33.72640 0.39282
H 51.28770 33.91970 0.50459
H 59.56870 35.96650 0.04126
H 56.33300 36.31740 0.18397
H 53.04250 36.57330 0.27603
H 49.79920 36.67180 0.43918
H 58.28500 38.78990 0.04175
H 54.96530 39.14890 0.14826
H 51.70220 39.42680 0.22749
H 57.05750 41.71000 0.08384
H 53.78220 42.06240 0.11432
H 49.53150 24.17800 -0.05269
H 69.96810 36.01920 -0.14270
H 71.65290 38.83640 -0.11433
H 68.38030 38.92050 -0.25584
H 69.91210 41.70520 -0.31018
H 66.81530 41.68920 -0.23463
H 71.71350 44.34990 -0.27239
H 68.45370 44.55160 -0.29844
H 65.21070 44.51530 -0.13307
C 72.52390 28.30040 0.94818
C 62.60540 26.41380 1.20624
C 69.75970 30.38580 0.35778
C 67.58180 29.77340 0.46696
C 64.51600 29.53990 1.21933
C 58.95800 26.37630 1.54870
C 55.60080 26.87720 1.77589
C 52.81580 27.08330 2.10312
C 60.89800 29.06810 1.49295
C 51.34300 30.28070 2.59996
C 62.39410 31.94800 1.50335
C 64.80720 34.91060 0.44719
C 63.43240 37.53250 0.62090
C 62.12970 40.34450 1.22631
C 48.31820 41.89600 0.63818
C 60.51960 43.07410 1.94284
C 57.39340 43.69430 1.56928
C 51.04900 44.35750 1.71416
C 56.32580 46.80570 0.71782
C 52.76420 47.06800 1.56615
C 49.99230 26.19340 1.21325
C 69.90220 32.25990 1.35937
C 66.12990 32.43850 -0.19974
C 68.56670 35.15730 1.68846
C 66.85420 38.35680 1.59709
C 65.23590 40.87080 1.33252
C 63.84690 43.20850 1.45496
C 62.03330 46.00690 1.52546
C 48.80820 45.96690 0.13748
C 71.76670 24.90870 0.99362
C 68.82740 24.18930 0.94895
C 65.66800 23.50490 1.11696
C 69.49460 27.17050 0.85112
C 66.09480 26.57680 0.90385
C 57.52960 29.39620 1.83525
C 54.48920 29.74500 2.00007
C 59.25250 32.09860 1.61698
C 56.01880 32.64360 1.87412
C 52.93790 33.03760 2.16419
C 49.79450 33.34110 2.39710
C 61.23670 34.86660 1.42500
C 57.94220 35.27170 1.72321
C 54.71580 35.62610 1.87963
C 51.47230 35.90210 2.04661
C 60.02190 37.91330 1.49010
C 56.58300 38.12230 1.72244
C 53.24090 38.50990 1.84927
C 49.81250 38.82900 1.75545
C 58.60420 40.62880 1.64295
C 55.37580 41.04050 1.72422
C 51.92990 41.48420 1.67368
C 54.21110 43.92770 1.68246
C 53.52060 24.29000 1.48170
C 71.54090 34.91590 1.37874
C 69.88760 37.92820 1.34717
C 71.47960 40.80890 1.35368
C 68.36200 40.75440 1.35554
C 69.96330 43.55040 1.33102
C 66.92640 43.51070 1.34729
C 71.56720 46.28320 1.26368
C 68.53990 46.54000 1.15182
C 65.19250 46.47930 1.32149
C 52.26120 60.66530 -2.48650
C 49.24200 61.28270 -2.26948
C 58.57050 64.87100 -2.04004
C 55.16890 64.30450 -2.07433
C 48.95450 64.28660 -3.48116
C 59.52420 68.09140 -1.88861
C 63.49760 71.62890 -2.24303
C 60.45370 71.15370 -1.76118
C 66.39400 49.61000 -1.18450
C 63.05910 49.03820 -1.94536
C 71.80640 51.57100 -2.88041
C 69.00050 53.22160 -1.64761
C 72.36300 55.09610 -2.67889
C 72.53290 69.34250 -2.30518
C 51.13890 48.03440 -2.13456
C 51.42260 51.45300 -1.40771
C 50.32010 54.69420 -2.22527
C 50.30260 57.91420 -2.15994
C 59.54170 47.73150 -1.40486
C 63.80720 52.15290 -1.45368
C 60.49180 51.23230 -1.67980
C 57.08180 50.18740 -1.61578
C 69.01490 56.47100 -1.36475
C 67.26550 54.68510 0.92273
C 64.55510 55.07910 -1.31747
C 54.97570 52.53340 -1.69924
C 71.76030 59.34610 -1.32035
C 52.60360 54.92040 -1.95483
C 56.98950 58.87000 -2.03531
C 53.81150 57.83880 -2.12796
C 60.85030 62.69650 -1.89760
C 57.96020 61.86370 -2.11143
C 71.30610 67.77580 -2.17696
C 61.77860 65.57690 -2.10415
C 69.69520 70.64560 -1.46607
C 66.07550 69.59620 -2.35205
C 62.78970 68.52840 -2.07939
C 51.86590 63.67210 -2.20251
C 56.33260 67.41260 -1.96475
C 53.17920 67.07490 -2.14752
C 49.79190 67.02450 -2.45225
C 57.41150 70.49990 -1.53635
C 54.38730 70.08740 -1.77144
C 51.34920 69.81370 -2.05563
C 70.01250 49.14220 -2.13968
C 48.32720 49.58860 -2.18433
C 47.82740 52.82430 -2.07372
C 54.34920 49.38920 -1.50899
C 61.27350 54.18580 -1.59881
C 58.05870 53.32450 -1.76132
C 68.58320 58.31040 -0.83900
C 65.51070 57.98170 -1.19263
C 62.25990 57.20720 -1.65852
C 58.99930 56.31390 -1.88014
C 55.88650 55.67080 -1.82159
C 69.47170 61.67440 -1.29521
C 66.51710 60.89960 -1.40897
C 63.17310 60.29160 -1.67659
C 60.04960 59.44750 -1.91928
C 70.33630 64.75280 -1.59381
C 67.27210 63.83100 -1.61310
C 64.06580 63.21130 -1.82066
C 68.17530 66.96950 -2.10374
C 64.99090 66.16640 -2.11957
H 71.23830 56.04740 -0.55877
H 53.80000 62.34720 -1.41927
H 51.08380 61.88100 -0.73431
H 48.14580 62.58520 -0.37202
H 60.04680 66.17800 -0.46407
H 56.80520 65.46100 -0.61249
H 61.07650 69.23430 -0.28213
H 54.34110 47.90940 -0.16984
H 63.48050 47.21470 -0.29049
H 68.66980 49.95570 -0.09568
H 64.18770 50.37060 -0.23792
H 71.19700 53.01830 -1.81652
H 50.13340 49.46350 -0.28570
H 49.54150 52.86380 -0.62487
H 49.18490 56.21870 -0.57969
H 48.95960 59.41160 -0.68000
H 61.17330 49.37780 -0.36903
H 57.58070 48.56770 -0.45995
H 64.97320 53.32750 0.62928
H 61.82460 52.42110 0.03995
H 55.48600 50.89910 0.15888
H 68.68760 56.85910 1.24216
H 65.52310 56.30630 0.61270
H 53.10320 53.09600 -0.32303
H 69.94980 60.01270 0.41156
H 53.98150 56.23530 -0.25193
H 70.65120 63.14140 0.38591
H 54.96940 59.54100 -0.53311
H 52.03150 58.92390 -0.72631
H 71.55990 66.00990 -0.26533
H 59.08570 63.18400 -0.30226
H 56.35240 62.31030 -1.12750
H 69.47010 68.38810 -0.59747
H 63.17470 66.81480 -0.64017
H 67.32780 70.71850 -0.39097
H 64.31040 69.92760 -0.72570
H 53.23470 65.27250 -0.90629
H 49.94840 64.90570 -1.24841
H 57.71090 68.53240 -0.21161
H 54.58110 68.11070 -0.31664
H 51.30660 67.79420 -0.63988
H 55.64940 71.04410 0.10841
H 52.58620 70.68390 -0.18040
H 49.47770 70.35250 -0.60534
H 70.12960 47.27340 -0.52270
H 66.73410 47.39310 -0.38668
H 71.79830 50.02910 -0.70678
H 58.58560 51.51540 -0.11238
H 62.54450 55.44080 0.02156
H 59.38710 54.62060 -0.09978
H 56.33340 53.93800 -0.11748
H 66.69910 59.32270 0.51692
H 63.46910 58.60260 -0.00899
H 60.30780 57.68350 -0.25964
H 57.22430 57.04700 -0.33778
H 67.64850 62.28910 0.25371
H 64.57830 61.58440 -0.09359
H 61.22830 60.85680 -0.26543
H 58.24390 60.07620 -0.40188
H 68.39360 65.43300 -0.15898
H 65.40890 64.56660 -0.30276
H 62.25160 63.88950 -0.31208
H 66.33500 67.74320 -0.74716
C 52.97710 60.92700 0.44084
C 49.53730 61.06480 1.04473
C 58.51680 65.04320 1.12730
C 54.98970 63.97050 0.10899
C 47.72500 65.05130 -0.15045
C 59.71520 68.00410 1.19549
C 63.81800 71.41530 1.20690
C 60.89530 71.02090 1.43349
C 66.32560 49.65880 0.66343
C 62.88920 49.02820 1.35886
C 71.46970 52.15130 0.51324
C 69.26650 52.27930 0.45852
C 73.19220 54.38950 -0.98266
C 72.93270 69.20460 1.28723
C 50.92800 47.98660 1.61537
C 51.40660 51.37730 0.45906
C 50.17010 54.57450 1.06131
C 50.40070 58.01040 0.79409
C 59.77030 47.60130 0.32176
C 63.70160 51.97760 1.69493
C 60.48200 50.93500 1.38739
C 57.41600 50.02350 1.45794
C 70.82380 55.26770 1.40921
C 67.04000 55.82250 2.63881
C 63.92220 55.15950 2.08199
C 54.85460 52.83200 1.55772
C 71.91140 59.89210 1.86374
C 52.34960 54.87910 1.22404
C 56.50990 59.05560 1.07814
C 53.52410 57.90720 1.05614
C 60.82820 62.75470 1.32427
C 57.49470 61.91900 1.02010
C 71.22740 68.12940 1.14885
C 61.79700 65.83620 1.12666
C 69.67320 70.66910 0.39260
C 66.22920 69.73520 0.78827
C 63.04710 68.64080 0.98474
C 51.47000 64.04540 0.41185
C 56.25870 67.08000 1.24069
C 52.86330 66.82630 0.99526
C 49.81830 66.39460 0.71689
C 57.40470 70.24110 1.58853
C 54.04860 69.74960 1.48522
C 50.88580 69.48500 1.09778
C 70.12790 49.20000 1.08593
C 48.02960 49.39330 1.20964
C 47.66630 52.58720 1.09103
C 54.38330 49.80180 1.52286
C 61.18790 54.06480 1.54825
C 58.10840 53.04910 1.40816
C 68.45110 58.94020 2.30600
C 64.98080 58.25040 1.95415
C 61.95680 57.32370 1.51397
C 58.87520 56.45790 1.46702
C 55.89270 55.80110 1.35513
C 69.31870 62.01140 2.05017
C 66.13250 61.18970 1.81522
C 62.93940 60.47510 1.43805
C 59.92410 59.55070 1.33631
C 70.01860 65.07340 1.67759
C 67.04210 64.28250 1.50491
C 63.97410 63.48830 1.36780
C 68.05580 67.58700 1.03105
C 65.07290 66.48370 0.95106
C 70.44140 87.38970 -1.74306
C 68.11330 87.70380 -0.66998
C 65.02670 88.11720 0.68776
C 61.74140 89.44290 0.96499
C 60.98290 92.09360 0.86551
C 57.81150 92.32920 1.84542
C 57.22220 95.59960 1.19662
C 48.85090 75.85490 -1.06918
C 51.19510 78.06760 1.34466
C 54.95860 80.64710 -0.40376
C 60.30750 84.82460 0.35802
C 48.90090 90.63120 2.08405
C 59.51770 87.45670 1.16867
C 56.94070 88.67470 1.69685
C 51.70880 91.74910 2.33192
C 58.41820 90.93260 3.48980
C 54.41170 93.91340 2.57596
C 64.72420 74.95140 -2.04596
C 48.61260 72.53870 -1.33942
C 63.02690 77.27110 -1.39212
C 53.52450 75.56590 -1.06713
C 50.56250 75.29290 -1.37945
C 64.24860 80.19770 -0.89458
C 61.04430 79.82850 -0.75076
C 57.78930 79.33760 -0.74369
C 54.04150 78.79040 -0.61361
C 65.68360 83.23340 0.11020
C 62.26220 82.58850 -0.36724
C 62.52670 85.89660 1.03865
C 72.28870 72.74640 -1.95615
C 69.32280 74.36340 -2.04426
C 69.24000 77.90000 -1.42656
C 66.55790 75.84720 -1.93502
C 69.65040 80.87630 -1.72596
C 69.31320 84.22150 -0.91185
C 70.13980 90.25170 -1.01459
C 66.96300 90.76720 -0.43813
C 63.98440 91.51140 0.31134
C 69.30750 93.20700 -0.77615
C 66.29820 93.91660 -0.25096
C 63.25020 94.62080 0.29546
C 60.14360 95.18120 0.75335
C 71.37870 95.68690 -1.10425
C 48.69660 80.48780 0.56947
C 51.69900 81.58990 1.05533
C 48.70910 83.73910 0.59713
C 58.24270 82.23200 0.42428
C 54.62660 83.73870 0.51928
C 51.54330 85.05210 0.90165
C 48.90700 87.17620 1.07990
C 57.22720 85.47380 0.89731
C 54.36210 86.94690 1.26764
C 51.68250 88.26140 1.60735
C 54.53960 90.15940 2.24754
C 61.78300 74.22990 -1.74414
C 58.62270 73.46080 -1.45442
C 55.70140 72.91780 -1.42331
C 52.55910 72.64070 -1.69390
C 59.76330 76.74030 -1.32620
C 56.60060 76.08990 -1.20525
C 72.12890 75.91390 -1.96621
H 49.10930 94.89040 2.96674
H 68.17050 85.89130 0.73841
H 61.61310 87.59390 2.61559
H 70.19120 88.34800 0.55162
H 67.10120 89.01130 1.24243
H 63.84920 89.84340 2.22673
H 60.80410 90.68110 2.99636
H 59.93260 93.60590 2.56737
H 56.73720 94.16880 3.08135
H 50.21370 80.11100 2.53959
H 54.06310 81.95590 1.63090
H 60.43650 82.82180 1.34695
H 56.75130 83.51300 1.89218
H 59.15880 85.50050 2.55628
H 58.82300 88.43000 3.35520
H 56.23310 89.78170 3.93886
H 53.37950 91.28870 4.21468
H 49.75780 92.16070 3.82774
H 65.05720 72.84030 -0.53959
H 62.09230 72.24650 -0.32181
H 63.29910 75.24610 -0.06612
H 50.73260 73.16020 -0.33292
H 64.51860 78.02310 0.66776
H 54.99520 76.71790 0.78568
H 51.82610 75.88920 0.77933
H 65.79960 80.79120 1.12477
H 62.68350 80.54990 0.98050
H 59.37810 80.08970 0.96796
H 56.78650 80.45520 1.19649
H 63.57630 83.65020 1.54323
H 70.61360 72.71900 -0.62132
H 67.77120 74.00870 -0.55411
H 67.42920 76.97780 0.24219
H 68.05500 79.89390 -0.43838
H 71.27530 85.63190 -0.46573
H 68.15900 82.77720 0.70707
H 52.15450 94.01930 3.36190
H 69.02190 91.44460 0.84918
H 66.06020 92.15130 1.45631
H 63.00110 92.91490 2.04668
H 71.28360 93.86670 0.54339
H 68.30490 94.52740 1.09562
H 65.26360 95.22620 1.60741
H 62.11060 95.94910 2.06923
H 50.57430 83.47480 2.21010
H 53.51690 84.98080 2.50660
H 50.65830 86.58650 2.77815
H 56.29000 86.67630 2.84681
H 53.53100 88.11340 3.27289
H 50.75890 89.71290 3.36004
H 58.93790 71.56530 0.13004
H 60.14500 74.68850 0.05260
H 57.01840 74.13420 0.30001
H 53.89180 73.54250 0.24339
H 61.34060 77.70180 0.32383
H 58.09490 77.24690 0.38761
H 70.46700 76.04270 -0.48918
H 70.92730 79.33100 -0.22665
H 70.96850 82.49850 -0.25385
C 72.03450 87.00330 1.40791
C 68.67860 87.26560 2.20630
C 65.24830 87.85590 2.55677
C 62.42980 89.19130 4.24230
C 61.62430 92.35840 4.07662
C 57.53820 93.08790 5.35691
C 57.64040 96.25610 4.35415
C 48.70240 76.71670 3.00490
C 50.41380 77.79030 3.31776
C 55.12450 80.11020 2.95496
C 60.42720 83.64770 3.61360
C 48.59550 90.05050 4.45777
C 60.22190 86.69760 4.45260
C 57.06650 87.72100 4.95979
C 51.50900 91.08650 5.27625
C 56.40210 91.43820 5.79431
C 54.51270 93.47100 4.46690
C 65.00590 74.40980 1.53066
C 48.65830 72.35220 0.64639
C 63.15750 76.90950 1.82548
C 53.76350 74.97870 2.23964
C 50.58990 74.53110 1.73077
C 64.56600 79.96600 2.57288
C 61.14750 79.20220 2.30058
C 57.99990 78.71300 2.41503
C 54.25690 78.26910 2.77366
C 66.07390 83.28940 1.96510
C 62.42430 82.15900 2.90656
C 63.00060 85.56690 2.97830
C 72.44550 72.44870 1.09342
C 69.82570 74.20610 1.09743
C 69.21760 77.88380 0.61553
C 66.87150 75.00400 1.81907
C 69.79730 80.92620 1.23548
C 70.14940 84.30490 1.24175
C 70.69870 89.94750 1.93075
C 67.55920 90.54760 2.70478
C 64.63500 91.76910 3.50574
C 69.83800 93.17530 2.44379
C 66.82840 93.92710 3.04181
C 63.72290 94.74990 3.52676
C 60.56890 95.54200 3.98536
C 72.19710 95.51560 2.09636
C 48.56150 80.45440 3.77408
C 52.01460 81.58940 3.01420
C 48.65310 83.51230 3.80139
C 58.45180 81.80800 2.35055
C 54.96060 83.12960 3.56443
C 51.74860 84.75000 4.10608
C 48.61860 86.73140 4.12945
C 57.35170 84.74690 3.95438
C 54.52050 86.22020 4.42126
C 51.55920 87.88920 4.72007
C 54.33230 89.24930 5.39580
C 61.93650 73.89660 1.50142
C 58.80070 73.40740 1.80159
C 55.64870 72.69740 1.81407
C 52.22290 72.42260 1.51329
C 59.96100 76.37270 1.86355
C 56.72530 75.99210 2.16609
C 72.33460 76.19640 1.18042
C 89.69620 2.67841 -3.41187
C 93.21490 5.34152 -2.55632
C 89.63040 5.43507 -1.66169
C 94.40200 8.40706 -2.77327
C 81.98770 1.18105 -3.16935
C 78.98620 1.94933 -2.23117
C 77.91180 4.95447 -1.38729
C 75.36470 5.70641 -0.91026
C 74.11100 9.28099 0.00083
C 71.23950 10.61160 -3.91369
C 73.63130 14.33960 -2.93142
C 75.61400 16.74500 -1.78314
C 76.60120 20.38570 -1.91002
C 86.03050 2.84890 -2.45531
C 82.87290 3.88853 -1.16489
C 81.00440 5.91377 -2.35330
C 85.50940 6.29933 -2.58557
C 79.89190 8.92579 -2.67444
C 76.64780 9.75770 -2.49289
C 91.40580 8.01918 -2.68924
C 88.18800 8.42787 -2.63901
C 76.47300 12.72840 -2.30928
C 94.70460 10.24090 -1.89373
C 78.68210 14.83070 -2.32603
C 0.42624 12.55990 -2.76396
C 80.54650 17.51030 -1.94031
C 95.99790 15.17480 -1.18331
C 80.51280 20.69310 -2.89437
C 94.80090 18.54450 -0.61922
C 92.18150 19.46500 -0.65165
C 89.24870 20.67780 -1.58385
C 85.90990 21.77420 -1.05869
C -0.26782 20.81140 -0.86153
C 94.88310 23.09810 -1.25166
C 0.05733 0.20212 -2.54384
C 94.50660 0.00808 -2.95908
C 91.33370 -0.12722 -3.44868
C 87.57300 -0.07381 -3.49034
C 95.49870 2.91954 -2.61617
C 92.51550 2.78674 -2.92092
C -0.68028 5.63492 -2.64383
C 79.89650 -1.16749 -2.78617
C 76.77060 -0.59496 -2.10766
C 73.71890 0.22124 -1.46283
C 76.03710 2.57476 -1.53682
C 72.94610 3.33818 -1.07116
C 73.04000 19.43430 -2.20832
C 74.19060 22.67450 -2.21232
C 82.47190 7.22536 -2.08268
C 85.15040 9.40517 -2.42717
C 82.30670 10.72930 -2.58539
C 79.23930 11.94990 -2.48527
C 90.46730 11.09910 -2.87301
C 87.56400 11.78570 -2.44626
C 84.57910 13.00140 -2.38901
C 81.78360 14.20530 -2.37120
C 93.20270 13.27860 -2.32853
C 90.04610 14.13060 -2.32254
C 86.97080 15.25170 -2.24555
C 83.94880 16.29350 -2.26659
C 92.49530 16.41720 -1.63924
C 89.71700 17.45730 -1.74255
C 86.43450 18.45650 -1.96052
C 83.61810 19.68010 -2.22414
H 89.43080 0.65527 -2.03355
H 90.81210 3.36791 -1.35311
H 87.88780 3.67827 -1.95766
H 94.98850 6.58422 -1.11236
H 91.78860 6.31843 -0.78723
H 84.98710 96.33830 -1.83006
H 84.00510 1.66173 -1.72757
H 81.04060 2.13818 -0.85081
H 78.04030 2.85623 -0.07719
H 77.15050 5.91839 0.90453
H 74.05480 6.85684 0.93355
H 75.19550 14.39570 -1.04658
H 76.45280 18.55020 -0.17370
H 77.38760 21.63490 0.18957
H 85.09660 4.63003 -0.88612
H 81.96060 5.99627 -0.00916
H 79.21170 7.07759 -1.11910
H 87.63670 6.73493 -1.10881
H 75.55770 11.15630 -0.60592
H 90.21620 9.20599 -1.20035
H 78.15550 13.19870 -0.62619
H -0.37686 10.43530 -1.29407
H 92.61220 11.39580 -1.57098
H 77.65630 16.16930 -0.44004
H 79.06800 19.64850 -1.54095
H 94.17000 16.26290 0.13738
H 81.90530 20.73110 -0.69000
H 79.73090 22.69570 -1.38238
H 93.47770 19.06360 1.53323
H 90.78000 20.38660 0.59982
H 88.28350 21.99140 -0.09420
H -1.15609 18.09910 1.30954
H 95.03720 20.92660 -0.00002
H 95.75070 0.97025 -1.08937
H 92.62010 0.75610 -1.51972
H -0.56976 3.90161 -0.85572
H 93.90400 3.58817 -1.05717
H 73.46890 96.17140 0.12573
H 81.99360 -0.76889 -1.56527
H 78.81310 -0.08686 -0.80376
H 75.76090 0.60754 -0.16353
H 72.50910 1.43640 0.32223
H 74.91610 3.67755 0.36319
H 73.48150 17.45190 -0.66561
H 74.46820 20.75970 -0.71724
H 76.16640 8.12854 -1.02271
H 84.62290 7.78286 -0.83027
H 81.63520 9.12969 -0.91922
H 78.59230 10.17420 -1.02233
H 87.08920 9.95488 -0.91216
H 84.10840 11.07790 -0.92072
H 81.16210 12.23000 -1.00407
H 89.43240 12.25000 -0.89601
H 86.46020 13.30310 -0.80893
H 83.54050 14.37700 -0.67544
H 80.51470 15.35680 -0.73710
H 91.69470 14.34940 -0.50206
H 88.74010 15.42020 -0.63812
H 85.76040 16.55730 -0.55690
H 82.82690 17.66720 -1.11194
H 91.15470 17.37810 0.23275
H 88.16600 18.78470 -0.28149
H 85.08700 19.64010 -0.16268
C 88.95700 2.26528 -0.19459
C 93.57150 5.35551 0.64858
C 90.20550 5.07292 0.27511
C 94.93140 8.29599 0.59838
C 83.18520 0.80892 0.02459
C 79.91320 1.46496 0.85921
C 78.92490 4.25114 1.71338
C 75.60390 5.26873 2.21316
C 74.37840 9.00827 2.01052
C 71.16870 9.89039 1.57892
C 73.53060 12.58480 -0.49046
C 75.36390 16.34160 0.55611
C 75.82570 19.86430 1.21995
C 85.95100 2.86309 -0.36807
C 83.36160 4.48137 0.95228
C 79.73970 5.98638 1.10193
C 85.83710 6.29191 0.72309
C 79.80430 8.89433 0.61571
C 77.06780 9.75704 0.84069
C 91.78210 8.05628 0.50200
C 88.54410 8.48205 0.57601
C 76.23540 12.99430 0.82450
C 94.99680 10.22380 0.08099
C 78.88600 14.77180 1.10928
C 0.37683 11.50510 0.86960
C 79.65150 17.61310 -0.25314
C 95.89450 14.44360 0.57816
C 79.80020 21.04070 0.55489
C 94.53250 16.90090 2.48578
C 91.22580 18.55330 2.44644
C 88.40130 20.24720 1.69977
C 85.92230 21.75560 0.75066
C 95.58310 20.22640 2.38646
C 94.13060 22.71470 1.68964
C -0.41099 0.01081 0.61762
C 94.08830 -0.16856 0.21921
C 90.76930 -0.36813 -0.31007
C 86.98060 0.01567 -1.65037
C 95.44330 2.69026 0.62884
C 92.29440 2.44347 0.29543
C -0.73260 5.72215 0.67272
C 80.62620 96.44720 0.35380
C 77.41800 -0.69712 1.08339
C 74.31160 0.23901 1.53239
C 76.60710 2.25723 1.52441
C 73.28620 3.05350 2.02978
C 73.16790 19.26990 0.96357
C 73.92410 22.40310 0.90544
C 82.73280 7.82716 0.86333
C 85.23200 9.58084 0.74005
C 82.30670 10.81700 0.68458
C 79.43850 11.68710 0.67206
C 91.08250 11.05540 0.40705
C 87.63330 11.77110 0.72736
C 84.70150 12.84260 0.79195
C 81.66780 13.83150 0.74844
C 92.53450 12.52220 0.79127
C 89.72050 13.84660 0.91979
C 86.83220 15.00610 0.90066
C 83.79230 16.34530 0.80253
C 92.16880 15.59270 1.54242
C 88.93670 16.99950 1.27453
C 86.17970 18.17750 1.28154
C 82.87680 19.30860 0.92663
C 81.46490 48.32910 -1.62487
C 90.85170 45.74130 -2.15266
C -0.22248 47.04860 -3.92307
C 84.61040 25.04310 -1.86137
C 80.64460 24.79590 -0.30945
C 89.45870 27.10280 -1.39157
C 86.33150 27.90260 -1.55581
C 80.02220 28.70510 -1.23923
C 88.49520 30.12990 -1.12242
C 79.05630 31.27700 -1.75056
C 90.49720 32.36710 -0.83436
C 77.81500 34.62970 -1.60122
C 92.49200 34.68350 -0.72063
C 79.86960 37.21870 -1.29852
C 94.28970 37.04490 -0.85667
C 81.99940 39.61220 -1.30116
C 84.06100 41.90710 -1.35080
C 95.71490 42.08250 -1.76595
C 92.30750 42.91100 -1.65151
C 88.99900 43.68910 -1.48659
C 85.88110 44.53890 -1.11230
C 83.07290 45.30000 -1.10822
C 94.73960 45.23270 -2.14802
C 77.29960 23.45070 -1.66671
C 77.86120 26.42170 -1.49036
C 76.16760 29.40900 -1.06502
C 72.78030 31.52270 -1.53386
C 74.80870 34.94170 -1.90186
C 76.64280 37.78820 -1.47797
C 78.28040 40.39570 -0.82598
C 80.25250 43.02040 -0.82239
C 78.36640 46.38060 -1.49206
C 82.25310 22.89850 -1.87230
C 87.58920 24.37860 -0.28728
C 92.71830 25.85600 -0.50240
C 89.05680 25.07320 -1.87030
C 91.60010 29.53050 -0.98872
C 93.57450 31.85010 -0.56976
C 95.70570 34.20430 -0.46862
C 83.37110 28.11650 -1.90855
C 85.26860 30.58420 -1.38292
C 82.15590 31.39010 -1.74591
C 87.38420 32.95920 -1.12584
C 84.23720 33.63630 -1.35517
C 80.94060 34.21690 -1.50353
C 89.35720 35.48690 -0.89535
C 86.17320 35.99620 -1.08599
C 82.99410 36.73760 -1.27877
C 91.26210 37.67010 -0.81300
C 88.08240 38.32330 -0.98923
C 85.10750 38.90070 -1.17511
C -0.82063 39.19700 -1.05981
C 93.48740 39.91320 -1.11172
C 90.21080 40.67950 -1.13142
C 87.14950 41.28920 -1.16845
C 74.97000 25.83100 -1.97373
C 73.32720 37.94690 -1.73808
C 74.81410 40.62190 -1.72387
C 76.70130 43.56210 -1.72001
C 73.28740 43.35950 -1.87198
C 75.03570 46.26980 -1.83731
C -0.93634 25.67370 -0.66668
C 94.89410 28.53580 -0.70800
C -0.72045 31.46530 -0.46864
H 83.84380 47.72030 -0.94845
H 92.91660 46.58300 -1.29886
H 85.90380 25.72830 -0.32815
H 82.72760 26.19890 -0.24816
H 87.94430 28.16570 0.26233
H 81.68330 29.33490 -0.47803
H 78.25120 29.85270 0.29897
H 90.03950 30.47030 0.69750
H 79.44130 35.29050 0.13575
H 94.07000 35.36980 0.93302
H 81.45690 37.79830 0.37255
H 96.04210 37.67650 0.66182
H 83.71280 40.12050 0.41628
H 95.31750 40.68420 0.38881
H 82.61370 43.22700 -0.10935
H 94.20480 43.61390 -0.31809
H 90.95780 44.35910 -0.12452
H 87.90540 44.95660 0.18967
H 84.77550 45.52080 1.03529
H 78.19620 24.63010 0.30331
H 76.20410 27.11070 -0.18990
H 73.69860 29.45070 -0.42506
H 74.60640 33.21930 -1.01813
H 76.31800 35.78710 -0.04590
H 78.26620 38.21150 0.26695
H 80.49640 40.73980 0.21603
H 78.17640 44.19690 -0.10047
H 84.01700 23.14150 -0.21018
H 92.97220 23.41650 0.52211
H 91.08860 27.49940 0.50831
H 93.31030 29.93450 0.75097
H 95.26520 32.42620 1.17678
H 84.72660 28.73060 0.12387
H 86.91980 31.14180 0.41145
H 83.76230 31.71050 0.09903
H 80.56460 32.27390 -0.06965
H 77.56080 32.91710 -0.52549
H 92.00230 32.93290 1.02622
H 88.98950 33.56640 0.57988
H 85.80560 34.10150 0.40656
H 82.64090 34.75490 0.11054
H 91.01100 35.88850 0.81331
H 87.77150 36.54800 0.68418
H 84.65470 37.12960 0.44400
H 93.00480 38.39160 0.73917
H 89.85990 38.96680 0.63649
H 86.73660 39.57140 0.51482
H 92.08380 41.38300 0.29156
H 88.91550 42.06170 0.40582
H 85.80040 42.54260 0.29799
H 75.28640 23.97850 -0.41698
H 73.02040 26.32000 -0.54145
H 73.15880 35.90430 -0.24358
H 74.91980 38.77970 -0.01320
H 76.27200 41.67110 -0.13162
H 73.20720 41.57100 -0.18351
H 74.83410 44.36790 -0.21055
H 96.18110 23.84520 0.75698
H 94.77000 26.82050 0.58146
H -1.10615 29.48990 0.99937
C 83.33600 47.56380 1.66612
C 91.65450 46.47280 0.93873
C 95.80190 49.33800 -0.85913
C 84.26330 24.99560 1.46069
C 80.24570 24.30550 1.68773
C 89.13100 26.51760 1.71979
C 86.06080 27.32980 1.63590
C 79.06600 28.14520 1.85549
C 88.09960 29.84810 2.08588
C 78.68130 31.60550 1.54425
C 90.02390 32.24660 2.34298
C 77.61490 34.46710 1.57931
C 92.44060 34.75240 2.55008
C 79.75400 36.97620 1.83699
C 94.37290 37.26740 2.41096
C 81.66710 39.81920 1.81538
C 83.85440 42.18990 1.78652
C 95.71600 42.79730 1.54974
C 92.57310 43.49790 1.52602
C 89.52420 43.93960 1.76383
C 86.27000 44.27160 1.99592
C 83.11070 44.04470 2.30224
C 95.98430 45.37940 -0.44980
C 76.51400 23.43890 1.70811
C 77.60990 26.56050 1.73934
C 75.86260 29.42110 0.85994
C 72.95940 31.67550 0.39723
C 74.64240 34.54810 1.23932
C 76.43440 37.65170 1.64018
C 78.15250 40.57450 0.95188
C 80.29350 43.09090 0.94146
C 79.11090 46.46440 0.24203
C 82.68950 22.24330 1.20317
C 90.43380 23.00590 0.83249
C 92.70090 25.78350 1.51618
C 88.96480 27.12980 3.43497
C 91.40520 28.99710 2.20746
C 93.42380 31.59890 2.55969
C 95.36720 34.13210 2.63357
C 82.73700 27.76410 1.38723
C 85.00720 30.50630 1.81090
C 81.90610 30.89080 1.47625
C 87.16000 32.89870 2.06771
C 83.91310 33.45540 1.78002
C 80.84240 34.03290 1.66142
C 89.26890 35.35780 2.27078
C 85.85950 35.83410 2.06082
C 82.79050 36.54610 1.88442
C 91.26320 37.86960 2.27496
C 88.02900 38.45350 2.23926
C 84.98110 38.92340 2.08498
C -0.11340 39.61180 0.95866
C 93.50600 40.42890 2.03304
C 90.30670 40.85650 1.99379
C 87.19190 41.45640 1.97763
C 74.66930 25.75940 1.17234
C 73.22760 37.58710 1.43446
C 74.74280 40.43890 1.40794
C 76.33140 43.48930 1.51183
C 73.28500 43.42320 1.41507
C 74.88740 46.24900 1.47614
C 96.00200 25.67540 2.50908
C 94.65300 28.54760 2.37202
C -0.89294 31.21120 2.76002
C 87.68830 47.06900 -1.07264
C 84.94680 49.16500 -2.27618
C 81.97350 50.25150 -1.60325
C 79.17780 51.82290 -1.80322
C 76.46550 53.52500 -2.76172
C 92.89220 48.14510 -2.55494
C 76.14760 56.89590 -2.43065
C 72.96660 57.79170 -0.43614
C 76.11550 60.03570 -2.34371
C 95.91590 52.75430 -2.80466
C 93.07570 54.36310 -2.67182
C 90.17190 55.67250 -2.69981
C 87.32670 57.29770 -2.80214
C 75.80680 63.45610 -2.38447
C 87.41400 60.73840 -3.03034
C 85.42590 62.85570 -2.52493
C 78.48680 65.24130 -2.55968
C 83.89750 65.58590 -3.02138
C 81.03830 67.31660 -2.08244
C 83.93500 69.00380 -2.24572
C 76.51000 49.46270 -0.77136
C 75.03660 52.09620 -2.68995
C 80.70300 70.98970 -2.42728
C 78.26400 68.85990 -1.71800
C 75.46530 67.13630 -1.65902
C 72.98620 64.06860 0.70702
C 96.02440 56.62540 -2.19763
C 92.61990 57.67050 -2.59263
C 92.04130 60.53890 -2.84622
C 90.88230 63.59120 -2.93692
C 89.78280 66.35440 -2.84543
C 86.77560 66.47410 -3.08352
C 88.60020 69.57170 -2.68870
C 90.11460 72.34430 -1.29877
C 90.43230 49.12360 -1.99506
C 87.79320 50.74220 -2.31211
C 84.84440 52.34950 -2.38583
C 81.85720 53.66100 -2.36849
C 79.13940 55.65220 -2.61737
C 93.26330 51.13040 -2.30829
C 90.47050 52.54190 -2.45196
C 87.66760 54.16480 -2.55342
C 84.70060 55.75230 -2.60981
C 81.90590 57.19820 -2.64023
C 78.90660 58.66380 -2.50468
C 84.58040 59.00840 -2.75293
C 81.66350 60.41480 -2.80807
C 78.69920 61.90110 -2.61826
C 81.35180 63.51170 -2.81636
C 73.53590 48.97610 -2.02676
C 75.25020 70.96440 -2.10445
C 95.17210 59.74990 -2.48033
C -0.25296 62.10720 -2.57643
C 93.93620 62.90780 -2.72222
C -1.35710 65.17700 -2.83205
C 92.97350 65.93360 -2.86517
C 94.98470 68.26340 -2.97026
C 91.76940 68.96510 -2.83462
C -0.32752 70.95920 -3.02262
C 93.84180 71.39130 -2.90538
H 81.75390 49.33970 0.79855
H 90.03650 47.43860 -0.39980
H 86.89150 49.28520 -0.52169
H 81.24710 52.34010 -0.39846
H 78.28430 53.85290 -1.06414
H 75.51070 55.25310 -1.04934
H -0.27912 47.35580 -1.46029
H 75.35190 58.45390 -0.43682
H 95.03420 51.25850 -0.94714
H 92.28050 52.86150 -0.81462
H 75.21070 61.62820 -0.55094
H 91.98090 55.90910 -1.05048
H 89.20950 57.33040 -1.10422
H 86.70060 58.95460 -1.33645
H 75.06740 64.82930 -0.53248
H 87.58600 61.95520 -1.48186
H 80.51350 65.07960 -1.11315
H 77.67160 66.63230 -0.74099
H 86.12590 65.07310 -1.72436
H 83.34120 66.83180 -1.37695
H 76.56760 47.00820 0.10230
H 75.05340 50.59280 -0.60820
H 84.57300 71.24600 -1.33175
H 81.77660 69.37130 -1.05529
H 78.95750 70.98860 -0.63673
H 76.11250 69.35060 -0.72717
H 73.31070 70.89260 -0.36966
H 94.90480 54.56700 -1.32397
H 94.39740 58.04610 -0.84742
H 91.31530 59.01490 -0.95344
H 90.57160 61.73200 -1.21317
H 89.21490 64.51170 -1.11319
H 88.30820 67.41360 -1.27926
H 90.43880 69.91610 -0.99697
H 87.25760 70.39920 -1.26576
H 84.10380 50.83930 -0.61974
H 92.34300 49.61560 -0.58420
H 89.60700 51.06210 -0.68948
H 86.79650 52.49890 -0.90545
H 83.84140 54.08850 -0.94217
H 81.05510 55.56470 -1.01478
H 78.13790 57.09160 -0.84737
H 89.46230 54.17560 -0.91337
H 86.56610 55.66800 -1.06871
H 83.76240 57.42360 -1.00580
H 80.90820 58.74410 -1.05082
H 78.02900 60.27780 -0.80399
H 83.68590 60.47490 -1.51557
H 80.68330 61.88970 -1.07983
H 77.84900 63.42000 -0.93986
H 83.37720 63.70880 -1.43849
H 73.28530 47.10110 -0.34291
H -0.64428 60.42620 -0.87755
H 93.66430 61.11020 -1.13153
H 95.74330 63.43070 -1.15967
H 92.51520 64.15960 -1.21308
H 94.80980 66.43300 -1.27909
H 91.56380 67.07420 -1.25463
H -0.78219 69.03010 -1.50117
H 93.63880 69.53730 -1.31293
H 95.76350 72.12130 -1.48811
C 87.92080 47.36440 0.69731
C 84.89300 49.20770 0.88510
C 82.46580 50.99370 1.27722
C 79.07350 51.67550 0.07991
C 76.43260 53.81630 0.78608
C 93.57240 47.98000 0.72546
C 76.30420 56.98010 0.89034
C 72.70260 57.96760 1.63495
C 76.21970 60.52670 0.93815
C 95.97600 53.00970 0.49778
C 93.28810 54.56720 0.62890
C 90.27810 55.86650 0.68282
C 87.28560 57.45900 0.50735
C 76.07730 63.70810 0.90934
C 88.95200 59.85400 -0.86180
C 85.18770 62.19180 -0.68888
C 78.71260 65.19310 0.66737
C 84.41200 65.32770 0.16204
C 81.26750 67.16350 -0.18102
C 84.08510 68.97020 -0.42860
C 76.73960 49.12770 1.09722
C 75.07610 52.36750 1.15711
C 80.98510 70.65500 0.78863
C 78.38740 68.78950 0.21340
C 75.49820 67.18650 0.29484
C 72.79510 62.37550 -0.43354
C 96.14460 56.52920 -0.10654
C 92.82220 57.62210 0.59276
C 92.05700 60.76810 0.68215
C 90.85900 63.49250 0.53246
C 89.79510 66.54080 0.43266
C 87.38070 65.79520 0.30374
C 88.35970 69.40060 0.37440
C 90.70410 71.90530 0.40698
C 90.48460 49.45310 0.97046
C 87.62190 50.87590 0.82895
C 84.97100 52.72420 0.70876
C 81.97250 53.99240 0.76980
C 79.19930 55.51680 0.63036
C 93.28020 51.30350 0.87702
C 90.50350 52.74890 0.81574
C 87.58630 54.13470 0.63606
C 84.70860 55.83030 0.58406
C 81.90180 57.22190 0.64090
C 79.18320 58.74840 0.71645
C 84.92470 59.13230 0.33575
C 82.09130 60.45440 0.33339
C 78.97990 62.01200 0.69516
C 81.70640 63.58640 0.36196
C 73.45270 49.28140 0.96279
C 75.44610 70.81620 1.09189
C 94.96790 59.94180 0.61388
C -0.45720 62.15770 0.55472
C 93.87500 62.98780 0.43983
C 96.10100 65.22560 0.46265
C 93.03570 65.97300 0.35185
C 95.12670 68.36290 0.24744
C 91.89520 68.89510 0.42904
C -0.28888 70.86950 0.11552
C 94.20460 71.32570 0.31006
C 96.35950 95.06650 -2.95005
C 93.22070 94.75600 -3.27624
C 89.76160 95.01910 -3.74908
C -0.77931 78.47650 -3.72210
C 93.89910 78.55240 -4.16057
C 89.43720 80.81070 -4.70360
C 86.99970 83.32750 -4.40824
C 86.47570 86.37630 -5.47432
C -0.79298 89.68820 -3.06116
C 93.59020 89.69290 -3.84874
C 86.72180 89.64460 -4.66179
C 91.26730 92.36550 -4.00059
C 73.15400 89.10810 -1.36101
C 83.18060 89.96990 -4.73854
C 78.35970 91.34930 -2.51782
C 84.13690 93.14080 -3.73590
C 86.23190 95.07310 -3.77336
C 82.97370 95.83090 -3.43120
C 89.43640 76.16570 -1.11163
C 86.47190 72.87360 -0.74024
C 83.37870 72.28540 -2.51960
C 86.52310 75.76550 -2.17112
C 87.01160 79.06670 -3.67173
C 84.13200 81.60200 -3.12610
C 83.74900 84.39090 -4.66487
C 81.14750 86.56600 -4.03448
C 80.07820 89.03680 -2.61177
C 75.97000 87.41620 -2.50064
C 72.87150 85.77320 -2.40625
C 95.99380 74.28940 -2.90395
C 92.29420 73.80240 -3.22974
C 93.99720 76.47370 -4.54927
C 95.31830 81.28020 -3.87703
C 92.42350 81.52310 -4.41413
C -0.64471 84.16240 -3.49691
C 93.85200 84.18840 -3.95788
C 90.53140 83.96530 -4.44918
C 95.26830 86.99920 -3.53624
C 92.15870 86.80480 -4.30310
C 88.73740 86.57380 -4.88818
C 90.13020 89.59470 -4.31810
C 88.08260 92.40810 -4.08035
C 75.17530 91.61020 -1.60939
C 72.37430 92.52310 -1.17755
C 80.77050 93.35510 -3.02913
C 77.56350 94.18400 -2.34443
C 74.39910 94.63840 -1.55886
C 83.70370 74.88450 -1.81386
C 80.65460 74.05790 -2.20400
C 77.87120 72.45240 -2.19393
C 83.75790 77.90660 -2.88118
C 80.76000 76.84180 -2.41739
C 77.91250 75.58830 -2.35334
C 75.01230 74.25230 -1.98357
C 81.01000 80.11240 -3.01203
C 78.04660 78.79680 -2.67795
C 75.14270 77.24600 -2.23616
C 80.98030 83.19110 -3.51465
C 78.33460 81.88490 -2.97252
C 75.30330 80.57210 -2.51069
C 72.40170 79.09660 -2.10259
C 78.35810 85.27150 -3.14010
C 75.51180 83.83350 -2.70822
C 72.44330 82.37000 -2.21179
H 96.18400 93.16020 -1.65530
H 93.06280 93.21670 -2.30862
H 91.30070 95.76560 -1.97496
H 88.03770 95.70190 -2.16104
H -0.84059 76.60770 -1.85910
H 95.10430 79.41770 -2.19691
H 92.07820 79.61120 -2.78658
H 89.34540 79.35460 -2.59731
H 87.61720 81.33210 -3.18282
H 85.42380 85.08960 -3.71451
H 87.04700 87.57270 -3.34189
H 94.72890 90.49390 -1.54063
H 91.64010 90.40630 -2.51414
H 88.32600 90.27350 -2.81415
H 85.14160 89.95060 -2.95630
H 89.69220 93.04120 -2.21183
H 78.33730 89.29230 -0.86473
H 75.28860 89.88120 -0.07175
H 72.18390 90.79750 0.11781
H 82.33280 91.40680 -3.47539
H 80.42590 91.75060 -1.15651
H 86.39610 92.86890 -2.61202
H 87.37280 75.06310 0.22476
H 84.41710 73.90770 0.31200
H 87.47260 77.53670 -1.70674
H 85.01310 79.64080 -2.30734
H 82.04770 81.89480 -1.72625
H 82.38310 84.95360 -2.49769
H 82.38990 88.18560 -3.11102
H 79.86930 86.76120 -1.88561
H 76.72860 85.41010 -1.18206
H 74.04570 87.15200 -1.29068
H 92.56070 72.42920 -1.06913
H 0.63609 74.22770 -1.53560
H 93.72970 75.20670 -2.37956
H 90.43980 74.43210 -0.06529
H 94.50940 95.89420 -1.43690
H -0.85111 82.19610 -2.06762
H 93.62260 82.24860 -2.47644
H 90.56470 82.06630 -2.98049
H 95.07900 85.03270 -2.11094
H 91.91520 84.95560 -2.72438
H 88.75820 84.70170 -3.49289
H -0.96842 87.76820 -1.50819
H 93.35530 87.71360 -2.34254
H 90.13920 87.49380 -3.02129
H 77.37530 92.32790 -0.64644
H 74.38950 93.05320 0.27439
H 82.83100 93.92530 -1.83629
H 79.75810 94.72350 -1.25867
H 76.53530 95.39000 -0.50255
H 81.67940 72.43220 -0.74558
H 84.67260 76.87920 -0.79249
H 81.74330 75.54520 -0.52980
H 78.86850 74.09410 -0.66483
H 76.07820 72.61950 -0.42014
H 81.96900 78.73620 -1.26750
H 79.07310 77.30400 -0.99948
H 76.24780 75.82980 -0.57136
H 73.26920 74.39430 -0.30767
H 79.28530 80.47890 -1.27951
H 76.38600 78.97420 -0.97360
H 73.46800 77.52270 -0.53597
H 79.49300 83.66310 -1.60382
H 76.61600 82.20880 -1.15552
H 73.69800 80.81930 -0.69841
H 73.84440 84.00930 -0.93547
C 95.96490 94.95880 0.30392
C 92.72270 94.70850 -0.24666
C 89.51770 94.78410 -0.48528
C -1.11254 78.25170 -0.40242
C 93.30220 78.55610 -0.82896
C 89.04520 81.43310 -1.20566
C 86.88300 83.48630 -2.55690
C 84.70430 87.39030 -3.01716
C 96.36380 89.57730 0.19371
C 93.17260 89.58800 -0.68137
C 86.82830 88.97590 -1.26977
C 91.41000 92.14470 -0.69624
C 73.94690 89.55710 1.44384
C 81.79890 89.90740 -1.45867
C 78.87430 90.68790 0.53230
C 84.15300 91.88240 -1.79671
C 86.44660 94.53340 -0.67726
C 83.60390 95.63230 -0.16763
C 89.44810 74.41130 1.73472
C 86.10830 74.76600 2.14422
C 83.53240 72.13770 0.84829
C 86.60120 77.45640 0.63808
C 87.26230 79.94510 -1.20512
C 84.30140 81.93970 -1.19358
C 84.30570 84.58500 -1.38045
C 82.13850 86.83540 -0.98556
C 79.46830 87.50440 0.41650
C 76.41730 87.77030 -0.57663
C 73.47110 85.87120 0.66641
C 95.67250 74.48750 -0.86565
C 92.50460 74.73340 -0.07948
C 92.26430 77.22450 -1.99380
C 94.91200 81.28710 -0.64731
C 91.85100 81.45980 -1.08821
C -1.13755 83.96990 -0.31255
C 93.19300 84.02950 -0.90049
C 90.03470 83.98460 -1.60676
C 94.63820 86.81990 -0.45809
C 91.46200 86.73660 -1.11123
C 88.43190 86.35030 -1.74355
C 89.96530 89.22470 -1.28757
C 87.95190 91.84960 -0.94394
C 76.18020 91.70950 1.36256
C 72.76720 92.43780 1.93219
C 81.43450 93.46740 0.19836
C 78.39130 94.22520 0.67442
C 75.19600 94.99010 1.51761
C 83.50550 76.13350 1.11767
C 80.76450 74.01390 0.88030
C 77.99480 72.52720 1.06801
C 84.11360 79.16660 -0.09661
C 80.99640 77.69280 0.46490
C 78.14870 75.91160 0.81892
C 75.22130 74.37960 1.16892
C 81.29440 80.61390 0.15304
C 78.32930 79.14710 0.46815
C 75.50570 77.63390 0.92019
C 81.60400 83.87870 -0.40991
C 78.63440 82.28830 0.24981
C 75.78380 80.78030 0.63863
C 72.91000 79.34280 1.10686
C 78.81400 85.44710 0.02098
C 75.93680 84.02500 0.47968
C 73.05530 82.64020 0.91903
