2979
Frame 198
C 12.76390 95.41030 -1.77237
C 13.98820 1.00214 -1.54340
C 11.80550 2.61766 -3.03210
C 10.72680 6.16967 -3.56607
C 8.18511 9.11207 -3.55752
C 4.53565 8.57763 -4.26444
C 2.60715 8.49428 -5.10646
C 24.00780 0.58107 -0.18325
C 22.28330 4.23065 0.42687
C 25.15230 5.98836 -1.09513
C 24.80010 11.83240 -0.93368
C 19.75300 1.06152 -1.73433
C 16.11750 -0.82688 -0.28960
C 19.39900 4.31225 -1.66385
C 22.84830 8.79242 -1.13984
C 19.88270 7.51613 -1.48630
C 13.96040 4.68532 -1.56244
C 23.52610 13.39210 -0.66838
C 14.37410 8.34358 -2.29183
C 23.06000 16.41820 -1.46775
C 11.79900 10.53040 -2.53243
C 22.83810 19.73740 -1.30308
C 12.65070 13.53240 -1.94234
C 9.44613 12.64310 -2.39526
C 23.07270 22.84710 -0.99575
C 14.67780 17.87080 -0.88233
C 11.26550 16.10060 -0.54702
C 14.54340 21.28000 0.07266
C 20.57650 -0.88009 -1.47228
C 5.58206 10.62950 -2.09475
C 6.64343 14.06460 -1.44554
C 3.52786 14.10420 -2.10822
C 8.15710 16.56190 -0.92939
C 2.21902 17.08670 -2.24122
C 9.70895 19.20510 -0.71863
C 11.26760 21.79990 -0.63909
C 9.36606 95.03780 -2.60497
C 10.83400 0.66921 -2.59447
C 7.36977 0.13350 -3.25238
C 4.00023 -0.14702 -3.49011
C 8.77741 2.84738 -3.64800
C 5.36171 2.57214 -3.88616
C 2.06465 2.40681 -3.80453
C 6.96713 5.32613 -4.48525
C 3.57781 5.27449 -4.29966
C 16.66770 2.73225 -1.76186
C 16.97070 6.19085 -1.75932
C 20.61540 11.11770 -0.32609
C 17.48810 9.49506 -1.56897
C 20.60550 14.48790 -1.12454
C 17.86580 12.74960 -1.20540
C 14.98750 11.50630 -1.80740
C 20.29340 17.96180 -1.08117
C 17.69470 16.13090 -0.99812
C 15.06300 14.77120 -1.29743
C 20.24930 21.19750 -0.85500
C 17.49270 19.48260 -0.82206
C 5.10339 16.91060 -1.47674
C 6.61575 19.45250 -0.97437
C 3.53445 19.74700 -1.42851
C 8.15310 22.01630 -0.75247
C 5.08958 22.27760 -1.04070
C 1.94698 22.45190 -1.51201
H 13.59030 -0.67263 0.30029
H 11.83180 1.81166 -0.65067
H 10.22290 4.20595 -2.10599
H 8.31045 6.69680 -2.80827
H 1.87906 6.26737 -2.60204
H 3.74858 8.97381 -1.80774
H 22.79220 1.95706 1.59461
H 24.75450 4.23791 0.67705
H 23.13790 6.67274 0.37904
H 24.67640 9.64345 0.48022
H 25.11570 15.38170 -0.13226
H 20.21170 2.74829 0.23788
H 17.54850 1.20728 -0.34864
H 20.26020 5.72988 0.27812
H 14.75930 2.77952 -0.04651
H 15.06770 6.48557 -0.71313
H 21.51420 13.14950 0.89565
H 12.45890 8.40784 -1.18239
H 23.98850 18.06190 0.30570
H 21.37930 16.29910 0.39651
H 9.90761 10.58820 -0.68934
H 24.01560 21.00350 0.44994
H 10.42750 13.75640 -0.72046
H 12.97620 17.83580 0.18028
H 9.60886 17.35550 0.88366
H 22.13800 -0.86843 0.33050
H 1.47983 12.64110 -2.65475
H 7.20115 12.20670 -1.08172
H 3.91750 12.04480 -0.68295
H 7.82986 14.69500 0.77865
H 6.40796 17.52260 0.50234
H 11.21120 19.99540 1.32394
H 8.06295 20.16460 0.85060
H 10.64010 -1.11084 -0.86513
H 7.35327 95.78720 -1.40900
H 4.13475 95.44670 -1.71149
H 0.95943 95.07190 -1.85573
H 8.74597 1.38281 -1.63767
H 5.51690 1.04652 -1.97578
H 2.30342 0.74725 -1.99889
H 6.89220 3.86995 -2.45687
H 3.69926 3.60125 -2.41018
H 5.07990 6.37853 -3.10120
H 17.51030 4.40634 -0.07022
H 20.86010 8.75498 0.43072
H 17.91420 7.67122 0.02959
H 18.21600 10.84450 0.39614
H 15.35670 9.61075 -0.30782
H 18.59550 14.57620 0.36526
H 15.76300 12.90080 0.11817
H 12.87410 11.54570 -0.50468
H 21.26450 19.48440 0.55816
H 18.55110 17.80650 0.67647
H 15.76580 16.15380 0.62321
H 13.11290 14.67240 0.18907
H 18.50120 21.00960 0.87845
H 15.74270 19.29980 0.94093
H 4.71488 14.93040 -0.13982
H 1.62746 15.14440 -0.85695
H 3.26445 17.73920 -0.13102
H 4.90092 20.37460 0.47895
H 1.69448 20.51320 -0.05044
C 11.84080 95.72610 1.30982
C 13.17870 1.53225 1.42296
C 11.35440 4.01796 0.16992
C 10.63910 6.68840 -1.65632
C 8.12087 8.97456 -1.48108
C 4.17020 7.70572 0.04188
C 1.64574 8.15750 -2.91651
C 23.84020 0.27175 1.63409
C 23.95380 2.78486 3.71190
C 24.59150 6.03715 2.44104
C 24.82380 11.60890 2.18130
C 19.10640 0.93717 1.77265
C 15.58430 -1.05821 1.75386
C 18.95720 4.29125 1.92861
C 22.81650 8.66493 2.02904
C 19.43460 7.43257 1.97811
C 13.41120 4.76512 0.32438
C 23.27360 12.87880 2.69086
C 13.94600 7.99256 0.94558
C 23.39270 16.03170 1.82335
C 11.42330 9.91113 0.82975
C 23.07190 19.55330 2.21419
C 11.82470 12.90040 1.26103
C 8.89756 12.42430 0.85397
C 23.44100 22.69280 2.12863
C 14.53810 17.55870 2.27904
C 11.56340 16.05260 1.48375
C 14.36280 21.09230 1.91614
C 20.13000 -0.97823 1.62560
C 5.75360 11.71710 0.99672
C 5.77682 13.67210 1.68647
C 2.77927 13.76200 0.83848
C 7.73305 16.26280 2.22426
C 1.29900 16.78000 0.94042
C 9.20733 18.99340 2.70745
C 11.16950 21.81000 2.66682
C 8.78879 95.28800 0.49983
C 9.94801 0.84333 0.47182
C 7.02168 0.52063 -0.10544
C 3.97895 0.14712 -0.30816
C 8.41519 3.53010 -0.51245
C 5.35519 3.10173 -0.67522
C 2.27349 2.76497 -0.61368
C 6.88540 6.03856 -1.18334
C 3.75398 5.74648 -1.01324
C 16.32230 2.80326 1.47639
C 16.46480 6.13468 1.31712
C 20.42600 10.96080 1.55063
C 17.02150 9.42038 1.59019
C 20.47170 14.62450 2.13160
C 17.58330 12.80950 1.82926
C 14.45530 11.18150 1.35994
C 20.50320 17.81070 2.17281
C 17.64500 16.06370 2.18038
C 14.77110 14.32930 1.93742
C 20.46650 20.94910 2.34297
C 17.43130 19.27040 2.40462
C 4.47413 16.58280 1.64191
C 6.22156 19.25070 2.19449
C 3.01770 19.39750 1.63894
C 7.97898 22.01910 2.43549
C 4.73511 22.16060 2.12100
C 1.44347 22.24760 1.61445
C 22.71560 26.06270 -1.22373
C 20.16570 27.82690 -0.39940
C 15.15340 24.71390 -0.13485
C 18.83460 29.18960 -1.32235
C 23.01120 29.13010 -0.97988
C 24.43710 31.72880 -1.88648
C 23.68080 35.35640 -2.04625
C 25.97290 45.77060 -3.01849
C 22.38240 44.32730 -1.75880
C 21.19370 31.61920 0.82715
C 19.03980 32.80300 -1.68584
C 14.97280 27.79360 -1.60387
C 19.47310 34.80840 -1.55466
C 13.02730 34.24980 -1.45770
C 20.43950 38.08170 -1.65383
C 10.73660 36.32720 -1.22350
C 21.59260 41.30310 -1.84406
C 18.36200 40.83970 -1.70472
C 8.77843 38.69740 -1.60704
C 4.27855 38.66490 -2.48331
C 16.37040 43.30400 -1.66317
C 2.85069 42.22450 -2.12480
C 14.17450 45.46060 -1.93096
C 5.18557 43.95540 -2.54269
C 2.88541 46.43500 -2.73821
C 13.21880 24.33330 -0.65771
C 11.91670 27.63330 -0.61308
C 12.48370 31.06240 -1.36237
C 9.80886 30.19320 -0.90116
C 9.50563 33.20080 0.39906
C 5.73063 33.36090 -0.62689
C 7.69701 35.90680 0.72056
C 1.55197 35.99310 -1.09306
C 20.33540 24.32970 -0.63073
C 17.59160 22.85680 -0.48185
C 17.79670 26.07830 -0.12568
C 16.10120 34.69010 -1.79477
C 17.21840 37.90140 -1.79385
C 14.06240 37.13810 -1.55450
C 15.10820 40.18130 -1.68765
C 11.97290 39.47600 -1.65431
C 13.10030 42.52560 -1.79275
C 9.95707 41.89860 -1.94362
C 6.78158 41.29460 -2.17515
C 11.03720 44.97410 -2.01271
C 8.03435 44.45360 -2.14377
C 5.95630 46.96310 -2.31456
C 9.91728 24.72940 -0.76191
C 6.66150 24.87320 -0.87593
C 3.49566 25.04040 -1.14058
C 8.29678 27.50890 -0.84005
C 5.11050 27.66910 -0.92563
C 1.96835 27.90530 -1.15638
C 6.76114 30.32380 -0.82722
C 3.73853 30.55170 -0.88169
C 2.59488 33.37400 -0.81930
H 0.94782 42.55620 -0.39449
H 23.99240 24.16290 0.02501
H 21.40790 25.92650 0.85586
H 15.89370 22.90280 1.30068
H 18.85700 27.47580 1.71766
H 16.13820 26.06600 1.90282
H 16.61720 28.37950 -0.29950
H 24.17900 27.34910 0.29108
H 24.50950 30.53010 0.36924
H 21.62260 29.15930 1.13971
H 24.04780 40.57590 -1.98618
H 24.83540 43.70940 -2.01755
H 22.59660 42.59590 0.02369
H 20.44640 44.87410 -0.11944
H 19.70200 33.67710 0.76637
H 16.85260 33.05350 -0.56300
H 13.88590 32.55030 0.21500
H 20.86440 36.49530 -0.15821
H 11.52530 34.65480 0.47313
H 21.70940 39.58040 -0.02861
H 9.08746 37.27370 0.48769
H 19.62660 41.98840 -0.29865
H 6.87001 39.69450 -0.11157
H 2.68311 39.95550 -1.04765
H 17.52120 44.36730 -0.41958
H 4.95250 42.21110 -0.81916
H 15.46650 46.84830 -0.43627
H 3.15525 44.55000 -1.15173
H 12.80290 22.65700 1.00369
H 9.70244 22.88590 0.92159
H 11.48680 25.53590 0.66430
H 13.56440 29.49240 -0.16474
H 11.17210 31.43030 0.72897
H 8.34097 31.10310 0.90440
H 7.18644 34.04180 0.83105
H 3.99006 34.16910 1.14488
H 0.88932 34.31090 0.62211
H 2.69421 37.09150 0.40431
H 21.35510 22.62980 0.80645
H 18.69750 24.27960 1.21509
H 23.47530 45.26020 0.23645
H 17.70220 36.01390 -0.22051
H 14.58880 35.38880 0.08067
H 18.66440 38.93690 -0.07964
H 15.51930 38.38350 -0.06398
H 12.30320 37.73060 0.10816
H 16.51360 41.37170 -0.07997
H 13.33520 40.76150 -0.06502
H 10.14580 40.19330 -0.13842
H 14.42180 43.76580 -0.13646
H 11.26450 43.21560 -0.30149
H 8.09487 42.63470 -0.51823
H 12.37990 46.29850 -0.44082
H 9.28437 45.73380 -0.46325
H 6.19871 45.16230 -0.69176
H 6.53928 23.04120 0.74748
H 3.33583 23.15820 0.39547
H 8.23542 25.69620 0.80348
H 5.00956 25.81530 0.63298
H 1.79187 25.96940 0.33663
H 9.97168 28.40940 0.75965
H 6.70161 28.46870 0.75177
H 3.49424 28.65320 0.62970
H 5.28486 31.37020 0.84596
H 2.11081 31.49750 0.66749
C 23.47060 25.74610 2.06600
C 20.71670 27.39000 2.79342
C 14.89530 24.18090 3.17017
C 16.65810 28.61420 2.32788
C 23.60010 28.94950 2.14792
C 23.37540 32.42650 1.35612
C 23.20560 35.52230 -0.10571
C 24.88880 43.27320 0.52159
C 22.01030 44.17580 1.88184
C 20.67350 30.87280 2.72341
C 17.57300 32.99040 1.93442
C 15.69720 30.85260 -0.27146
C 20.42910 35.15010 2.15087
C 13.46560 34.29730 1.98631
C 20.36220 38.29240 1.62777
C 11.02160 36.59020 1.95891
C 21.25840 41.32000 1.68152
C 18.24490 40.73800 1.55371
C 8.77997 38.98470 1.66605
C 4.68033 38.39850 -0.41401
C 16.19190 43.24040 1.50702
C 3.10016 41.40640 0.69516
C 14.05380 45.72840 1.27794
C 4.66373 44.01640 0.80978
C 2.52191 46.30420 0.67710
C 12.93420 24.46430 2.51692
C 12.34650 27.79990 1.23685
C 13.20940 30.82360 1.94049
C 10.02400 30.15650 2.48722
C 10.40520 33.25750 2.18499
C 5.68746 33.02740 2.66633
C 4.56395 35.99910 1.89705
C 0.95898 36.20920 2.09573
C 20.75540 24.26590 2.53878
C 17.77150 22.53010 2.72914
C 17.90250 25.59000 3.23639
C 16.50640 34.58530 1.44337
C 17.26190 37.75330 1.55938
C 14.18160 37.22010 1.64036
C 15.07320 40.18130 1.55562
C 11.84890 39.66350 1.59113
C 12.91090 42.64840 1.44713
C 9.70664 42.13680 1.29790
C 6.47560 41.48160 1.05744
C 10.94580 45.13150 1.20600
C 7.78283 44.53890 1.03718
C 5.71846 46.96220 0.88519
C 9.87017 24.84490 2.42159
C 6.51595 24.89850 2.32657
C 3.22336 24.94700 2.05200
C 8.29537 27.56200 2.37699
C 4.97419 27.62420 2.26786
C 1.70648 27.74980 2.02632
C 6.69891 30.20070 2.48433
C 3.55540 30.43630 2.31317
C 2.09587 33.20460 2.43553
C 20.34970 46.93850 -1.78031
C 17.27490 46.36930 -2.04941
C 15.15180 48.67280 -2.12943
C 16.57390 52.25540 -1.85206
C 14.08100 55.55710 -1.53245
C 16.97400 56.58180 -3.90210
C 20.19150 58.08030 -2.14198
C 21.84860 60.89060 -1.75397
C 23.91620 63.54830 -1.52417
C 18.96460 60.92720 -2.26475
C 16.45800 59.54790 -2.18560
C 13.65380 58.09270 -2.12955
C 10.35960 56.47350 -0.95805
C 22.27850 66.08480 -1.88149
C 19.98290 64.09530 -1.38900
C 10.66010 60.02010 -1.55770
C 23.08950 69.34310 -1.79350
C 11.16640 63.39340 -2.69203
C 11.45300 66.70730 -3.15022
C 8.97244 68.60670 -3.72688
C 13.77680 48.14410 -3.64714
C 6.99789 50.01270 -2.17613
C 3.76559 49.41990 -2.37539
C 11.15260 53.69650 -1.93815
C 7.95641 52.97300 -2.17189
C 4.85981 52.37420 -2.34123
C 1.63565 51.82560 -2.33914
C 7.20069 55.81300 -0.80491
C 8.60932 57.73480 1.13566
C 7.12006 60.34700 -2.14956
C 9.11491 62.86040 -2.51944
C 8.02925 65.79500 -2.98271
C 6.90707 68.72800 -3.56054
C 23.40730 47.05630 -1.41401
C 21.73830 49.67490 -1.49341
C 17.90690 49.65820 -0.88031
C 23.24480 52.44640 -1.37195
C 19.91250 52.42200 -1.62469
C 21.48770 55.15680 -1.66424
C 23.33340 57.95630 -1.52960
C 16.61740 63.33530 -2.60387
C 13.95700 61.35640 -1.73080
C 19.95240 67.85500 -2.24146
C 17.10890 66.38490 -2.55728
C 13.99050 65.10610 -2.76270
C 17.48650 69.60560 -2.76526
C 14.56540 68.19610 -3.05277
C 12.05920 69.90070 -3.67464
C 12.08490 48.07190 -2.13120
C 9.04052 47.53390 -2.10834
C 10.13450 50.67520 -2.01801
C 3.25983 55.29980 -1.45205
C 5.21187 58.07890 -1.88913
C 1.95415 58.48170 -2.23055
C 3.97897 61.02860 -2.39774
C 6.01829 63.44210 -2.65148
C 2.82057 64.03060 -2.83142
C 4.78958 66.40320 -3.18293
C 1.64598 67.04780 -3.26161
C 3.75649 69.42660 -3.63025
H 1.94204 49.94010 -0.57120
H 18.54760 47.36930 -0.14572
H 16.16770 50.95050 0.19763
H 15.43310 53.87360 -0.35424
H 16.01830 57.09940 -1.98757
H 21.51510 58.99200 -0.19714
H 18.41780 59.01000 -0.72498
H 23.27240 61.71610 0.09272
H 14.47480 56.60420 0.67115
H 12.18600 54.98020 -0.11082
H 22.04970 64.37560 -0.16313
H 20.07270 61.88630 -0.33526
H 16.98110 61.57200 -0.95659
H 14.76900 59.43280 -0.41577
H 11.93000 58.15560 -0.49774
H 23.31590 67.42710 -0.16854
H 11.83910 62.03630 -0.91737
H 12.08180 65.25090 -1.18741
H 9.56998 67.24600 -1.79188
H 10.04150 70.32600 -2.33658
H 13.43210 49.36260 -0.42225
H 4.10383 47.53170 -0.84078
H 11.40220 51.87000 -0.06406
H 8.28774 51.21820 -0.45125
H 5.14898 50.56920 -0.64967
H 9.18439 54.34190 -0.53988
H 6.14408 53.56280 -0.54052
H 3.09946 52.92140 -0.61575
H 7.31826 55.44480 1.75166
H 6.74090 58.98710 -0.00391
H 8.78612 61.33830 -0.66503
H 7.70956 64.29410 -1.01883
H 6.52676 67.23020 -1.71569
H 5.54958 70.27020 -2.12402
H 24.91230 47.88490 0.30207
H 21.68180 47.81950 0.12468
H 23.19380 50.61200 0.24303
H 20.04590 50.50840 0.03838
H 21.50360 53.35270 0.10584
H 18.39270 53.13020 -0.34413
H 23.05390 56.12360 0.09895
H 19.82400 56.08270 -0.44946
H 20.32690 66.27970 -0.47788
H 17.70600 64.69770 -0.85111
H 14.75460 63.55560 -1.01063
H 20.88530 69.38650 -0.57466
H 17.90540 68.03610 -0.94847
H 15.07980 66.65870 -1.19374
H 15.42160 69.85240 -1.49298
H 12.52060 68.43840 -1.73576
H 10.33190 48.78710 -0.43804
H 7.23701 48.15980 -0.60646
H 4.93518 56.45650 -0.06849
H 1.59980 56.98900 -0.74038
H 3.61182 59.40700 -0.56886
H 5.66276 61.84680 -0.82982
H 2.53277 62.42090 -1.02021
H 4.54183 64.83390 -1.32033
H 1.42841 65.44620 -1.42765
H 3.42795 67.85380 -1.77722
H 2.39765 70.84510 -2.15947
C 20.10380 46.77660 1.70153
C 16.98400 46.17150 1.38482
C 14.99160 48.87610 1.00314
C 16.67180 52.63120 1.49846
C 13.93520 54.32960 1.52037
C 17.36930 55.34840 -0.76325
C 19.65550 58.11080 1.23268
C 21.40510 60.85590 1.46239
C 23.63640 63.70520 1.53765
C 18.29530 60.82060 0.98019
C 16.51130 57.91460 0.38284
C 13.40600 58.66680 1.46706
C 12.14670 56.80270 1.56433
C 21.85670 66.24650 1.38216
C 19.72330 64.15830 0.42621
C 10.74240 60.18330 0.25764
C 22.54920 69.29770 1.26171
C 11.18640 63.66840 0.60520
C 11.31670 67.03850 -0.01622
C 9.01462 69.15760 -0.40991
C 13.94600 51.84680 -0.28902
C 6.82586 49.93520 1.03681
C 3.58004 49.30270 0.87541
C 10.64030 53.85480 1.42864
C 7.91148 53.02050 1.16233
C 4.77338 52.27390 1.12946
C 1.59241 51.88580 1.11963
C 5.30789 55.44210 2.29275
C 8.21361 57.48160 3.11865
C 6.99734 60.86510 1.05915
C 9.10269 63.24370 0.76712
C 8.07153 66.21500 -0.06487
C 6.95580 69.18050 -0.36829
C 23.23420 47.04740 1.85969
C 21.54050 49.64050 1.76997
C 18.01190 49.49690 0.99814
C 23.01660 52.46650 1.82616
C 19.77780 52.40900 1.60953
C 21.25310 55.28370 1.62630
C 22.87210 58.03790 1.65733
C 16.48330 63.30520 0.73592
C 13.93450 61.58940 0.25367
C 19.47040 68.00630 0.91499
C 16.78930 66.47180 0.56170
C 13.91490 65.27830 0.49783
C 16.94640 69.81170 0.40309
C 14.15460 68.49920 0.10849
C 11.75460 70.39910 -0.49714
C 11.97400 48.09680 1.23529
C 8.87731 47.57750 1.11306
C 10.08120 50.64890 1.24728
C 2.85464 55.15770 0.40786
C 4.71507 58.37810 1.43003
C 1.76798 58.69800 0.94691
C 3.86446 61.42610 0.78392
C 5.82226 63.87910 0.52005
C 2.79571 64.42520 0.33102
C 4.82343 66.87100 -0.02878
C 1.71844 67.45860 -0.08325
C 3.81679 69.85370 -0.40118
C 9.66200 89.49660 -2.05649
C 11.23100 92.52010 -2.05793
C 7.96078 92.26350 -2.64775
C 4.67190 91.78770 -3.08549
C 1.33383 91.51280 -3.40112
C 4.96211 74.76530 -4.33173
C 10.00460 77.69920 -4.07526
C 6.76151 77.65870 -4.41710
C 3.67266 77.66720 -4.75843
C 13.87050 83.50220 -5.07204
C 10.35660 87.57080 -2.13011
C 6.55650 89.21880 -2.56274
C 3.24501 89.05240 -3.40998
C 23.11650 80.00610 -1.22884
C 19.98930 80.94650 -1.75745
C 16.99980 82.91330 -2.84316
C 13.22870 85.34080 -5.68443
C 13.45960 86.98180 -2.42519
C 12.82910 89.92330 -1.89614
C 15.04340 92.37990 -1.50349
C 17.69310 94.28470 -1.43182
C 23.30980 94.83440 -1.16892
C 23.56170 72.77500 -1.60255
C 23.84210 76.21590 -0.73566
C 21.27840 77.54640 -2.11033
C 9.18881 71.68690 -4.20240
C 15.64470 77.85500 -3.86246
C 13.01720 76.16380 -4.50854
C 8.51610 74.72940 -3.78370
C 15.85780 81.22430 -3.37857
C 5.80334 71.85520 -4.05191
C 2.59362 72.57600 -3.88708
C 5.97568 94.68200 -3.11042
C 2.72130 94.27520 -3.33787
C 8.25037 80.49330 -4.48384
C 5.05998 80.55530 -4.59588
C 1.90005 80.50270 -4.84271
C 10.27050 83.82140 -3.76670
C 6.43964 83.45310 -4.35406
C 3.26273 83.42170 -4.41375
C 7.81165 86.26510 -3.65473
C 4.92101 86.35480 -3.75943
C 1.61625 86.17870 -4.02546
C 22.46720 83.07930 -1.37505
C 19.61200 84.52910 -2.06137
C 16.65860 85.94810 -2.34964
C 22.00510 86.54410 -1.38903
C 19.09730 87.89590 -1.81295
C 15.96150 89.05970 -2.09737
C 24.43800 88.47900 -0.86936
C 21.47260 89.79770 -1.30589
C 18.35930 91.15180 -1.58197
C 24.11990 91.72710 -0.83948
C 20.90310 92.98340 -1.33131
C 20.46110 71.04730 -2.34813
C 20.77320 74.20040 -2.41441
C 17.95360 72.73540 -2.95406
C 14.98190 71.33260 -3.39677
C 18.28990 76.06500 -3.06480
C 15.62340 74.45300 -3.82842
C 12.24910 72.87820 -4.27556
C 18.63850 79.55560 -2.76104
H 10.92640 90.73360 -0.40430
H 7.80348 90.58030 -0.93339
H 12.36970 93.57610 -0.04403
H 5.99437 92.94750 -1.37275
H 2.80901 92.45790 -1.61882
H 6.50882 75.84330 -2.73653
H 3.37652 76.02860 -2.95782
H 8.22680 78.73200 -2.66682
H 9.86753 81.49200 -2.70719
H 12.54450 82.87740 -2.92964
H 8.84921 88.03490 -0.21194
H 4.69805 89.80600 -1.56865
H 1.39653 89.57580 -1.82344
H 22.43310 78.04490 0.02320
H 21.64930 81.37420 0.25871
H 18.67010 82.81730 -0.97787
H 15.76670 84.04030 -0.97864
H 14.32900 85.56230 -3.35119
H 12.17920 87.86820 -0.50875
H 14.47360 90.27540 -0.47709
H 16.99990 92.35200 0.12696
H 15.08030 94.38580 -1.44138
H 19.63960 94.41230 -0.09563
H 24.00200 70.70430 -0.21006
H 24.03560 74.08060 0.57346
H 21.48530 75.62370 -0.58104
H 18.91250 77.48120 -1.50705
H 13.30160 74.71220 -2.96216
H 10.34240 73.40500 -2.83899
H 7.57428 72.75920 -2.65379
H 16.24210 79.28170 -1.78625
H 13.33530 78.02680 -2.54751
H 4.49249 73.20920 -2.46435
H 9.24461 93.32950 -0.85665
H 5.03276 78.70630 -3.00287
H 1.77743 78.50190 -3.49132
H 6.61010 81.49300 -2.88516
H 3.35249 81.38960 -3.04122
H 8.07434 84.34090 -2.64521
H 4.80190 84.18050 -2.63333
H 1.60589 84.08280 -2.74382
H 6.24973 86.86860 -1.73159
H 3.08918 86.90150 -2.18861
H 24.61080 80.10830 0.73391
H 24.01550 83.47660 0.52136
H 21.13640 84.65900 -0.04089
H 18.25600 85.97480 -0.51396
H 15.27360 87.14750 -0.70873
H 23.52710 86.67050 0.54170
H 20.63990 87.94400 0.10517
H 17.63570 89.16540 -0.25640
H 23.04530 89.92830 0.59503
H 20.06590 91.15080 0.23459
H 22.58440 93.19370 0.54434
H 21.30870 72.54950 -0.62871
H 18.32370 71.18700 -1.09538
H 18.60760 74.35970 -1.25119
H 15.78540 72.99780 -1.85001
H 12.90000 71.67560 -2.20948
H 15.98640 76.14580 -2.12688
C 9.09089 90.14010 1.08375
C 10.68890 92.75480 1.10047
C 7.45554 92.45740 0.53483
C 4.47631 91.63010 0.04032
C 1.39504 91.22630 0.02892
C 4.71825 75.23290 -1.08388
C 9.87307 77.98890 -0.91253
C 6.48690 77.84830 -1.17735
C 3.23630 78.02720 -1.55072
C 12.22000 80.28540 -2.70799
C 10.34090 87.31470 1.24603
C 6.48003 88.72860 -0.18892
C 3.08448 88.50250 -0.28774
C 22.45330 79.63140 1.84645
C 19.51640 80.64390 0.13761
C 16.61200 82.22680 0.43216
C 13.84350 83.64550 -1.57270
C 13.26150 86.22750 0.55056
C 12.55400 89.74650 1.10513
C 14.57750 92.63210 0.45664
C 17.71950 93.85530 1.64132
C 22.97530 94.82510 2.05491
C 22.87720 72.42860 1.38692
C 22.74980 76.05430 1.46996
C 20.16910 77.32930 0.59987
C 9.27982 72.19870 -0.94887
C 14.35080 77.62550 -0.96252
C 11.01840 76.96300 -2.34666
C 8.59299 74.92610 -1.94374
C 15.10090 80.80010 -0.14833
C 6.05792 72.30550 -0.77647
C 2.80590 72.81560 -0.63781
C 5.67425 94.86290 0.10103
C 2.58136 94.40140 -0.12295
C 8.38377 80.83890 -1.16480
C 4.92369 80.54900 -1.36597
C 1.70710 80.17510 -1.72716
C 10.42420 83.91390 -1.88452
C 6.44011 83.20550 -1.09261
C 3.17195 83.02190 -1.19685
C 8.05566 85.71890 -0.52352
C 4.74464 85.75900 -0.65203
C 1.48590 85.61930 -0.82859
C 21.84800 82.97850 1.71824
C 18.98380 84.19910 1.06630
C 16.26720 85.56850 0.89782
C 21.43920 86.31010 1.77616
C 18.56940 87.53100 1.36372
C 15.59190 88.72180 1.13924
C 23.90560 88.34500 2.29634
C 20.97430 89.57670 1.91804
C 18.06090 90.69450 1.66280
C 23.51230 91.66850 2.26827
C 20.46110 92.95340 1.84800
C 19.86180 71.13540 0.82662
C 20.03580 74.16450 0.73840
C 17.18860 72.94090 0.16618
C 14.41270 71.69510 -0.29617
C 17.27970 76.15360 -0.12270
C 14.53240 74.75310 -0.75989
C 12.00310 73.63320 -1.06957
C 17.27810 78.25110 0.27213
C 38.54040 0.25097 1.38010
C 36.55470 0.05722 0.49312
C 39.71940 2.95837 1.67852
C 48.34560 9.26807 1.84736
C 45.26800 8.84759 1.74098
C 42.22180 8.36060 1.53725
C 43.02030 11.40020 1.20377
C 33.74100 -0.53671 1.82044
C 27.84300 0.46093 -0.19854
C 35.82020 2.88688 1.88044
C 37.65010 5.52223 1.21720
C 39.12550 8.29287 1.09763
C 26.35620 8.81915 -0.75254
C 40.89400 10.93110 0.84584
C 39.75980 13.85260 0.08199
C 26.82380 14.32880 -1.19062
C 28.47730 17.17750 -0.96130
C 36.72840 19.96460 -0.50114
C 33.31740 19.91710 -0.56270
C 30.02030 19.88220 -0.72299
C 26.23640 20.47540 -0.49586
C 49.30820 11.00730 1.44651
C 46.10240 12.04750 1.86733
C 43.06410 13.48570 -1.60234
C 42.70370 17.00380 -1.01116
C 39.98410 19.60210 -1.20814
C 40.29570 21.82440 -1.20228
C 47.66240 1.08653 3.08632
C 44.65350 0.68109 2.74237
C 41.62700 0.39293 2.14365
C 48.97910 3.86657 2.80940
C 45.85940 3.54790 2.61603
C 42.76550 3.21565 2.24863
C 47.20240 6.38953 2.27502
C 44.04460 5.97134 2.08759
C 40.84280 5.70432 1.72533
C 30.89240 0.08844 0.81221
C 32.67970 2.78233 1.01053
C 29.60850 3.01767 0.12446
C 26.50690 3.05163 -0.61940
C 34.29510 5.59009 0.79805
C 31.20850 5.77852 0.24155
C 28.14360 5.89329 -0.36831
C 36.02770 8.36505 0.59804
C 32.81690 8.47483 0.16428
C 29.67120 8.63660 -0.28987
C 37.73970 11.08510 0.44522
C 34.55220 11.14430 0.04090
C 31.38560 11.31920 -0.34111
C 28.19580 11.48740 -0.71246
C 36.22240 13.81130 -0.25719
C 33.07570 14.06170 -0.44955
C 29.97760 14.19750 -0.71842
C 38.08620 16.55690 -0.54049
C 34.74860 16.88410 -0.63532
C 31.62560 17.04320 -0.60771
C 49.09270 13.97870 0.70401
C 46.13500 15.23450 0.23761
C 48.95140 17.05790 -0.16759
C 46.00240 18.46670 -0.76708
C 43.15330 20.47760 -1.37764
C 48.88850 20.17610 -0.94511
C 45.95920 21.73890 -1.47131
H 36.67970 0.83147 2.82982
H 40.88290 4.06853 3.51066
H 37.82510 3.78449 2.98493
H 48.67500 7.69632 3.82066
H 42.19120 6.84829 3.40100
H 46.64010 10.13970 3.27028
H 43.44700 9.83381 3.09277
H 30.52580 95.75770 2.72089
H 27.73690 95.77450 1.26849
H 32.24090 1.21815 2.69190
H 25.93580 1.31109 1.02074
H 33.86800 4.14153 2.78710
H 38.97670 6.69326 2.95005
H 35.80900 6.69274 2.41335
H 40.44360 9.47354 2.78454
H 39.23630 12.27380 2.06305
H 26.51900 12.57560 0.63693
H 40.82200 15.28390 1.34852
H 37.77830 14.87110 1.27438
H 36.49920 17.84900 0.94748
H 26.86020 18.06670 0.27885
H 34.68200 20.82880 0.86432
H 31.56910 20.50870 1.26901
H 28.55260 20.87830 0.53224
H 48.23990 12.81700 2.70495
H 45.29420 14.36450 2.46009
H 43.63870 14.81890 -0.15851
H 42.06040 19.11990 -0.09788
H 39.62300 20.79620 1.09248
H 24.75720 95.65970 0.57673
H 47.60390 -0.59233 4.81443
H 44.56240 -1.02076 4.45920
H 41.57370 95.81710 3.71496
H 38.61680 95.56770 2.72841
H 48.99350 2.33553 4.68752
H 45.85710 1.95425 4.43310
H 42.75840 1.52603 3.97622
H 39.69800 1.17986 3.34594
H 47.21290 4.85203 4.18429
H 44.04350 4.42009 3.92344
H 45.37200 7.30521 3.64481
H 29.06190 1.29400 1.79741
H 30.79220 4.09898 2.01671
H 27.73030 4.10206 1.24824
H 32.56250 6.86404 1.98385
H 29.42890 6.91846 1.45534
H 26.30430 6.91926 0.89427
H 37.38560 9.49920 2.31798
H 34.27190 9.52095 1.85347
H 31.10810 9.66673 1.43946
H 27.91920 9.72365 1.02400
H 36.00820 12.28250 1.66094
H 32.86280 12.37540 1.31558
H 29.68590 12.46540 0.99512
H 34.65760 15.12300 1.13410
H 31.44270 15.20230 0.99039
H 28.25320 15.26820 0.67309
H 33.24480 17.94170 1.02630
H 29.94520 17.98190 0.93585
H 47.95210 15.88500 1.75946
H 45.05530 17.32170 1.28292
H 47.79650 18.96370 0.90751
H 44.97240 20.41380 0.35780
H 42.25090 22.24340 0.12801
H 47.73200 22.01460 0.16719
C 38.05330 -0.16134 4.51609
C 34.90930 -0.48794 3.63902
C 39.20870 2.99393 4.88713
C 48.25770 9.91699 5.01762
C 45.04500 9.37600 4.92204
C 41.83960 8.83597 4.69557
C 42.67280 11.87120 4.30299
C 33.47590 0.63046 4.76485
C 27.12290 0.20693 2.88074
C 35.68430 2.82179 3.78963
C 37.14870 5.76274 4.31144
C 38.66640 8.72220 4.26625
C 26.13080 8.80397 2.46192
C 40.53590 11.55870 4.07894
C 39.24230 14.49500 3.24804
C 26.33190 14.54670 2.06562
C 28.14340 17.09370 2.35601
C 37.18090 20.32030 1.41126
C 33.40880 19.69550 2.81106
C 29.58320 19.75800 2.64794
C 26.20660 20.33970 1.38518
C 49.15920 11.75610 4.70324
C 46.02970 12.40740 3.74993
C 42.95120 14.33160 2.37981
C 42.65980 16.94250 0.95529
C 41.25600 19.38290 2.26426
C 40.54800 22.66600 1.92004
C 47.37810 1.36147 6.21363
C 44.18460 0.94385 5.85872
C 41.04070 0.38485 5.21926
C 48.78640 4.36429 6.00935
C 45.56230 3.96561 5.75169
C 42.34960 3.47858 5.36192
C 46.99340 6.92813 5.47277
C 43.73000 6.42907 5.23122
C 40.39720 6.04591 4.83238
C 30.16160 0.60383 3.92541
C 31.94290 3.30783 4.08776
C 28.85400 3.24933 3.26506
C 25.79290 3.10418 2.63435
C 33.88250 5.99393 3.93368
C 30.71520 6.13845 3.40224
C 27.59940 6.00430 2.78494
C 35.57990 8.74844 3.79181
C 32.43920 8.88750 3.35546
C 29.30020 8.89544 2.90321
C 37.38450 11.59930 3.59109
C 34.23970 11.57300 3.18911
C 31.09540 11.68220 2.84210
C 27.88050 11.71470 2.49197
C 36.11690 14.33690 2.97429
C 32.96550 14.37520 2.73966
C 29.66280 14.41540 2.49024
C 38.93850 17.05800 1.25160
C 35.07910 17.16470 2.58791
C 31.54030 17.09330 2.56833
C 48.94570 14.86250 3.79560
C 45.98240 16.01550 3.36691
C 48.71170 17.90350 2.95588
C 45.74150 19.12560 2.40178
C 42.90170 20.56380 1.72626
C 48.55950 20.92600 2.19521
C 45.78250 22.28550 1.65722
C 49.08760 29.61040 -0.42476
C 47.58800 32.40330 -0.81042
C 49.36670 35.26830 -1.10132
C 48.03270 37.99960 -1.57959
C 37.52170 23.35350 -1.61853
C 39.96370 25.79110 -1.26513
C 42.71230 27.18670 -1.87812
C 48.63740 26.66170 -2.14564
C 45.88020 28.69300 -2.38623
C 36.70600 25.33460 -1.78672
C 33.75540 23.65030 -1.23983
C 29.79300 23.12430 0.33286
C 40.36910 29.60690 -2.10243
C 37.35410 28.42330 -1.83015
C 28.20580 25.29480 -1.70226
C 44.02380 33.08360 -1.45252
C 40.84520 32.72760 -2.07735
C 25.65360 27.50780 -1.68890
C 41.83380 36.47850 -1.24722
C 39.11380 38.07780 -1.72008
C 37.03280 40.55990 -1.34670
C 34.51290 42.23220 -1.72337
C 31.14750 41.19310 -1.63342
C 28.08310 40.27070 -3.09271
C 24.69730 39.01280 -3.34819
C 24.43750 42.51300 -3.85925
C 31.54550 44.46670 -1.27765
C 28.32210 44.03540 -1.36517
C 32.67120 47.21220 -1.14141
C 45.75770 35.64180 -0.80710
C 44.56550 38.77400 -1.90505
C 41.45960 40.14230 -1.86516
C 46.85940 40.81310 -2.40064
C 40.87800 43.39630 -1.68482
C 37.82090 44.84240 -2.10953
C 35.05340 45.59450 -0.79379
C 46.46860 44.26630 -2.48738
C 43.07490 23.59160 -1.72789
C 48.74250 23.22890 -1.70835
C 45.85230 24.81440 -2.27899
C 34.30380 27.31410 -1.76686
C 31.27720 26.10060 -1.62514
C 37.85240 31.66530 -1.94993
C 34.83800 30.49550 -1.83823
C 31.83060 29.42420 -1.78336
C 28.82200 28.24480 -1.60516
C 38.46190 34.81000 -1.90419
C 35.44960 33.67720 -1.90054
C 32.45260 32.55580 -1.87823
C 29.32800 31.41870 -1.80569
C 26.12120 30.45330 -1.53144
C 36.10710 36.90890 -1.89506
C 33.10520 35.74240 -1.91853
C 30.11250 34.62360 -2.04833
C 27.06750 33.51480 -1.97486
C 33.73730 39.02190 -1.83547
C 30.73440 37.80040 -2.08906
C 27.04650 36.80060 -1.93477
C 29.64110 47.01420 -1.07682
C 43.76060 42.02910 -2.17483
C 43.58760 45.37780 -1.83544
C 40.69930 46.48270 -1.37279
H 47.58750 30.86600 1.25386
H 49.16720 33.63140 0.74065
H 47.80830 36.46180 0.41356
H 39.32040 23.78820 -0.01609
H 42.16440 25.33290 -0.32973
H 40.86590 27.91190 -0.47638
H 47.52800 28.23220 -0.56440
H 44.55330 29.49900 -0.25974
H 37.98700 26.74090 -0.21088
H 34.94320 25.60960 -0.03544
H 31.90690 24.43960 0.17070
H 41.65800 31.00720 -0.28065
H 38.61630 29.94580 -0.34447
H 29.55210 26.59300 0.08006
H 26.63170 25.46640 -0.29617
H 42.12880 34.17540 -0.46692
H 39.61770 36.15900 -0.24984
H 40.98560 38.48240 -0.13384
H 24.90390 33.65010 -0.41315
H 37.74040 41.20360 1.07484
H 31.83050 39.19890 -0.26663
H 28.90160 38.07230 -1.04255
H 24.64020 37.47920 -1.17324
H 35.60060 43.38490 0.20376
H 32.55940 42.48670 -0.16873
H 28.25790 42.37190 -0.25791
H 32.98450 45.39130 0.47580
H 29.80340 45.06190 0.43712
H 45.98580 33.40410 0.23043
H 43.94180 37.18880 -0.13350
H 46.43540 39.30830 -0.35926
H 43.41500 40.33060 -0.39743
H 40.55210 41.56780 0.15790
H 38.31900 42.85900 -1.38667
H 45.75370 42.33140 -1.39147
H 45.00590 23.63500 -0.23041
H 47.64990 25.09480 -0.59071
H 44.97360 26.57150 -1.42909
H 35.52200 28.79220 -0.17524
H 32.48150 27.70240 -0.14160
H 39.10750 33.03570 -0.31035
H 36.07220 31.94630 -0.28856
H 33.03460 30.85470 -0.19865
H 30.04610 29.76920 -0.12832
H 27.04500 28.66660 0.01151
H 36.62230 35.09900 -0.29781
H 33.62440 33.99630 -0.27839
H 30.58150 32.91690 -0.32740
H 27.55310 31.81970 -0.16941
H 37.21230 38.34790 -0.21673
H 34.24840 37.16640 -0.29241
H 31.20030 36.03520 -0.34073
H 28.09770 34.94360 -0.62742
H 34.88990 40.37620 -0.14985
H 26.61220 45.00500 0.32954
H 42.94330 43.55920 -0.37228
H 40.14720 44.71640 0.35004
H 37.26530 45.97410 0.12298
H 45.62450 45.60510 -0.42852
H 42.68140 46.74340 0.05807
C 48.98370 30.19070 2.67043
C 47.28200 33.12400 2.30818
C 49.17380 35.77230 2.04804
C 47.78430 38.64080 1.60274
C 37.55140 23.63840 1.63940
C 40.08830 25.97130 0.77933
C 43.18290 27.47430 0.15196
C 47.51440 26.92490 1.13894
C 45.96960 29.73360 0.77006
C 36.81640 25.58810 1.62354
C 34.23260 23.33340 0.68202
C 31.29060 22.58730 1.97484
C 40.58660 29.70390 1.23066
C 37.46100 28.55250 1.35323
C 28.57870 24.80010 1.44673
C 43.95190 31.95240 0.26266
C 41.11770 33.13290 1.22736
C 26.19860 27.13920 1.73399
C 41.83560 36.35370 0.74104
C 39.07550 37.96940 1.32650
C 36.50530 39.88040 1.70099
C 34.20110 41.92290 1.63835
C 30.43280 41.15480 0.24701
C 28.27060 40.02580 -1.23713
C 23.43930 38.72730 -0.19417
C 25.83530 41.71300 -0.62984
C 31.56010 43.83240 1.69727
C 28.21290 43.80460 1.91403
C 32.76050 47.10920 2.20141
C 45.54350 35.73620 1.09177
C 44.53700 38.81270 1.24543
C 42.00450 39.89980 1.56704
C 46.53860 41.42650 0.75878
C 41.69980 43.30870 1.76010
C 37.93330 43.76700 0.98941
C 35.23650 45.51030 1.41815
C 47.26730 44.20120 -0.66639
C 43.23500 24.06390 1.41822
C 48.45050 23.97590 1.40679
C 45.73430 25.78190 0.74725
C 34.31420 27.41100 1.52919
C 31.51500 26.13800 1.60109
C 37.91530 31.61620 1.31678
C 34.88340 30.59600 1.39215
C 31.87810 29.46910 1.47490
C 28.94980 28.36270 1.59446
C 38.43020 34.75890 1.32674
C 35.44290 33.68340 1.32520
C 32.35800 32.64270 1.33209
C 29.41660 31.58460 1.39059
C 26.56310 30.46550 1.65056
C 36.01900 36.80330 1.34684
C 33.00600 35.76230 1.30898
C 29.75970 34.69970 1.17387
C 26.61860 33.76560 1.10740
C 33.41230 38.93180 1.27119
C 30.19800 37.84490 1.04536
C 26.82070 37.01190 -0.05528
C 29.60770 46.82600 2.13400
C 44.57330 42.05280 0.76549
C 43.97390 45.05700 1.31494
C 41.04540 46.45390 1.91911
H 37.14870 59.85490 0.54123
H 34.64770 58.26340 0.40384
H 40.28630 63.14310 0.47534
H 37.25530 62.59550 0.40709
H 44.44740 67.75850 0.37200
H 40.99090 66.32080 0.45647
H 29.09800 62.03680 0.66184
H 44.61050 70.84720 0.73081
H 25.26870 64.75200 -0.11343
H 26.32160 68.25910 -0.17148
H 27.65840 71.10570 0.58388
H 34.37730 61.36060 0.52150
H 37.94700 65.48320 0.35669
H 34.81720 64.54970 0.43779
H 31.87100 63.32700 0.55423
H 41.75200 69.48290 0.14346
H 38.65800 68.53800 0.22410
H 35.49100 67.57570 0.37652
H 32.28360 66.52590 0.44538
H 29.35520 65.20960 0.14180
H 36.18200 70.64200 0.39804
H 33.06490 69.65610 0.46011
H 30.00910 68.86360 0.58596
C 47.83140 65.57670 -2.56713
C 49.04670 68.96850 -0.27871
C 34.90120 49.87890 -0.18873
C 35.81370 53.27680 -1.97736
C 33.71480 55.93240 0.77236
C 31.16100 55.26070 -0.74745
C 30.13010 58.28930 -0.23621
C 27.89710 60.73990 -1.11974
C 24.97020 60.68830 -1.35292
C 36.79520 58.02270 -0.97478
C 39.10930 61.08130 -0.10069
C 36.07160 61.12810 -1.18200
C 33.34610 59.83460 -1.09431
C 43.17980 65.86210 -0.77601
C 39.75400 64.90370 -1.22109
C 30.85670 61.78340 -1.09064
C 43.72740 69.68080 -1.24688
C 27.48600 64.17000 -1.16070
C 25.35960 66.91560 -1.61250
C 26.19940 70.35970 -1.46859
C 37.86040 47.97490 -1.15195
C 37.70100 51.14750 -0.65999
C 37.32870 54.60360 -1.45077
C 39.90430 56.28110 -1.20135
C 42.17490 58.34640 -1.05461
C 48.01330 58.74690 -0.78405
C 42.15690 61.89310 -0.81242
C 47.24880 61.96620 -0.67123
C 45.52500 63.23000 -0.50324
C 26.50370 46.88050 -1.29321
C 31.21880 49.82440 -0.95432
C 28.03020 49.66810 -1.07854
C 24.90420 49.74590 -1.25974
C 32.76030 52.42350 -1.11106
C 29.47180 52.44530 -1.05139
C 26.42500 52.47990 -1.15624
C 28.17210 55.35560 -0.94086
C 24.86090 55.19430 -1.31951
C 26.47710 57.98570 -1.17180
C 36.56030 64.25820 -1.25191
C 33.66450 63.04150 -1.07649
C 40.48980 68.00150 -1.34945
C 37.26510 67.17790 -1.27380
C 34.10490 66.24300 -1.17778
C 31.07400 64.96850 -1.16969
C 37.86960 70.25080 -1.34028
C 34.86700 69.32100 -1.20029
C 31.72870 68.33000 -1.14448
C 28.56270 67.36600 -0.80457
C 32.55380 71.50350 -1.07231
C 29.47090 70.58770 -1.13107
C 46.31630 47.55760 -1.79748
C 43.38300 48.59700 -1.41139
C 40.49410 49.66440 -1.19780
C 46.14820 50.58100 -1.31297
C 43.13650 51.73340 -1.21696
C 40.19990 53.06450 -1.21660
C 45.82180 53.69010 -1.08808
C 42.80520 54.98320 -1.09800
C 48.40120 55.61610 -0.93957
C 45.41050 56.79460 -1.00696
C 44.91600 60.03870 -0.85390
H 47.63180 64.58180 -0.66300
H 49.19720 66.85800 1.15221
H 47.23420 69.22970 0.92211
H 34.42980 47.60890 0.48059
H 32.76350 50.68330 0.77539
H 34.29010 53.52140 0.14407
H 32.24340 57.48700 2.20433
H 31.53810 60.10580 0.57842
H 27.90240 58.99490 0.58628
H 26.25500 61.66320 0.51312
H 37.04620 49.17700 0.83140
H 48.14750 47.63650 -0.13332
H 39.50930 51.27670 0.34217
H 39.10290 54.55260 0.38061
H 36.26930 55.93090 0.39425
H 38.80710 57.68850 0.54507
H 41.31780 59.93220 0.30612
H 46.74730 60.08540 0.81345
H 44.10700 61.71930 0.83834
H 31.17480 47.93480 0.59584
H 28.01060 47.84450 0.55323
H 29.51930 50.64340 0.58663
H 26.39390 50.64130 0.43714
H 31.08760 53.41850 0.51837
H 27.88660 53.43030 0.53765
H 24.70780 53.39790 0.32981
H 29.49490 56.21600 0.95619
H 26.29150 56.16020 0.43781
H 24.71520 58.89720 0.28339
H 39.79020 47.91870 0.39793
H 45.27390 48.76210 0.11204
H 42.36220 50.00290 0.37803
H 47.92790 50.71360 0.37157
H 44.96960 51.93920 0.38313
H 42.05000 53.21350 0.41889
H 47.60320 53.84210 0.61943
H 44.61770 55.08040 0.54767
H 41.66020 56.44480 0.53515
H 47.16670 56.97990 0.72527
H 44.13220 58.22590 0.56937
C 46.81420 66.76400 0.47511
C 48.60850 68.46550 2.94913
C 34.81750 49.65760 1.72756
C 36.09450 52.68270 1.72902
C 32.48080 57.23220 4.25329
C 30.85860 55.19550 2.32351
C 30.03090 58.49200 1.72696
C 27.70040 60.74820 2.31070
C 24.53710 60.69970 1.95553
C 36.68700 57.93710 1.92496
C 39.29070 59.89440 1.65130
C 36.13930 61.28330 2.18023
C 33.45620 59.75500 2.08874
C 43.24620 65.51200 1.07249
C 39.71250 64.66120 1.93512
C 30.95820 61.80760 2.27893
C 43.58070 68.82980 1.75190
C 27.40450 63.81260 0.77417
C 25.06950 66.71650 1.45945
C 25.56580 69.94640 1.57151
C 38.06520 47.24590 2.02849
C 38.36020 50.37140 2.39687
C 37.24200 54.32350 2.05044
C 39.82420 56.11230 2.18167
C 42.12620 58.36470 2.05087
C 47.81160 58.61870 2.45878
C 41.97620 62.26230 1.12716
C 47.14270 61.73700 2.59001
C 45.42290 63.00800 2.54678
C 26.30800 46.81860 2.01577
C 31.04590 49.70790 2.25891
C 27.87620 49.70810 2.12905
C 24.70060 49.68930 1.90435
C 32.78650 52.44800 2.11947
C 29.45630 52.51810 2.15326
C 26.18890 52.48090 2.01920
C 27.66210 55.20820 2.22673
C 24.51950 55.26320 1.89915
C 26.17100 58.00130 2.04368
C 36.62210 64.31050 2.04922
C 33.73640 63.10510 2.08878
C 40.54390 68.05800 1.82566
C 37.38610 67.27400 1.91032
C 34.15310 66.30280 2.01717
C 30.95800 65.09400 2.01555
C 38.09530 70.26010 1.89087
C 34.91540 69.29960 2.02827
C 31.57700 68.37590 2.03904
C 28.25140 67.23400 1.10120
C 32.51500 71.38470 2.13436
C 29.12560 70.69960 2.09252
C 46.36600 47.01730 1.47479
C 43.49420 48.34870 1.77750
C 40.42360 49.67040 1.94723
C 46.00730 50.29640 1.88070
C 43.12780 51.69350 2.00893
C 40.14620 52.98740 1.97150
C 45.67820 53.52610 2.12543
C 42.72330 54.87250 2.10638
C 48.21250 55.47020 2.38845
C 45.23110 56.73590 2.23800
C 44.79590 59.83770 2.31781
H 42.14890 72.63990 -0.34064
H 39.75430 74.84720 0.13078
H 37.49910 76.90380 1.40688
H 26.10950 72.90950 -1.37212
H 34.90640 78.91970 2.04860
H 32.03620 78.06770 0.80134
H 29.21540 77.17250 -0.30601
H 26.29770 76.03180 -0.87206
H 39.24630 71.61270 0.19271
H 36.82100 73.76150 0.55158
H 33.80100 72.79030 0.57951
H 30.72160 71.92810 0.55002
H 34.46360 75.95230 0.81674
H 31.46840 74.99790 0.40443
H 28.41760 74.26660 0.18428
C 44.02900 89.06760 2.45318
C 37.30240 89.08390 0.92416
C 48.30060 92.92520 3.48441
C 45.35920 91.74320 4.23130
C 42.56300 91.96630 2.24231
C 39.71060 91.81370 0.98742
C 35.71270 91.94410 0.26290
C 34.49490 93.69170 0.43670
C 46.13060 74.48180 1.90649
C 43.11010 75.66990 3.19926
C 41.16290 77.90010 1.56193
C 38.97690 80.01140 0.34786
C 38.90260 83.07340 0.68776
C 38.88320 86.36870 1.15631
C 40.74550 88.42550 2.99841
C 46.95370 87.76990 2.79359
C 46.74710 71.39550 -0.35492
C 29.93860 95.50830 0.28597
C 25.88430 78.47380 -0.56289
C 30.30380 79.42750 -0.34401
C 28.12940 80.56930 -0.27091
C 35.61010 82.85830 1.94319
C 33.15380 84.68790 0.77041
C 35.86190 86.13540 1.17915
C 32.85350 87.88660 0.64619
C 32.47700 91.35230 1.60907
C 29.65590 92.40260 0.64220
C 43.99240 72.12610 -1.38039
C 41.51790 74.61980 -1.66420
C 38.51380 76.58300 -0.95956
C 26.71440 74.77590 -3.03994
C 37.11720 79.19110 0.57280
C 31.49350 76.78700 -1.26917
C 28.45170 75.49820 -2.04875
C 46.42500 95.35060 3.18279
C 43.58450 94.98300 2.60229
C 40.66010 94.81560 1.67834
C 37.86970 94.57230 0.59005
C 46.56820 78.01490 2.31714
C 43.92980 79.60960 2.06080
C 41.51330 81.41780 1.41235
C 46.68410 81.31180 2.52429
C 44.07440 82.98780 2.17394
C 41.42650 84.71400 1.72251
C 46.76420 84.53610 2.59886
C 44.00590 86.17760 2.32835
C 25.43020 81.90930 -0.73607
C 30.72550 82.72510 0.16451
C 27.78460 83.89950 -0.27635
C 24.97950 85.27250 -0.87015
C 30.26160 85.94180 0.21802
C 27.42050 87.14890 -0.31545
C 29.91540 89.08140 0.18906
C 27.04810 90.28420 -0.46141
C 26.51180 94.05660 0.06036
C 40.84690 71.00090 -1.59265
C 38.39970 73.35850 -1.32292
C 35.56780 72.46440 -1.10152
C 36.50310 75.86010 -0.63367
C 33.48470 74.68130 -0.96248
C 30.40860 73.60660 -1.23810
C 34.23020 78.11940 -0.34758
H 42.14010 90.35180 3.64980
H 38.88770 90.05020 2.70278
H 46.52190 93.74310 4.99178
H 37.48300 92.76980 1.80501
H 33.57630 93.30890 2.85176
H 35.70210 95.40540 1.59778
H 45.54310 76.44340 3.56376
H 42.66700 78.13110 3.62737
H 40.11550 79.80150 2.50359
H 37.43230 81.38570 1.85478
H 48.14960 78.07150 4.44424
H 37.49220 84.51670 2.02699
H 37.28440 87.36840 2.71122
H 40.08330 86.05960 3.25446
H 45.33310 89.29280 4.13110
H 47.60100 91.02890 4.94873
H 47.19440 72.22120 2.03489
H 25.05450 76.99550 1.30674
H 27.42390 78.85200 1.41798
H 29.76050 80.97190 1.57953
H 32.12820 82.91340 2.28334
H 34.52150 84.86480 2.93314
H 34.39380 87.98420 2.21723
H 31.37740 89.29080 2.15382
H 28.40570 90.40910 1.60731
H 25.59600 91.85140 0.82319
H 30.48870 92.51330 2.71036
H 43.36940 93.23160 4.30713
H 40.39030 92.89170 3.12575
H 45.53020 79.66850 3.95348
H 42.87300 81.30810 3.48764
H 40.15180 82.92390 2.83348
H 48.35800 81.30000 4.37225
H 45.64580 82.90660 4.07124
H 42.88650 84.47420 3.67809
H 48.46580 84.51030 4.40770
H 45.63080 86.08960 4.15837
H 42.78360 87.52470 3.96068
H 48.32580 87.87380 4.52658
H 26.90630 82.14000 1.22607
H 29.31270 84.15880 1.59449
H 26.42430 85.41690 1.11285
H 31.76840 86.16030 2.15267
H 28.88280 87.37850 1.63518
H 25.98350 88.61640 1.01191
C 43.27820 89.26860 5.61219
C 36.31340 89.60100 2.54465
C 48.20090 92.83780 6.53266
C 44.78820 92.34850 6.05925
C 41.39060 92.09930 5.26210
C 38.35120 91.74260 4.07735
C 35.24300 93.22920 4.68617
C 32.03630 94.47920 3.29654
C 46.75180 74.23440 3.64112
C 43.37860 76.17220 5.00549
C 40.72290 78.47790 4.62180
C 37.95400 79.84240 3.72411
C 37.96620 82.90390 3.85797
C 37.94280 85.52670 4.20548
C 40.51020 87.76760 4.86102
C 46.23680 87.73080 5.91830
C 45.99030 70.55940 2.82536
C 28.87560 94.49370 3.14821
C 25.31660 78.93760 2.82185
C 31.58000 79.74930 2.56478
C 27.80500 80.74150 3.07429
C 33.36260 80.83600 2.70928
C 32.75350 84.75570 4.02278
C 35.48390 86.77000 4.26874
C 32.42070 87.83360 3.86385
C 32.39730 91.12890 3.50099
C 28.97000 91.15000 3.96599
C 43.29440 72.36500 1.89782
C 42.21060 75.11120 0.02771
C 39.73640 76.34230 2.18343
C 26.34830 73.21870 1.20783
C 36.84400 78.15110 3.53822
C 30.56610 76.78230 1.86720
C 27.48090 76.32850 1.30003
C 45.98560 95.68550 6.33778
C 42.80130 95.15630 5.72688
C 39.69790 94.66690 4.69515
C 36.62410 94.36760 3.56543
C 46.27800 77.92270 5.64443
C 43.52160 79.77740 5.32831
C 40.68270 81.16030 4.48310
C 46.29590 81.22040 5.72940
C 43.56020 82.78260 5.31903
C 40.74250 84.27790 4.80488
C 46.40690 84.43650 5.82260
C 43.57670 85.87680 5.55160
C 24.74570 81.95740 2.34850
C 30.25640 82.71280 3.41417
C 27.23690 83.91940 2.88529
C 24.29890 85.15900 2.31483
C 29.66100 85.83120 3.35194
C 26.76590 87.15310 2.82266
C 29.36530 89.02450 3.44256
C 26.22850 90.34690 2.73807
C 26.01900 94.07740 1.86433
C 41.30870 71.33270 1.60089
C 38.84100 73.37810 1.89635
C 35.62540 72.29910 2.11875
C 36.19500 75.26570 2.46030
C 33.05800 74.46660 2.18084
C 30.04950 73.78730 2.01019
C 33.64330 77.43040 2.66308
C 54.77330 95.51150 3.45406
C 51.88890 95.14560 4.81153
C 49.41830 95.99810 3.38156
C 55.41090 3.91759 2.68909
C 52.31770 4.17848 2.96212
C 50.44720 6.64090 2.38505
C 59.74040 0.21392 2.45074
C 58.64570 3.29849 2.31376
C 57.45410 6.37724 2.30343
C 60.02020 7.91181 1.32344
C 73.29510 10.12250 -1.82795
C 68.17150 10.18860 -0.51607
C 65.12980 10.75170 1.02038
C 61.30330 11.01010 0.72791
C 71.09150 13.01720 -0.83845
C 67.95880 12.25610 -0.27762
C 66.19210 14.58980 -0.03658
C 63.15420 14.01970 -0.14537
C 63.47770 17.35810 0.97720
C 61.45600 19.92110 0.59134
C 63.17070 22.42890 0.03321
C 60.28780 22.54630 0.51366
C 54.25520 7.37490 3.08637
C 52.05360 9.38411 2.07599
C 57.81030 9.56478 3.50816
C 57.42700 12.70040 1.63273
C 60.03640 13.85150 0.17159
C 60.29010 17.02970 0.65419
C 57.19650 18.87690 -0.33273
C 57.44560 22.89620 0.31053
C 56.63470 0.88669 2.77475
C 53.57220 1.08507 3.30032
C 50.71450 1.29203 3.32798
C 68.86440 95.18910 1.44687
C 65.88980 95.97230 1.87549
C 62.85010 -0.54055 2.19889
C 71.00490 0.26294 0.80707
C 68.04400 1.00029 1.28953
C 64.93720 1.76344 1.64567
C 61.80820 2.52595 1.98421
C 70.25490 3.33727 0.78166
C 67.12420 4.08370 1.13434
C 63.93960 4.77050 1.41217
C 60.74590 5.59794 1.82976
C 72.59670 5.92224 0.55165
C 69.47200 6.26447 0.62229
C 66.41490 7.12428 0.85763
C 63.24250 7.70072 1.02041
C 72.56510 16.06380 -0.53340
C 69.19070 15.35500 -0.24342
C 70.38020 18.27310 -0.32943
C 67.04570 17.64020 -0.00618
C 71.50380 21.23320 -0.49011
C 68.23350 20.56490 -0.32876
C 65.02160 19.93330 0.08471
C 54.86010 10.91950 2.03195
C 52.01670 12.58820 1.19745
C 54.66290 14.19800 1.01304
C 51.77930 15.66260 0.38917
C 57.51550 15.85180 0.92268
C 54.44330 17.31620 0.10461
C 51.62680 18.79260 -0.38384
C 54.54450 20.59460 -0.54434
C 51.71260 21.84240 -0.97879
H 56.68880 -0.79130 4.51175
H 53.63200 -0.47944 5.18198
H 55.39770 2.20459 4.49580
H 54.09140 5.27492 4.35066
H 51.97960 7.74352 3.91873
H 59.62600 95.81500 4.20469
H 58.56920 1.60003 4.06657
H 57.41110 4.56839 4.00661
H 59.52550 6.82103 3.55384
H 56.46050 7.63121 4.16246
H 71.15370 7.01133 2.30853
H 68.02950 7.67243 2.10907
H 64.82140 8.59521 2.29114
H 61.54600 9.09340 2.42449
H 71.85000 11.13170 0.08953
H 72.66250 14.01890 0.84603
H 69.59450 13.38220 1.19783
H 66.44350 12.77010 1.67479
H 64.47640 15.22880 1.58001
H 61.64720 18.23300 2.29396
H 60.46710 21.09930 2.62004
H 53.90140 9.72468 3.68315
H 51.03970 11.36790 3.15151
H 56.50280 11.71140 3.81182
H 59.11420 13.19870 2.60239
H 61.44630 14.99980 1.43158
H 59.00810 16.59220 2.74735
H 59.01800 19.18690 0.88233
H 56.20600 20.88190 0.90296
H 53.34830 22.35750 0.82491
H 50.60330 -0.21046 5.19042
H 52.23770 2.53123 4.80941
H 50.47320 5.10230 4.36145
H 70.91520 95.86760 2.60346
H 67.86450 -0.60911 3.11207
H 64.79490 0.16256 3.47044
H 61.67290 0.88180 3.76894
H 70.02480 1.66680 2.55870
H 66.91180 2.43489 2.92105
H 63.78290 3.18446 3.27758
H 60.63720 3.89998 3.61586
H 72.19770 4.02080 2.10695
H 69.06630 4.69052 2.46422
H 65.87780 5.50610 2.72873
H 62.75840 6.22259 3.02740
H 63.21330 12.28970 1.62229
H 70.82750 16.43140 1.25378
H 67.59280 15.83810 1.56441
H 71.88250 19.46310 1.20973
H 68.68940 18.83080 1.36428
H 65.55820 18.28670 1.82912
H 69.73430 21.88300 1.06784
H 66.62790 21.27340 1.34659
H 63.44560 20.75310 1.73014
H 53.70900 12.96670 2.94886
H 50.88330 14.44800 2.32320
H 56.34680 14.70340 2.73979
H 53.53340 16.11360 2.04306
H 50.68070 17.55840 1.52117
H 56.22920 17.77120 1.73121
H 53.41780 19.23330 1.25349
H 50.56120 20.65700 0.80756
C 55.24050 -1.09222 6.54535
C 52.03620 95.75610 6.60468
C 49.01450 96.02130 6.66166
C 55.62650 4.36862 5.78371
C 52.29620 4.70890 6.00899
C 50.33100 7.23904 5.64964
C 60.11070 0.48256 5.57406
C 59.08430 3.51869 5.47647
C 57.92340 6.56949 5.45550
C 59.95260 8.97539 4.44244
C 70.90360 9.24799 1.33697
C 68.76780 9.74736 1.62121
C 65.02780 11.03900 2.85041
C 60.94940 11.48260 2.62101
C 71.30190 12.51740 2.31297
C 68.14250 12.41980 3.08875
C 66.18280 14.73180 3.24773
C 63.01470 13.91410 3.14496
C 63.70610 17.16680 2.92786
C 62.38890 19.99160 3.82248
C 63.59200 22.67400 3.17953
C 60.50860 23.39450 3.58359
C 54.16950 7.67510 4.99872
C 51.82730 9.94546 5.01545
C 57.04210 9.80666 5.26773
C 57.45120 13.51800 4.66028
C 60.27450 15.29620 3.69452
C 59.52780 18.89120 3.36140
C 57.33370 19.66380 2.75800
C 57.18760 22.84540 2.21194
C 57.07060 1.15184 5.94401
C 53.86880 1.65966 6.38994
C 50.59170 1.82590 6.46263
C 69.46720 95.56160 4.56519
C 66.35540 -0.88783 4.99665
C 63.24470 -0.13196 5.31057
C 71.64640 0.50129 3.96738
C 68.48420 1.34740 4.43155
C 65.37330 2.11671 4.79187
C 62.22780 2.82165 5.12919
C 70.65570 3.59028 3.96813
C 67.42480 4.38769 4.27441
C 64.31980 5.17595 4.61447
C 61.24350 5.85543 4.96693
C 72.85220 5.80406 3.80800
C 69.35610 6.62702 3.96857
C 66.36190 7.59116 3.99503
C 63.15600 8.37732 4.19550
C 72.63630 15.54340 2.72591
C 69.49640 15.15300 2.92711
C 70.53840 18.21310 2.89003
C 67.48350 17.68300 3.19342
C 71.45900 21.33790 2.73340
C 68.47810 20.75090 2.84251
C 65.39100 20.06410 3.11336
C 54.38000 11.72920 5.02617
C 51.74750 13.41270 4.38078
C 54.34230 15.05070 4.11674
C 51.60460 16.46220 3.51778
C 56.89080 16.79080 3.92136
C 54.31870 18.07800 3.24106
C 51.49280 19.52960 2.76816
C 54.43120 21.04640 2.62028
C 51.24220 22.69070 2.04058
C 73.52750 27.31270 -0.88263
C 63.17520 25.39850 0.40541
C 70.77360 28.56560 -1.75141
C 67.52610 28.51970 -1.50187
C 64.47750 28.31350 -0.73032
C 59.67560 25.77980 -0.10036
C 56.60120 26.48590 -0.48919
C 53.60100 27.10710 -0.82816
C 61.57330 28.40020 -0.27118
C 52.27440 30.00650 -0.79869
C 63.43240 31.36030 -0.57987
C 65.65270 34.22650 -0.43363
C 64.20270 37.13230 -0.50219
C 62.79330 39.96390 -0.43237
C 50.08920 40.59480 -1.94904
C 61.37000 42.76970 -0.48282
C 58.22910 43.10970 -0.68592
C 51.92590 43.50900 -2.58724
C 56.99080 46.30640 -0.10250
C 53.73600 46.43550 -0.96231
C 51.52680 24.63800 -2.16273
C 70.89170 31.73560 -0.42824
C 68.00480 31.38090 -2.20364
C 69.25530 34.05530 -0.35917
C 67.49270 36.84330 -0.45384
C 65.99380 39.82650 -0.43635
C 64.50880 42.60900 -0.41916
C 63.06100 45.40450 -0.50118
C 50.08320 43.67600 -3.55353
C 72.54150 24.26060 -0.71798
C 69.28970 23.55100 -0.68756
C 66.07570 22.88870 -0.37659
C 70.20880 26.63680 -1.02517
C 66.65680 25.84280 -0.69545
C 58.54430 29.02490 -0.42692
C 55.40100 29.55040 -0.58350
C 60.36800 31.60430 -0.45580
C 57.27460 32.06540 -0.59445
C 54.10370 32.39190 -0.70328
C 50.80710 32.63480 -0.80821
C 62.36560 34.33280 -0.48203
C 59.18680 34.61150 -0.59450
C 55.97920 34.88400 -0.78577
C 52.74590 35.13810 -0.98954
C 61.08140 37.25120 -0.54308
C 57.89960 37.46800 -0.78007
C 54.71630 37.66440 -1.11721
C 51.35000 37.84290 -1.42112
C 59.72560 40.12510 -0.61098
C 56.64960 40.35280 -0.96239
C 53.57020 40.50440 -1.66091
C 55.05850 43.39920 -1.16854
C 54.39710 24.00130 -0.68537
C 72.52650 34.60840 -0.89253
C 70.76200 37.11100 -0.52214
C 72.38560 39.80300 -0.51014
C 69.19330 39.80470 -0.46195
C 70.84860 42.54510 -0.48760
C 67.63590 42.57430 -0.43909
C 72.57640 45.32940 -0.53949
C 69.36570 45.32170 -0.55873
C 66.21530 45.47760 -0.45946
H 64.66140 23.78000 1.34492
H 62.01320 23.74210 1.70809
H 71.60590 27.97570 0.53375
H 65.10130 26.81620 0.92361
H 69.28530 29.97400 -0.55786
H 66.33070 29.69490 0.27808
H 59.03880 24.26960 1.75225
H 55.97690 24.72120 1.09796
H 61.44760 26.81290 1.33766
H 55.07950 27.71590 0.96876
H 51.99160 28.12330 0.79467
H 63.31980 29.58230 1.10663
H 50.70570 30.86250 0.90091
H 65.04060 32.30000 1.13055
H 64.03900 35.25280 1.11241
H 62.65720 38.09890 1.14133
H 49.67290 39.03830 0.00705
H 61.21130 40.93910 1.15651
H 51.93660 41.71480 -0.93007
H 59.83990 43.87170 1.33616
H 56.69560 43.97480 0.61008
H 53.54740 44.42170 0.54998
H 52.99900 25.38560 0.76360
H 51.25540 26.38730 -1.66326
H 72.64710 32.52760 0.41174
H 69.54660 32.46460 1.53870
H 67.39850 32.45890 -0.71603
H 67.47470 35.12210 1.03800
H 65.87860 37.93630 1.15401
H 64.43460 40.76590 1.19440
H 62.96010 43.54270 1.24573
H 49.62670 43.83690 -1.12651
H 72.79260 22.58910 1.07993
H 70.69860 24.94310 0.75620
H 67.61550 24.25470 0.93935
H 68.37380 27.20680 0.39340
H 58.20350 27.25020 1.23871
H 60.17350 29.83850 1.26199
H 57.03600 30.26570 1.05175
H 53.84290 30.61580 0.94048
H 62.03240 32.49130 1.10850
H 58.88950 32.83870 1.05353
H 55.71570 33.16250 0.93314
H 52.46510 33.45640 0.76151
H 60.80390 35.43400 1.05720
H 57.56760 35.71260 0.86267
H 54.33030 35.99820 0.65217
H 51.04970 36.22850 0.42226
H 59.42870 38.28770 0.95623
H 56.19400 38.55930 0.61354
H 52.95010 38.85050 0.14463
H 58.05780 41.15190 0.90105
H 54.83950 41.44550 0.30093
H 50.45560 23.74770 -0.03099
H 70.83210 35.23050 0.99499
H 72.38790 37.96340 1.11532
H 69.11740 37.93280 1.15453
H 70.82010 40.71930 1.14403
H 67.61250 40.72710 1.18619
H 72.49730 43.47400 1.06758
H 69.27810 43.51620 1.12685
H 66.09900 43.58370 1.21826
C 73.45140 27.71640 2.24132
C 63.41220 25.63870 2.19665
C 71.87620 30.25850 1.22895
C 68.41430 29.33380 1.58351
C 65.30380 28.82320 2.36104
C 59.67370 26.30550 3.00996
C 56.35460 26.54780 2.69784
C 53.38940 27.00400 2.53981
C 61.76580 28.75950 2.84646
C 52.20220 29.83970 2.57043
C 63.42110 31.38750 2.81759
C 65.75660 34.25740 2.60934
C 64.19700 37.09590 2.76286
C 62.75190 39.93250 2.76424
C 49.52510 41.49920 -0.20879
C 61.15010 42.81540 2.84280
C 57.78970 42.95810 2.61400
C 51.67610 43.90020 0.31195
C 56.92320 46.14380 1.81820
C 53.21280 46.20430 2.33194
C 50.66290 26.02220 0.83833
C 70.76140 30.94030 2.97591
C 67.36750 31.52270 1.61421
C 69.22350 34.27960 2.66916
C 67.49230 36.91650 2.73541
C 66.00080 39.79590 2.79544
C 64.52910 42.57890 2.85270
C 63.01200 45.45700 2.86588
C 49.31320 46.17930 -0.47058
C 72.38260 24.53970 2.53588
C 69.43130 23.80000 2.52858
C 66.45140 23.18500 2.80924
C 70.22490 27.00430 2.05630
C 67.13560 26.25880 2.26009
C 58.38070 29.16300 2.79513
C 55.28680 29.52310 2.56289
C 60.33670 31.80850 2.74035
C 57.15020 32.13970 2.61478
C 53.93030 32.48900 2.45888
C 50.75040 32.82440 2.39877
C 62.32300 34.37140 2.67080
C 59.01140 34.74670 2.58232
C 55.76300 35.08730 2.40724
C 52.52080 35.42910 2.20695
C 60.90760 37.29720 2.65253
C 57.57630 37.60720 2.39893
C 54.23360 38.01740 2.03626
C 50.99540 38.39210 1.68628
C 59.44820 40.09470 2.62439
C 56.06820 40.45500 2.17491
C 52.65240 41.01120 1.30955
C 54.67550 43.31350 1.99825
C 54.06410 24.07430 2.51828
C 72.31830 33.88520 2.42516
C 70.80640 36.96650 2.70888
C 72.47110 39.80380 2.71400
C 69.24220 39.77470 2.79121
C 70.90220 42.59710 2.72184
C 67.71050 42.57980 2.79170
C 72.53930 45.29010 2.73216
C 69.21610 45.44300 2.64950
C 66.06190 45.59790 2.65537
C 53.26530 60.25200 -0.54952
C 50.40430 60.87830 -0.53514
C 59.55620 64.35810 0.80408
C 56.22090 63.83580 0.23309
C 49.97420 63.55750 -0.87273
C 60.66610 67.39700 1.06382
C 65.02500 71.04720 1.75267
C 61.71380 70.33710 1.34158
C 67.22370 48.67200 0.07330
C 63.61400 48.46100 -0.24163
C 72.45530 50.78420 -0.52267
C 69.51770 52.66050 0.29530
C 73.59700 53.84110 1.70254
C 73.40080 67.71700 1.18381
C 52.03040 47.56930 -1.34223
C 52.37170 51.15980 -0.34514
C 51.46310 54.45350 -0.81876
C 51.20520 57.70490 -0.59225
C 60.36220 47.05550 -0.27160
C 64.51340 51.31270 0.80968
C 61.33920 50.68690 -0.03256
C 58.23370 49.84470 -0.61623
C 70.21320 55.53040 2.61909
C 67.51040 53.20440 3.89577
C 65.19710 54.25350 1.52536
C 55.85120 52.37920 -0.64511
C 72.50500 58.33520 3.02237
C 53.52810 54.64050 -0.52348
C 57.80580 58.41790 0.11886
C 54.78440 57.64300 -0.28730
C 62.00360 61.90450 0.98384
C 59.02620 61.29090 0.32055
C 71.78710 66.41040 1.36062
C 62.82030 64.89950 1.25210
C 70.57850 69.60880 2.22076
C 66.97650 68.62100 1.63007
C 63.80690 67.91910 1.47915
C 52.98180 63.29150 -0.00611
C 57.48320 66.81760 0.64290
C 54.27220 66.69140 0.11457
C 51.12370 66.51260 -0.32763
C 58.55380 69.87350 1.01571
C 55.38900 69.61870 0.66577
C 52.26030 69.39920 0.26532
C 70.93360 48.10190 -0.54570
C 49.37730 49.52040 -1.35061
C 48.99960 52.53040 -1.02316
C 55.06450 49.29900 -0.79010
C 62.18840 53.60200 0.66177
C 59.03640 53.01450 -0.10282
C 69.22370 57.42890 2.77804
C 66.14580 56.99530 1.92019
C 63.09040 56.50780 1.12923
C 59.96190 55.94890 0.35092
C 56.75010 55.36400 -0.17660
C 70.21970 60.48390 2.37356
C 67.08280 59.90730 1.99564
C 64.08160 59.41420 1.40184
C 61.03580 58.88470 0.69061
C 70.84490 63.51350 1.68790
C 67.93680 62.86200 1.86716
C 64.97060 62.39480 1.53466
C 68.83670 66.00710 1.69035
C 65.85830 65.44010 1.62108
H 72.14950 55.97910 4.14370
H 54.82230 61.78810 0.65589
H 51.99940 61.40130 1.23580
H 48.98470 62.21220 0.99878
H 60.85070 65.46540 2.60332
H 57.49150 64.81590 2.20041
H 61.89950 68.46420 2.91782
H 54.95930 47.39350 1.01023
H 64.32270 46.40090 1.01388
H 69.46500 49.08280 1.38093
H 64.65980 49.41870 1.87349
H 71.89410 51.99680 1.12446
H 50.90900 49.15670 0.34206
H 50.58400 52.61450 0.62407
H 50.16650 55.85570 0.82877
H 49.75980 59.02640 0.98298
H 61.59030 48.53280 1.29887
H 58.38820 48.00660 0.97930
H 65.17990 52.26670 3.24133
H 62.32270 51.56810 2.04897
H 56.21330 50.36260 0.77646
H 68.98970 55.93960 4.89556
H 66.07940 55.21050 3.63680
H 53.91660 52.67540 0.83110
H 70.44480 58.81840 4.42315
H 54.81630 55.76420 1.36707
H 71.33500 61.84220 3.52198
H 55.83160 58.94280 1.68081
H 52.88750 58.40880 1.09788
H 72.31490 64.83080 3.32121
H 60.02000 62.46380 2.28437
H 57.29790 61.77590 1.19449
H 70.31330 67.33960 3.16684
H 63.99520 66.07580 3.06324
H 68.15310 69.78170 3.14988
H 65.06460 69.08190 3.23303
H 54.29060 64.70480 1.55034
H 51.12970 64.48980 1.08783
H 58.72570 67.90550 2.53281
H 55.57870 67.57290 2.05404
H 52.41410 67.33160 1.59888
H 56.74820 70.49980 2.53573
H 53.56660 70.14960 2.22876
H 50.36400 69.73410 1.75794
H 70.95800 46.23140 1.09666
H 67.67790 46.39960 0.92200
H 72.55490 48.86040 1.15610
H 59.28300 51.00350 1.31058
H 63.08310 54.62710 2.69883
H 60.10430 54.01200 1.86506
H 57.03920 53.39160 1.27448
H 67.10620 58.25400 3.82222
H 64.09150 57.62500 3.06615
H 61.03930 57.02510 2.26453
H 57.95960 56.47170 1.66406
H 68.21120 61.28360 3.71306
H 65.12460 60.67130 3.22576
H 62.06160 60.05120 2.56131
H 59.03820 59.42170 1.95204
H 69.22760 64.28660 3.41738
H 66.12170 63.68390 3.27447
H 63.04240 63.07290 2.85266
H 67.11370 66.72730 3.30265
C 53.81830 60.30550 2.43905
C 50.12090 60.80930 2.68617
C 59.19930 64.13770 3.91124
C 55.72660 63.06070 2.68442
C 48.72580 64.51590 1.69048
C 60.32280 67.18790 4.31087
C 64.60920 70.85450 4.96713
C 61.47830 70.24050 4.54077
C 67.00840 48.64440 1.98294
C 63.15580 47.58820 2.95960
C 72.38180 50.76280 2.83465
C 69.34510 51.57650 2.01302
C 73.37470 53.87640 3.86899
C 74.01100 67.71190 3.43103
C 51.36080 47.09890 1.91017
C 52.24910 50.95630 1.51070
C 51.15060 54.16510 2.46614
C 51.04630 57.51590 2.53969
C 60.22030 46.38460 1.58999
C 63.73930 50.70150 3.98310
C 60.70280 50.00930 3.10727
C 57.75880 49.39970 2.54351
C 70.97420 55.66300 6.43530
C 67.41060 54.18910 5.56191
C 64.20580 54.11220 4.83082
C 55.51250 51.95650 2.56509
C 71.66310 57.57740 6.19697
C 53.24610 54.17760 2.58745
C 57.24830 58.29150 3.26637
C 54.25950 57.22060 2.90665
C 61.42150 61.80230 4.15615
C 58.27030 61.19210 3.41762
C 72.38210 67.03960 4.52937
C 62.40330 64.82520 4.42677
C 70.54110 69.64300 4.12927
C 66.73210 68.53070 4.96354
C 63.50140 67.85240 4.68276
C 52.54450 63.32260 2.67973
C 57.02990 66.60370 3.86894
C 53.85370 66.33190 3.33751
C 50.78130 66.11140 2.91726
C 58.32040 69.67670 4.24315
C 55.13140 69.22550 3.87334
C 51.89470 68.85960 3.47266
C 70.82310 48.06940 2.82142
C 48.83660 48.96770 1.87758
C 48.68550 52.22750 2.18562
C 54.76160 48.96830 2.38780
C 61.45830 53.12890 3.72610
C 58.52950 52.56450 3.05464
C 68.48990 57.87910 5.91732
C 65.37220 57.07520 5.08875
C 62.35940 56.38270 4.22220
C 59.42620 55.68870 3.50059
C 56.49500 55.01750 3.03432
C 69.93800 60.81700 5.50133
C 66.54460 60.23700 5.17878
C 63.43620 59.48720 4.49890
C 60.40600 58.78470 3.82877
C 70.91870 63.76950 5.15798
C 67.72320 63.26760 5.07604
C 64.54220 62.54130 4.70188
C 69.06200 66.35660 4.82553
C 65.61840 65.51550 4.81322
C 70.61120 86.07690 1.27040
C 66.80300 84.77350 2.41873
C 65.55400 87.08830 5.60602
C 62.47470 88.47250 3.54784
C 61.73850 91.28370 3.06204
C 58.65550 91.34260 3.94581
C 57.75810 95.10660 2.79254
C 49.34880 75.56710 2.11485
C 51.35400 77.15520 4.31559
C 55.74230 80.07780 2.21325
C 62.07250 84.14600 1.22043
C 49.62770 89.96740 4.08742
C 60.41330 86.75730 3.90645
C 57.51460 88.00470 4.22774
C 52.39490 91.07150 4.70325
C 58.98390 90.34730 5.84410
C 54.91560 93.55990 4.14444
C 66.11060 74.37150 2.71999
C 49.57780 71.98200 1.12153
C 63.88210 76.16250 1.29594
C 54.32140 75.08270 1.51132
C 51.24080 74.95790 1.59131
C 64.86470 78.46410 0.95604
C 61.83810 78.72160 1.53681
C 58.59870 78.57650 1.84773
C 54.79950 78.21200 2.11891
C 67.29360 81.96500 0.97164
C 63.88000 81.38910 1.16305
C 63.56990 84.49020 2.60550
C 73.42200 71.31960 1.47406
C 70.58510 72.90930 1.57538
C 70.27710 76.37090 1.61884
C 68.67120 73.48490 1.28572
C 70.29760 79.69010 1.56065
C 70.43590 82.91940 1.43690
C 70.46120 89.08100 1.53772
C 67.52890 89.27190 2.86742
C 64.60030 90.51560 2.86616
C 69.68060 92.09770 1.55717
C 66.75390 92.84950 2.08788
C 63.82340 93.65160 2.49983
C 60.82960 94.40970 2.62858
C 71.83850 94.40400 0.87072
C 49.49100 79.65870 2.89728
C 52.53740 80.85570 3.65830
C 49.49770 82.87020 2.81415
C 59.62160 81.68120 3.04086
C 55.35830 83.08450 3.22256
C 52.28790 84.33090 3.42655
C 49.74330 86.27270 3.18604
C 57.97280 84.85870 3.83549
C 55.02130 86.14010 3.99534
C 52.40600 87.74690 3.93155
C 54.92610 89.46090 4.59114
C 62.69060 73.17770 1.39848
C 59.60960 72.88250 1.34087
C 56.55970 72.52900 1.15722
C 53.33690 72.23950 0.88163
C 60.77740 75.79460 1.47383
C 57.43960 75.61370 1.54031
C 73.20140 74.63790 1.20572
H 49.64510 94.24450 5.07669
H 68.99650 84.63890 2.69754
H 62.29010 86.99470 5.65695
H 70.45060 87.38750 3.41929
H 67.26480 86.99260 3.90812
H 64.43370 89.17730 5.04509
H 61.36500 90.00710 5.21021
H 60.55070 92.89170 4.57401
H 57.43030 93.43040 4.77561
H 50.87880 79.46940 4.99899
H 54.86370 81.25610 4.29591
H 62.07600 82.28180 2.92758
H 57.32750 83.11700 4.86331
H 59.86800 84.97730 5.59174
H 59.39670 87.87720 5.91239
H 56.77590 89.29730 6.17811
H 53.95610 90.67680 6.55312
H 50.26550 91.55870 5.94950
H 66.13120 72.04150 3.92824
H 63.03040 71.44610 3.09433
H 64.18600 74.35900 2.91662
H 51.64550 72.65230 2.23670
H 65.84020 76.96330 2.80746
H 55.98260 76.20070 3.16109
H 52.85150 75.30090 3.66130
H 66.66500 79.78450 2.28907
H 63.78230 79.55460 2.85901
H 60.60750 79.40320 3.10618
H 57.75760 80.11090 3.62953
H 65.27340 82.55910 2.50216
H 71.81080 71.51890 3.24086
H 69.09750 72.53050 3.63430
H 68.41170 75.32360 2.97466
H 68.78290 78.10480 2.84165
H 72.04820 84.45800 2.48293
H 68.97260 81.43190 2.71026
H 52.76850 93.48800 5.49846
H 69.63990 90.47830 3.41678
H 66.61800 91.31950 3.98060
H 63.59770 92.15190 4.39209
H 71.75780 92.77120 2.68138
H 68.76950 93.58530 3.28788
H 65.77720 94.39110 3.72705
H 62.68220 95.16060 4.03611
H 51.24390 82.77420 4.59632
H 54.19560 84.34730 5.11571
H 51.27460 85.91340 5.15664
H 56.86340 86.13120 5.68833
H 54.01000 87.53150 5.82933
H 51.30120 89.06540 5.64112
H 59.86430 70.94830 2.81394
H 61.04370 73.92430 3.04099
H 57.90540 73.57110 2.97180
H 54.79360 73.02230 2.76359
H 62.35030 76.82080 3.06290
H 59.18630 76.52290 3.17154
H 71.49610 74.68540 2.97984
H 71.70890 78.04020 2.74334
H 71.86820 81.27490 2.55381
C 71.82310 86.17330 4.34590
C 68.74080 86.11920 4.87042
C 66.20180 87.31010 7.26436
C 62.82300 89.06320 7.04602
C 62.13350 92.08070 6.35595
C 55.71150 93.19750 8.07319
C 58.11240 95.13500 6.06001
C 49.57690 76.01440 4.39104
C 51.76770 77.44580 6.33202
C 56.27490 79.57800 5.53972
C 61.27990 83.74540 4.89007
C 48.97550 89.46940 6.33724
C 60.65800 86.38340 7.52402
C 57.57620 87.49830 7.61747
C 51.73620 90.44780 7.64019
C 56.17140 91.75510 6.35539
C 53.65140 92.81220 7.84258
C 66.39730 73.70460 5.92171
C 49.48100 71.70940 2.98234
C 64.16250 76.15840 4.58795
C 54.68160 74.55220 4.76821
C 51.73550 73.23870 4.66255
C 65.51370 78.89140 4.47098
C 62.39450 78.68440 4.66077
C 59.12500 78.37580 4.84410
C 55.53670 77.65720 5.30222
C 66.99660 81.61070 4.16987
C 63.71180 81.52910 4.39817
C 64.25920 85.42410 5.67089
C 73.88020 71.57580 4.68240
C 71.18020 73.20360 4.95194
C 70.35090 76.50100 4.13996
C 68.28930 74.26620 5.30431
C 70.40290 79.80330 3.86401
C 70.58330 82.97060 3.77636
C 71.34200 89.32410 4.78907
C 67.88670 89.37200 4.73602
C 65.13960 91.06210 6.01873
C 70.40730 92.44470 4.70558
C 67.33420 93.29860 5.25192
C 64.24590 94.16400 5.60020
C 61.14140 94.93450 5.89957
C 72.55510 94.70220 3.98006
C 49.10020 79.74850 6.25482
C 52.72750 80.99670 5.56271
C 49.26720 82.85200 6.09539
C 59.12190 81.70590 5.13696
C 55.40250 82.56820 6.36218
C 52.18310 84.08350 6.54930
C 49.05750 86.14900 6.22210
C 57.91090 84.31310 6.98989
C 54.91070 85.64890 7.11871
C 51.95690 87.24600 7.14903
C 54.85720 88.89100 7.76597
C 62.80020 73.30960 4.63319
C 59.59420 72.68500 4.54746
C 56.45410 72.14700 4.35005
C 53.13420 71.83490 4.04187
C 60.94870 75.70510 4.71798
C 57.77820 75.27740 4.79176
C 73.54480 74.95600 4.31192
C 89.30790 2.17146 -2.37705
C 93.41640 4.89778 -3.26181
C 90.07370 4.86455 -0.40707
C 94.77330 7.81353 -3.72532
C 82.42710 0.24341 -1.80080
C 79.31620 0.88989 -1.38421
C 78.47030 4.26172 -0.40475
C 75.81200 5.43006 0.44076
C 74.61950 8.86061 1.21376
C 71.34850 9.74932 -2.08048
C 73.94400 14.47450 -1.21904
C 76.13830 16.37640 0.21253
C 76.96270 19.54190 0.17126
C 86.19850 2.09775 -1.09628
C 83.14450 3.09759 -0.03295
C 81.42540 5.36559 -1.36570
C 85.78690 5.44581 -1.38163
C 80.16630 8.23429 -1.28287
C 77.21510 9.36352 -1.05273
C 92.24600 7.72918 -1.86857
C 88.35850 7.53433 -1.58755
C 76.74270 12.50940 -1.02571
C 94.89050 9.49399 -2.33897
C 79.17480 14.38560 -1.27942
C 0.80796 11.45960 -4.24560
C 80.84640 16.93900 -0.14924
C 0.01137 14.73720 -2.74846
C 80.01130 20.07200 -1.52274
C 94.96060 18.29430 -2.09547
C 92.29670 18.48060 -1.18122
C 89.17470 19.62710 -1.32641
C 85.96670 21.17290 -0.44760
C 0.86181 19.97240 -2.29754
C 95.42450 22.88210 -2.20374
C 0.75340 -0.40873 -3.52618
C 94.29110 -0.56946 -3.37266
C 90.95080 -0.63718 -2.97602
C 87.57980 -0.63110 -2.33178
C 95.59560 2.25019 -3.58246
C 92.30650 2.07906 -3.01227
C 0.06339 5.12690 -3.95424
C 80.15720 95.20990 -1.34449
C 76.93750 95.86730 -0.58746
C 73.90270 -0.57218 0.17135
C 76.24790 1.74752 -0.62208
C 73.33680 2.71650 0.24933
C 73.77330 18.93040 -0.28538
C 74.70160 21.92130 -0.27086
C 82.93060 6.70597 -1.05232
C 85.51010 8.82147 -1.41428
C 82.66020 10.07070 -1.27694
C 79.73580 11.31350 -1.12495
C 90.17320 9.83387 -2.11082
C 87.85580 10.99080 -1.55921
C 85.08970 12.14370 -1.36622
C 82.30330 13.10420 -1.37312
C 92.17450 12.30280 -2.65618
C 90.38610 13.06110 -1.74424
C 87.45330 14.27110 -1.41197
C 84.39670 15.47920 -1.23620
C 92.95560 15.36370 -1.72234
C 89.93280 16.35370 -1.42292
C 86.83910 17.57410 -1.24362
C 83.72280 18.77140 -1.28384
H 89.57390 0.08775 -1.06721
H 91.24260 2.75143 -0.87287
H 88.35430 3.00735 -0.16252
H 95.35950 5.98084 -2.17193
H 92.29570 5.74969 -1.14121
H 85.30110 95.08440 -0.63838
H 84.22350 0.87844 -0.18557
H 81.25570 1.47744 0.18689
H 78.11720 2.25891 0.32714
H 77.79150 4.96149 2.04456
H 74.35880 6.50563 2.27971
H 75.71990 13.92700 0.42522
H 76.97110 17.89500 2.03438
H 78.02670 20.88510 2.08241
H 85.38710 4.03401 0.22416
H 82.38680 5.29281 0.94283
H 79.57230 6.51226 -0.12685
H 87.94500 6.08465 -0.10720
H 76.19680 10.74050 0.72902
H 90.38510 8.22596 -0.30137
H 78.66000 12.74150 0.51217
H 0.64363 9.62568 -2.27060
H 92.62230 10.20600 -1.45233
H 78.54440 15.91510 0.17907
H 79.41230 18.94900 0.11981
H 94.90180 15.80780 -1.44284
H 82.57650 19.72710 0.82642
H 80.37670 21.87320 0.41173
H 94.37070 18.29000 0.43140
H 91.40560 19.63290 0.08621
H 88.47960 20.84410 0.07037
H 0.31299 17.96830 -0.98937
H 95.57210 20.54680 -1.10448
H -0.84837 0.46959 -1.92954
H 92.81640 0.17071 -1.57676
H 0.49467 3.38760 -2.21332
H 94.17810 3.06426 -1.76973
H 73.94740 95.01980 1.98095
H 82.22380 95.73900 -0.11046
H 79.07060 -0.76346 0.46354
H 76.02480 0.02201 1.18793
H 73.06970 0.89693 1.99026
H 75.16060 3.20513 1.24764
H 73.99390 16.96940 1.20182
H 74.99760 20.18550 1.47894
H 76.82190 7.69451 0.81301
H 84.99900 7.17159 0.26928
H 82.04020 8.39897 0.36380
H 79.10180 9.61916 0.47419
H 87.46220 9.22041 0.00604
H 84.55610 10.39000 0.21059
H 81.63200 11.54050 0.34666
H 89.86010 11.32520 -0.20934
H 86.96700 12.46500 0.16052
H 84.02690 13.55820 0.27973
H 81.18180 14.52100 0.31620
H 92.39530 13.32950 -0.24671
H 89.38710 14.48530 0.09934
H 86.38290 15.65000 0.31282
H 83.35400 16.70900 0.17090
H 91.78440 16.47550 0.18473
H 88.83150 17.72150 0.29393
H 85.72490 18.79700 0.22670
C 89.68210 1.75393 0.88291
C 94.10430 4.97127 -0.13842
C 90.80840 5.25261 1.87116
C 95.16160 7.83506 -0.49095
C 83.16960 0.18245 1.47544
C 79.92880 1.21010 1.82065
C 77.66420 3.27429 3.82047
C 76.83330 6.58563 3.19934
C 74.47230 8.77096 3.37589
C 71.49090 9.30240 3.36697
C 74.11330 12.05520 0.82715
C 75.90260 15.69470 2.14220
C 76.31660 19.68450 3.57029
C 86.33220 1.85290 0.81785
C 83.59030 3.47752 1.88616
C 80.27490 5.27882 2.05622
C 86.29880 5.71125 1.78107
C 80.20380 7.96532 1.85938
C 77.57980 9.56825 2.38493
C 91.86320 6.91623 1.11436
C 88.83570 7.85173 1.50027
C 76.90270 12.60190 2.19510
C 0.16126 8.60005 0.08318
C 79.39340 14.46880 2.06904
C 2.29578 10.92440 -0.84485
C 78.93480 17.45350 2.25802
C -0.35459 13.72450 -1.16709
C 80.42490 20.02350 2.19004
C 95.03520 15.92570 1.13906
C 92.37610 18.10290 1.96697
C 89.58640 19.43140 1.94439
C 86.25650 20.91200 1.42100
C -0.21925 19.43370 0.92426
C 95.13890 22.02000 0.94785
C 0.86732 -0.28661 -0.32939
C 94.66670 -0.64093 -0.17722
C 91.45950 -0.87865 0.19304
C 87.30990 -0.70109 -0.42793
C -0.75955 2.34506 -0.36789
C 92.97760 1.97476 0.13443
C 0.47466 5.35321 -0.69858
C 80.77560 95.35850 1.82218
C 77.73510 -1.10515 2.52014
C 74.77310 -0.33632 3.28074
C 76.93830 2.00042 2.50111
C 73.89370 2.79546 3.39785
C 73.58380 18.66210 2.86070
C 74.40130 22.11420 2.88094
C 83.24910 7.05098 2.04324
C 85.78140 8.95215 1.75205
C 82.82160 10.12060 1.88539
C 79.88380 11.31940 2.00906
C 91.57210 9.96808 0.88202
C 88.25560 10.94150 1.55113
C 85.22360 12.12110 1.80439
C 82.37240 13.14710 2.00282
C 94.02770 11.84290 0.13305
C 90.68990 12.90310 1.48467
C 87.63900 14.15180 1.80299
C 84.54840 15.27870 1.92302
C 93.17900 15.03630 1.47278
C 89.99730 16.15650 1.81279
C 86.99450 17.44440 1.90099
C 83.93380 18.47240 2.02976
C 82.12700 47.50030 0.09586
C 91.27630 45.26480 -1.92442
C 0.98390 46.60530 -3.45941
C 84.67920 24.26360 -0.78855
C 81.37750 23.98490 1.35908
C 89.64860 26.24390 -1.47530
C 86.60110 26.98320 -1.19483
C 80.20940 27.33980 -0.09989
C 88.73830 29.28040 -1.13583
C 79.12650 30.89540 -0.59933
C 90.78780 31.66560 -1.17927
C 78.04990 33.93880 -0.66764
C 92.82910 34.03800 -1.23613
C 80.20390 36.44890 -0.81856
C 94.80880 36.41160 -1.36803
C 82.22310 38.87610 -0.97766
C 84.32590 41.19670 -1.13937
C -0.60133 41.67290 -1.74220
C 92.85340 42.38090 -1.59050
C 89.33430 43.25600 -1.12193
C 86.18510 44.02630 -0.48389
C 84.04320 44.53330 -0.31299
C 95.35430 44.67350 -1.96869
C 77.95320 22.61860 0.18058
C 79.06260 25.54620 -0.12473
C 76.84320 28.37830 -0.57318
C 75.24130 31.07330 -1.97976
C 74.04520 34.45340 -2.39325
C 77.02390 36.89060 -0.61455
C 78.85620 39.54510 -0.76889
C 80.98090 42.30590 -0.46610
C 79.43510 45.49290 -0.55403
C 82.68450 21.76930 -0.76028
C 88.64250 23.47740 0.16420
C 93.29390 25.57650 -1.34250
C 89.50890 24.06250 -1.68367
C 91.95500 28.73770 -1.31294
C 94.10840 31.14030 -1.25944
C -0.63929 33.61360 -1.12216
C 83.37800 27.23420 -0.67924
C 85.48290 29.82330 -0.94177
C 82.31660 30.22950 -0.68998
C 87.65120 32.24020 -1.05618
C 84.46540 32.76860 -0.93686
C 81.32790 33.26970 -0.78610
C 89.69550 34.62040 -1.15467
C 86.54090 35.19410 -1.04784
C 83.38890 35.78800 -0.96078
C 91.73860 37.04580 -1.26553
C 88.64460 37.62000 -1.14718
C 85.52640 38.19300 -1.03106
C 0.50196 38.84170 -1.32162
C 93.99020 39.47690 -1.36247
C 90.77250 40.08650 -1.25185
C 87.57290 40.67910 -1.10021
C 75.70810 24.88710 -0.54014
C 73.98200 37.12070 -0.51838
C 75.57310 39.71750 -0.58808
C 77.30540 42.45400 -0.78553
C 74.04720 42.51960 -0.58928
C 75.81360 45.34420 -0.62712
C 0.20467 25.40360 -1.52905
C 95.42390 28.31220 -1.41525
C 0.60137 30.79190 -1.13936
H 84.57140 46.93070 0.14101
H 93.51050 45.85500 -1.06986
H 86.46290 24.90290 0.39433
H 83.41660 25.48630 1.27757
H 88.44470 27.38270 0.43677
H 82.21370 28.52660 1.08217
H 78.87450 29.21300 0.71263
H 90.52430 29.82370 0.46496
H 79.93450 34.58160 0.76360
H 94.56120 34.67960 0.32087
H 82.04860 37.01700 0.68206
H -0.27486 37.08010 0.16983
H 84.11980 39.38910 0.57165
H 95.79590 40.09190 0.20401
H 83.25970 42.43220 0.45926
H 94.73270 43.02500 -0.19773
H 91.52840 43.71650 -0.01298
H 88.40860 44.29410 0.62729
H 85.44290 44.42080 1.89001
H 78.88350 24.12260 1.95386
H 76.93730 26.32290 0.61221
H 74.70270 28.69750 0.79234
H 75.57790 33.27160 -0.77555
H 77.00010 35.21070 1.18684
H 78.82910 37.66700 0.84114
H 80.95630 39.99800 0.50726
H 78.88120 43.27700 0.42898
H 84.36200 22.43240 0.98533
H 93.87770 23.18200 -0.86863
H 91.57350 26.88050 -0.11089
H 93.85610 29.20300 0.29274
H 95.78210 31.75390 0.39173
H 85.31050 27.97230 0.69739
H 87.34450 30.40880 0.54848
H 84.16020 31.00380 0.73399
H 81.02240 31.53460 0.97528
H 77.80790 32.25870 1.30983
H 92.60030 32.19730 0.37516
H 89.44050 32.83040 0.48876
H 86.26960 33.41330 0.58367
H 83.12390 34.00320 0.70065
H 91.48590 35.26420 0.38376
H 88.33710 35.82760 0.47377
H 85.18160 36.39270 0.59588
H 93.51790 37.69850 0.24059
H 90.44100 38.28940 0.37741
H 87.31400 38.80960 0.53104
H 92.61240 40.72160 0.24177
H 89.47540 41.29540 0.43814
H 86.31320 41.74490 0.30515
H 75.94210 23.27340 1.37009
H 73.79230 25.62010 0.90153
H 73.96540 35.18050 1.06773
H 75.61570 37.93570 1.08882
H 77.32320 40.55750 0.93561
H 74.04600 40.69280 1.05317
H 75.73820 43.38290 0.96741
H 0.11495 23.26900 -0.21141
H 95.44450 26.12500 -0.21171
H 0.26773 28.85280 0.32706
C 84.08140 46.18090 2.67827
C 92.36570 45.71560 1.18014
C -0.40640 48.78110 -0.10621
C 85.21680 24.11970 2.62719
C 80.81540 23.92200 3.42432
C 90.04000 25.91450 1.63737
C 86.84470 26.77700 2.23659
C 80.46390 27.57170 1.93399
C 88.79420 29.18170 2.10871
C 79.38920 30.67580 2.66783
C 90.89650 31.64880 2.06503
C 78.48340 33.89230 2.73691
C 92.88210 34.02910 1.95188
C 80.35320 36.44570 2.33538
C 94.89260 36.51010 1.85175
C 82.38310 38.91240 2.24145
C 84.70070 41.24720 2.08436
C -0.66870 42.04320 1.60374
C 93.13370 42.70120 1.60048
C 90.14880 43.14450 1.94439
C 87.22190 43.95330 2.87588
C 83.85790 42.83450 2.85378
C -0.34439 44.77170 -0.25276
C 77.28530 22.91390 3.43576
C 77.69730 26.01620 2.95553
C 76.65110 28.72090 1.27970
C 74.56780 30.99270 -0.00999
C 75.49840 33.35390 1.78370
C 77.28200 37.12970 2.69154
C 79.20360 39.64380 2.28054
C 80.99150 42.32510 1.38754
C 79.65500 45.49920 1.34741
C 83.15480 21.68530 2.53010
C 92.31440 21.87620 -0.67603
C 93.26310 25.18270 0.52424
C 90.84790 26.97370 3.27075
C 91.97000 28.36930 1.83538
C 94.02210 30.78860 1.86227
C 95.87130 33.53150 2.01909
C 83.77090 27.23730 2.61030
C 85.67620 29.83210 2.26463
C 82.59050 30.41570 2.56372
C 87.73930 32.23180 2.13688
C 84.58680 32.84640 2.27301
C 81.42080 33.47220 2.39430
C 89.80970 34.67410 2.04643
C 86.65470 35.24380 2.15385
C 83.49840 35.85690 2.28205
C 91.87930 37.08180 1.93426
C 88.81180 37.63720 2.06830
C 85.58970 38.22420 2.15918
C 1.11138 38.98950 0.68739
C 94.04800 39.50010 1.81596
C 90.97630 40.08330 1.96202
C 87.73620 40.68930 2.05086
C 75.66450 25.39530 2.53081
C 74.02650 37.02590 2.70008
C 75.70710 39.81770 2.65678
C 77.56260 42.55080 2.42437
C 74.15150 42.56460 2.64080
C 75.94470 45.26070 2.58333
C -0.05476 24.95810 1.57269
C 95.33280 27.76050 1.67481
C 0.30995 30.57920 2.05775
C 88.18600 46.43830 -0.63390
C 85.41280 48.27040 -1.47403
C 82.24870 49.51090 0.09130
C 79.56770 51.04320 0.83124
C 76.84730 52.84420 -0.14299
C 93.69350 47.49930 -2.24679
C 76.50370 56.23520 0.47242
C 74.06950 57.31280 3.79733
C 76.30930 59.44390 0.84071
C -0.39722 51.96650 -2.28003
C 93.55160 53.64350 -2.10995
C 90.56500 55.18390 -1.96535
C 87.38880 56.46570 -2.01243
C 76.42790 62.89910 0.93289
C 87.01830 60.15710 -2.01226
C 85.14480 61.33700 -1.16991
C 78.98830 64.37120 0.30052
C 84.24570 64.34330 -1.43302
C 81.90620 66.33130 0.23803
C 85.42510 67.76840 -1.22802
C 77.71420 48.47590 -0.00293
C 75.49060 51.27620 -0.15724
C 81.36930 69.85720 -0.25235
C 79.19470 67.85350 1.19875
C 76.35300 66.23500 1.96224
C 74.11010 63.92110 3.34400
C -0.26563 55.69360 -1.68534
C 93.36010 56.82480 -2.25389
C 92.53010 59.89830 -2.44147
C 91.08920 62.80520 -2.54343
C 90.39520 65.90780 -3.33629
C 87.37970 64.87440 -1.77372
C 88.79780 68.88470 -3.35225
C 90.30370 71.73900 -1.96566
C 90.90460 48.53000 -1.72345
C 88.03970 50.17680 -1.61642
C 85.17720 51.65470 -1.26554
C 82.16160 52.75190 -0.44592
C 79.39260 54.65860 -0.25664
C 93.63460 50.48560 -1.96678
C 90.80840 51.91350 -1.86180
C 87.95830 53.34820 -1.65967
C 84.89480 54.76480 -1.34516
C 82.00880 56.24800 -0.83554
C 79.20170 57.83910 -0.12986
C 84.46730 57.92910 -1.62073
C 81.79140 59.58550 -0.81855
C 79.07910 61.08120 0.06745
C 81.67040 62.73040 -0.63516
C 74.26590 48.13630 -0.41370
C 76.17370 69.69300 1.28182
C 95.60270 59.27800 -2.38882
C 0.83023 61.62960 -2.57076
C 94.51570 62.17180 -2.62612
C -0.30690 64.61800 -2.93043
C 93.46000 65.11360 -3.00141
C 95.30000 67.65200 -3.24897
C 92.09070 68.36560 -3.20594
C 0.52375 70.14620 -3.61075
C 94.03700 70.77350 -3.42861
H 83.05980 48.52060 2.37752
H 90.57360 46.76530 -0.08387
H 87.36170 48.62060 0.15812
H 81.95380 51.46870 1.63129
H 78.83460 52.95120 1.43208
H 76.05390 54.49210 1.69429
H 1.00861 46.83560 -0.88313
H 76.12390 57.59500 2.70625
H 95.59390 50.53870 -0.40779
H 92.72550 52.06840 -0.32628
H 75.97380 60.85910 2.56247
H 92.59310 55.28570 -0.46058
H 89.59810 56.56530 -0.71745
H 86.76930 58.06400 -0.62873
H 76.07410 64.02800 3.11928
H 88.09270 60.84120 0.22326
H 81.25020 64.18680 1.31751
H 78.71730 65.71080 2.32297
H 86.30280 63.32500 -0.42845
H 84.34550 65.92690 0.13256
H 77.31620 46.14970 0.69402
H 75.67300 49.28380 1.53914
H 84.66230 70.18810 -0.78511
H 82.84700 68.48840 1.20871
H 80.07110 69.99650 1.96412
H 77.30120 68.38540 2.64701
H 74.65940 70.11580 3.40693
H 95.36930 53.70480 -0.82286
H 95.14210 57.53210 -0.68183
H 92.14740 58.26530 -0.56819
H 91.14290 61.03390 -0.75002
H 89.49110 63.67770 -0.87463
H 89.04000 66.64480 -2.00092
H 90.70010 69.34360 -1.71862
H 87.44980 69.34360 -1.58248
H 84.59160 50.10590 0.08787
H 92.86810 48.87140 -0.28088
H 90.05630 50.28850 -0.15277
H 87.26630 51.77620 0.08568
H 84.36960 53.23000 0.50543
H 81.53780 54.65160 0.99831
H 78.77220 56.15130 1.62397
H 89.92910 53.51170 -0.21002
H 86.98630 54.93020 -0.06867
H 84.16240 56.39090 0.31583
H 81.42460 57.85790 0.92126
H 78.67130 59.33990 1.77764
H 84.05070 59.59330 0.11743
H 81.30830 61.02850 1.09816
H 78.67160 62.57730 1.98587
H 83.85420 62.74750 0.42981
H 74.17140 46.18780 1.12001
H 0.51952 59.95590 -0.80258
H 94.23660 60.55810 -0.81665
H -0.57564 62.99620 -1.11855
H 93.05690 63.50990 -1.15848
H 95.14630 65.98690 -1.45379
H 92.09050 66.50290 -1.53083
H 0.29333 68.47200 -1.80417
H 93.97280 68.98570 -1.68432
H -0.88148 71.55880 -2.15313
C 88.48640 46.67400 1.24483
C 85.59010 48.61030 1.83988
C 82.99690 50.20470 3.62889
C 79.93520 50.98680 2.71964
C 77.10380 52.65580 3.23695
C 93.94530 47.12540 1.01570
C 77.26350 55.92380 3.65392
C 74.68200 58.26300 5.35029
C 77.52630 59.28820 4.01262
C -0.35310 52.31850 1.01796
C 93.75930 53.78500 1.10389
C 90.74090 55.37830 1.16607
C 87.95420 56.77040 1.19171
C 77.33800 62.61960 4.12505
C 89.75370 59.01250 -0.42545
C 85.72290 61.27800 0.83928
C 80.02600 64.03070 3.48559
C 85.35910 64.30830 1.61450
C 82.60350 66.12470 1.97565
C 85.28660 68.20940 0.73850
C 77.96900 48.36950 1.87737
C 75.64820 51.19580 3.28301
C 82.37650 69.80340 2.94772
C 79.68600 67.85550 3.01515
C 76.82090 66.27790 3.81011
C 73.73660 61.54220 3.57987
C -0.31486 55.68790 0.20800
C 93.50490 56.97900 1.11379
C 92.66300 60.13340 1.00743
C 91.42920 63.05310 0.66660
C 90.32610 65.83120 0.06286
C 88.52030 62.43270 -0.00226
C 88.93390 68.49100 -0.10459
C 90.86620 71.28520 -0.18786
C 91.10430 48.67190 1.42114
C 88.37630 50.27440 1.68293
C 85.57070 51.56480 1.82748
C 82.91270 53.20810 2.55299
C 80.02780 54.47460 2.96456
C 93.75510 50.51940 1.30330
C 90.99050 52.00440 1.39960
C 88.19690 53.50590 1.52720
C 85.45200 54.94780 1.84943
C 82.76420 56.33400 2.31812
C 80.07730 57.69370 2.99327
C 85.44180 58.09240 1.50214
C 82.78250 59.42990 2.22616
C 80.01300 60.87990 3.16595
C 82.66200 62.52210 2.50969
C 74.22730 48.04500 2.86255
C 76.98280 70.02610 4.43549
C 95.60330 59.40450 0.85477
C 0.77321 61.91480 0.61013
C 94.54450 62.53110 0.56923
C -0.27498 64.97460 0.26880
C 93.45840 65.50460 0.25100
C 95.47400 67.97340 -0.04264
C 92.24490 68.44720 -0.02513
C 0.61324 70.53570 -0.49215
C 94.27740 71.03430 -0.28053
C -0.57474 94.01210 -3.47929
C 92.90870 93.96490 -3.39216
C 89.72350 93.77980 -3.15597
C 0.64347 77.73880 -5.56770
C 93.84050 77.91970 -6.07550
C 89.32030 79.11820 -4.07574
C 87.01570 82.14850 -3.63883
C 86.51160 85.43350 -4.51005
C -0.13841 88.85280 -3.67325
C 93.40610 88.75830 -3.78453
C 86.71310 88.51480 -3.46282
C 91.41450 91.25060 -3.44358
C 73.43670 87.89290 1.17601
C 83.19720 88.59260 -3.25848
C 78.65500 90.01970 -0.70455
C 84.25790 91.68300 -2.34784
C 86.26620 93.91880 -2.72615
C 83.18960 94.49100 -2.02550
C 89.58100 75.74510 -1.89014
C 86.42860 71.81060 -1.61235
C 82.61190 70.10560 -2.05332
C 85.67480 75.25250 -2.88575
C 85.97790 78.74720 -3.31282
C 84.14990 80.87160 -1.65457
C 83.48640 83.42670 -3.39517
C 81.22160 85.32890 -2.33715
C 80.45440 87.86210 -0.78316
C 76.27140 86.19190 -0.20879
C 73.28590 84.23670 0.36779
C -0.44901 73.34240 -3.83259
C 93.00550 72.52500 -3.98500
C 93.59620 75.80900 -6.24670
C 95.34110 80.65200 -5.09602
C 92.18370 80.19200 -4.93819
C 0.06120 83.42230 -4.54323
C 93.72990 83.11720 -4.51657
C 90.42920 82.86700 -4.47931
C 95.22080 86.00620 -4.14257
C 91.95480 85.83540 -4.19555
C 88.64540 85.49330 -4.11312
C 90.04580 88.51040 -3.64769
C 88.03110 91.19480 -3.09079
C 75.65860 90.38410 0.10149
C 72.61640 91.38290 0.82772
C 81.00700 92.04640 -1.40363
C 77.85550 92.84950 -0.55947
C 74.81990 93.61920 0.15736
C 83.90370 73.77310 -1.12571
C 81.18070 72.92260 -0.38029
C 78.68940 71.33250 0.49000
C 83.75400 77.42310 -1.86516
C 81.19900 75.87520 -0.74783
C 78.58460 74.47030 0.15962
C 75.98360 72.96730 0.92635
C 81.12030 78.95280 -1.28804
C 78.54100 77.58390 -0.25626
C 75.93800 76.13730 0.54960
C 81.09760 82.11720 -1.85649
C 78.60040 80.75270 -0.71010
C 75.95840 79.31360 0.18827
C 73.22430 77.87440 0.84795
C 78.68830 84.07470 -1.16193
C 76.02880 82.56460 -0.21308
C 73.29350 81.04170 0.59553
H -0.45631 92.16230 -1.59652
H 93.19610 92.00960 -1.65035
H 91.39170 94.65940 -1.56292
H 88.24380 94.48630 -1.36613
H -0.05273 75.90190 -3.86601
H 95.52130 78.72630 -4.42174
H 92.44930 78.19400 -3.86984
H 90.05850 78.27310 -1.78276
H 87.79560 80.14600 -2.48783
H 85.47420 83.93850 -2.91880
H 87.23160 86.37400 -2.33099
H 94.96470 89.43770 -1.75599
H 91.73100 89.25750 -2.01066
H 88.50770 89.08290 -1.81057
H 85.27540 88.67530 -1.72499
H 89.91990 91.85680 -1.57826
H 78.85390 88.15380 1.06934
H 75.71780 88.77880 1.62915
H 72.58180 89.70850 2.66166
H 82.47150 90.07380 -1.83573
H 80.70570 90.57870 0.55184
H 86.59520 91.75390 -1.49710
H 87.54450 74.11260 -1.56540
H 85.54920 72.92100 0.53137
H 87.41860 76.96730 -2.30967
H 85.45720 78.87420 -0.88151
H 82.45740 80.73060 -0.41735
H 82.63310 83.82300 -1.05074
H 82.68690 86.95450 -1.41931
H 80.24620 85.58640 -0.07128
H 77.35400 84.30340 0.91352
H 74.66450 85.84460 1.61958
H 92.74160 71.84900 -1.62544
H 1.35299 73.81150 -2.00829
H 94.24670 74.39250 -2.81252
H 90.42860 73.78450 -0.47690
H 94.61270 94.82300 -1.81663
H 0.17047 81.31370 -3.31032
H 93.75660 81.04000 -3.16060
H 90.67350 80.88270 -3.09127
H 95.23940 83.95050 -2.78261
H 92.04750 83.77310 -2.84159
H 88.83860 83.54530 -2.75819
H -0.09070 86.77490 -2.34245
H 93.52350 86.64600 -2.46653
H 90.31280 86.38500 -2.44073
H 77.75220 91.17780 1.24002
H 74.76610 91.90110 1.91444
H 83.12100 92.69180 -0.36388
H 80.04670 93.47760 0.38224
H 76.94490 94.23040 1.25004
H 82.57600 71.55570 1.11590
H 85.03460 75.82710 -0.58769
H 82.56670 74.56670 0.76597
H 79.89720 73.09950 1.66048
H 77.28110 71.58050 2.50837
H 82.53580 77.64470 0.24541
H 79.85440 76.22020 1.24917
H 77.16790 74.74550 2.12996
H 74.40880 73.19990 2.80121
H 79.88260 79.32900 0.79863
H 77.17230 77.88670 1.74594
H 74.41300 76.40610 2.49782
H 79.94420 82.54140 0.29183
H 77.26500 81.07430 1.31234
H 74.49290 79.56690 2.15615
H 74.62350 82.73030 1.78377
C -0.51628 93.83890 -0.21480
C 93.18630 93.60580 -0.13284
C 89.97860 93.60450 0.14774
C 1.41262 76.11450 -3.00419
C 94.55440 76.92890 -2.98129
C 89.60230 80.64500 -0.91872
C 86.97170 82.32160 -1.77139
C 84.90490 86.16890 -1.85921
C -0.02187 88.20570 -0.30496
C 93.54270 88.28770 -0.52203
C 87.06690 87.76870 -0.29857
C 91.53180 90.77300 -0.05241
C 73.94530 87.72330 3.04417
C 82.10690 88.68220 0.18926
C 79.38230 89.76660 2.53139
C 84.53050 90.70090 -0.56111
C 86.92380 93.34300 0.38296
C 84.07920 94.52480 1.09553
C 89.35130 74.22050 1.73216
C 88.09800 72.94520 0.64481
C 85.01210 71.16770 1.63880
C 87.32080 76.08960 0.07397
C 87.86110 78.65800 -0.52206
C 84.89510 80.88330 0.15229
C 84.92030 84.26430 -0.48849
C 82.58160 85.59300 0.61828
C 80.14480 86.34090 2.26735
C 76.96460 86.67090 1.56818
C 74.26070 84.41940 3.55400
C 95.85830 73.71570 -0.90001
C 92.54030 74.28230 -1.05841
C 92.48140 75.65460 -4.33523
C 95.51070 79.74200 -2.12213
C 92.27260 79.61370 -1.76976
C 0.04229 82.79630 -1.35944
C 93.70160 82.64940 -1.34935
C 90.49000 82.56990 -1.33275
C 95.12950 85.55180 -0.92816
C 92.02360 85.38530 -0.97552
C 88.78220 85.15810 -0.91838
C 90.26780 87.94750 -0.52589
C 88.36220 90.70860 -0.01558
C 76.32810 90.31560 3.11086
C 73.46760 91.58640 3.99626
C 81.86130 92.41420 1.71944
C 78.72730 93.05160 2.45330
C 75.62970 93.77050 3.27739
C 84.89330 74.66080 1.59519
C 82.05330 73.29170 2.77409
C 79.49400 71.67570 3.60465
C 84.81430 77.59380 1.08837
C 82.05880 76.39790 2.28710
C 79.33960 74.87210 3.21894
C 76.54110 73.35180 4.04712
C 82.14750 79.56020 1.70503
C 79.36930 78.03660 2.80127
C 76.56040 76.52880 3.70021
C 82.26050 82.66540 1.05044
C 79.49390 81.22070 2.30432
C 76.67080 79.72080 3.28316
C 73.74070 78.22350 4.09266
C 79.56180 84.39030 1.95434
C 76.82560 82.92440 2.88036
C 73.98520 81.37550 3.74288
