2979
Frame 17
C 10.63720 95.92340 -0.45495
C 11.84010 1.42644 0.22058
C 9.79476 4.16658 -0.64583
C 8.68961 7.28575 -0.02451
C 6.35902 9.38908 -0.83572
C 2.30495 9.19929 -1.03595
C -0.54503 8.63154 -0.11585
C 21.85760 1.17452 0.29372
C 20.15390 4.99802 1.02563
C 22.75290 6.46433 -0.49686
C 22.63370 12.28440 -0.92353
C 17.16570 1.56259 -0.99577
C 14.27740 -0.37060 0.35780
C 17.30180 4.90623 -0.90757
C 20.51270 9.40104 -0.72779
C 17.44850 8.26208 -0.83898
C 11.72070 5.05855 -0.67777
C 20.76720 13.22200 -0.76918
C 12.10880 8.72559 -0.70742
C 20.73490 16.53090 -1.06130
C 9.48284 10.65310 -0.71297
C 20.99560 19.91710 -1.13085
C 9.71942 13.95260 -0.51052
C 6.66451 12.49620 -0.46394
C 21.22780 23.26110 -1.18649
C 12.73410 18.64310 -0.42104
C 9.62865 17.09110 0.28679
C 12.84670 22.26690 0.18751
C 18.52540 -0.13635 -1.02162
C 3.28600 11.61450 0.88129
C 4.89590 14.90770 -0.11094
C 1.67844 14.56750 -0.29427
C 6.35991 17.41380 -0.27690
C 0.23431 17.60540 -0.80585
C 7.82012 19.98570 -0.67076
C 9.69508 22.69420 -0.36021
C 7.33035 96.12450 -1.17127
C 8.62412 1.33869 -0.81927
C 5.41259 1.11866 -1.19479
C 2.24230 0.80013 -1.51186
C 6.62674 4.04485 -0.92695
C 3.45517 3.63910 -1.13620
C 0.31139 3.31274 -1.35616
C 4.71295 6.60345 -0.83527
C 1.49522 6.10138 -1.16246
C 14.48840 3.51769 -0.77261
C 14.62120 6.82118 -0.75997
C 17.98030 11.46670 -0.68003
C 15.01470 10.16800 -0.67996
C 18.00380 14.98970 -0.51143
C 15.34820 13.29270 -0.61127
C 12.43380 12.04150 -0.62929
C 18.24660 18.36030 -0.92206
C 15.41740 16.85060 -0.75486
C 12.70060 15.21520 -0.49227
C 18.29950 21.89620 -1.03487
C 15.44510 20.25690 -0.66842
C 3.36731 17.44720 -0.46763
C 4.84062 20.26800 -0.53927
C 1.85376 20.34610 -0.74393
C 6.62939 23.02190 -0.68097
C 3.39031 23.04130 -0.80638
C 0.45970 23.06270 -1.14026
H 11.93030 -0.69079 1.52461
H 9.76309 2.47293 1.04375
H 8.03418 5.07781 0.90230
H 6.33316 7.86785 0.80661
H -0.17815 6.76509 0.46172
H 1.37304 9.92280 0.94157
H 20.65360 2.62859 2.01320
H 22.52510 4.95778 1.46553
H 20.92980 7.45955 0.99752
H 22.52150 10.30360 0.62222
H 23.04870 16.07570 0.22510
H 18.13630 3.46127 0.61496
H 15.40920 1.71370 0.89013
H 18.14060 6.57348 0.94474
H 12.71600 3.60268 0.93356
H 12.74960 6.86270 0.90256
H 18.95970 13.09030 1.14257
H 10.26640 8.94052 0.98511
H 21.77950 18.50330 0.22840
H 19.15050 16.81170 0.88045
H 7.57640 10.94460 0.84185
H 21.95190 21.56390 0.53711
H 8.11243 14.10060 0.99095
H 11.10340 18.64220 1.67337
H 7.91716 18.52720 1.30327
H 20.04390 -0.33128 0.88005
H -0.49500 13.25180 -0.75379
H 5.15419 13.05120 1.49841
H 1.47266 13.14560 1.70575
H 6.24220 15.95640 1.78370
H 4.77845 18.57360 1.14342
H 9.60900 21.11590 0.86236
H 6.48191 21.24050 0.95252
H 8.72709 -0.54002 0.70046
H 5.42042 -0.82604 0.26993
H 2.27738 -1.21118 -0.06704
H -0.89328 95.83900 -0.39822
H 6.74413 2.08598 0.62909
H 3.59530 1.70190 0.31028
H 0.43261 1.34393 0.08098
H 4.85751 4.59470 0.67686
H 1.72807 4.23650 0.40360
H 3.03598 7.18964 0.47133
H 15.46910 5.11597 0.84797
H 18.61630 9.64360 0.88533
H 15.68330 8.36337 0.90135
H 16.13550 11.61740 0.96895
H 13.17040 10.28860 0.96575
H 16.29800 15.13000 0.82838
H 13.52180 13.52790 1.03423
H 10.56150 12.10770 1.00819
H 19.12900 20.15010 0.53192
H 16.45640 18.49490 0.75726
H 13.70300 16.90980 1.02789
H 10.97050 15.25230 1.26841
H 16.58380 21.99050 0.74609
H 13.80940 20.20960 1.21075
H 3.12480 15.77420 1.28659
H -0.07021 15.86150 0.79975
H 1.69806 18.60450 0.88339
H 3.27697 21.36120 0.94339
H 0.11221 21.36970 0.56772
C 10.10810 -1.07720 2.79008
C 11.77700 1.72837 2.23296
C 9.63304 4.29443 2.70236
C 8.60073 7.29615 1.85571
C 6.00383 9.49717 2.36029
C 2.64850 8.83230 2.42844
C -0.67722 8.79013 1.76509
C 21.68640 0.92944 2.17894
C 21.91690 3.99823 3.74689
C 22.62140 6.95125 2.90578
C 22.63940 12.26080 2.31049
C 17.29660 1.58354 2.34203
C 14.28140 -0.31077 2.19257
C 17.20740 4.89177 2.61632
C 20.64580 9.72005 2.32278
C 17.46850 8.30424 2.66466
C 11.58600 5.15045 2.47194
C 21.01560 13.54450 2.58549
C 11.85400 8.70695 2.51277
C 21.03470 16.61540 1.97524
C 9.32697 10.64070 2.59644
C 21.01040 20.00060 2.17508
C 9.86236 13.66200 2.79224
C 6.81139 12.57710 2.69291
C 21.37690 23.29920 2.06886
C 12.76540 18.48470 2.77084
C 9.37740 16.82590 2.18673
C 12.95910 22.35630 2.12554
C 18.04060 -0.54587 2.05733
C 3.29864 12.02390 2.84163
C 4.43200 14.81210 3.12871
C 1.25293 14.87490 2.67194
C 6.19912 17.70200 2.94023
C -0.11558 17.74650 2.28767
C 7.98228 20.51060 2.72628
C 9.59880 22.95500 2.72635
C 6.97749 95.75030 1.95920
C 8.20506 1.19100 2.38830
C 5.13356 0.88714 2.02432
C 2.04730 0.44828 1.70826
C 6.47975 3.82941 2.37751
C 3.25793 3.36067 2.08214
C 0.13896 3.02550 1.81016
C 4.66680 6.46387 2.23225
C 1.42838 6.03446 2.02504
C 14.50990 3.53187 2.53842
C 14.49390 6.78246 2.45907
C 18.14070 11.52900 2.58292
C 15.03640 10.06860 2.60121
C 18.17600 15.12820 2.51964
C 15.50060 13.46330 2.48468
C 12.43400 12.01180 2.61552
C 18.34740 18.65260 2.35542
C 15.65900 16.89520 2.47590
C 12.92660 15.26260 2.71221
C 18.53030 21.85370 2.22403
C 15.66060 20.29020 2.40721
C 3.10382 17.79120 2.68705
C 4.81260 20.54340 2.57546
C 1.49832 20.56650 2.36830
C 6.38650 23.10280 2.53897
C 3.21775 23.32670 2.34763
C -0.03851 23.32800 1.99462
C 21.38810 26.56320 -1.64602
C 18.94620 28.38370 -1.37223
C 13.30590 25.61880 -0.63544
C 16.46810 30.41090 -1.20880
C 21.87340 29.45470 -1.61736
C 22.70210 32.58340 -2.00330
C 22.89410 35.94080 -2.68016
C 23.44070 45.80830 -2.78008
C 20.69610 44.21470 -2.07485
C 19.75670 32.14640 -0.80576
C 16.76050 32.51770 -1.17232
C 13.85380 32.01020 -1.09142
C 17.98810 35.37210 -1.29171
C 11.60050 34.24330 -0.95124
C 19.06950 38.54100 -1.11535
C 9.57328 36.72050 -1.43185
C 20.17890 41.41080 -1.48427
C 16.87070 41.09020 -1.44031
C 7.22556 38.93660 -1.19086
C 3.37098 39.04810 -0.74690
C 14.66650 43.45840 -1.62007
C 1.29984 42.46970 -1.10197
C 12.47220 45.79350 -1.69422
C 3.45956 44.44380 -1.79409
C 0.89531 46.88000 -1.48450
C 11.37190 25.33480 -0.51321
C 10.29590 28.36210 -0.66596
C 11.61050 31.19070 -1.10802
C 8.43072 30.93160 -1.18744
C 7.69972 34.25240 -0.59074
C 4.15894 34.17030 -1.39575
C 2.22789 37.00540 -1.30919
C -0.79577 36.55350 -1.47271
C 18.60840 25.02180 -1.17954
C 15.81630 23.73740 -0.84955
C 16.04700 27.03100 -1.07218
C 14.75450 35.14660 -1.16277
C 15.83680 38.13430 -1.34393
C 12.58540 37.41430 -1.24128
C 13.64630 40.43660 -1.38781
C 10.47840 39.84030 -1.37715
C 11.57840 42.80480 -1.55054
C 8.33139 42.18240 -1.49039
C 5.17136 41.76810 -1.52800
C 9.34798 45.42140 -1.61620
C 6.30162 44.88940 -1.57825
C 4.08410 47.48890 -1.47005
C 8.35296 25.62630 -0.61340
C 5.12316 25.77930 -0.81428
C 2.00307 25.87610 -1.05551
C 6.82919 28.35050 -0.92841
C 3.53674 28.57840 -1.05369
C 0.39991 28.65560 -1.23913
C 5.28935 31.12960 -1.27603
C 2.05700 31.31620 -1.24806
C 0.58887 34.12170 -1.30983
H -0.56278 42.74470 0.76811
H 22.31820 24.64650 -0.11065
H 19.75490 26.67310 0.22287
H 14.25580 24.06740 0.98182
H 17.24460 28.65730 0.41977
H 14.35460 27.36210 0.97955
H 14.66800 30.34930 0.65575
H 22.77720 27.81380 0.03931
H 23.26050 30.92420 -0.10639
H 20.31410 29.85790 0.13533
H 22.51480 40.45300 -1.32822
H 23.07830 43.39200 -2.33671
H 21.20870 43.05660 0.11694
H 19.01690 45.29160 -0.46949
H 18.37590 33.91010 0.20703
H 15.21730 33.38240 0.47434
H 12.31690 32.61840 0.72813
H 19.46200 36.97910 0.27679
H 9.77730 35.08970 0.45600
H 20.12530 40.09560 0.70995
H 7.62168 37.48700 0.11349
H 18.17920 42.40440 -0.17842
H 5.49650 40.09070 0.34116
H 1.43943 40.34370 0.22773
H 16.12460 44.76590 0.10050
H 3.47377 42.67780 -0.04705
H 13.94550 47.24660 0.02767
H 1.49101 44.90290 -0.19106
H 11.26080 23.70450 1.20041
H 8.10302 23.92190 1.07479
H 9.89480 26.55590 1.08396
H 11.74160 29.37540 0.72065
H 9.86365 31.96120 0.49104
H 6.89646 32.12920 0.27503
H 5.41488 35.03630 0.21324
H 2.23199 34.98020 0.10674
H -1.12438 34.90590 0.24941
H 0.47020 37.55400 0.35222
H 19.40320 23.43140 0.53523
H 16.94050 25.42390 0.59302
H 21.97550 45.82690 -0.86835
H 16.29450 36.37790 0.32995
H 12.97520 35.69410 0.49671
H 17.16950 39.35030 0.32889
H 14.02320 38.68690 0.30420
H 10.79670 38.05280 0.32752
H 15.02940 41.75430 0.16723
H 11.86480 41.10320 0.21287
H 8.69246 40.45770 0.23558
H 12.94990 44.13430 0.05996
H 9.78615 43.59870 -0.01610
H 6.60593 43.06260 0.00933
H 10.82730 46.59350 -0.02523
H 7.68583 46.06070 0.06120
H 4.59089 45.62880 0.01529
H 4.96715 23.98540 0.79170
H 1.75633 24.13130 0.60521
H 6.68632 26.65610 0.86412
H 3.46762 26.81670 0.63998
H 0.27248 26.85480 0.36637
H 8.41382 29.33520 0.68990
H 5.22151 29.42710 0.47733
H 1.92226 29.56100 0.44481
H 3.70886 32.26150 0.20563
H 0.46622 32.28970 0.34068
C 21.70380 26.40060 1.76812
C 19.15880 28.45640 1.89797
C 13.44590 25.61960 2.67884
C 16.85200 30.57850 2.05095
C 22.24790 29.57120 1.71587
C 22.39080 32.78350 1.27434
C 21.74420 35.88210 0.18632
C 23.43460 44.16870 0.03964
C 20.94500 45.30220 1.24051
C 20.07920 32.13920 1.08343
C 17.03690 32.63880 1.95770
C 14.07390 32.21950 2.31749
C 18.05920 35.67540 1.97819
C 11.52900 34.49550 2.08497
C 18.94600 38.92750 2.08301
C 9.38149 36.94310 2.04756
C 19.74700 42.18570 1.97268
C 16.84690 41.32040 1.77849
C 7.23455 39.33690 1.95924
C 3.50169 38.93300 1.09508
C 14.83910 43.75740 1.70292
C 1.80597 41.82530 1.63619
C 12.42060 45.91920 1.71709
C 3.28192 44.40490 1.65186
C 1.09710 46.57760 1.78836
C 11.46960 25.54330 2.69178
C 9.88733 28.56110 2.52938
C 11.22630 31.28170 2.45082
C 8.19603 31.26680 2.15501
C 7.59737 34.21460 1.28380
C 3.97446 34.25170 1.75797
C 1.62499 36.32200 2.13126
C -1.31361 36.69550 1.81084
C 18.87630 25.24160 2.07748
C 16.23010 23.85100 2.35895
C 16.17330 27.21930 2.22130
C 14.89220 35.24000 2.01574
C 15.80600 38.18500 1.96277
C 12.58860 37.58690 2.01947
C 13.63640 40.62330 1.83816
C 10.48910 39.95590 1.88841
C 11.47200 43.01340 1.74233
C 8.33755 42.44850 1.63137
C 5.14530 41.82570 1.60884
C 9.44422 45.41760 1.63886
C 6.26604 44.88790 1.63564
C 4.21886 47.32070 1.74162
C 8.14327 25.80390 2.63435
C 4.90857 25.87370 2.32524
C 1.71771 26.01210 2.12934
C 6.67433 28.61830 2.30047
C 3.52263 28.76480 2.10935
C 0.23991 28.65840 1.95966
C 5.28095 31.37820 1.91130
C 2.11867 31.49950 1.93122
C 0.55829 34.25800 1.79018
C 18.70250 47.31220 -2.10445
C 15.60720 46.47000 -1.89413
C 13.46370 50.49600 -1.55993
C 15.56600 53.33710 -1.80024
C 12.28750 53.84930 -1.76748
C 17.11540 56.30900 -1.59573
C 19.04120 58.87290 -1.35633
C 20.68340 61.69890 -1.30358
C 22.69640 64.44470 -1.03819
C 17.68710 61.58370 -1.32812
C 15.34980 59.63390 -0.72878
C 12.23090 59.03390 -1.73219
C 10.28500 56.80050 -0.84243
C 20.99870 66.81710 -1.21481
C 18.78410 64.76560 -0.61193
C 8.92474 60.60070 -0.91548
C 21.57990 69.71690 -1.22188
C 9.71744 63.90000 -1.54057
C 9.91260 67.07230 -1.85337
C 7.48545 69.15320 -2.36644
C 11.64480 51.50390 -1.39125
C 5.15781 50.39030 -1.40014
C 1.83476 49.81290 -1.38773
C 9.37515 53.86710 -1.44356
C 6.32443 53.37640 -1.35240
C 3.25189 52.96710 -1.31217
C -0.00056 52.48310 -1.74006
C 5.18781 56.26390 -0.71089
C 6.67444 57.92620 -0.53945
C 5.46018 61.08770 -1.44604
C 7.66517 63.55680 -1.45117
C 6.42857 66.40080 -1.85443
C 5.44694 69.41430 -2.30448
C 21.76670 47.78650 -2.21157
C 19.99160 50.42420 -1.74627
C 16.83690 50.04630 -1.17418
C 21.81850 53.24060 -1.66816
C 18.57470 53.27470 -1.59063
C 20.34300 56.06990 -1.47029
C 22.26540 58.70670 -1.34452
C 15.33270 63.54710 -1.41487
C 12.40200 62.09750 -1.48089
C 18.53520 68.40340 -1.40472
C 15.81100 66.66940 -1.44394
C 12.57710 65.37690 -1.61052
C 15.99650 69.99160 -1.80680
C 13.01960 68.39470 -1.89404
C 10.48140 70.23050 -2.36710
C 10.65400 48.53660 -1.54044
C 7.25518 47.87730 -1.52661
C 8.30870 50.89810 -1.49101
C 1.28447 55.86830 -0.76489
C 3.40190 58.73070 -1.26508
C 0.14539 59.19900 -1.32538
C 2.15351 61.69880 -1.45098
C 4.40431 64.05120 -1.64536
C 1.06686 64.73990 -1.68756
C 3.20286 67.12040 -1.98424
C -0.01746 67.73240 -1.88152
C 2.14243 70.00470 -2.20918
H 0.26405 50.46350 -0.03753
H 17.06980 47.75460 -0.32109
H 15.15410 51.71920 -0.22778
H 14.06000 54.66410 0.00079
H 15.59940 57.32690 0.26976
H 20.66340 59.74710 0.25079
H 17.52820 59.78590 0.29268
H 22.33430 62.44370 0.34535
H 12.69740 57.16790 0.01948
H 11.02740 54.70900 0.15483
H 20.91190 65.09440 0.47258
H 19.10870 62.56220 0.37547
H 15.80870 61.82030 0.23133
H 13.21390 60.38050 0.07862
H 10.56600 59.05570 0.10253
H 22.27090 68.07000 0.47024
H 10.49200 62.22270 0.07681
H 10.74100 65.56070 0.12389
H 8.14368 67.61670 -0.56768
H 8.59204 70.79110 -0.85565
H 11.87230 49.64670 0.31536
H 2.41905 47.98160 0.24243
H 9.73898 51.95740 0.10084
H 6.61085 51.52220 0.24452
H 3.43698 50.97870 0.22736
H 7.84572 54.48330 0.47633
H 4.71298 54.09080 0.38167
H 1.55035 53.47050 -0.10277
H 6.07687 56.63560 1.69234
H 5.07132 59.48580 0.38904
H 7.12278 61.90130 0.21750
H 6.08360 64.79900 0.02698
H 5.00015 67.82460 -0.52169
H 4.01025 70.81030 -0.81880
H 23.44050 48.51180 -0.61183
H 20.17120 48.38250 -0.41490
H 21.73440 51.27160 -0.18460
H 18.52680 51.40710 0.04443
H 20.23500 54.11840 -0.02015
H 17.06020 54.38130 -0.03276
H 21.96680 56.86840 0.22651
H 18.78000 56.97140 0.12227
H 19.15700 66.92280 0.39451
H 16.49000 65.05440 0.24693
H 13.37750 63.77000 0.08404
H 19.54270 69.95060 0.18591
H 16.55470 68.49470 0.08773
H 13.75430 66.89590 -0.02305
H 13.97140 70.17600 -0.41476
H 11.10140 68.78210 -0.43804
H 8.79294 49.00040 0.01258
H 5.60609 48.54630 0.15243
H 3.15569 56.96260 0.44668
H -0.16773 57.51800 0.47675
H 1.86529 59.92220 0.26122
H 3.96854 62.34540 0.06846
H 0.76351 63.01760 0.03761
H 2.93783 65.38520 -0.26817
H -0.23954 66.05840 -0.07049
H 1.83867 68.38850 -0.39408
H 0.85588 71.39790 -0.62988
C 18.54800 47.34470 1.19952
C 15.37640 47.00830 1.35859
C 13.51930 50.82110 1.62044
C 15.58820 53.36610 1.70407
C 12.48380 53.88910 1.96282
C 17.01610 56.21230 1.72753
C 19.00450 58.68570 1.81242
C 20.68860 61.56170 1.92253
C 22.56730 64.23860 2.01668
C 17.56890 61.60000 1.93227
C 15.29020 59.64200 1.13870
C 12.30440 58.95400 1.88825
C 10.37050 56.82690 1.11887
C 20.95290 66.96220 2.04617
C 18.68830 64.73510 1.33771
C 8.93613 60.56840 1.16581
C 21.41730 70.02610 1.87154
C 9.64489 63.89640 1.66168
C 9.89553 67.30950 1.24502
C 7.62603 69.44690 0.98457
C 11.61190 51.69970 1.71965
C 5.16163 50.28890 1.81419
C 1.98134 49.78720 1.87628
C 9.36511 53.80820 1.70896
C 6.23157 53.19840 2.03925
C 3.13136 52.86010 1.78390
C 0.16267 52.43610 1.67715
C 4.31684 55.67970 2.29696
C 6.13862 58.49300 2.55757
C 5.35955 61.43900 1.86691
C 7.58674 63.76710 1.70400
C 6.47177 66.60060 1.04738
C 5.49917 69.66400 0.90539
C 21.81770 47.41350 0.91749
C 19.95070 50.25210 1.28430
C 16.67660 49.95560 0.73282
C 21.76640 52.99680 1.53085
C 18.53720 53.24160 1.57963
C 20.30170 55.84940 1.70050
C 22.19470 58.69280 1.85693
C 15.23430 63.60870 1.79757
C 12.34650 62.13850 1.65427
C 18.32860 68.58360 1.85013
C 15.58610 66.85970 1.68885
C 12.62490 65.49160 1.75142
C 15.62900 70.29760 1.43666
C 12.85200 68.78210 1.32162
C 10.43680 70.74790 0.87058
C 10.61500 48.46510 1.64686
C 7.37840 47.89620 1.68898
C 8.44518 50.76250 1.74342
C 1.20756 55.56700 1.16478
C 3.34842 58.82750 2.00437
C 0.11909 59.15640 1.88517
C 2.18992 61.85860 1.70091
C 4.22034 64.27750 1.54311
C 1.30979 64.89510 1.46770
C 3.34157 67.31150 1.18150
C 0.19934 67.96160 1.40298
C 2.34188 70.37610 0.98082
C 7.88034 91.03500 -1.78686
C 9.26160 93.58940 -0.94181
C 5.91189 93.37840 -1.61592
C 2.95941 92.67500 -2.16118
C -0.53661 92.46420 -2.58689
C 3.35579 75.34740 -2.94799
C 8.34070 78.31800 -3.43418
C 5.01494 78.10390 -3.52308
C 1.72232 77.97190 -3.54775
C 9.36421 86.74750 -4.94174
C 8.68935 89.16110 -2.46101
C 5.05222 89.75470 -1.80540
C 1.51994 89.79380 -2.88803
C 21.60180 80.51030 -1.10055
C 18.46750 81.51810 -1.38894
C 15.27080 83.36120 -2.79406
C 11.16210 86.04680 -5.24286
C 11.57760 87.90710 -2.03176
C 11.10840 91.08440 -0.89006
C 13.51870 93.13540 -1.40282
C 16.12350 94.95340 -1.33450
C 21.27750 95.73500 -0.72259
C 21.95260 73.20880 -1.19327
C 22.33120 76.85990 -0.44209
C 19.68110 78.03560 -1.63439
C 7.66727 72.19150 -2.70460
C 14.39440 78.14620 -3.32710
C 11.56500 76.78130 -3.78566
C 7.00824 75.24560 -2.41305
C 14.30690 81.55260 -3.13106
C 4.20800 72.46830 -2.67937
C 1.05746 73.01740 -2.56471
C 4.09436 95.78200 -1.60230
C 0.96771 95.35990 -1.93409
C 6.34527 80.93060 -3.87758
C 3.24601 80.93050 -3.82063
C 0.20591 80.92590 -3.84680
C 7.67642 83.77870 -4.40890
C 4.49809 84.04290 -3.84006
C 1.57249 83.89530 -3.60501
C 6.28884 86.92470 -3.24343
C 3.16752 86.93030 -3.21259
C 0.05384 86.80510 -3.39579
C 20.82110 83.63860 -1.30548
C 17.86500 85.10900 -1.97228
C 14.75730 86.62840 -2.23955
C 20.30110 87.12610 -1.38079
C 17.32790 88.43190 -1.66021
C 14.26880 89.71930 -1.80560
C 22.60460 89.26910 -0.95402
C 19.67400 90.39250 -1.15027
C 16.66510 91.66300 -1.40833
C 22.05670 92.53240 -0.64542
C 19.08630 93.58190 -1.14560
C 18.96290 71.57040 -1.59985
C 19.32340 74.81740 -1.74248
C 16.51660 73.24540 -2.12003
C 13.45520 71.65910 -2.36951
C 16.80660 76.33970 -2.56060
C 13.95870 74.72560 -2.95182
C 10.74750 73.55060 -2.91605
C 17.09620 80.05140 -2.32851
H 8.99197 91.53730 0.23251
H 6.00064 91.37410 -0.33042
H 10.14000 94.18780 1.42764
H 3.98740 93.77880 -0.19478
H 0.96528 93.16110 -0.74906
H 4.94184 76.38120 -1.61163
H 1.68490 76.63650 -1.30601
H 6.60924 79.33900 -1.93813
H 7.95869 82.21500 -2.20899
H 9.56156 84.64470 -3.59072
H 7.08159 89.07500 -0.61450
H 2.89913 90.52360 -0.97216
H -0.30870 90.34970 -1.31883
H 20.97990 78.70290 0.42031
H 20.28650 81.94200 0.46840
H 16.91310 83.38570 -0.93132
H 13.96230 84.58780 -0.96243
H 12.30320 86.34130 -2.98224
H 10.21390 88.75870 -0.68709
H 13.19090 91.04620 -0.05091
H 15.43050 92.99890 0.20342
H 12.57830 94.21310 -0.17535
H 17.72730 95.23930 0.08341
H 22.40200 71.38290 0.51705
H 22.62090 74.70550 0.83748
H 20.02260 76.26090 0.06285
H 17.48090 78.08490 -1.02301
H 11.74310 75.09890 -1.75858
H 8.81440 73.90080 -1.32843
H 6.02320 73.30180 -1.22871
H 14.71690 79.73630 -1.33072
H 11.90750 78.32030 -2.23923
H 2.90092 73.78080 -1.04463
H 7.23812 94.15060 0.22983
H 3.35822 79.18580 -2.09466
H 0.05757 79.17100 -2.17885
H 4.81208 82.13390 -2.36324
H 1.69452 81.94280 -2.16022
H 6.35843 84.88450 -2.47962
H 3.09148 84.83350 -1.95414
H -0.02432 84.84070 -1.94231
H 4.66444 87.40090 -1.33664
H 1.45212 87.68210 -1.61656
H 23.30930 80.69770 0.65466
H 22.50690 84.16000 0.46473
H 19.50890 85.22630 0.01593
H 16.43050 86.49320 -0.43094
H 13.52400 87.81300 -0.47195
H 21.91450 87.37190 0.46972
H 18.96090 88.45940 0.22621
H 15.98040 89.71960 -0.03895
H 21.28890 90.56850 0.68407
H 18.34750 91.79420 0.42562
H 20.62880 93.94930 0.78321
H 19.82040 73.15320 0.03449
H 16.89340 71.66120 -0.24033
H 17.17720 74.95200 -0.50400
H 14.36470 73.36600 -0.90216
H 11.43510 72.03200 -0.99707
H 14.59880 76.51620 -1.48317
C 7.31521 90.36650 1.41115
C 8.64839 93.18140 2.01403
C 5.56507 92.89190 1.44473
C 2.53414 92.13720 0.89769
C -0.87002 91.97620 0.52609
C 3.49788 75.73900 0.35439
C 8.49621 78.85390 -0.32375
C 4.98400 78.57890 -0.28575
C 1.65055 78.40950 -0.40121
C 11.53180 83.02240 -3.95673
C 8.48313 87.59010 0.66976
C 4.82059 89.36630 0.05179
C 1.19865 89.26970 0.30535
C 21.31750 80.39690 2.14898
C 18.01790 81.54020 0.48289
C 14.87800 82.83120 0.55019
C 11.73430 83.99090 -2.10060
C 11.54060 86.67620 -0.47146
C 10.96850 90.43260 0.86707
C 13.55040 92.70490 1.75745
C 16.27430 94.43630 2.00122
C 20.86710 95.53770 2.51752
C 21.40850 73.27430 2.01300
C 21.49730 76.79080 1.91361
C 18.73150 78.07000 1.15797
C 7.70783 72.62460 0.49732
C 12.86560 78.03330 -0.48361
C 9.40108 77.63160 -1.74895
C 7.05680 75.48070 -0.62899
C 13.45000 81.33130 0.10126
C 4.51898 72.80560 0.57881
C 1.24150 73.41050 0.74128
C 3.78684 95.40950 1.60939
C 0.76031 94.76420 1.11673
C 6.75703 81.65940 -0.81592
C 3.43749 81.17720 -0.57742
C 0.05625 81.10370 -0.59762
C 8.54659 84.62720 -1.24205
C 4.89504 84.00010 -0.65171
C 1.58231 83.74110 -0.44574
C 5.98346 85.74490 -0.13995
C 2.92582 86.42490 -0.07122
C -0.24770 86.54670 -0.20828
C 20.43590 83.65130 1.83381
C 17.35040 84.76860 1.13769
C 14.36270 85.94410 0.92572
C 19.94720 86.83620 1.85601
C 16.88910 87.93950 1.47732
C 14.05120 89.26810 1.41499
C 22.25270 88.96550 2.31402
C 19.26260 90.13950 2.02474
C 16.35970 91.32900 1.76870
C 21.57540 92.32210 2.44359
C 18.40190 93.67060 1.97021
C 18.56530 71.69600 1.57332
C 18.66120 74.82190 1.44925
C 15.86680 73.51160 1.02648
C 13.08670 72.08370 0.79807
C 15.92920 76.81540 0.51484
C 13.27300 75.24940 0.21578
C 10.57050 73.99040 0.27590
C 15.81280 79.09070 0.67215
C 36.34550 0.38766 0.70786
C 33.44090 -0.02171 0.65009
C 37.40400 3.33199 0.35690
C 46.53870 9.37351 -0.99317
C 43.41800 8.99769 -0.87538
C 40.13140 8.71860 -0.62380
C 41.06190 11.97850 -0.54080
C 31.74480 0.79453 0.18140
C 25.46470 0.93529 -0.01993
C 33.87020 3.22198 0.96907
C 35.47280 5.97192 0.02867
C 36.87730 8.83396 -0.44110
C 24.14000 9.32197 -0.65018
C 38.67030 11.53330 -0.91685
C 37.14710 14.44770 -1.19455
C 24.25680 15.08600 -0.97120
C 26.11500 17.76820 -1.04618
C 33.12220 20.23250 -2.14657
C 31.09030 20.30200 -1.35353
C 27.82310 20.55010 -1.02862
C 24.21090 20.96040 -0.25980
C 47.54150 11.18010 -1.35607
C 44.43960 12.25920 -0.41826
C 42.89690 14.64700 -1.96334
C 41.84470 17.58470 -1.80558
C 38.47560 19.13860 -1.54436
C 38.84910 22.42760 -1.60690
C 45.66550 1.10949 0.20348
C 42.50290 0.85583 0.51606
C 39.43590 0.66777 0.62192
C 47.12850 3.87057 -0.29940
C 43.81910 3.67498 0.02811
C 40.67440 3.44603 0.28970
C 45.27440 6.39475 -0.49712
C 41.96140 6.20520 -0.18821
C 38.68990 6.06678 -0.05441
C 28.66470 0.95291 0.19009
C 30.45830 3.70569 0.10091
C 27.19900 3.71231 0.01267
C 24.01130 3.66662 -0.04186
C 32.10530 6.21186 -0.15663
C 28.89820 6.48354 -0.23947
C 25.75820 6.36703 -0.26808
C 33.78660 8.94898 -0.45346
C 30.61740 9.11114 -0.41963
C 27.37900 9.22115 -0.50328
C 35.46000 11.57430 -0.80554
C 32.28550 11.70500 -0.74876
C 29.10160 11.82450 -0.80972
C 25.88170 12.05480 -0.83753
C 33.92080 14.49660 -1.11755
C 30.72110 14.46600 -1.02487
C 27.56680 14.73310 -1.04575
C 35.60940 17.27880 -1.58806
C 32.12050 17.09410 -1.50406
C 29.22410 17.59140 -1.25812
C 47.41790 14.28600 -1.52002
C 44.52360 15.89190 -1.53143
C 47.28490 17.59150 -1.71520
C 44.48910 19.28120 -1.61932
C 41.52520 20.65310 -1.57303
C 47.06370 20.82750 -1.69245
C 44.31140 22.32950 -1.57781
H 34.69470 1.26776 2.33306
H 39.09410 4.47845 1.77587
H 35.95850 4.22331 1.72061
H 46.89380 7.64379 0.78916
H 40.34100 7.24451 1.33643
H 44.95020 10.16880 0.67349
H 41.80110 10.00100 0.57794
H 28.64850 -0.77694 2.13606
H 25.59420 -0.94573 1.56868
H 30.33370 1.90455 1.97178
H 23.81540 1.88993 1.51602
H 32.01280 4.65315 1.79493
H 37.10270 7.22753 1.48005
H 33.77940 7.25612 1.36574
H 38.61520 9.91623 0.92722
H 37.09660 12.71890 0.68097
H 24.33960 13.17020 0.72032
H 38.59800 15.25670 -0.17415
H 35.48500 15.62950 0.36405
H 34.00500 18.45660 -0.63449
H 24.72200 18.70960 0.94069
H 32.91190 21.31500 0.19234
H 29.73220 21.32880 0.55477
H 26.59090 21.43290 0.60709
H 46.71980 12.79790 0.27354
H 43.75740 14.49280 0.37112
H 41.05910 15.99830 -0.78833
H 40.68050 19.12300 -0.14146
H 37.79250 20.60080 0.02619
H 22.60600 -0.99689 1.13295
H 45.88000 -0.52398 1.99088
H 42.76980 -0.79388 2.26287
H 39.63480 -1.02794 2.35294
H 36.49500 96.18940 2.45397
H 47.40290 2.24997 1.52241
H 44.13410 2.05670 1.83357
H 40.95480 1.86709 2.13944
H 37.81580 1.62318 2.13461
H 45.52200 4.78853 1.36794
H 42.31100 4.64102 1.67650
H 43.64810 7.43366 1.07003
H 26.95920 1.94658 1.69479
H 28.77600 4.78115 1.58222
H 25.57340 4.73907 1.57372
H 30.53050 7.40426 1.34291
H 27.28980 7.54353 1.21242
H 24.21540 7.59921 1.16211
H 35.37150 10.02990 1.10803
H 32.26150 10.13610 1.09511
H 28.99290 10.22590 1.02047
H 25.77850 10.37650 0.94885
H 33.92960 12.81260 0.67983
H 30.71440 12.82110 0.71600
H 27.56150 13.01630 0.67609
H 32.36590 15.59700 0.43572
H 29.25730 15.77560 0.44997
H 26.08000 15.88670 0.55575
H 31.00660 18.47730 0.17950
H 27.88940 18.57330 0.52590
H 46.50640 15.99360 -0.05415
H 43.66120 17.61850 -0.09276
H 46.37600 19.17490 -0.07054
H 43.43780 20.71680 0.01299
H 40.62530 22.26370 0.13293
H 46.14260 22.31880 -0.01839
C 36.43650 0.64386 3.89659
C 33.22230 0.30550 3.98094
C 37.53900 3.65280 3.48933
C 46.69750 9.77156 2.22815
C 43.45150 9.49752 2.39367
C 40.40400 9.37524 2.52272
C 41.11890 12.37050 1.39379
C 31.46370 1.28691 4.16707
C 25.29290 0.86187 3.19957
C 33.91730 3.50425 2.90751
C 35.39810 6.27126 3.03092
C 37.08140 9.36426 2.76249
C 24.08230 9.63752 2.55143
C 38.79520 12.03320 2.27549
C 37.48880 14.99920 1.79469
C 24.43490 15.09970 2.27405
C 26.10070 17.85530 2.10239
C 35.20190 20.51830 0.38083
C 31.53920 20.20690 1.91509
C 27.89730 20.52020 2.17463
C 24.18460 21.17770 1.60083
C 47.80290 11.46500 1.98953
C 44.58560 12.44200 1.43704
C 41.57640 14.40110 1.31682
C 41.71290 17.43770 1.35610
C 38.66550 19.19920 1.52122
C 38.77150 22.35750 1.75937
C 45.95510 1.50111 3.35522
C 42.73580 1.21389 3.64053
C 39.49900 0.95932 3.79031
C 47.38240 4.31156 2.89555
C 44.11370 4.06776 3.23549
C 40.78850 3.89817 3.46376
C 45.46430 6.89221 2.66168
C 42.14830 6.74889 2.89931
C 38.86350 6.51873 3.12949
C 28.42040 0.79956 3.45153
C 30.21740 3.98446 3.44267
C 27.12250 3.85439 3.24001
C 23.85780 3.72909 3.10059
C 32.07750 6.44410 3.09499
C 28.82010 6.76924 3.01283
C 25.72310 6.77368 2.92996
C 33.79070 9.25871 2.84412
C 30.55490 9.46623 2.71550
C 27.31220 9.54686 2.63309
C 35.51180 12.11510 2.42666
C 32.31590 12.17430 2.44346
C 29.08980 12.22800 2.42658
C 25.93780 12.31590 2.40751
C 34.02570 14.82900 2.10674
C 30.79550 14.81030 2.10949
C 27.69120 14.99070 2.15219
C 35.22360 17.68550 1.57186
C 32.99070 17.68730 1.46755
C 29.58100 17.67950 2.00635
C 47.58210 14.63660 1.67273
C 44.64880 16.10170 1.62037
C 47.39530 17.63200 1.50321
C 44.55330 19.15610 1.53066
C 41.63520 20.57270 1.65167
C 47.20880 20.79020 1.52576
C 44.39760 22.24410 1.64346
C 47.52700 29.99900 -0.97827
C 45.95260 33.23860 -1.60010
C 47.85120 36.07080 -1.63566
C 46.50140 38.82690 -1.78581
C 35.87200 23.49900 -1.50712
C 38.52560 25.95820 -0.95462
C 41.35360 27.21370 -1.29807
C 46.72650 27.03240 -1.57498
C 43.86120 28.93400 -1.33122
C 35.28910 25.57460 -1.65325
C 32.68470 23.65600 -0.84981
C 29.47370 23.18510 -1.26730
C 39.42630 29.85270 -1.41043
C 36.15640 28.59870 -1.68072
C 26.81040 25.49200 -1.83616
C 42.86200 34.68780 -1.89233
C 39.77130 33.30420 -1.54157
C 24.46480 27.61150 -1.78292
C 40.63070 37.02390 -0.27122
C 37.87640 38.02470 -1.88202
C 35.61340 40.18020 -1.99923
C 33.41750 42.54670 -2.14218
C 30.46670 41.33590 -2.46101
C 27.45590 40.69500 -1.90164
C 22.76340 39.30280 -2.94297
C 24.55600 42.68980 -3.71244
C 30.39320 44.60970 -2.23608
C 26.62620 44.86910 -2.74025
C 31.38860 47.71490 -1.86192
C 44.21800 36.33400 -1.46258
C 42.80730 39.12220 -1.36949
C 39.94510 40.60920 -1.29008
C 44.66430 41.57260 -1.97628
C 39.77590 43.66520 -1.40559
C 37.10170 45.21840 -1.76540
C 33.85260 45.87870 -1.17231
C 45.56230 44.35620 -1.52319
C 41.47500 23.91660 -1.50111
C 46.89240 24.03860 -1.54733
C 44.13650 25.49900 -1.40160
C 32.98680 27.52020 -1.76625
C 29.99730 26.38870 -1.79259
C 36.63290 31.80770 -1.74434
C 33.62040 30.75100 -1.82289
C 30.47420 29.66900 -1.85261
C 27.52060 28.58460 -1.83704
C 37.15870 34.81080 -1.84136
C 34.24140 33.75750 -1.92603
C 31.10250 32.70360 -2.06957
C 28.01790 31.73230 -2.03100
C 24.98450 30.62740 -1.83226
C 34.90630 36.96410 -2.00706
C 31.82570 35.95750 -2.21178
C 28.73550 34.82510 -2.30755
C 25.67870 34.03160 -2.13379
C 32.54990 39.16640 -2.22186
C 29.37030 38.06090 -2.36077
C 25.83470 37.30280 -1.84690
C 28.36170 47.63900 -2.04421
C 42.68130 42.28770 -1.48145
C 42.57250 45.70070 -1.59591
C 39.61570 47.00480 -1.50727
H 45.86770 31.66570 -0.23908
H 47.61100 34.26070 0.02007
H 46.22530 37.03310 -0.08751
H 37.75510 23.86000 0.05161
H 40.59180 25.39850 0.18269
H 39.48880 27.98490 0.14796
H 45.88070 28.57410 0.10176
H 43.11350 30.16530 0.39535
H 36.50180 26.89950 0.03979
H 33.45540 25.86370 0.01450
H 30.52350 24.68660 0.00052
H 40.40490 31.57170 0.36336
H 37.27520 30.12490 -0.06677
H 28.19190 26.92440 -0.13731
H 25.27950 25.64110 -0.18593
H 41.13150 34.59520 -0.13318
H 38.30260 36.23850 -0.20677
H 39.24680 39.08710 -0.03390
H 23.41850 34.18790 -0.70370
H 36.75140 41.25160 0.14235
H 30.62940 39.43520 -0.70858
H 27.64430 38.49280 -0.60896
H 23.39190 37.38150 -1.22003
H 34.50980 43.66310 -0.17205
H 31.22670 42.68530 -0.80633
H 26.07470 42.67080 -1.52390
H 31.55020 45.74760 -0.35779
H 28.37020 45.58800 -0.95651
H 44.42050 34.39180 0.07540
H 43.00690 37.37340 0.38777
H 44.89080 39.85450 -0.31539
H 41.93780 40.76420 0.24054
H 39.16580 42.22810 0.56913
H 37.19660 43.35840 -1.66149
H 44.43920 42.84450 0.10249
H 43.32240 23.79410 0.08952
H 45.99560 25.48800 0.15242
H 43.24390 27.05830 0.23383
H 34.18040 29.00250 -0.21502
H 31.11810 27.96160 -0.18507
H 37.73910 33.20720 -0.06233
H 34.78750 32.11080 -0.15176
H 31.71000 31.09700 -0.31972
H 28.66290 30.12790 -0.25639
H 25.72900 28.97610 -0.13450
H 35.28600 35.24120 -0.31474
H 32.28520 34.19150 -0.55794
H 29.26190 33.19050 -0.55413
H 26.19810 32.22040 -0.39687
H 35.99650 38.37460 -0.32533
H 32.95120 37.38910 -0.55665
H 29.87960 36.29410 -0.74611
H 26.82980 35.28930 -0.80268
H 33.68940 40.62320 -0.56476
H 25.09430 45.68810 -0.94803
H 41.72650 44.03060 -0.03019
H 38.79910 45.32730 0.07681
H 35.87300 46.52020 -0.00719
H 44.41450 45.94610 0.05160
H 41.50470 47.17660 0.07451
C 47.51960 30.11400 0.92836
C 46.01950 33.01040 1.48539
C 47.83060 36.16220 1.56528
C 46.44900 38.93440 1.36589
C 35.95550 23.68870 1.81727
C 38.47630 25.98200 1.18728
C 41.30570 27.19450 1.67374
C 46.76950 27.07210 1.81912
C 44.10430 28.83700 1.86947
C 35.20460 25.67200 1.75028
C 32.67980 23.75700 1.02495
C 29.61170 23.10090 1.94823
C 38.99060 29.79430 1.72663
C 35.90390 28.76730 1.53364
C 26.82590 25.34000 1.38459
C 42.70160 32.76500 0.65490
C 39.65740 33.27960 1.60700
C 24.70330 27.56340 1.62161
C 41.09290 36.44390 1.59252
C 37.60960 37.97170 1.48163
C 35.41560 40.23430 1.24592
C 33.09140 42.51510 1.07149
C 29.59210 41.22170 0.62884
C 27.28820 40.82350 0.03696
C 22.26090 38.76750 0.61119
C 24.09660 41.52090 -0.84371
C 29.96350 44.36240 0.74971
C 26.60120 44.02350 0.26447
C 31.23260 47.43610 1.42860
C 44.72250 36.03360 1.66303
C 43.40980 39.25420 1.58953
C 40.18930 40.31990 1.92431
C 45.77030 41.38290 1.38370
C 39.94850 43.83210 1.68754
C 36.70640 44.34780 0.70373
C 33.71400 45.77320 0.80132
C 45.66090 44.40780 1.54729
C 41.55650 23.87160 1.76669
C 47.11020 23.89120 1.53907
C 44.18440 25.34920 1.70633
C 32.95180 27.68140 1.49880
C 30.00470 26.60370 1.56013
C 36.49720 31.83710 1.55883
C 33.42900 30.74160 1.35810
C 30.49160 29.79260 1.35908
C 27.59670 28.71620 1.46496
C 36.93030 34.95600 1.46393
C 33.93370 33.90960 1.23935
C 31.00000 32.97690 1.12166
C 28.04200 31.99440 1.19256
C 25.21210 30.84070 1.40083
C 34.60460 37.02780 1.18394
C 31.64670 35.99310 0.97258
C 28.61910 35.03550 0.89108
C 25.38090 34.17510 0.94729
C 32.35140 39.26810 1.00631
C 29.23550 38.06230 0.91178
C 25.60140 37.28930 0.05439
C 28.18810 47.02790 1.11540
C 42.65480 42.58680 1.69943
C 42.58850 45.63750 1.64568
C 39.61840 46.98160 1.64870
H 35.88420 60.27860 0.64215
H 33.12140 58.82460 0.62967
H 39.01750 63.93500 0.70659
H 36.03860 63.15830 0.37619
H 43.17550 68.26360 0.81053
H 39.88400 67.07480 0.80542
H 27.95370 62.95570 0.47580
H 43.51640 71.41670 1.21104
H 24.24690 65.37790 0.64590
H 25.63210 68.42190 0.65911
H 26.77020 71.46560 0.38353
H 33.22230 61.93110 0.47723
H 36.83270 66.14600 0.62827
H 33.68440 65.13000 0.65585
H 30.72280 63.97410 0.51852
H 40.65770 70.19570 0.75963
H 37.50230 69.28650 0.81154
H 34.34690 68.18290 0.69782
H 31.16090 67.08880 0.67193
H 27.94550 66.06360 0.52573
H 35.09360 71.34460 0.83631
H 31.98280 70.23710 0.73137
H 28.86530 69.17540 0.65744
C 45.49900 67.12500 -1.18674
C 47.65650 69.39780 -0.51440
C 33.43360 50.22360 -0.73689
C 34.90850 53.03320 -0.68247
C 32.98850 55.71380 -0.81982
C 29.96900 55.72860 -1.22075
C 29.10780 58.73600 -0.58056
C 26.94410 61.51120 -1.21129
C 23.95040 61.49260 -1.23053
C 35.30070 58.23660 -0.71437
C 37.93750 62.50570 -0.95612
C 34.95170 61.63450 -1.22127
C 32.14530 60.44670 -1.18553
C 41.99330 66.35900 -0.36763
C 38.67130 65.76240 -0.94635
C 29.69820 62.42020 -1.12372
C 42.61920 70.17680 -0.73263
C 26.33200 64.52440 -0.39061
C 24.12420 67.29600 -0.98049
C 24.61710 70.55600 -0.25380
C 36.61900 48.31530 -1.54079
C 36.22850 51.59220 -1.24869
C 35.93690 54.86840 -1.02720
C 38.51590 56.59640 -1.29201
C 40.80460 58.83120 -0.91915
C 46.62540 59.11880 -1.12551
C 41.12450 63.14340 -0.53082
C 45.92480 62.16800 -0.78947
C 44.43800 63.57760 -0.34685
C 25.21650 47.88990 -2.16859
C 29.98230 50.37640 -1.57928
C 26.63510 50.39630 -1.78769
C 23.36760 50.56100 -1.89920
C 31.56900 53.03080 -1.10955
C 28.24110 53.04160 -1.46014
C 25.00230 53.24300 -1.64375
C 26.79830 55.85510 -1.44491
C 23.51600 55.97650 -1.43049
C 25.47370 58.69010 -1.32904
C 35.45210 64.98850 -1.03526
C 32.55300 63.75970 -1.03817
C 39.33850 68.90910 -0.82063
C 36.25740 67.98580 -0.85876
C 33.06360 66.85730 -0.95371
C 29.87190 65.75040 -1.00347
C 36.96390 71.08810 -0.75667
C 33.86920 70.04030 -0.82745
C 30.76320 68.97390 -0.93030
C 27.45690 67.91170 -1.02156
C 31.60610 72.06070 -0.90763
C 28.66960 70.92650 -1.06102
C 45.31890 47.55580 -1.54886
C 42.30120 48.85180 -1.56426
C 39.28840 50.27700 -1.44465
C 44.98670 50.82250 -1.53388
C 41.97730 52.16410 -1.44592
C 38.92960 53.42880 -1.33537
C 44.58340 53.98370 -1.40762
C 41.55100 55.39810 -1.34937
C 47.29400 55.86540 -1.32054
C 44.12660 57.07860 -1.34365
C 43.60980 60.38620 -0.80357
H 46.25720 65.18250 -0.41857
H 47.83340 67.53250 1.10371
H 45.88070 69.68740 1.19536
H 33.06510 47.93130 -0.10011
H 31.36410 51.03990 0.35588
H 32.88880 53.82980 0.72925
H 31.23460 56.52920 0.80134
H 30.31870 60.64400 0.55159
H 27.01540 59.63380 0.34288
H 25.40100 62.44770 0.43349
H 35.62670 49.71220 0.19345
H 47.09100 47.79490 0.21850
H 38.18040 51.65160 0.28563
H 37.88880 54.87740 0.38801
H 34.80800 56.26350 0.65687
H 37.49630 57.95150 0.69027
H 39.97720 61.11820 -0.23889
H 45.55990 60.30900 0.74299
H 42.98070 62.11100 0.96744
H 29.79620 48.39370 -0.14768
H 26.68630 48.38550 -0.31683
H 28.19240 51.06820 -0.03504
H 25.02030 51.24590 -0.18774
H 29.74950 53.81580 0.29004
H 26.57490 53.92690 0.07251
H 23.40100 54.00890 0.02278
H 28.28000 56.60180 0.29538
H 25.17860 56.71900 0.16977
H 23.83600 59.60830 0.28416
H 38.47370 48.49790 0.07717
H 44.16650 49.07950 0.02354
H 41.18250 50.37540 0.05507
H 46.82640 50.99130 0.12574
H 43.86490 52.21420 0.15361
H 40.82230 53.57510 0.23140
H 46.45460 54.04320 0.16346
H 43.41930 55.36290 0.32929
H 40.42150 56.73050 0.33353
H 45.99180 57.25220 0.31746
H 42.95930 58.50370 0.27174
C 45.45240 67.23730 0.92437
C 47.62750 69.18520 2.89661
C 33.40400 49.95380 1.19364
C 34.95710 52.91590 1.61886
C 33.10460 55.70970 2.28124
C 29.85510 55.60850 2.01361
C 29.16200 58.66750 1.20720
C 26.89830 61.38540 2.02200
C 23.84490 61.38190 1.96724
C 35.27090 58.25410 2.05028
C 37.91900 61.72240 0.97573
C 34.92780 61.96100 2.22069
C 32.33080 60.27320 2.14543
C 42.09180 66.08840 1.52864
C 38.55920 65.56900 2.35933
C 29.66960 62.36810 2.11095
C 42.43120 69.48970 2.38246
C 26.34020 64.40820 1.48370
C 23.96290 67.10520 2.10817
C 25.18330 70.20530 1.86576
C 36.63400 47.99690 1.70601
C 36.39920 51.18240 1.97468
C 36.09020 54.79660 2.12328
C 38.59810 56.64680 2.10881
C 40.61960 59.10710 0.99310
C 46.89040 58.78170 2.03859
C 40.96850 62.85490 1.45923
C 46.10760 61.94990 2.49773
C 44.35940 63.19810 2.69118
C 24.91900 47.25040 0.94420
C 29.81540 50.12530 1.60920
C 26.48650 50.08910 1.43055
C 23.34190 50.13970 1.24400
C 31.29710 52.90980 1.98845
C 28.06840 52.78660 1.68628
C 24.88640 52.93000 1.59311
C 26.66530 55.63620 1.81981
C 23.51290 55.79310 1.73360
C 25.33540 58.48040 1.86317
C 35.56160 64.72220 2.14542
C 32.51930 63.58280 2.13889
C 39.43960 68.62750 2.30460
C 36.17540 67.83630 2.30840
C 33.04220 66.78730 2.29445
C 29.84110 65.58880 2.12323
C 36.92110 71.00880 2.46594
C 33.81520 69.92610 2.38069
C 30.60950 68.85410 2.33290
C 27.45390 67.83370 2.23990
C 31.42490 71.99810 2.34123
C 28.31040 71.05920 2.20395
C 45.35870 47.58990 1.68179
C 42.34420 48.90540 1.66067
C 39.40480 50.07250 1.74508
C 44.96150 50.67610 1.72745
C 41.95700 52.02310 1.72641
C 39.01200 53.28810 1.92156
C 44.61610 53.83620 1.83620
C 41.49840 55.22230 1.92212
C 47.18390 55.71020 1.91492
C 44.12530 57.10150 1.93516
C 43.62510 60.03930 2.16689
H 41.22330 73.53560 0.67987
H 38.80080 75.54870 1.00679
H 36.28430 77.57830 1.33537
H 24.53750 73.01990 -0.92086
H 34.00700 79.69200 0.69429
H 30.86320 78.62030 0.55507
H 27.83320 77.65680 -0.01140
H 24.83580 76.36850 -0.87355
H 38.18610 72.37640 0.90163
H 35.76750 74.44830 1.01597
H 32.72880 73.40150 0.78454
H 29.69640 72.39940 0.61304
H 33.23930 76.59180 0.89517
H 30.20170 75.55200 0.48142
H 27.17820 74.54840 0.11322
C 41.59600 89.78040 1.11778
C 34.80210 90.22040 1.63994
C 46.05070 93.16720 0.64046
C 43.33960 92.20010 2.03748
C 39.98460 92.60680 1.01892
C 36.87280 92.38220 1.07630
C 33.92990 92.96410 0.62080
C 31.39750 95.07020 1.27041
C 45.81610 75.14190 0.66819
C 42.33880 77.07740 -0.21536
C 39.57620 79.00250 -0.16807
C 36.94610 80.85670 -0.03637
C 36.89600 83.85460 0.55806
C 36.98880 87.17530 0.69241
C 40.21540 88.36590 0.76505
C 45.23430 88.59830 0.60658
C 45.39890 71.63050 -0.39207
C 27.41070 95.83800 0.03193
C 24.56500 78.96660 -0.55048
C 30.09710 80.53120 -0.18400
C 26.84600 81.55500 -0.64931
C 32.63010 84.34550 -0.24043
C 31.35070 85.93750 -0.16434
C 33.90010 87.58580 0.48821
C 31.24040 89.14640 0.35246
C 30.68220 92.12780 0.31262
C 27.88680 93.79300 0.16840
C 43.19640 73.58910 -0.03000
C 40.77880 75.61810 -0.57381
C 38.14670 77.45060 -0.36608
C 26.41910 72.90160 -1.62225
C 35.58580 79.32260 -0.34198
C 29.49690 77.32910 -1.13899
C 26.54300 76.09120 -1.77076
C 44.28940 95.70880 0.67273
C 41.21850 95.50440 0.81632
C 38.16320 95.32180 0.91158
C 34.99520 94.99980 0.93934
C 45.36700 78.75240 -0.23578
C 42.53320 80.50750 -0.09149
C 39.86740 82.30170 0.18528
C 45.39770 82.07340 0.02853
C 42.62670 83.85990 0.45593
C 39.57750 85.34650 1.74452
C 45.40660 85.30090 0.40476
C 42.64540 86.84180 1.00176
C 23.82180 82.57430 -0.86470
C 29.13440 83.82720 -0.41327
C 26.20070 84.77150 -0.63847
C 23.22680 85.95470 -1.06346
C 28.52000 87.11870 -0.16175
C 25.75090 88.22680 -0.51414
C 27.98680 90.49980 0.11554
C 24.98370 91.52210 -0.33055
C 24.19070 94.83580 0.50691
C 39.99920 71.98560 -0.77780
C 37.62220 74.22360 -0.68193
C 34.64690 73.16160 -0.75471
C 35.24140 76.29760 -0.50826
C 32.23690 75.14950 -0.87070
C 29.22960 74.05590 -1.14681
C 32.72890 78.12630 -1.01573
H 40.10920 90.83490 2.93046
H 36.89750 90.71850 3.08495
H 44.73850 94.14310 2.46778
H 35.30770 93.34590 2.65324
H 32.25340 92.90550 2.02980
H 33.36810 95.86730 2.47234
H 44.34350 77.04780 1.49066
H 41.59270 78.72780 1.47044
H 38.88600 80.49000 1.52730
H 35.98760 81.85090 2.05404
H 47.34350 78.62830 1.44387
H 36.08240 85.02410 1.96314
H 35.45270 88.03640 2.37234
H 38.50030 88.30840 2.55047
H 44.00250 89.81000 2.06060
H 46.41010 91.60000 2.61722
H 46.50250 72.75020 1.48651
H 23.84160 77.59360 1.50358
H 26.24290 79.85400 1.28768
H 28.49940 82.07080 1.10725
H 30.76020 84.10310 1.42692
H 33.16410 85.96780 1.55668
H 32.75720 88.97680 2.24017
H 29.76280 90.44260 1.92074
H 26.75570 91.77660 1.52957
H 23.51720 92.62680 1.41510
H 29.51770 93.66370 1.84692
H 41.52990 93.80800 2.56248
H 38.40380 93.53000 2.63211
H 44.43440 80.31120 1.49323
H 41.77870 81.93070 1.78969
H 38.86550 83.52640 2.04622
H 47.31200 81.92020 1.56524
H 44.59990 83.49210 1.83801
H 41.94310 85.02380 2.50300
H 47.34050 85.20720 1.89554
H 44.67150 86.75370 2.29024
H 41.55520 88.02610 2.81296
H 47.16150 88.56250 2.28671
H 25.50160 82.99250 0.94749
H 27.82020 85.23520 1.18255
H 24.87860 86.28140 0.76882
H 30.21510 87.27560 1.61650
H 27.25130 88.47670 1.51436
H 24.25250 89.47490 0.91680
C 42.32200 89.90010 4.08376
C 34.51080 90.10370 3.48317
C 46.36910 93.55590 4.19985
C 43.31420 92.78420 3.90717
C 40.07880 92.60850 4.26809
C 36.87710 92.57880 4.39948
C 33.62930 92.21190 3.92961
C 31.26860 94.90180 3.05830
C 45.21300 74.74030 2.35348
C 42.17780 76.83110 2.99250
C 39.55850 78.71370 3.05620
C 37.01810 80.57050 3.24013
C 37.14570 83.44280 3.80179
C 36.85620 86.70680 3.86467
C 39.87330 87.18510 4.37904
C 45.26490 88.52910 3.90231
C 45.14010 71.16360 3.05253
C 26.83200 95.46020 3.43356
C 24.00960 79.46270 2.78682
C 30.19060 80.64770 2.05346
C 26.57560 81.49730 2.69233
C 31.82300 82.08780 2.29129
C 31.26930 85.70600 3.18446
C 33.60610 87.18660 3.71120
C 30.76380 88.77920 3.50478
C 30.41220 91.95110 3.42538
C 27.60310 93.50620 3.30238
C 42.25440 72.62530 2.84851
C 40.81540 75.18990 2.51439
C 38.11170 77.15500 2.89306
C 25.56180 73.29660 1.44655
C 35.45420 79.34140 2.80724
C 29.41860 77.29780 2.06601
C 26.07260 76.30210 1.42598
C 44.52210 96.15950 3.83776
C 41.31960 95.79600 3.99138
C 38.27090 95.54620 4.05868
C 35.02060 95.20790 4.14857
C 45.20070 78.39800 3.07348
C 42.67240 80.13300 3.26026
C 39.91300 81.81080 3.38485
C 45.52070 81.69990 3.22452
C 42.92970 83.13680 3.62956
C 39.92600 85.13360 3.79194
C 45.60010 84.90570 3.59770
C 42.97860 86.57030 4.09596
C 23.44460 82.63890 2.19520
C 28.79040 83.76310 2.89861
C 25.82020 84.85610 2.56003
C 22.86450 85.88220 2.17927
C 28.28520 86.80800 3.02960
C 25.33610 87.96600 2.63806
C 27.71120 90.13090 3.30037
C 24.68580 91.01720 2.89493
C 23.94840 94.90750 2.32743
C 40.23510 71.89900 2.33758
C 37.59610 74.00390 2.64393
C 34.43290 72.99740 2.52368
C 34.97370 76.15210 2.68427
C 31.82720 75.10130 2.29135
C 28.72950 74.21280 1.97090
C 32.50040 78.39580 2.41069
C 53.48980 95.90140 0.10032
C 50.43050 96.08330 -0.33788
C 47.28580 96.04020 0.26062
C 53.83370 4.21115 -0.65474
C 50.64190 4.30224 -0.50780
C 48.59570 6.74828 -0.92515
C 58.51940 0.59766 -0.51809
C 57.31220 3.58037 -0.91624
C 56.25300 6.32824 -1.34619
C 58.45260 8.86294 -1.79723
C 69.80460 9.52884 -2.19817
C 66.76910 10.36200 -2.10650
C 63.67900 11.47230 -1.55796
C 59.91440 11.88290 -1.93246
C 70.14360 13.34150 -1.91590
C 66.98140 12.40780 -1.91923
C 64.92910 15.12000 -2.00163
C 61.82320 14.81290 -2.42413
C 62.76570 17.88720 -1.82047
C 60.90120 20.53780 -1.61589
C 62.13280 23.09560 -1.41848
C 58.81490 22.87290 -1.42011
C 52.58420 7.50317 -0.39746
C 50.45500 9.70130 -1.37898
C 55.31450 9.48567 -1.71112
C 55.84450 12.87130 -1.59817
C 58.13400 14.92540 -2.17457
C 59.19180 17.83870 -1.69422
C 55.50270 19.35790 -2.31762
C 55.74270 23.27260 -1.33388
C 55.34680 1.05067 -0.44269
C 52.21380 1.48010 -0.50168
C 48.98890 1.33118 -0.16362
C 67.76150 -1.27629 -1.05554
C 64.69940 -0.58567 -0.74933
C 61.71080 -0.01145 -0.57440
C 70.01420 1.08584 -1.37216
C 66.85790 1.72967 -1.13089
C 63.71820 2.42447 -0.98572
C 60.66850 2.95365 -0.95940
C 69.10720 4.19249 -1.38884
C 65.88540 4.75605 -1.37946
C 62.63020 5.31303 -1.40740
C 59.53440 5.90271 -1.45650
C 71.27430 6.61504 -1.48344
C 67.97520 7.04354 -1.70792
C 64.89200 7.69292 -1.87296
C 61.72070 8.38007 -1.90251
C 71.40080 16.35300 -1.60878
C 68.06880 15.74520 -1.76259
C 69.12640 18.81980 -1.59476
C 66.03360 18.25420 -1.62793
C 70.16500 21.90790 -1.38620
C 67.02760 21.20640 -1.37181
C 63.99670 20.70630 -1.42758
C 53.03230 11.24260 -1.60308
C 50.31450 12.89830 -1.62509
C 53.03210 14.68800 -1.75818
C 50.11590 16.08030 -1.70067
C 55.55970 16.31240 -1.96260
C 52.75830 17.77440 -1.92894
C 49.90670 19.38280 -1.82669
C 52.75510 21.05510 -2.00962
C 49.82770 22.53850 -1.85050
H 55.22620 -0.40702 1.52451
H 52.09770 -0.30707 1.15385
H 53.90800 2.41854 1.05035
H 52.34980 5.40250 1.09226
H 50.17880 7.73751 0.16808
H 58.27930 -0.95237 1.35847
H 57.14920 1.97640 0.92598
H 55.85010 4.85872 0.66236
H 58.05470 7.16737 0.05728
H 54.97170 8.03338 -0.05942
H 69.89270 7.82280 -0.26681
H 66.60680 8.62091 -0.10936
H 63.28780 9.18280 -0.61481
H 59.96380 9.71597 -0.51330
H 70.38430 11.50340 -0.76385
H 71.46770 14.42810 -0.04497
H 68.29540 13.79400 -0.23412
H 65.10090 13.31170 -0.51701
H 63.08790 15.83080 -0.49851
H 61.01980 18.54270 -0.19010
H 59.24670 20.98020 0.30598
H 52.33510 9.84861 0.25812
H 49.53650 11.34700 0.15423
H 55.04700 11.51700 -0.12230
H 57.87120 13.54850 -0.15378
H 60.12280 15.68960 -0.86696
H 57.46420 16.63290 -0.51248
H 57.26860 19.54700 -1.53233
H 54.59990 21.15870 -0.75989
H 51.76800 22.69630 -0.35015
H 49.07420 -0.40436 1.54389
H 50.70460 2.48229 1.16732
H 48.80150 5.06194 1.00126
H 69.72220 -0.64256 0.33950
H 66.58170 0.05793 0.61721
H 63.47270 0.80443 0.85372
H 60.33910 1.38918 0.87205
H 68.73280 2.44549 0.27173
H 65.58240 3.11469 0.44011
H 62.40930 3.82548 0.54275
H 59.20330 4.34772 0.42252
H 70.87290 4.75523 0.22035
H 67.69890 5.45266 0.20352
H 64.45990 6.15165 0.04463
H 61.26780 6.78308 0.02135
H 61.74350 12.93500 -0.71624
H 69.51550 16.86730 -0.06575
H 66.27190 16.26280 -0.16621
H 70.52280 19.94540 0.02833
H 67.37790 19.30190 0.07714
H 64.19800 18.73400 -0.04652
H 68.42360 22.38450 0.25487
H 65.38010 21.74390 0.29699
H 62.30060 21.31060 0.20724
H 52.23010 13.04320 -0.06580
H 49.36590 14.47950 -0.00252
H 54.90430 14.74840 -0.15834
H 52.01440 16.23710 -0.16201
H 49.16930 17.71820 -0.16878
H 54.68380 17.99400 -0.39195
H 51.84980 19.41390 -0.33721
H 48.98520 20.90530 -0.20337
C 53.49730 -0.41273 3.23161
C 50.78120 95.77620 2.75295
C 47.74010 -0.88902 3.52569
C 54.00520 4.56460 2.40697
C 50.64430 4.53077 2.63816
C 48.84970 7.17805 2.27711
C 58.63950 1.09518 2.61251
C 57.56180 3.98107 2.21536
C 56.24080 6.73831 1.77812
C 58.15850 9.27740 1.28740
C 70.42070 9.83801 1.11593
C 67.26120 10.68800 1.38980
C 63.53830 11.53700 0.37492
C 59.38820 12.04840 -0.07119
C 69.85630 12.99410 1.27375
C 66.71500 12.68020 1.33278
C 64.61460 15.05360 1.25666
C 61.49330 14.49720 0.91526
C 62.58640 17.47690 1.29880
C 61.10020 19.96820 1.79361
C 61.87360 22.93070 1.97283
C 58.58000 23.04460 1.69156
C 53.05660 7.82294 1.53913
C 50.40070 9.63495 1.77704
C 56.12800 9.80702 1.32294
C 56.03360 13.26940 1.44583
C 58.61730 15.16730 1.09844
C 58.61500 18.55730 0.42563
C 55.95300 19.79860 0.76912
C 55.61250 23.06250 0.57151
C 55.56420 1.70767 2.76050
C 52.43670 1.58187 2.73241
C 49.24060 1.58444 2.96596
C 68.07150 -1.11754 2.13773
C 64.96560 -0.32258 2.40914
C 61.80080 0.42738 2.59501
C 70.20230 1.24252 1.84802
C 67.05550 1.97948 2.03906
C 63.89320 2.81305 2.18846
C 60.62370 3.37447 2.19170
C 69.10850 4.30394 1.88343
C 65.86520 5.13520 1.81271
C 62.71220 5.86611 1.80114
C 59.53460 6.36627 1.80657
C 71.20240 6.75612 1.62220
C 68.17570 7.44723 1.61159
C 64.82490 8.33537 1.31572
C 61.60250 8.88845 1.24565
C 71.21370 16.12430 1.67899
C 68.02340 15.62160 1.46674
C 69.15300 18.62780 1.63060
C 65.88400 18.01270 1.55298
C 70.24750 21.69390 1.71806
C 67.12630 21.03350 1.81143
C 64.00340 20.43330 1.69994
C 53.27890 11.58140 1.65704
C 50.44220 13.08070 1.68704
C 53.11580 14.75300 1.49853
C 50.19630 16.24220 1.47185
C 55.80440 16.52200 1.24809
C 52.96790 17.96770 1.31145
C 50.09770 19.40900 1.35637
C 52.94800 21.08410 1.10852
C 49.99330 22.51580 1.36528
C 72.13010 28.11680 -1.75282
C 61.85820 25.94580 -0.26403
C 69.63380 29.91410 -2.43025
C 66.30280 29.06980 -2.12106
C 63.22600 28.73560 -1.57921
C 57.97840 26.22710 -1.84494
C 54.93450 26.90720 -1.90139
C 51.99250 27.33410 -2.07876
C 60.11170 28.73780 -1.53358
C 50.58070 30.57340 -1.96326
C 61.69590 31.49200 -1.80165
C 63.55120 33.97660 -2.52032
C 63.04630 37.45200 -1.89534
C 61.61730 40.56110 -1.36701
C 47.91080 42.02120 -1.31563
C 59.97250 43.47640 -1.58045
C 56.86470 43.74000 -1.70031
C 50.36320 44.63200 -1.86453
C 56.21100 46.92170 -0.76517
C 52.53050 47.00580 -1.41980
C 49.53340 25.62870 -1.77270
C 69.62870 33.20170 -1.48091
C 66.76520 32.48060 -1.98048
C 67.63900 35.60210 -1.28866
C 66.12890 38.17830 -1.19187
C 64.90750 41.03960 -1.57107
C 63.22390 43.92300 -1.56295
C 61.14580 46.44140 -1.29871
C 48.50750 45.91280 -1.09831
C 71.07750 24.91160 -1.51382
C 67.91070 24.15940 -1.36856
C 64.94520 23.62620 -1.18032
C 68.78880 27.01770 -1.72712
C 65.46160 26.33650 -1.30039
C 56.98300 29.36780 -1.76563
C 53.61280 29.99160 -1.91554
C 58.65280 31.92420 -1.71648
C 55.48110 32.64750 -1.88187
C 52.40580 33.12750 -1.78106
C 49.16060 33.41880 -1.67240
C 60.37260 34.46830 -2.02691
C 57.31530 35.17450 -1.87991
C 54.26050 35.64770 -1.79027
C 51.04960 35.89190 -1.76139
C 59.23530 37.69950 -2.09315
C 56.14160 38.19560 -1.80759
C 52.92110 38.56160 -1.74188
C 49.69470 38.77760 -1.76513
C 58.20730 40.79520 -1.65091
C 54.90440 40.96550 -1.73927
C 51.63860 41.35570 -1.87736
C 53.61710 43.98560 -1.71429
C 52.64160 24.49060 -1.87976
C 70.87170 35.03350 -1.29434
C 69.50420 38.06270 -1.32517
C 71.27290 40.73690 -1.48681
C 68.00070 40.83130 -1.40740
C 69.57480 43.57850 -1.54505
C 66.47460 43.70890 -1.42032
C 71.34680 46.12960 -1.73059
C 68.08660 46.44060 -1.45194
C 64.81320 46.75270 -1.27216
H 63.28130 24.14460 0.43812
H 60.42620 23.94040 0.16659
H 70.15610 28.48940 -0.35776
H 63.92870 27.28490 0.32263
H 67.93280 30.62300 -1.17633
H 64.96800 30.18080 -0.52419
H 57.50960 24.52210 -0.03934
H 54.41150 25.09140 -0.30225
H 59.69520 27.07690 -0.03395
H 53.49210 28.13580 -0.32192
H 50.43510 28.80290 -0.77972
H 61.82020 29.93040 0.11286
H 49.18940 31.56290 -0.12575
H 63.39080 32.65130 -0.33561
H 62.25040 35.41850 -0.84341
H 60.93800 38.35400 -0.97215
H 48.10480 39.79980 -0.23846
H 59.80610 41.60680 0.05436
H 50.15380 42.48520 -0.69446
H 58.42400 44.40820 0.32549
H 55.32660 44.71330 -0.01035
H 52.07480 44.94690 0.00715
H 51.40550 25.80770 -0.29130
H 48.57420 27.02770 0.10544
H 70.92660 33.41020 0.57781
H 67.80700 33.57860 -0.02319
H 65.37510 34.49670 -1.65103
H 66.24150 36.34690 0.66607
H 64.79620 39.17130 0.17601
H 63.26350 41.92160 -0.09572
H 61.48700 44.41840 0.18297
H 47.25610 44.13860 -0.17891
H 71.48390 23.19770 0.20650
H 69.34730 25.44220 0.04981
H 66.36180 24.75590 0.41056
H 67.08400 27.72940 -0.16480
H 56.59370 27.53410 -0.17753
H 58.59750 30.13830 -0.00116
H 55.46170 30.69940 -0.40646
H 52.34150 31.21990 -0.28223
H 60.38220 32.82920 -0.18436
H 57.22890 33.29170 -0.24361
H 54.11430 33.78750 -0.18476
H 50.94140 34.11570 -0.08787
H 59.12450 35.84520 -0.40319
H 55.98100 36.33910 -0.20921
H 52.75630 36.70000 -0.17312
H 49.52190 36.96660 -0.09556
H 57.88840 38.81320 -0.20557
H 54.64290 39.17890 -0.08495
H 51.40420 39.55920 -0.12920
H 56.57820 41.80400 -0.12250
H 53.37890 42.08290 -0.19660
H 48.84170 23.99150 -0.15779
H 69.42620 36.22750 0.23489
H 71.24830 38.96390 0.18141
H 67.96060 39.07790 0.30887
H 69.67980 41.74930 0.08873
H 66.46870 41.90680 0.21548
H 71.32750 44.39450 -0.03339
H 68.13270 44.58770 0.17593
H 64.82980 44.70600 0.19965
C 71.86740 28.33080 1.47894
C 62.51560 26.20380 1.58654
C 69.14700 30.40360 0.84974
C 66.95300 29.82970 0.94616
C 63.80910 29.43600 1.55508
C 57.84970 26.28180 1.64178
C 54.77830 26.86990 1.36904
C 51.66440 27.70550 1.18195
C 60.15940 29.05070 1.66144
C 50.72780 30.27480 1.25253
C 61.93650 31.97140 1.55233
C 64.22200 34.85950 0.56647
C 63.04710 37.54280 0.17207
C 61.46820 40.30520 0.54568
C 47.99270 42.01890 0.72141
C 60.14540 43.18630 1.91360
C 56.97740 43.61600 1.58831
C 50.64220 43.63820 1.50426
C 56.13910 46.76450 1.10749
C 52.45430 46.73250 1.67896
C 49.83590 25.39440 1.53618
C 69.04510 32.40390 1.69699
C 65.78620 32.44910 -0.34077
C 67.75630 35.23270 1.79744
C 66.27950 38.46180 2.05141
C 64.74140 41.16390 1.74504
C 63.27610 43.60640 1.73275
C 61.22930 46.27250 1.77237
C 48.56540 46.07420 0.81597
C 71.13540 25.12600 1.64930
C 68.27390 24.22510 1.85117
C 65.06280 23.47460 1.95881
C 68.92890 27.35410 1.40835
C 65.93660 26.74490 1.73164
C 56.90800 29.53770 1.33415
C 53.79880 30.00560 1.26769
C 58.72960 32.16450 1.42312
C 55.58550 32.50330 1.34703
C 52.47200 32.91260 1.43082
C 49.27660 33.33720 1.55283
C 60.83680 34.90070 1.09860
C 57.52820 35.20300 1.33290
C 54.25660 35.65050 1.42815
C 51.12300 35.93810 1.49405
C 59.74210 37.76050 1.06245
C 56.20780 38.13510 1.46876
C 52.87040 38.49950 1.50537
C 49.58510 38.91610 1.45672
C 58.05280 40.62920 1.49669
C 54.83050 41.05240 1.48926
C 51.48840 41.66720 1.26241
C 53.80000 43.85530 1.52689
C 52.62220 24.40350 1.24962
C 71.04740 35.21120 1.82840
C 69.63590 38.04700 1.79799
C 71.26870 40.81480 1.73245
C 68.08940 41.01010 1.80773
C 69.77740 43.62430 1.71070
C 66.46450 43.79010 1.80105
C 71.54120 46.26410 1.55596
C 68.19900 46.56730 1.73204
C 64.74060 46.66670 1.81117
C 51.84610 61.08850 -1.18278
C 48.95320 61.25490 -0.96158
C 57.88900 65.02660 0.05295
C 54.48340 64.19640 -0.56613
C 48.06080 64.18950 -1.09337
C 59.09620 67.97760 -0.52208
C 63.11770 71.53460 -0.74564
C 60.01390 70.98040 -0.55913
C 66.14830 49.67140 -0.59859
C 62.69960 49.21160 -1.23112
C 71.72700 51.47840 -2.26449
C 68.89610 52.44100 -0.92065
C 72.41320 55.00590 -2.08581
C 72.02280 69.32060 -0.93175
C 50.85300 48.19760 -1.66856
C 51.41300 51.42940 -0.50557
C 50.25320 54.64620 -1.10996
C 50.24360 57.86880 -0.51010
C 59.65150 48.09390 -1.24214
C 63.43980 52.09470 -1.04595
C 60.31570 51.39120 -1.12279
C 57.24440 50.47820 -1.27341
C 68.87570 56.45130 -1.24727
C 67.08500 54.64060 0.91664
C 64.30450 55.09370 -0.74134
C 54.76380 52.79310 -1.16217
C 71.46450 59.79960 -1.15058
C 52.37750 54.90210 -1.02302
C 56.72690 59.08080 -0.97582
C 53.71260 58.38800 -1.10448
C 60.82740 62.71570 -0.58708
C 57.71510 62.07100 -0.78721
C 70.80160 67.76370 -0.62879
C 61.48700 65.58380 -0.55796
C 68.95660 70.69140 -0.06396
C 65.46470 69.45820 -0.64726
C 62.23690 68.58630 -0.55213
C 51.15500 64.08490 -0.67837
C 55.76160 67.48870 -0.56380
C 52.66120 67.04190 -0.48181
C 49.40140 66.98600 -0.64396
C 56.82760 70.50200 -0.47119
C 53.77310 70.16950 -0.43454
C 50.63970 69.75300 -0.35311
C 69.95330 49.04210 -1.72255
C 47.89560 49.44270 -1.48145
C 47.74160 52.69170 -1.45985
C 54.21860 49.68490 -1.30835
C 61.15470 54.45380 -0.98606
C 57.93360 53.54460 -1.16979
C 68.10650 58.35730 -0.68756
C 65.05110 58.04630 -0.54047
C 62.08710 57.47050 -0.74331
C 58.91350 56.65840 -1.08987
C 55.55230 55.91080 -1.10292
C 69.11790 61.85590 -0.87795
C 65.99050 61.03950 -0.62042
C 63.00890 60.33790 -0.54876
C 59.87800 59.71520 -0.78011
C 70.02740 64.86170 -0.83251
C 66.82490 64.04040 -0.59364
C 63.84180 63.33300 -0.50362
C 67.73960 67.17840 -0.69510
C 64.62480 66.32880 -0.57858
H 71.17700 56.18750 -0.33909
H 53.52760 62.06730 0.52457
H 50.60720 62.09730 0.65868
H 47.67070 62.54830 0.73633
H 59.78270 66.16920 1.06537
H 55.75070 65.63710 1.06980
H 60.48740 69.21420 1.07608
H 54.19720 48.12570 0.25233
H 62.93340 47.24920 0.22200
H 68.53330 50.08180 0.08670
H 63.97480 50.28240 0.61377
H 71.33120 52.94380 -0.90644
H 49.85840 49.54140 0.27342
H 49.51270 52.82830 0.35442
H 48.94300 55.98340 0.55847
H 48.59260 59.47570 0.31227
H 60.84580 49.50080 0.35981
H 57.66540 48.66950 0.34902
H 64.79790 53.43800 0.73316
H 61.62750 52.58110 0.58081
H 55.51340 51.03830 0.44651
H 68.50040 56.77710 1.26364
H 65.37890 56.35600 1.12310
H 52.99150 53.12160 0.66334
H 69.65180 59.84090 0.66284
H 53.73730 56.48600 0.64092
H 70.44340 62.98590 0.80124
H 54.98400 59.54700 0.89145
H 52.02850 59.30380 0.50077
H 71.36520 65.91820 1.18870
H 59.04490 63.10900 1.01532
H 56.06310 62.53390 0.51694
H 69.04540 68.44770 1.02441
H 62.86280 66.83410 1.02340
H 66.70810 70.71900 1.28726
H 63.64580 69.86270 0.98218
H 52.70990 65.04370 0.97996
H 49.48630 65.03100 0.76480
H 57.26480 68.58980 1.09475
H 54.09180 68.27280 1.12756
H 50.94330 67.81460 1.10203
H 55.21980 71.17980 1.25506
H 52.09280 70.81970 1.27091
H 48.92030 70.49380 1.25859
H 69.90130 47.23710 0.00254
H 66.62050 47.40690 0.36243
H 71.72140 49.88010 -0.23094
H 58.47420 51.75350 0.48600
H 62.38580 55.59540 0.72136
H 59.21830 54.80780 0.48041
H 56.17010 54.07550 0.46074
H 66.51530 59.27200 0.98906
H 63.28290 58.57760 1.05154
H 60.12940 57.81200 0.67002
H 57.02550 57.10500 0.46482
H 67.42440 62.22430 0.91173
H 64.33570 61.57410 1.08450
H 61.16640 60.85910 0.97545
H 58.02340 60.14710 0.76149
H 68.29980 65.33780 0.84874
H 65.16390 64.60170 1.09496
H 62.10290 63.86010 1.07530
H 65.97190 67.64340 0.96892
C 52.01410 60.95880 2.31051
C 48.96960 61.06610 2.14109
C 57.87270 64.95950 2.08398
C 54.55090 63.79210 2.16324
C 47.30060 64.68030 1.80506
C 59.07770 67.93510 2.64685
C 63.11490 71.52990 2.69704
C 60.17210 71.02160 2.68004
C 66.32160 49.76370 1.24639
C 62.74830 49.04140 1.99715
C 71.48610 52.00520 1.14453
C 69.14470 52.26850 1.03388
C 73.17390 54.51330 -0.37699
C 72.30640 69.37330 2.92309
C 50.83750 47.95320 2.08735
C 51.32550 51.37030 1.38749
C 50.09420 54.50370 2.16194
C 50.23870 57.88750 1.35419
C 59.66390 47.88110 1.78742
C 63.31190 52.00520 2.34934
C 60.27230 51.09330 2.06654
C 57.25010 50.22090 2.06228
C 70.56360 55.26930 1.61523
C 67.10000 55.47460 2.70138
C 63.88400 55.12610 2.57984
C 54.95060 52.72610 2.19009
C 71.68750 59.21760 2.05419
C 52.20370 54.90680 2.17333
C 56.50960 58.82820 2.23257
C 53.29190 58.24430 2.40685
C 60.76550 62.61290 2.65180
C 57.52780 61.86580 2.43484
C 70.91400 67.97830 2.71849
C 61.55050 65.61940 2.65790
C 69.22900 70.81200 1.82695
C 65.49530 69.49880 2.62915
C 62.29350 68.57730 2.59708
C 50.99480 63.88330 2.29437
C 55.76680 67.41020 2.75583
C 52.62640 66.89060 2.63707
C 49.48430 66.62270 2.63160
C 57.02130 70.41420 2.77199
C 53.77240 70.02910 2.86247
C 50.62440 69.56740 2.78572
C 70.03440 49.20900 1.54911
C 48.12320 49.58370 1.78178
C 47.64100 52.61480 1.85077
C 54.10770 49.51530 1.97901
C 60.90070 54.33050 2.16019
C 57.93840 53.49180 2.09299
C 68.32580 58.59110 2.59048
C 65.08500 58.18140 2.66126
C 61.74440 57.26480 2.37488
C 58.69860 56.51890 2.15075
C 55.45840 55.90620 2.02807
C 69.25300 61.64430 2.46631
C 66.08660 61.07190 2.63479
C 62.87520 60.37530 2.62338
C 59.64960 59.50570 2.37306
C 70.23820 64.96300 2.38387
C 67.02790 64.04270 2.51972
C 63.84100 63.34710 2.67983
C 67.88950 67.15460 2.54094
C 64.62350 66.42960 2.63992
C 69.81010 87.12280 -1.47898
C 67.64710 87.46440 -0.98490
C 64.42250 88.16410 0.01816
C 61.44130 89.20610 0.09494
C 60.55680 92.18530 -0.16385
C 57.38010 92.35600 0.83703
C 56.47330 95.48750 0.12926
C 48.27410 77.09080 -0.40608
C 51.06130 78.46920 0.62914
C 54.05350 80.48240 -0.25500
C 59.43390 84.71910 -0.36646
C 48.15920 90.52390 1.09732
C 59.12990 87.53290 0.42795
C 56.37580 88.75200 0.87547
C 51.11350 91.78160 1.25701
C 57.82160 90.99680 2.43591
C 54.05580 93.30730 1.61425
C 64.27950 74.53300 -0.86967
C 48.49830 72.48210 -0.13548
C 62.35260 77.03980 -0.83668
C 52.74750 75.46200 -0.17795
C 49.38630 75.44260 0.19536
C 63.55450 80.08430 -1.15060
C 60.25230 79.41410 -0.80181
C 56.89660 79.04300 -0.38422
C 53.63490 78.45100 -0.26248
C 65.23440 83.32930 -0.09488
C 61.63340 82.47280 -0.81728
C 62.18460 85.79460 0.62699
C 71.90440 72.51520 -0.92279
C 69.14740 74.21090 -1.17193
C 68.75980 77.61210 -0.82902
C 66.12010 75.19920 -1.11267
C 69.28140 80.68040 -1.40363
C 68.91830 84.14590 -0.77703
C 69.58420 90.21070 -0.99271
C 66.42000 90.89830 -0.70810
C 63.53460 91.45930 -0.23859
C 68.76550 93.12840 -0.97353
C 65.63080 93.84680 -0.63362
C 62.59820 94.59400 -0.36396
C 59.58860 95.24170 -0.26349
C 70.91840 95.56740 -1.29344
C 48.21250 80.41330 -0.24952
C 51.11430 82.12200 -0.22142
C 48.15260 83.76100 0.07576
C 57.47100 82.13750 0.15869
C 54.00420 83.68600 -0.00832
C 51.06560 85.49350 0.18233
C 48.22610 87.11880 0.57230
C 56.63450 85.59040 0.24360
C 53.88870 87.06120 0.50677
C 51.12230 88.60330 0.70442
C 53.94820 90.17840 1.17554
C 61.06860 74.02200 -0.63639
C 57.89440 73.44910 -0.43856
C 54.83570 73.07340 -0.25282
C 51.53190 72.80260 -0.04661
C 59.06040 76.48470 -0.64265
C 55.82080 75.96300 -0.35367
C 71.83530 75.78000 -1.08942
H 47.69880 94.43520 2.19361
H 67.60180 85.74940 0.77823
H 61.05920 87.55500 1.96922
H 69.36190 88.35140 0.58221
H 66.31330 88.87910 0.72068
H 63.30770 89.85100 1.61214
H 60.21640 90.62190 1.80013
H 59.32670 93.60270 1.48582
H 56.23840 94.13350 2.30876
H 50.02530 80.54700 1.32555
H 52.97690 81.98740 1.52349
H 59.72160 82.90920 0.78855
H 56.03840 83.71800 1.41398
H 58.55100 85.64520 1.81804
H 58.23610 88.52310 2.53908
H 55.65580 89.93350 2.96470
H 52.87490 91.46130 3.07569
H 49.06040 92.30370 2.71316
H 64.58740 72.83080 0.96852
H 61.49910 72.19350 0.97506
H 62.59160 75.18490 0.85247
H 49.87960 73.36180 1.77594
H 63.78690 78.06420 0.43351
H 54.28230 76.69990 1.46699
H 51.23690 76.16320 1.60704
H 65.07630 80.87770 0.83537
H 61.88190 80.51760 0.64665
H 58.65630 80.14070 0.89082
H 55.93070 80.59360 1.23013
H 63.00690 83.48700 1.01742
H 70.23630 72.70090 0.54890
H 67.40000 73.90160 0.79910
H 66.72480 76.98360 0.64901
H 67.54260 79.75870 -0.25447
H 70.76220 85.53320 0.09582
H 67.54180 82.66760 0.74798
H 50.62770 94.34980 1.03887
H 68.37780 91.39030 0.75553
H 65.40160 92.16490 1.13268
H 62.34540 92.90850 1.33896
H 70.65580 93.80080 0.43101
H 67.57350 94.52170 0.66582
H 64.49350 95.23290 1.00127
H 61.39020 95.93690 1.26601
H 50.11030 83.64190 1.51008
H 52.96060 85.16070 1.71602
H 50.12470 86.77110 2.08463
H 55.70720 86.83680 2.14480
H 52.90540 88.32390 2.37601
H 50.09470 89.91440 2.46726
H 58.35080 71.62940 1.11220
H 59.42640 74.68670 1.00553
H 56.33930 74.19580 1.30484
H 53.22770 73.69530 1.48417
H 60.63200 77.64210 0.86635
H 57.46060 77.16210 1.09658
H 69.92310 75.93450 0.44439
H 70.33420 79.13920 0.30003
H 70.38920 82.39260 0.07759
C 70.79870 87.07790 2.01340
C 67.74760 87.29710 2.12648
C 65.23420 89.09750 2.96106
C 61.73140 89.37800 3.47090
C 60.81510 92.58830 3.22191
C 57.19300 93.17090 4.47463
C 56.73550 -1.36690 3.25581
C 47.88740 76.51110 2.89102
C 50.89170 78.42460 2.42982
C 54.42140 80.53730 3.05779
C 60.04890 84.05630 2.96094
C 48.09450 90.21570 3.87553
C 59.49510 86.79270 3.79235
C 56.46010 87.95870 4.17698
C 50.99820 91.42600 4.23777
C 56.12760 91.40480 4.96150
C 53.95200 93.59300 3.48919
C 64.26250 74.76660 2.64779
C 48.47310 72.14690 3.12729
C 62.42040 77.07170 2.44437
C 52.98980 75.42850 3.22145
C 49.61700 75.34480 3.27521
C 63.77520 80.11490 2.24073
C 60.43260 79.51820 2.37674
C 57.26270 79.09780 2.61214
C 53.88440 78.49170 3.28668
C 65.40120 83.24580 1.90707
C 62.31770 82.05150 2.57318
C 62.18890 85.39170 2.43962
C 72.01700 72.67220 2.33960
C 69.15130 74.26910 2.19017
C 68.51420 77.84670 1.01586
C 66.21570 75.40720 2.65841
C 69.10270 80.85450 1.52122
C 69.41650 84.10900 1.61259
C 69.80830 90.07550 2.25943
C 66.68840 90.67130 2.45129
C 63.81740 91.86720 2.95458
C 69.02850 93.27970 2.19198
C 66.03570 94.05640 2.51473
C 62.92070 94.81100 2.76952
C 59.77390 95.53730 3.02064
C 71.21800 95.66780 1.90050
C 48.17690 80.03370 3.04222
C 51.31080 81.95980 3.03968
C 48.33710 83.39110 3.26257
C 57.71990 82.06160 1.98704
C 54.27280 83.51580 3.07633
C 51.11300 84.95980 3.37667
C 48.16460 86.78770 3.62332
C 56.80290 85.04190 3.40512
C 53.85900 86.46450 3.65725
C 50.99070 88.23280 3.94577
C 53.67450 89.52990 4.41451
C 61.24410 74.01540 2.55714
C 58.18770 73.45470 2.73726
C 55.06800 72.93920 2.93865
C 51.80320 72.49570 3.08290
C 59.31660 76.53300 2.60080
C 56.20810 76.04820 2.93357
C 71.80560 76.06270 2.03998
C 88.51430 2.45224 -1.63139
C 92.71000 5.30118 -1.19715
C 88.83150 5.38131 -0.17527
C 93.25200 8.09489 -1.09778
C 82.16750 1.27083 -2.27293
C 78.65290 2.02445 -1.94855
C 77.70410 5.09157 -1.62553
C 74.47410 5.77432 -1.65939
C 74.21150 7.82130 -1.92921
C 71.65670 10.43210 -2.56718
C 73.44340 13.19250 -0.79893
C 75.02950 17.28370 -0.51261
C 75.48350 20.60220 -1.10101
C 85.33160 3.54348 -1.32240
C 82.22760 4.28323 -0.82778
C 79.50940 6.05999 -1.69639
C 85.09520 6.72332 -1.29065
C 79.33780 9.36100 -1.29312
C 76.31400 10.65860 -1.32167
C 91.05530 7.93265 -1.13284
C 87.75610 8.63837 -0.98397
C 76.20240 13.99040 -1.14887
C 93.75330 10.11260 -1.32479
C 78.49950 15.67940 -0.95434
C -1.10122 11.78540 -2.11542
C 80.74070 17.53230 -0.83231
C 95.74510 15.34050 -0.83112
C 79.93160 20.76730 -0.87409
C 94.21040 18.74110 -0.70011
C 91.62310 19.55860 -0.17666
C 88.72950 20.52530 -0.89221
C 85.70940 22.01310 -0.51488
C -0.99117 20.26120 -1.36788
C 95.07550 23.38530 -1.97196
C -0.94040 0.42953 -1.71052
C 93.41310 0.10780 -1.76500
C 90.34920 -0.13735 -1.90508
C 86.36990 -0.09843 -1.35695
C 94.76550 2.95029 -1.45979
C 91.51770 2.55597 -1.44160
C 95.92080 5.87603 -1.20590
C 79.55100 -1.02851 -2.10900
C 76.36040 -0.44696 -1.80803
C 73.17660 0.41208 -1.56432
C 75.47470 2.73034 -1.66725
C 72.17590 3.52360 -1.48112
C 72.51720 19.50890 -1.37015
C 73.44450 22.75300 -1.13216
C 82.29260 8.12551 -1.32678
C 84.91620 10.04250 -1.08514
C 81.93550 11.25960 -1.06936
C 79.00980 12.53640 -1.11255
C 90.06130 10.95300 -1.09132
C 87.31120 12.08590 -0.87000
C 84.45150 13.28160 -0.92128
C 81.42720 14.53070 -0.89543
C 92.57780 13.15700 -0.94806
C 89.72700 14.20050 -0.72061
C 86.79780 15.37610 -0.75167
C 83.84810 16.52920 -0.79092
C 92.06140 16.34660 -0.63336
C 89.25840 17.41780 -0.53578
C 86.18120 18.61300 -0.65640
C 83.12670 19.66570 -0.79338
H 88.55590 0.41541 -0.28044
H 89.90100 3.22051 0.28538
H 86.97350 3.69685 0.05657
H 94.23560 6.38386 0.47049
H 91.12410 6.12966 0.46624
H 84.50840 95.91860 -0.86052
H 83.34860 2.13008 -0.02445
H 80.40320 2.40126 -0.70813
H 77.31310 3.17626 -0.08933
H 76.16950 6.07351 0.22994
H 73.17150 6.96002 0.13207
H 74.60840 15.03680 0.33429
H 76.13040 19.11600 0.92253
H 76.21890 22.14300 0.82228
H 84.25400 5.14077 0.40245
H 81.35010 6.38456 0.06926
H 78.55440 7.77778 -0.10220
H 87.08660 7.03868 0.23775
H 75.38120 12.24400 0.35889
H 89.70570 9.14127 0.64770
H 77.90590 13.89760 0.53385
H 95.89070 10.47180 0.11969
H 92.14460 11.32540 0.32939
H 77.15580 16.75910 0.86019
H 79.27280 18.85430 0.92915
H 94.04450 16.54460 0.49328
H 81.72900 20.77490 0.87156
H 78.96440 22.04800 0.23361
H 93.52580 19.50230 1.61052
H 90.75610 20.70400 0.93441
H 88.07060 22.26540 0.32445
H 96.26080 18.74590 0.52172
H 94.75440 21.25070 -0.53576
H 94.95340 0.93950 -0.09663
H 91.75360 0.60121 -0.01852
H 96.21850 3.91595 0.20305
H 93.09880 3.39685 0.25907
H 72.84560 96.17110 0.10347
H 81.44910 -0.54296 -0.67780
H 78.26950 0.10305 -0.29123
H 75.15010 0.84096 -0.05944
H 71.89710 1.66201 0.14612
H 74.09630 3.94497 0.00251
H 72.71000 17.55320 0.21455
H 73.54260 20.86660 0.40109
H 75.65360 8.96848 -0.00080
H 84.09270 8.27334 0.38769
H 81.16230 9.45704 0.43226
H 78.17250 10.79370 0.35050
H 86.68610 10.22790 0.65066
H 83.72330 11.46020 0.57731
H 80.74930 12.65980 0.55408
H 89.10860 12.34730 0.79850
H 86.19070 13.53300 0.79332
H 83.23420 14.69220 0.71444
H 80.18080 15.81790 0.79674
H 91.50190 14.50280 0.97247
H 88.55080 15.59050 0.92516
H 85.63120 16.77790 0.94561
H 82.54460 17.84620 0.82225
H 90.96060 17.60220 1.24906
H 88.01170 18.90920 1.01047
H 84.88690 20.02340 0.84094
C 88.15840 2.00703 1.59263
C 92.78480 5.09914 1.98252
C 89.40430 5.14177 1.76018
C 93.72370 8.17606 2.09605
C 82.04240 1.22609 1.04146
C 78.90810 1.87102 1.33669
C 77.92450 4.85589 1.67450
C 74.18240 5.60442 1.85220
C 73.47000 8.97396 1.50683
C 72.25030 10.41070 0.61459
C 73.24280 13.14210 1.08247
C 74.75190 17.06770 1.63133
C 75.20400 20.24250 2.20884
C 85.00470 3.22768 1.71800
C 82.57910 5.64732 2.12636
C 79.48190 6.22732 1.70343
C 85.56370 6.81781 1.77734
C 79.20200 9.24210 1.89593
C 76.31130 10.70300 1.97426
C 91.40370 7.91224 2.05681
C 88.07330 8.62249 2.06178
C 75.98060 13.97150 1.95863
C 94.00140 10.25050 1.84107
C 78.46710 15.30440 2.43034
C -0.20618 11.88240 1.48128
C 80.83040 17.40000 2.52456
C 95.58310 14.56340 0.84217
C 79.71610 20.58010 2.33079
C 95.09000 17.72550 2.40931
C 91.45770 19.27320 3.03513
C 88.49500 20.66170 2.42779
C 85.69280 22.27950 1.37554
C 95.75240 20.70060 1.76953
C 94.21390 23.24040 1.15814
C -1.04805 -0.00221 1.43085
C 93.50800 -0.28333 1.41095
C 90.18150 -0.69722 1.30079
C 86.37450 -0.54616 0.40382
C 94.89320 2.56055 1.68780
C 91.55380 2.23265 1.75895
C 95.96060 5.57797 1.97690
C 79.74940 -1.30650 1.02298
C 76.64700 -0.47263 1.41852
C 73.45850 0.49236 1.66122
C 75.53160 2.69263 1.58530
C 72.38390 3.51904 1.70549
C 72.24810 19.20340 1.73027
C 73.26670 22.84790 1.80919
C 82.29230 7.84564 1.92691
C 84.80110 9.85237 2.11839
C 81.80050 11.11680 2.10491
C 78.85880 12.33030 2.07112
C 90.45600 10.86690 2.27181
C 87.28140 11.92250 2.33882
C 84.34230 13.10460 2.27851
C 81.39350 14.28130 2.23624
C 92.71820 13.18760 2.18874
C 89.65390 14.05940 2.50974
C 86.70410 15.21050 2.49552
C 83.69680 16.38410 2.43841
C 92.55970 16.23860 2.44316
C 88.98820 17.25340 2.65553
C 86.05070 18.65420 2.56122
C 83.13950 19.59670 2.47204
C 81.35810 47.19680 -0.39375
C 90.82990 46.37980 -1.36335
C -1.19055 46.98580 -1.35333
C 83.19010 24.72430 -1.63162
C 79.84520 24.30520 -0.75418
C 88.64420 27.04950 -2.27649
C 85.16610 27.25410 -2.02035
C 78.66390 28.42540 -1.43147
C 87.53130 30.03050 -2.05202
C 77.94630 31.72030 -1.63848
C 89.68310 32.23440 -1.95924
C 77.26150 35.10850 -1.92150
C 91.87970 34.61010 -1.85056
C 79.16900 37.34170 -1.67128
C 93.74350 37.10430 -1.69150
C 81.22360 39.87940 -1.52861
C 83.47350 42.22110 -1.22051
C 95.76630 42.73990 -1.12206
C 92.12940 43.47010 -1.29095
C 88.75980 43.87410 -1.28187
C 85.67870 44.58980 -0.79317
C 82.77040 45.56820 -0.69029
C 93.55310 44.99410 -1.65446
C 76.45670 23.71010 -1.18675
C 77.50320 26.69320 -1.29471
C 75.37710 29.56900 -0.90448
C 72.39050 31.78480 -0.56469
C 74.01790 34.88510 -1.56846
C 75.89250 37.81390 -1.69698
C 77.91000 40.34970 -1.75950
C 79.87480 43.23290 -0.79990
C 77.66040 45.39500 -1.95599
C 82.57610 21.60070 -1.29601
C 87.89940 23.90750 -1.65378
C 93.13970 26.22440 -1.82515
C 89.53590 25.22800 -1.64484
C 91.06480 28.99790 -1.00503
C 93.10650 31.46120 -1.63471
C 95.05760 34.11590 -1.50120
C 81.91370 27.75290 -1.76295
C 84.18820 30.27240 -1.85993
C 81.13010 30.93710 -1.80213
C 86.42680 33.00740 -1.99066
C 83.33170 33.39120 -1.83427
C 80.18160 34.10300 -1.76057
C 88.65270 35.42830 -1.85134
C 85.39790 35.96660 -1.75975
C 82.29390 36.67810 -1.71545
C 90.64280 37.79790 -1.74870
C 87.54920 38.44240 -1.67295
C 84.29510 39.17010 -1.52860
C 96.09170 39.60490 -1.49326
C 92.92190 40.31570 -1.60338
C 89.82130 40.86780 -1.51349
C 86.59840 41.50000 -1.32495
C 74.39290 25.89550 -1.45600
C 72.64890 37.84950 -1.50933
C 74.46710 40.62070 -1.62986
C 76.43960 43.58270 -1.63310
C 72.84370 43.39520 -1.64965
C 74.57740 46.00680 -1.98455
C -1.10829 25.94750 -1.43564
C 94.93390 28.79390 -1.55240
C -1.10429 31.43140 -1.29968
H 83.80310 47.82010 -0.11105
H 92.85230 46.66550 -0.01936
H 85.02120 25.72040 0.12672
H 81.81100 25.67690 -0.20133
H 87.07570 28.04560 -0.54872
H 80.65600 29.17150 -0.00882
H 77.59950 29.93340 0.13747
H 89.21240 30.48680 -0.23177
H 78.90530 35.43670 -0.08431
H 93.47140 35.27880 -0.11599
H 80.90460 37.87080 -0.00266
H 95.35680 37.78380 -0.08394
H 83.02390 40.20100 0.22099
H 94.68750 40.76180 0.01781
H 82.13040 43.34060 0.13950
H 93.98820 43.68510 0.43125
H 90.60990 44.48740 0.29551
H 87.43970 44.95630 0.51053
H 84.33180 45.27780 1.37009
H 77.71630 24.94540 0.52237
H 75.59550 27.32920 0.13209
H 73.08180 29.49350 0.07452
H 74.13200 33.32270 0.54839
H 75.72500 35.88870 -0.17027
H 77.65360 38.46870 -0.11340
H 79.84060 40.84670 -0.19068
H 77.84230 44.26070 0.30919
H 83.62040 23.05150 0.25636
H 93.20440 24.03140 -0.28747
H 91.61210 26.77400 0.00603
H 93.20020 29.61800 0.01530
H 94.71460 32.31830 0.10847
H 83.82500 28.58070 -0.42385
H 86.03200 31.15130 -0.40322
H 82.90290 31.61510 -0.16274
H 79.89440 32.28810 -0.15428
H 76.90910 32.92900 -0.61034
H 91.50570 32.77270 -0.29280
H 88.24480 33.45790 -0.40327
H 85.06910 34.07730 -0.23961
H 82.02290 34.73190 -0.24759
H 90.41810 35.85650 -0.25713
H 87.17800 36.51270 -0.17616
H 84.07790 37.18730 -0.05364
H 92.39320 38.40820 -0.17638
H 89.30080 38.97170 -0.00612
H 86.18130 39.51060 0.05454
H 91.57850 41.43410 0.11627
H 88.46160 41.94310 0.21868
H 85.30600 42.48710 0.48093
H 74.63760 24.28150 0.38677
H 72.39930 26.36910 -0.05032
H 72.61540 36.10130 0.09987
H 74.41430 38.76820 -0.00237
H 76.32510 41.45130 -0.20155
H 72.97190 41.58170 0.10322
H 74.59210 44.25540 -0.19555
H 96.28460 24.07910 0.09166
H 94.75620 26.87690 -0.07956
H -1.26846 29.57970 0.25913
C 83.18040 47.36490 2.35300
C 91.22530 46.35280 1.82796
C -0.66656 47.54420 2.24767
C 83.13940 24.92450 1.84716
C 79.99700 24.27870 1.09111
C 88.35630 26.73700 1.17508
C 85.26350 27.26230 1.19944
C 78.79450 28.70080 1.81047
C 87.31460 29.82540 1.26606
C 78.09120 31.92420 1.49749
C 89.57150 32.07810 1.25041
C 77.12370 34.64320 1.34091
C 91.74330 34.57610 1.42281
C 79.06350 37.25620 1.54785
C 93.65320 37.09130 1.44562
C 81.08330 39.71260 1.64485
C 83.42660 42.03740 1.90331
C 95.36870 42.17370 1.99603
C 92.07120 43.15480 1.82817
C 88.96490 43.62970 1.92936
C 85.92840 44.03450 2.38789
C 82.62410 43.78060 2.56982
C 94.67900 45.49870 1.31323
C 76.18310 24.19360 2.31300
C 77.30110 26.99490 1.89037
C 75.35440 29.68820 1.01276
C 72.40520 31.59630 1.29920
C 74.24530 35.03460 1.65398
C 75.98430 37.61720 1.51242
C 77.95250 40.39280 1.42220
C 79.81130 43.03320 1.03980
C 78.09560 46.29390 1.03277
C 82.50220 22.56210 2.39856
C 89.66760 23.93100 1.44703
C 92.97980 26.08710 1.49689
C 89.74420 25.60910 0.29373
C 90.92910 29.00940 0.78055
C 92.80070 31.55160 1.49995
C 94.70870 34.18090 1.67813
C 82.10210 27.82960 1.29931
C 84.38370 30.30000 1.27232
C 81.20560 31.03080 1.56924
C 86.57760 32.85590 1.29234
C 83.33070 33.49870 1.41088
C 80.31390 34.14120 1.43576
C 88.64410 35.18250 1.30346
C 85.47090 35.84500 1.44576
C 82.31110 36.50450 1.48080
C 90.73900 37.59980 1.45576
C 87.55710 38.16430 1.56047
C 84.42990 38.89380 1.67474
C -0.88166 39.56930 0.56522
C 92.94650 40.02670 1.57637
C 89.89750 40.63310 1.72235
C 86.79820 41.09280 1.81076
C 74.09900 26.28070 1.72408
C 72.90080 37.97570 1.70291
C 74.72250 40.64150 1.58051
C 76.21640 43.37880 1.53079
C 72.99250 43.54330 1.55390
C 74.93310 46.21040 1.26796
C 96.13480 25.92640 1.70744
C 94.62460 28.62980 1.67229
C -1.31167 31.44490 1.78820
C 87.57710 47.22820 -0.51277
C 84.73920 49.38730 -1.23867
C 81.83330 50.48850 -0.54406
C 78.82290 51.40760 -0.08733
C 76.44440 53.33330 -1.64027
C 93.58960 48.42660 -1.53683
C 76.06290 57.00020 -1.51455
C 72.73070 58.12770 -1.00667
C 75.63460 60.09500 -1.16955
C 95.74280 53.16770 -1.69570
C 92.92340 54.72670 -1.28455
C 89.96940 55.96190 -1.11604
C 87.00370 57.29800 -1.21648
C 75.56450 63.31120 -1.06651
C 87.36950 60.61280 -1.08171
C 84.63440 62.21170 -0.59162
C 78.02530 65.18200 -1.05442
C 83.57700 65.14860 -1.13366
C 80.59130 67.12480 -0.45818
C 83.46230 68.72160 -0.69032
C 76.71080 49.06980 -1.69238
C 74.99660 51.86960 -2.04660
C 80.21900 70.77440 -1.06366
C 77.78260 68.60490 -0.46359
C 74.93480 67.14800 -0.83062
C 72.69510 62.78460 -0.29803
C 95.73570 56.75180 -1.18820
C 92.38300 57.75280 -1.17508
C 91.44510 60.63550 -1.11239
C 90.24100 63.33350 -1.13094
C 89.21040 66.31810 -1.05487
C 86.18260 66.58700 -0.80772
C 87.84160 69.28850 -0.61897
C 89.45740 72.08870 0.27218
C 90.41950 49.56000 -1.34204
C 87.46590 51.05980 -1.23559
C 84.69960 52.43970 -0.94078
C 81.63630 53.61290 -0.85616
C 79.01940 55.26750 -1.21727
C 92.94780 51.54040 -1.58451
C 90.06230 52.83600 -1.23014
C 87.34640 54.17350 -1.04591
C 84.37490 55.50410 -0.98445
C 81.67390 56.98490 -1.12888
C 78.79200 58.60650 -1.28876
C 84.31710 58.86480 -1.19020
C 81.31030 60.37340 -1.14866
C 78.43620 61.70310 -1.07329
C 81.10200 63.55680 -1.06432
C 73.38730 48.93230 -1.78263
C 74.82430 70.71540 -0.93517
C 94.55970 59.88830 -1.26087
C -0.99896 62.23770 -1.48284
C 93.45060 62.89020 -1.24146
C 95.67720 65.27790 -1.61883
C 92.38440 65.79420 -1.34132
C 94.47650 68.45660 -1.69507
C 91.01830 68.86850 -1.24656
C -1.17778 70.89410 -1.99998
C 92.98380 71.37080 -1.65022
H 81.41990 49.08710 1.60398
H 89.83680 47.84810 0.39312
H 86.69970 49.33410 0.34319
H 80.95560 52.19090 1.06561
H 78.00700 53.65720 0.43825
H 75.19570 55.01440 -0.13320
H 95.44300 48.59160 0.40811
H 74.91890 58.23350 0.34985
H 94.96430 51.58000 0.09711
H 92.04430 52.95440 0.24361
H 74.72200 61.50990 0.48227
H 91.82710 56.04640 0.47023
H 88.81680 57.47320 0.55721
H 86.19970 58.94290 0.41819
H 74.27680 64.41940 0.90661
H 87.03350 62.04620 0.19833
H 79.97930 64.95660 0.58886
H 76.97720 66.44760 0.37183
H 85.66390 64.97320 0.46478
H 82.84110 66.59320 0.30034
H 76.25890 46.93440 -0.71446
H 74.84890 50.26220 -0.08274
H 84.00470 70.96030 0.26951
H 81.32930 69.25190 0.45990
H 78.40970 70.75220 0.65765
H 75.54290 69.14860 0.49133
H 72.92290 70.85920 0.90685
H 94.76000 54.78280 0.10238
H 94.28390 58.03070 0.35086
H 91.21290 58.90900 0.75716
H 90.09810 61.70440 0.78508
H 88.91780 64.51020 0.70603
H 87.96010 67.29380 0.85652
H 89.88450 69.74850 0.74615
H 86.74500 70.18010 0.49056
H 83.89410 50.80160 0.69294
H 92.39710 49.82840 0.11680
H 89.38030 51.09950 0.32132
H 86.57150 52.50710 0.60618
H 83.57870 53.92390 0.67411
H 80.79210 55.41130 0.57685
H 77.84420 56.87500 0.22537
H 89.18930 54.33190 0.50937
H 86.27410 55.72300 0.52991
H 83.46510 57.23910 0.52411
H 80.57940 58.59660 0.42313
H 77.57520 59.95510 0.42268
H 83.25490 60.38290 0.38884
H 80.25720 61.85660 0.58023
H 77.41790 63.26720 0.51464
H 82.90170 63.49000 0.61086
H 73.09700 47.01660 -0.20508
H -1.26221 60.49510 0.25999
H 93.26330 61.09820 0.42859
H 95.30510 63.54860 0.09045
H 92.05390 64.06640 0.39929
H 94.32030 66.60330 -0.03907
H 91.09200 66.99650 0.36210
H -1.24031 69.04460 -0.27359
H 93.04980 69.48440 -0.02671
H 95.07940 72.08560 -0.65039
C 87.59760 47.23870 1.38829
C 84.80460 48.97550 1.92116
C 82.22370 50.55270 2.51010
C 78.76160 51.62500 1.83462
C 75.89790 53.57890 1.87480
C 93.68780 48.34070 1.71889
C 75.81000 56.85710 1.72321
C 72.70590 57.62290 1.23287
C 75.63200 59.93500 2.04080
C 95.99030 53.17350 1.73548
C 93.01880 54.47090 1.92074
C 90.04520 55.87830 2.13127
C 86.86300 57.45770 2.19829
C 75.52340 63.25830 2.20750
C 88.36060 59.93560 0.88353
C 84.78700 62.12490 1.32027
C 77.98220 65.10090 2.13904
C 83.75140 65.22600 2.10752
C 80.74420 67.08540 1.46873
C 83.57550 68.72200 1.27618
C 76.64550 49.30570 0.24643
C 74.66910 51.95910 1.81226
C 80.38990 70.66490 2.19355
C 77.72060 68.53300 1.51280
C 74.60310 66.88300 1.01472
C 72.70890 62.46520 1.58616
C 95.62970 56.46680 1.77195
C 92.74340 57.52050 2.21142
C 91.80540 60.71620 2.36763
C 90.63530 63.57000 2.38006
C 89.69780 66.45570 2.28806
C 86.90700 65.45180 2.17659
C 88.12040 69.22210 2.43581
C 90.21160 71.77910 2.04075
C 90.55210 49.39040 1.77791
C 87.51580 50.56030 1.95056
C 84.73560 52.47230 2.26306
C 81.68140 53.87290 2.34154
C 78.67160 55.16130 1.93673
C 93.06650 51.42390 1.89459
C 90.26950 52.70000 1.97419
C 87.35680 54.22550 2.15443
C 84.42610 55.64800 2.16953
C 81.60640 57.09040 2.15680
C 78.68730 58.37260 1.96852
C 84.34880 58.96090 2.06653
C 81.41270 60.28550 2.07413
C 78.34830 61.61130 2.08945
C 81.06590 63.51320 2.26135
C 73.17290 48.88520 1.41812
C 75.02780 70.73910 2.33374
C 94.72210 59.86250 1.94188
C -0.91280 62.39020 1.73198
C 93.71020 63.02770 1.88202
C 95.75450 65.41010 1.59944
C 92.74580 65.93130 1.77691
C 94.77600 68.49340 1.48658
C 91.75570 68.76360 1.94733
C -0.94921 71.10390 1.02455
C 93.59560 71.49680 1.42485
C 95.26650 95.00860 -2.18747
C 92.16440 94.60710 -2.28353
C 89.01510 94.75470 -2.58699
C 96.18910 77.94000 -3.70197
C 93.05450 77.94430 -3.96885
C 88.64180 80.58430 -4.59216
C 86.33700 83.10900 -4.35827
C 86.07560 86.14170 -5.37174
C -1.48817 89.54840 -3.35715
C 92.89730 89.65100 -3.48086
C 86.52760 89.35680 -4.33956
C 90.70830 92.09620 -3.33464
C 72.50540 88.93880 -0.87959
C 80.35710 89.92250 -2.91405
C 77.65310 91.08670 -2.18302
C 83.17320 93.36390 -3.23624
C 85.66410 94.90260 -2.81669
C 82.72500 95.75790 -2.46910
C 88.82340 75.89610 -0.69045
C 85.90660 72.63640 0.25052
C 82.94390 72.15290 -1.07250
C 85.74510 75.80600 -1.81438
C 86.22450 78.88450 -3.28227
C 83.35420 81.23730 -2.96743
C 82.79730 84.41700 -4.52661
C 80.72790 86.50540 -3.53177
C 77.75760 87.95220 -2.73980
C 75.42840 87.18420 -1.82046
C 72.47140 85.48270 -1.67290
C 95.03600 74.15560 -2.13166
C 91.22640 73.84000 -1.56893
C 92.66150 75.95500 -3.60590
C 94.79490 80.88530 -4.02846
C 91.71740 80.92910 -4.38012
C -1.41674 83.93530 -3.76627
C 93.20910 83.80870 -4.17789
C 90.05150 83.56980 -4.58145
C 94.56160 86.70330 -3.72363
C 91.46650 86.59420 -4.15898
C 88.20410 86.12620 -4.61837
C 89.63860 89.33490 -3.90171
C 87.02730 92.04000 -2.75232
C 74.74220 91.48950 -1.61449
C 71.75760 92.41230 -1.29127
C 80.26620 93.32640 -2.44306
C 77.01960 93.98200 -2.01034
C 73.96260 94.73500 -1.55902
C 82.89770 75.07330 -1.38666
C 80.20010 73.80010 -1.20135
C 77.46140 72.27520 -1.02581
C 83.03550 77.97280 -2.27634
C 80.18640 76.81760 -1.57653
C 77.44580 75.47000 -1.26281
C 74.66370 74.00610 -1.05107
C 80.47690 79.95190 -2.18463
C 77.55680 78.58690 -1.68537
C 74.76540 77.14740 -1.32396
C 80.51320 82.83130 -2.85640
C 77.61960 81.74360 -2.14314
C 74.86240 80.47240 -1.64346
C 72.07870 78.97460 -1.37160
C 77.76350 84.86480 -2.63000
C 75.00100 83.59020 -1.95127
C 72.15810 82.24330 -1.56097
H 95.40540 92.90970 -0.61891
H 92.34520 92.80440 -1.43912
H 90.40950 95.30760 -0.61870
H 87.25110 95.17870 -0.98013
H 96.03920 76.50980 -1.48330
H 94.55190 79.18250 -2.34674
H 91.43040 79.20250 -2.47435
H 88.63730 79.22080 -2.36944
H 86.94900 81.20770 -2.97247
H 84.65140 84.87680 -3.74038
H 86.49890 87.20410 -3.18298
H 94.17560 90.29030 -1.90393
H 90.96180 90.07600 -1.94357
H 87.85380 89.83160 -2.32786
H 84.74990 89.67970 -2.40260
H 89.08920 92.56320 -1.50569
H 77.66400 89.21590 -0.54113
H 74.67950 89.86700 -0.11426
H 71.46020 90.76050 0.53834
H 82.52710 91.09500 -2.19766
H 79.81580 91.42370 -1.01839
H 84.97900 92.85420 -1.68938
H 86.67720 74.94420 0.40113
H 83.81340 73.89440 0.50456
H 86.94050 77.47800 -1.28951
H 84.37550 79.66770 -1.84434
H 81.74230 81.67190 -0.98294
H 81.80770 84.76700 -2.13727
H 81.97390 88.15530 -1.95783
H 79.19990 86.55610 -1.54888
H 76.26590 85.31770 -0.70258
H 73.58770 86.93660 -0.10318
H 91.93510 72.39110 0.37043
H -0.20343 74.19190 -1.26020
H 92.95780 75.14020 -1.13443
H 89.84690 74.47870 0.65635
H 93.59800 95.57240 -0.43901
H 96.22350 81.97530 -2.35461
H 93.10610 81.93140 -2.65849
H 89.96310 81.79280 -3.00021
H 94.48280 84.75500 -2.30557
H 91.36700 84.57940 -2.85426
H 88.11780 84.31770 -3.24983
H 95.93060 87.58980 -1.85962
H 92.76080 87.47290 -2.23198
H 89.54940 87.18930 -2.75768
H 76.73920 92.26790 -0.29258
H 73.69690 92.96400 0.14654
H 82.13150 93.87160 -1.05354
H 79.00000 94.53090 -0.66707
H 75.96770 95.29480 -0.20327
H 81.09100 72.36700 0.57461
H 84.09390 76.89010 -0.30667
H 81.18740 75.54140 0.21285
H 78.41800 74.00080 0.45138
H 75.61090 72.51470 0.67011
H 81.45520 78.59180 -0.41907
H 78.45060 77.21220 0.13140
H 75.70030 75.68350 0.43428
H 72.85030 74.29190 0.62059
H 78.75260 80.37210 -0.44096
H 75.78290 78.93010 0.00592
H 73.00360 77.45150 0.37113
H 78.97750 83.48760 -0.98685
H 76.05330 82.15170 -0.25432
H 73.11380 80.64820 0.10333
H 73.36810 83.79990 -0.10710
C 95.24080 94.69410 1.20963
C 92.03520 94.10320 0.79635
C 88.73760 93.94070 0.50200
C 96.02470 78.30380 -0.53106
C 93.02460 78.64230 -0.51407
C 88.48280 81.46110 -1.13458
C 86.05870 83.32840 -2.38506
C 84.08240 87.24790 -3.11686
C 95.58170 89.18510 -0.00013
C 92.49150 88.98030 -0.32029
C 86.07780 88.60130 -1.09415
C 90.67620 91.48250 0.05528
C 72.81710 88.81920 1.23747
C 81.50210 89.94090 -0.09403
C 78.42960 91.05820 0.98321
C 83.40170 92.12470 0.03192
C 85.55430 94.04880 0.37354
C 82.72520 95.40400 0.74523
C 88.47280 74.83810 2.29653
C 85.27980 74.61520 2.37338
C 82.99900 72.29330 2.12950
C 86.07400 77.28090 1.05470
C 86.64420 79.93020 -0.89639
C 83.88370 81.28300 0.11787
C 83.81070 85.03170 -1.27729
C 81.54970 86.73880 -0.52033
C 79.15800 88.24920 0.37558
C 75.86730 87.69890 0.04304
C 72.71660 85.46990 1.59130
C 95.21200 74.49910 -0.02247
C 92.28440 74.62780 1.31870
C 91.70670 77.26970 -0.72537
C 94.47900 81.16930 -0.86936
C 91.33710 81.35750 -1.09211
C 95.92170 83.72250 -0.64760
C 92.71050 83.70900 -1.05184
C 89.61960 83.61830 -1.49847
C 94.20290 86.46570 -0.56497
C 91.02920 86.20620 -1.04918
C 87.78710 86.00420 -1.50098
C 89.29200 88.68310 -0.78301
C 86.93370 91.57130 -0.92273
C 75.22960 91.58930 1.57230
C 72.11410 92.56570 2.02113
C 80.51600 93.14830 0.63726
C 77.48790 94.05070 1.24711
C 74.28580 94.90430 1.57140
C 83.14290 75.92670 1.65693
C 80.32290 74.19930 2.00632
C 77.56340 72.52840 2.20625
C 83.60870 79.20450 0.47500
C 80.50990 77.49770 1.49007
C 77.63190 75.77870 1.94595
C 74.74420 74.25000 2.19566
C 80.78090 80.48430 0.99174
C 77.74840 79.14960 1.49479
C 74.96570 77.52530 1.86230
C 81.26360 83.62080 0.09272
C 78.20540 82.32730 1.02835
C 75.10520 80.74050 1.55075
C 72.17610 79.23950 1.90246
C 78.40960 85.43170 0.49114
C 75.39230 84.03350 1.22954
C 72.29250 82.41210 1.62728
