2979
Frame 1
C 10.18130 -0.59791 -0.94740
C 11.64380 2.23721 -0.78616
C 9.66301 4.70316 -1.19547
C 8.48034 7.74556 -0.73206
C 6.16194 9.69834 -1.55080
C 2.85080 10.10750 -1.38758
C -0.84520 9.14103 -1.72377
C 21.82640 1.25720 -0.85093
C 20.05550 5.36444 0.20669
C 22.57440 6.89192 -1.38693
C 22.58200 12.44840 -1.38733
C 17.12290 1.97271 -1.27594
C 13.94980 0.24698 -0.18624
C 16.96310 5.32889 -1.50985
C 20.58650 9.87233 -1.34301
C 17.36640 8.59768 -1.50336
C 11.63000 5.53623 -1.23273
C 20.71150 13.35630 -1.53496
C 11.97720 9.10245 -1.51953
C 20.84510 16.44220 -1.45006
C 9.34875 11.04930 -1.58651
C 21.04900 19.98130 -1.41878
C 9.62337 14.23420 -1.56085
C 6.53663 12.63850 -1.75851
C 21.38030 23.23670 -1.39600
C 12.93680 18.77330 -1.46311
C 9.62512 17.41360 -1.35577
C 12.76780 22.37790 -0.55651
C 18.16760 0.05143 -1.15066
C 3.15316 12.21550 -1.36445
C 4.88832 15.14490 -1.36767
C 1.38844 14.77920 -1.30387
C 6.37416 17.50160 -1.35583
C -0.01066 17.80360 -1.59786
C 7.79572 20.21150 -1.62454
C 9.60363 22.90320 -1.34402
C 7.08673 -0.86335 -1.13332
C 8.31878 1.92079 -1.08482
C 5.13559 1.70114 -1.39965
C 2.01428 1.28869 -1.64119
C 6.45150 4.51472 -1.40125
C 3.24602 4.21360 -1.54882
C 0.08699 3.80456 -1.64158
C 4.55610 7.14701 -1.49765
C 1.39176 6.79975 -1.61522
C 14.35200 3.89270 -1.24486
C 14.56080 7.17756 -1.33363
C 17.78160 11.76120 -1.51105
C 14.85320 10.45820 -1.40244
C 17.91560 15.12540 -1.52478
C 15.14030 13.70260 -1.43081
C 12.28770 12.33010 -1.45815
C 18.30800 18.59100 -1.36262
C 15.43970 17.03290 -1.32530
C 12.57930 15.63870 -1.40892
C 18.34130 21.94550 -1.43730
C 15.59630 20.39510 -1.36208
C 3.17464 17.76610 -1.57601
C 4.80877 20.47680 -1.55282
C 1.73238 20.56810 -1.64178
C 6.50688 23.16470 -1.49030
C 3.31645 23.26510 -1.61296
C 0.15223 23.35940 -1.76387
H 11.54520 0.36290 0.95944
H 9.73404 3.02226 0.57526
H 7.89905 5.56571 0.30197
H 6.16894 8.24270 0.10994
H -0.45051 7.31867 -0.00294
H 0.74406 10.24040 -0.03275
H 20.70230 2.92201 0.70016
H 22.44580 5.29718 0.48874
H 20.83140 7.82770 0.25901
H 22.46810 10.54710 0.22558
H 22.99370 16.31890 0.05331
H 17.97340 3.86222 0.34122
H 15.25690 2.25526 0.51739
H 18.03360 6.87167 0.25507
H 12.59490 4.11088 0.49954
H 12.63300 7.40740 0.22512
H 18.79220 13.41230 0.22761
H 10.10310 9.40678 0.10283
H 21.53340 18.48770 -0.09051
H 18.93620 16.71550 0.15490
H 7.48932 11.22600 0.01840
H 22.12100 21.50100 0.32927
H 7.92666 14.25920 -0.36659
H 11.03430 18.86300 0.36969
H 7.99903 18.52110 0.18890
H 20.07970 -0.00635 0.36924
H -0.71840 13.38410 -1.28947
H 4.93605 13.15070 0.07284
H 1.78104 13.10080 0.59371
H 6.17889 15.97940 0.67105
H 4.77346 18.66440 0.03694
H 9.52131 21.26190 -0.06350
H 6.40829 21.32010 0.06771
H 8.42807 0.17703 0.59776
H 5.23996 -0.11829 0.20144
H 2.08830 -0.59868 -0.10264
H -0.98642 -1.14053 -0.17430
H 6.52239 2.75497 0.30578
H 3.36118 2.38220 0.05099
H 0.25321 1.91806 -0.11299
H 4.68727 5.29532 0.12693
H 1.50677 4.93196 0.00424
H 2.81394 7.93867 0.10577
H 15.32250 5.52598 0.35584
H 18.55160 10.04950 0.18001
H 15.60160 8.76810 0.25026
H 15.95160 12.01280 0.19756
H 12.99470 10.62480 0.17938
H 16.15290 15.24770 0.21874
H 13.28780 13.88960 0.18400
H 10.40280 12.50920 0.07891
H 19.14100 20.30770 0.20633
H 16.41940 18.67580 0.26042
H 13.57700 17.13490 0.28338
H 10.68990 15.75460 0.20194
H 16.51370 22.06760 0.24537
H 13.77170 20.31160 0.31737
H 3.05353 15.92560 0.05577
H -0.17384 16.08530 0.09975
H 1.59436 18.77050 -0.05061
H 3.25281 21.47170 0.00170
H 0.11007 21.56830 -0.16716
C 9.74481 -0.21278 2.65238
C 11.57460 2.56462 2.16578
C 9.53142 4.95366 2.06791
C 8.42845 7.84547 1.10320
C 6.08119 9.86723 1.64875
C 2.40975 9.82595 1.81062
C -1.11697 9.19992 1.46066
C 21.91410 0.97049 1.75045
C 21.85810 4.12612 2.61926
C 22.57260 7.17942 2.06708
C 22.54330 12.48100 1.86005
C 17.28390 1.96446 2.06143
C 13.96900 0.23793 1.66160
C 17.03200 5.46533 2.15366
C 20.54330 9.96365 1.76457
C 17.39870 8.67592 1.95929
C 11.52130 5.79341 1.91767
C 20.77840 13.61440 1.86837
C 11.87690 9.18418 1.85605
C 20.93790 16.68620 1.64516
C 9.27329 11.07200 1.72360
C 21.07260 20.17520 1.79517
C 9.50130 14.15300 1.65921
C 6.86515 12.98370 1.59721
C 21.46090 23.49470 1.77659
C 12.98570 18.73160 2.09902
C 9.46603 17.27080 1.78178
C 12.75140 22.35760 1.31556
C 18.20380 -0.11468 1.90004
C 3.50530 11.66680 1.63334
C 4.29318 14.76730 1.82693
C 1.40069 15.00700 1.74267
C 6.22812 17.69330 1.81263
C -0.10285 17.86260 1.48372
C 7.90898 20.40650 1.76459
C 9.42098 22.98390 1.86268
C 6.73403 -0.86514 1.96565
C 8.05849 2.08338 2.06306
C 4.93626 1.67958 1.77841
C 1.87273 1.18621 1.53392
C 6.26223 4.60011 1.89240
C 3.12535 4.18868 1.66309
C 0.04376 3.70667 1.52566
C 4.50721 7.18615 1.71422
C 1.28087 6.72185 1.69203
C 14.41330 4.04934 2.15711
C 14.49330 7.28524 1.89212
C 17.77960 11.76720 1.91365
C 14.80030 10.50730 1.82820
C 17.95770 15.20140 1.92339
C 15.12600 13.69630 1.83894
C 12.16700 12.34150 1.74866
C 18.36060 18.57880 1.78111
C 15.47870 16.99520 1.82082
C 12.52720 15.55840 1.85598
C 18.39400 21.94270 1.88953
C 15.66820 20.41510 1.91267
C 3.10609 17.81400 1.58710
C 4.75463 20.51070 1.62997
C 1.55852 20.63530 1.49441
C 6.34886 23.16170 1.66177
C 3.18612 23.33600 1.54391
C -0.00726 23.41680 1.36564
C 21.48850 26.47910 -1.74189
C 18.92480 28.34090 -1.66310
C 13.44650 25.92150 -1.19867
C 16.48990 30.46490 -1.61816
C 21.83940 29.67400 -1.70055
C 22.69400 32.83700 -1.97502
C 23.03110 36.25130 -2.21918
C 23.24850 45.37880 -2.56771
C 20.22740 44.41390 -1.73143
C 19.77650 32.30330 -1.02680
C 16.74940 33.06390 -1.63760
C 13.80250 32.16390 -1.55014
C 17.95150 36.07090 -1.46651
C 11.40320 34.39990 -1.30526
C 18.84590 39.05040 -1.34528
C 9.32898 36.99360 -1.61209
C 20.12640 41.34160 -1.50820
C 16.69530 41.21950 -1.63718
C 6.98972 39.21550 -1.50365
C 3.21946 39.19310 -1.57494
C 14.52880 43.61620 -1.71694
C 1.17370 42.63890 -1.29950
C 12.24730 45.92480 -1.74120
C 3.37883 44.53260 -1.86551
C 0.65729 47.04340 -1.64314
C 11.32510 25.58610 -1.28730
C 10.08150 28.56920 -1.38584
C 11.28320 31.39970 -1.65375
C 8.23513 31.19540 -1.57831
C 7.52820 34.32770 -0.90340
C 3.93621 34.34730 -1.65200
C 2.37002 37.16950 -1.62439
C -0.98139 36.71360 -1.97005
C 18.70030 25.03830 -1.46810
C 15.74150 23.85200 -1.32877
C 16.19230 27.06100 -1.58283
C 14.55020 35.24920 -1.45328
C 15.57890 38.22080 -1.48447
C 12.41270 37.55940 -1.47557
C 13.39570 40.58900 -1.57467
C 10.20380 40.00040 -1.56142
C 11.26390 42.96670 -1.61681
C 8.18492 42.42070 -1.60656
C 4.96999 41.89670 -1.68433
C 9.24435 45.47940 -1.55207
C 6.19830 44.97770 -1.56570
C 3.99192 47.54440 -1.50708
C 8.21497 25.86340 -1.39847
C 5.00884 25.98150 -1.54109
C 1.80989 26.07790 -1.68622
C 6.66392 28.60950 -1.50329
C 3.46205 28.72630 -1.62224
C 0.25259 28.87500 -1.74806
C 5.10058 31.38870 -1.61669
C 1.96732 31.51400 -1.71617
C 0.60933 34.29410 -1.73108
H -0.72584 42.87860 0.51523
H 22.36030 24.68690 0.03315
H 19.76370 26.72040 0.03716
H 14.10500 24.17330 0.44532
H 17.15840 28.65480 0.09998
H 14.17250 27.41230 0.13864
H 14.52790 30.37250 0.14268
H 22.72670 27.90050 -0.12905
H 23.20980 31.10610 -0.12867
H 20.20180 29.93160 -0.15774
H 22.47590 40.37990 -1.10436
H 23.26040 43.34800 -2.07326
H 21.09320 42.99330 0.12592
H 18.85580 45.40500 0.20591
H 18.11590 33.86830 -0.06762
H 15.03470 33.45030 0.14768
H 12.21150 32.67280 0.20588
H 19.10480 36.94390 0.25913
H 9.59497 35.24570 0.14750
H 19.96370 40.05200 0.72203
H 7.36485 37.63200 0.09763
H 18.09250 42.42200 -0.32774
H 5.04282 40.08820 0.09923
H 1.45996 40.38500 -0.03569
H 15.96410 44.80070 0.14339
H 3.31198 42.81320 -0.12187
H 13.82790 47.26510 -0.05796
H 1.37411 45.02270 -0.33380
H 11.10600 23.85540 0.37559
H 8.02875 24.03320 0.17877
H 9.78237 26.70170 0.31579
H 11.56930 29.46530 0.07490
H 9.70217 32.11790 0.09545
H 6.68985 32.23410 0.04704
H 5.27117 35.17630 0.00681
H 2.12695 35.21020 -0.09849
H -1.13880 35.06430 -0.21731
H 0.42622 37.74900 -0.26388
H 19.43830 23.42750 0.23329
H 16.89160 25.46210 0.18911
H 21.79270 45.85900 -0.62468
H 15.99290 36.40160 0.13562
H 12.78530 35.77890 0.19722
H 16.94980 39.43730 0.15571
H 13.80030 38.83080 0.09910
H 10.62730 38.21910 0.11272
H 14.84350 41.82920 -0.01891
H 11.65690 41.20670 0.03896
H 8.46153 40.62610 0.04766
H 12.75720 44.18740 -0.06542
H 9.56754 43.64530 0.03400
H 6.41308 43.08580 -0.01954
H 10.70150 46.65880 0.01921
H 7.55487 46.13670 0.09746
H 4.45437 45.68190 -0.00957
H 4.87931 24.14070 0.01793
H 1.69583 24.24810 -0.11338
H 6.57526 26.80850 0.11728
H 3.36469 26.90270 -0.02068
H 0.17806 27.02640 -0.15810
H 8.29281 29.42730 0.12089
H 5.03251 29.58450 0.01550
H 1.84190 29.69750 -0.10165
H 3.52513 32.44310 -0.06542
H 0.32685 32.42650 -0.16200
C 21.61630 26.63730 1.70477
C 19.12180 28.52690 1.64992
C 13.33470 25.85720 2.07289
C 16.61600 30.59640 1.71918
C 22.04970 29.65190 1.52083
C 22.24680 32.92870 1.11932
C 22.93920 36.07660 1.00710
C 23.26700 44.18470 0.29835
C 20.49770 45.15250 1.36485
C 19.92630 32.23100 0.81524
C 16.80600 32.73910 1.70633
C 13.86760 32.17300 1.89364
C 17.88730 35.79280 1.71384
C 11.38550 34.43480 1.66956
C 18.63640 39.00480 2.00458
C 9.30843 37.02870 1.85836
C 19.52260 42.24940 1.91346
C 16.62520 41.39220 1.61513
C 7.01726 39.26640 1.68861
C 3.11316 39.03110 1.51084
C 14.61700 43.77040 1.61135
C 1.61081 41.96770 1.55360
C 12.35710 45.90790 1.67741
C 3.02939 44.54130 1.58626
C 0.80883 46.66920 1.65065
C 11.26080 25.61200 1.99824
C 9.81808 28.60130 1.89052
C 11.14640 31.32040 1.92079
C 8.14786 31.25400 1.75304
C 7.47068 34.32870 1.04443
C 3.83933 34.35280 1.55716
C 2.04682 37.14720 1.47052
C -1.14346 36.83510 1.37511
C 18.78290 25.22740 1.77274
C 15.93550 23.89790 1.89875
C 16.19530 27.16900 1.87889
C 14.58850 35.21920 1.77316
C 15.54190 38.20870 1.74338
C 12.39970 37.63320 1.74608
C 13.45300 40.70870 1.66116
C 10.23640 40.08130 1.69151
C 11.35040 43.04670 1.61291
C 8.13250 42.47170 1.65634
C 4.88682 41.81040 1.53906
C 9.30276 45.46830 1.65626
C 6.10960 44.91850 1.60761
C 3.97471 47.38220 1.67348
C 8.02100 25.82710 1.80743
C 4.86870 25.94980 1.62484
C 1.67475 26.05540 1.48960
C 6.56056 28.65460 1.66923
C 3.33979 28.74800 1.55531
C 0.14163 28.85650 1.43547
C 4.98496 31.43540 1.61103
C 1.86644 31.53540 1.49962
C 0.46505 34.28410 1.42174
C 18.49150 47.24190 -1.65713
C 15.25890 46.66990 -1.71951
C 13.38530 50.76620 -1.56210
C 15.36210 53.70130 -1.84497
C 12.19490 53.98540 -1.69626
C 16.97720 56.31970 -1.70766
C 18.88870 58.89020 -1.70647
C 20.81170 61.56270 -1.73010
C 22.66990 64.32770 -1.43609
C 17.54490 61.65530 -1.73249
C 15.19540 59.74690 -0.90853
C 11.92070 59.14890 -1.63575
C 10.08770 56.88710 -0.68945
C 20.77790 66.66800 -1.78243
C 18.34110 64.81290 -1.20123
C 9.06282 60.64530 -1.34303
C 20.96970 69.86820 -2.14637
C 9.51473 63.91120 -1.69854
C 9.69230 67.29260 -1.80733
C 7.25356 69.27600 -1.84595
C 11.48550 51.58290 -1.43648
C 5.13333 50.44260 -1.35963
C 1.76320 49.96470 -1.50434
C 9.17022 53.83620 -1.28853
C 6.25547 53.42430 -1.11042
C 3.13438 52.86800 -1.31196
C -0.09420 52.59900 -1.62185
C 4.58760 55.88620 -1.09032
C 6.70690 58.35300 -0.62280
C 5.34112 61.15100 -1.56698
C 7.46642 63.61240 -1.90427
C 6.27301 66.43100 -1.57051
C 5.17008 69.38540 -1.68700
C 21.58940 47.88650 -1.93288
C 19.93400 50.42980 -1.74288
C 16.61440 50.11560 -1.06594
C 21.74730 53.19560 -1.74257
C 18.44200 53.41900 -1.74282
C 20.30770 56.06790 -1.71417
C 22.15410 58.71880 -1.63103
C 15.11310 63.65070 -1.67063
C 12.22610 62.15690 -1.56716
C 18.12980 68.40300 -1.90467
C 15.40970 66.76600 -1.75489
C 12.43380 65.43800 -1.79282
C 15.52170 70.15210 -1.92178
C 12.71210 68.66060 -1.83757
C 10.14890 70.55150 -1.91380
C 10.41660 48.54940 -1.52517
C 7.20637 47.97670 -1.46875
C 8.18278 50.91670 -1.35988
C 0.96981 55.60810 -0.78651
C 3.15199 58.62700 -1.40037
C -0.04766 59.34360 -1.44848
C 2.06864 61.66830 -1.41123
C 4.02135 64.08520 -1.61231
C 0.90352 64.69700 -1.36072
C 3.06442 67.06430 -1.51031
C -0.17457 67.68060 -1.31624
C 1.92653 70.02050 -1.58426
H 0.09852 50.44860 -0.14172
H 16.95400 47.82540 -0.23257
H 15.08880 51.89090 -0.08956
H 13.94400 54.81180 0.11680
H 15.47330 57.45250 0.10426
H 20.54160 59.73730 -0.11059
H 17.43540 59.87040 -0.07843
H 22.28930 62.39180 0.03050
H 12.49190 57.32620 0.14322
H 10.85470 54.76810 0.21526
H 20.93060 65.05300 0.12400
H 19.05470 62.60210 -0.35694
H 15.75340 61.94910 -0.05646
H 13.09570 60.47520 0.05969
H 10.27660 59.17310 0.28308
H 21.80130 68.06550 -0.52237
H 10.33380 62.33150 -0.02940
H 10.58140 65.63730 -0.14299
H 7.93527 67.65870 -0.10260
H 8.31952 70.83420 -0.26880
H 11.79890 49.69650 0.14600
H 2.21290 48.02410 0.11009
H 9.70084 51.99120 0.20125
H 6.52805 51.51240 0.36392
H 3.31713 50.94430 0.23018
H 7.74371 54.43330 0.76030
H 4.43325 53.96130 0.49787
H 1.33154 53.35870 0.26211
H 5.84836 56.48570 1.17713
H 4.92113 59.35070 0.16592
H 7.08937 61.75400 -0.32407
H 5.95543 64.71580 -0.20853
H 4.84663 67.69150 0.01089
H 3.78616 70.72410 -0.10372
H 23.31240 48.55940 -0.35332
H 20.03630 48.53390 -0.11043
H 21.64510 51.29660 -0.18556
H 18.44300 51.55540 -0.08231
H 20.16180 54.19030 -0.15443
H 16.96250 54.44780 -0.06430
H 21.91750 56.86890 -0.04915
H 18.72010 57.04390 -0.12069
H 18.92570 66.93580 -0.18672
H 16.26030 65.16680 -0.03394
H 13.23940 63.83940 -0.02578
H 19.22950 69.99650 -0.38034
H 16.30720 68.52710 -0.26234
H 13.51120 67.00620 -0.14930
H 13.68640 70.31680 -0.27255
H 10.84280 68.86990 -0.23403
H 8.67070 49.07290 0.13559
H 5.47590 48.57470 0.15039
H 2.84149 56.82050 0.31848
H -0.50804 57.41770 0.03676
H 1.72665 59.83740 0.22920
H 3.87330 62.32340 0.11287
H 0.71631 62.86070 0.23045
H 2.76954 65.27460 0.12224
H -0.39109 65.87590 0.32336
H 1.70380 68.26940 0.12035
H 0.61667 71.24330 0.11860
C 18.53420 47.55930 1.63312
C 15.35980 47.02570 1.59277
C 13.51630 50.77240 1.60942
C 15.55010 53.57910 1.81145
C 12.33000 53.88260 1.96908
C 16.87800 56.44570 1.49212
C 18.90640 58.85890 1.50131
C 20.47700 61.61500 1.42423
C 22.47470 64.14770 1.75363
C 17.64880 61.72090 1.45230
C 15.26970 59.79450 0.94839
C 12.18160 59.19470 1.94099
C 10.19120 56.86670 1.21343
C 20.67290 67.05410 1.50299
C 18.60090 64.74660 0.70643
C 9.35885 60.65870 1.64140
C 21.21760 70.02570 1.15988
C 9.46540 64.00530 1.49466
C 9.75199 67.40280 1.49411
C 7.37761 69.41590 1.53519
C 11.64640 51.72860 1.65854
C 5.03287 50.26180 1.84724
C 1.79098 49.75660 1.79214
C 9.20364 53.80630 1.79690
C 6.03988 53.12290 2.16393
C 2.92644 52.64090 1.98469
C -0.17363 52.18320 1.82237
C 3.66634 55.50630 2.28479
C 5.50233 58.28320 2.47567
C 5.50960 61.25260 1.60647
C 7.47163 63.53800 1.39168
C 6.40930 66.50970 1.46047
C 5.29044 69.50650 1.51336
C 21.73490 47.47190 1.19915
C 20.02180 50.42590 1.48377
C 16.64120 50.07140 0.80481
C 21.68130 53.12360 1.45330
C 18.53790 53.41320 1.54245
C 20.23220 56.00990 1.50056
C 22.00000 58.69180 1.55770
C 15.13560 63.64130 1.58696
C 12.21050 62.23680 1.57018
C 18.16220 68.61650 1.35416
C 15.43310 66.96380 1.45752
C 12.40840 65.55930 1.57107
C 15.55350 70.25120 1.33011
C 12.72650 68.77580 1.39134
C 10.22200 70.71480 1.33254
C 10.59950 48.57130 1.62725
C 7.22064 47.94120 1.72369
C 8.35395 50.82730 1.82647
C 0.79917 55.59010 1.13430
C 3.23943 58.64870 1.86552
C -0.02538 59.09320 1.81768
C 2.20173 61.69050 1.79400
C 4.35266 64.18520 1.63566
C 1.11147 64.66330 1.81031
C 3.17990 67.11300 1.68004
C 0.07041 67.70470 1.86140
C 2.15553 70.11480 1.66751
C 7.68512 91.19770 -1.29253
C 8.92103 93.99030 -0.98320
C 5.91980 93.94230 -1.49430
C 2.84100 92.85100 -1.48778
C -0.55009 92.70940 -2.09543
C 2.85416 75.38830 -1.90465
C 7.63745 77.36050 -1.87073
C 4.57090 78.05300 -2.14646
C 1.38661 78.18600 -2.02758
C 9.99640 85.83820 -4.34003
C 8.41712 89.22720 -1.54328
C 5.05959 89.40730 -1.66410
C 1.78062 89.83530 -1.76622
C 20.86060 80.76010 -1.81869
C 17.78290 81.79430 -1.76343
C 14.68920 83.57010 -2.17250
C 11.66090 85.35450 -3.24951
C 11.48540 88.22880 -1.43031
C 10.88600 91.24000 -0.13962
C 13.40310 93.11250 -0.50401
C 15.69390 95.19170 -0.60824
C 20.89980 95.84550 -1.31966
C 21.77050 73.23210 -1.87454
C 21.62720 77.12580 -1.45647
C 18.82290 78.14600 -1.93370
C 7.25978 72.38380 -1.89049
C 13.26340 78.45260 -2.33431
C 10.50800 76.83530 -2.62199
C 6.64742 75.38620 -1.38244
C 13.67100 81.74040 -2.34454
C 4.04048 72.53410 -1.78371
C 0.87335 72.98510 -1.67947
C 3.93140 -1.10042 -1.59001
C 0.74722 95.77570 -1.84268
C 6.19129 80.70310 -2.44351
C 3.00329 80.86680 -2.30942
C -0.10700 80.98250 -2.13826
C 7.51889 83.45000 -3.30671
C 4.41226 83.62090 -2.55161
C 1.40974 83.79290 -2.27200
C 6.43702 86.53260 -2.27164
C 3.19717 86.66900 -2.23241
C -0.06691 86.74620 -2.22971
C 20.31040 84.03150 -1.76241
C 17.39570 85.32890 -1.78284
C 14.45280 86.87620 -1.67037
C 19.88440 87.35600 -1.61721
C 16.92150 88.66320 -1.42925
C 13.91780 90.03790 -1.05524
C 22.32940 89.41350 -1.58431
C 19.32540 90.60480 -1.34266
C 16.35760 91.83630 -1.01151
C 21.73060 92.66420 -1.37640
C 18.69860 93.74270 -1.16491
C 18.48560 71.71930 -1.98293
C 18.82170 74.92930 -2.08083
C 15.80150 73.37070 -2.07791
C 12.93530 71.91490 -1.99296
C 16.02220 76.48820 -2.26940
C 13.21660 75.09080 -2.26143
C 10.15210 73.65880 -2.13678
C 16.42660 80.16050 -2.16929
H 8.78624 92.16380 0.68386
H 5.81609 92.06440 0.07204
H 10.11050 95.13870 1.08770
H 4.03367 94.47160 -0.10514
H 0.91454 93.78820 -0.38262
H 4.57714 76.26400 -0.46328
H 1.38097 76.51170 -0.01513
H 6.33839 78.96920 -0.49034
H 7.78424 81.72920 -1.16249
H 9.38834 84.13520 -2.42931
H 6.67455 89.51260 0.19973
H 3.45714 90.06890 0.13935
H -0.29117 90.67320 -0.62348
H 20.50590 78.95770 -0.25105
H 19.76440 82.25620 -0.06450
H 16.66860 83.58960 -0.52763
H 13.70740 84.91150 -0.17435
H 10.95510 86.36480 -0.94730
H 9.85897 88.99490 0.46099
H 13.04550 91.09740 0.97243
H 15.50620 93.11530 0.83791
H 12.54060 94.12400 0.94400
H 17.66110 95.44850 0.25789
H 22.10420 71.21430 -0.35398
H 22.44750 75.07370 -0.11259
H 19.60920 76.41370 -0.32883
H 17.00160 78.18490 -0.74083
H 11.29560 75.35500 -0.74492
H 8.44317 73.99490 -0.44224
H 5.73007 73.28130 -0.18642
H 14.40920 80.05580 -0.53832
H 11.56190 78.60010 -0.83370
H 2.66598 73.70230 -0.10370
H 7.11993 94.77600 0.44294
H 3.08840 79.16440 -0.52775
H -0.09720 79.27560 -0.40254
H 4.66882 81.90460 -0.82879
H 1.55764 81.97870 -0.67617
H 6.31498 84.58290 -1.36394
H 3.10179 84.72190 -0.81098
H -0.01918 84.89910 -0.62303
H 4.78340 87.28830 -0.49645
H 1.54120 87.63990 -0.60495
H 22.78630 81.08280 -0.26934
H 22.22920 84.35290 -0.22537
H 19.27120 85.51890 -0.08003
H 16.30090 86.75350 -0.00487
H 13.37790 88.00180 0.23450
H 21.76270 87.56680 -0.06308
H 18.81780 88.71270 0.12804
H 15.88200 89.88700 0.39505
H 21.24810 90.78150 0.14238
H 18.31030 91.91420 0.47466
H 20.63620 94.06530 0.35199
H 19.68800 73.26970 -0.48297
H 16.58680 71.76580 -0.35605
H 16.86730 74.94320 -0.51148
H 13.94320 73.55030 -0.48067
H 11.11170 72.21020 -0.38407
H 14.14510 76.73150 -0.67921
C 6.99657 91.10460 2.02540
C 8.24929 93.87360 2.39725
C 5.38507 93.75100 1.77268
C 2.86122 92.40720 0.36260
C -0.64142 92.49050 1.19875
C 3.28628 75.48630 1.48417
C 8.36340 78.57520 1.05957
C 4.83888 78.27020 1.06168
C 1.50680 78.29000 1.25332
C 11.04590 82.69630 -1.08664
C 8.18963 88.09720 1.64941
C 4.60957 88.86780 1.45949
C 1.20601 89.48720 1.05516
C 21.02520 80.64300 1.43355
C 18.01460 82.13650 1.25835
C 14.86510 83.18540 1.31094
C 11.36300 84.09190 0.38368
C 11.39370 87.26410 1.51848
C 10.69860 90.96920 1.71822
C 13.68530 92.96680 2.54137
C 16.68130 94.52870 2.40943
C 21.02580 95.70690 1.87855
C 21.70420 73.32400 1.12268
C 21.42110 77.11250 1.13826
C 18.64790 78.12100 1.13233
C 7.53210 72.55500 1.33304
C 12.93200 78.33960 0.88612
C 9.76294 77.16260 0.46314
C 6.67293 75.40210 0.53062
C 13.38340 81.66800 1.15800
C 4.16548 72.60670 1.51958
C 0.82153 73.31290 1.45931
C 3.66817 96.14450 1.59515
C 0.71866 95.49790 1.39155
C 6.57478 81.29270 0.71410
C 3.20355 81.14150 0.95111
C 0.01769 81.22910 1.05298
C 8.33287 84.09810 -0.02074
C 4.88508 83.96170 0.55614
C 1.57826 83.87440 0.87104
C 6.00694 85.69820 0.85673
C 2.99899 86.42790 0.93184
C -0.13634 86.71890 1.01081
C 20.51700 84.06710 1.52033
C 17.38520 85.06990 1.43730
C 14.55920 86.39540 1.73441
C 20.02670 87.17450 1.60719
C 17.06610 88.26330 1.77798
C 14.10320 89.51630 2.10360
C 22.45790 89.22170 1.60784
C 19.54280 90.31340 1.84353
C 16.58720 91.41200 2.16489
C 21.77970 92.47350 1.86007
C 18.66710 93.83550 1.90242
C 18.55090 71.78280 1.17202
C 18.67540 74.80770 1.19361
C 15.75580 73.51220 1.17454
C 12.95120 72.11890 1.23409
C 15.93000 76.67010 0.98147
C 13.06080 75.29190 1.00778
C 10.30300 74.00460 1.09480
C 16.02650 79.83390 1.03280
C 36.24870 0.59098 -1.39967
C 33.21140 0.22579 -1.41691
C 37.47920 3.44345 -1.55126
C 46.52930 9.78035 -1.80739
C 43.30630 9.43936 -1.84139
C 40.04020 9.08833 -1.90119
C 40.84000 12.33720 -1.44004
C 31.49750 1.09717 -1.75008
C 25.18210 1.15204 -1.22563
C 33.76730 3.41368 -0.89889
C 35.34030 6.19433 -1.54832
C 36.84230 9.10045 -1.77055
C 24.12880 9.61037 -1.42305
C 38.48000 11.89280 -1.91988
C 37.09300 14.85920 -1.83052
C 24.20880 15.29340 -1.35070
C 25.87980 18.02730 -1.38910
C 32.95070 20.54960 -2.32842
C 30.90920 20.60280 -1.66223
C 27.51280 20.84930 -1.40486
C 24.11190 21.09050 -1.15801
C 47.67250 11.45760 -1.57935
C 44.51720 12.51370 -1.14622
C 42.06100 14.41530 -2.28642
C 41.75850 17.77920 -1.72795
C 38.47830 19.31370 -1.50919
C 38.81360 22.50930 -1.55591
C 45.65600 1.41643 -1.46076
C 42.53740 1.04843 -1.38825
C 39.33280 0.79379 -1.39356
C 47.06310 4.28545 -1.64738
C 43.85110 3.95471 -1.57250
C 40.63400 3.68685 -1.54361
C 45.23560 6.83726 -1.70799
C 41.97350 6.52283 -1.71649
C 38.66540 6.31895 -1.65177
C 28.39810 1.10461 -1.36947
C 30.09370 3.88820 -1.59514
C 26.91270 3.89486 -1.35705
C 23.72440 3.95207 -1.10899
C 31.94680 6.48766 -1.54511
C 28.75250 6.78160 -1.46313
C 25.57540 6.74587 -1.31002
C 33.63990 9.21552 -1.68790
C 30.43760 9.39540 -1.53972
C 27.23680 9.55223 -1.45111
C 35.28230 11.90430 -1.83065
C 32.05150 12.02480 -1.66240
C 28.88860 12.20470 -1.55717
C 25.71230 12.41530 -1.45834
C 33.73480 14.77530 -1.85408
C 30.50650 14.87170 -1.66030
C 27.40770 15.11320 -1.54531
C 35.45790 17.59980 -2.04646
C 31.93380 17.46910 -1.98409
C 29.02300 17.85540 -1.61635
C 47.41650 14.67870 -1.52447
C 44.59500 16.31650 -1.64451
C 47.21530 17.86880 -1.36834
C 44.43690 19.45690 -1.40023
C 41.58780 20.94340 -1.48823
C 47.03470 21.04470 -1.21044
C 44.26640 22.54400 -1.22775
H 34.62470 1.38418 0.23519
H 38.98240 4.55821 0.02924
H 35.86170 4.37572 0.06826
H 46.79560 7.94000 -0.15759
H 40.29130 7.37749 -0.15437
H 44.85980 10.37450 -0.18707
H 41.68610 10.24720 -0.50207
H 28.61010 -0.68101 0.53581
H 25.52220 -0.74358 0.31090
H 30.22530 2.04168 0.21997
H 23.70470 2.09888 0.49167
H 31.88250 4.81233 -0.14721
H 37.02580 7.30223 -0.08830
H 33.77190 7.40271 -0.00344
H 38.51260 10.09100 -0.24430
H 36.91300 12.89130 -0.24346
H 24.24400 13.34840 0.27208
H 38.41480 15.55540 -0.57310
H 35.30900 15.74910 -0.27387
H 33.90500 18.63550 -0.96299
H 24.46900 19.07810 0.59829
H 32.70300 21.46570 0.04360
H 29.44680 21.52830 0.16049
H 26.30280 21.70240 0.29052
H 46.63540 12.95600 0.00308
H 43.51660 14.60250 -0.23593
H 40.89510 16.30640 -0.88852
H 40.59410 19.27160 -0.00678
H 37.68070 20.70240 0.06539
H 22.55330 -0.80490 0.23082
H 45.79640 -0.35399 0.17067
H 42.66000 -0.67722 0.31502
H 39.56650 -0.95719 0.29117
H 36.39670 -1.20600 0.28834
H 47.22750 2.51364 0.02853
H 44.01630 2.23050 0.12713
H 40.85920 1.93331 0.11714
H 37.72680 1.72590 0.18086
H 45.39200 5.06141 -0.04112
H 42.16870 4.79538 -0.02100
H 43.50340 7.62485 -0.15928
H 26.87130 2.08459 0.33996
H 28.61650 4.91182 0.14500
H 25.46020 4.93436 0.34309
H 30.43500 7.59829 0.13022
H 27.22780 7.74859 0.18247
H 24.09080 7.86124 0.27833
H 35.32990 10.12180 -0.12961
H 32.15820 10.22410 -0.00562
H 28.93490 10.39960 0.08911
H 25.73250 10.58150 0.16989
H 33.77730 12.94280 -0.21368
H 30.58100 13.09010 -0.00360
H 27.43270 13.27640 0.06704
H 32.23380 15.80100 -0.21716
H 29.10100 15.99550 -0.01913
H 26.01180 16.12850 0.17805
H 30.82960 18.69760 -0.17872
H 27.64600 18.84720 0.13083
H 46.32140 16.14170 0.09854
H 43.51230 17.72590 0.03783
H 46.18230 19.32940 0.29453
H 43.31840 20.86710 0.23356
H 40.53160 22.40440 0.19536
H 46.01540 22.47930 0.45314
C 36.30720 0.67200 1.87435
C 33.26000 0.28810 1.97965
C 37.50240 3.61355 1.75059
C 46.40490 9.80066 1.49130
C 43.17410 9.54183 1.32627
C 40.25390 9.32752 1.30438
C 40.94490 12.46520 0.59974
C 31.50790 1.20640 2.26421
C 25.32540 1.04657 1.99412
C 33.71350 3.53589 1.00002
C 35.42350 6.33840 1.56798
C 36.97530 9.21624 1.46347
C 24.17160 9.72988 1.86662
C 38.73900 12.06940 1.23712
C 37.16040 14.94730 1.25145
C 24.12580 15.43450 1.67382
C 25.99010 18.01430 1.84573
C 35.08440 20.60100 0.19365
C 31.29860 20.45470 1.56412
C 27.65060 20.72500 1.81784
C 24.10430 21.42010 1.86023
C 47.52580 11.45510 1.70450
C 44.36870 12.53250 0.78259
C 41.45180 14.48990 0.99396
C 41.49330 17.48720 1.41763
C 38.54500 19.30130 1.61115
C 38.66900 22.49530 1.79769
C 45.72560 1.54068 1.68546
C 42.51060 1.26261 1.76960
C 39.40220 0.94187 1.79315
C 47.05280 4.37647 1.60493
C 43.85160 4.12322 1.61083
C 40.67940 3.81774 1.62915
C 45.19670 6.97288 1.47044
C 41.97890 6.68373 1.49303
C 38.74360 6.48783 1.51137
C 28.49270 0.87942 1.85590
C 30.36290 4.09606 1.71795
C 27.11690 3.96968 1.91321
C 23.83450 3.96771 2.00614
C 32.09780 6.57514 1.62625
C 28.82430 6.79526 1.77249
C 25.65960 6.85645 1.84771
C 33.77620 9.31721 1.60114
C 30.55690 9.47804 1.67927
C 27.33280 9.61671 1.75081
C 35.36620 12.03010 1.43869
C 32.25030 12.14100 1.51954
C 28.98450 12.28830 1.65643
C 25.74040 12.52140 1.72951
C 33.79000 14.80430 1.38730
C 30.71690 14.99670 1.51789
C 27.61340 15.10510 1.69499
C 34.99940 17.67010 1.16256
C 32.74140 17.75760 1.07801
C 29.34850 17.85770 1.57337
C 47.29270 14.57200 1.70584
C 44.37620 16.02970 1.59201
C 47.14210 17.68300 1.81336
C 44.25660 19.23240 1.77980
C 41.41980 20.74950 1.77625
C 47.01220 20.88900 1.98337
C 44.11170 22.38490 1.94988
C 47.29110 30.22960 -0.52236
C 45.74310 33.30310 -1.21122
C 47.56170 36.20950 -1.50073
C 46.28730 38.95920 -1.66164
C 35.89410 23.70350 -1.63675
C 38.45670 26.18450 -0.83549
C 41.40640 27.24120 -1.23567
C 46.57310 27.26750 -1.06458
C 43.84680 29.10280 -1.02306
C 35.17980 25.71650 -1.75193
C 32.63310 23.80510 -1.03230
C 29.24670 23.47480 -1.54353
C 39.35420 29.97470 -1.28782
C 36.02700 28.84960 -1.60923
C 26.65710 25.57790 -1.89990
C 42.80790 34.83180 -1.72931
C 39.64170 33.54140 -1.43513
C 24.41450 27.71720 -1.95324
C 40.45960 37.22980 -0.28571
C 37.56920 38.13750 -1.70398
C 35.35050 40.34780 -1.66887
C 33.18290 42.60310 -1.71618
C 30.17950 41.19830 -2.19666
C 27.29600 40.78520 -1.63187
C 23.54000 39.46960 -2.56657
C 24.83450 42.53380 -3.14077
C 29.86170 44.45140 -2.13268
C 26.47510 45.01100 -2.42445
C 31.36570 47.76660 -1.93945
C 44.16320 36.41530 -1.39881
C 42.65110 39.30030 -1.36922
C 39.74560 40.72830 -1.51466
C 44.61570 41.68610 -1.87213
C 39.84860 44.02990 -1.83778
C 37.18440 45.53090 -2.17361
C 33.72750 45.95440 -1.05293
C 45.34630 44.49180 -1.59000
C 41.47380 24.08290 -1.32955
C 46.83440 24.18180 -1.04420
C 44.10170 25.66790 -1.09877
C 32.91070 27.73270 -1.76743
C 29.96610 26.66110 -1.95103
C 36.56620 31.88700 -1.62097
C 33.50830 30.85030 -1.75925
C 30.45230 29.79930 -1.85105
C 27.43620 28.75480 -1.93864
C 36.97270 35.05810 -1.72013
C 34.02140 33.93360 -1.72454
C 31.02680 32.89750 -1.84174
C 28.04640 31.86180 -1.94209
C 24.92220 30.77460 -1.89424
C 34.61500 37.06330 -1.77156
C 31.64050 36.00440 -1.85531
C 28.60420 35.00060 -1.98637
C 25.72470 33.90410 -2.12160
C 32.35740 39.25460 -1.84972
C 29.33030 38.08760 -2.07247
C 26.20070 37.09540 -2.24619
C 28.18710 47.68910 -1.99961
C 42.68240 42.51600 -1.58708
C 42.55240 45.95310 -1.78017
C 39.71330 47.37230 -1.87326
H 45.63360 31.85380 0.42134
H 47.44050 34.47520 0.23963
H 46.01700 37.25550 0.08698
H 37.67350 24.02000 0.08708
H 40.49900 25.56710 0.30351
H 39.89410 28.58690 0.32453
H 45.69660 28.79700 0.61611
H 42.76720 30.32250 0.55404
H 36.32670 27.03530 0.02871
H 33.38550 25.98400 -0.11176
H 30.43470 24.78070 -0.34026
H 40.24940 31.79830 0.47359
H 37.20160 30.22040 0.10421
H 28.12390 27.01030 -0.33086
H 25.21160 25.80040 -0.24444
H 41.07380 34.82200 -0.01051
H 38.16300 36.41220 -0.03307
H 39.09570 39.29840 0.01275
H 23.68260 34.23780 -0.65792
H 36.49240 41.41020 0.01968
H 30.40090 39.46970 -0.33988
H 27.39310 38.49820 -0.52773
H 24.09500 37.51830 -0.78520
H 33.89410 43.70500 0.14280
H 30.84580 42.65870 -0.61361
H 26.31710 42.94670 -1.00943
H 31.34340 45.68050 -0.57215
H 28.16850 45.62810 -0.67332
H 44.24210 34.63640 0.31959
H 42.83190 37.51310 0.28583
H 44.66780 40.00630 -0.15873
H 41.69510 41.08140 0.04626
H 38.89960 42.62700 0.08755
H 36.52340 44.01770 -1.53503
H 44.34810 43.05040 0.14734
H 43.20150 23.99530 0.37961
H 45.83400 25.65580 0.57281
H 43.11440 27.22670 0.48050
H 34.07600 29.12630 -0.10032
H 31.03780 28.05840 -0.22798
H 37.60740 33.40570 0.00981
H 34.65950 32.22880 -0.10775
H 31.64060 31.18870 -0.21850
H 28.61790 30.14340 -0.30384
H 25.63790 29.04650 -0.28513
H 35.15140 35.36640 -0.12148
H 32.17520 34.29590 -0.20896
H 29.16700 33.29680 -0.32778
H 26.19130 32.22270 -0.38914
H 35.73280 38.43390 -0.07922
H 32.75630 37.44340 -0.24991
H 29.76050 36.39070 -0.36055
H 26.70650 35.43230 -0.42163
H 33.34880 40.61720 -0.17084
H 24.88490 45.72170 -0.68796
H 41.64930 44.30150 -0.21401
H 38.85550 45.67120 -0.38067
H 35.90950 46.83180 -0.45088
H 44.34780 46.15120 -0.07796
H 41.50980 47.50360 -0.20863
C 47.37820 30.33150 1.42235
C 45.82660 33.43230 1.88629
C 47.65000 36.43590 1.71060
C 46.30160 39.24050 1.54225
C 35.76300 23.75260 1.64763
C 38.32740 26.20600 1.11540
C 41.20160 27.18820 1.99236
C 46.41030 27.21330 2.34394
C 43.72530 29.01730 2.13328
C 35.03730 25.77800 1.71919
C 32.52620 23.87810 0.82025
C 29.48990 23.26270 1.59803
C 39.05340 29.84800 1.87239
C 35.81830 28.83980 1.63920
C 26.78200 25.49340 1.27039
C 42.55870 32.94430 0.75358
C 39.50990 33.57760 1.66414
C 24.58810 27.72290 1.51135
C 40.95230 36.67270 1.63112
C 37.48620 38.13120 1.63043
C 35.16830 40.30020 1.53277
C 32.47230 42.41030 1.39118
C 29.37030 41.28620 0.92194
C 27.18630 40.87370 0.28034
C 22.37910 39.11340 0.50621
C 24.25630 41.93690 -0.15456
C 29.76660 44.40390 0.87084
C 26.44800 44.35890 0.73666
C 31.19550 47.21860 1.39141
C 44.42840 36.48880 1.86504
C 42.93590 39.59130 1.55226
C 39.76030 40.67180 1.60611
C 45.28510 41.49520 1.70642
C 39.73430 44.16080 1.38102
C 36.89310 44.98580 0.84709
C 34.01430 46.14220 0.96789
C 45.39640 44.68830 1.64980
C 41.31100 23.97020 1.91355
C 46.81810 24.07500 2.08954
C 43.95340 25.56310 2.05822
C 32.78010 27.74350 1.47527
C 29.89780 26.55740 1.35567
C 36.39900 31.97020 1.62816
C 33.38330 30.86280 1.46925
C 30.37050 29.79550 1.35453
C 27.47640 28.69850 1.31948
C 36.83320 35.10730 1.60903
C 33.92260 33.97130 1.43761
C 30.91340 32.93000 1.34190
C 27.97620 31.88280 1.26759
C 25.13670 30.81450 1.35133
C 34.42920 37.05720 1.46377
C 31.49440 36.06290 1.30554
C 28.50230 35.04770 1.24610
C 25.43930 33.96780 1.15844
C 32.11520 39.17730 1.36358
C 29.08860 38.10680 1.25846
C 25.89570 37.27810 1.09267
C 28.07360 47.25830 1.22144
C 42.39550 42.80980 1.58411
C 42.43740 45.94750 1.43469
C 39.62390 47.23000 1.29100
H 35.84870 60.16540 0.84375
H 33.19960 58.76430 0.68382
H 39.19520 63.52390 0.75918
H 36.11280 62.93730 0.58197
H 42.94960 68.12970 0.03648
H 39.93400 66.94100 0.66236
H 27.91520 62.74980 0.27008
H 43.45790 71.38840 0.44476
H 24.22460 65.21360 0.29335
H 25.56020 68.23020 -0.07351
H 26.64560 71.20220 -0.32941
H 33.17100 61.85030 0.60256
H 36.96020 65.95300 0.47215
H 33.78550 65.00460 0.42249
H 30.74840 63.84850 0.37501
H 40.52090 70.20240 0.41337
H 37.52670 69.10390 0.35010
H 34.45370 68.05460 0.29331
H 31.24780 66.96990 0.34264
H 27.92260 65.92580 0.34085
H 35.07080 71.17780 0.14881
H 31.96630 70.07180 0.12993
H 28.83330 69.00420 0.11772
C 45.81440 66.96790 -1.86227
C 47.45520 69.65160 -1.81855
C 33.38910 50.32540 -1.00108
C 34.93460 53.25220 -0.86228
C 33.01770 55.88510 -0.96234
C 29.84970 55.75240 -1.34566
C 29.09650 58.77830 -0.64059
C 26.85790 61.32380 -1.39936
C 23.90260 61.41840 -1.50429
C 35.31430 58.32310 -0.71028
C 37.98560 61.91890 -0.60513
C 34.94450 61.51470 -0.99271
C 32.27580 60.33090 -1.11144
C 41.91370 66.59230 -1.06960
C 38.90080 65.26100 -0.95462
C 29.73250 62.30750 -1.27090
C 42.41750 69.81140 -1.22092
C 26.33650 64.35290 -0.62788
C 24.10220 67.16560 -1.38524
C 24.39280 70.40460 -0.79306
C 36.64820 48.68960 -1.87204
C 36.29170 51.80410 -1.51907
C 35.96140 55.06030 -1.21404
C 38.53730 56.80250 -1.28895
C 40.68990 58.95990 -1.08655
C 46.56870 59.38410 -1.24839
C 40.94240 62.53290 -0.76488
C 45.54750 62.45620 -0.94391
C 43.93730 63.72170 -0.43488
C 24.94280 47.79780 -2.01113
C 29.77150 50.33280 -1.69315
C 26.57130 50.40170 -1.76813
C 23.28820 50.50650 -1.83898
C 31.49390 53.12820 -1.38064
C 28.22460 53.03580 -1.54425
C 25.01680 53.15180 -1.67130
C 26.73340 55.84060 -1.53540
C 23.52070 55.91580 -1.62678
C 25.39700 58.63350 -1.44780
C 35.65340 64.58710 -1.11278
C 32.65000 63.49060 -1.11024
C 39.41430 68.61440 -1.16113
C 36.34420 67.64140 -1.23760
C 33.13400 66.64660 -1.25711
C 29.87310 65.54250 -1.18467
C 36.94200 70.75420 -1.37879
C 33.87210 69.71260 -1.42577
C 30.73060 68.61400 -1.44211
C 27.51720 67.60410 -1.48801
C 31.51820 71.72260 -1.66101
C 28.54290 70.59810 -1.75620
C 45.30770 47.77240 -1.70696
C 42.33580 49.20190 -1.75702
C 39.36610 50.54520 -1.71879
C 44.98740 51.09680 -1.68399
C 42.01320 52.41500 -1.58993
C 38.95420 53.71120 -1.46620
C 44.59790 54.25700 -1.55259
C 41.51100 55.59390 -1.43030
C 47.19590 56.15860 -1.50831
C 44.02480 57.41060 -1.37863
C 43.39280 60.47760 -0.90826
H 45.93030 65.06820 -0.75057
H 47.61460 67.74840 -0.35739
H 45.66520 69.78180 -0.15620
H 32.94170 48.08910 -0.09089
H 31.29190 51.11640 0.04958
H 32.87370 53.90680 0.45933
H 31.18460 56.60380 0.65347
H 30.34460 60.62720 0.47501
H 26.94890 59.54570 0.26700
H 25.33700 62.33520 0.18611
H 35.62320 49.96700 -0.06831
H 47.22410 47.84690 0.02666
H 38.23240 51.87310 0.02696
H 37.86420 55.03000 0.31270
H 34.86740 56.30700 0.54509
H 37.51650 58.12190 0.71294
H 39.90270 60.58560 0.41613
H 45.40560 60.54770 0.54527
H 42.72500 62.08280 0.98264
H 29.73290 48.37620 -0.20039
H 26.55710 48.43300 -0.30567
H 28.14260 51.11710 -0.04962
H 24.91680 51.22400 -0.16333
H 29.73910 53.84810 0.16384
H 26.59090 53.94280 0.01349
H 23.36230 54.02050 -0.09320
H 28.20380 56.66850 0.21635
H 25.10250 56.72100 0.04610
H 23.71390 59.56060 0.05449
H 38.52130 48.75590 -0.27171
H 44.18790 49.35690 -0.12187
H 41.20630 50.62480 -0.09197
H 46.83310 51.16320 -0.00730
H 43.87110 52.49280 0.00573
H 40.85280 53.77110 0.09202
H 46.47520 54.35300 0.03023
H 43.39450 55.59380 0.12981
H 40.39930 56.89710 0.33395
H 45.95400 57.47500 0.18354
H 42.78510 58.73050 0.29990
C 45.28950 67.38090 0.09073
C 47.46240 69.33340 1.47059
C 33.41710 50.24100 0.96884
C 34.98400 53.04120 1.40729
C 33.07810 55.72500 2.08560
C 29.74930 55.63780 1.88858
C 29.07980 58.68880 1.21507
C 26.76840 61.23080 1.82510
C 23.75000 61.36190 1.69921
C 35.26930 58.12560 2.08575
C 37.86160 61.48210 1.34481
C 34.84510 61.82980 2.33809
C 32.09050 60.42070 2.28025
C 41.73470 66.71070 1.94306
C 38.70980 65.21080 2.16464
C 29.57170 62.42640 2.01903
C 42.38290 69.72240 1.96140
C 26.30140 64.29620 1.19774
C 24.17470 66.91060 1.72627
C 25.01360 70.10960 1.24348
C 36.71140 48.26960 1.33617
C 36.40820 51.44440 1.67116
C 36.08380 54.82410 1.99251
C 38.59310 56.67340 2.09054
C 40.84100 58.79980 1.85041
C 46.74520 59.04430 1.93520
C 40.81890 62.20530 2.22947
C 46.03270 62.13090 2.27397
C 44.25350 63.28140 2.59167
C 24.86990 47.33970 1.11669
C 29.66530 50.07660 1.57529
C 26.44670 50.15790 1.42211
C 23.25140 50.28260 1.36887
C 31.36680 52.94270 1.79792
C 28.07760 52.88250 1.63272
C 24.91450 52.98960 1.51389
C 26.55360 55.68910 1.72057
C 23.41160 55.81060 1.57223
C 25.20260 58.51800 1.70047
C 35.54330 64.72790 2.09417
C 32.51130 63.69390 2.04274
C 39.24000 68.90120 2.11344
C 36.23920 67.77560 1.98417
C 33.12360 66.79840 1.95716
C 29.84920 65.58760 1.89033
C 36.83470 70.93860 1.84264
C 33.78200 69.88570 1.80216
C 30.60770 68.85780 1.83839
C 27.37850 67.64100 1.68239
C 31.31580 71.98860 1.56508
C 28.22390 70.96010 1.51368
C 45.43210 47.82130 1.49152
C 42.33150 49.07820 1.47239
C 39.37230 50.23060 1.48848
C 44.97780 50.96610 1.60544
C 42.01790 52.20700 1.59719
C 39.06190 53.43760 1.74884
C 44.63680 54.11910 1.66928
C 41.61110 55.35800 1.80775
C 47.31520 56.02390 1.74783
C 44.10780 57.23050 1.78743
C 43.63420 60.12430 2.18213
H 41.14260 73.40400 0.15592
H 38.67700 75.39160 0.12431
H 36.22770 77.41270 -0.04006
H 24.31740 72.93640 -1.31427
H 33.98130 79.49950 -0.70235
H 30.82720 78.51940 -0.64745
H 27.73580 77.45320 -0.88689
H 24.88560 76.04910 -1.68066
H 38.10000 72.25240 0.20169
H 35.67800 74.30730 0.02695
H 32.63310 73.25240 -0.10021
H 29.59500 72.16740 -0.17360
H 33.21190 76.41920 -0.33490
H 30.18950 75.38440 -0.44461
H 27.18430 74.26020 -0.66748
C 41.52160 89.80850 -1.18188
C 34.63160 90.29380 -0.83135
C 45.89010 93.25510 -1.32681
C 43.20320 92.26410 -0.04833
C 39.94920 92.66640 -1.24065
C 36.77970 92.60700 -1.32825
C 33.72660 93.14420 -1.71732
C 31.11200 95.16360 -0.67733
C 45.30980 74.94060 -0.54823
C 42.24600 76.71860 -1.33396
C 39.49510 78.67090 -1.66470
C 36.86370 80.64270 -1.83231
C 36.80910 83.77800 -1.59303
C 36.73580 86.97030 -1.75004
C 39.83020 88.05360 -1.49481
C 45.03760 88.50930 -1.40647
C 44.95490 71.71520 -1.52207
C 27.09150 95.91500 -1.38965
C 23.72610 79.52940 -1.98015
C 29.69370 80.49400 -1.53180
C 26.26330 81.56310 -2.02173
C 32.21990 84.24080 -2.47363
C 31.00530 85.84020 -2.37865
C 33.66350 87.66900 -1.99663
C 30.89330 89.19490 -1.87936
C 30.30350 92.25240 -1.68712
C 27.47150 93.78550 -1.40966
C 43.04530 72.89900 -1.48639
C 40.67070 75.23990 -1.43872
C 38.10810 77.10350 -1.59720
C 26.27760 72.62830 -2.36859
C 35.52050 79.05420 -1.79541
C 29.49190 77.01270 -2.27398
C 26.44930 75.74070 -2.55003
C 44.27320 95.85890 -1.23925
C 41.23130 95.60410 -1.26580
C 38.06140 95.40540 -1.28389
C 34.80800 95.18570 -1.29257
C 45.10840 78.46580 -1.46754
C 42.55420 80.20050 -1.50649
C 39.79930 81.89360 -1.57099
C 45.37690 81.76730 -1.44860
C 42.61530 83.42720 -1.39594
C 39.79300 85.00320 -1.29499
C 45.33620 85.12560 -1.35930
C 42.55440 86.63480 -1.22269
C 23.25630 82.87040 -1.91233
C 28.67390 83.80190 -2.16433
C 25.66120 84.97250 -2.00815
C 22.76950 86.16770 -1.80722
C 28.12680 87.13220 -2.07912
C 25.23670 88.26530 -1.80992
C 27.78130 90.41980 -1.71630
C 24.83750 91.49590 -1.58217
C 24.06720 95.04140 -0.70494
C 39.93710 71.81730 -1.38643
C 37.54700 73.89760 -1.52411
C 34.55790 72.82550 -1.58299
C 35.17920 75.96500 -1.72702
C 32.10910 74.87540 -1.89847
C 29.18690 73.77780 -2.00405
C 32.59890 77.89640 -2.25948
H 39.99280 90.87400 0.67650
H 36.77790 90.74010 0.52126
H 44.57640 94.21520 0.52392
H 35.16330 93.40750 0.29299
H 32.09810 92.97370 -0.17903
H 33.19390 95.94480 0.32088
H 44.19480 76.99560 0.46550
H 41.39040 78.59300 0.11065
H 38.69390 80.40060 -0.12509
H 35.94820 81.90550 0.12535
H 47.12580 78.54850 0.15347
H 35.91500 85.07540 -0.01034
H 35.30190 88.10390 -0.19018
H 38.37160 88.31500 -0.15457
H 43.86550 89.81990 0.01167
H 46.18940 91.69960 0.65197
H 46.36800 72.79730 0.20562
H 23.51230 77.97130 0.02059
H 25.84590 80.01470 -0.44659
H 28.17850 82.12580 -0.45801
H 30.58540 84.11590 -0.62501
H 33.03850 86.04710 -0.92928
H 32.62700 89.04460 -0.17425
H 29.68520 90.45570 -0.11962
H 26.68980 91.77930 0.07829
H 23.63010 92.75050 0.21783
H 29.32810 93.68400 0.06432
H 41.37720 93.83430 0.44165
H 38.28060 93.57690 0.35718
H 44.39410 80.19130 0.20347
H 41.62270 81.79900 0.17110
H 38.78430 83.57140 0.03509
H 47.27050 81.73170 0.18399
H 44.49850 83.37940 0.22638
H 41.73930 84.92800 0.35717
H 47.22900 85.09180 0.22218
H 44.46270 86.72050 0.31844
H 41.41330 87.98000 0.48574
H 46.95550 88.64740 0.30533
H 25.17840 83.17910 -0.40395
H 27.59990 85.28900 -0.53361
H 24.67750 86.42760 -0.29016
H 30.06400 87.28470 -0.59215
H 27.14660 88.50180 -0.28842
H 24.21170 89.65280 -0.04159
C 42.06180 89.82440 1.96634
C 34.41760 90.09060 1.10959
C 46.21630 93.64160 2.25311
C 43.11610 92.79640 1.84801
C 39.86560 92.57460 2.05916
C 36.71760 92.46920 1.98599
C 33.57450 92.14780 1.58666
C 31.20520 94.86110 1.12074
C 45.17590 74.74570 1.31097
C 42.01090 76.84070 1.89910
C 39.31510 78.80160 1.65021
C 36.68950 80.75430 1.39045
C 36.82710 83.91580 1.67393
C 36.66780 87.12530 1.53370
C 39.60400 87.15900 1.88252
C 45.07210 88.51790 1.93661
C 45.47630 71.19980 1.87185
C 26.93060 95.52810 2.00418
C 23.88210 79.44530 1.34738
C 30.05630 80.73570 0.30126
C 26.32910 81.51520 1.14460
C 31.75740 82.14170 0.17849
C 31.21490 85.61170 0.84500
C 33.54970 87.23340 1.21765
C 30.78040 88.73070 1.29784
C 30.41510 91.86160 1.36925
C 27.62760 93.52600 1.74580
C 43.07450 73.37920 1.82418
C 40.55280 75.27720 1.76572
C 37.94980 77.20670 1.67324
C 25.72310 73.10840 0.93292
C 35.34150 79.19670 1.42110
C 29.15030 77.29440 0.88972
C 26.06550 76.03510 0.68233
C 44.37440 -1.27687 1.91928
C 41.19570 95.74830 1.97170
C 38.06740 95.46470 1.90556
C 34.89560 95.15900 1.91251
C 45.12530 78.44400 1.93884
C 42.50460 80.15780 1.83512
C 39.62310 81.88360 1.65109
C 45.40460 81.72480 1.85284
C 42.65000 83.25800 1.89449
C 39.79110 85.05670 1.80184
C 45.36090 85.01130 1.86939
C 42.67630 86.49790 2.00992
C 23.44710 82.84640 1.32019
C 28.73790 83.68330 1.02202
C 25.88810 84.89090 1.19109
C 22.97830 86.04470 1.41866
C 28.35070 86.90850 1.13143
C 25.40440 88.05830 1.39258
C 27.82160 90.10910 1.49664
C 24.87340 91.23240 1.75521
C 24.00590 94.98580 1.18750
C 39.87890 72.09200 1.89499
C 37.40100 74.03850 1.76702
C 34.35920 72.99260 1.63701
C 34.86250 76.10070 1.49769
C 31.89270 75.13190 1.32040
C 28.81510 74.11330 1.16070
C 32.28970 78.31760 1.03971
C 53.40590 -1.02520 -1.55050
C 50.28130 -1.21595 -1.97021
C 47.23970 -1.20642 -1.60006
C 53.91170 4.87360 -1.55330
C 50.57270 4.87130 -1.51716
C 48.48740 7.16042 -1.82294
C 58.47300 1.11879 -1.56591
C 57.26940 4.28736 -1.56872
C 56.15810 7.12971 -1.55704
C 58.12930 9.68369 -1.52717
C 69.75820 9.92586 -2.10216
C 66.77120 10.81660 -1.81296
C 63.72510 11.70570 -1.03343
C 60.55100 11.99960 -1.82862
C 69.97170 13.60960 -1.81757
C 66.76720 12.90540 -1.71927
C 64.77480 15.50880 -1.67754
C 61.49400 15.11360 -1.65023
C 62.61890 17.99060 -1.40834
C 60.90320 20.54160 -1.50428
C 61.89640 23.30010 -1.40301
C 58.60760 23.22220 -1.29768
C 52.87850 7.93042 -0.76940
C 50.41820 9.74086 -1.46469
C 55.98440 10.26770 -1.47899
C 55.78410 13.48190 -1.33300
C 58.28210 15.23850 -1.33156
C 58.71680 18.38600 -0.70047
C 55.42490 19.88140 -1.16666
C 55.42970 23.32330 -0.53715
C 55.30350 1.75213 -1.66391
C 52.12030 1.95258 -1.79177
C 48.86930 1.73090 -1.62603
C 67.63170 -0.94119 -1.59787
C 64.56930 -0.25228 -1.53462
C 61.49390 0.44000 -1.51546
C 69.76940 1.41201 -1.64697
C 66.71010 2.13857 -1.58681
C 63.57940 2.83170 -1.56521
C 60.47620 3.52265 -1.58300
C 68.82040 4.49047 -1.64114
C 65.65460 5.23691 -1.61759
C 62.56520 5.94563 -1.59547
C 59.41700 6.55944 -1.61077
C 71.00990 6.92743 -1.55016
C 67.74570 7.55124 -1.77535
C 64.54410 8.30445 -1.74453
C 61.47200 8.96219 -1.66336
C 71.25680 16.71480 -1.51694
C 67.97180 16.08620 -1.60660
C 69.03800 19.08770 -1.57122
C 65.87360 18.48570 -1.47629
C 70.07690 22.23340 -1.59999
C 66.96250 21.46600 -1.47839
C 63.89060 20.86240 -1.37197
C 53.11920 11.69340 -1.42240
C 50.28640 13.13510 -1.41654
C 52.87690 14.92690 -1.32208
C 50.06050 16.36830 -1.35532
C 55.43670 16.65420 -1.27484
C 52.65440 18.11630 -1.24054
C 49.87440 19.55870 -1.24652
C 52.54020 21.33860 -1.17380
C 49.64360 22.78580 -1.13910
H 55.02370 0.03335 0.06536
H 51.84290 -0.04478 -0.34676
H 53.72690 2.86082 -0.13030
H 52.26630 5.70149 0.19133
H 50.02490 8.08416 -0.12557
H 58.11360 -0.62093 0.08614
H 57.03260 2.39899 -0.07619
H 55.75500 5.31683 0.10154
H 58.00410 7.73342 -0.01770
H 55.06440 8.60936 0.02848
H 69.65790 8.13925 -0.19221
H 66.42700 8.91837 -0.04626
H 63.24850 9.48577 0.00994
H 60.06470 10.21170 0.06549
H 70.24970 11.81010 -0.61724
H 71.28600 14.79120 0.01126
H 68.19690 14.16420 -0.07781
H 65.02660 13.62830 -0.10495
H 63.07650 16.05850 0.05265
H 60.95620 18.79090 0.21288
H 59.42790 21.44910 0.28941
H 52.27310 10.08610 0.20113
H 49.44300 11.43120 0.16947
H 54.94920 11.78450 0.24477
H 57.59060 13.61990 0.62865
H 60.06940 15.73230 0.35304
H 57.26560 16.73090 0.34224
H 57.06500 20.03200 0.34037
H 54.29700 21.39510 0.53274
H 51.51300 22.88300 0.46347
H 48.90440 -0.21554 -0.11171
H 50.50090 2.80760 -0.10839
H 48.61560 5.37416 -0.06322
H 69.43630 -0.40271 -0.05050
H 66.33590 0.33607 0.02700
H 63.25400 1.04781 0.05159
H 60.17030 1.76181 0.04116
H 68.48320 2.68649 -0.00132
H 65.35250 3.42345 0.01070
H 62.23060 4.13825 0.00791
H 59.09020 4.75934 0.01708
H 70.60200 4.98059 -0.01124
H 67.46660 5.78220 -0.03118
H 64.34240 6.54433 -0.00790
H 61.16230 7.16837 0.01248
H 61.69990 13.05660 -0.33346
H 69.39820 17.26150 0.07778
H 66.21340 16.58970 0.03637
H 70.44550 20.38530 0.00318
H 67.33690 19.66270 0.11465
H 64.17160 19.01930 0.18673
H 68.35140 22.76000 0.03870
H 65.28530 22.08930 0.16663
H 62.24480 21.56760 0.20939
H 52.09980 13.21200 0.22022
H 49.20210 14.66510 0.16489
H 54.69970 14.95020 0.31087
H 51.84560 16.41950 0.31130
H 49.01620 17.84800 0.27090
H 54.46700 18.16080 0.38701
H 51.67140 19.64720 0.39533
H 48.85590 21.04830 0.38762
C 53.22590 -0.23691 1.68873
C 50.54250 95.83240 1.13225
C 47.51240 -0.91920 1.77457
C 53.73700 4.75310 1.55887
C 50.38900 4.68252 1.54938
C 48.41130 7.23990 1.58938
C 58.39390 1.25635 1.60010
C 57.35540 4.15599 1.60661
C 56.20140 6.97073 1.55082
C 58.11340 9.50251 1.63856
C 70.20680 10.11960 1.26625
C 67.04380 10.85070 1.58904
C 63.56220 11.81650 0.84782
C 59.78060 12.16410 1.18625
C 69.91830 13.25190 1.42612
C 66.75390 12.88140 1.52704
C 64.81800 15.36160 1.67409
C 61.54750 14.78350 1.60273
C 62.66190 17.82570 1.70773
C 61.00100 20.50320 1.97553
C 61.84650 23.30550 1.80012
C 58.70450 23.30290 1.82584
C 52.97000 7.92500 1.10423
C 50.36710 9.75454 1.73837
C 55.99950 10.08490 1.73361
C 55.82800 13.44230 1.97229
C 58.40350 15.53630 2.19993
C 58.77830 18.38220 1.25459
C 55.55660 19.74700 1.98337
C 55.48610 23.41060 1.30777
C 55.29370 1.96616 1.55483
C 52.20740 1.69175 1.38241
C 48.97090 1.65196 1.49553
C 67.70450 -0.93745 1.59530
C 64.59860 -0.19627 1.66172
C 61.51260 0.55225 1.66931
C 69.85740 1.39033 1.54890
C 66.72010 2.17005 1.61160
C 63.58140 2.89232 1.61606
C 60.50400 3.58056 1.61883
C 68.80510 4.49499 1.60712
C 65.69120 5.26743 1.59717
C 62.59790 5.96596 1.60277
C 59.40760 6.56935 1.62465
C 70.92360 6.82750 1.60568
C 67.90950 7.59979 1.60916
C 64.65130 8.29737 1.71875
C 61.48080 8.96243 1.71474
C 71.12860 16.55680 1.75407
C 67.97910 15.92310 1.62876
C 69.14200 19.11750 1.69509
C 65.97410 18.37330 1.70574
C 70.17350 22.26330 1.59135
C 67.07820 21.50920 1.69329
C 63.93350 20.84880 1.74871
C 53.08530 11.68700 1.87696
C 50.21670 13.12420 1.77938
C 52.83940 14.83590 1.87824
C 49.95790 16.26390 1.85247
C 55.45380 16.57500 1.95797
C 52.62420 18.03270 1.97087
C 49.80910 19.42480 1.95186
C 52.63190 21.25020 2.03543
C 49.68360 22.63200 2.06335
C 71.92040 28.65410 -1.93926
C 61.70280 26.25750 -0.32089
C 69.47340 30.82510 -2.24132
C 66.21030 29.35400 -2.28571
C 62.94740 28.86080 -1.77421
C 57.71560 26.40180 -1.52464
C 54.63360 27.08920 -1.40666
C 51.74220 27.58360 -1.36840
C 59.77630 28.90740 -1.55522
C 50.40550 30.56910 -1.36856
C 61.50080 31.69370 -1.92875
C 63.21970 34.05040 -2.78614
C 62.74870 37.65520 -2.16255
C 61.55090 40.79930 -1.69897
C 47.69770 42.29420 -1.01653
C 59.64290 43.51810 -2.26214
C 56.51980 43.76930 -2.16470
C 50.05420 44.81030 -1.83059
C 55.99010 46.95950 -1.60352
C 52.34830 47.18350 -1.87601
C 49.34530 25.84520 -1.09077
C 69.38060 33.07810 -1.95243
C 66.75390 32.73180 -2.50461
C 67.39800 35.80830 -1.79574
C 66.17110 38.33430 -1.76181
C 64.79530 41.10550 -1.97852
C 63.05980 43.89000 -2.18092
C 61.05650 46.46580 -2.21792
C 48.17940 45.96410 -1.61480
C 70.93000 25.29670 -1.80192
C 67.80060 24.47160 -1.60114
C 64.77700 23.81000 -1.42335
C 68.65100 27.50750 -1.92244
C 65.29690 26.67450 -1.53077
C 56.62640 29.58180 -1.52666
C 53.47680 30.16570 -1.42423
C 58.39290 32.16450 -1.77416
C 55.25050 32.69090 -1.66323
C 52.16000 33.17030 -1.50109
C 48.98050 33.48850 -1.42716
C 60.10830 34.70690 -2.25159
C 57.05080 35.25820 -1.92946
C 53.97170 35.72230 -1.69181
C 50.82500 36.06110 -1.60706
C 59.03570 37.89330 -2.26926
C 55.78310 38.25530 -1.91121
C 52.63740 38.66540 -1.73895
C 49.47710 38.99610 -1.71029
C 57.72620 40.79620 -2.18010
C 54.48720 41.16490 -1.93635
C 51.22740 41.71960 -1.75459
C 53.32370 44.10530 -2.02314
C 52.35670 24.61960 -1.11009
C 70.89760 35.57390 -1.76323
C 69.32430 38.43150 -1.80731
C 71.10170 41.00680 -1.85902
C 67.85740 41.11210 -1.87734
C 69.50050 43.76270 -2.03519
C 66.32180 43.88220 -2.03379
C 71.15190 46.39810 -2.21051
C 67.87190 46.72620 -2.15653
C 64.55830 46.70960 -2.24664
H 63.19640 24.48290 0.22221
H 60.29130 24.31030 0.17212
H 69.89240 29.00230 -0.54615
H 63.76990 27.54090 0.14524
H 67.41460 30.97760 -1.09706
H 64.62960 30.35380 -0.65317
H 57.33490 24.71340 0.27606
H 54.25780 25.34220 0.29811
H 59.58010 27.39160 -0.07962
H 53.36270 28.38800 0.24587
H 50.26620 28.98830 0.04377
H 61.55480 30.05410 -0.08874
H 48.99400 31.76520 0.30696
H 63.26010 32.82370 -0.51515
H 62.07330 35.57680 -1.08812
H 60.70110 38.58170 -1.15173
H 47.91490 39.99960 -0.08934
H 59.47060 41.65560 -0.62865
H 49.98990 42.85880 -0.31173
H 58.20020 44.52150 -0.30013
H 55.09060 44.88520 -0.51637
H 51.98780 45.32830 -0.23101
H 51.17260 26.06310 0.44359
H 48.34740 27.27430 0.76336
H 70.75570 33.76080 -0.07814
H 67.62010 33.82750 -0.49630
H 65.16650 34.59160 -2.00641
H 65.99300 36.65290 0.13199
H 64.61780 39.44070 -0.14614
H 63.18100 42.15220 -0.42413
H 61.25860 44.54680 -0.60496
H 47.17100 44.48350 0.02210
H 71.40170 23.61810 -0.04819
H 69.20030 25.85570 -0.18408
H 66.17260 25.09720 0.07316
H 66.87780 28.04830 -0.34526
H 56.44510 27.76640 0.16098
H 58.40960 30.41310 -0.01357
H 55.27480 30.91980 0.04253
H 52.14310 31.41250 0.17932
H 60.19530 33.08100 -0.38296
H 57.07100 33.51090 -0.22207
H 53.94060 33.93900 -0.03028
H 50.72340 34.30470 0.08959
H 58.93520 36.05810 -0.53437
H 55.77150 36.47490 -0.23188
H 52.54720 36.87830 -0.06345
H 49.29830 37.16690 -0.00945
H 57.63810 39.01530 -0.46986
H 54.42640 39.40290 -0.21952
H 51.20510 39.80580 -0.08270
H 56.31710 41.93700 -0.51289
H 53.14950 42.37180 -0.25656
H 48.65470 24.20460 0.54181
H 69.19850 36.52580 -0.29677
H 70.97780 39.22950 -0.19850
H 67.73970 39.34380 -0.18257
H 69.49860 42.01540 -0.32541
H 66.28130 42.14490 -0.30905
H 71.17020 44.65820 -0.49597
H 67.95170 44.85630 -0.44860
H 64.64870 44.89340 -0.54754
C 71.64660 28.67870 1.26341
C 62.40480 26.38980 1.49765
C 68.84150 30.78770 0.78792
C 66.57100 30.02610 0.90687
C 63.47290 29.59750 1.43937
C 57.96510 26.61650 1.76356
C 54.73910 27.19130 1.88388
C 51.62840 27.94760 1.86980
C 59.93390 29.26800 1.62541
C 50.55570 30.69050 1.85649
C 61.71330 32.10120 1.31463
C 64.10730 35.03300 0.27066
C 62.88090 37.77250 -0.23372
C 61.48600 40.51340 0.20069
C 47.85900 42.29140 0.86694
C 59.98530 43.32000 1.17372
C 56.80910 43.84300 1.03072
C 50.26000 44.69780 1.40740
C 56.22990 46.89160 0.29739
C 52.63290 47.29270 1.25663
C 49.59380 25.64030 2.24175
C 68.94790 32.89640 1.29102
C 65.66760 32.53670 -0.69642
C 67.47040 35.56720 1.23986
C 66.19480 38.65350 1.62817
C 64.67060 41.40420 1.39811
C 63.02910 44.06400 1.12403
C 61.07370 46.51880 0.93806
C 48.45360 45.97170 1.45117
C 70.99970 25.51720 1.42716
C 68.03450 24.62280 1.55951
C 64.94190 23.89190 1.75175
C 68.69630 27.74980 1.22447
C 65.72790 27.00150 1.50944
C 56.72350 29.75510 1.65335
C 53.62350 30.29630 1.74915
C 58.61040 32.43000 1.38761
C 55.49150 32.86910 1.52700
C 52.31270 33.32150 1.66605
C 49.11300 33.67530 1.83406
C 60.73100 35.11030 0.91126
C 57.40840 35.42900 1.27811
C 54.13020 35.84570 1.47939
C 50.89620 36.21110 1.61388
C 59.47030 38.03690 0.87858
C 56.05430 38.35250 1.30849
C 52.80060 38.76320 1.50510
C 49.50810 39.07870 1.58366
C 57.86220 40.91280 1.10035
C 54.76170 41.30880 1.28280
C 51.42480 41.79480 1.41785
C 53.63630 44.22130 1.35327
C 52.50290 24.64270 1.90167
C 70.73010 35.66520 1.45504
C 69.32790 38.33750 1.35711
C 71.03870 41.11150 1.34497
C 67.86430 41.26110 1.32104
C 69.54970 43.93770 1.18505
C 66.23970 44.11460 1.16946
C 71.28220 46.59230 0.98225
C 67.95230 46.85870 1.02446
C 64.66570 46.90440 0.89168
C 51.95790 61.29570 -1.52568
C 48.79740 61.48700 -1.32769
C 57.84050 65.11480 -0.98885
C 54.28060 64.18560 -1.34244
C 47.79520 64.11120 -1.64183
C 58.96090 68.11700 -1.50304
C 62.99920 71.75250 -1.56962
C 59.97550 71.21460 -1.51427
C 65.88210 49.90280 -1.70130
C 62.47120 49.23200 -2.17579
C 71.39210 51.68170 -2.64745
C 68.24960 52.58480 -2.29486
C 71.79100 54.93580 -1.61220
C 71.96580 69.55990 -1.75264
C 50.62280 48.32990 -2.04190
C 51.26110 51.68500 -0.97180
C 50.12240 54.92130 -1.42617
C 50.01650 58.27470 -1.18943
C 59.44020 48.19970 -2.18334
C 63.04830 52.08950 -2.16346
C 60.03560 51.49710 -1.96944
C 57.00950 50.53710 -2.03345
C 70.35470 56.47110 -1.41720
C 67.26780 55.80850 -1.47684
C 64.13480 55.10410 -1.69688
C 54.62600 53.05720 -1.84626
C 71.36720 59.99650 -1.41562
C 52.23200 55.20220 -1.44071
C 56.47600 59.12520 -1.60921
C 53.39530 58.45170 -1.36891
C 60.72810 62.78480 -1.47172
C 57.59050 62.08710 -1.65952
C 70.72590 68.10560 -1.46286
C 61.40900 65.84130 -1.44629
C 68.88900 70.83410 -1.36644
C 65.34350 69.74450 -1.39788
C 62.17810 68.85200 -1.42764
C 50.99400 64.15720 -1.38658
C 55.58370 67.57750 -1.61716
C 52.49410 67.18520 -1.57185
C 49.37980 66.88370 -1.72899
C 56.79530 70.62620 -1.55735
C 53.61950 70.29320 -1.59682
C 50.50900 69.91740 -1.58706
C 69.66770 49.20430 -2.46097
C 47.78070 49.64820 -1.76943
C 47.71450 52.91330 -1.56382
C 53.81190 49.96420 -1.90055
C 61.00050 54.54750 -1.78008
C 57.78600 53.71500 -1.82234
C 68.11800 58.88700 -1.39834
C 65.04280 58.38720 -1.50321
C 61.98160 57.52060 -1.59035
C 58.75900 56.77980 -1.70490
C 55.46730 56.06110 -1.67415
C 68.94400 62.14590 -1.35263
C 65.91890 61.30970 -1.32748
C 62.83810 60.56360 -1.44761
C 59.77540 59.77720 -1.56508
C 69.97030 65.21580 -1.26459
C 66.77940 64.36860 -1.27947
C 63.71620 63.62620 -1.35805
C 67.64700 67.47900 -1.34041
C 64.52360 66.65540 -1.35473
H 71.81890 56.75070 0.42342
H 53.39000 62.09610 -0.26794
H 50.48720 62.32940 0.21382
H 47.53230 62.67900 0.39664
H 59.62390 66.37640 0.16131
H 55.65140 65.90410 -0.25341
H 60.35300 69.39740 0.07262
H 54.23400 48.30950 -0.46609
H 62.76710 47.34900 -0.64489
H 68.25910 50.42170 -1.12692
H 63.78910 50.44480 -0.41675
H 70.54040 52.87720 -0.95830
H 49.81250 49.83550 -0.15221
H 49.49570 53.12710 0.20028
H 49.00490 56.43550 0.28322
H 48.51960 59.63070 0.29962
H 60.64160 49.61270 -0.55381
H 57.50960 48.74050 -0.66252
H 64.59150 53.49210 -0.57877
H 61.46130 52.65050 -0.33074
H 55.33360 51.23000 -0.31956
H 68.53980 57.12530 0.39041
H 65.41500 56.48080 -0.00989
H 52.92020 53.31850 -0.10645
H 69.46930 60.22160 0.29257
H 53.79290 56.48220 0.19703
H 70.19930 63.30080 0.39238
H 54.92200 59.57900 0.42268
H 51.74660 59.40990 0.23746
H 71.19710 66.24280 0.38685
H 58.93260 63.23300 0.10794
H 55.95250 62.57540 -0.33867
H 68.89420 68.77530 0.04602
H 62.69240 67.10560 0.19697
H 66.81670 71.16280 0.33308
H 63.51140 70.12000 0.19644
H 52.41450 65.23130 -0.07162
H 49.24240 65.20610 0.02457
H 57.13330 68.77140 0.05588
H 53.87120 68.45000 0.03490
H 50.74790 68.04170 -0.04688
H 55.08580 71.34070 0.04701
H 51.94930 71.00870 0.04772
H 48.79360 70.67010 -0.01077
H 69.66760 47.51600 -0.59304
H 66.39050 47.63370 -0.79716
H 71.46510 49.88100 -0.87523
H 58.27420 51.84550 -0.28206
H 62.34080 55.66280 -0.07196
H 59.17330 54.90560 -0.19368
H 56.04600 54.20180 -0.17216
H 66.36610 59.48580 0.26092
H 63.24490 58.73300 0.10952
H 60.13540 57.91930 -0.03364
H 56.96540 57.23470 -0.09828
H 67.20120 62.57320 0.33732
H 64.10890 61.81270 0.21206
H 61.05030 60.98740 0.13075
H 57.96120 60.23740 -0.03233
H 68.07650 65.66330 0.33190
H 64.97950 64.90100 0.29144
H 61.90100 64.09890 0.19119
H 65.79160 67.98480 0.27237
C 52.10750 61.33580 1.77395
C 48.98130 61.45670 1.93215
C 57.65850 65.11490 0.93127
C 54.36410 64.12630 0.90318
C 47.21430 64.89130 1.34264
C 58.93900 68.18980 1.69559
C 62.93360 71.79440 1.89213
C 59.94960 71.20380 1.68274
C 66.14940 49.96990 0.14796
C 62.55990 49.25260 1.00582
C 70.98840 51.39680 1.04756
C 68.05470 52.87790 -0.41985
C 72.36410 54.32410 0.27674
C 72.05330 69.39530 2.07009
C 50.83960 48.32130 1.60856
C 51.35630 51.63780 0.88689
C 50.31390 54.84930 1.79051
C 50.06960 58.25040 1.72097
C 59.47080 48.05040 0.88300
C 63.24380 52.18100 1.29430
C 60.12710 51.26030 1.20621
C 57.02930 50.24470 1.20426
C 70.47650 56.46820 2.05650
C 67.26220 55.84060 1.65159
C 64.09370 55.05900 1.51791
C 54.77450 52.84360 1.46116
C 71.31830 59.94580 2.07506
C 52.39370 54.89380 1.69447
C 56.46790 59.04780 1.55803
C 53.23490 58.25810 1.90693
C 60.62190 62.74180 1.75868
C 57.46560 61.98140 1.59344
C 70.54640 68.25030 1.88439
C 61.37460 65.84120 1.82382
C 68.67780 70.85860 1.59282
C 65.22850 69.73730 1.92391
C 62.07020 68.88550 1.74566
C 50.83030 64.32640 1.62196
C 55.59220 67.55300 1.58846
C 52.37150 67.13900 1.53367
C 49.08090 67.15300 1.45419
C 56.79460 70.61470 1.66165
C 53.60890 70.27060 1.68618
C 50.50120 69.86170 1.59025
C 69.61240 49.62720 0.74461
C 47.97140 49.70220 1.68918
C 47.76950 52.88040 1.64526
C 54.89440 49.64580 1.55504
C 60.94010 54.32150 1.40389
C 57.83250 53.57860 1.38690
C 68.04250 58.97620 2.02950
C 64.95740 58.15010 1.74834
C 61.86830 57.37100 1.59618
C 58.74640 56.63170 1.49609
C 55.53140 55.95910 1.53233
C 68.90360 62.05350 2.04777
C 65.82500 61.25940 1.85934
C 62.78690 60.45800 1.75350
C 59.65480 59.64500 1.60943
C 69.92990 65.22870 2.00028
C 66.73550 64.38890 1.91681
C 63.62950 63.55870 1.83371
C 67.62170 67.54470 1.83640
C 64.43490 66.68530 1.85046
C 69.67470 87.34600 -2.01005
C 67.60440 87.72120 -1.75084
C 64.46130 88.46220 -1.46236
C 61.43610 89.28160 -1.74604
C 60.32450 92.32800 -1.37321
C 57.25450 93.24700 -1.44110
C 56.40560 -1.23840 -1.53204
C 47.89560 76.86240 -1.63174
C 51.22390 78.49310 -1.43316
C 53.95290 80.53680 -1.58066
C 59.22610 84.83200 -1.86366
C 47.91860 90.62940 -0.85491
C 59.19820 87.04850 -1.69293
C 55.91980 88.45590 -1.65018
C 50.71100 91.84690 -0.97119
C 56.30090 91.55560 -1.79648
C 53.81400 93.81220 -0.73286
C 64.23160 74.90080 -1.57394
C 48.24740 72.68900 -1.37199
C 62.29800 77.19720 -1.61125
C 52.71640 75.62640 -1.57603
C 49.51570 75.59470 -1.34533
C 63.53450 80.28700 -1.75259
C 60.24160 79.66520 -1.61890
C 56.80040 79.10940 -1.53061
C 53.42350 78.55050 -1.54346
C 65.12730 82.98960 -1.31102
C 61.53990 82.67870 -1.54056
C 62.32580 85.85240 -0.77923
C 71.59900 72.73080 -1.46281
C 68.98860 74.33860 -1.68984
C 68.61880 77.85130 -1.08387
C 66.04130 75.82370 -1.65591
C 69.04740 80.87150 -1.46655
C 68.77190 84.28150 -1.26664
C 69.48880 90.35650 -1.63506
C 66.46320 91.12200 -1.61567
C 63.37640 91.89540 -1.54499
C 68.57860 93.43120 -1.60232
C 65.51010 94.17370 -1.52584
C 62.46370 94.85980 -1.44878
C 59.42710 95.49850 -1.43755
C 70.73090 95.78840 -1.67424
C 48.16100 80.16670 -1.59556
C 50.97360 82.01530 -1.56941
C 48.10120 83.44270 -1.43310
C 57.25630 82.16570 -0.94080
C 53.77740 83.70430 -1.44948
C 50.80470 85.17460 -1.40889
C 47.90390 86.99570 -1.29155
C 56.38670 85.42410 -1.43847
C 53.47380 86.87410 -1.38595
C 50.64290 88.55880 -1.31197
C 53.32790 90.21120 -1.37927
C 61.11070 74.18850 -1.50110
C 57.93180 73.65180 -1.54165
C 54.78310 73.16550 -1.54405
C 51.43530 72.87510 -1.44245
C 59.09170 76.62590 -1.59772
C 55.85870 76.08200 -1.63122
C 71.62030 75.95750 -1.45105
H 47.54060 94.51910 0.21305
H 67.25410 85.99240 0.02902
H 60.82850 87.67690 0.07509
H 69.11500 88.59950 0.03214
H 66.13290 89.11070 -0.16510
H 63.03680 90.02450 0.06071
H 59.95690 90.77410 -0.17508
H 59.03530 93.77040 0.24277
H 55.95450 94.51620 0.16270
H 50.11000 80.27760 0.10882
H 52.83630 82.02790 0.10821
H 59.43040 83.01430 -0.15618
H 55.68630 83.73380 0.13955
H 58.21670 85.79390 0.18736
H 57.96650 88.67870 -0.03533
H 55.37500 90.22140 0.19811
H 52.46090 91.88730 0.32583
H 48.88450 92.38740 0.76848
H 64.49510 72.99880 0.16391
H 61.36630 72.39850 0.11645
H 62.49170 75.38230 0.13519
H 49.86330 73.64060 0.34048
H 63.68810 78.18360 -0.17076
H 54.20010 76.80890 0.01334
H 51.17650 76.53930 0.07647
H 64.94480 80.95320 0.35563
H 61.77710 80.74880 -0.01357
H 58.44180 80.21680 -0.07691
H 55.69520 80.61620 0.03223
H 63.15390 83.63300 0.27248
H 69.71370 72.71540 0.09603
H 67.10080 74.21310 0.10422
H 66.58680 77.25750 0.47536
H 67.34180 79.98140 -0.94631
H 70.46650 85.79040 -0.35167
H 67.20510 82.93000 0.13779
H 50.57810 94.47900 -0.59319
H 68.22410 91.62030 0.00738
H 65.17830 92.34280 0.06657
H 62.11250 93.08290 0.16904
H 70.38520 93.97560 -0.06462
H 67.31930 94.72090 0.01731
H 64.24340 95.43640 0.10963
H 61.15920 96.15830 0.14425
H 49.97920 83.50050 0.17561
H 52.67660 85.18640 0.22252
H 49.87030 86.77260 0.24534
H 55.34580 86.92210 0.19549
H 52.57420 88.47070 0.26719
H 49.87920 90.00180 0.48156
H 58.22340 71.81590 0.05913
H 59.34040 74.83360 0.05183
H 56.20970 74.32450 0.03194
H 53.07980 73.86080 0.04903
H 60.49260 77.83140 0.03506
H 57.32290 77.25220 -0.03673
H 69.70090 75.98150 0.05113
H 70.08570 79.35260 0.25066
H 70.17970 82.62910 -0.08317
C 70.37970 87.24600 1.60637
C 67.34500 87.47470 1.37176
C 64.41280 88.66100 1.66383
C 61.25780 89.49710 1.73828
C 60.38420 92.47770 1.80330
C 57.24640 93.39910 1.92334
C 56.38450 -1.10422 1.74052
C 47.78920 76.62950 1.69198
C 51.27950 78.49380 1.58148
C 54.03930 80.53470 1.72691
C 59.70470 84.27300 1.50897
C 47.90370 90.31890 1.91427
C 59.13830 87.30470 1.89615
C 56.20920 88.45500 1.91988
C 50.80830 91.52750 2.20267
C 56.59320 91.52050 2.07897
C 53.73620 93.90040 1.11503
C 64.09880 74.83500 1.93695
C 48.47860 72.47950 1.71378
C 62.14910 77.19930 1.75249
C 52.78980 75.64410 1.67302
C 49.67650 75.69390 1.79324
C 63.58680 80.16090 1.67610
C 60.18740 79.73450 1.56916
C 56.92270 79.10500 1.49590
C 53.45810 78.57380 1.57437
C 65.29250 83.17110 1.74190
C 62.12480 82.46310 1.86744
C 62.38780 85.96370 1.04848
C 71.52060 72.62490 1.84479
C 69.02150 74.38610 1.84820
C 68.33440 77.85710 0.96214
C 66.00210 75.38530 2.17904
C 68.58890 81.09750 1.06033
C 68.99290 84.42990 1.10758
C 69.57100 90.37390 1.64566
C 66.48490 90.90540 1.55667
C 63.47170 91.82250 1.74399
C 68.66930 93.42990 1.58284
C 65.60150 94.16710 1.65853
C 62.50610 94.90930 1.72886
C 59.42050 95.64720 1.75926
C 70.82750 95.78190 1.51168
C 48.21620 80.12040 1.88767
C 51.01990 81.95340 1.83403
C 48.13760 83.40740 1.82543
C 57.34810 82.13910 0.92509
C 53.81570 83.61490 1.76109
C 50.83350 85.11100 1.84399
C 47.94130 86.91180 1.80886
C 56.39040 85.35990 1.79050
C 53.54550 86.81590 1.85367
C 50.77770 88.31300 1.97689
C 53.47170 90.13690 1.90154
C 61.02180 74.21250 1.70341
C 57.90910 73.65660 1.63838
C 54.80770 73.17620 1.63037
C 51.70140 72.77100 1.74624
C 59.03660 76.66600 1.63797
C 55.89940 76.13780 1.62988
C 71.48810 76.05690 1.77271
C 88.11350 2.78821 -1.77052
C 92.24010 5.59948 -1.48693
C 88.59240 5.79499 -0.57609
C 92.87810 8.37667 -1.69902
C 81.90900 1.48152 -2.01489
C 78.35760 2.31537 -1.88303
C 77.36280 5.37446 -1.67600
C 74.09590 6.13597 -1.68897
C 73.90870 8.14333 -1.93097
C 71.68780 10.73540 -2.30366
C 73.19710 13.50120 -0.73285
C 74.86070 17.57620 -0.69682
C 75.42400 20.88280 -1.48518
C 84.96050 3.93324 -1.56096
C 81.83020 4.55384 -0.80733
C 79.05360 6.49046 -1.65862
C 84.70360 6.99996 -1.48401
C 79.11850 9.87830 -1.40854
C 76.07600 10.97970 -1.33327
C 90.70580 8.24531 -1.62942
C 87.44230 8.99027 -1.51244
C 75.95990 14.22900 -1.23709
C 93.35370 10.31180 -1.87331
C 78.27500 15.82740 -1.29127
C 95.85040 12.15170 -2.53695
C 80.50500 17.80160 -1.38322
C 95.42270 15.47750 -1.44378
C 79.86650 21.10880 -1.66883
C 94.09120 18.66330 -1.63337
C 91.25020 19.80270 -1.40232
C 88.14400 20.69540 -1.81429
C 85.33060 21.83080 -1.68587
C -1.11075 20.51880 -1.96479
C 94.24280 23.82080 -1.99786
C -1.14144 0.75084 -1.72307
C 93.13670 0.36322 -1.70274
C 89.96920 0.10368 -1.81570
C 86.12430 0.10764 -1.14549
C 94.37440 3.28368 -1.63716
C 91.25340 2.90659 -1.62037
C 95.52480 6.21605 -1.67333
C 79.26200 -0.76228 -1.88146
C 76.04550 -0.03601 -1.81329
C 72.93500 0.67556 -1.73376
C 75.15550 3.08734 -1.68450
C 71.95800 3.73099 -1.67303
C 72.33440 19.76320 -1.48515
C 73.23880 23.10090 -1.57222
C 81.89150 8.26166 -1.34493
C 84.49740 10.27330 -1.37045
C 81.58350 11.52450 -1.27460
C 78.71220 12.79940 -1.18686
C 89.78780 11.31820 -1.74373
C 86.91570 12.33120 -1.47838
C 84.00040 13.50210 -1.34577
C 81.09570 14.70560 -1.22769
C 92.41920 13.38030 -1.71135
C 89.33010 14.44570 -1.61346
C 86.34780 15.54210 -1.47506
C 83.44830 16.70240 -1.36383
C 91.75240 16.54450 -1.69990
C 88.86140 17.56830 -1.56710
C 85.83680 18.70890 -1.51426
C 82.90570 19.77800 -1.49179
H 88.26810 0.86065 -0.19355
H 89.60850 3.67028 -0.03008
H 86.70210 4.21325 -0.23155
H 93.83660 6.81002 -0.04232
H 90.77440 6.59728 0.14747
H 84.23100 -1.26984 -0.31810
H 83.11560 2.35184 -0.25485
H 80.01850 2.69057 -0.53165
H 76.98080 3.51203 -0.08487
H 75.84650 6.41782 0.14448
H 72.85880 7.27508 0.14050
H 74.47130 15.36380 0.25427
H 76.01390 19.47900 0.61711
H 76.32000 22.45720 0.43124
H 83.91900 5.44192 0.26420
H 80.98480 6.68969 0.00866
H 78.16890 8.07823 0.19255
H 86.85210 7.46496 -0.20599
H 75.16850 12.56090 0.37438
H 89.44530 9.58564 0.03732
H 77.69920 14.24650 0.43628
H 95.25550 10.76910 -0.29676
H 91.86360 11.73140 -0.32146
H 77.07240 17.12980 0.52868
H 79.18720 19.34970 0.29289
H 93.70280 16.72550 -0.16369
H 81.73000 21.27020 0.02231
H 78.90570 22.45020 -0.55419
H 93.07710 19.76980 0.43429
H 90.22700 20.99040 -0.25726
H 87.29790 22.35650 0.01865
H 95.95490 18.97680 -0.15255
H 94.63180 21.69460 -0.53531
H 94.64930 1.40656 -0.13211
H 91.44050 1.03041 -0.10521
H 95.83180 4.39861 -0.05600
H 92.73330 3.83209 0.05528
H 72.54290 -1.11958 -0.12417
H 81.09630 -0.25778 -0.30877
H 77.86910 0.44376 -0.21953
H 74.72000 1.22966 -0.17145
H 71.58610 1.91467 -0.10272
H 73.72920 4.27169 -0.06208
H 72.59470 17.94780 0.27275
H 73.52250 21.27880 0.06115
H 75.31980 9.31217 -0.03786
H 83.83090 8.55512 0.24278
H 80.87730 9.80917 0.33918
H 77.93020 11.09760 0.35636
H 86.40650 10.59250 0.17677
H 83.45370 11.75670 0.27243
H 80.55590 12.96960 0.37018
H 88.80340 12.71650 0.03290
H 85.87650 13.81190 0.16165
H 82.96200 14.98490 0.27511
H 80.01190 16.17710 0.36219
H 91.17110 14.83340 -0.03016
H 88.22620 15.86240 0.01942
H 85.31000 17.02420 0.16681
H 82.31970 18.16050 0.24806
H 90.66950 17.88130 0.03030
H 87.71270 19.05970 0.01238
H 84.75840 20.23190 0.08844
C 87.90530 2.69804 1.43587
C 92.42100 5.61839 1.61757
C 89.14110 5.68340 1.31589
C 93.10270 8.48758 1.58875
C 81.69040 1.63037 1.32814
C 78.42390 2.19397 1.46384
C 77.43860 5.16277 1.72320
C 73.96300 5.87898 1.82597
C 73.24500 9.17461 1.62507
C 72.08350 10.71630 0.86652
C 73.09260 13.55090 1.15837
C 74.72250 17.43230 1.50676
C 75.09940 20.66890 1.94917
C 84.87980 3.53125 1.44732
C 82.32480 6.00452 2.03924
C 79.15320 6.25593 1.73367
C 85.17630 7.07278 1.68592
C 79.07590 9.68520 2.01692
C 76.05380 10.97260 1.96154
C 90.96960 8.38820 1.69265
C 87.65950 9.02394 1.66875
C 75.84600 14.30700 1.95128
C 93.44800 10.49570 1.35867
C 78.44430 15.74780 2.16686
C -0.54544 12.20580 0.99239
C 80.58190 17.89670 1.98346
C 95.25200 14.80520 0.24724
C 79.77390 21.09750 1.59526
C 94.57390 18.11510 1.65470
C 91.42490 19.54380 1.72336
C 88.47120 20.70820 1.70597
C 85.60350 22.14560 1.52289
C 95.99720 20.76280 1.42323
C 94.29280 23.52460 1.32812
C -1.13983 0.68096 1.44425
C 93.17780 0.29216 1.42921
C 89.88140 -0.05752 1.43793
C 86.09260 0.02448 0.65202
C 94.49360 3.14906 1.54503
C 91.18930 2.77676 1.57428
C 95.54000 6.14976 1.61066
C 79.33100 -0.83028 1.32634
C 76.09010 -0.06446 1.40691
C 73.00060 0.66851 1.46862
C 75.16150 2.98893 1.48385
C 71.96180 3.67101 1.54507
C 72.27300 19.73850 1.64071
C 73.19470 23.17660 1.56032
C 82.03290 8.13990 1.80290
C 84.60640 10.25310 1.83601
C 81.68540 11.47590 1.93650
C 78.74950 12.72780 1.96243
C 90.16100 11.41250 1.58807
C 87.07730 12.37700 1.73082
C 84.12930 13.51290 1.81752
C 81.20110 14.72810 1.90126
C 92.52540 13.41780 1.50400
C 89.40310 14.47240 1.62697
C 86.50110 15.57110 1.71138
C 83.55510 16.75710 1.82231
C 91.93170 16.52030 1.58831
C 88.85640 17.58640 1.60971
C 85.93890 18.80830 1.70022
C 82.93280 19.99940 1.73389
C 80.99750 47.21720 -0.69482
C 90.51500 46.49290 -1.42111
C 96.07250 46.83580 -1.36202
C 83.07790 24.73830 -1.86750
C 79.65500 24.82550 -1.25848
C 88.15500 27.27000 -2.30090
C 84.92680 27.50530 -1.98736
C 78.54760 28.78820 -1.83941
C 87.20470 30.31030 -2.03651
C 77.81780 32.01310 -1.93889
C 89.38020 32.59250 -1.91685
C 76.93360 35.46590 -1.94636
C 91.42560 34.86350 -1.84034
C 78.99240 37.61780 -1.71599
C 93.36880 37.25990 -1.88128
C 81.12720 39.93400 -1.61229
C 83.26620 42.39310 -1.29215
C 95.38820 42.87460 -1.26485
C 91.79450 43.53740 -1.36912
C 88.44730 44.01120 -1.34415
C 85.37610 44.80030 -0.80588
C 82.49840 45.64380 -0.86819
C 93.19940 45.13900 -1.68204
C 76.21950 24.07810 -1.62630
C 77.26890 27.06860 -1.71373
C 75.18260 29.95840 -1.15621
C 72.41930 32.12170 -0.80397
C 73.92720 35.06330 -1.45050
C 75.73170 38.02450 -1.69639
C 77.79960 40.67810 -1.69735
C 79.67970 43.39320 -1.03064
C 77.94120 46.36720 -2.08873
C 82.34690 22.81580 -1.81530
C 87.53690 24.06330 -1.94347
C 92.49370 26.53800 -1.70107
C 89.08340 25.44260 -1.73743
C 90.65630 29.16360 -1.07226
C 92.75390 31.76240 -1.80309
C 94.68270 34.35300 -1.81257
C 81.84770 27.91660 -1.90794
C 83.99430 30.69670 -1.92074
C 80.95110 31.18370 -1.87583
C 86.17710 33.22750 -1.84096
C 83.05150 33.74480 -1.78895
C 79.99460 34.41780 -1.79175
C 88.29320 35.56370 -1.76201
C 85.15540 36.23340 -1.68234
C 82.07870 36.86300 -1.65014
C 90.32930 37.95040 -1.73398
C 87.24830 38.59370 -1.61929
C 84.14860 39.28130 -1.50298
C 95.73830 39.73130 -1.82690
C 92.56700 40.43220 -1.68036
C 89.43070 41.04000 -1.50983
C 86.27790 41.69200 -1.30451
C 74.11040 26.30030 -1.79766
C 72.57930 38.21100 -1.73536
C 74.31390 40.84690 -1.81876
C 76.25470 43.55780 -1.87089
C 72.75060 43.56170 -1.98498
C 74.36690 46.06360 -2.37149
C 96.07800 26.21970 -1.82057
C 94.45590 28.97030 -1.84613
C 96.15650 31.63420 -1.76705
H 83.42570 47.96980 -0.39115
H 92.53490 46.77180 -0.05846
H 84.82540 25.98660 -0.29992
H 81.61450 26.19410 -0.40705
H 86.84670 28.37500 -0.48470
H 80.48980 29.41370 -0.30915
H 77.43350 30.20810 -0.23575
H 88.94790 30.75990 -0.30281
H 78.63360 35.70020 -0.20898
H 93.18180 35.45230 -0.25956
H 80.69510 38.08690 -0.02587
H 95.12500 37.88270 -0.40697
H 82.76490 40.42610 0.17379
H 94.40990 40.84830 -0.13378
H 81.87860 43.46810 0.04307
H 93.60100 43.70660 0.34338
H 90.27940 44.59650 0.17406
H 87.13280 45.15500 0.42189
H 83.94430 45.55910 1.32507
H 77.51990 25.29500 0.05321
H 75.40180 27.71350 -0.24493
H 72.92880 29.84220 -0.03669
H 73.84530 33.71310 0.76812
H 75.55120 36.22070 -0.07861
H 77.47540 38.75840 -0.14849
H 79.62810 41.08260 -0.03390
H 77.52850 44.50890 -0.27593
H 84.04570 23.24180 -0.12826
H 92.86990 24.25230 -0.24456
H 91.28170 27.01120 0.07702
H 92.86050 29.87260 -0.20219
H 94.47710 32.52170 -0.21978
H 83.58580 28.89440 -0.35863
H 85.76640 31.32720 -0.31455
H 82.66130 31.90400 -0.23029
H 79.63400 32.54070 -0.24666
H 76.57480 33.27350 -0.56582
H 91.20480 32.97020 -0.22763
H 87.96950 33.69430 -0.22150
H 84.80850 34.34890 -0.17171
H 81.72840 34.98980 -0.14883
H 90.09030 36.06630 -0.17883
H 86.94810 36.71990 -0.10398
H 83.81440 37.38540 0.00371
H 92.13740 38.51900 -0.20924
H 89.04640 39.12460 -0.03174
H 85.93480 39.73800 0.10104
H 91.25070 41.55270 0.07314
H 88.13760 42.13870 0.24678
H 84.98580 42.72530 0.48833
H 74.41620 24.61880 -0.01878
H 72.19450 26.79020 -0.31693
H 72.43180 36.43400 -0.09274
H 74.19260 39.07540 -0.13340
H 76.02070 41.63330 -0.19581
H 72.72720 41.85840 -0.24232
H 74.40690 44.48890 -0.44977
H 95.99630 24.33220 -0.30060
H 94.44700 27.10710 -0.23278
H 96.09320 29.77190 -0.20469
C 82.77120 47.73240 2.07994
C 90.79180 46.50880 1.72501
C -0.92278 47.58440 2.21874
C 83.01350 24.99470 1.34530
C 79.80070 24.61450 0.60511
C 88.15460 27.06330 1.15121
C 85.05930 27.60850 1.23485
C 78.61620 28.90020 1.37929
C 87.17000 30.10260 1.30840
C 77.84100 31.98640 1.37746
C 89.38430 32.49800 1.42019
C 76.95430 34.95870 1.42207
C 91.51860 34.82840 1.39904
C 78.84330 37.49270 1.46454
C 93.56430 37.26310 1.29293
C 80.91170 39.84510 1.69686
C 83.08560 42.23960 1.86123
C 95.10080 42.28010 1.82407
C 91.64900 43.29900 1.77879
C 88.66060 43.88050 1.90440
C 85.57970 44.36280 2.30106
C 82.25400 44.03170 2.44683
C 94.21600 45.48110 1.35127
C 75.98350 24.58260 1.89858
C 77.14680 27.32810 1.46904
C 75.24360 30.01420 0.75666
C 72.02650 31.93370 1.03539
C 73.91980 35.49230 1.64274
C 75.73380 38.08140 1.46708
C 77.64110 40.65420 1.44242
C 79.49330 43.43700 0.81092
C 76.90570 46.48070 1.12313
C 82.41560 22.99880 1.65210
C 88.94740 23.96020 1.29469
C 92.76550 26.37190 1.48722
C 89.33830 25.71650 0.26323
C 90.64570 29.27890 0.78656
C 92.72500 31.77840 1.36864
C 94.65130 34.35100 1.34613
C 81.90270 28.11030 1.29853
C 84.05400 30.62080 1.32289
C 80.93640 31.19450 1.37959
C 86.21050 33.05850 1.36825
C 83.06220 33.67410 1.41077
C 79.94210 34.36510 1.38575
C 88.35970 35.45440 1.44153
C 85.23440 36.07050 1.50548
C 82.02390 36.75100 1.53817
C 90.48980 37.84510 1.45873
C 87.36130 38.42250 1.59501
C 84.18450 39.13350 1.68350
C -0.93128 39.73320 0.05322
C 92.72660 40.17250 1.48963
C 89.57260 40.77350 1.69825
C 86.45500 41.38130 1.86074
C 73.97580 26.59780 1.38707
C 72.50500 38.31510 1.46495
C 74.26870 40.96070 1.43934
C 75.85700 43.56460 1.34982
C 72.74410 43.82010 1.19481
C 74.75570 46.50760 0.81354
C 96.00860 26.09750 1.35442
C 94.46850 28.93300 1.42026
C 96.10620 31.61640 1.38237
C 87.38150 47.42350 -0.60984
C 84.32100 49.58300 -1.52073
C 81.29120 50.45970 -0.81224
C 78.66050 52.35500 -1.20985
C 75.75700 53.93910 -1.72252
C 93.25200 48.47860 -1.64039
C 75.60660 57.09710 -1.54148
C 72.68910 58.38120 -1.36589
C 75.35640 60.28340 -1.43423
C 95.56310 53.38430 -1.52031
C 92.65950 54.72580 -1.33195
C 89.56120 56.15810 -1.22913
C 86.70290 57.48490 -1.28672
C 75.26000 63.38060 -1.41471
C 87.09000 60.72430 -1.03070
C 84.35850 62.29000 -0.66726
C 77.82050 65.19450 -1.49492
C 83.41440 65.30700 -1.33450
C 80.38290 67.28880 -0.72459
C 83.32950 68.95410 -0.62009
C 76.79910 49.58650 -2.05647
C 74.37900 52.37610 -1.97110
C 80.11570 70.94220 -1.21412
C 77.58740 68.75710 -0.87067
C 74.72330 67.34540 -1.41113
C 72.44000 62.95960 -0.54285
C 95.32280 56.75790 -1.26107
C 92.19090 57.70380 -1.35371
C 91.21740 60.75180 -1.23002
C 90.02010 63.54250 -1.06610
C 88.98870 66.47950 -0.83249
C 85.93170 66.85840 -0.68976
C 87.72840 69.39280 -0.42956
C 89.25340 72.22660 0.95202
C 90.16160 49.52540 -1.38235
C 87.16300 51.11040 -1.47218
C 84.20660 52.61140 -1.28680
C 81.30540 53.89680 -1.21287
C 78.58470 55.65670 -1.49723
C 92.70090 51.57690 -1.62888
C 89.83750 52.87910 -1.40437
C 86.94260 54.33440 -1.35808
C 83.99180 55.74910 -1.30914
C 81.26260 57.27990 -1.31747
C 78.39080 58.76730 -1.42193
C 84.01850 58.96410 -1.31321
C 81.10820 60.46190 -1.35116
C 78.17490 61.89530 -1.41758
C 80.83300 63.59290 -1.40542
C 73.18790 49.03380 -2.41708
C 74.67760 70.95820 -1.44846
C 94.27690 59.95390 -1.21594
C -1.10155 62.30430 -1.30132
C 93.23750 62.95540 -1.10709
C 95.27930 65.31310 -1.19999
C 92.13180 65.93510 -0.98238
C 94.11780 68.31050 -1.04736
C 90.91420 68.95700 -0.72425
C 96.18790 70.66050 -1.32584
C 92.86620 71.21440 -0.95102
H 80.91020 49.25300 1.10712
H 89.61890 47.88360 0.45076
H 86.27040 49.46920 0.14735
H 80.51720 52.40570 0.60430
H 77.63940 53.83540 -0.00104
H 74.72420 55.36450 0.21831
H 95.10800 48.63690 0.27200
H 74.58880 58.55740 0.18262
H 94.67350 51.65870 0.02645
H 91.73080 52.99020 0.19460
H 74.45990 61.76420 0.29871
H 91.45310 56.06940 0.31513
H 88.43050 57.56260 0.54375
H 85.80560 59.05420 0.35013
H 74.04860 64.68960 0.44402
H 86.71070 62.16750 0.31378
H 79.70230 65.09280 0.20844
H 76.68520 66.58240 -0.09764
H 85.45660 65.07280 0.31961
H 82.59920 66.73950 0.11008
H 76.13720 47.34000 -1.17962
H 74.63830 50.24000 -0.62765
H 83.75380 71.09270 0.58177
H 81.10080 69.36400 0.34093
H 78.16300 70.86870 0.32463
H 75.34100 69.34210 -0.06251
H 72.61560 71.00770 0.23147
H 94.50130 54.87510 0.36280
H 93.90460 58.08020 0.31231
H 90.87860 58.90960 0.45557
H 89.79310 61.68080 0.63648
H 88.60340 64.55000 0.84805
H 87.70100 67.36270 1.03495
H 89.62970 69.82330 1.14545
H 86.51670 70.25670 0.95925
H 83.41680 50.99830 0.35374
H 92.10700 49.88580 0.08388
H 89.06880 51.12140 0.17285
H 86.16290 52.61100 0.22770
H 83.19090 54.14420 0.34846
H 80.34870 55.62310 0.27666
H 77.43820 57.08590 0.16195
H 88.79740 54.38280 0.25380
H 85.85510 55.79760 0.26640
H 83.09330 57.35450 0.33230
H 80.19210 58.82960 0.25737
H 77.25420 60.24860 0.14931
H 82.93630 60.50630 0.29228
H 79.97220 61.97170 0.22505
H 77.13120 63.44990 0.17837
H 82.57840 63.63650 0.33275
H 72.93790 47.24790 -0.73263
H 96.10780 60.45950 0.29270
H 92.95260 61.11350 0.44932
H 95.07840 63.47900 0.37396
H 91.82250 64.06410 0.54676
H 93.98350 66.45320 0.51845
H 90.79460 66.99790 0.73153
H 96.01580 68.88190 0.37162
H 92.85450 69.41360 0.74200
H 94.86820 71.88920 0.33242
C 87.29930 47.46480 1.26826
C 84.30210 49.18110 1.66346
C 81.76950 50.93730 2.26108
C 78.72200 52.19730 1.79605
C 75.72070 53.43320 1.66273
C 93.38380 48.39680 1.68116
C 75.50680 56.80040 1.81141
C 72.82010 58.48230 1.96275
C 75.43210 60.23740 1.85206
C 95.56710 53.10740 1.91365
C 92.59050 54.58440 1.91258
C 89.66130 55.90450 1.97390
C 86.71770 57.38560 1.98188
C 75.32110 63.51440 1.93050
C 87.99540 60.00470 0.82285
C 84.38330 62.26320 1.28530
C 77.72760 65.29130 1.72399
C 83.45390 65.31260 1.90263
C 80.41490 67.17580 1.19524
C 83.28810 68.75760 1.30173
C 77.00150 49.62590 -0.18915
C 74.41790 51.85570 1.42936
C 79.95850 70.65440 2.03621
C 77.48890 68.62600 0.99509
C 74.29880 67.16050 0.48867
C 72.44320 62.83140 1.24149
C 95.26300 56.54580 1.73518
C 92.28820 57.55860 2.05279
C 91.40540 60.58810 2.25316
C 90.31060 63.41840 2.39862
C 89.32290 66.38350 2.56173
C 86.51040 65.48310 2.20591
C 87.68280 69.26520 2.67099
C 90.08010 71.73460 2.61044
C 90.36470 49.77720 1.85753
C 87.09160 50.82050 1.74777
C 84.32980 52.62300 1.89951
C 81.40100 54.19080 2.03649
C 78.37560 55.44360 1.78848
C 92.82470 51.49460 1.83948
C 89.85840 52.80570 1.82097
C 86.95470 54.28700 1.85501
C 84.06940 55.78050 1.94663
C 81.19880 57.30450 1.90622
C 78.26730 58.72220 1.80085
C 83.99720 59.00080 1.94865
C 81.04550 60.49260 1.86449
C 78.10480 61.86600 1.78520
C 80.70230 63.60070 1.91598
C 72.95050 49.09620 0.93374
C 74.68280 70.77800 1.81579
C 94.41160 59.83400 1.92734
C -0.95620 62.23750 1.89947
C 93.39470 62.89390 2.02477
C 95.46180 65.21730 2.01229
C 92.35070 65.81420 2.18130
C 94.46920 68.20230 2.14966
C 91.27990 68.66470 2.47728
C -1.05099 70.76430 1.88693
C 93.44310 71.24340 2.28217
C 95.06250 95.26980 -1.86308
C 91.90320 95.09900 -1.96898
C 88.67600 94.77030 -1.96696
C 95.81140 77.87470 -1.76121
C 92.86050 78.44700 -2.30689
C 88.42210 81.26530 -2.69787
C 86.41030 83.73040 -2.57954
C 84.51760 86.39300 -2.45561
C 96.06320 89.63140 -2.27508
C 92.66560 89.67580 -2.17975
C 85.97430 89.23700 -2.37144
C 90.57750 92.13300 -2.20524
C 72.49370 89.25360 -1.60733
C 80.44820 90.01680 -1.91454
C 77.65060 91.37230 -1.97064
C 83.08500 92.92610 -2.18835
C 85.39900 94.82570 -2.02264
C 82.43440 95.91340 -1.95884
C 88.55060 76.10260 -0.08116
C 85.66580 72.70130 0.61501
C 82.84900 72.37590 -0.81391
C 85.52030 76.18380 -1.01727
C 85.94790 79.52820 -1.74731
C 83.08570 81.58180 -1.65422
C 83.22080 84.74360 -2.12104
C 81.02980 86.80720 -1.70678
C 78.46410 88.39820 -1.91800
C 75.31470 87.31690 -1.70594
C 72.37560 85.72040 -1.90335
C 94.63170 73.84720 -1.27095
C 91.04660 73.85190 -1.00193
C 92.74210 76.37590 -2.48021
C 94.37940 81.08350 -2.15448
C 91.37800 81.38110 -2.47821
C 95.90890 83.91210 -2.21507
C 92.85040 83.94850 -2.31708
C 89.66730 83.92490 -2.43318
C 94.27900 86.79190 -2.25458
C 91.16190 86.77260 -2.34222
C 87.95100 86.50550 -2.45298
C 89.41280 89.33670 -2.29877
C 86.86290 92.10360 -1.47298
C 74.64990 91.95820 -1.87446
C 71.63980 92.65970 -1.70733
C 80.06280 93.52540 -1.92127
C 76.93120 94.39990 -1.86687
C 73.80790 95.08080 -1.76772
C 82.68890 75.31050 -0.88452
C 79.98670 74.02270 -1.02740
C 77.26310 72.52760 -1.25350
C 82.83520 78.32740 -1.32594
C 80.02670 77.05410 -1.13960
C 77.20230 75.64900 -1.20580
C 74.37600 74.23260 -1.32408
C 80.24320 80.22800 -1.38779
C 77.38260 78.82190 -1.36384
C 74.55870 77.38990 -1.39270
C 80.49190 83.40400 -1.59842
C 77.61790 82.08360 -1.52160
C 74.74710 80.69230 -1.53263
C 71.81320 79.20700 -1.47753
C 77.98730 85.24160 -1.73091
C 75.00910 83.88000 -1.74378
C 71.99210 82.46260 -1.71612
H 95.26220 93.29900 -0.10614
H 92.21540 93.05100 -0.36962
H 90.21270 95.66820 -0.25554
H 87.04220 95.46670 -0.33020
H 95.62210 76.65870 0.15613
H 94.25430 79.37080 -0.46990
H 91.15550 79.49730 -0.71775
H 88.32110 79.56930 -0.77388
H 86.61780 81.79650 -1.15944
H 84.79810 84.43470 -0.93660
H 86.23650 87.21650 -0.90333
H 94.04120 90.53620 -0.75805
H 90.84520 90.30110 -0.57411
H 87.69530 89.95960 -0.69668
H 84.56640 89.83840 -0.65231
H 88.96820 92.83500 -0.45615
H 77.36800 89.47360 -0.35241
H 74.39880 90.15130 -0.15681
H 71.33500 90.84680 -0.04634
H 82.33760 91.11220 -0.46057
H 79.49100 91.70540 -0.37635
H 84.82570 93.04680 -0.44301
H 86.51160 74.97460 1.03098
H 83.56900 73.96870 0.92984
H 86.61650 77.72300 -0.14503
H 83.94360 80.00760 -0.47751
H 81.29390 81.81250 0.14256
H 81.64280 84.93850 -0.16160
H 81.78560 88.26620 -0.46479
H 79.07540 86.73150 -0.12508
H 76.03810 85.52920 -0.19837
H 73.25650 87.32450 -0.27023
H 91.73130 72.33350 0.91197
H -0.40931 74.05260 -0.69861
H 92.69460 75.12700 -0.26620
H 89.73340 74.64610 1.17408
H 93.38470 95.92810 -0.17773
H 95.91200 82.12570 -0.55678
H 92.79270 82.16430 -0.69973
H 89.75060 82.12110 -0.90890
H 94.34080 84.94400 -0.67980
H 91.19930 84.87510 -0.85197
H 87.94480 84.63210 -0.94210
H 95.84470 87.74720 -0.60147
H 92.65530 87.68880 -0.66480
H 89.44840 87.44600 -0.76613
H 76.41320 92.59230 -0.28246
H 73.43650 93.26460 -0.17495
H 81.88490 94.10030 -0.39012
H 78.77280 94.85450 -0.29750
H 75.62200 95.62880 -0.22282
H 80.82310 72.43550 0.59276
H 83.73560 76.98640 0.55728
H 80.84370 75.60000 0.63921
H 78.07980 74.09020 0.45003
H 75.35790 72.63240 0.31149
H 81.03900 78.71450 0.34252
H 78.13200 77.28680 0.37550
H 75.31440 75.79920 0.34235
H 72.48290 74.32900 0.25963
H 78.36370 80.47970 0.16035
H 75.48320 79.06210 0.18040
H 72.66760 77.55850 0.17743
H 78.66090 83.65570 0.02909
H 75.74370 82.31180 0.04676
H 72.85540 80.89440 0.02757
H 73.09030 84.08540 -0.17787
C 95.04510 95.31570 1.54286
C 91.83340 94.90340 1.44896
C 88.62340 94.56710 1.26989
C 95.76280 78.56580 1.37798
C 92.65090 78.54420 1.15816
C 88.13710 81.61280 0.73935
C 86.49610 83.47770 0.56455
C 84.68500 86.10900 0.73565
C 95.66960 89.57760 1.07150
C 92.50270 89.44140 1.03599
C 86.03480 88.96020 0.88371
C 90.49400 91.90460 1.27415
C 72.59480 89.16000 1.29212
C 80.50330 89.96740 1.05857
C 77.73540 91.34500 1.30254
C 83.10410 92.84690 1.33795
C 85.37330 94.69480 1.29290
C 82.40800 95.84710 1.27557
C 88.36600 74.94040 2.87687
C 85.34910 73.70410 2.65240
C 82.50360 72.32810 2.35969
C 85.66700 77.05480 2.08993
C 86.17410 80.06720 0.51365
C 83.21920 81.26240 1.52356
C 83.54010 84.51650 1.19519
C 80.97590 86.64200 1.45852
C 78.76230 88.56140 1.48004
C 75.54960 87.96510 0.18442
C 72.29840 85.92440 1.35006
C 94.90550 74.29590 0.68484
C 92.05330 74.46500 2.12634
C 91.45020 77.15170 0.36898
C 94.25410 81.30330 1.01615
C 91.14840 81.49220 0.91339
C 95.86930 84.01800 0.97113
C 92.70170 84.03450 0.82323
C 89.57810 83.92640 0.62727
C 94.20150 86.74240 0.95396
C 91.07940 86.61360 0.81979
C 87.85400 86.37200 0.70758
C 89.29320 89.17550 0.94328
C 86.85070 91.95350 0.41367
C 74.77540 92.01140 1.45856
C 71.76590 92.71190 1.52223
C 80.13330 93.46810 1.21938
C 77.00370 94.35230 1.32909
C 73.92050 95.04010 1.41841
C 82.62900 75.71720 2.31141
C 79.83360 74.00620 2.15118
C 77.18890 72.40630 1.98843
C 83.03150 79.09750 1.62713
C 79.93170 77.36510 2.03395
C 77.14610 75.73750 1.98432
C 74.31560 74.18730 1.93248
C 80.14630 80.44300 1.82235
C 77.30620 79.05960 1.84377
C 74.48500 77.55190 1.85455
C 80.52630 83.61010 1.60548
C 77.56700 82.23210 1.67847
C 74.69290 80.84500 1.70813
C 71.73370 79.36280 1.69893
C 77.83880 85.42170 1.53411
C 74.90550 84.10920 1.51178
C 71.96320 82.66870 1.54971
