2979
Frame 59
C 11.91070 -1.33901 -1.32914
C 12.91970 1.78024 -1.11139
C 11.31380 4.13904 -1.80184
C 9.94785 7.17989 -1.78350
C 7.36052 9.73137 -1.74472
C 4.08687 9.51677 -2.72068
C 2.47786 9.45995 -4.02877
C 23.18570 1.08536 0.87524
C 21.36790 4.80118 1.48138
C 23.88620 6.61519 0.09410
C 23.89480 12.36380 0.04092
C 18.55390 1.31941 -0.68468
C 15.29770 -0.13270 -0.10960
C 18.61620 4.88555 -0.72619
C 22.04660 9.68187 0.43449
C 18.92370 8.13702 -0.45332
C 13.20290 5.03168 -0.35741
C 22.00920 13.15950 0.21793
C 13.34900 8.77350 -0.75079
C 22.12420 16.35160 0.27377
C 10.85190 10.84870 -0.71325
C 21.99880 19.81190 0.25772
C 11.76770 13.97900 -0.37150
C 8.03795 12.93840 -0.74543
C 22.00490 22.96220 -0.03679
C 13.37460 18.53090 0.14939
C 10.28080 16.64580 0.89525
C 13.48850 22.04130 1.23054
C 19.88640 -0.27786 -0.68887
C 4.57491 11.44490 -0.43148
C 5.67362 14.87230 -0.09729
C 2.41996 14.85570 -0.35509
C 7.22118 17.25660 0.53299
C 0.88432 17.45390 -0.34760
C 8.88235 19.72920 1.01728
C 10.30270 22.35310 1.04737
C 8.70503 96.05270 -2.17658
C 9.95637 1.36845 -1.78203
C 6.72429 0.91545 -2.59792
C 3.32194 0.73577 -3.07565
C 8.18746 3.96508 -2.48945
C 4.75562 3.55032 -2.94061
C 1.61403 3.25459 -3.24335
C 6.32644 6.41100 -3.09776
C 2.87801 6.01323 -3.46564
C 15.96110 3.29755 -0.82181
C 15.89610 6.90643 -0.54161
C 19.24040 11.60790 -0.06598
C 16.40920 10.13750 -0.35859
C 19.26020 14.90700 0.33966
C 16.66160 13.54220 0.03671
C 13.84250 11.92200 -0.25592
C 19.28110 18.54600 0.10919
C 16.65370 16.70880 0.12315
C 13.80170 15.26750 -0.00817
C 19.25460 21.60110 0.35964
C 16.36830 20.21690 0.36437
C 4.04434 17.38170 0.21068
C 5.76465 19.91880 0.54883
C 2.52380 20.09840 0.04155
C 7.30547 22.63610 0.77062
C 4.14822 22.69100 0.30630
C 0.97692 22.96630 -0.40964
H 12.88080 -0.00060 0.61097
H 10.91160 2.55235 0.08798
H 9.45025 5.02097 -1.01846
H 7.46433 7.57810 -1.19727
H 1.13052 7.02598 -1.92097
H 2.78117 9.68020 -0.47888
H 21.77160 2.46549 2.49073
H 23.73750 4.83475 1.93526
H 22.12410 7.25579 1.21836
H 24.11940 10.51740 1.43052
H 24.65760 16.12750 0.92696
H 19.37610 3.33913 0.80190
H 16.68450 1.71711 0.99804
H 19.35720 6.38129 1.34589
H 13.88300 3.22440 0.54837
H 14.00600 7.09569 1.09296
H 19.94900 12.99220 2.04060
H 11.34070 9.07389 0.43784
H 22.83850 18.55000 1.32054
H 20.09420 16.85110 1.68280
H 8.85300 11.17760 0.91687
H 23.15350 21.57840 1.77071
H 9.41855 14.25700 0.67472
H 11.85910 18.51600 1.67239
H 8.71095 17.90940 2.44249
H 21.29740 -0.36535 1.25275
H 0.42231 13.56120 -1.30046
H 5.95387 12.89170 0.73157
H 2.64383 12.65500 0.79697
H 6.91790 15.36810 2.15605
H 5.45816 18.08550 2.08998
H 10.27230 20.65860 3.01927
H 7.08274 20.80170 2.36509
H 9.81918 -0.57612 -0.22462
H 6.68096 -0.94987 -0.94180
H 3.42008 -1.09832 -1.42968
H 0.27596 96.22160 -1.49021
H 7.92445 2.11253 -0.80305
H 4.78982 1.68892 -1.34276
H 1.47450 1.41300 -1.56242
H 6.17100 4.70970 -1.27181
H 2.91973 4.42359 -1.49385
H 4.29817 7.20473 -1.66690
H 16.62020 4.99045 0.85350
H 19.71960 9.64118 1.36594
H 17.00400 8.28815 1.17419
H 17.23550 11.62170 1.41229
H 14.35050 10.25790 1.05467
H 17.38320 15.07280 1.90561
H 14.64180 13.52530 1.47037
H 11.82130 12.19360 1.14652
H 20.13920 19.95740 1.94589
H 17.44020 18.40500 1.70266
H 14.62000 16.88250 1.59610
H 12.06160 15.28650 1.64882
H 17.50020 21.67610 2.11611
H 14.69550 19.98470 1.73127
H 3.78704 15.38480 1.53387
H 0.57533 15.43050 1.35625
H 2.21635 18.22680 1.62865
H 3.90348 20.87090 1.94783
H 0.68911 21.12060 1.27759
C 11.17160 -1.01237 1.83957
C 12.31770 2.04031 1.99227
C 9.84657 4.32614 1.26608
C 9.66932 7.26291 -0.00277
C 7.37849 9.66669 0.34933
C 2.79750 8.22110 1.33973
C 0.97682 8.99468 -2.09635
C 22.80700 0.81728 2.70747
C 22.87590 4.01231 4.13090
C 23.51040 6.89434 3.31152
C 23.95520 12.29080 3.08908
C 18.50470 1.44673 2.52008
C 15.08280 -0.05941 1.77594
C 18.17570 4.57710 2.74513
C 22.02320 9.59778 2.28433
C 18.64530 8.15020 3.06172
C 12.63010 5.26842 1.44105
C 22.15260 13.15770 3.43045
C 12.94830 8.82176 2.49231
C 22.38120 16.12960 2.19624
C 10.32980 10.61580 2.34269
C 22.22400 19.88550 3.33180
C 10.76690 13.62740 2.80709
C 7.86651 12.97240 2.29335
C 22.64740 23.21880 3.05457
C 13.42360 18.35080 3.24075
C 10.73080 16.69830 3.08978
C 13.56950 21.64130 3.15086
C 19.25240 -0.53781 2.44706
C 4.36318 11.86400 2.34777
C 5.02928 13.81250 2.88785
C 1.87448 14.23050 2.73327
C 6.84059 17.23850 3.90748
C 0.23801 17.24390 2.85367
C 8.62570 19.80720 4.09377
C 10.23100 22.44250 4.18594
C 8.02783 96.10220 1.02830
C 9.19105 1.34735 1.20714
C 6.18385 1.01219 0.50103
C 3.13375 0.70523 0.16988
C 7.77995 4.12217 0.57971
C 4.51652 3.62149 0.21263
C 1.41021 3.28845 0.00059
C 5.82412 6.59084 0.37100
C 2.57861 6.50545 0.05877
C 15.48930 3.44621 2.39654
C 15.63170 6.63782 2.51742
C 19.01590 11.28610 3.20217
C 16.10910 9.96392 2.77675
C 19.43750 15.11480 3.38400
C 16.38210 13.16480 3.11359
C 13.59870 11.84290 2.79498
C 19.16110 18.29300 3.47347
C 16.32960 16.83960 3.33756
C 13.90990 15.14550 3.16420
C 19.52830 21.66880 3.61952
C 16.41400 19.86910 3.43359
C 3.61271 17.01210 3.32142
C 5.27735 19.79330 3.72460
C 1.84894 19.99580 3.14008
C 7.01537 22.67420 3.98242
C 3.52638 22.76250 3.47737
C 0.27113 23.11750 2.64862
C 22.02380 26.44600 -0.15228
C 19.34890 28.43280 0.74387
C 14.18540 25.37550 1.37587
C 17.91870 29.95450 1.30165
C 22.07360 29.74300 0.16844
C 22.58810 32.70890 -0.52617
C 22.60820 36.20310 -0.99324
C 24.22810 46.22810 -2.91560
C 21.20540 44.89070 -1.44964
C 20.63970 32.33280 2.13187
C 17.78920 33.36550 -0.84216
C 15.23520 31.04300 -0.23769
C 18.34310 35.56980 -0.69808
C 12.00070 34.63490 -0.37277
C 19.46770 38.76630 -0.80545
C 9.82915 36.74310 -0.60498
C 20.33940 41.99760 -1.23530
C 17.27930 41.16310 -1.03265
C 7.68704 39.28640 -1.00180
C 3.21701 39.24990 -2.66789
C 15.31690 43.84470 -1.15341
C 1.79696 42.85200 -2.49602
C 13.21770 46.24710 -1.24121
C 4.30315 44.63620 -2.69191
C 2.00187 47.09940 -2.96533
C 12.17860 24.92660 0.99991
C 11.31130 28.06620 1.18133
C 11.66920 31.67480 -0.09163
C 8.84920 30.68090 0.21496
C 8.50983 33.66870 0.74908
C 5.06154 33.67980 -0.28742
C 6.76467 36.28300 1.16535
C 0.74887 36.76860 -1.05351
C 19.36190 24.77860 0.37083
C 16.45850 23.44670 0.74822
C 16.66730 26.90120 1.18100
C 15.09440 35.42270 -0.69068
C 16.27120 38.16890 -0.88070
C 13.07630 37.57890 -0.78907
C 14.11450 40.85120 -1.07438
C 11.01120 39.95480 -1.12756
C 12.11510 43.12070 -1.24160
C 8.97851 42.41450 -1.59515
C 5.82943 41.97390 -2.03206
C 10.01930 45.45610 -1.49204
C 7.07557 45.02620 -1.94379
C 5.03131 47.64310 -2.43411
C 8.91682 25.27430 0.77742
C 5.73345 25.33830 0.59765
C 2.78732 25.53420 0.12490
C 7.41985 27.95660 0.41731
C 4.27692 28.13640 0.22389
C 1.25977 28.40040 -0.40297
C 5.91988 30.73110 0.15643
C 2.95216 30.99040 -0.28745
C 1.75887 33.94160 -0.74996
H -0.02783 43.27280 -0.55803
H 22.98660 24.70280 0.82509
H 20.44610 26.52800 1.77424
H 14.90960 23.51660 2.56583
H 18.03040 28.06790 2.81216
H 15.28810 26.58890 3.35899
H 15.47220 29.10330 1.41761
H 23.25050 28.00440 1.36971
H 23.61390 31.24690 1.31594
H 20.82150 29.64050 2.26626
H 22.69880 41.16160 -1.56676
H 23.63140 44.20790 -1.66179
H 21.55890 43.35310 0.45317
H 19.41980 45.64710 0.27446
H 18.85040 34.12690 1.50170
H 15.82960 33.45730 0.48554
H 12.77400 33.20340 1.51256
H 19.85420 37.21620 0.73082
H 10.28100 35.19730 1.23997
H 20.69810 40.39950 0.73350
H 8.09805 37.64900 0.92159
H 18.63030 42.67540 0.56079
H 5.54854 40.46570 -0.06475
H 1.51835 40.59460 -1.49060
H 16.49800 45.03960 0.18040
H 3.81833 42.92100 -1.02788
H 14.37000 47.46200 0.74315
H 2.09307 45.18090 -1.49518
H 11.89540 23.23180 2.63467
H 8.68461 23.45650 2.49109
H 10.58490 26.09500 2.55443
H 12.48730 30.24700 1.89515
H 10.09690 32.15110 1.68343
H 7.37689 31.81920 1.73947
H 6.41005 34.62420 1.41757
H 3.22279 34.96830 1.04592
H -0.00541 35.01750 0.59377
H 1.66185 37.91800 0.32247
H 20.39410 23.17710 1.93712
H 17.75850 24.96130 2.18030
H 22.31110 46.14530 0.45162
H 16.72230 36.49720 0.90084
H 13.43060 36.01710 1.05270
H 17.64890 39.56560 0.77997
H 14.48200 39.00030 0.55993
H 11.20180 38.33440 0.69161
H 15.49850 41.93730 0.53812
H 12.26710 41.33800 0.53627
H 9.04460 40.77450 0.22513
H 13.32880 44.34530 0.34071
H 10.19520 43.65860 0.20406
H 7.06516 43.28300 -0.30183
H 11.33510 46.81080 0.06818
H 8.17345 46.27110 -0.17278
H 5.11250 45.86440 -0.72559
H 5.46977 23.55180 2.20320
H 2.34445 23.76790 1.51740
H 7.30869 26.29660 2.18551
H 4.08021 26.50420 2.06137
H 0.86987 26.63680 1.33089
H 9.06936 28.91070 1.96714
H 5.82075 29.08550 1.92213
H 2.52725 29.35460 1.51240
H 4.31046 32.02420 1.50446
H 1.25662 32.23190 0.96277
C 22.60360 26.26980 2.93960
C 20.19700 27.88940 3.84614
C 14.17850 24.71470 4.57768
C 15.90110 29.15940 3.61514
C 22.95560 29.68390 3.12764
C 22.69360 33.05180 2.52656
C 22.21740 36.38260 0.91681
C 23.78770 44.26040 0.89929
C 21.07180 45.05620 2.24910
C 20.07880 31.25140 3.85788
C 17.41630 32.88120 2.52931
C 14.63210 31.62210 1.63668
C 18.47980 36.09120 2.74904
C 11.97640 35.15110 2.91977
C 19.39670 39.09240 2.44880
C 9.71581 37.31280 2.47504
C 20.48060 42.26530 2.40607
C 17.14550 41.37760 2.36714
C 6.95538 39.48750 0.67618
C 3.54225 39.19420 -0.57835
C 14.98580 43.83900 2.09697
C 2.05291 42.06770 0.51466
C 12.91820 46.25510 1.93191
C 3.44624 44.70670 0.60188
C 1.41456 46.94890 0.29632
C 12.28160 25.10690 4.09892
C 11.24270 28.35480 3.17355
C 11.86670 31.82680 3.37038
C 8.91633 30.81160 3.31981
C 8.52984 33.85040 2.26816
C 4.53130 33.98990 2.96651
C 3.66255 36.80570 1.59467
C -0.05985 37.04120 1.97665
C 19.79010 24.90730 3.50973
C 16.89940 23.30850 3.89508
C 17.09950 26.25760 4.27680
C 15.34090 35.09580 2.37188
C 16.14610 38.35280 2.36603
C 13.07980 37.97350 2.34334
C 14.02770 40.88530 2.16970
C 10.64500 40.29210 2.05959
C 11.85480 43.32800 1.98741
C 8.42603 42.69120 1.68319
C 5.21033 42.19810 0.95583
C 9.70382 45.67050 1.56203
C 6.57070 45.20860 1.12828
C 4.64231 47.65530 0.82410
C 8.89612 25.53030 3.94383
C 5.59357 25.44760 3.73818
C 2.06985 25.52920 3.21614
C 7.35640 28.23610 3.67723
C 3.91394 28.57530 3.38838
C 0.57810 28.60730 2.80438
C 5.67611 31.10000 3.29454
C 2.43123 31.35250 2.94522
C 1.31628 34.23360 2.53267
C 18.91000 47.73900 -1.25124
C 15.98900 47.25900 -1.19138
C 14.12850 49.64090 -2.47957
C 15.87400 53.54000 -1.25344
C 13.43970 55.34900 -1.83083
C 17.03100 56.57410 -1.06217
C 19.56890 58.88030 -1.42731
C 21.21570 61.62630 -1.57306
C 23.14260 64.41330 -1.68516
C 18.28020 61.81300 -1.86270
C 15.91550 59.95610 -1.15701
C 12.68330 59.46130 -2.10953
C 10.60820 57.28490 -1.42729
C 21.71200 67.13980 -1.82781
C 19.44410 64.97200 -1.25189
C 9.77164 60.92130 -1.70199
C 22.32900 70.05710 -2.09230
C 10.44550 64.13920 -2.31771
C 10.84810 67.18220 -2.92340
C 8.43130 69.27840 -3.84530
C 13.61460 51.68180 -2.72852
C 5.92565 50.47170 -2.29585
C 2.59209 50.06330 -2.50382
C 10.22300 54.12760 -2.49450
C 7.04055 53.20280 -2.59881
C 3.91380 52.99990 -2.54327
C 0.77421 52.35070 -2.45310
C 6.37341 56.30950 -1.43068
C 7.87119 58.22680 0.09793
C 6.43294 61.14950 -2.07956
C 8.44462 63.67740 -2.31116
C 7.39180 66.47560 -3.13350
C 6.30809 69.55260 -3.67536
C 22.08730 47.85730 -1.29502
C 20.29230 50.65020 -1.17833
C 17.03790 50.31730 -0.37801
C 22.12200 53.33250 -1.30025
C 19.04350 53.69580 -1.29659
C 20.69290 56.29380 -1.22486
C 22.62320 58.74670 -1.28118
C 15.86600 63.90610 -2.01665
C 13.04310 62.38870 -1.97717
C 19.15080 68.65400 -2.23782
C 16.58520 67.00540 -2.22011
C 13.30260 65.66800 -2.42369
C 16.71460 70.22700 -2.76174
C 13.92050 68.69820 -2.92556
C 11.49030 70.42360 -3.59620
C 11.01780 48.37580 -1.88389
C 8.04809 47.95640 -1.90352
C 9.26602 50.93830 -2.00695
C 2.31384 55.92980 -1.77070
C 4.49606 58.61320 -2.36744
C 1.13120 59.15430 -2.72660
C 3.28732 61.66440 -2.70209
C 5.28240 64.11100 -2.74862
C 2.02544 64.72410 -3.14828
C 4.07326 67.10690 -3.45302
C 0.90224 67.81020 -3.44336
C 2.96104 70.20470 -3.73065
H 0.99032 50.50790 -0.68383
H 17.44870 48.09270 0.71394
H 15.35420 51.92990 0.57339
H 14.43790 54.98500 0.34099
H 15.99160 57.73100 0.03745
H 21.14950 59.86340 0.26395
H 18.06050 60.14450 -0.10779
H 22.89520 62.59470 -0.10576
H 12.95970 57.54150 -0.61619
H 11.30550 55.12920 -0.51332
H 21.56770 65.37420 -0.13978
H 19.65420 62.83140 -0.15756
H 16.39380 62.19630 -0.38178
H 13.73480 60.69930 -0.25184
H 10.88540 59.47550 -0.44996
H 22.77680 68.34570 -0.29625
H 11.10120 62.66190 -0.56700
H 11.38160 65.90180 -0.80827
H 8.87566 67.84500 -1.82824
H 9.39707 71.03010 -2.48329
H 12.44270 49.64070 -0.71209
H 3.11080 48.18940 -1.01143
H 10.51900 52.22780 -0.72595
H 7.32082 51.71240 -0.68553
H 4.21383 51.13840 -0.93677
H 8.22958 54.66200 -1.00676
H 5.27236 54.09890 -1.02570
H 2.10590 53.64050 -0.78439
H 6.64328 56.08500 1.16177
H 6.00909 59.63150 -0.62202
H 8.00946 62.19670 -0.44184
H 6.92142 65.06510 -1.12725
H 5.81400 67.90020 -1.99683
H 4.84133 70.94130 -2.22178
H 23.82960 48.68050 0.18522
H 20.52690 48.67170 0.37422
H 22.22370 51.46540 0.23084
H 18.99940 51.69000 0.19073
H 20.65690 54.42780 0.39528
H 17.42230 54.54460 0.39441
H 22.43610 56.99390 0.40762
H 19.04930 57.25350 0.21700
H 19.77000 67.20970 -0.39085
H 17.15440 65.37840 -0.44680
H 13.92320 64.15380 -0.53095
H 20.22630 70.25460 -0.78870
H 17.25250 68.91990 -0.71990
H 14.46230 67.28000 -0.97550
H 14.66190 70.55990 -1.44070
H 11.83490 69.03920 -1.56364
H 9.40132 49.21110 -0.17483
H 6.23952 48.71030 -0.61322
H 4.16699 57.09590 -0.62003
H 0.69978 57.68860 -0.99833
H 2.84608 60.03000 -1.07355
H 4.75610 62.55600 -0.85918
H 1.62374 63.05500 -1.46590
H 3.81966 65.47460 -1.62216
H 0.60690 66.11980 -1.68779
H 2.76741 68.47620 -1.94750
H 1.66869 71.50240 -2.32195
C 19.33830 47.50900 2.19817
C 16.20000 46.68700 2.28270
C 14.27520 49.65670 1.09892
C 15.77160 53.52010 2.02479
C 12.86680 54.72490 1.50337
C 17.35590 56.49820 1.89117
C 19.27880 59.18770 1.70423
C 21.19360 61.96320 1.54170
C 23.21510 64.51730 1.41058
C 18.21320 62.12280 1.27616
C 15.84980 60.17910 0.86368
C 12.73110 59.35800 1.12100
C 10.71970 57.21630 0.47106
C 21.44310 67.25860 1.37434
C 19.30350 65.10220 0.64922
C 9.68944 61.14830 0.82458
C 21.87880 70.19650 1.02912
C 10.23970 64.36610 0.88052
C 10.43390 67.89090 0.14299
C 8.25865 69.82940 -0.59516
C 13.11010 52.08990 -0.58859
C 5.84086 50.60820 0.81421
C 2.60243 50.02120 0.58390
C 9.69994 54.06240 0.97952
C 6.87940 53.53250 0.80966
C 3.72249 53.04970 0.67041
C 0.65197 52.47580 0.86416
C 4.79275 56.22870 1.76918
C 7.52695 58.36370 2.10313
C 6.11045 61.63980 0.98880
C 8.13133 64.14150 0.81110
C 7.22139 66.93310 -0.16005
C 6.20916 69.83370 -0.53118
C 22.30270 48.07670 1.96057
C 20.56640 50.61880 1.82780
C 17.21990 50.41130 1.49153
C 22.25990 53.31570 1.85641
C 18.95610 53.47210 1.95077
C 20.54820 56.37890 1.89788
C 22.81670 58.94360 1.85249
C 15.84290 64.07360 1.08370
C 12.88740 62.54590 1.10400
C 19.04330 68.99610 0.95786
C 16.26600 67.24310 0.83435
C 13.19160 66.08390 0.85880
C 16.15800 70.85780 0.33713
C 13.54970 69.14850 0.22856
C 11.05490 70.86610 -0.54680
C 11.25990 48.85680 1.38541
C 7.72458 48.19260 1.22645
C 8.90985 51.14430 1.13533
C 2.06060 55.98910 0.17716
C 4.10229 59.09740 0.91458
C 0.85292 59.21010 0.35415
C 2.75490 61.88530 0.45486
C 5.00980 64.59420 0.31447
C 2.05306 64.94280 -0.02631
C 4.17940 67.50850 -0.24628
C 1.07528 67.93240 -0.18148
C 3.05589 70.47520 -0.57837
C 9.01586 90.49580 -1.98236
C 10.61710 93.70070 -1.69576
C 7.37374 93.38800 -2.54005
C 4.08436 92.83320 -3.02155
C 0.84316 92.67170 -3.29916
C 4.52198 75.61360 -4.27610
C 9.08492 78.45300 -3.96587
C 5.77391 78.45950 -4.08026
C 2.61388 78.32070 -4.20048
C 10.93870 87.22910 -4.86275
C 9.70743 88.62140 -1.98783
C 5.97060 90.26600 -2.88997
C 2.62919 90.07190 -3.16462
C 23.07030 81.04290 -1.61099
C 19.06400 81.97540 -1.35460
C 16.28170 83.77980 -2.31855
C 12.90590 86.88150 -5.49669
C 12.79700 87.87010 -2.18884
C 12.04770 90.84040 -1.87382
C 14.24650 93.48410 -1.26275
C 16.89780 95.37140 -0.97598
C 22.62940 95.87540 -0.16068
C 22.73910 73.35680 -2.16245
C 22.96470 76.94930 -1.60374
C 20.27310 78.73910 -2.09898
C 8.64820 72.43240 -4.34871
C 15.17070 78.70700 -3.78713
C 12.33030 77.20480 -4.56393
C 7.70783 75.39960 -3.82334
C 15.18040 82.11730 -3.12263
C 5.21908 72.50020 -4.18369
C 2.11705 73.09780 -4.09009
C 5.30891 95.95600 -2.85851
C 2.00867 95.61670 -3.14211
C 7.40018 81.35900 -4.25203
C 4.08146 81.39360 -4.30474
C 1.06907 81.29730 -4.04455
C 8.79550 84.18940 -4.49944
C 5.63679 84.38970 -4.13623
C 2.52275 84.39280 -4.00768
C 7.51525 87.05670 -3.77470
C 4.12822 87.27820 -3.63558
C 0.97555 87.19910 -3.61652
C 22.03070 84.35410 -1.35783
C 18.82970 85.42150 -1.60760
C 15.86860 86.86450 -2.08416
C 21.37240 87.47820 -1.06169
C 18.35050 88.75840 -1.62763
C 15.25830 90.05050 -1.85140
C 23.76650 89.61010 -0.22980
C 20.76060 90.90020 -0.79723
C 17.80860 92.15280 -1.30476
C 23.52630 92.85950 0.07529
C 20.16830 94.05000 -0.61499
C 19.67510 71.78450 -2.62799
C 19.95870 75.30330 -2.54815
C 17.06070 73.66070 -3.08221
C 14.30030 71.97290 -3.41399
C 17.27680 76.56690 -3.29342
C 14.58160 75.17080 -3.77943
C 11.75960 73.74520 -4.17326
C 17.33910 79.85500 -3.35805
H 10.24430 91.70750 -0.35634
H 7.02491 91.56900 -1.05842
H 11.60840 94.59880 0.45157
H 5.30775 94.01160 -1.33898
H 2.17166 93.60180 -1.61388
H 5.84844 76.58380 -2.42768
H 2.66902 76.78050 -2.85843
H 7.45935 79.56150 -2.50788
H 8.94890 82.53670 -2.37180
H 10.47860 85.25840 -3.41584
H 8.19614 88.89380 -0.20118
H 3.99594 90.85570 -1.44150
H 0.74062 90.76290 -1.61074
H 22.18310 79.05550 -0.60884
H 21.20560 82.19810 -0.30391
H 17.63380 83.68310 -0.20876
H 14.78610 85.00900 -0.60986
H 13.59120 86.48570 -3.09733
H 11.53410 88.85490 -0.29540
H 13.68320 91.29500 -0.36471
H 16.21490 93.25090 0.31956
H 14.25880 95.46200 -1.01563
H 18.85990 95.44020 0.53138
H 23.15110 71.56190 -0.54567
H 23.33480 74.82260 -0.10487
H 20.63250 76.57340 -1.02277
H 17.90530 78.33740 -1.83054
H 12.40090 75.50330 -2.60319
H 9.63741 74.18560 -2.95052
H 6.91018 73.39420 -2.87111
H 15.22650 80.11400 -1.65075
H 12.53050 78.74430 -2.90357
H 3.91663 73.92420 -2.62781
H 8.51178 94.28050 -0.55792
H 4.19717 79.55410 -2.61874
H 1.12149 79.47900 -2.47895
H 5.76089 82.40540 -2.80692
H 2.65004 82.39870 -2.51652
H 7.39394 85.20970 -2.65879
H 4.09178 85.18550 -2.32992
H 0.88777 85.14860 -2.34555
H 5.71904 87.93850 -2.16468
H 2.49964 87.97550 -1.78026
H 24.07190 81.17420 0.67918
H 23.19510 84.44310 0.78829
H 20.35970 85.47390 0.13666
H 17.43820 86.95190 -0.21661
H 14.56790 88.10900 -0.44850
H 22.77180 87.62760 0.93836
H 19.85700 88.91290 0.37545
H 17.01450 90.16880 -0.06298
H 22.26600 90.92930 1.19764
H 19.29100 92.09570 0.76611
H 21.74740 94.13390 1.36771
H 20.49080 73.41360 -0.99374
H 17.58470 72.01690 -1.30508
H 17.79720 75.18430 -1.30928
H 14.96720 73.75280 -1.83096
H 12.19980 72.32020 -2.23043
H 15.14180 76.90850 -2.17106
C 8.30151 91.05630 0.97208
C 9.95875 93.58250 1.36359
C 6.68039 93.27370 0.63246
C 3.77021 92.76840 0.12756
C 0.57829 92.55660 0.02205
C 4.34407 75.85340 -1.07341
C 9.40497 79.16490 -0.93671
C 5.98292 78.67820 -1.02173
C 2.68308 78.52310 -0.90845
C 12.55630 84.09380 -3.41881
C 9.52913 87.89400 1.09784
C 5.81196 89.64130 -0.29169
C 2.37471 89.73250 0.00417
C 21.80050 80.39820 1.33813
C 18.64240 81.72250 0.43469
C 15.40530 83.03530 0.76472
C 12.45860 84.76170 -1.57588
C 12.59760 87.26190 0.89788
C 11.84830 90.73220 1.26285
C 13.78400 93.60230 0.82356
C 16.64950 94.82340 1.92253
C 21.93340 95.71750 2.99786
C 22.14070 73.34640 0.92189
C 22.30700 76.99700 0.79881
C 19.76350 78.70560 -0.28123
C 8.57893 72.85650 -1.16408
C 13.36960 78.34300 -1.16249
C 10.21670 77.78180 -2.28532
C 7.83734 75.56200 -2.00460
C 13.94290 81.73900 -0.19755
C 5.47062 72.96730 -0.94163
C 2.11503 73.55980 -0.93376
C 4.86446 95.75410 0.35369
C 1.95689 95.38660 0.10412
C 7.71764 81.83510 -1.30223
C 4.36468 81.44090 -1.05484
C 1.08027 81.41810 -0.91821
C 9.33297 84.84950 -1.09227
C 5.89766 84.15600 -1.01087
C 2.50273 84.20710 -0.78387
C 7.14148 86.67820 -0.61301
C 4.05696 86.95370 -0.48398
C 0.76690 86.75770 -0.51056
C 20.98670 83.43080 1.54618
C 18.08870 85.10000 1.33902
C 15.47310 86.55020 1.29070
C 20.57880 87.13580 1.96793
C 17.76640 88.52200 1.65038
C 14.95410 89.75630 1.25193
C 22.96990 89.19370 2.84413
C 20.19640 90.37450 2.36579
C 17.15680 91.65870 1.95532
C 22.54650 92.63000 3.04746
C 19.49790 93.85000 2.42480
C 19.20740 72.06260 0.56127
C 19.41040 75.09860 0.48197
C 16.45340 73.78220 0.07420
C 13.60160 72.46450 -0.28712
C 16.56820 77.03100 -0.24961
C 13.72110 75.54790 -0.60867
C 11.09000 74.14280 -0.96488
C 16.66160 79.64770 0.03078
C 37.47270 0.60833 1.91984
C 34.50770 0.41060 1.48736
C 38.54610 3.26856 1.84285
C 47.39120 9.72509 0.78526
C 44.32310 9.43084 0.87777
C 41.37680 8.83937 0.98602
C 41.91240 11.80940 0.49367
C 32.76460 -0.05958 2.68348
C 26.73670 0.99599 0.89063
C 34.88710 3.35947 2.33821
C 36.50500 5.93216 1.44695
C 38.11750 8.68959 0.97816
C 25.47860 9.49354 0.20993
C 39.86350 11.34440 0.69670
C 38.72130 14.31550 0.22892
C 25.79960 15.07870 -0.16245
C 27.62920 17.74030 -0.24597
C 35.81360 20.31720 -0.40008
C 32.22160 20.50720 -0.33601
C 29.13950 20.56270 -0.12026
C 25.32050 21.33180 0.62362
C 48.34070 11.43900 0.40777
C 45.30130 12.59200 0.93400
C 43.90220 14.64880 -1.19550
C 42.59950 17.71070 -1.29691
C 39.59670 19.27720 -0.80239
C 39.38060 22.50370 -1.29845
C 46.76590 1.47409 1.68042
C 43.63730 1.06876 2.06008
C 40.49170 0.86861 2.15137
C 47.98750 4.38194 1.33925
C 44.92320 4.08529 1.63914
C 41.75810 3.46807 1.91436
C 46.24280 6.84490 1.21069
C 43.24720 6.34851 1.26745
C 39.84750 5.91747 1.47547
C 29.80000 0.66158 1.75113
C 31.72820 3.26922 1.63870
C 28.53840 3.59017 1.03629
C 25.31960 3.74078 0.69848
C 33.29570 5.95721 1.24303
C 30.20590 6.27160 0.91871
C 27.10780 6.39798 0.61861
C 35.02490 8.89926 0.90850
C 32.01210 9.04106 0.69681
C 28.77010 9.11749 0.56574
C 36.81180 11.63770 0.57921
C 33.61740 11.58050 0.50011
C 30.48670 11.79690 0.26179
C 27.26170 12.31900 0.20553
C 35.38330 14.42490 0.17666
C 32.35780 14.54770 0.03533
C 29.18150 14.71560 -0.15552
C 37.26550 16.94180 -0.25236
C 33.97170 17.28760 -0.37002
C 30.80800 17.82470 -0.24671
C 48.02330 14.55230 -0.12357
C 45.39510 16.24860 -0.57445
C 47.92130 17.67490 -0.90852
C 45.11440 19.29100 -1.22962
C 42.38160 21.01660 -1.44086
C 47.79330 20.77990 -1.51577
C 45.15000 22.50710 -1.82507
H 35.62480 1.29822 3.41396
H 40.09430 4.41914 3.39203
H 36.93180 4.28156 3.27630
H 47.76430 8.18228 2.66798
H 41.49450 7.16699 2.81079
H 45.82090 10.66920 2.25919
H 42.63840 10.39280 2.37750
H 29.61700 -0.89149 3.71828
H 26.84030 -0.90548 2.41800
H 31.36360 1.77410 3.44990
H 24.95160 1.83925 2.27328
H 33.01410 4.66156 3.30951
H 38.18090 7.09381 2.88481
H 34.84260 7.19286 2.66297
H 39.68180 9.78683 2.52138
H 38.43800 12.66030 2.12447
H 25.71410 13.27780 1.63876
H 40.04180 15.72330 1.87312
H 37.00780 15.34450 1.65561
H 35.77710 18.31220 1.07338
H 26.05050 18.90860 1.48564
H 34.02150 21.44500 1.16913
H 30.89250 21.10340 1.76311
H 27.76810 21.56450 1.25102
H 47.49660 13.21230 1.87051
H 44.49840 14.86440 1.30116
H 41.99780 16.16250 -0.62770
H 41.48320 19.51470 0.18443
H 38.92480 21.21560 0.94000
H 23.83740 -1.07593 1.79202
H 47.03250 -0.17525 3.45400
H 43.91710 -0.63787 3.75903
H 40.72900 -1.00376 3.72608
H 37.54380 -1.29870 3.37621
H 48.35560 2.70734 3.01334
H 45.20610 2.37660 3.38353
H 41.99440 1.87912 3.71777
H 38.74630 1.67512 3.70786
H 46.47640 5.28958 3.07739
H 43.24790 4.83233 3.21623
H 44.59530 7.77583 2.68554
H 28.11140 1.95664 2.76726
H 29.95970 4.65491 2.73770
H 26.81810 4.76653 2.38868
H 31.72840 7.40414 2.50595
H 28.53960 7.44926 2.27398
H 25.40870 7.63224 1.88383
H 36.60460 9.97914 2.44608
H 33.48170 10.05210 2.40478
H 30.35970 10.15570 2.08544
H 27.14130 10.44230 1.86670
H 35.17850 12.78530 1.99525
H 32.09270 12.84210 1.79794
H 29.01200 13.14170 1.77907
H 33.84240 15.71320 1.59302
H 30.76100 15.89150 1.32803
H 27.60900 15.89070 1.37721
H 32.65380 18.60330 1.21755
H 29.21440 18.61820 1.42022
H 47.23980 16.45090 1.17622
H 44.26030 17.96330 0.66299
H 46.96280 19.54030 0.43960
H 44.27550 21.16330 0.09149
H 41.43010 22.83140 0.07551
H 46.94050 22.69240 -0.25775
C 37.15490 0.44745 5.12126
C 34.09350 0.01559 4.76231
C 38.44410 3.71842 5.06319
C 47.55850 10.29620 3.86644
C 44.36470 9.78799 3.97951
C 41.47090 9.23409 4.12830
C 42.03990 12.37800 3.77413
C 32.57610 1.22067 5.58404
C 26.34580 0.85376 4.04480
C 34.84070 3.38180 4.28192
C 36.36360 6.29510 4.42856
C 38.05250 9.16164 4.21703
C 25.35520 9.57777 3.36609
C 39.98860 11.83190 3.87397
C 38.89450 14.91380 3.21774
C 25.90980 15.31580 3.04007
C 27.25920 17.88250 2.80282
C 36.48900 20.79690 1.39058
C 33.16040 20.49750 2.78088
C 29.08670 20.36310 3.20738
C 25.45970 21.17980 2.59583
C 48.73240 11.92930 3.55101
C 45.28990 12.97390 2.73944
C 42.31000 14.56060 1.57406
C 42.00140 17.48130 1.59611
C 40.10710 20.02460 2.39598
C 39.86130 23.42160 1.84404
C 47.01380 1.81071 4.87491
C 43.86370 1.34357 5.21661
C 40.35000 0.94885 5.32357
C 48.32580 4.66311 4.56566
C 45.04870 4.33547 4.79619
C 41.85610 3.97726 5.07537
C 46.34610 7.39039 4.39315
C 43.22960 6.88891 4.52951
C 39.90330 6.51710 4.58893
C 29.29510 0.89919 4.72554
C 31.23760 3.91934 4.72123
C 28.21420 3.89036 4.27040
C 25.01550 3.70883 3.76155
C 33.08500 6.50298 4.39176
C 29.99500 6.74421 4.09797
C 26.72360 6.77291 3.80641
C 34.93600 9.16438 4.12382
C 31.79410 9.38498 3.95135
C 28.53760 9.52992 3.64386
C 36.74360 12.04580 3.78984
C 33.51050 12.11280 3.65336
C 30.48840 12.14090 3.49452
C 27.20860 12.41960 3.36253
C 35.48240 14.90350 3.23723
C 32.13840 14.92360 3.13929
C 29.19680 15.19940 3.09429
C 38.14130 17.47140 1.59772
C 34.36100 17.83310 2.83293
C 31.03950 17.79880 2.86158
C 48.25000 15.25110 3.04970
C 45.18520 16.81680 2.60712
C 48.22920 18.38710 2.23704
C 45.05400 19.86330 2.00557
C 42.34960 21.30800 1.67697
C 47.93400 21.46650 1.61225
C 45.12900 23.11190 1.33290
C 48.02300 30.54960 -1.33154
C 46.64270 33.05930 -1.51107
C 48.43910 35.88610 -1.85677
C 46.96970 38.81280 -2.13300
C 36.59570 23.92110 -1.45958
C 38.97730 26.38790 -1.37335
C 41.75530 27.62540 -2.30377
C 47.34660 27.31690 -3.04167
C 44.68610 29.35930 -2.82885
C 35.74850 25.89000 -1.72987
C 32.81160 24.06680 -0.85411
C 28.89720 23.72320 1.12066
C 39.33320 30.32160 -2.21973
C 36.33750 28.98550 -1.85628
C 27.25700 25.91270 -0.82846
C 42.96230 33.62420 -1.68103
C 39.71920 33.28300 -2.13013
C 24.57320 28.19920 -0.65438
C 40.70840 37.12150 -1.24998
C 38.02400 38.68950 -1.39015
C 36.02380 41.10600 -1.17621
C 33.37320 42.52680 -1.76700
C 30.25680 41.43790 -1.73623
C 27.87390 40.98340 -1.32061
C 23.01450 39.34130 -2.58222
C 24.86270 42.28050 -2.56335
C 30.27680 44.96460 -1.53013
C 26.95990 45.02400 -1.66666
C 31.70530 47.70620 -1.86336
C 44.70630 36.34940 -1.31453
C 43.27250 39.40240 -1.79519
C 40.53720 40.65200 -1.61511
C 45.58300 41.38540 -1.89967
C 40.02280 43.74070 -1.59569
C 36.97120 45.13110 -2.56910
C 34.14300 46.11130 -1.24608
C 45.92210 44.42750 -1.87678
C 42.13140 24.22740 -1.86290
C 47.84180 23.94490 -2.18181
C 44.90310 25.49060 -2.63153
C 33.29840 27.80960 -1.52009
C 30.10260 26.74690 -1.10473
C 36.75110 32.18540 -1.75264
C 33.76150 31.22880 -1.51701
C 30.75850 30.03830 -1.14930
C 27.73740 28.87880 -0.77767
C 37.37120 35.35330 -1.65085
C 34.41900 34.39660 -1.49699
C 31.29240 33.15610 -1.34467
C 28.17990 32.20520 -0.88216
C 25.12540 31.05000 -0.56694
C 35.15510 37.52700 -1.47002
C 32.13380 36.43350 -1.51097
C 28.82810 35.11640 -1.42400
C 25.67440 34.07300 -1.08489
C 32.82690 39.48190 -1.52154
C 29.73210 38.33490 -1.59514
C 26.01020 37.60600 -1.00733
C 28.48980 47.64350 -1.64382
C 43.00450 42.62140 -1.67410
C 42.95690 45.60050 -1.70705
C 39.88450 46.74680 -1.74582
H 46.66370 31.53080 0.60539
H 48.28520 34.19580 -0.04933
H 46.96710 36.99620 -0.47330
H 38.51830 24.38580 -0.01218
H 41.27630 25.92910 -0.62685
H 39.96850 28.53690 -0.90225
H 46.71540 28.98790 -1.35570
H 43.87460 30.11540 -0.45695
H 37.02910 27.36520 -0.24048
H 34.12660 26.14190 0.15766
H 31.01590 25.07690 0.56563
H 40.74590 31.63280 -0.42694
H 37.70760 30.52630 -0.36123
H 28.63300 27.25770 0.86239
H 25.71770 26.15920 0.59236
H 41.15470 34.77900 -0.57538
H 38.63240 36.69580 -0.07670
H 39.99390 39.07600 0.10665
H 23.72840 34.32350 0.45575
H 36.72670 41.99520 1.20703
H 30.94420 39.77180 0.01464
H 27.89330 38.80790 0.04262
H 23.66200 38.30390 -0.24508
H 34.61050 43.96170 -0.18032
H 31.39250 43.05730 -0.20780
H 26.64310 43.00480 -0.77327
H 31.98850 45.97620 -0.09585
H 28.62040 45.76640 0.14356
H 45.09880 34.09310 -0.29448
H 42.91200 37.71960 -0.25263
H 45.38940 39.77730 -0.51871
H 42.41940 40.91020 -0.05561
H 39.56710 42.14750 0.37413
H 37.43000 43.30180 -1.45132
H 44.88130 42.95070 -0.09763
H 44.16320 24.31260 -0.49378
H 46.86200 25.83320 -1.13883
H 44.08560 27.18930 -1.84939
H 34.59110 29.36850 -0.12598
H 31.61990 28.26890 0.28482
H 38.13600 33.65370 -0.22436
H 35.09320 32.59500 0.08404
H 32.11550 31.50890 0.35802
H 29.05530 30.37210 0.64868
H 26.07370 29.33070 0.94237
H 35.68440 35.74830 0.13960
H 32.59950 34.61910 0.07426
H 29.54410 33.56720 0.26265
H 26.41140 32.56660 0.85772
H 36.27760 39.01270 0.14766
H 33.33740 37.77120 0.15442
H 30.24470 36.56360 0.01116
H 27.10530 35.70500 0.23613
H 33.93920 40.95520 0.08968
H 25.44830 45.86480 0.25612
H 41.88750 44.05460 -0.06439
H 39.17180 45.30370 0.21802
H 36.37500 46.59280 -0.51628
H 44.89320 46.04560 -0.14331
H 41.90880 47.24640 -0.42153
C 47.99400 30.71550 1.84030
C 46.44130 33.82830 1.64205
C 48.47510 36.14540 1.33717
C 47.09070 38.96320 1.04593
C 36.79070 24.15410 1.74590
C 39.25550 26.66680 0.49035
C 42.31050 28.15240 -0.42547
C 47.75460 27.81200 0.05625
C 45.06540 29.53450 0.48457
C 36.08710 26.03160 1.63907
C 33.38430 23.90480 0.95126
C 30.59930 23.16140 2.43395
C 39.81650 30.18880 0.97436
C 36.60720 29.03360 1.37818
C 27.66460 25.55970 2.41485
C 43.09880 32.49340 -0.00364
C 40.27290 33.67270 1.20889
C 25.29880 27.68330 2.67705
C 40.86450 36.92220 0.88618
C 38.20240 38.41680 1.61861
C 35.59040 40.69790 1.95804
C 33.31770 42.85970 1.52168
C 29.92960 41.54880 1.37325
C 27.64060 40.99050 0.70040
C 22.50590 39.66330 0.60127
C 24.71010 42.08970 -0.47580
C 30.54870 44.81030 1.48773
C 27.04040 44.23060 1.37799
C 31.81310 47.89230 1.39838
C 44.82890 36.38410 0.62163
C 43.63800 39.30500 1.30132
C 40.93760 40.46810 1.86568
C 45.71070 41.47350 1.27662
C 40.46040 44.04830 1.98243
C 36.85580 44.52610 0.71046
C 34.27500 46.21840 0.71879
C 46.25750 44.50730 1.32208
C 42.40380 24.90490 1.14307
C 47.63360 24.73390 0.93707
C 44.96260 26.50520 0.25633
C 33.63830 27.98900 1.74987
C 30.75970 26.72220 2.15773
C 37.12840 32.15330 1.39966
C 34.08020 31.06030 1.75877
C 31.09030 29.89090 1.99409
C 28.03970 28.96330 2.48080
C 37.54680 35.25230 1.54162
C 34.35090 34.37090 1.66289
C 31.47760 33.22050 1.79867
C 28.59740 32.30450 2.08788
C 25.69490 31.09290 2.65767
C 35.18050 37.48760 1.76202
C 32.06300 36.36040 1.67114
C 28.81460 35.43660 1.73178
C 25.75600 34.64870 2.07884
C 32.70190 39.60730 1.74292
C 29.45950 38.37850 1.59085
C 25.80000 37.74050 0.87184
C 28.79980 47.53010 1.42812
C 43.05860 42.61120 1.52972
C 43.00730 45.80030 1.31126
C 40.30350 47.16240 1.45816
H 36.32030 60.71390 0.02512
H 33.77780 58.98720 -0.26457
H 39.54720 64.14480 -0.10719
H 36.47640 63.46870 0.01921
H 43.80770 68.33880 -0.26673
H 40.30490 67.18290 0.19105
H 28.35600 63.13030 -0.18941
H 43.86160 71.56570 0.02235
H 24.74670 65.58330 -0.16545
H 26.03930 68.74250 -0.29900
H 27.06900 71.91410 0.29407
H 33.60160 62.26170 -0.09448
H 37.18660 66.29760 0.15734
H 34.04530 65.34190 -0.00160
H 31.04920 64.30380 -0.13790
H 41.04360 70.33220 -0.12919
H 37.95410 69.38770 -0.04537
H 34.72190 68.40800 -0.10988
H 31.48300 67.32850 -0.10712
H 28.37540 66.33150 -0.32541
H 35.38750 71.49820 0.22063
H 32.39660 70.39440 -0.16124
H 29.16190 69.49630 -0.10511
C 46.13150 67.13240 -2.70307
C 48.36430 69.73920 -1.41131
C 34.09370 50.48690 -1.16979
C 34.76870 53.83080 -2.26528
C 33.38180 56.71480 -1.12751
C 30.12610 56.11920 -1.45911
C 29.66590 59.32700 -1.52953
C 27.34080 61.56140 -1.72315
C 24.39250 61.38810 -1.59430
C 36.08920 58.63570 -1.19342
C 38.28180 61.99810 -0.61870
C 35.35940 62.08050 -1.72933
C 32.93310 60.42350 -1.61263
C 42.44720 66.55100 -1.14729
C 39.00640 65.70180 -1.49073
C 30.08720 62.73210 -1.81321
C 42.87920 70.26700 -1.78139
C 26.78410 64.65890 -1.12045
C 24.74330 67.64630 -1.69273
C 25.40300 70.82650 -1.29803
C 37.27090 48.39070 -1.89859
C 37.07520 51.67360 -1.78422
C 36.30790 55.22420 -1.97509
C 39.02620 57.12180 -1.74067
C 41.43010 59.16460 -1.14729
C 47.38720 59.33390 -1.47225
C 41.49240 63.06630 -1.53041
C 46.55400 62.70690 -1.39213
C 44.92260 64.13990 -1.16458
C 25.25470 47.55730 -1.47747
C 30.21450 50.56200 -1.84492
C 26.97850 50.35230 -1.66208
C 23.70690 50.47110 -1.43959
C 31.58260 53.31890 -1.79876
C 28.54540 53.21140 -1.58756
C 25.26940 53.19730 -1.46449
C 27.03490 55.94460 -1.48007
C 23.90860 56.00110 -1.31980
C 25.98750 58.67080 -1.33448
C 35.87370 65.17690 -1.59980
C 32.84630 63.96910 -1.67256
C 39.86210 68.91970 -1.63962
C 36.64620 67.96300 -1.55245
C 33.41060 67.01880 -1.67489
C 30.25200 65.90140 -1.77060
C 37.15270 71.06320 -1.49585
C 34.38180 70.29420 -1.64913
C 30.96580 69.11000 -1.74870
C 27.93910 68.24170 -1.87573
C 31.94760 72.27880 -1.62911
C 28.55480 71.35450 -1.61349
C 45.61460 47.67260 -1.87884
C 42.69650 48.99440 -1.93304
C 39.93780 49.95850 -1.94465
C 45.38760 51.01320 -1.76002
C 42.52480 52.22100 -1.75134
C 39.50270 53.84030 -1.91256
C 45.07200 54.16030 -1.59280
C 42.07520 55.57780 -1.66372
C 47.63260 56.00290 -1.57980
C 44.47630 57.51790 -1.56582
C 44.15490 60.81130 -1.43881
H 47.12870 65.18440 -1.65022
H 48.53210 67.63260 0.06688
H 46.48850 69.94120 0.06696
H 33.49570 48.28470 -0.30038
H 31.96260 51.36600 -0.22133
H 33.29390 54.34290 -0.33827
H 31.41540 57.00480 0.46607
H 30.79740 61.01510 -0.33422
H 27.61640 59.89840 -0.05072
H 25.86930 62.66600 -0.15289
H 36.26760 49.84510 -0.18235
H 47.48060 48.08190 -0.20344
H 38.90710 51.74650 -0.61491
H 38.32950 55.07640 -0.36601
H 35.56670 56.54820 -0.10730
H 38.15640 58.37730 0.20667
H 40.63290 61.34100 -0.29539
H 46.09710 60.81030 0.01828
H 43.51360 62.69770 0.19326
H 30.24770 48.70440 -0.26995
H 27.03290 48.58600 0.01427
H 28.63250 51.34920 -0.15110
H 25.45330 51.34450 0.04917
H 30.13150 54.18570 0.03357
H 26.94240 54.07420 0.04173
H 23.79950 54.16190 0.25417
H 28.52310 56.78070 0.29898
H 25.55400 56.84340 0.20767
H 24.37430 59.70700 0.17588
H 39.03430 48.42800 -0.22730
H 44.55140 49.22870 -0.26166
H 41.66620 50.44190 -0.28783
H 47.20060 51.23080 -0.11116
H 44.22190 52.42100 -0.14982
H 41.32840 53.67420 -0.16249
H 46.91100 54.34670 0.08593
H 43.93960 55.60230 0.02839
H 41.01540 56.90690 -0.15194
H 46.49480 57.57810 -0.05280
H 43.63830 58.79870 -0.05712
C 46.18960 67.46870 -0.55402
C 47.88580 69.00450 1.99967
C 34.04650 50.24380 0.78727
C 35.18000 53.32810 0.89453
C 33.66010 56.22260 1.33090
C 30.36280 55.94540 1.84255
C 29.74830 58.88350 0.43290
C 27.37530 61.69320 1.51367
C 24.45720 61.74800 1.54333
C 35.78900 58.59630 1.10416
C 38.57460 60.70980 1.03942
C 35.22870 62.10320 1.67752
C 32.63900 60.55760 1.32014
C 42.52410 66.19130 0.71082
C 39.01100 65.77650 1.78575
C 30.13980 62.63210 1.36668
C 42.97910 69.57710 1.30901
C 26.81480 64.72010 0.73467
C 24.48930 67.55090 1.32529
C 25.02550 70.77860 0.89296
C 37.13110 47.97210 1.22810
C 37.34560 50.91170 1.36723
C 36.55870 54.82810 1.30603
C 39.05500 56.77720 1.42231
C 41.35450 59.13450 0.83755
C 47.08140 59.22530 1.67026
C 41.28150 62.92810 1.53193
C 46.66500 62.25610 1.91510
C 45.11270 63.83720 1.69314
C 25.50280 47.58360 1.66209
C 30.34440 50.47180 1.42519
C 27.15880 50.31940 1.51681
C 23.93770 50.55240 1.77780
C 31.89250 53.19050 1.45168
C 28.55910 53.18280 1.54693
C 25.48680 53.14080 1.73031
C 27.14890 55.78980 1.74267
C 24.03500 55.89850 1.92138
C 25.96950 58.83640 1.58285
C 35.73340 65.13760 1.75467
C 32.75790 63.93670 1.54389
C 39.83920 68.98760 1.60618
C 36.49320 68.13380 1.57848
C 33.34230 67.09540 1.51762
C 30.13500 65.95960 1.42165
C 37.40440 71.19160 1.63225
C 34.14410 70.12740 1.59755
C 31.01830 69.10600 1.46764
C 27.80530 68.04160 1.41956
C 31.73890 72.14110 1.50954
C 28.66250 71.38600 1.57480
C 45.66710 47.80530 1.47152
C 42.63950 48.85730 1.29706
C 39.75930 50.18550 1.16826
C 45.32330 50.84460 1.43148
C 42.36820 52.05460 1.42253
C 39.28550 53.42470 1.22303
C 44.98200 54.02290 1.59859
C 41.93200 55.33390 1.49823
C 47.72830 56.16630 1.68073
C 44.66260 57.30690 1.60968
C 44.18510 60.68000 1.55180
H 41.46460 73.50200 -0.74290
H 39.17430 75.68730 -0.21202
H 36.91120 77.60260 0.86862
H 25.32030 73.29040 -1.94974
H 34.60350 79.70930 1.56948
H 31.30510 78.74030 0.97538
H 28.45440 78.09260 -0.14066
H 25.46840 77.13290 -1.28801
H 38.55690 72.54270 -0.10161
H 36.14220 74.56950 0.17587
H 33.09010 73.70130 0.06464
H 30.01760 72.69970 -0.13337
H 33.80470 76.75980 0.61650
H 30.63160 75.78050 0.19376
H 27.60580 74.96510 -0.61657
C 42.78670 89.78470 2.56494
C 35.65500 90.05620 2.94470
C 47.34380 93.58030 2.16009
C 44.60360 92.59810 3.63488
C 41.38810 92.75030 2.44465
C 38.21520 92.29350 2.30199
C 34.41460 92.71560 2.80677
C 33.27780 94.32930 1.97506
C 45.70490 75.13690 1.98371
C 42.64030 76.62930 2.60013
C 40.39390 79.00680 1.38418
C 37.72180 81.28670 0.75925
C 37.83480 84.32890 1.64377
C 37.84260 87.34370 2.40352
C 39.87350 89.30460 3.99509
C 45.79020 88.69860 2.28689
C 45.97610 72.14800 -1.11944
C 28.97350 -1.17018 1.34879
C 25.57970 79.52870 -0.41549
C 30.56260 80.66060 1.38090
C 27.76650 81.69840 0.62734
C 34.63700 83.85980 3.41891
C 32.21360 85.65570 2.47987
C 34.86770 87.08690 2.69954
C 32.00120 88.87830 2.14777
C 31.37150 92.15590 3.37730
C 28.77650 93.61250 2.06996
C 43.18200 73.13570 -1.83537
C 40.77010 75.40710 -2.14482
C 37.90560 77.31820 -1.45137
C 26.83180 73.88290 -2.87256
C 36.47930 79.88870 -0.06102
C 30.29550 77.82910 -1.22219
C 27.31570 76.90620 -2.18862
C 45.47340 96.30090 2.10097
C 42.47840 95.67940 2.30467
C 39.34720 95.41200 2.08100
C 36.36730 95.22400 1.51359
C 45.79070 78.80430 1.99796
C 43.11160 80.60770 1.89484
C 40.50520 82.51260 1.73563
C 45.84990 82.22390 2.07380
C 43.22890 84.00990 2.17317
C 40.38900 85.63900 2.32045
C 45.85340 85.51120 2.22019
C 42.84710 87.18840 2.53454
C 25.01330 83.15680 -0.36827
C 29.95590 83.93890 1.76593
C 27.34920 85.18520 0.72482
C 24.39760 86.31060 -0.39378
C 29.49000 87.02610 1.60231
C 26.63310 88.30910 0.61865
C 29.11950 90.37550 1.48840
C 26.32120 91.59830 0.60066
C 25.65160 95.15260 1.17984
C 40.13290 71.82560 -1.88786
C 37.73340 74.13990 -1.64583
C 34.94910 73.22770 -1.50666
C 35.64280 76.69090 -0.97331
C 32.61670 75.70420 -1.28373
C 29.76150 74.46400 -1.72534
C 33.36830 78.87260 -0.56603
H 41.29110 91.27970 4.13192
H 37.87550 90.86180 3.86212
H 45.88060 94.62330 3.85188
H 36.35770 93.59290 3.40126
H 32.69470 93.85240 4.46293
H 34.52900 96.06930 2.83127
H 44.88250 77.34510 3.36572
H 41.99120 79.03140 3.42291
H 39.31090 80.77890 2.63364
H 36.53510 82.29330 2.82715
H 47.49860 79.12680 4.00559
H 36.55980 85.40300 3.32979
H 36.44250 88.09590 4.25341
H 39.34870 86.89780 4.17405
H 44.45540 90.19710 3.98262
H 46.97040 91.89470 4.02698
H 46.49250 72.84270 1.39031
H 24.50930 78.07910 1.45379
H 26.92160 80.09380 1.69574
H 29.01530 82.11780 2.78494
H 31.03790 84.11700 4.12683
H 33.66840 85.85510 4.68943
H 33.66500 88.93280 3.89281
H 30.46140 90.39550 3.46480
H 27.41740 91.64550 2.82369
H 24.70650 92.98500 1.77756
H 29.46550 93.70040 4.09219
H 42.62650 94.11260 4.20929
H 39.53120 93.78550 3.81905
H 44.85740 80.55100 3.61913
H 42.23820 82.25840 3.54691
H 39.33230 83.77800 3.55285
H 47.73310 82.21470 3.68149
H 45.04860 83.76290 3.82800
H 42.14470 85.32150 3.91418
H 47.82770 85.45060 3.68445
H 44.83190 86.99390 3.89775
H 42.06520 88.34990 4.47921
H 47.51020 88.77690 3.82733
H 26.18530 83.29670 1.78597
H 28.28620 85.36020 3.01577
H 25.53060 86.45070 1.77251
H 30.83120 87.26530 3.64844
H 27.93760 88.54420 2.72978
H 25.11130 89.79070 1.80974
C 42.80420 90.20380 5.89413
C 35.54980 90.28350 4.80765
C 47.71580 93.83820 5.33548
C 44.41780 93.48850 5.45612
C 40.98510 93.23640 5.77082
C 37.77610 92.92940 5.34577
C 34.37740 93.93620 5.92861
C 31.17000 95.52920 4.69484
C 46.02700 75.19750 3.95587
C 42.51430 76.78760 4.39865
C 39.97280 79.52980 4.71374
C 37.02130 80.49760 3.83227
C 37.34540 83.55940 4.97277
C 37.34360 86.28330 5.47594
C 40.05450 88.61270 5.81344
C 45.76890 88.59660 5.54845
C 45.44810 71.32260 2.00931
C 27.89880 95.69720 4.35365
C 24.42770 79.64550 2.65314
C 30.30230 81.17790 4.61562
C 26.75340 81.75970 3.69334
C 32.22670 81.99380 4.40268
C 31.31300 86.01320 5.79692
C 34.61340 87.55380 5.85077
C 31.56730 89.03030 5.23345
C 31.00870 92.16940 5.22435
C 27.77180 92.50520 5.22890
C 42.61630 73.05600 1.39767
C 41.66700 75.98800 -0.58235
C 39.04410 77.26030 1.83184
C 25.65180 73.96540 0.53681
C 35.69740 78.83130 2.79386
C 29.59550 77.11600 1.98950
C 26.64220 76.58570 0.97923
C 45.74500 -1.26678 5.25645
C 42.37420 96.23120 5.49513
C 39.01780 95.80090 5.23903
C 35.70040 95.40970 4.86070
C 45.40060 78.84170 5.43351
C 42.98550 80.49660 5.19355
C 40.24180 81.82290 4.76385
C 45.85940 82.03130 5.33190
C 43.16840 83.64980 5.41246
C 40.24630 85.03240 5.43786
C 46.00440 85.40420 5.40542
C 43.18840 86.61280 5.72804
C 23.86960 82.77390 2.50995
C 29.01110 83.72200 4.84951
C 26.01350 84.91130 3.66869
C 23.25270 85.92650 2.65371
C 28.55080 87.12500 4.68960
C 25.63740 88.10450 3.55016
C 28.28280 90.13780 4.58133
C 25.34520 91.45020 3.64134
C 25.15790 95.12480 3.04105
C 40.61730 72.29860 1.23176
C 38.13170 74.29340 1.58900
C 34.80460 73.33880 1.79464
C 35.51800 75.99780 2.14303
C 32.32710 75.21080 1.86653
C 28.84520 74.44730 1.26685
C 32.65070 78.05600 2.41330
C 54.16110 -1.06018 1.81757
C 51.29740 95.84600 3.06189
C 48.54900 -1.02664 1.72580
C 54.62950 4.46613 0.89290
C 51.65360 5.00418 1.83555
C 49.39170 7.30067 0.85818
C 59.13640 0.68199 0.66966
C 58.05700 3.68292 0.27427
C 56.79140 6.66867 -0.09124
C 58.91250 9.29507 -0.42447
C 71.44900 9.77913 -3.47156
C 67.43650 10.71390 -1.97442
C 64.30850 11.62720 -0.62044
C 60.40540 12.11360 -0.22288
C 70.57660 13.57810 -2.70685
C 67.19820 12.82710 -2.07066
C 65.39140 15.15090 -1.85945
C 62.26120 14.65920 -1.75626
C 63.21280 17.92510 -1.91112
C 61.40400 20.39220 -2.14515
C 62.70190 22.91470 -2.71297
C 59.64870 22.91690 -2.53644
C 53.28320 7.89446 1.19337
C 51.47580 10.11790 0.23605
C 56.46560 10.04390 -0.05580
C 56.60570 13.25250 -0.61771
C 58.84030 14.91740 -1.28985
C 59.84850 17.76860 -1.48084
C 56.11190 19.02680 -2.51757
C 56.39510 23.22800 -1.80658
C 56.02230 1.45276 0.97023
C 52.97920 1.64736 1.51283
C 50.03510 1.70158 1.56952
C 68.35340 96.21300 -0.35037
C 65.28250 -0.66594 -0.24876
C 62.09170 0.09034 0.24029
C 70.57040 1.12057 -0.75618
C 67.61520 1.77520 -0.48971
C 64.51860 2.41694 -0.36882
C 61.19880 2.98495 -0.04020
C 69.76190 4.32002 -0.62222
C 66.57070 5.12506 -0.43351
C 63.31440 5.67040 -0.49092
C 60.18720 6.07536 -0.30755
C 71.93480 6.70485 -1.12403
C 68.71540 7.09546 -0.76208
C 65.61440 8.01309 -0.73059
C 62.36360 8.67784 -0.66280
C 72.23770 16.60450 -2.69803
C 68.58480 15.99550 -2.32724
C 69.90690 18.77270 -2.71570
C 66.42800 18.18180 -2.29556
C 71.06410 21.88440 -3.03433
C 67.56830 21.02630 -2.79696
C 64.60370 20.62650 -2.29274
C 53.84000 11.68900 0.04881
C 51.03280 13.15290 -0.13905
C 53.82570 14.61850 -0.76347
C 50.68060 16.10150 -0.77650
C 56.44150 16.25960 -1.34075
C 53.34180 17.78400 -1.57026
C 50.53730 19.26390 -1.51041
C 53.27930 21.08750 -2.24846
C 50.51250 22.46490 -1.85786
H 56.16900 -0.23163 2.72551
H 53.20600 0.34663 3.61330
H 54.84210 2.81058 2.69497
H 53.81390 5.92259 2.69757
H 50.98280 8.26307 1.84973
H 59.01830 -0.98880 2.41949
H 57.94190 2.14125 2.19994
H 56.81230 5.11274 1.86597
H 58.86920 7.45844 1.17846
H 55.73890 8.14519 1.22695
H 70.56560 7.80319 0.73584
H 67.49120 8.52503 1.02974
H 64.22960 9.46441 0.85384
H 60.92930 9.89001 1.06206
H 71.36160 11.77970 -1.74651
H 72.10780 14.73670 -1.13347
H 68.94430 14.05420 -0.86580
H 65.82300 13.53750 0.00958
H 63.71560 16.09340 -0.34134
H 61.69640 18.88830 -0.18998
H 59.86300 21.38840 -0.35417
H 53.27830 10.27360 1.94118
H 50.36640 11.68940 1.78264
H 55.88250 12.07140 1.39941
H 58.68420 13.70570 0.74981
H 60.81450 15.91820 -0.12310
H 58.27930 16.86360 0.12355
H 57.86870 19.38690 -1.69055
H 55.17790 21.20790 -1.44105
H 52.51690 22.87450 -0.60885
H 50.02820 0.08222 3.32871
H 51.57330 2.92794 3.08280
H 49.55650 5.63685 2.71383
H 70.31030 -0.60722 0.92820
H 67.18640 0.02573 1.12097
H 64.09960 0.71423 1.43851
H 61.04160 1.53256 1.98593
H 69.47740 2.42813 1.05212
H 66.28760 3.18180 1.15456
H 63.11530 3.80946 1.14387
H 60.01790 4.48841 1.55124
H 71.68390 4.80641 0.46809
H 68.45270 5.49295 1.14016
H 65.20930 6.29666 1.08050
H 62.05830 6.97426 1.16067
H 62.54630 13.23740 0.20355
H 70.41260 17.04040 -1.05780
H 66.97000 16.53430 -0.53009
H 71.41640 20.09400 -1.24064
H 68.18460 19.44130 -1.10404
H 64.95020 18.94090 -0.53298
H 69.21460 22.40070 -1.51436
H 66.11560 21.91520 -1.06994
H 63.01350 21.54880 -0.71005
H 52.92860 13.57910 1.30668
H 50.05590 14.93510 1.30568
H 55.69940 15.09630 0.73601
H 52.79320 16.51090 0.41156
H 49.87600 18.02860 0.44434
H 55.40440 18.13960 -0.27923
H 52.55290 19.69940 -0.22770
H 49.77970 21.14550 -0.07092
C 55.02180 -0.21074 4.89238
C 51.68190 -0.94222 4.85678
C 48.63100 -0.85311 5.07516
C 55.32970 4.96345 3.93097
C 51.89290 5.30173 3.77200
C 49.76550 7.66292 4.02283
C 59.41440 0.97765 3.74182
C 58.48930 4.19926 3.43276
C 57.27110 7.21409 3.04585
C 59.71500 9.31561 2.78784
C 70.33060 10.07590 -0.32002
C 68.25060 10.64730 0.07124
C 64.49930 11.93170 1.33825
C 60.65610 12.29680 1.65750
C 70.67250 13.31890 0.32658
C 67.58760 13.33920 1.17795
C 65.53950 15.69500 1.29012
C 62.44910 15.12340 1.58721
C 63.42510 18.02650 1.19438
C 61.83580 20.86490 1.32070
C 63.01390 23.67810 0.44121
C 59.57750 23.44120 0.68757
C 54.08630 8.26624 3.14934
C 51.47730 10.17440 3.45277
C 56.82800 10.33780 1.88251
C 56.89170 13.91150 2.59066
C 59.44080 15.72260 1.95556
C 59.31580 19.04570 0.48061
C 56.57830 20.14690 0.48232
C 56.52130 23.54470 0.15288
C 56.45160 1.74524 4.14252
C 53.32220 2.69411 4.63555
C 50.15610 2.19170 4.64695
C 68.66680 -1.05449 2.73726
C 65.64610 -0.29350 3.02549
C 62.65350 0.33467 3.41659
C 71.15870 1.20163 2.40519
C 67.76170 1.93355 2.67507
C 64.50240 2.70656 2.83815
C 61.59050 3.62245 3.12556
C 70.16870 4.31678 2.38783
C 66.63450 5.11969 2.73640
C 63.38700 5.70431 2.70823
C 60.44810 6.50460 2.88368
C 72.28910 6.57890 2.07061
C 69.15650 7.35396 2.67818
C 66.05840 8.29832 2.42552
C 62.82060 8.98980 2.49733
C 72.08740 16.39450 0.69080
C 69.01200 15.99830 0.67946
C 70.01240 18.92400 0.48421
C 66.93630 18.54570 0.83578
C 70.95850 22.05190 0.18765
C 67.96520 21.36270 0.36234
C 64.87130 20.97810 0.76883
C 54.05760 12.21720 3.07206
C 51.20880 13.58590 3.12439
C 53.87210 15.44160 2.41870
C 51.19800 16.90340 2.24350
C 56.49070 17.16920 1.74500
C 53.70020 18.50570 1.48605
C 51.02750 19.83950 1.64936
C 53.78280 21.66730 0.69702
C 50.83960 23.01060 1.13691
C 73.24470 28.03470 -3.43544
C 62.45680 26.01360 -2.06465
C 70.24720 29.30190 -4.57186
C 67.12200 29.01550 -4.18055
C 63.89140 29.27310 -3.53440
C 58.76810 26.47940 -2.78812
C 55.50100 26.98230 -2.37614
C 51.98900 28.00800 -1.88471
C 60.81050 29.00530 -2.93798
C 51.19820 30.43980 -1.52285
C 62.32000 32.03500 -3.25935
C 64.26580 34.75870 -3.47673
C 63.69410 37.91370 -1.89107
C 61.90140 40.62360 -2.09295
C 48.56100 42.13790 -1.47081
C 60.85510 43.59420 -1.67821
C 57.58020 43.76980 -1.91366
C 51.00890 44.35850 -1.55031
C 56.33170 46.91760 -1.16864
C 52.83720 46.96080 -1.57369
C 50.58240 25.38840 -2.51212
C 69.98180 32.69180 -3.30856
C 66.98170 32.05070 -3.77071
C 68.67860 35.32530 -2.63871
C 67.12270 38.02310 -2.26536
C 65.39160 40.69550 -2.14130
C 63.77360 43.33180 -1.65551
C 62.31930 46.09270 -1.37804
C 48.77640 46.32840 -1.52259
C 72.19320 24.84990 -3.22791
C 68.79890 24.00160 -3.30935
C 65.77200 23.34550 -3.02377
C 69.61160 27.06920 -3.82463
C 65.95470 26.28780 -3.24880
C 57.41340 29.59400 -2.76837
C 54.15890 30.30330 -2.18480
C 59.27270 32.21540 -2.87592
C 56.15710 32.79720 -2.40817
C 53.00070 33.14470 -1.84615
C 49.93240 33.26770 -1.60601
C 61.17590 35.18170 -2.85596
C 58.11890 35.33940 -2.45639
C 54.75220 35.69180 -2.08649
C 51.68090 35.90050 -1.80718
C 60.07740 38.02420 -2.28290
C 56.90910 38.31960 -2.24584
C 53.59550 38.47400 -1.98282
C 50.35020 38.86850 -2.02696
C 58.75520 40.92360 -2.01328
C 55.55920 41.21550 -1.87580
C 52.43480 41.40510 -1.98762
C 54.11810 44.20160 -1.79618
C 53.39810 24.46850 -2.21176
C 71.98660 35.32450 -2.73202
C 70.38760 38.06320 -2.25578
C 71.91370 40.62010 -2.09075
C 68.76140 40.69610 -2.27721
C 70.18320 43.27600 -2.21234
C 66.81260 43.50600 -2.07883
C 71.75490 46.07550 -2.39847
C 68.39210 46.35270 -2.01219
C 65.27970 46.16180 -1.62960
H 64.15670 24.38570 -1.58579
H 61.21370 24.13190 -1.11419
H 71.04660 28.48120 -2.33678
H 64.47030 27.51710 -1.79424
H 68.82110 30.62650 -3.18149
H 65.84480 30.25820 -2.44406
H 58.30770 24.63320 -1.28385
H 55.17130 25.20200 -0.68378
H 60.56640 27.28500 -1.16820
H 54.16260 28.27740 -0.80466
H 51.20560 28.76060 0.42914
H 62.52560 30.17420 -1.59224
H 49.75000 31.51160 0.17391
H 64.12170 32.83040 -1.69897
H 62.91760 35.77090 -1.56675
H 61.68330 38.67670 -0.55797
H 48.77070 39.78770 -0.68912
H 60.37480 41.59590 -0.29355
H 50.85030 42.54080 -0.52209
H 59.17030 44.57690 0.02724
H 55.96130 44.66420 -0.32323
H 52.83520 45.09920 0.16084
H 52.15780 25.91620 -0.73933
H 49.54870 27.29340 -1.79587
H 71.79920 33.11500 -1.52755
H 68.69570 33.25720 -1.27150
H 66.35810 34.38410 -3.11708
H 67.22890 36.06310 -0.65189
H 65.58330 38.81280 -0.54353
H 63.65500 41.36110 -0.48487
H 62.34040 44.12780 0.24626
H 47.75160 44.29880 -0.58868
H 72.39010 23.20910 -1.41723
H 70.22920 25.49470 -1.96925
H 67.15240 24.84210 -1.72705
H 67.79930 27.71150 -2.44699
H 57.41380 27.74930 -1.06347
H 59.35510 30.29580 -1.33728
H 56.20470 30.75420 -0.95735
H 53.08980 31.26650 -0.22209
H 61.07250 33.12810 -1.43549
H 58.01100 33.35360 -1.08128
H 54.90460 33.80450 -0.50004
H 51.62940 34.13050 -0.07945
H 59.84800 36.02710 -0.88773
H 56.66100 36.39330 -0.67401
H 53.41380 36.74050 -0.28292
H 50.09250 36.99550 -0.35432
H 58.50370 38.97580 -0.58344
H 55.38050 39.28160 -0.54253
H 52.07310 39.58920 -0.31461
H 57.29240 41.90510 -0.25501
H 54.03770 42.24910 -0.26652
H 49.57690 24.30390 -0.46564
H 70.32660 35.94840 -1.00815
H 71.94220 38.68900 -0.56640
H 68.79300 38.77610 -0.58170
H 70.28820 41.52520 -0.46191
H 67.17070 41.53300 -0.68768
H 71.97690 44.25590 -0.76697
H 68.71530 44.34440 -0.68792
H 65.54360 44.20310 -0.05305
C 72.63160 28.57160 -0.34320
C 62.84680 26.64170 -0.21419
C 70.87000 30.82800 -1.79453
C 67.89660 29.76650 -1.11696
C 64.60370 29.64000 -0.42762
C 58.89030 26.43130 0.46955
C 55.69880 27.08640 0.64427
C 53.03620 27.25100 1.09787
C 61.02270 29.11500 0.16775
C 51.57320 30.62670 1.64788
C 62.69840 32.03840 0.13922
C 65.15910 34.97740 -0.81393
C 63.58120 37.55930 0.07972
C 62.03150 40.41550 1.15327
C 48.59790 42.10660 0.29359
C 60.60480 43.10870 1.66819
C 57.53570 43.73220 1.43320
C 51.31420 44.24530 1.32699
C 56.27090 46.86350 0.65623
C 53.04310 47.10470 1.58508
C 50.19630 26.41420 0.54365
C 70.17390 31.73700 -0.00694
C 66.51380 32.43320 -1.39478
C 68.94000 34.75090 0.64853
C 67.21510 37.55030 0.88419
C 65.57180 40.29050 0.86921
C 64.04750 42.95190 1.44251
C 62.51130 45.71830 1.83671
C 49.08100 46.28790 0.42534
C 71.70930 25.17640 -0.05368
C 68.93910 24.39930 -0.11990
C 65.78290 23.95760 0.12658
C 69.62660 27.56400 -0.73096
C 66.52720 26.90750 -0.49847
C 57.88840 29.64410 0.50337
C 54.76760 29.96280 0.88425
C 59.67040 32.13650 0.33408
C 56.57760 32.52390 0.73058
C 53.39650 33.11490 1.32205
C 49.91030 33.44920 1.64230
C 61.59210 34.79830 0.30718
C 58.20710 35.09070 0.68269
C 55.07290 35.70620 1.11803
C 51.67080 36.08080 1.34847
C 60.00570 37.70790 0.91178
C 56.89990 38.14990 1.04088
C 53.70600 38.55430 1.21811
C 50.20130 38.94550 1.15148
C 58.74740 40.64520 1.21943
C 55.57070 41.03600 1.19570
C 52.19570 41.52320 1.23363
C 54.50130 43.94960 1.52131
C 53.43590 24.64590 0.87581
C 71.86430 34.45640 0.27709
C 70.35010 37.55340 0.87764
C 71.90340 40.51240 1.08549
C 68.66020 40.57890 1.05748
C 70.36130 43.51130 0.96850
C 67.29770 43.31950 1.06998
C 72.04470 46.08700 0.93854
C 68.64760 46.18080 1.05226
C 65.32490 46.09740 1.49254
C 52.31340 60.83400 -1.74037
C 49.51290 61.37520 -1.39589
C 58.73700 65.07650 -1.16071
C 55.42640 64.46560 -1.37094
C 48.93560 64.54290 -2.40666
C 59.81130 68.37500 -0.84047
C 63.90960 72.04670 -0.65639
C 60.76520 71.50230 -0.42861
C 66.55160 49.44030 -1.09004
C 62.91480 49.05630 -1.57424
C 71.89940 51.42800 -2.76009
C 69.34370 53.25050 -1.43275
C 72.65160 55.12710 -2.23742
C 72.82090 69.55500 -1.41795
C 51.29530 48.40590 -1.78964
C 51.77090 51.65010 -0.92898
C 50.59220 55.03420 -1.59628
C 50.41430 58.22830 -1.28703
C 59.53310 47.75320 -1.49436
C 63.82690 52.14050 -1.45122
C 60.44660 50.98760 -1.53096
C 57.12530 50.36920 -1.57670
C 68.95360 56.72880 -1.33625
C 67.21630 54.02750 0.72466
C 64.41880 55.04630 -1.12142
C 55.06620 52.77060 -1.51528
C 72.08290 59.75730 -0.61262
C 52.77800 55.19700 -1.50381
C 57.04590 59.10240 -1.38926
C 53.78810 58.33430 -1.56896
C 61.14550 62.70700 -0.97759
C 58.09280 62.00660 -1.37258
C 71.31680 68.19770 -1.26801
C 62.04120 65.83710 -0.95094
C 69.70190 70.80800 -0.28338
C 66.08270 69.63730 -0.68775
C 63.00530 69.07060 -0.71353
C 52.07040 63.93360 -1.41739
C 56.73450 67.76240 -0.93859
C 53.54160 67.35670 -1.17308
C 50.37360 67.42720 -1.49065
C 57.55420 70.66600 -0.56784
C 54.50370 70.28700 -0.59125
C 51.37250 70.29880 -0.74949
C 70.10220 48.89900 -2.23462
C 48.40820 49.79480 -1.81969
C 47.91800 52.97900 -1.75106
C 54.54360 49.82070 -1.64134
C 61.45720 54.26020 -1.37629
C 58.34810 53.51100 -1.60361
C 68.60620 58.53620 -0.68807
C 65.67460 57.83070 -0.74669
C 62.48740 57.38330 -1.04655
C 59.34660 56.52960 -1.25113
C 55.86560 56.06950 -1.47702
C 69.54550 61.80480 -0.83052
C 66.47470 61.01930 -0.74522
C 63.42750 60.42020 -0.85454
C 60.38520 59.69080 -1.07059
C 70.29630 64.99200 -0.97310
C 67.32350 63.95640 -0.66201
C 64.26860 63.49290 -0.84509
C 68.34930 67.13140 -0.81564
C 65.29340 66.46640 -0.81823
H 71.28260 56.26910 -0.43054
H 53.93040 62.52230 -0.80971
H 51.32360 62.12980 0.09233
H 48.46190 62.84480 0.28469
H 60.15030 66.35310 0.48676
H 56.88030 65.60800 0.38692
H 61.21740 69.49620 0.96451
H 54.38700 48.15400 -0.26896
H 63.61140 47.08470 -0.04756
H 68.89440 49.73100 -0.12408
H 64.26830 50.11310 -0.09101
H 71.55190 52.95390 -1.43186
H 50.20480 49.82380 0.09240
H 49.88370 53.11070 -0.26942
H 49.39270 56.45890 0.16406
H 49.13500 59.62170 0.32621
H 61.00060 49.14870 0.10990
H 57.76820 48.63620 -0.14815
H 64.82060 53.21830 0.69385
H 61.84100 52.32540 0.03172
H 55.62600 51.05110 0.28713
H 68.70740 56.89610 1.20639
H 65.69850 56.03150 0.78850
H 53.23850 53.40810 0.05933
H 70.03540 59.81260 0.87347
H 54.15520 56.60150 0.25992
H 70.83880 62.97350 0.51130
H 55.19380 59.63930 0.22009
H 52.20400 59.17180 0.10229
H 71.64770 66.04330 0.17032
H 59.26260 63.29170 0.43022
H 56.54040 62.45710 -0.47933
H 69.71040 68.48860 0.67023
H 63.38400 67.08490 0.72513
H 67.44850 70.90780 1.15777
H 64.32330 70.17070 1.00236
H 53.55040 65.41370 -0.11828
H 50.28280 65.20290 -0.39092
H 58.05060 68.77750 0.86220
H 54.92930 68.25790 0.68276
H 51.75090 68.07900 0.39708
H 55.94770 71.26870 1.16579
H 52.88540 70.83410 1.12764
H 49.53950 70.43880 0.72750
H 70.36370 47.02830 -0.62803
H 66.96470 47.15720 -0.06254
H 71.97940 49.73040 -0.84254
H 58.69210 51.60910 -0.03916
H 62.60160 55.44110 0.40768
H 59.59270 54.63040 0.27057
H 56.50040 54.09470 -0.10643
H 66.83130 59.33800 0.89797
H 63.72580 58.57830 0.69462
H 60.57710 57.86100 0.44770
H 57.40720 57.15360 0.13454
H 67.83450 62.23320 0.94396
H 64.65750 61.65550 0.85225
H 61.54280 60.91120 0.67571
H 58.40960 60.22900 0.33173
H 68.65760 65.33470 0.91682
H 65.54800 64.64370 0.94029
H 62.40980 64.02960 0.72037
H 66.55220 67.75320 0.76991
C 53.30400 61.12490 1.16229
C 49.80690 61.44030 1.88803
C 58.69880 65.03260 2.01010
C 55.16850 63.93470 0.92817
C 48.10260 65.26880 0.68759
C 59.88080 67.99510 2.38109
C 64.26360 71.97840 2.64561
C 60.82220 71.23440 2.65033
C 66.49180 49.49810 0.83324
C 62.94820 48.81260 1.62758
C 71.85570 51.84000 0.50885
C 69.38700 52.13440 0.27142
C 73.31750 54.55150 -0.52444
C 73.10060 69.07700 2.10166
C 51.19170 48.16980 1.72239
C 51.64310 51.71380 0.92534
C 50.57070 54.77620 1.55409
C 50.59890 58.11490 1.69205
C 59.66220 47.05770 0.29340
C 63.68610 51.88010 1.75162
C 60.50360 50.83660 1.51103
C 57.55130 49.99590 1.48855
C 70.99320 55.61480 1.46660
C 67.51250 55.11010 2.26150
C 64.12560 55.01530 2.30813
C 54.99090 53.00650 1.63820
C 71.80710 59.14870 2.56394
C 52.53220 55.08630 1.61617
C 57.01330 58.89890 1.87675
C 53.73610 58.09690 1.85458
C 60.85560 62.73390 2.20245
C 57.57310 62.03900 1.71959
C 71.53000 67.68950 2.22215
C 61.88390 65.83190 2.28721
C 69.92830 70.84430 1.70548
C 66.42130 69.73230 2.34087
C 62.97430 68.76930 2.50700
C 51.81370 64.23360 1.21404
C 56.62880 67.07330 2.07930
C 53.36990 66.90850 1.89291
C 50.30390 66.74650 1.58924
C 57.77510 70.55110 2.61433
C 54.62510 69.85000 2.56473
C 51.21730 69.61110 2.30475
C 70.38350 48.94930 1.07970
C 48.32720 49.77790 1.60285
C 48.28750 52.83390 1.51887
C 54.29030 50.01160 1.55538
C 61.32870 53.87100 1.85192
C 58.12140 53.29890 1.66054
C 68.48900 58.59360 2.60883
C 65.46410 57.90570 2.33781
C 62.06910 57.25880 1.99024
C 59.08340 56.51860 1.81099
C 56.02780 55.75140 1.66146
C 69.74650 61.64110 2.38656
C 66.34990 61.01170 2.52523
C 63.16760 60.30970 2.34793
C 60.02290 59.60630 2.06824
C 70.67250 64.69600 2.24422
C 67.36860 64.05740 2.57491
C 64.04490 63.41990 2.45922
C 68.38610 67.27930 2.41927
C 65.08140 66.53770 2.39874
C 70.68990 87.19500 -1.02997
C 68.18460 87.46430 -0.04766
C 65.02930 88.26080 1.71302
C 61.97030 89.52120 1.53051
C 61.02140 92.25710 1.22790
C 58.03740 92.43730 2.02535
C 57.15160 96.14090 0.97032
C 48.86480 76.13110 1.04825
C 51.50370 78.37830 2.66685
C 55.09830 80.75820 0.78323
C 60.56690 85.06560 1.37279
C 48.82570 90.82940 3.10429
C 59.56540 87.81610 1.85476
C 56.71650 88.89580 2.30057
C 51.71690 91.97350 3.26373
C 58.42190 91.25670 3.96667
C 54.24010 94.67950 2.32125
C 65.31730 75.48070 -0.40347
C 48.83210 72.71930 0.28995
C 63.16120 77.50230 -0.13095
C 53.55000 75.75100 0.47656
C 50.44790 75.51150 0.50681
C 64.30890 80.15710 0.26418
C 61.20070 80.00510 0.50630
C 57.93610 79.54520 0.54080
C 54.18230 78.85540 0.73495
C 65.84760 83.20930 0.84369
C 62.36280 82.91040 0.93581
C 62.65520 86.15580 1.90357
C 72.60830 72.69550 -1.17269
C 69.93800 74.36820 -1.15672
C 69.34430 77.79670 -0.52087
C 67.08550 75.48210 -1.34500
C 70.00860 80.77120 -1.04438
C 69.63940 84.18870 -0.31282
C 70.17940 90.23140 -0.44518
C 67.20630 90.63500 0.21130
C 64.17420 91.51110 0.98379
C 69.17790 93.25680 -0.35658
C 66.27150 93.76990 0.12791
C 63.10050 94.44740 0.62113
C 60.02710 95.23480 0.78967
C 71.42170 95.67470 -0.83220
C 48.56570 80.55400 2.00261
C 51.72620 82.03310 2.17694
C 48.70300 83.80450 2.05406
C 58.48090 82.44640 1.78476
C 54.68380 83.80730 1.66537
C 51.48680 85.36460 1.98006
C 48.83110 87.21860 2.30540
C 57.28020 85.81440 1.76075
C 54.13960 86.99170 2.32352
C 51.74650 88.78890 2.63100
C 54.21770 90.42910 2.95908
C 62.08150 74.33000 -0.35048
C 58.79350 73.98000 -0.33520
C 55.56160 73.25180 -0.17555
C 52.50430 72.96180 -0.08507
C 59.98170 76.99870 -0.04334
C 56.56860 76.47230 0.01691
C 72.47130 75.99120 -0.93229
H 49.00030 94.94880 3.44812
H 68.47130 85.93240 1.15951
H 61.55050 87.83280 3.30032
H 70.25050 88.42340 1.11308
H 67.23750 89.05780 1.70719
H 63.75340 90.04530 2.99109
H 60.79990 90.90050 3.36856
H 59.90620 93.82740 2.78153
H 56.74670 94.50180 2.93869
H 50.27300 80.44700 3.44716
H 54.12610 82.06540 2.63642
H 60.61820 83.12170 2.74852
H 56.88170 83.79250 3.03326
H 59.20480 85.87590 3.29252
H 58.60270 88.75640 3.93418
H 56.22300 90.27690 4.32025
H 53.47900 91.66480 4.97933
H 49.78880 92.50080 4.79644
H 65.26550 73.14680 0.54625
H 62.30630 72.50610 1.28126
H 63.33850 75.50260 1.27207
H 50.94070 73.30310 1.39538
H 64.74250 78.14010 1.91605
H 55.12950 76.84850 2.17138
H 51.97460 76.07850 2.45069
H 66.09070 80.90250 2.03671
H 62.87650 80.79240 2.20532
H 59.57290 80.33440 2.28397
H 56.91840 80.68480 2.46583
H 63.79930 83.98160 2.26822
H 70.97940 72.77770 0.43146
H 68.13380 74.11070 0.69635
H 67.13970 77.11170 0.44191
H 68.18770 79.83870 0.51880
H 71.50140 85.60300 0.38538
H 68.25360 82.74220 1.28784
H 52.14370 94.42950 3.74539
H 69.24550 91.57360 1.45611
H 66.07670 92.24150 1.99587
H 62.96180 93.04960 2.61148
H 71.24540 93.94020 0.90125
H 68.19580 94.59330 1.43828
H 65.14880 95.38760 1.62842
H 61.99130 96.12980 2.03823
H 50.57960 83.66960 3.70871
H 53.46600 85.13270 3.53085
H 50.76490 86.85720 3.80604
H 56.18060 86.92030 3.71565
H 53.51020 88.47620 4.31813
H 50.73190 90.02380 4.40941
H 59.09790 71.85340 1.01431
H 60.33380 74.96800 1.28055
H 57.13860 74.38220 1.30488
H 54.08850 73.71470 1.71906
H 61.52530 77.93220 1.64398
H 58.23290 77.50510 1.55223
H 70.60880 75.95830 0.68317
H 71.00960 79.25130 0.64668
H 71.16080 82.40500 0.42719
C 72.02190 87.19430 2.23356
C 68.86620 87.69340 3.01871
C 65.42240 88.54030 3.46232
C 62.34070 89.49460 4.93338
C 61.36650 93.07650 4.52986
C 55.22270 93.98540 6.37870
C 57.44550 95.94540 4.11222
C 48.81560 77.18070 4.17958
C 50.72090 78.28310 4.38140
C 55.26190 80.23340 4.03014
C 60.72650 84.36470 4.62123
C 48.51970 90.43580 5.39737
C 60.12530 87.21600 5.16733
C 56.80580 88.34110 5.67725
C 51.46180 91.41400 6.34680
C 55.67480 92.70970 4.51004
C 53.11740 93.79470 6.10823
C 65.18490 74.67980 2.60274
C 48.79390 72.38030 2.22566
C 63.25810 77.05920 3.23476
C 53.96070 75.12040 3.70622
C 50.80730 74.62560 3.52847
C 64.97420 80.25890 3.52136
C 61.47050 79.50880 3.59782
C 58.10540 78.89350 3.59196
C 54.60840 78.30280 4.16755
C 66.26010 83.42110 2.64168
C 62.88440 82.59560 3.94596
C 63.26050 86.10290 3.65483
C 72.82810 72.55710 2.15444
C 69.86050 74.12120 2.27225
C 69.32420 77.81780 1.65871
C 66.98730 75.58360 2.49895
C 69.93620 80.96340 2.04684
C 70.23040 84.15690 1.92298
C 70.84680 90.20060 2.70898
C 67.75950 90.94490 3.28506
C 64.66040 92.10940 4.07144
C 69.84870 93.48700 2.91479
C 66.56210 94.27040 3.29759
C 63.64380 95.09360 3.60045
C 60.59000 95.84590 4.04146
C 72.01250 95.82870 2.29671
C 48.85220 80.86530 5.42782
C 52.19060 81.89030 4.21867
C 48.75320 83.80720 5.33192
C 58.56770 82.11520 3.55688
C 54.89910 83.45250 4.56146
C 51.75850 85.11200 5.32680
C 48.74570 87.09780 5.28012
C 57.42340 85.10250 4.84205
C 54.40540 86.50130 5.40138
C 51.65310 88.18610 5.74622
C 54.39720 89.95620 6.13968
C 62.03940 74.26670 2.90760
C 59.00940 73.59660 2.76111
C 55.96460 72.93690 2.96285
C 52.47700 72.36090 3.01025
C 60.06950 76.66840 3.05674
C 56.94230 76.01010 3.25579
C 72.51780 75.89110 2.18449
C 89.17380 2.95106 -3.21858
C 93.45320 5.83667 -3.26596
C 89.60490 5.65873 -1.82144
C 94.86130 8.83435 -3.74603
C 82.05760 0.94632 -3.29666
C 78.72020 1.65275 -2.65498
C 78.29820 4.84182 -1.84511
C 75.43080 5.98450 -1.33747
C 74.04320 9.59013 -0.60549
C 72.76930 11.11710 -3.78741
C 73.57980 14.84420 -3.15232
C 75.75470 16.93890 -1.67601
C 76.64960 20.44400 -1.83962
C 85.85720 2.84693 -2.55596
C 82.69860 3.83505 -1.57975
C 81.19000 6.24367 -2.85453
C 85.57350 6.26903 -2.63229
C 79.31130 8.83740 -3.14666
C 76.62590 9.86669 -2.72831
C 91.15260 8.19404 -3.15814
C 88.04870 8.55628 -2.68278
C 76.39860 13.07840 -2.73192
C 94.89620 10.51470 -2.43384
C 78.72680 15.16820 -2.29692
C 0.63749 12.61670 -3.09707
C 80.30500 17.68660 -1.23405
C 95.94620 15.29250 -1.52702
C 80.57430 20.53250 -2.56467
C 94.71900 18.80750 -0.72376
C 92.19350 19.53960 -0.40339
C 89.27220 20.59450 -1.08999
C 86.03890 21.68160 -0.85214
C -0.35943 20.68050 -1.00611
C 95.30360 23.21020 -1.47513
C 0.12658 0.26691 -3.24965
C 94.08380 0.10715 -3.18641
C 90.85590 0.28258 -3.32857
C 87.53740 0.10737 -3.37669
C 95.65350 2.97977 -3.38037
C 92.34110 2.78265 -3.28265
C -0.42848 5.86247 -3.59719
C 79.79560 -1.32248 -2.69250
C 76.50720 -0.59541 -1.94831
C 73.53790 0.34451 -1.36933
C 75.66190 2.60630 -1.67229
C 72.74480 3.49525 -1.22393
C 73.54770 19.46990 -2.36378
C 74.58220 22.76560 -2.40163
C 82.52890 7.68460 -2.40384
C 85.35280 9.56655 -2.48744
C 82.25590 10.80630 -2.52574
C 79.41080 11.98930 -2.55639
C 90.57230 11.29620 -2.97054
C 87.65380 11.90320 -2.41297
C 84.69060 13.08140 -2.33869
C 81.85880 14.14280 -2.35620
C 93.28620 13.26790 -2.48359
C 90.05320 14.40070 -2.26235
C 87.02440 15.29400 -2.07866
C 83.95920 16.28780 -2.15380
C 92.39350 16.55300 -1.67573
C 89.64890 17.38190 -1.58319
C 86.65840 18.50200 -1.53234
C 83.74070 19.71560 -1.88759
H 89.26810 0.83433 -1.87397
H 90.86300 3.58703 -1.52155
H 87.88310 3.92033 -1.77008
H 95.05280 6.90400 -2.10062
H 91.86960 6.54592 -1.36734
H 84.89320 96.25430 -1.71400
H 83.87070 1.62752 -1.72972
H 80.81580 2.16895 -1.35553
H 77.87740 2.93454 -0.64783
H 77.37090 5.85583 0.41894
H 73.70130 7.17000 0.06691
H 75.16850 14.59420 -1.37725
H 76.52110 18.66880 -0.05095
H 77.46430 21.80220 0.21962
H 84.91610 4.76822 -1.18255
H 81.91450 6.01271 -0.56758
H 79.17220 7.17729 -1.78249
H 87.64600 6.99581 -1.15208
H 75.59830 11.44130 -1.00366
H 90.12840 9.30756 -1.46163
H 78.11200 13.26440 -0.92559
H -0.03523 10.46000 -1.67067
H 92.52940 11.34300 -1.92956
H 77.72120 16.24430 -0.41252
H 79.07990 19.86060 -1.34703
H 94.24950 16.40490 -0.15231
H 82.10990 20.79120 -0.48412
H 79.99580 22.79320 -1.28067
H 93.75210 19.05710 1.69132
H 90.97060 20.32730 0.89008
H 88.39360 21.94070 0.40958
H -0.81143 18.27350 0.81363
H 95.19760 21.10920 -0.06011
H 95.74500 1.14207 -1.72209
H 92.52640 0.98454 -1.60912
H -0.24203 4.09394 -1.85117
H 93.91840 3.87684 -1.77092
H 73.45920 96.28650 0.34526
H 81.86120 -0.87092 -1.59564
H 78.66530 -0.07562 -0.85486
H 75.60440 0.75303 -0.14065
H 72.59600 1.66391 0.49258
H 74.76760 4.08752 0.09789
H 73.53730 17.54810 -0.91325
H 74.58690 20.98980 -0.63284
H 76.27070 8.41677 -1.34098
H 84.58930 7.92184 -0.97758
H 81.57930 9.11000 -0.87535
H 78.59060 10.27750 -1.21903
H 87.13790 10.13300 -0.87401
H 84.18910 11.15210 -0.93794
H 81.21390 12.31650 -0.89791
H 89.57530 12.36700 -0.96193
H 86.52850 13.27990 -0.69098
H 83.53560 14.37300 -0.59750
H 80.61680 15.33600 -0.52554
H 91.86340 14.32580 -0.63530
H 88.82020 15.44790 -0.40170
H 85.73300 16.52550 -0.39882
H 82.84580 17.54070 -0.79566
H 91.19430 17.36910 0.33069
H 88.30690 18.61080 0.17963
H 85.13890 19.58170 0.16010
C 89.08180 2.56810 -0.13867
C 93.81000 5.71082 -0.12616
C 90.31240 5.40679 0.02427
C 94.46730 8.80724 -0.39676
C 82.86080 0.91352 -0.09082
C 79.69730 1.70034 0.63152
C 77.97990 3.77941 1.71188
C 75.55030 6.02175 1.57021
C 74.13730 9.19598 1.47942
C 71.11480 10.11950 1.60905
C 73.50190 12.80330 -0.90015
C 75.38360 16.46400 0.20042
C 75.77950 20.33950 1.51386
C 85.90680 2.78793 -0.69571
C 82.94820 4.29983 0.35495
C 79.86360 6.44340 0.61088
C 85.77430 6.33453 0.51218
C 79.59520 8.65165 0.27451
C 76.89640 10.06180 0.58705
C 91.61710 7.90775 0.15883
C 88.68520 8.69426 0.45866
C 76.12590 13.21640 0.49764
C -1.32308 9.58013 0.43174
C 78.75710 14.57480 1.05326
C 1.16878 11.57930 0.26628
C 78.91340 18.15990 0.56133
C 95.91250 14.48290 0.29522
C 79.90270 21.15660 0.67077
C 95.08410 16.83730 2.16056
C 91.74050 18.55580 2.60881
C 88.74570 20.17260 2.14029
C 85.93720 21.65490 1.09397
C 95.98450 20.23740 2.16766
C 94.41300 22.88170 1.60858
C -0.12430 0.36325 0.07737
C 94.23010 0.14165 -0.02369
C 90.86280 -0.02609 -0.15640
C 86.93760 0.01475 -1.57084
C 95.63790 3.05271 -0.16992
C 92.50550 2.85128 0.05584
C -0.55045 6.09005 -0.32521
C 80.42000 -1.32822 0.38043
C 77.33240 -0.35802 1.20643
C 74.19530 0.40014 1.83824
C 76.36730 2.74346 1.31536
C 73.24400 3.56888 1.89562
C 73.07260 19.44590 0.53837
C 73.72850 22.87180 0.68757
C 82.83320 7.67950 0.76882
C 85.30920 9.62085 0.68823
C 82.39720 10.75130 0.67878
C 79.33870 11.80600 0.55782
C 91.16530 10.89520 0.16846
C 87.92910 11.92950 0.75544
C 84.65810 12.78210 0.82488
C 81.85170 13.72100 1.01531
C 92.70970 12.27920 0.48908
C 90.05310 13.83130 0.97335
C 86.79260 15.03950 1.05144
C 83.76640 16.10650 1.10765
C 92.43380 15.59800 1.42057
C 89.07160 17.01480 1.53531
C 86.05290 18.29430 1.40749
C 82.91760 19.23450 1.21046
C 81.81450 48.36340 -1.77856
C 91.02830 45.93170 -2.48186
C 0.18276 47.72910 -3.75586
C 84.75640 25.18280 -1.73567
C 80.93430 24.96990 -0.31333
C 89.47600 26.97290 -1.55708
C 86.58800 27.94520 -1.73181
C 80.23430 28.68020 -0.83308
C 88.72680 30.14390 -1.36640
C 78.86890 31.75730 -1.62660
C 90.56280 32.35640 -1.30559
C 77.92870 34.74410 -1.70290
C 92.52130 34.87160 -1.39370
C 80.02320 37.36270 -1.40869
C 94.49000 37.05280 -1.51409
C 82.11260 39.65370 -1.33340
C 84.09960 41.99720 -1.23249
C 95.78990 42.38900 -2.07731
C 92.64900 43.05590 -1.93256
C 89.16820 43.66480 -1.73738
C 85.94820 44.46240 -1.20428
C 83.38720 45.22220 -1.28523
C 94.88010 45.35990 -2.30590
C 77.59360 23.58560 -1.62087
C 78.24050 26.45130 -1.71565
C 76.76850 29.44120 -1.64130
C 74.70510 32.22740 -3.93098
C 75.06170 35.38810 -2.99769
C 76.77870 37.70400 -1.73348
C 78.90360 40.32920 -1.56490
C 80.50020 43.09190 -0.93927
C 79.30570 46.35870 -1.02556
C 82.55560 22.86230 -1.84657
C 87.85760 24.25470 -0.14128
C 93.03770 25.97830 -0.78268
C 89.39750 24.95260 -1.78033
C 91.71030 29.42660 -1.27812
C 93.87130 31.72520 -1.24039
C 95.89770 34.22600 -1.21377
C 83.29510 27.88060 -1.85937
C 85.33890 30.69790 -1.65653
C 82.00810 31.43720 -1.85481
C 87.24100 33.12010 -1.48792
C 84.12370 33.74620 -1.56538
C 80.91490 34.29360 -1.49766
C 89.32640 35.40660 -1.34776
C 86.17720 36.25010 -1.28054
C 83.15740 36.77570 -1.29500
C 91.34170 37.79170 -1.48127
C 88.14670 38.47510 -1.31427
C 85.02980 39.03490 -1.12510
C -0.55185 39.46540 -1.62355
C 93.54220 40.17380 -1.69366
C 90.29990 40.79910 -1.53809
C 87.20100 41.36360 -1.20362
C 75.35970 25.66290 -2.47222
C 73.68930 37.89170 -2.08449
C 75.44100 40.55440 -1.89909
C 77.11160 43.33050 -1.96902
C 73.68320 43.21440 -2.24290
C 75.21370 46.00900 -2.48245
C -0.24571 25.89110 -0.79276
C 95.31640 28.71180 -1.10740
C -0.13739 31.27940 -0.88382
H 84.04480 47.73700 -1.09909
H 93.26310 46.62210 -1.64278
H 86.15260 25.84790 -0.42069
H 83.06960 26.21750 0.07941
H 88.17690 28.24040 0.16017
H 81.85210 29.40290 -0.40550
H 78.34240 30.08870 0.31298
H 90.27250 30.57210 0.46837
H 79.44780 35.46120 0.07992
H 94.26790 35.38780 0.22788
H 81.57280 37.84360 0.25464
H 96.17920 37.80870 0.00141
H 83.65550 40.21560 0.48554
H 95.34230 40.79510 -0.14795
H 82.73290 43.33230 -0.08823
H 94.35450 43.72270 -0.47856
H 91.22080 44.47170 -0.48536
H 88.12060 44.99830 -0.07402
H 84.90200 45.57470 0.90756
H 78.34020 24.94190 0.38299
H 76.40540 27.17100 -0.85126
H 74.14780 29.38770 -1.72484
H 75.65020 33.85630 -2.26137
H 76.53620 35.93630 -0.09759
H 78.36230 38.51950 -0.01340
H 80.54760 40.85660 0.13481
H 78.39360 44.18300 -0.00840
H 84.30170 23.16290 -0.18050
H 93.38040 23.62530 0.25279
H 91.24520 27.51810 0.03741
H 93.54120 29.86450 0.35212
H 95.48850 32.46290 0.45477
H 84.85590 28.78520 -0.13648
H 86.98120 31.21210 0.10365
H 83.76280 31.85290 -0.16000
H 80.58790 32.36840 -0.02635
H 77.40480 33.04860 0.13614
H 92.29020 32.96310 0.22867
H 89.01650 33.54820 0.21637
H 85.82940 34.26240 0.17314
H 82.68340 34.84440 0.10634
H 91.14420 36.03920 0.15359
H 87.94840 36.62960 0.30451
H 84.79460 37.24170 0.41036
H 93.13740 38.42750 -0.00719
H 90.00190 39.01830 0.17161
H 86.87200 39.60260 0.38845
H 92.20480 41.45960 -0.10169
H 89.10560 42.04230 0.17861
H 85.87210 42.60500 0.40901
H 75.45000 24.12430 -0.53186
H 73.23200 26.35830 -1.52814
H 73.57100 35.77130 -0.92610
H 75.15960 38.65780 -0.33478
H 76.92450 41.35160 -0.42223
H 73.58350 41.44150 -0.49116
H 75.19880 44.22180 -0.67670
H -0.91431 23.95260 0.63054
H 95.12190 26.88150 0.24437
H -0.57368 29.49240 0.73833
C 83.44120 47.58600 1.47062
C 91.96250 46.55610 0.49342
C -1.05064 48.93860 -0.64977
C 84.86960 24.88990 1.52522
C 80.29500 24.60730 1.64423
C 89.48970 26.70420 1.62413
C 86.22110 27.54980 1.46835
C 78.95020 28.34810 1.95275
C 88.31820 30.03070 1.84299
C 78.94650 31.63210 1.78774
C 90.53450 32.48730 1.93868
C 77.73510 34.90320 1.79696
C 92.51560 34.83250 1.81562
C 79.56110 37.38020 1.60516
C 94.56870 37.33560 1.68091
C 81.52630 39.84590 1.75598
C 84.01570 42.22140 1.86359
C 95.66890 42.69670 1.35934
C 92.73130 43.39390 1.20161
C 89.71330 44.06090 1.48816
C 86.55180 44.56040 1.91169
C 83.18670 44.15070 2.23173
C 96.08240 45.45880 -0.47227
C 76.57290 23.73880 1.65275
C 77.42680 26.87020 1.48170
C 75.98230 29.58690 0.04902
C 73.91260 31.89770 -2.04029
C 75.04390 34.06140 0.15016
C 76.58680 37.76200 1.45270
C 78.38910 40.50270 1.37107
C 80.41420 43.14320 0.94639
C 78.69210 46.53280 0.75745
C 82.92510 22.43570 1.32499
C 90.90670 22.76830 0.55738
C 92.83740 25.97570 1.12591
C 90.06480 27.81860 3.25293
C 91.63970 29.11370 1.92070
C 93.60340 31.52380 1.86364
C 95.52280 34.26720 2.05706
C 83.03400 27.89070 1.41904
C 85.03000 30.59600 1.50309
C 82.05820 31.11590 1.45796
C 87.20750 33.00390 1.78854
C 84.03260 33.45460 1.65962
C 80.83410 34.12590 1.60415
C 89.42980 35.35460 1.78434
C 86.21530 36.00040 1.89633
C 82.94460 36.62050 1.82854
C 91.49460 37.84100 1.71954
C 88.22080 38.51140 1.87386
C 84.99840 39.18560 1.92975
C 0.02865 39.80160 0.45887
C 93.61630 40.28660 1.50130
C 90.63690 40.79530 1.65237
C 87.44230 41.43810 1.87844
C 74.58120 26.19820 0.51591
C 73.51720 37.42520 0.87831
C 75.18280 40.54040 1.18438
C 76.72990 43.37560 1.15411
C 73.55250 43.39760 0.95818
C 75.33200 46.29450 0.72414
C 96.15220 25.78210 2.29280
C 94.89040 28.54330 2.05733
C -0.59225 31.30870 2.26055
C 87.83440 47.20250 -1.39914
C 84.99680 49.30830 -2.39648
C 82.17420 50.37170 -1.63503
C 79.22130 51.50450 -0.92937
C 76.74560 53.49260 -2.12205
C 93.18690 48.30350 -2.95560
C 76.51360 56.67870 -2.25721
C 73.12140 57.93900 -0.25673
C 76.13280 60.09170 -1.92994
C -1.18262 53.07010 -2.34475
C 93.39200 54.38660 -2.33876
C 90.46820 55.57710 -2.59072
C 87.47890 57.14030 -2.64785
C 76.22170 63.53460 -1.54860
C 87.59230 60.66870 -2.78143
C 85.59360 63.02120 -2.09095
C 78.69770 65.09680 -1.58627
C 83.93260 65.72720 -2.24281
C 81.17050 67.49400 -0.83015
C 84.13240 69.14630 -1.19081
C 77.10530 49.22280 -2.01222
C 75.18590 52.12200 -2.45725
C 81.17520 71.01910 -1.14812
C 78.49580 68.78100 -0.77087
C 75.50930 67.18890 -0.61901
C 73.02060 63.90680 -0.27298
C 96.20930 56.26640 -1.70585
C 92.76930 57.67440 -2.62343
C 91.96630 60.49710 -2.78851
C 90.50930 63.73100 -2.44580
C 89.79110 66.57500 -2.43646
C 86.69410 67.00650 -2.23408
C 88.51570 69.65970 -2.19582
C 90.28270 72.41210 -1.22479
C 90.67860 49.22210 -2.33329
C 87.78010 50.62700 -2.23305
C 84.98010 52.62100 -2.16459
C 82.04920 53.94780 -1.92921
C 79.37890 55.31590 -2.04126
C 93.69800 51.20140 -2.34932
C 90.71430 52.44750 -2.35939
C 87.80100 54.06320 -2.38331
C 84.72570 55.65960 -2.27104
C 81.92780 57.37010 -2.13458
C 79.24470 58.83270 -2.05817
C 84.76540 59.08170 -2.40445
C 81.77430 60.65340 -2.14148
C 78.85420 61.94740 -1.73089
C 81.50360 63.77430 -2.06392
C 73.75170 48.94540 -2.31650
C 75.55520 71.05630 -1.22737
C 95.21700 60.00880 -2.82514
C -0.02675 62.34760 -3.12076
C 94.00090 62.88060 -3.06675
C -1.20348 65.46510 -3.27220
C 92.91740 66.00190 -2.90390
C 94.92820 68.64850 -3.06529
C 91.82330 69.15130 -2.68078
C -0.44448 71.00980 -3.48423
C 93.71030 71.64030 -2.94730
H 81.88350 49.35260 0.70134
H 90.19900 47.59190 -0.93491
H 86.91980 49.29590 -0.73340
H 81.39430 52.36530 -0.27949
H 78.52210 53.83940 -0.25060
H 75.69630 55.30920 -0.56266
H -0.06746 47.50650 -1.31392
H 75.48100 58.47180 -0.55917
H 95.33440 51.17630 -0.96036
H 92.41970 52.71630 -0.80124
H 75.34420 61.64030 0.09661
H 92.23790 56.03470 -0.88708
H 89.40230 57.29720 -1.02675
H 86.89680 58.88370 -1.09709
H 75.21360 64.79600 0.37648
H 87.75830 61.82830 -1.41693
H 80.74450 65.18790 -0.16709
H 77.79280 66.55800 0.06284
H 86.21230 65.21480 -1.13313
H 83.50500 66.91660 -0.40500
H 76.79020 46.90090 -1.10045
H 75.15760 50.40570 -0.58378
H 84.78560 71.29170 -0.04750
H 82.16880 69.42520 0.25558
H 79.26220 70.84820 0.44892
H 76.37570 69.32390 0.27971
H 73.64980 70.95580 0.56313
H 95.05420 54.38240 -0.46792
H 94.67800 58.15550 -1.17920
H 91.56460 58.98790 -0.77970
H 90.74490 61.71600 -0.86344
H 89.46890 64.51970 -0.91236
H 88.68050 67.56500 -0.71499
H 90.64210 70.10360 -0.83092
H 87.48210 70.37040 -0.29344
H 84.30080 50.97500 -0.62023
H 92.60960 49.53480 -0.85628
H 89.75760 50.92300 -0.68479
H 87.01390 52.48640 -0.71754
H 84.01330 54.13440 -0.40220
H 81.23480 55.72040 -0.40546
H 78.40910 57.09060 -0.59656
H 89.69130 54.10220 -0.77504
H 86.77550 55.64770 -0.85092
H 83.98220 57.27380 -0.75147
H 81.11080 58.92270 -0.42598
H 78.16890 60.27190 -0.34586
H 83.81570 60.53990 -0.56251
H 80.97110 62.06380 -0.36541
H 78.01850 63.45570 0.14574
H 83.57350 63.72830 -0.78626
H 73.51660 46.95570 -0.85200
H -0.37011 60.63410 -1.35723
H 93.79190 61.24290 -1.26577
H 95.86410 63.61570 -1.65412
H 92.71330 64.16150 -1.35160
H 94.88630 66.68330 -1.55017
H 91.76850 67.19200 -1.04624
H -0.36260 69.15450 -1.79382
H 93.82550 69.74100 -1.27495
H 95.88530 72.28490 -1.77922
C 88.10470 47.39430 0.37745
C 84.98100 49.09900 0.81551
C 82.69800 50.80490 1.26835
C 79.32980 51.75260 0.92245
C 76.46460 53.67380 1.29365
C 93.73030 47.82340 0.44077
C 76.65730 57.01770 1.21112
C 73.32510 57.83880 1.95456
C 76.32390 60.12270 1.35755
C -1.20966 52.67580 0.99089
C 93.21960 54.48120 0.83893
C 90.49180 55.88010 0.77849
C 87.63910 57.34530 0.72312
C 76.11480 63.57640 1.82846
C 89.17130 59.78400 -0.69656
C 85.50840 62.33590 -0.36329
C 79.00360 65.18950 1.62549
C 84.59510 65.24220 0.84546
C 81.47830 67.22070 0.95396
C 84.48520 68.86130 0.70344
C 76.78170 49.33080 -0.16862
C 75.02440 52.18470 1.27546
C 81.17820 70.78140 2.05003
C 78.67540 68.56910 1.12510
C 75.67370 67.09920 1.20154
C 73.07390 62.14390 0.95995
C -1.24508 56.53270 0.12238
C 93.31650 57.72620 0.63643
C 92.34860 60.79770 0.81459
C 91.27340 63.69980 0.67087
C 90.28250 66.40670 0.69371
C 87.53570 65.66080 0.49293
C 88.90660 69.46750 0.93189
C 90.92130 72.16010 0.54005
C 90.81940 49.26760 0.76169
C 87.99840 50.82540 0.88425
C 85.24330 52.53830 1.00339
C 82.17170 54.19470 1.22588
C 79.24180 55.47780 1.14683
C 93.34080 51.07500 0.76020
C 90.61150 52.62430 0.91380
C 87.82970 54.21520 0.81882
C 85.05130 55.72950 0.96413
C 82.29130 57.37720 1.08591
C 79.31190 58.65200 1.10536
C 85.25640 58.83700 0.71562
C 82.42380 60.57380 1.05507
C 79.20870 61.73310 1.34965
C 82.10730 63.65250 1.17327
C 73.60820 48.85190 0.81158
C 75.77510 70.74660 2.16462
C 95.30340 60.07590 0.31185
C -0.18148 62.47880 0.10978
C 94.31450 63.13360 0.19653
C -0.99032 65.38890 -0.02861
C 93.35610 65.95320 0.27253
C 95.50740 68.46040 0.03899
C 92.29690 68.96010 0.56835
C 0.18001 71.02720 -0.34903
C 94.62530 71.60300 0.27128
C 96.15580 94.90180 -3.01223
C 92.75920 95.25910 -3.47541
C 89.67030 95.14600 -3.80724
C -0.56224 78.19300 -3.87465
C 93.72800 78.52980 -4.20079
C 89.21060 80.92490 -4.25745
C 86.95860 83.35630 -4.00568
C 86.00260 86.29340 -4.98476
C -0.69488 89.93910 -3.48170
C 93.65260 89.84850 -3.98353
C 86.56760 89.70160 -4.40000
C 91.54200 92.50390 -4.01058
C 73.19370 89.10650 -0.64838
C 83.07030 89.57540 -4.37210
C 77.94170 90.96090 -2.00777
C 84.06620 92.74970 -3.55173
C 85.99780 95.00670 -3.74513
C 83.01450 95.69830 -3.45825
C 89.39240 76.06710 -1.23782
C 86.76130 72.86020 0.19702
C 83.48020 72.41970 -1.38222
C 86.09580 75.91280 -1.64431
C 86.99890 79.18490 -2.96049
C 83.94810 81.47000 -2.55958
C 83.16260 84.45530 -4.08374
C 80.92270 86.26250 -3.25833
C 80.10850 88.99530 -1.73891
C 76.10900 87.33430 -1.52931
C 73.07870 85.53280 -1.56259
C 95.88970 74.34760 -3.15646
C 92.04630 74.33960 -2.56373
C 93.39090 76.50550 -4.23928
C 95.29550 81.24110 -4.11490
C 92.22190 81.41000 -4.32609
C -0.54114 84.31480 -4.01527
C 93.79400 84.18280 -4.12928
C 90.54020 83.89790 -4.43721
C 95.31380 87.04750 -3.91433
C 92.04670 86.88760 -4.26571
C 88.84560 86.80310 -4.65532
C 90.16570 89.64950 -4.32559
C 88.15220 92.37700 -4.11627
C 75.25640 91.62470 -1.23119
C 72.42660 92.61010 -0.85467
C 80.66320 93.02940 -2.81386
C 77.51310 94.02470 -1.95133
C 74.56360 94.87540 -1.30318
C 83.79740 75.03930 -0.76301
C 80.91230 74.14430 -0.94862
C 78.23710 72.46370 -1.08126
C 83.85300 77.98180 -1.88922
C 81.02440 76.90100 -1.27097
C 77.99980 75.57270 -0.99460
C 75.30110 74.11480 -0.95947
C 81.14410 79.77670 -1.84501
C 78.24220 78.65690 -1.39152
C 75.50770 77.38530 -1.01572
C 80.80550 83.00810 -2.47890
C 78.26920 81.85050 -1.76662
C 75.62920 80.56540 -1.29954
C 72.76220 79.07260 -1.05783
C 78.34200 85.11580 -2.15255
C 75.81860 83.81060 -1.51222
C 72.94730 82.30500 -1.28464
H 96.18650 93.33270 -1.78074
H 92.94940 93.20080 -1.89152
H 91.06040 95.94430 -1.90113
H 87.90680 95.62010 -2.25049
H -0.55240 76.70600 -2.57606
H 95.23900 79.46580 -2.41495
H 92.16040 79.57950 -2.49752
H 89.33730 79.64890 -1.94089
H 87.57920 81.50000 -2.55846
H 85.18150 85.09480 -3.35411
H 87.05510 87.63450 -3.09990
H 94.85080 90.71880 -1.78735
H 91.67930 90.46710 -2.63576
H 88.36690 90.31420 -2.76129
H 85.07910 89.84550 -2.76395
H 89.77740 93.13770 -2.38875
H 78.21360 89.24820 -0.13165
H 75.28740 89.99460 0.63224
H 72.22460 90.84390 0.83512
H 82.28100 91.12020 -3.07087
H 80.17330 91.37540 -1.05388
H 86.39330 92.83750 -2.70456
H 87.54500 75.12660 0.27146
H 84.81450 74.11030 1.29823
H 87.57040 77.76930 -0.84883
H 85.14170 79.74690 -1.41141
H 82.15500 81.77580 -0.88848
H 82.27720 84.83570 -1.71056
H 82.37750 87.97010 -2.44377
H 79.79920 86.73810 -1.02579
H 76.98750 85.45020 -0.11523
H 74.14830 87.15640 -0.76975
H 92.77700 72.56510 -0.97335
H 0.88999 74.40220 -2.29263
H 93.89410 75.45660 -2.00082
H 90.79740 74.59640 -0.15410
H 94.33910 95.94270 -1.58355
H -0.59060 82.36520 -2.50002
H 93.67600 82.28920 -2.63494
H 90.59270 82.17310 -2.73738
H 95.16740 85.13660 -2.36795
H 91.96050 85.00480 -2.71866
H 88.77330 84.85210 -3.23905
H -0.75609 87.97520 -1.97370
H 93.45500 87.86230 -2.51209
H 90.24520 87.66210 -2.73429
H 77.33480 92.36780 -0.11557
H 74.43310 93.14490 0.45929
H 82.73040 93.85740 -1.84519
H 79.68700 94.54850 -1.01663
H 76.61170 95.47020 -0.10982
H 81.96710 72.56900 0.58349
H 84.80780 77.02780 0.14743
H 81.95850 75.70280 0.68557
H 79.15320 74.08210 0.65050
H 76.44080 72.52750 0.59762
H 82.30350 78.64980 -0.07819
H 79.26340 77.29070 0.30929
H 76.39950 75.79830 0.59259
H 73.60500 74.34270 0.52835
H 79.45770 80.43340 -0.18219
H 76.60260 79.08590 0.37146
H 73.70720 77.51620 0.65687
H 79.45340 83.63790 -0.54463
H 76.76920 82.22740 0.12542
H 73.86690 80.73610 0.41379
H 74.06750 83.98820 0.19436
C 96.05230 95.11480 0.03624
C 92.72050 95.18430 -0.17261
C 89.45690 94.72550 -0.53995
C -0.55679 78.66540 -0.81895
C 93.74460 78.84380 -0.60265
C 89.18880 81.94860 -0.77198
C 86.89570 83.74480 -2.00069
C 84.72720 87.41980 -2.39585
C -0.88388 89.63080 -0.08422
C 93.28770 89.72200 -0.81877
C 86.84280 89.18790 -1.18782
C 91.46970 92.22390 -0.81953
C 74.11060 89.89230 2.28881
C 82.11020 89.82620 -0.92373
C 79.07910 91.17580 1.12935
C 84.26620 91.93480 -1.84670
C 86.40920 94.30590 -0.77817
C 83.50160 95.52470 -0.18108
C 89.70840 74.97650 1.68827
C 86.70710 75.15020 2.61282
C 83.87710 72.40420 2.16293
C 86.78740 77.23430 1.47330
C 87.36220 80.24410 -0.39860
C 84.36760 82.16240 -0.67357
C 84.36070 84.64750 -0.89523
C 82.05980 86.81040 -0.19962
C 79.55980 87.74560 1.30017
C 76.31930 87.71740 0.48634
C 73.66600 86.12790 1.44571
C 96.10660 74.67380 -1.09897
C 93.24510 74.54640 0.36797
C 92.65330 77.44760 -1.10999
C 95.25120 81.48010 -0.90598
C 92.09180 81.59540 -0.92861
C -0.66382 84.15790 -0.74925
C 93.48860 84.12660 -1.02056
C 90.14530 84.15200 -1.36229
C 94.79920 86.85270 -0.69129
C 91.78760 86.77840 -1.06219
C 88.45650 86.52380 -1.46106
C 90.00160 89.45270 -1.10314
C 88.07550 92.01940 -0.98934
C 76.03490 92.06880 1.94827
C 72.91140 92.74060 2.32368
C 81.34650 93.20430 0.12379
C 78.38010 94.26230 1.09897
C 75.07330 95.12000 1.75023
C 83.78230 76.28330 2.18014
C 81.06710 74.06060 2.23910
C 78.36860 72.34450 2.18893
C 84.41350 79.28000 0.96002
C 81.16420 77.71210 1.85754
C 78.38100 75.86380 2.08392
C 75.46320 74.17900 2.16627
C 81.55270 80.69970 1.08768
C 78.61560 79.20150 1.72999
C 75.70000 77.62010 2.11526
C 81.67900 83.77710 0.44689
C 78.88720 82.28250 1.40401
C 75.85740 80.75920 1.95370
C 72.84560 79.30470 2.19226
C 79.08370 85.59040 0.98471
C 76.02850 84.01490 1.66919
C 73.10870 82.54290 1.94154
