2979
Frame 187
C 12.55670 95.37170 -1.78673
C 13.73460 0.93971 -1.54719
C 11.64760 2.59781 -3.06544
C 10.57390 6.09068 -3.60019
C 8.07753 9.04133 -3.75077
C 4.38369 8.47084 -4.62013
C 2.42492 8.35291 -5.45479
C 23.80090 0.47671 0.04402
C 22.08890 4.08221 0.52694
C 24.97440 5.89918 -0.87700
C 24.41080 11.77700 -0.54483
C 19.51610 0.88711 -1.49438
C 15.87670 -0.94545 -0.16221
C 19.14580 4.12085 -1.60261
C 22.70060 8.64308 -0.93518
C 19.63860 7.38686 -1.44820
C 13.71950 4.62550 -1.53280
C 23.23550 13.35750 -0.08949
C 14.12010 8.22891 -2.25355
C 22.83190 16.30870 -0.96531
C 11.56540 10.42300 -2.59467
C 22.66530 19.48200 -0.72926
C 12.45920 13.42060 -1.96028
C 9.26205 12.55840 -2.56020
C 22.87840 22.66120 -0.51675
C 14.35170 17.69470 -1.01254
C 11.00530 15.96460 -0.73090
C 14.35610 21.28610 0.06192
C 20.44150 -0.97626 -1.23219
C 5.36337 10.54910 -2.41107
C 6.43461 14.03950 -1.79144
C 3.34953 14.03990 -2.58602
C 7.96447 16.49640 -1.19800
C 2.11821 17.09030 -2.85795
C 9.56298 19.10860 -0.77706
C 11.11480 21.69960 -0.64174
C 9.13973 94.97910 -2.75954
C 10.70310 0.55875 -2.71040
C 7.27175 0.03157 -3.48026
C 3.89695 -0.24376 -3.80482
C 8.62975 2.75557 -3.82993
C 5.25277 2.49601 -4.14685
C 1.97457 2.34489 -4.22654
C 6.89815 5.27896 -4.72290
C 3.47407 5.16890 -4.61054
C 16.46840 2.54708 -1.64892
C 16.63110 6.06743 -1.68247
C 20.37370 10.94970 -0.22466
C 17.19560 9.29061 -1.56392
C 20.33400 14.35980 -0.86533
C 17.68400 12.66910 -1.21728
C 14.76080 11.37360 -1.81618
C 20.17700 17.83830 -0.69123
C 17.43100 16.32640 -1.01146
C 14.75620 14.58160 -1.35591
C 20.12090 21.01520 -0.45713
C 17.23130 19.39370 -0.67047
C 4.97406 16.86250 -1.92224
C 6.37065 19.44930 -1.25638
C 3.37282 19.75480 -1.87490
C 7.98931 21.99270 -0.95605
C 4.85948 22.20880 -1.35713
C 1.74158 22.50960 -1.96680
H 13.31250 -0.71247 0.28243
H 11.54930 1.73793 -0.70395
H 10.00990 4.13743 -2.21094
H 8.11002 6.64083 -2.98739
H 1.73523 6.13166 -2.93571
H 3.55334 8.88934 -2.15493
H 22.57610 1.89331 1.80626
H 24.55070 4.11694 0.86689
H 22.90460 6.53775 0.57447
H 24.38900 9.55269 0.83642
H 24.82030 15.30840 0.40955
H 20.00640 2.65671 0.37465
H 17.29750 1.08563 -0.14215
H 20.04430 5.59043 0.30873
H 14.49240 2.72443 0.01066
H 14.80760 6.37209 -0.63748
H 21.10410 12.94210 1.15920
H 12.20780 8.32864 -1.16678
H 23.69410 17.83320 1.01491
H 21.06890 16.10840 0.78602
H 9.60795 10.48830 -0.83613
H 23.71580 20.85360 1.03059
H 10.15100 13.63270 -0.83817
H 12.62360 17.72720 0.17222
H 9.35739 17.29730 0.67231
H 21.94280 -0.96543 0.62262
H 1.41334 12.51730 -3.25681
H 6.94353 12.14290 -1.36857
H 3.71226 12.03680 -1.14469
H 7.51126 14.65350 0.48708
H 6.14975 17.48460 0.17272
H 10.90340 19.95840 1.35403
H 7.80098 20.12770 0.60772
H 10.38740 -1.18576 -0.99687
H 7.15781 95.75460 -1.60394
H 3.95849 95.41140 -1.99724
H 0.81470 95.04340 -2.17049
H 8.57413 1.27253 -1.85159
H 5.36834 0.92995 -2.27155
H 2.10418 0.69158 -2.39287
H 6.75938 3.79989 -2.70429
H 3.56636 3.50830 -2.72347
H 4.94132 6.28792 -3.38937
H 17.27750 4.29413 0.00779
H 20.62490 8.58573 0.52467
H 17.68870 7.52053 0.07153
H 17.94220 10.70040 0.33053
H 15.09460 9.50576 -0.25237
H 18.25070 14.48690 0.45002
H 15.54390 12.77970 0.04393
H 12.62740 11.43220 -0.54609
H 21.00470 19.35180 1.05601
H 18.26370 17.71510 0.88733
H 15.51330 16.03550 0.52044
H 12.83630 14.54830 0.18840
H 18.20700 20.85720 1.10784
H 15.45210 19.19830 0.74779
H 4.43758 14.91010 -0.57529
H 1.37630 15.14040 -1.57271
H 3.08158 17.69870 -0.69290
H 4.60339 20.32410 0.16884
H 1.45931 20.46870 -0.59058
C 11.58790 95.78120 1.18899
C 12.86920 1.46168 1.38832
C 11.07240 3.97502 0.09377
C 10.34950 6.65918 -1.70223
C 7.83205 8.89507 -1.67934
C 3.93129 7.63434 -0.26839
C 1.48405 8.02233 -3.27846
C 23.61690 0.24890 1.88487
C 23.73720 2.81456 3.88737
C 24.28190 5.86987 2.65622
C 24.47730 11.51980 2.54609
C 18.87050 0.89304 1.98863
C 15.16690 -1.18892 1.83353
C 18.70520 4.20023 2.02286
C 22.45760 8.48869 2.25821
C 19.16490 7.27029 2.04328
C 13.12950 4.69454 0.38902
C 22.65570 12.39370 3.05800
C 13.66530 7.89305 0.97990
C 22.97810 15.61130 2.25826
C 11.07000 9.85955 0.74419
C 22.71890 19.46870 2.79674
C 11.50350 12.76660 1.17667
C 8.52569 12.34130 0.65766
C 23.09910 22.58340 2.65482
C 14.26820 17.45400 2.16576
C 11.23640 15.90580 1.42286
C 14.18340 20.98230 1.91815
C 19.85170 -1.05106 1.80830
C 5.39657 11.72400 0.63325
C 5.37829 13.65540 1.28689
C 2.40737 13.77560 0.17698
C 7.42393 16.23130 1.96604
C 1.05066 16.72410 0.25340
C 8.82864 18.94680 2.50559
C 10.82490 21.65530 2.56348
C 8.52783 95.19650 0.33798
C 9.67359 0.76177 0.32922
C 6.79512 0.46707 -0.35037
C 3.74027 0.13608 -0.64282
C 8.16963 3.37323 -0.68689
C 5.19053 2.95717 -0.96286
C 2.02484 2.74249 -1.00523
C 6.69481 5.96976 -1.40856
C 3.60829 5.64397 -1.30801
C 16.03730 2.75561 1.56464
C 16.17920 5.99175 1.37294
C 20.03260 10.72990 1.69168
C 16.78890 9.27313 1.60419
C 19.98690 14.38250 2.35125
C 17.29980 12.63790 1.79558
C 14.20940 11.14720 1.35027
C 20.13930 17.62660 2.52547
C 17.24840 15.93720 2.26853
C 14.57140 14.18340 1.84354
C 20.09060 20.90980 2.72980
C 17.13760 19.16350 2.57017
C 4.13505 16.55090 1.16560
C 5.93614 19.23430 1.89605
C 2.68806 19.26300 1.15228
C 7.64842 21.99320 2.21615
C 4.44886 22.09660 1.82763
C 1.12727 22.14420 1.12369
C 22.55460 25.90500 -0.84483
C 20.00450 27.67530 -0.19537
C 14.95840 24.63300 -0.05897
C 18.67330 28.90130 -1.28140
C 22.70840 28.99770 -0.67438
C 24.25800 31.64560 -1.64204
C 23.52370 35.31830 -1.78109
C 25.65720 45.81100 -2.64280
C 22.17840 44.30700 -1.40714
C 20.87500 31.54570 1.04835
C 18.85810 32.75190 -1.43500
C 14.80070 27.81890 -1.41309
C 19.28670 34.68870 -1.33201
C 12.89970 34.04000 -1.32091
C 20.21480 38.09640 -1.53541
C 10.54340 36.21820 -1.16998
C 21.35330 41.28560 -1.54858
C 18.18220 40.82820 -1.50972
C 8.59026 38.72450 -1.61724
C 4.07835 38.71340 -2.52859
C 16.04780 43.15350 -1.59026
C 2.59719 42.26270 -2.13687
C 13.96190 45.42450 -1.75364
C 4.96884 44.04780 -2.51324
C 2.60116 46.48930 -2.68168
C 12.96390 24.17770 -0.60788
C 11.76640 27.57080 -0.56756
C 12.42110 30.98960 -1.20366
C 9.68873 30.13480 -0.89956
C 9.27920 33.10380 0.32018
C 5.55413 33.28110 -0.75850
C 7.44731 35.81470 0.70208
C 1.36766 36.00460 -1.20044
C 20.09680 24.16160 -0.32412
C 17.42570 22.70720 -0.26929
C 17.54750 25.96860 0.07109
C 15.93270 34.55770 -1.67045
C 17.00010 37.83160 -1.66559
C 13.83700 37.00230 -1.45947
C 14.87510 40.05000 -1.53721
C 11.78350 39.41290 -1.54731
C 12.87690 42.43800 -1.65110
C 9.71818 41.85090 -1.83619
C 6.51336 41.40730 -2.20706
C 10.83370 44.92510 -1.86266
C 7.83796 44.53500 -2.05552
C 5.80772 47.03960 -2.24932
C 9.77585 24.65340 -0.84647
C 6.50520 24.82900 -1.11104
C 3.32348 25.04640 -1.48582
C 8.10703 27.45990 -0.94796
C 4.92914 27.66200 -1.12673
C 1.75496 27.96970 -1.47144
C 6.64285 30.18420 -0.89937
C 3.59585 30.51060 -1.11459
C 2.32807 33.33020 -1.03943
H 0.71439 42.56290 -0.39068
H 23.79440 24.02750 0.52214
H 21.15720 25.79530 1.15535
H 15.61740 22.85230 1.39921
H 18.59050 27.39480 1.89092
H 15.85190 25.99690 2.04399
H 16.43780 28.32460 -0.17479
H 23.94140 27.29150 0.66745
H 24.26980 30.46940 0.59921
H 21.34550 29.04600 1.42963
H 23.78620 40.53260 -1.71830
H 24.62420 43.66880 -1.67848
H 22.36960 42.51480 0.40191
H 20.25530 44.84840 0.20621
H 19.48460 33.67050 1.00349
H 16.70040 32.95540 -0.40463
H 13.71400 32.45800 0.46796
H 20.59570 36.46500 -0.00863
H 11.34400 34.51290 0.50525
H 21.40050 39.50720 0.20000
H 8.76888 37.20380 0.44292
H 19.35490 41.93150 -0.06462
H 6.63827 39.70330 -0.13832
H 2.48031 39.98250 -1.12207
H 17.29660 44.30260 -0.13094
H 4.71951 42.25240 -0.83850
H 15.26100 46.77890 -0.20709
H 2.92669 44.56070 -1.12255
H 12.57420 22.54580 1.08387
H 9.46695 22.79940 0.82093
H 11.27650 25.44090 0.71360
H 13.37810 29.42050 0.09831
H 10.96800 31.36980 0.78865
H 8.15558 30.99000 0.88804
H 6.93102 33.89070 0.70793
H 3.74197 34.06000 0.92544
H 0.65050 34.24670 0.41736
H 2.49839 37.10260 0.32925
H 21.09480 22.52230 1.21251
H 18.42430 24.15600 1.43807
H 23.26380 45.19150 0.65509
H 17.46590 35.92470 -0.10652
H 14.42300 35.27620 0.17959
H 18.39110 38.86530 0.04521
H 15.27260 38.26470 0.08459
H 12.07630 37.61770 0.19936
H 16.26450 41.29820 0.07116
H 13.12080 40.69890 0.06263
H 9.95522 40.14000 -0.02726
H 14.17670 43.70470 0.02130
H 11.04440 43.15490 -0.18327
H 7.84834 42.63050 -0.47456
H 12.16320 46.27200 -0.29274
H 9.07902 45.66610 -0.31560
H 5.97885 45.20010 -0.63373
H 6.28228 22.98600 0.46485
H 3.08264 23.13050 0.05089
H 8.02299 25.62600 0.64261
H 4.78557 25.74120 0.36512
H 1.53859 25.96130 -0.06119
H 9.77672 28.29980 0.69652
H 6.47120 28.34900 0.66633
H 3.27085 28.60510 0.36542
H 5.11356 31.24580 0.69756
H 1.88114 31.43940 0.40561
C 23.16940 25.74600 2.48105
C 20.39470 27.29600 3.04005
C 14.59140 24.10380 3.25244
C 16.40330 28.53550 2.46601
C 23.30480 28.96950 2.41653
C 23.11620 32.36450 1.62607
C 22.91520 35.44640 0.09715
C 24.70040 43.17130 0.85414
C 21.71500 44.11230 2.27283
C 20.28170 30.76870 2.92310
C 17.33990 32.88120 2.08376
C 15.52690 30.77770 0.01715
C 20.28940 35.13100 2.32143
C 13.20760 34.33590 2.08983
C 20.01950 38.19520 1.81699
C 10.71180 36.47530 1.95231
C 20.91110 41.19730 1.92957
C 17.96090 40.64490 1.70764
C 8.46061 38.92650 1.69011
C 4.49934 38.43120 -0.44492
C 15.87390 43.06230 1.72872
C 2.85524 41.38720 0.63968
C 13.81590 45.64300 1.43692
C 4.44031 44.01820 0.84474
C 2.31194 46.31460 0.72618
C 12.70260 24.33110 2.56809
C 12.11540 27.66310 1.36786
C 12.91650 30.75890 2.15155
C 9.81098 29.97960 2.44828
C 10.14290 33.17080 2.21763
C 5.38619 32.92760 2.51345
C 4.35664 35.83860 1.65753
C 0.79697 36.08670 1.97130
C 20.37890 24.18320 2.86642
C 17.41720 22.41690 2.89462
C 17.51850 25.50180 3.34555
C 16.30600 34.49470 1.56606
C 17.03330 37.64730 1.70017
C 13.94700 37.09100 1.76929
C 14.85120 40.10140 1.69162
C 11.64070 39.56570 1.70590
C 12.63890 42.55370 1.60372
C 9.45350 42.08830 1.37926
C 6.19268 41.45590 1.05623
C 10.74880 45.07920 1.34627
C 7.52653 44.46110 1.12442
C 5.47393 46.96660 0.97297
C 9.55925 24.70540 2.34269
C 6.27211 24.79510 2.11369
C 2.92320 24.95520 1.70432
C 8.06810 27.44290 2.29853
C 4.66239 27.49510 2.05596
C 1.40560 27.69170 1.68152
C 6.46973 30.08710 2.39004
C 3.31226 30.34440 2.06712
C 1.83734 33.11630 2.20752
C 20.17900 46.95900 -1.35433
C 17.15230 46.35470 -1.74545
C 15.05150 48.64470 -1.93187
C 16.49650 52.22340 -1.56937
C 14.01150 55.46740 -1.42928
C 16.83010 56.52910 -3.77857
C 20.06690 58.04110 -1.92947
C 21.68560 60.84850 -1.44397
C 23.61680 63.35340 -1.27062
C 18.86280 60.91950 -2.06078
C 16.39070 59.50780 -2.07970
C 13.55000 58.00730 -2.11273
C 10.28320 56.47920 -0.95058
C 22.13940 66.08180 -1.56914
C 19.86370 64.08310 -1.08212
C 10.57280 60.13050 -1.50700
C 22.99320 69.29180 -1.42381
C 11.03580 63.42920 -2.43704
C 11.36770 66.83570 -2.83342
C 8.90045 68.69840 -3.20449
C 13.64680 48.31620 -3.46583
C 6.83108 50.03080 -2.04467
C 3.58756 49.44550 -2.29816
C 10.99610 53.66450 -1.90425
C 7.81971 52.94310 -2.01148
C 4.73837 52.37260 -2.20287
C 1.36514 51.95910 -2.22926
C 7.03616 55.77130 -0.71622
C 8.51501 57.75390 1.19648
C 6.97942 60.41100 -2.01680
C 8.99278 62.89510 -2.34486
C 7.99056 65.83600 -2.69048
C 6.83136 68.73630 -3.31613
C 23.17770 47.02950 -0.96573
C 21.42690 49.70700 -0.99572
C 17.79260 49.53080 -0.54105
C 23.04600 52.39250 -1.03418
C 19.73250 52.42120 -1.28522
C 21.39580 55.12180 -1.37778
C 23.18950 57.95670 -1.23786
C 16.54330 63.41390 -2.33681
C 13.78060 61.41570 -1.57914
C 19.90890 67.85710 -1.87315
C 17.03950 66.39900 -2.22570
C 13.90980 65.12650 -2.53227
C 17.39270 69.65160 -2.35858
C 14.40060 68.21970 -2.74358
C 11.81360 69.95010 -3.21801
C 11.92690 48.06580 -1.97573
C 8.95043 47.51560 -1.91683
C 9.97172 50.62270 -1.90354
C 3.08528 55.31910 -1.30383
C 5.02672 58.13790 -1.73127
C 1.78536 58.49560 -2.01597
C 3.73457 61.04650 -2.16489
C 5.87593 63.50720 -2.43990
C 2.73556 64.02290 -2.59994
C 4.67526 66.42620 -2.91789
C 1.54907 67.06160 -3.08302
C 3.54715 69.46350 -3.43471
H 1.74413 49.97230 -0.54784
H 18.32670 47.26080 0.25808
H 16.05330 50.89170 0.44113
H 15.31740 53.82350 -0.10777
H 15.91390 57.02960 -1.86285
H 21.33710 58.92430 0.09311
H 18.29290 58.96930 -0.58459
H 23.06240 61.60170 0.42196
H 14.27870 56.59450 0.78426
H 12.05470 54.92600 -0.08748
H 21.91930 64.34270 0.11594
H 19.88760 61.85620 -0.06040
H 16.83840 61.53930 -0.83848
H 14.59260 59.40830 -0.38548
H 11.76650 58.18370 -0.52215
H 23.19960 67.35730 0.15182
H 11.72040 62.10730 -0.66347
H 11.99430 65.30760 -0.96059
H 9.49991 67.23440 -1.37443
H 9.88698 70.42420 -1.75320
H 13.30920 49.30670 -0.26296
H 3.90360 47.53280 -0.80263
H 11.28740 51.84470 -0.05553
H 8.16911 51.17780 -0.29367
H 4.96485 50.52500 -0.53747
H 9.07636 54.36390 -0.45350
H 6.02275 53.52340 -0.36194
H 2.93991 52.93130 -0.52089
H 7.25483 55.45960 1.87337
H 6.61294 59.00110 0.13008
H 8.65544 61.38910 -0.55543
H 7.55671 64.29860 -0.80698
H 6.42280 67.23130 -1.47087
H 5.41176 70.24050 -1.95773
H 24.67790 47.85030 0.72949
H 21.43840 47.78570 0.61779
H 23.00970 50.64160 0.70767
H 19.88110 50.52440 0.32196
H 21.35620 53.34260 0.41068
H 18.22240 53.11180 -0.01331
H 22.92570 56.11170 0.38510
H 19.69810 56.04510 -0.22595
H 20.20540 66.25620 -0.13541
H 17.59380 64.69430 -0.52661
H 14.62700 63.55940 -0.77510
H 20.81450 69.37660 -0.18103
H 17.83260 68.02130 -0.60482
H 14.98000 66.64280 -0.93041
H 15.28950 69.84060 -1.13179
H 12.42440 68.50190 -1.31723
H 10.19050 48.77300 -0.26709
H 7.05980 48.17760 -0.47117
H 4.81701 56.45550 0.08042
H 1.43212 57.00510 -0.53336
H 3.42312 59.42810 -0.32803
H 5.50302 61.87230 -0.63871
H 2.36328 62.49190 -0.75058
H 4.40379 64.88460 -1.06432
H 1.32179 65.46740 -1.25236
H 3.29073 67.90230 -1.56362
H 2.24699 70.89650 -1.91060
C 19.87720 46.64920 2.11910
C 16.69120 46.09940 1.69879
C 14.88520 48.81770 1.24126
C 16.49060 52.52880 1.75853
C 13.73470 54.34050 1.68174
C 17.24380 55.33120 -0.53234
C 19.46110 58.09810 1.45110
C 21.14260 60.79780 1.74149
C 23.47980 63.60440 1.79687
C 18.07650 60.76500 1.15647
C 16.32900 57.90780 0.48770
C 13.20580 58.69410 1.50495
C 11.88260 56.76200 1.54870
C 21.74750 66.16650 1.69446
C 19.58740 64.13960 0.72876
C 10.59680 60.20150 0.35087
C 22.51550 69.23170 1.61109
C 10.99750 63.77210 0.81906
C 11.25590 67.12070 0.40174
C 8.87702 69.12830 0.03113
C 13.83940 51.79400 -0.11298
C 6.62539 49.95580 1.17958
C 3.27155 49.27570 0.89576
C 10.52920 53.83550 1.46975
C 7.87882 53.02770 1.28870
C 4.62610 52.21830 1.25649
C 1.41648 51.88050 1.19020
C 5.29399 55.38210 2.41065
C 8.06047 57.54890 3.16634
C 6.91489 60.80220 1.16434
C 8.96927 63.28320 0.93180
C 7.87320 66.18230 0.24897
C 6.77238 69.18900 -0.12552
C 23.01480 46.99960 2.31747
C 21.27320 49.68640 2.14837
C 17.88640 49.47010 1.26641
C 22.85700 52.58920 2.18091
C 19.63570 52.38890 1.89461
C 21.09510 55.29610 1.85937
C 22.73940 58.00510 1.92025
C 16.35820 63.19660 0.93140
C 13.84300 61.54240 0.39209
C 19.38160 67.99270 1.25426
C 16.64260 66.45460 0.85662
C 13.78430 65.29660 0.75274
C 16.86640 69.74880 0.78504
C 14.08740 68.44750 0.47072
C 11.70950 70.44870 -0.07840
C 11.87060 48.06670 1.39580
C 8.67891 47.53180 1.22739
C 9.98405 50.67530 1.38247
C 2.73772 55.16100 0.57723
C 4.62712 58.38540 1.60487
C 1.50746 58.61030 1.08406
C 3.71865 61.45850 1.00048
C 5.67774 63.89570 0.75174
C 2.63871 64.51130 0.55531
C 4.70062 66.94120 0.19539
C 1.58069 67.45950 0.10449
C 3.72724 69.89410 -0.19188
C 9.51529 89.28800 -1.97329
C 11.02960 92.42060 -2.02339
C 7.72103 92.16150 -2.77707
C 4.45242 91.62980 -3.17061
C 1.12632 91.44000 -3.44008
C 4.91348 74.65560 -4.18989
C 9.93343 77.64020 -3.57181
C 6.73429 77.51160 -4.03384
C 3.61997 77.75630 -4.64130
C 13.58080 83.63630 -4.76173
C 10.20020 87.41930 -1.78947
C 6.46126 89.18740 -2.92437
C 3.03956 88.89190 -3.40803
C 22.93060 79.93850 -0.69976
C 19.85750 80.95130 -1.32997
C 16.83570 82.89330 -2.43869
C 12.99440 85.46640 -5.27436
C 13.30990 86.88880 -2.01177
C 12.62080 89.85120 -1.66698
C 14.82520 92.29520 -1.31489
C 17.45850 94.23740 -1.25944
C 23.12820 94.80560 -0.91732
C 23.42400 72.80160 -1.13574
C 23.67210 76.19170 -0.22687
C 21.16860 77.50230 -1.58511
C 9.12534 71.58160 -3.79191
C 15.57120 77.86050 -3.45197
C 12.93180 76.15120 -4.16612
C 8.43050 74.68080 -3.60456
C 15.79390 81.17040 -3.03203
C 5.70021 71.80920 -3.86969
C 2.47408 72.60680 -3.68489
C 5.84054 94.59980 -3.30070
C 2.58482 94.16810 -3.57689
C 8.12162 80.40100 -4.07472
C 5.00778 80.58190 -4.36105
C 1.81109 80.48960 -4.73117
C 10.10560 83.80750 -3.45737
C 6.31224 83.40510 -4.09665
C 3.16479 83.37840 -4.18157
C 7.87219 86.20300 -3.54526
C 4.70810 86.29760 -3.71317
C 1.49198 86.19000 -3.82566
C 22.29750 82.99780 -0.87814
C 19.42200 84.57390 -1.65359
C 16.42610 85.90500 -1.88860
C 21.81320 86.51950 -0.96449
C 18.82660 87.78940 -1.42772
C 15.74260 88.92310 -1.74286
C 24.08720 88.38530 -0.51008
C 21.26630 89.72550 -0.95372
C 18.16130 91.03380 -1.30849
C 23.88100 91.57650 -0.60501
C 20.62240 92.91540 -1.12742
C 20.36370 71.04420 -1.90924
C 20.62160 74.22660 -1.90134
C 17.87000 72.79390 -2.50184
C 14.89150 71.36510 -3.00846
C 18.22730 76.07670 -2.57663
C 15.56560 74.46240 -3.37435
C 12.22820 72.87100 -3.96466
C 18.51900 79.50560 -2.33112
H 10.63130 90.71090 -0.34677
H 7.58938 90.42730 -1.10382
H 12.12730 93.56640 -0.06849
H 5.76249 92.87500 -1.54155
H 2.61476 92.48710 -1.75776
H 6.45189 75.85360 -2.62974
H 3.28400 76.02890 -2.97905
H 8.17333 78.67600 -2.21083
H 9.73061 81.50290 -2.34877
H 12.38360 82.86830 -2.57357
H 8.62149 88.05200 0.01250
H 4.48166 89.75660 -1.51784
H 1.25770 89.54160 -1.82986
H 22.25110 77.99180 0.57097
H 21.43690 81.31890 0.70993
H 18.53680 82.79310 -0.58947
H 15.56140 83.96400 -0.52295
H 14.11680 85.54580 -2.93905
H 11.95520 87.87680 -0.15296
H 14.27180 90.23500 -0.17518
H 16.73960 92.34200 0.31278
H 14.86990 94.32430 -1.36512
H 19.42860 94.35470 0.10216
H 23.90000 70.68920 0.15359
H 23.89580 74.06890 1.07160
H 21.32100 75.60980 -0.00756
H 18.82600 77.45210 -1.01420
H 13.21700 74.71540 -2.60084
H 10.27200 73.42400 -2.63497
H 7.44689 72.73510 -2.46725
H 16.14220 79.30400 -1.38234
H 13.21840 78.07940 -2.22108
H 4.39316 73.20170 -2.27233
H 8.97854 93.25500 -0.99445
H 4.93339 78.72010 -2.78804
H 1.66296 78.48300 -3.37327
H 6.49244 81.49150 -2.54810
H 3.21868 81.32130 -2.86480
H 7.91281 84.32180 -2.39065
H 4.69423 84.22720 -2.41042
H 1.53285 84.10230 -2.49895
H 6.15844 86.98810 -1.79504
H 2.99943 86.87870 -2.02635
H 24.41100 80.09080 1.25887
H 23.75270 83.40890 1.07959
H 20.95510 84.63760 0.33711
H 18.00840 85.92950 -0.08539
H 15.04050 87.10230 -0.22926
H 23.25490 86.64620 1.02468
H 20.37250 87.90590 0.48345
H 17.39590 89.12990 0.07073
H 22.80110 89.90820 0.96384
H 19.83720 91.12000 0.51191
H 22.36170 93.15170 0.72528
H 21.17850 72.54650 -0.15613
H 18.22060 71.19470 -0.66623
H 18.48520 74.35120 -0.76230
H 15.66660 73.00350 -1.41162
H 12.77270 71.71380 -1.86497
H 15.89430 76.16850 -1.68441
C 8.72604 90.30400 1.04982
C 10.41480 92.81990 1.00188
C 7.20524 92.34600 0.34895
C 4.21609 91.70950 -0.01227
C 1.20038 91.31510 -0.05885
C 4.61965 75.31900 -1.04705
C 9.84196 77.99500 -0.46252
C 6.43156 77.82600 -1.01513
C 3.11679 77.95410 -1.44215
C 12.06690 80.28770 -2.25730
C 10.04020 87.43080 1.55066
C 6.24176 88.73080 -0.01401
C 2.86950 88.50880 -0.18018
C 22.23750 79.65370 2.34473
C 19.34600 80.63820 0.60725
C 16.47920 82.18090 0.84268
C 13.62830 83.60760 -1.19207
C 13.00770 86.31730 1.09788
C 12.22730 89.90480 1.34297
C 14.31950 92.66100 0.57722
C 17.47410 93.82890 1.81782
C 22.76980 94.84790 2.39106
C 22.77910 72.34590 1.81446
C 22.56880 76.02120 2.03914
C 19.98810 77.28450 1.17148
C 9.18767 72.20340 -0.73046
C 14.22210 77.64480 -0.51777
C 10.96890 76.87080 -1.84105
C 8.48631 74.88690 -1.75505
C 15.07550 80.78120 0.37419
C 5.95642 72.28920 -0.59590
C 2.65737 72.92100 -0.44322
C 5.42590 94.87020 -0.13091
C 2.42255 94.45920 -0.34638
C 8.28157 80.85710 -0.79918
C 4.77203 80.53650 -1.10069
C 1.52963 80.12300 -1.58470
C 10.26840 83.97150 -1.58769
C 6.29240 83.23180 -0.82302
C 3.11038 82.96810 -1.00498
C 7.75988 85.78500 -0.34185
C 4.50992 85.75450 -0.44305
C 1.33633 85.71020 -0.64186
C 21.55350 82.96300 2.16705
C 18.78900 84.17770 1.44639
C 16.06820 85.55230 1.35442
C 21.16130 86.27000 2.18935
C 18.27640 87.57140 1.73481
C 15.35740 88.78420 1.51004
C 23.65780 88.34730 2.67653
C 20.74170 89.58680 2.25881
C 17.83190 90.77200 1.89371
C 23.29910 91.78240 2.51639
C 20.24180 93.00040 2.08137
C 19.75070 71.06650 1.24682
C 19.85580 74.09930 1.23236
C 17.04860 72.94520 0.60652
C 14.27100 71.65750 0.06503
C 17.15290 76.15880 0.34114
C 14.38470 74.80140 -0.37387
C 11.80580 73.68770 -0.77159
C 17.20780 78.30230 0.69209
C 38.27820 0.13200 1.62702
C 36.30820 -0.05626 0.81109
C 39.51220 2.92361 1.90229
C 48.05750 9.19221 1.53239
C 44.94280 8.73550 1.65938
C 41.96480 8.26048 1.61890
C 42.65900 11.29060 1.19409
C 33.53790 -0.74320 2.15272
C 27.71240 0.32337 0.03688
C 35.57490 2.72296 2.14376
C 37.43980 5.43142 1.38249
C 38.91520 8.18337 1.24064
C 26.04690 8.73276 -0.43230
C 40.57250 10.83410 0.93261
C 39.28730 13.67800 0.07583
C 26.37500 14.36330 -0.69399
C 28.07520 17.10650 -0.53599
C 36.40270 19.87340 -0.23060
C 33.07070 19.91890 -0.21660
C 29.78830 19.85040 -0.27596
C 25.91770 20.42010 -0.05594
C 49.15490 10.84650 1.09385
C 45.86680 11.87020 1.57399
C 42.82020 13.35230 -1.79177
C 42.38650 16.87590 -1.00150
C 39.60810 19.43710 -1.06395
C 39.96820 21.69130 -1.01869
C 47.43050 0.92828 3.04233
C 44.39400 0.52698 2.87794
C 41.42210 0.30538 2.32021
C 48.79200 3.75212 2.58183
C 45.61640 3.36468 2.59586
C 42.49190 3.09618 2.37842
C 46.90500 6.24846 2.07986
C 43.79620 5.82592 2.07672
C 40.61170 5.50671 1.87211
C 30.70110 -0.07833 1.13822
C 32.43420 2.67281 1.27590
C 29.47030 2.87624 0.42709
C 26.35160 2.88646 -0.39010
C 34.09900 5.40723 1.01759
C 30.93940 5.61836 0.53205
C 27.89440 5.78231 -0.08782
C 35.78740 8.23639 0.75463
C 32.55910 8.33713 0.38210
C 29.37970 8.55925 -0.01882
C 37.47610 10.96240 0.53078
C 34.27190 11.03280 0.24740
C 31.04750 11.26720 -0.08315
C 27.77220 11.46210 -0.32917
C 35.84450 13.81470 -0.07079
C 32.74820 13.95960 -0.17949
C 29.57850 14.11420 -0.31644
C 37.72520 16.49420 -0.38821
C 34.42480 16.88520 -0.31602
C 31.32380 17.02120 -0.23124
C 48.81540 13.82750 0.32266
C 45.79380 15.11130 0.02418
C 48.55570 16.96340 -0.45657
C 45.56570 18.37700 -0.87663
C 42.74750 20.36100 -1.34327
C 48.52290 20.12120 -1.19689
C 45.57780 21.60180 -1.54627
H 36.45830 0.69028 3.14707
H 40.69810 3.99702 3.74953
H 37.58430 3.71547 3.20279
H 48.45940 7.59836 3.46939
H 42.02290 6.75067 3.45382
H 46.42320 10.03230 3.07408
H 43.23830 9.78417 3.11431
H 30.22050 95.69510 3.06309
H 27.52090 95.69550 1.46891
H 32.03300 1.08874 2.96689
H 25.76370 1.16368 1.25107
H 33.66910 4.01223 3.04087
H 38.82450 6.59734 3.09455
H 35.60270 6.56089 2.62162
H 40.23640 9.40334 2.90740
H 38.94050 12.19870 2.15288
H 26.17990 12.44650 0.96625
H 40.50280 15.11560 1.32809
H 37.47080 14.81060 1.44087
H 36.24700 17.76110 1.19881
H 26.57160 18.02120 0.77511
H 34.44960 20.77870 1.18031
H 31.35370 20.48620 1.67345
H 28.29490 20.80080 0.88930
H 48.01980 12.59890 2.30122
H 45.05910 14.17220 2.22457
H 43.28420 14.66020 -0.28037
H 41.70720 18.93800 -0.06088
H 39.36050 20.66570 1.23283
H 24.52140 95.63830 0.87935
H 47.42620 -0.69060 4.81867
H 44.34800 -1.13560 4.63320
H 41.33230 95.78980 3.93322
H 38.39040 95.46930 2.97782
H 48.84060 2.26528 4.50119
H 45.68170 1.82814 4.46028
H 42.58450 1.44247 4.11892
H 39.48860 1.10082 3.57006
H 47.05190 4.74291 4.00475
H 43.86740 4.32207 3.95318
H 45.17830 7.22386 3.53301
H 28.87860 1.18549 2.06413
H 30.59530 3.98024 2.35150
H 27.54080 3.95624 1.48200
H 32.36300 6.70336 2.19664
H 29.17630 6.82472 1.74190
H 26.04330 6.80089 1.19154
H 37.18160 9.38428 2.41675
H 34.04990 9.37819 2.07049
H 30.86680 9.54634 1.70297
H 27.62950 9.61374 1.37796
H 35.78210 12.20610 1.79669
H 32.58250 12.26110 1.59718
H 29.38580 12.35550 1.37693
H 34.30430 15.09470 1.39000
H 31.16500 15.11550 1.32140
H 27.93260 15.19790 1.14330
H 32.95490 17.95080 1.37597
H 29.63370 17.89170 1.31326
H 47.69290 15.71380 1.45436
H 44.74270 17.14630 1.17957
H 47.46420 18.88260 0.67860
H 44.62040 20.29180 0.31723
H 41.97610 22.10490 0.24753
H 47.41750 21.89420 0.03409
C 37.88280 -0.28387 4.78926
C 34.68250 -0.67522 3.94327
C 38.96120 2.95876 5.09500
C 48.10810 9.76325 4.76069
C 44.88560 9.30549 4.82509
C 41.70090 8.77664 4.73573
C 42.54460 11.81900 4.34420
C 33.26990 0.48869 5.06347
C 26.94880 0.09430 3.10774
C 35.46340 2.70778 4.07862
C 36.99100 5.70901 4.54533
C 38.46300 8.67167 4.40321
C 25.84610 8.65300 2.80756
C 40.40670 11.54230 4.09576
C 39.04870 14.45610 3.32514
C 26.04660 14.36660 2.50501
C 27.87050 17.02180 2.83329
C 36.94510 20.22570 1.63985
C 33.20900 19.65490 3.20855
C 29.31580 19.71380 3.00061
C 25.96610 20.30560 1.87001
C 49.00410 11.59640 4.33268
C 45.86550 12.28030 3.47676
C 42.67170 14.10600 2.23429
C 42.35490 16.75080 0.95649
C 40.97740 19.22410 2.31848
C 40.33550 22.53680 2.07018
C 47.33110 1.32897 6.13979
C 44.06560 0.89198 5.96225
C 40.86930 0.37037 5.43506
C 48.66870 4.31749 5.80519
C 45.51530 3.88994 5.68724
C 42.25360 3.40983 5.50218
C 46.90340 6.85045 5.25808
C 43.66020 6.36975 5.23794
C 40.27990 6.02312 5.00504
C 29.97260 0.55151 4.21155
C 31.76840 3.15887 4.39796
C 28.62810 3.10924 3.52604
C 25.60860 2.95373 2.83539
C 33.69580 5.88050 4.18463
C 30.50880 6.08145 3.66908
C 27.33240 5.83870 3.04545
C 35.41000 8.61730 4.00348
C 32.24410 8.70822 3.58964
C 29.04290 8.80026 3.23155
C 37.19460 11.49760 3.70826
C 34.10790 11.42380 3.40918
C 30.81630 11.53320 3.17861
C 27.53300 11.57370 2.82514
C 35.81500 14.25630 3.15452
C 32.71200 14.22590 3.03992
C 29.44350 14.31920 2.88458
C 38.67230 16.93510 1.27982
C 34.85920 17.13170 2.85099
C 31.28650 17.02340 2.90215
C 48.66520 14.63780 3.45960
C 45.74100 15.72560 3.12594
C 48.37890 17.72430 2.66257
C 45.50130 18.95570 2.27916
C 42.59180 20.36600 1.77253
C 48.33660 20.75210 1.98858
C 45.53640 22.09480 1.60894
C 48.74690 29.51010 -0.21149
C 47.26300 32.25990 -0.49020
C 48.94330 35.22930 -0.75125
C 47.69380 37.92250 -1.08291
C 37.25620 23.23710 -1.43560
C 39.70750 25.67460 -1.07004
C 42.49570 27.01810 -1.78664
C 48.31080 26.72810 -2.03186
C 45.48650 28.71560 -2.08716
C 36.48650 25.22400 -1.56376
C 33.59730 23.54170 -0.96203
C 29.52380 23.05000 0.59053
C 40.20700 29.46400 -1.82756
C 37.13670 28.27500 -1.66259
C 27.91030 25.18840 -1.40987
C 43.78770 32.97270 -1.05022
C 40.59350 32.55490 -1.82407
C 25.33030 27.49540 -1.38155
C 41.54680 36.41180 -1.00882
C 38.85990 38.04240 -1.43044
C 36.79060 40.48230 -0.96566
C 34.29030 42.25350 -1.32039
C 30.90530 41.08300 -1.25789
C 27.97000 40.20550 -2.83838
C 24.30890 38.89240 -3.00746
C 24.53250 42.43660 -3.52086
C 31.35290 44.33910 -0.89664
C 28.12480 44.03500 -1.05294
C 32.47250 47.16230 -0.73793
C 45.51410 35.52020 -0.40113
C 44.18660 38.60490 -1.37103
C 41.29420 40.17030 -1.46434
C 46.53420 40.72020 -1.90974
C 40.66550 43.35020 -1.20389
C 37.56640 44.72740 -1.64111
C 34.86250 45.56860 -0.40284
C 46.24490 44.23540 -1.97637
C 42.72320 23.51290 -1.61763
C 48.33620 23.19710 -1.82759
C 45.55590 24.77350 -2.22529
C 34.10340 27.26950 -1.57798
C 31.00590 26.07400 -1.43408
C 37.59530 31.58180 -1.70077
C 34.64280 30.43090 -1.59808
C 31.55400 29.32450 -1.60034
C 28.49900 28.18750 -1.40435
C 38.16970 34.70210 -1.62178
C 35.11440 33.64130 -1.60489
C 32.19450 32.52870 -1.61628
C 29.06270 31.40980 -1.59054
C 25.86890 30.43990 -1.27246
C 35.84710 36.81820 -1.53925
C 32.80200 35.67270 -1.57701
C 29.78000 34.66990 -1.73890
C 26.80510 33.48170 -1.69095
C 33.50550 38.96700 -1.42447
C 30.50560 37.80550 -1.74755
C 26.77740 36.83150 -1.66099
C 29.46130 46.93840 -0.68865
C 43.50530 42.01110 -1.68971
C 43.37420 45.33720 -1.37343
C 40.46140 46.38760 -0.97774
H 47.36460 30.74350 1.57024
H 48.87010 33.50390 1.01844
H 47.49520 36.38360 0.87685
H 39.08840 23.68700 0.16296
H 41.92500 25.22280 -0.14992
H 40.66260 27.79860 -0.31378
H 47.16830 28.13930 -0.32814
H 44.23630 29.37270 0.10419
H 37.74950 26.64740 0.04196
H 34.68650 25.54670 0.13007
H 31.65430 24.41160 0.41767
H 41.39670 30.90730 0.02683
H 38.35160 29.82210 -0.17098
H 29.28560 26.56350 0.29859
H 26.34040 25.47040 0.00488
H 41.88110 34.07810 -0.23949
H 39.33600 36.07000 -0.01444
H 40.74440 38.43080 0.12475
H 24.62480 33.58680 -0.12761
H 37.47820 41.13370 1.48129
H 31.57380 39.14180 0.14440
H 28.61170 38.07680 -0.72266
H 24.36080 37.47690 -0.77333
H 35.34880 43.35860 0.63381
H 32.32690 42.39510 0.22687
H 28.03690 42.31400 0.03514
H 32.77510 45.32280 0.85601
H 29.62190 44.99260 0.78738
H 45.68850 33.31950 0.76880
H 43.65870 37.08400 0.12595
H 46.08450 39.26970 0.15622
H 43.17000 40.30760 0.08868
H 40.34450 41.50500 0.60614
H 38.12600 42.77390 -0.95215
H 45.51800 42.31990 -0.91622
H 44.73140 23.49300 -0.25518
H 47.37890 25.02230 -0.56975
H 44.62760 26.50960 -1.27583
H 35.34130 28.71230 0.02259
H 32.26270 27.64800 0.04399
H 38.86290 32.92570 -0.04489
H 35.82860 31.90780 -0.02284
H 32.79370 30.77950 -0.02378
H 29.78530 29.72020 0.04897
H 26.77320 28.64430 0.23066
H 36.34970 35.00790 0.02891
H 33.33190 33.95530 0.06658
H 30.29320 32.89690 -0.04968
H 27.30140 31.79770 0.07600
H 36.94220 38.25710 0.11825
H 33.96590 37.07280 0.09126
H 30.91880 36.02170 -0.00994
H 27.78280 34.92310 -0.34698
H 34.63410 40.34030 0.22533
H 26.40730 44.93780 0.70232
H 42.71010 43.49890 0.11654
H 39.91720 44.67340 0.82174
H 37.04070 45.94890 0.56407
H 45.35040 45.56570 0.09083
H 42.41840 46.67200 0.50050
C 48.84400 30.09790 2.93793
C 46.96730 33.00490 2.63914
C 48.83200 35.59480 2.37281
C 47.49720 38.56130 2.01955
C 37.29430 23.49120 1.76313
C 39.87340 25.87650 0.95935
C 42.92680 27.30740 0.51943
C 47.22630 26.75460 1.28395
C 45.72620 29.63950 1.13247
C 36.53130 25.42980 1.80284
C 33.91850 23.28410 1.00022
C 31.03370 22.57440 2.32849
C 40.31100 29.56610 1.42493
C 37.27310 28.42880 1.56396
C 28.30380 24.79990 1.72842
C 43.66550 31.83360 0.67849
C 40.86620 33.03870 1.49834
C 25.98400 27.15270 2.04954
C 41.55920 36.25460 0.96900
C 38.86720 37.86100 1.60459
C 36.21920 39.73910 2.07262
C 33.96440 41.87860 2.04351
C 30.18170 41.12740 0.62121
C 28.08330 39.96950 -0.95122
C 23.10920 38.71410 0.09860
C 25.61330 41.62840 -0.35148
C 31.37180 43.78860 2.09900
C 28.03300 43.69490 2.23031
C 32.58670 47.03170 2.60450
C 45.21350 35.68510 1.48726
C 44.23370 38.84090 1.73720
C 41.71560 39.72020 1.94936
C 46.29250 41.39440 1.25165
C 41.43440 43.23010 2.22725
C 37.69680 43.71300 1.41235
C 34.98920 45.47160 1.85336
C 47.06650 44.15140 -0.11267
C 43.05960 23.86890 1.49517
C 48.24270 23.81880 1.33584
C 45.50850 25.58170 0.82810
C 34.08680 27.38490 1.71119
C 31.25990 26.14280 1.84244
C 37.68510 31.49510 1.53697
C 34.64000 30.45770 1.57749
C 31.60850 29.40560 1.65575
C 28.66940 28.34390 1.79671
C 38.20790 34.64910 1.60528
C 35.17480 33.57520 1.64703
C 32.12340 32.51760 1.59296
C 29.12740 31.49900 1.64535
C 26.24220 30.45110 1.86998
C 35.77890 36.71220 1.71019
C 32.67050 35.70950 1.68448
C 29.44450 34.68080 1.45925
C 26.37060 33.73300 1.40097
C 33.21150 38.88240 1.68673
C 29.85290 37.82150 1.35778
C 26.54800 36.97930 0.28324
C 29.36170 46.76350 2.51771
C 44.31810 41.99160 1.24818
C 43.66980 45.00870 1.81093
C 40.78460 46.48640 2.34324
H 37.01310 59.74370 0.62238
H 34.43360 58.19360 0.49193
H 40.14470 63.10400 0.25272
H 37.11640 62.55080 0.41134
H 44.20590 67.73420 0.38890
H 40.82370 66.31880 0.22152
H 28.92530 62.02870 0.94250
H 44.35550 70.87810 0.51619
H 25.11610 64.72610 0.19974
H 26.14830 68.25250 0.22456
H 27.50860 71.09100 1.02122
H 34.24510 61.28770 0.56360
H 37.82390 65.44710 0.27568
H 34.69790 64.51600 0.48964
H 31.72580 63.31990 0.67412
H 41.49560 69.52570 -0.02621
H 38.43410 68.52930 0.12263
H 35.29340 67.54190 0.37298
H 32.12710 66.53420 0.56373
H 29.19250 65.19030 0.60728
H 35.92840 70.62110 0.37310
H 32.93050 69.63050 0.62612
H 29.85670 68.79870 0.90248
C 47.54050 65.73890 -2.41802
C 48.86310 68.89630 -0.35804
C 34.65400 49.84800 0.10215
C 35.52560 53.19420 -1.65176
C 33.51940 55.86930 1.04365
C 31.03910 55.22430 -0.43443
C 29.96370 58.33300 -0.01786
C 27.66420 60.72500 -0.80844
C 24.80670 60.68460 -1.02543
C 36.59630 57.88800 -0.87697
C 38.95900 60.98990 -0.09687
C 35.95590 61.00890 -1.14930
C 33.09110 59.76440 -1.01568
C 42.98330 65.91970 -1.00776
C 39.54650 64.89610 -1.44547
C 30.56450 61.79570 -0.92165
C 43.53220 69.51300 -1.39700
C 27.29310 64.17490 -0.74068
C 25.20130 66.87520 -1.30788
C 26.11730 70.37620 -1.06350
C 37.67880 47.89830 -0.79100
C 37.46960 50.97560 -0.55044
C 37.08710 54.52410 -1.29593
C 39.68000 56.19390 -1.04340
C 41.95190 58.19880 -0.99008
C 47.82190 58.65290 -0.80572
C 42.06500 61.76670 -0.92573
C 47.01990 61.94990 -0.74575
C 45.22760 63.19990 -0.58249
C 26.24440 46.86260 -0.91698
C 30.96270 49.69370 -0.61648
C 27.78510 49.57950 -0.72148
C 24.65630 49.72950 -0.84319
C 32.48330 52.34220 -0.87409
C 29.26560 52.37950 -0.72187
C 26.27020 52.44200 -0.82525
C 28.01650 55.33480 -0.66412
C 24.73480 55.23230 -1.02348
C 26.34870 57.99950 -0.88427
C 36.38300 64.18220 -1.26814
C 33.49160 63.00330 -1.00486
C 40.22170 68.05410 -1.53979
C 36.99130 67.14680 -1.34329
C 33.87060 66.17220 -1.13188
C 30.75290 64.98350 -0.94011
C 37.58150 70.25200 -1.41499
C 34.53180 69.29640 -1.19041
C 31.49970 68.35580 -0.92743
C 28.37450 67.28560 -0.40661
C 32.28660 71.48600 -0.83061
C 29.30630 70.56330 -0.74055
C 46.16470 47.45910 -1.27477
C 43.21770 48.47010 -0.98453
C 40.30660 49.53540 -0.91816
C 45.93590 50.52380 -0.85936
C 43.01580 51.62240 -0.81898
C 40.06650 52.95560 -0.96898
C 45.60230 53.56040 -0.78336
C 42.56510 54.85590 -0.90577
C 48.13740 55.50010 -0.82491
C 45.21420 56.69340 -0.92546
C 44.71900 60.00290 -0.89615
H 47.33090 64.58450 -0.67971
H 48.97450 66.80130 1.11615
H 47.04340 69.21590 0.83629
H 34.23760 47.57690 0.87539
H 32.53070 50.61490 1.03412
H 34.06700 53.43890 0.41577
H 32.09240 57.49430 2.44656
H 31.40450 60.12910 0.71985
H 27.75650 59.02020 0.90077
H 26.07590 61.70520 0.80776
H 36.81600 49.17200 1.12064
H 47.96090 47.55830 0.43301
H 39.27250 51.18750 0.57759
H 38.85170 54.44740 0.54134
H 36.05330 55.85010 0.56548
H 38.56580 57.57470 0.69877
H 41.17270 59.85130 0.29187
H 46.54840 60.05020 0.73094
H 43.91380 61.65930 0.81666
H 30.96710 47.86390 1.01532
H 27.80810 47.78260 0.91834
H 29.32440 50.58890 0.93663
H 26.23330 50.62390 0.79171
H 30.90280 53.35620 0.80831
H 27.72930 53.44920 0.86820
H 24.55750 53.38700 0.60941
H 29.33380 56.26550 1.15500
H 26.16820 56.15230 0.74594
H 24.59670 58.86680 0.58939
H 39.60000 47.88200 0.73898
H 45.08800 48.70570 0.61242
H 42.11030 49.91860 0.71992
H 47.72100 50.67890 0.83147
H 44.78980 51.87700 0.86550
H 41.86590 53.14730 0.73867
H 47.40220 53.85350 0.86681
H 44.40190 55.05460 0.71831
H 41.44580 56.36800 0.70376
H 46.96700 56.97080 0.77395
H 43.93560 58.19840 0.56590
C 46.56400 66.70030 0.59264
C 48.36130 68.44150 2.89288
C 34.61570 49.63140 2.09612
C 35.77360 52.61180 2.14806
C 32.52480 57.16870 4.39151
C 30.70650 55.20900 2.50919
C 29.90930 58.53850 1.95138
C 27.52040 60.78750 2.58309
C 24.40970 60.66200 2.22837
C 36.44790 57.90510 2.07050
C 39.18660 59.83210 1.69090
C 36.02820 61.25610 2.21884
C 33.36000 59.73340 2.20407
C 43.11270 65.47420 0.87347
C 39.64750 64.64650 1.78863
C 30.87040 61.81410 2.42924
C 43.32320 68.88490 1.60805
C 27.23740 63.79370 1.17752
C 24.91780 66.58200 1.79806
C 25.43610 69.91170 1.99218
C 37.82890 47.24850 2.34351
C 38.09250 50.41740 2.68374
C 37.01510 54.31270 2.27266
C 39.64820 55.99200 2.32549
C 41.96500 58.36780 2.10743
C 47.65600 58.62320 2.41435
C 41.80680 62.21410 1.01727
C 46.92730 61.74200 2.46281
C 45.18270 62.99370 2.46939
C 26.12520 46.72870 2.40320
C 30.84800 49.69130 2.61224
C 27.68180 49.66010 2.48578
C 24.54900 49.69710 2.31475
C 32.56200 52.39530 2.42252
C 29.26940 52.48200 2.46067
C 26.01460 52.47130 2.34346
C 27.53530 55.24450 2.54056
C 24.36880 55.27860 2.17397
C 26.07250 57.98810 2.36233
C 36.55980 64.29320 2.06899
C 33.66440 63.08000 2.15634
C 40.41020 68.01230 1.65394
C 37.25440 67.21530 1.87270
C 34.03950 66.27000 2.08171
C 30.96860 65.08400 2.25527
C 37.89860 70.25540 1.80411
C 34.82660 69.25550 2.08224
C 31.54650 68.35400 2.24875
C 28.04250 67.23140 1.48349
C 32.45750 71.29600 2.38693
C 28.96860 70.60310 2.43624
C 46.14900 46.95190 2.01137
C 43.24470 48.30230 2.20301
C 40.14580 49.63100 2.28153
C 45.84040 50.28950 2.38360
C 42.82240 51.62310 2.39048
C 39.92130 52.95730 2.20421
C 45.51210 53.62960 2.40283
C 42.56190 54.87380 2.32729
C 48.02920 55.58290 2.52105
C 45.04940 56.77530 2.30126
C 44.62780 59.83210 2.28851
H 41.89710 72.75650 -0.42233
H 39.50340 74.91820 0.12104
H 37.26020 76.91840 1.47618
H 25.97860 72.92470 -0.88582
H 34.69650 78.93780 2.26181
H 31.85730 78.02030 1.16463
H 29.02300 77.12860 0.17084
H 26.12410 76.03920 -0.41019
H 38.98970 71.66230 0.09453
H 36.62600 73.79340 0.58567
H 33.61040 72.74080 0.78931
H 30.56440 71.83820 0.91710
H 34.29860 75.95470 1.04685
H 31.27200 74.94460 0.84446
H 28.23410 74.24120 0.70336
C 43.75870 88.90750 2.68960
C 37.10360 89.01850 1.29397
C 48.06410 92.83910 3.50076
C 45.18220 91.70960 4.34798
C 42.39000 91.90800 2.45308
C 39.50220 91.66030 1.27858
C 35.47250 91.78030 0.67316
C 34.26690 93.57220 0.77559
C 45.95330 74.56750 1.74629
C 42.93740 75.70580 3.23819
C 40.89060 77.92030 1.66326
C 38.75090 80.05390 0.46392
C 38.66190 83.09890 0.93940
C 38.60910 86.33830 1.44244
C 40.54540 88.37240 3.34619
C 46.72870 87.73380 2.87839
C 46.46520 71.32430 -0.60687
C 29.81340 95.44870 0.61045
C 25.68690 78.48400 -0.06836
C 30.06630 79.39100 0.12770
C 27.95090 80.59240 0.22032
C 35.37680 82.84220 2.22977
C 32.95060 84.64360 1.16244
C 35.60600 86.10930 1.55500
C 32.61190 87.78930 0.95410
C 32.26370 91.30420 1.93451
C 29.48740 92.35990 0.86070
C 43.72360 72.48360 -1.43763
C 41.20570 74.81610 -1.65552
C 38.18970 76.71110 -0.89382
C 26.51800 74.75270 -2.58927
C 36.83690 79.20360 0.64780
C 31.26500 76.74360 -0.88160
C 28.26820 75.45360 -1.55746
C 46.16050 95.33180 3.23311
C 43.31750 94.88120 2.81155
C 40.42140 94.77650 1.87852
C 37.63160 94.45610 0.85323
C 46.40850 77.96290 2.19179
C 43.70060 79.58460 2.02241
C 41.33650 81.42420 1.52922
C 46.53080 81.36740 2.47460
C 43.90180 83.05100 2.28866
C 41.24600 84.66420 1.93673
C 46.59270 84.56810 2.69976
C 43.78490 86.27930 2.62037
C 25.19440 81.89040 -0.20311
C 30.59330 82.74210 0.57703
C 27.56300 83.78110 0.11550
C 24.63410 85.18450 -0.37583
C 30.04130 85.83330 0.58182
C 27.16400 87.06460 -0.02173
C 29.65190 89.03270 0.48205
C 26.76360 90.20920 -0.22254
C 26.24920 94.03640 0.22681
C 40.59550 71.15660 -1.69952
C 38.14860 73.44770 -1.35986
C 35.28700 72.51090 -1.01206
C 36.24910 75.88310 -0.56390
C 33.22580 74.72980 -0.64370
C 30.15740 73.56470 -0.80782
C 33.95410 78.10920 -0.10095
H 41.97830 90.30510 3.90331
H 38.67910 89.97740 3.06673
H 46.35120 93.73630 5.03088
H 37.31500 92.66240 2.04992
H 33.34370 93.24400 3.18005
H 35.48080 95.28340 1.88378
H 45.36950 76.43770 3.48483
H 42.51950 78.17380 3.65614
H 39.92170 79.79270 2.57375
H 37.19260 81.35230 2.03195
H 48.02180 78.05250 4.27578
H 37.26480 84.50960 2.36863
H 37.05390 87.30600 3.08740
H 39.89950 85.99330 3.51510
H 45.16110 89.25090 4.30025
H 47.42700 90.95150 4.99171
H 46.99300 72.26120 1.74330
H 24.88590 76.98230 1.80590
H 27.27170 78.82920 1.86041
H 29.58050 80.97410 1.99156
H 31.93760 82.85870 2.67914
H 34.28240 84.83020 3.33157
H 34.11840 87.94970 2.56039
H 31.14950 89.23290 2.42704
H 28.14440 90.40870 1.83775
H 25.36100 91.82240 1.03417
H 30.26400 92.46280 2.97348
H 43.17130 93.17360 4.54104
H 40.23550 92.84430 3.32643
H 45.40630 79.64660 3.81606
H 42.75000 81.30550 3.54004
H 39.99200 82.86360 3.03190
H 48.23800 81.24910 4.29217
H 45.50760 82.87810 4.15279
H 42.73560 84.45830 3.89714
H 48.32060 84.45100 4.46712
H 45.50260 86.07250 4.32908
H 42.57450 87.47230 4.37640
H 48.21190 87.79360 4.55716
H 26.71100 82.11210 1.69025
H 29.09150 84.09090 1.96851
H 26.21880 85.33390 1.47826
H 31.52680 86.12740 2.51640
H 28.63090 87.34290 1.89880
H 25.69530 88.56950 1.28717
C 43.18110 89.31660 5.88357
C 36.09510 89.53460 2.87020
C 48.08220 92.80530 6.48570
C 44.69650 92.33750 6.21358
C 41.18030 92.04750 5.48043
C 38.21810 91.70990 4.32085
C 35.04040 93.11780 4.97797
C 31.77910 94.42420 3.64445
C 46.59160 74.20840 3.43656
C 43.26100 76.24190 5.01109
C 40.55500 78.70980 4.78483
C 37.78670 79.81320 3.83508
C 37.82200 82.78860 4.10457
C 37.82200 85.48040 4.55802
C 40.28040 87.73800 5.18785
C 46.19860 87.70320 6.04232
C 45.74070 70.67630 2.63328
C 28.59140 94.41370 3.36164
C 25.18820 78.91170 3.29711
C 31.37000 79.69270 2.91931
C 27.62690 80.72360 3.50381
C 33.15500 80.75770 3.04799
C 32.48400 84.72670 4.38383
C 35.19950 86.80870 4.63418
C 32.13420 87.80440 4.21578
C 32.16430 91.06940 3.79922
C 28.72440 91.15220 4.21344
C 43.02030 72.37860 1.79881
C 41.96880 75.18720 0.05555
C 39.47220 76.37420 2.20514
C 26.20490 73.17180 1.72862
C 36.72440 78.13380 3.61947
C 30.39130 76.69600 2.33503
C 27.28920 76.31150 1.79277
C 45.89500 95.67030 6.42902
C 42.59860 95.10140 5.96500
C 39.49610 94.56950 4.92458
C 36.44400 94.21300 3.83776
C 46.17450 77.95230 5.53115
C 43.48250 79.75310 5.32784
C 40.62810 81.04490 4.59047
C 46.22260 81.08350 5.67396
C 43.48660 82.69170 5.43997
C 40.62050 84.17390 5.03391
C 46.30740 84.35470 5.92745
C 43.52070 85.78930 5.81232
C 24.59990 81.95570 2.86859
C 30.06530 82.68220 3.79758
C 27.06170 83.92960 3.30146
C 24.13960 85.13420 2.76888
C 29.37090 85.83250 3.64407
C 26.51420 87.13250 3.09871
C 29.10400 89.03040 3.67935
C 25.99980 90.33060 2.99213
C 25.81790 94.02160 2.11204
C 41.07460 71.35330 1.49000
C 38.69150 73.39880 1.85157
C 35.57640 72.27150 2.16901
C 36.03500 75.15690 2.60601
C 32.98690 74.42020 2.45742
C 29.92200 73.64670 2.44598
C 33.49150 77.33660 3.00812
C 54.60370 95.46870 3.14905
C 51.68760 95.11340 4.57321
C 49.14290 95.91280 3.29022
C 55.12800 3.79474 2.20629
C 52.08670 3.99313 2.61706
C 50.23110 6.44498 2.04658
C 59.56890 0.15367 1.96247
C 58.46280 3.25023 1.78327
C 57.30910 6.43124 1.80643
C 59.86380 8.12210 0.98549
C 73.07510 9.92643 -2.09491
C 67.91590 10.18710 -0.79334
C 64.90370 10.70260 0.73338
C 61.06890 11.06290 0.44130
C 70.81530 12.96470 -1.23320
C 67.71230 12.22190 -0.56728
C 65.87140 14.51070 -0.34968
C 62.92010 14.00920 -0.43886
C 63.22940 17.27260 0.59496
C 61.15580 19.86650 0.14403
C 62.90910 22.29150 -0.36575
C 60.05960 22.51860 0.03764
C 54.06890 7.27652 2.64991
C 51.84350 9.31036 1.64583
C 57.61890 9.55654 3.12577
C 57.17750 12.65230 1.30207
C 59.79410 13.79570 -0.14072
C 60.04890 16.96820 0.24459
C 56.92990 18.78520 -0.74809
C 57.13070 22.78850 -0.03111
C 56.43290 0.79083 2.29594
C 53.36750 1.01151 2.96314
C 50.50240 1.21274 3.08588
C 68.83740 95.14660 1.21515
C 65.73330 95.91980 1.51978
C 62.65380 -0.58891 1.80975
C 70.82980 0.17521 0.63326
C 67.93570 0.93020 0.97001
C 64.67850 1.68894 1.23485
C 61.58190 2.46436 1.55932
C 70.11840 3.21138 0.49781
C 66.91610 4.04308 0.72094
C 63.75340 4.75803 1.03574
C 60.51360 5.56243 1.38915
C 72.43950 5.88234 0.30233
C 69.35790 6.26657 0.26074
C 66.16260 7.07841 0.49368
C 63.07200 7.72311 0.69896
C 72.35350 16.01380 -1.08403
C 68.86400 15.27770 -0.67922
C 70.07760 18.27380 -0.86335
C 66.81930 17.52450 -0.43633
C 71.24080 21.21280 -1.01256
C 67.98320 20.54260 -0.80895
C 64.76890 19.75950 -0.33372
C 54.62580 10.92450 1.53770
C 51.74980 12.49400 0.85643
C 54.48210 14.07030 0.65738
C 51.46420 15.54390 0.03127
C 57.22680 15.70250 0.55671
C 54.13860 17.16290 -0.28623
C 51.32240 18.67010 -0.74227
C 54.21080 20.42930 -0.89835
C 51.42280 21.80690 -1.30066
H 56.51940 -0.84168 4.11758
H 53.47580 -0.53499 4.86836
H 55.22800 2.12124 4.04426
H 53.89560 5.16801 3.90509
H 51.78360 7.64382 3.46479
H 59.42670 95.79480 3.71558
H 58.35020 1.55691 3.54671
H 57.15880 4.54752 3.40912
H 59.35410 6.82496 3.12132
H 56.25800 7.57773 3.72555
H 70.97190 7.02407 2.08012
H 67.81650 7.61001 1.75519
H 64.63830 8.54527 2.00838
H 61.42060 9.11846 2.10975
H 71.60300 11.08780 -0.26110
H 72.45570 13.99390 0.34606
H 69.39930 13.37330 0.82764
H 66.23690 12.72070 1.41147
H 64.21740 15.20970 1.27624
H 61.37750 18.19640 1.84765
H 60.18330 21.05430 2.12855
H 53.70420 9.60935 3.21604
H 50.86210 11.25460 2.82589
H 56.20730 11.61450 3.42457
H 58.88320 13.15830 2.26655
H 61.19130 14.95400 1.10379
H 58.71650 16.59230 2.31314
H 58.74100 19.10880 0.40995
H 55.87980 20.76960 0.49271
H 53.02920 22.15940 0.51863
H 50.44120 -0.25558 4.97109
H 52.09040 2.42277 4.52205
H 50.30590 4.97068 4.05350
H 70.78410 95.86370 2.47035
H 67.71310 -0.67465 2.76724
H 64.59750 0.09032 3.09301
H 61.43500 0.84323 3.35849
H 69.84930 1.62698 2.35320
H 66.69240 2.37607 2.51589
H 63.55880 3.12766 2.84847
H 60.39660 3.85848 3.17977
H 72.02920 3.96452 1.81620
H 68.85650 4.64594 2.05866
H 65.68370 5.44035 2.36279
H 62.52950 6.18592 2.63650
H 63.01750 12.24860 1.35463
H 70.56500 16.39670 0.65782
H 67.33150 15.75680 1.15881
H 71.68470 19.41980 0.63880
H 68.42200 18.79660 0.87134
H 65.35990 18.16870 1.41442
H 69.49370 21.79400 0.61113
H 66.34980 21.14850 0.87933
H 63.16670 20.64320 1.26170
H 53.49180 12.88630 2.55341
H 50.60010 14.29620 1.96883
H 56.09440 14.59500 2.42963
H 53.27390 15.92990 1.65501
H 50.35640 17.42000 1.17859
H 55.93730 17.62320 1.26187
H 53.11440 19.05260 0.88104
H 50.28020 20.52330 0.46798
C 55.14350 96.16170 6.19699
C 51.95570 95.76860 6.34424
C 48.96640 96.06250 6.57131
C 55.46450 4.30305 5.28417
C 52.17980 4.62348 5.65340
C 50.17730 7.14761 5.26333
C 59.83600 0.43007 5.13560
C 58.75350 3.48850 4.96864
C 57.71410 6.44924 4.98814
C 59.78960 8.94371 4.07525
C 70.69030 9.26279 1.08649
C 68.56830 9.77035 1.38462
C 64.85860 10.98180 2.56766
C 60.72980 11.45170 2.36103
C 71.11330 12.56600 1.92477
C 67.99880 12.40390 2.74533
C 65.92780 14.72200 2.90179
C 62.77020 13.91230 2.85004
C 63.44420 17.16530 2.52355
C 62.07820 19.97130 3.35804
C 63.33150 22.53060 2.76910
C 60.34170 23.26330 3.22141
C 53.97040 7.55005 4.54322
C 51.70100 9.82404 4.64850
C 56.86130 9.69134 4.87753
C 57.34590 13.63180 4.30925
C 59.95340 15.32840 3.29904
C 59.25110 18.86510 2.88896
C 57.04620 19.54450 2.28802
C 56.89600 22.65610 1.85761
C 56.92240 1.10756 5.49979
C 53.84590 1.65117 6.03435
C 50.48330 1.78437 6.23906
C 69.28700 95.63140 4.35731
C 66.15630 -0.92170 4.62054
C 63.01690 -0.15315 4.89151
C 71.53750 0.51512 3.75284
C 68.22830 1.30588 4.12377
C 65.14580 2.07793 4.39221
C 61.99440 2.78561 4.67910
C 70.41840 3.59479 3.67918
C 67.22070 4.31349 3.89706
C 64.06240 5.13198 4.20074
C 61.00580 5.81512 4.54656
C 72.68570 5.75420 3.53470
C 69.28120 6.57130 3.61100
C 66.13780 7.53269 3.67704
C 62.96360 8.29147 3.88242
C 72.40240 15.60650 2.16591
C 69.29690 15.24320 2.45890
C 70.33810 18.17430 2.31793
C 67.31930 17.61990 2.73559
C 71.26300 21.21450 2.22346
C 68.22330 20.65050 2.38865
C 65.09820 19.98480 2.67225
C 54.18320 11.63350 4.57924
C 51.56660 13.33210 3.99289
C 54.06550 14.90420 3.73885
C 51.37400 16.27470 3.14469
C 56.59890 16.71720 3.48484
C 54.09870 17.93320 2.83008
C 51.21960 19.36730 2.42864
C 54.18690 20.81180 2.26881
C 50.93830 22.50330 1.79012
C 73.26040 27.31470 -1.23313
C 62.89530 25.29960 -0.06399
C 70.48300 28.59410 -2.12186
C 67.22740 28.41200 -1.85080
C 64.15900 28.26020 -1.15372
C 59.37100 25.61580 -0.40871
C 56.26750 26.34790 -0.78678
C 53.24860 27.03270 -0.98272
C 61.28110 28.37840 -0.59441
C 51.88970 29.87090 -0.80372
C 63.12280 31.27550 -0.86728
C 65.41670 34.22650 -0.65426
C 63.92790 37.16580 -0.58235
C 62.47480 39.89020 -0.47914
C 49.74070 40.57870 -1.52950
C 61.07340 42.72350 -0.55852
C 57.95010 43.04250 -0.69192
C 51.61330 43.42420 -2.23406
C 56.74250 46.26660 -0.09031
C 53.44490 46.36710 -0.71690
C 51.10880 24.63880 -2.35396
C 70.59230 31.65270 -0.78159
C 67.72000 31.38470 -2.60209
C 69.02360 34.01150 -0.66984
C 67.27610 36.84670 -0.63977
C 65.73780 39.83360 -0.56607
C 64.22900 42.60300 -0.54076
C 62.73090 45.37760 -0.57288
C 49.66480 43.53510 -3.06610
C 72.31160 24.22060 -1.16550
C 69.02040 23.47230 -1.15515
C 65.77840 22.83220 -0.79263
C 69.95070 26.62440 -1.45017
C 66.39730 25.78770 -1.09662
C 58.30810 28.95760 -0.67590
C 55.14910 29.42420 -0.74854
C 60.07270 31.55440 -0.65991
C 56.98290 32.01420 -0.66377
C 53.78580 32.34000 -0.68838
C 50.45070 32.56200 -0.62160
C 62.06710 34.28750 -0.63032
C 58.92180 34.54550 -0.65504
C 55.73100 34.84290 -0.71073
C 52.35760 35.05000 -0.76444
C 60.80210 37.23820 -0.54061
C 57.62410 37.46100 -0.72095
C 54.30280 37.55360 -0.99812
C 50.96090 37.75780 -1.10271
C 59.38830 40.07470 -0.59493
C 56.32690 40.31650 -0.86161
C 53.23160 40.37920 -1.39531
C 54.69220 43.31770 -0.97424
C 54.07960 23.85090 -0.90003
C 72.28550 34.63370 -1.12762
C 70.57050 37.15770 -0.71484
C 72.20790 39.83960 -0.59404
C 69.00020 39.83230 -0.56600
C 70.65210 42.54880 -0.60227
C 67.40410 42.56800 -0.56789
C 72.32100 45.27860 -0.61146
C 69.17080 45.34090 -0.73142
C 65.87470 45.40540 -0.60804
H 64.36660 23.69600 0.94510
H 61.79460 23.63950 1.29699
H 71.29420 27.91070 0.17078
H 64.78560 26.75100 0.49334
H 68.98380 29.92370 -0.97022
H 66.05060 29.60060 -0.06190
H 58.77330 24.05220 1.43266
H 55.71390 24.60440 0.84712
H 61.18450 26.73230 0.95039
H 54.82650 27.54680 0.76035
H 51.71960 27.97480 0.77156
H 63.08120 29.45550 0.78191
H 50.44030 30.74060 1.02652
H 64.77150 32.23860 0.79674
H 63.80640 35.19210 0.93134
H 62.41210 38.02990 1.17269
H 49.36730 38.99340 0.38952
H 60.94440 40.93240 1.10588
H 51.65830 41.62820 -0.61191
H 59.59500 43.84570 1.27345
H 56.46050 43.93680 0.61594
H 53.28650 44.39460 0.83081
H 52.72700 25.26540 0.57989
H 50.92250 26.31100 -1.75688
H 72.41290 32.50920 0.09879
H 69.27480 32.40330 1.18385
H 67.11430 32.40120 -1.05057
H 67.28410 35.08650 0.77254
H 65.66780 37.89020 1.05529
H 64.18190 40.74360 1.07845
H 62.72070 43.52680 1.14169
H 49.41310 43.80140 -0.64707
H 72.60250 22.49480 0.56397
H 70.41990 24.86970 0.26500
H 67.33870 24.16120 0.48228
H 68.11960 27.13400 0.03315
H 57.94780 27.12230 0.92405
H 59.93580 29.77760 1.02346
H 56.81470 30.12890 0.88602
H 53.59120 30.46370 0.83143
H 61.78350 32.37030 0.89697
H 58.65320 32.72840 0.95649
H 55.45300 33.04690 0.97201
H 52.21190 33.28750 0.93993
H 60.56750 35.36080 0.98959
H 57.34050 35.62760 0.92246
H 54.06370 35.90050 0.80101
H 50.69800 36.12030 0.71685
H 59.15320 38.22770 1.04701
H 55.85790 38.48980 0.69654
H 52.61380 38.73220 0.42215
H 57.79000 41.13490 0.95353
H 54.56460 41.35150 0.51579
H 50.15570 23.62350 -0.23103
H 70.58920 35.19630 0.71660
H 72.17760 37.95360 0.94085
H 68.93100 37.89260 0.97516
H 70.62090 40.68920 1.04951
H 67.37910 40.73160 1.08945
H 72.25880 43.44360 0.98158
H 69.02920 43.52220 0.98763
H 65.83570 43.53070 1.11140
C 73.12420 27.63090 1.87732
C 63.13940 25.54740 1.85630
C 71.60200 30.19730 0.76727
C 68.18420 29.25340 1.20087
C 65.07260 28.67890 2.02283
C 59.49000 26.13960 2.65341
C 56.15360 26.39210 2.45734
C 53.23400 26.77770 2.41402
C 61.56320 28.62760 2.50139
C 52.04360 29.65510 2.54811
C 63.24430 31.24970 2.53939
C 65.58610 34.11610 2.32129
C 64.06720 36.98160 2.69676
C 62.52100 39.91750 2.69594
C 49.28120 41.45240 0.24179
C 60.93510 42.83520 2.75263
C 57.58480 42.98760 2.61904
C 51.48600 43.78610 0.65883
C 56.79750 46.06270 1.88119
C 53.08720 46.20290 2.61461
C 50.37820 25.85820 0.73207
C 70.48790 30.85110 2.56372
C 67.08230 31.44450 1.28931
C 69.03260 34.17220 2.38138
C 67.32280 36.76690 2.55004
C 65.73770 39.74630 2.68004
C 64.26230 42.54440 2.74610
C 62.79190 45.40130 2.79749
C 49.09750 46.10980 0.05090
C 72.07840 24.41810 2.04270
C 69.19600 23.72990 2.05874
C 66.21860 23.07340 2.34887
C 69.97250 26.86350 1.68678
C 66.80600 26.13580 1.80703
C 58.19220 28.98990 2.56515
C 55.09380 29.32980 2.40506
C 60.15460 31.68850 2.58332
C 56.96120 31.95190 2.55843
C 53.73230 32.24650 2.51160
C 50.45640 32.63640 2.60240
C 62.15110 34.21010 2.50401
C 58.86170 34.57630 2.55172
C 55.55920 34.98010 2.52375
C 52.25090 35.27530 2.38196
C 60.68250 37.16830 2.71862
C 57.25430 37.55500 2.47745
C 53.98710 37.87600 2.26972
C 50.69730 38.29900 1.99973
C 59.25210 40.14050 2.65861
C 55.89190 40.35900 2.31327
C 52.40010 40.88050 1.61541
C 54.51290 43.27730 2.14160
C 53.84460 23.81740 2.21102
C 72.04980 33.65920 2.00321
C 70.60520 36.83080 2.48500
C 72.25580 39.76980 2.59550
C 69.05240 39.72710 2.64520
C 70.64530 42.55430 2.61969
C 67.45560 42.62070 2.70859
C 72.25780 45.26530 2.62091
C 68.97150 45.48360 2.50577
C 65.82650 45.56000 2.48737
C 52.94470 60.24160 -0.71945
C 50.18240 60.80460 -0.63324
C 59.37230 64.29410 0.58495
C 56.03150 63.81520 -0.00573
C 49.66140 63.60320 -0.98656
C 60.52470 67.35660 0.96631
C 64.91350 71.05460 1.83077
C 61.61770 70.38560 1.37058
C 67.20330 48.65790 0.04344
C 63.43790 48.46770 -0.35216
C 72.11440 50.87140 -0.33933
C 69.13100 52.51770 1.00196
C 73.41030 53.76910 1.99235
C 73.18240 67.72390 1.20521
C 51.73520 47.55640 -0.97383
C 52.13240 51.08210 -0.14954
C 51.17000 54.31190 -0.69176
C 50.99510 57.60640 -0.59382
C 60.08140 47.00290 -0.32990
C 64.33130 51.23450 0.82311
C 61.08500 50.69050 -0.07198
C 57.94790 49.74530 -0.64341
C 70.13800 55.37190 2.81772
C 67.23480 53.17710 3.97993
C 65.06840 54.23070 1.52592
C 55.56560 52.25820 -0.69856
C 72.39570 58.21320 3.10710
C 53.27610 54.52630 -0.64968
C 57.54340 58.41050 -0.12872
C 54.59050 57.68130 -0.50240
C 61.89450 61.87490 0.86149
C 58.90110 61.24800 0.04697
C 71.58900 66.40260 1.44551
C 62.68920 64.87290 1.11435
C 70.43920 69.51130 2.32270
C 66.84820 68.58410 1.66570
C 63.64610 67.90250 1.41405
C 52.70550 63.27530 -0.16286
C 57.32700 66.79700 0.50300
C 54.07580 66.74000 -0.01503
C 50.92980 66.53890 -0.35594
C 58.47290 69.85330 0.94161
C 55.25840 69.58690 0.51460
C 52.08630 69.37260 0.18332
C 70.62590 48.29480 -0.38350
C 49.06120 49.43090 -0.93777
C 48.75160 52.41840 -0.68724
C 54.80880 49.19680 -0.61372
C 62.05870 53.58500 0.53041
C 58.84170 52.87340 -0.27025
C 69.08730 57.27280 2.84363
C 66.05270 56.90300 1.92715
C 63.02570 56.44860 0.99223
C 59.79470 55.94480 0.14784
C 56.57360 55.31460 -0.40791
C 70.06730 60.35460 2.40547
C 66.97610 59.90720 2.04665
C 63.95140 59.38370 1.32555
C 60.91600 58.89630 0.50902
C 70.71720 63.42300 1.73858
C 67.85390 62.70950 1.95874
C 64.89890 62.30230 1.49973
C 68.67220 65.89070 1.75644
C 65.72770 65.36860 1.59593
H 72.04880 55.92080 4.32831
H 54.60380 61.77020 0.40779
H 51.77340 61.42230 1.11273
H 48.79620 62.19340 0.89142
H 60.66760 65.38310 2.45737
H 57.30380 64.74740 1.98041
H 61.69440 68.42980 2.87318
H 54.79750 47.30240 1.20356
H 64.03110 46.37930 0.90531
H 69.23530 48.89790 1.64774
H 64.44350 49.40780 1.82717
H 71.66900 51.96150 1.50075
H 50.69740 49.13020 0.74253
H 50.37120 52.54410 0.88523
H 49.90940 55.79700 0.85791
H 49.56220 59.01330 0.92221
H 61.37800 48.48740 1.17341
H 58.15780 47.95410 0.97930
H 64.95890 52.22350 3.23822
H 62.12350 51.57090 1.98793
H 55.99750 50.33170 0.81731
H 68.79330 55.84790 4.99883
H 65.83240 55.19700 3.68710
H 53.70910 52.65190 0.84860
H 70.26780 58.69510 4.42507
H 54.61500 55.79920 1.13076
H 71.16130 61.76270 3.64659
H 55.61850 58.99900 1.44855
H 52.72050 58.41710 0.97045
H 72.13450 64.75880 3.37178
H 59.82550 62.40870 2.08682
H 57.10540 61.77070 0.92828
H 70.13780 67.25770 3.25464
H 63.80480 66.02750 2.99636
H 68.00710 69.73530 3.17483
H 64.88820 69.04760 3.21175
H 54.10240 64.66650 1.31683
H 50.87010 64.48230 0.96460
H 58.55240 67.85420 2.43194
H 55.41050 67.54500 1.90280
H 52.24800 67.31420 1.57560
H 56.59080 70.46020 2.40364
H 53.45170 70.13980 2.08172
H 50.16690 69.66970 1.68463
H 70.70080 46.24450 0.96605
H 67.42240 46.36020 0.73140
H 72.35890 48.89640 1.25713
H 59.03970 50.93710 1.25878
H 62.90970 54.61590 2.60626
H 59.94060 53.98300 1.65285
H 56.89030 53.36590 1.08462
H 66.94860 58.19390 3.80761
H 63.94480 57.58910 2.96810
H 60.90810 56.97870 2.06516
H 57.74650 56.45240 1.40875
H 68.09380 61.16200 3.83531
H 64.93210 60.59680 3.21363
H 61.89420 60.02650 2.46404
H 58.83790 59.36200 1.70673
H 69.11350 64.18160 3.43328
H 65.96550 63.63130 3.28311
H 62.92890 63.05800 2.73355
H 66.95330 66.66340 3.30349
C 53.62750 60.34750 2.24875
C 49.89170 60.80210 2.57967
C 58.98520 64.05000 3.73233
C 55.51960 63.00510 2.46277
C 48.49080 64.46230 1.63559
C 60.12550 67.08400 4.21835
C 64.47600 70.72860 5.05882
C 61.30430 70.21520 4.57623
C 66.75790 48.56600 1.95090
C 62.92260 47.56880 2.89557
C 72.24150 50.63990 3.13204
C 69.23990 51.19440 2.54588
C 73.30000 53.84780 4.17191
C 73.75300 67.75480 3.41290
C 51.22150 47.15500 2.35600
C 52.08360 50.98850 1.77579
C 51.04310 54.26230 2.50207
C 50.85630 57.56680 2.42173
C 60.03160 46.34690 1.49324
C 63.48660 50.71080 3.95297
C 60.51660 49.96710 3.02890
C 57.55060 49.34000 2.53491
C 70.73740 55.58390 6.57353
C 67.08710 54.16660 5.63146
C 63.91890 54.05690 4.75749
C 55.37620 52.00890 2.52076
C 71.37580 57.48040 6.30338
C 53.10650 54.27950 2.53597
C 57.01610 58.26760 3.03318
C 54.13730 57.26680 2.76858
C 61.28300 61.81420 4.01885
C 58.06520 61.13220 3.17624
C 72.16720 67.00130 4.58065
C 62.20660 64.78630 4.31847
C 70.36040 69.57040 4.17550
C 66.55900 68.46910 4.96757
C 63.31590 67.79290 4.63228
C 52.29580 63.35610 2.56774
C 56.82660 66.49780 3.68543
C 53.75730 66.19730 3.21517
C 50.53940 66.05650 2.83648
C 58.10550 69.58750 4.14910
C 54.97810 69.17500 3.73079
C 51.76390 68.92020 3.40346
C 70.58410 47.98620 2.76140
C 48.65450 48.99350 2.37566
C 48.49690 52.35760 2.51162
C 54.54290 48.99250 2.45182
C 61.23830 53.13190 3.60956
C 58.32850 52.52750 2.91882
C 68.29450 57.83370 5.92871
C 65.15750 57.12900 5.07646
C 62.15530 56.39350 4.09207
C 59.20260 55.64400 3.25703
C 56.28630 54.99900 2.80552
C 69.80010 60.68430 5.62755
C 66.32790 60.14530 5.19323
C 63.19740 59.39530 4.42366
C 60.17830 58.74610 3.63691
C 70.75620 63.74550 5.23743
C 67.63910 63.25080 5.07955
C 64.30340 62.45410 4.65550
C 68.92330 66.23920 4.83486
C 65.40870 65.51830 4.80255
C 70.57360 86.08720 1.25038
C 66.65230 84.75490 2.49913
C 65.34680 87.03160 5.50535
C 62.45300 88.41120 3.33725
C 61.57400 91.21180 2.71674
C 58.43920 91.28190 3.68621
C 57.49930 95.02160 2.40069
C 49.24750 75.60440 1.87581
C 51.21380 77.13410 4.17567
C 55.66850 80.02850 2.13234
C 61.86260 84.00960 1.16921
C 49.39520 89.91520 3.99404
C 60.27530 86.68730 3.68470
C 57.32030 88.01140 4.00598
C 52.18780 91.02640 4.50849
C 58.83510 90.35870 5.55169
C 54.72070 93.54500 3.93373
C 65.98100 74.38660 2.99040
C 49.39320 71.89690 0.93538
C 63.78120 76.15590 1.56757
C 54.12480 75.02120 1.38790
C 51.10550 74.89000 1.35246
C 64.95380 78.58170 1.23559
C 61.85290 78.71490 1.73752
C 58.56990 78.54730 1.84196
C 54.67610 78.20880 1.97308
C 67.07950 81.78350 1.09325
C 63.73140 81.34010 1.27276
C 63.36600 84.45680 2.48555
C 73.24320 71.23500 1.55933
C 70.45150 72.88060 1.65706
C 70.16590 76.36420 1.69783
C 68.53800 73.49880 1.35608
C 70.15070 79.71970 1.67473
C 70.35480 82.92460 1.50015
C 70.36340 89.09310 1.53128
C 67.45060 89.27690 2.79254
C 64.56780 90.45770 2.69962
C 69.59590 92.09750 1.44620
C 66.66280 92.76670 1.88587
C 63.65120 93.55450 2.15000
C 60.65020 94.29930 2.20296
C 71.74220 94.43680 0.71659
C 49.29030 79.67260 2.71306
C 52.42750 80.89140 3.51632
C 49.34070 82.92270 2.85119
C 59.43730 81.64630 2.96320
C 55.15720 82.97840 3.07442
C 52.11020 84.30660 3.31912
C 49.53970 86.17530 3.14856
C 57.82160 84.88230 3.68783
C 54.87900 86.01290 3.80271
C 52.26000 87.71100 3.75278
C 54.73490 89.45040 4.33773
C 62.60660 73.27660 1.57077
C 59.52420 72.95280 1.37889
C 56.34320 72.49850 1.03475
C 53.19760 72.22380 0.72478
C 60.52540 75.90740 1.76767
C 57.29670 75.64640 1.50216
C 73.03120 74.70110 1.25356
H 49.45880 94.21040 4.99053
H 68.88990 84.68940 2.67512
H 62.13530 86.99490 5.43840
H 70.40710 87.38120 3.44031
H 67.12900 87.02360 3.91170
H 64.32310 89.16060 4.90632
H 61.19170 89.97860 4.88365
H 60.35710 92.85080 4.17932
H 57.24720 93.42380 4.39779
H 50.77180 79.43600 4.72813
H 54.72510 81.16470 4.22363
H 61.91180 82.26090 2.97940
H 57.11170 83.11990 4.73645
H 59.68950 84.97560 5.44593
H 59.23480 87.87270 5.63784
H 56.61330 89.36880 5.91344
H 53.80630 90.65910 6.31505
H 50.09120 91.51720 5.79782
H 65.98230 71.97500 4.04438
H 62.89280 71.44800 3.21040
H 64.04470 74.37270 3.20353
H 51.42530 72.62840 2.03935
H 65.73600 76.98780 3.10761
H 55.73090 76.14340 3.08167
H 52.61140 75.22880 3.47328
H 66.63750 79.83290 2.76000
H 63.73280 79.61700 3.11617
H 60.49770 79.41100 3.18899
H 57.60570 80.03320 3.60853
H 65.10140 82.56340 2.61785
H 71.69040 71.43510 3.29139
H 68.93630 72.50360 3.71255
H 68.30150 75.32560 3.08683
H 68.66050 78.07150 2.94946
H 71.92250 84.51420 2.58606
H 68.85110 81.49240 2.79104
H 52.57660 93.46290 5.27217
H 69.54220 90.51810 3.35428
H 66.54480 91.35730 3.86545
H 63.41050 92.10170 4.11864
H 71.66430 92.79540 2.54083
H 68.63640 93.62550 3.11636
H 65.60220 94.36690 3.40972
H 62.51100 95.12700 3.61906
H 51.15660 82.77850 4.55067
H 54.04050 84.28310 4.96069
H 51.14100 85.90240 5.03886
H 56.69240 86.17210 5.50764
H 53.90570 87.50040 5.58344
H 51.14470 89.03300 5.47668
H 59.69430 70.93140 2.80073
H 60.88050 73.89660 3.24139
H 57.70780 73.54000 2.87362
H 54.60460 72.98090 2.66363
H 62.24450 76.83910 3.36959
H 59.00430 76.51730 3.20682
H 71.39400 74.67740 3.04798
H 71.56330 78.07140 2.81425
H 71.74600 81.29520 2.69848
C 71.78860 86.22200 4.42742
C 68.61310 86.20650 4.84344
C 65.92420 87.38380 7.20365
C 62.58970 89.08790 6.78500
C 61.85740 92.07470 6.06573
C 55.63510 93.14030 7.83718
C 57.94990 95.18490 5.64939
C 49.44510 76.01010 4.16589
C 51.75330 77.43860 6.14058
C 56.09290 79.48830 5.51856
C 61.07680 83.76300 4.74501
C 48.87950 89.44120 6.31246
C 60.51840 86.44090 7.31125
C 57.43780 87.58990 7.38971
C 51.63490 90.41580 7.43448
C 56.02190 91.78510 6.09770
C 53.52770 92.78680 7.58933
C 66.30370 73.63850 6.03387
C 49.25400 71.67180 2.79426
C 64.04520 76.16880 4.90469
C 54.36120 74.49570 4.66729
C 51.50170 73.17670 4.46822
C 65.38120 78.89440 4.81482
C 62.23210 78.76320 4.86676
C 59.00290 78.34170 4.88585
C 55.31990 77.58280 5.25383
C 66.97000 81.91770 4.32507
C 63.75560 81.59360 4.62335
C 64.05980 85.38500 5.61871
C 73.77060 71.58640 4.73380
C 71.05870 73.14110 4.98300
C 70.25900 76.51150 4.24231
C 68.20280 74.29010 5.41770
C 70.24240 79.82350 3.93794
C 70.43410 83.05460 3.84750
C 71.24000 89.36920 4.77200
C 67.79430 89.41790 4.68010
C 64.95940 91.08910 5.84219
C 70.27220 92.54190 4.56910
C 67.16910 93.42600 5.05336
C 64.02990 94.18760 5.28191
C 60.92840 94.94650 5.44945
C 72.48950 94.74390 3.82946
C 49.11140 79.65000 6.06003
C 52.57070 80.95810 5.44156
C 49.15870 82.72900 6.02098
C 58.86290 81.74860 5.07001
C 55.22230 82.54590 6.26309
C 52.06040 84.08260 6.45849
C 48.96760 86.10610 6.22966
C 57.73810 84.35960 6.83858
C 54.74370 85.60310 6.91071
C 51.90570 87.27590 6.98735
C 54.69580 88.93930 7.49159
C 62.64020 73.24470 4.87185
C 59.31590 72.61430 4.58961
C 56.26070 72.09310 4.22164
C 52.87630 71.81600 3.87088
C 60.69520 75.74930 4.89105
C 57.55900 75.21160 4.71909
C 73.49560 74.92550 4.38256
C 89.07320 2.03772 -2.85483
C 93.22520 4.84374 -3.81117
C 89.84820 4.82017 -1.08638
C 94.70430 7.86026 -4.25714
C 82.28820 0.19920 -1.95500
C 79.20310 0.78773 -1.56429
C 78.25360 4.17658 -0.70593
C 75.58700 5.33945 0.10020
C 74.39020 8.78005 0.80362
C 71.17650 9.78054 -2.50995
C 73.76680 14.35840 -1.71373
C 75.98520 16.33370 -0.32013
C 76.79830 19.47810 -0.31535
C 86.00230 2.03015 -1.36781
C 82.96530 3.08267 -0.26898
C 81.20300 5.24651 -1.69286
C 85.54540 5.31438 -1.78457
C 80.02070 8.06038 -1.71574
C 76.95760 9.25281 -1.53734
C 92.05530 7.71193 -2.49402
C 88.12570 7.52384 -2.19899
C 76.55110 12.47480 -1.54722
C 94.75570 9.55108 -2.88648
C 79.09860 14.21570 -1.95586
C 0.68764 11.23200 -4.85067
C 80.65170 16.89720 -0.62666
C -0.08061 14.61470 -3.54556
C 79.66690 20.06000 -1.90552
C 94.86880 18.27940 -2.87050
C 92.08220 18.42760 -1.94586
C 88.87690 19.55210 -2.03058
C 85.64380 21.09840 -0.95660
C 0.75228 19.99610 -2.89277
C 95.26060 22.89750 -2.79449
C 0.52182 -0.50148 -3.84976
C 94.08760 -0.65836 -3.68130
C 90.77060 -0.73179 -3.28256
C 87.37320 -0.70086 -2.51170
C 95.41210 2.04004 -3.97662
C 92.17980 1.97138 -3.50955
C -0.04971 5.08315 -4.44678
C 80.04000 95.20140 -1.40821
C 76.85040 95.82570 -0.73224
C 73.75940 -0.64353 -0.08023
C 76.06780 1.66203 -0.85197
C 73.20160 2.64565 -0.01743
C 73.61240 18.94450 -0.82215
C 74.58410 21.89820 -0.75034
C 82.73360 6.58705 -1.44379
C 85.27750 8.83459 -1.93801
C 82.54470 9.99490 -1.77874
C 79.52850 11.21460 -1.68011
C 90.00890 9.74914 -2.77535
C 87.60250 10.95550 -2.20228
C 84.84560 12.06880 -1.87839
C 82.15470 13.04660 -1.90020
C 92.04480 12.13940 -3.40454
C 90.13170 13.01970 -2.51716
C 87.22410 14.25780 -2.03794
C 84.13380 15.41090 -1.73321
C 92.81280 15.35010 -2.43550
C 89.73560 16.30940 -2.10103
C 86.57670 17.53850 -1.78820
C 83.48370 18.69230 -1.71118
H 89.38380 0.06032 -1.40059
H 91.04610 2.71567 -1.45907
H 88.20030 2.93446 -0.62614
H 95.19620 5.97201 -2.74756
H 92.09580 5.74173 -1.74279
H 85.16730 95.11350 -0.78173
H 84.07630 0.86418 -0.35958
H 81.10660 1.44104 -0.02857
H 77.92030 2.19656 0.04922
H 77.59280 4.98369 1.74370
H 74.20590 6.42443 1.98450
H 75.55130 13.89110 -0.08506
H 76.77830 17.84130 1.52556
H 77.81730 20.82020 1.60052
H 85.20710 4.02605 -0.07127
H 82.22020 5.30238 0.63199
H 79.38220 6.41199 -0.46188
H 87.76500 6.08171 -0.65397
H 75.96090 10.69910 0.23661
H 90.15890 8.18900 -0.92374
H 78.51130 12.72950 -0.07929
H 0.50683 9.59733 -2.71372
H 92.44290 10.20030 -2.08824
H 78.38450 15.86950 -0.21932
H 79.21520 18.88180 -0.32845
H 94.93180 15.78750 -2.23516
H 82.31310 19.63820 0.37374
H 80.17240 21.83270 0.04028
H 94.16080 18.20800 -0.38841
H 91.17810 19.59220 -0.71250
H 88.17510 20.77980 -0.62415
H 0.15379 17.97110 -1.65482
H 95.40930 20.52100 -1.80947
H 95.76390 0.37043 -2.16695
H 92.61950 0.12751 -1.93120
H 0.26171 3.28504 -2.70180
H 94.01180 3.06707 -2.25673
H 73.82520 95.04550 1.78593
H 82.10270 95.78600 -0.20450
H 78.95780 -0.78556 0.34471
H 75.87720 -0.02234 0.97037
H 72.91070 0.82930 1.73563
H 74.98420 3.15156 0.97552
H 73.80520 16.91610 0.59625
H 74.79430 20.13440 0.97711
H 76.61400 7.64082 0.38985
H 84.83290 7.17593 -0.27065
H 81.88200 8.37106 -0.09536
H 78.91460 9.56728 -0.02146
H 87.27450 9.22741 -0.58596
H 84.37170 10.36890 -0.26816
H 81.44130 11.47750 -0.21885
H 89.65940 11.30860 -0.96580
H 86.76590 12.45280 -0.43882
H 83.84220 13.50630 -0.21945
H 80.95420 14.48270 -0.30800
H 92.17490 13.28610 -1.05195
H 89.21070 14.41860 -0.63824
H 86.16840 15.61180 -0.25412
H 83.14340 16.64130 -0.25810
H 91.61740 16.45130 -0.52395
H 88.65130 17.67240 -0.37270
H 85.53030 18.73650 -0.26147
C 89.57130 1.82541 0.43123
C 93.85010 5.00686 -0.68781
C 90.61450 5.28099 1.29485
C 94.97620 7.77111 -1.02018
C 82.97600 0.23730 1.35703
C 79.77790 1.24797 1.57044
C 77.54710 3.40272 3.63172
C 76.69940 6.62608 2.85411
C 74.33570 8.73158 2.96929
C 71.30070 9.34925 3.08719
C 73.89500 12.03400 0.38806
C 75.69210 15.67550 1.65323
C 76.09610 19.63560 3.06362
C 86.20290 1.89126 0.54235
C 83.43340 3.49000 1.63044
C 80.10810 5.21000 1.73124
C 86.16290 5.82827 1.30764
C 80.05550 7.98457 1.44909
C 77.37210 9.55996 1.89908
C 91.62620 6.88383 0.53157
C 88.66490 7.89673 0.91454
C 76.78150 12.54250 1.65183
C -0.09258 8.58304 -0.37861
C 79.28830 14.36090 1.56310
C 2.13926 10.90480 -1.30448
C 78.77780 17.43490 1.81516
C -0.51403 13.60660 -1.98161
C 80.18460 19.93020 1.74978
C 94.79270 15.83190 0.38265
C 92.21240 18.10130 1.20708
C 89.40780 19.44830 1.21413
C 86.02850 20.90410 0.88389
C -0.49734 19.36060 0.26073
C 95.00610 21.92360 0.32089
C 0.72103 -0.33298 -0.63577
C 94.43240 -0.72293 -0.46481
C 91.29570 -0.89588 -0.13011
C 87.19330 -0.75494 -0.58184
C 95.84580 2.37934 -0.76130
C 92.75910 2.05250 -0.34312
C 0.16590 5.24839 -1.14660
C 80.65910 95.44270 1.73331
C 77.57190 -1.09624 2.38700
C 74.65500 -0.31312 3.04620
C 76.80120 1.99271 2.26024
C 73.72690 2.76018 3.12287
C 73.38840 18.54540 2.27879
C 74.14790 21.98980 2.44325
C 83.17610 7.13472 1.61692
C 85.67660 8.95996 1.20377
C 82.65850 10.15450 1.39231
C 79.72670 11.32220 1.45988
C 91.31540 9.97195 0.20615
C 88.13930 10.95040 0.87195
C 85.07380 12.12270 1.26651
C 82.13700 13.12650 1.40327
C 93.82980 11.88360 -0.53706
C 90.53070 12.84080 0.73194
C 87.54040 14.17860 1.16314
C 84.39850 15.18670 1.42942
C 92.98120 14.93270 0.71846
C 89.83940 16.06100 1.07775
C 86.87000 17.38570 1.31954
C 83.72630 18.43960 1.55530
C 81.89200 47.57950 0.18630
C 91.01750 45.30720 -1.81016
C 0.66678 46.76410 -3.29094
C 84.49600 24.22270 -1.17727
C 81.19390 23.97490 0.89982
C 89.50310 26.21750 -1.80511
C 86.42150 26.87810 -1.50078
C 79.99750 27.36580 -0.32583
C 88.61090 29.23030 -1.42920
C 78.81740 30.85980 -0.82108
C 90.57110 31.63330 -1.42426
C 77.84410 33.94280 -0.78804
C 92.62690 34.08040 -1.43785
C 80.01600 36.38550 -0.92769
C 94.62090 36.47630 -1.46000
C 82.03010 38.95120 -1.00288
C 84.12050 41.28760 -1.10289
C -0.84373 41.72540 -1.76623
C 92.64720 42.46520 -1.52178
C 89.14280 43.35840 -1.11312
C 85.93040 44.02780 -0.41514
C 83.87850 44.57730 -0.26804
C 95.20700 44.69910 -1.84850
C 77.76090 22.60350 -0.22443
C 78.82590 25.58330 -0.54488
C 76.54400 28.26710 -0.92885
C 74.97730 31.04020 -2.08161
C 73.87690 34.51280 -2.57305
C 76.84060 36.84770 -0.67483
C 78.70810 39.56480 -0.88543
C 80.77730 42.35410 -0.57746
C 79.23610 45.51140 -0.68309
C 82.43280 21.70290 -1.14666
C 88.46490 23.36090 -0.32324
C 93.09770 25.50980 -1.80724
C 89.34740 24.11930 -2.16970
C 91.80900 28.70380 -1.60141
C 93.89410 31.14740 -1.49577
C -0.88585 33.59410 -1.32304
C 83.24340 27.22120 -0.99006
C 85.38330 29.71220 -1.29119
C 82.02230 30.19530 -0.97164
C 87.45620 32.28820 -1.33808
C 84.28150 32.84700 -1.23845
C 81.05300 33.24090 -1.02215
C 89.46050 34.69200 -1.37277
C 86.36780 35.24530 -1.18987
C 83.14410 35.88760 -1.08385
C 91.59040 37.16560 -1.39501
C 88.43720 37.67680 -1.21535
C 85.30610 38.27220 -1.06147
C 0.32581 38.78680 -1.38910
C 93.74360 39.48280 -1.40982
C 90.57570 40.19400 -1.27849
C 87.36730 40.74870 -1.09811
C 75.50460 24.83260 -0.88647
C 73.83580 37.19320 -0.67924
C 75.26990 39.60280 -0.68084
C 76.93770 42.47940 -0.96278
C 73.81270 42.48160 -0.67388
C 75.53610 45.38860 -0.72456
C -0.07877 25.47090 -1.94593
C 95.17840 28.43100 -1.76930
C 0.39887 30.81480 -1.43421
H 84.34970 46.98240 0.22230
H 93.25000 45.85720 -0.94116
H 86.30590 24.79220 0.05115
H 83.26760 25.40600 0.92507
H 88.26620 27.30950 0.14370
H 82.07770 28.48390 0.83314
H 78.52380 29.13770 0.55533
H 90.35980 29.73940 0.21082
H 79.76270 34.49070 0.63553
H 94.35690 34.68010 0.15665
H 81.79560 37.03050 0.62441
H -0.46670 37.03060 0.08636
H 83.91250 39.43630 0.58696
H 95.59730 40.06150 0.07822
H 82.99350 42.51260 0.47294
H 94.56560 43.01800 -0.12649
H 91.30360 43.73150 0.07751
H 88.15540 44.35370 0.73294
H 85.18120 44.43700 1.93546
H 78.69800 24.14850 1.50697
H 76.65150 26.25210 0.22939
H 74.41670 28.65460 0.46836
H 75.39050 33.27020 -0.97324
H 76.84750 35.18880 1.11301
H 78.70080 37.65840 0.73772
H 80.73170 40.06620 0.45387
H 78.59640 43.28850 0.21716
H 84.13870 22.37930 0.59218
H 93.74000 23.12860 -1.43905
H 91.45730 26.80820 -0.44180
H 93.66200 29.18140 0.02992
H 95.59220 31.70960 0.15686
H 85.17760 27.91490 0.41372
H 87.16780 30.42040 0.22300
H 83.98090 30.97830 0.33492
H 80.75480 31.49590 0.71262
H 77.53890 32.18610 1.11408
H 92.37310 32.19390 0.12413
H 89.25650 32.85000 0.24967
H 86.07320 33.38280 0.36365
H 82.87690 33.95160 0.45289
H 91.25630 35.30010 0.16306
H 88.15380 35.82660 0.36737
H 84.96610 36.39430 0.49085
H 93.33960 37.71500 0.20195
H 90.25550 38.33000 0.28464
H 87.12420 38.84200 0.54166
H 92.43230 40.74550 0.25192
H 89.26170 41.37300 0.41879
H 86.06940 41.79870 0.40539
H 75.74460 23.18020 1.01553
H 73.53020 25.56860 0.50827
H 73.73570 35.19820 0.86197
H 75.42860 37.87630 1.05856
H 77.08070 40.58830 0.74988
H 73.86010 40.69590 1.01892
H 75.46610 43.43090 0.85015
H -0.08130 23.25760 -0.80162
H 95.19270 26.18880 -0.63501
H 0.02757 28.83910 -0.01312
C 83.89330 46.18620 2.72396
C 92.09260 45.71100 1.31891
C -0.57436 48.82830 0.06680
C 85.03770 23.97370 2.28005
C 80.63100 23.89180 2.97217
C 89.88790 25.82200 1.29857
C 86.66160 26.62310 1.92047
C 80.21830 27.51410 1.72071
C 88.54850 29.11260 1.78095
C 79.17500 30.59630 2.45620
C 90.67330 31.56780 1.82313
C 78.31870 33.70700 2.56543
C 92.64010 34.00070 1.72874
C 80.15450 36.28440 2.24458
C 94.71810 36.45660 1.76118
C 82.12530 38.95380 2.18646
C 84.39370 41.30480 2.13243
C -0.81016 41.95020 1.60332
C 92.92400 42.69450 1.64665
C 89.89760 43.16490 2.01791
C 86.87320 43.81380 2.89723
C 83.49670 42.90830 2.86900
C -0.56747 44.80000 -0.09790
C 77.18780 22.81960 2.99815
C 77.42250 26.00480 2.55416
C 76.37360 28.62610 0.96897
C 74.35630 31.01400 -0.20559
C 75.27010 33.36240 1.58689
C 77.16010 37.11070 2.63003
C 78.92590 39.69110 2.16189
C 80.66090 42.38970 1.35273
C 79.43290 45.52090 1.20733
C 82.92220 21.51460 2.13670
C 92.12680 21.89290 -1.40788
C 93.11080 25.03910 0.09428
C 90.66450 26.84090 2.94152
C 91.82870 28.26740 1.54958
C 93.80030 30.70320 1.56393
C 95.65350 33.46520 1.81486
C 83.67090 27.15840 2.32272
C 85.46840 29.81830 1.92229
C 82.38610 30.18150 2.13627
C 87.53390 32.15560 1.88405
C 84.34430 32.76330 2.02418
C 81.24670 33.26030 2.21926
C 89.64250 34.60880 1.88548
C 86.43590 35.15000 1.99096
C 83.27540 35.73290 2.12929
C 91.68530 37.04560 1.83345
C 88.59800 37.64460 1.99028
C 85.37250 38.19550 2.14875
C 0.88961 38.99530 0.57317
C 93.90580 39.46350 1.78920
C 90.80920 40.10610 1.92186
C 87.53500 40.77110 2.07978
C 75.39830 25.32970 2.13442
C 73.73040 37.01670 2.60600
C 75.59790 39.84040 2.55683
C 77.35030 42.60000 2.24704
C 73.92960 42.57860 2.57398
C 75.75290 45.29890 2.44988
C -0.37573 24.86080 1.04194
C 95.14970 27.72530 1.35261
C 0.09108 30.51630 1.77240
C 87.93780 46.48290 -0.56851
C 85.16870 48.32280 -1.38229
C 82.03340 49.58230 0.20474
C 79.37370 51.12420 1.02145
C 76.69100 52.80180 0.06399
C 93.40050 47.54790 -2.21382
C 76.35250 56.20180 0.56631
C 73.95310 57.27130 3.94414
C 76.05230 59.45140 1.00174
C -0.63105 51.98400 -2.11333
C 93.41100 53.61750 -1.97572
C 90.37830 55.14820 -1.91122
C 87.23720 56.47550 -2.02737
C 76.18170 62.75570 0.94505
C 86.86870 60.09590 -2.10089
C 84.97430 61.27500 -1.33730
C 78.77890 64.35150 0.28714
C 84.07810 64.28740 -1.70464
C 81.72730 66.29580 0.14035
C 85.33060 67.73090 -1.43574
C 77.53390 48.51490 -0.05609
C 75.20820 51.32440 -0.09106
C 81.22230 69.83690 -0.39197
C 79.05450 67.74650 1.12354
C 76.14200 66.20530 1.85702
C 73.91850 63.88910 3.33914
C -0.42688 55.69070 -1.49487
C 93.24880 56.89200 -2.07105
C 92.42720 59.89010 -2.36001
C 91.03320 62.81170 -2.49942
C 90.30590 65.98450 -3.31878
C 87.25140 64.85630 -1.94337
C 88.71690 68.94190 -3.35056
C 90.16220 71.68070 -1.90676
C 90.69680 48.52370 -1.62643
C 87.81590 50.13630 -1.54511
C 84.93080 51.62710 -1.22543
C 81.91900 52.78450 -0.35357
C 79.23500 54.57010 -0.12043
C 93.48230 50.51400 -1.83468
C 90.54780 51.93160 -1.75804
C 87.71370 53.33040 -1.62795
C 84.67190 54.81170 -1.29818
C 81.81210 56.26230 -0.76960
C 78.97190 57.79460 -0.08145
C 84.28750 57.84790 -1.62012
C 81.57870 59.50590 -0.87366
C 78.82900 60.98580 0.02847
C 81.44810 62.72130 -0.76501
C 74.00380 48.20770 -0.40985
C 76.00390 69.69750 1.27040
C 95.51070 59.24190 -2.19192
C 0.70164 61.67700 -2.36179
C 94.44640 62.19380 -2.46728
C -0.39637 64.60320 -2.75494
C 93.40600 65.12810 -2.91076
C 95.19090 67.71270 -3.09292
C 92.00610 68.37770 -3.11191
C 0.42900 70.11420 -3.42749
C 94.02210 70.80250 -3.32121
H 82.84250 48.55490 2.47491
H 90.31710 46.78690 0.06519
H 87.11530 48.66380 0.25036
H 81.75730 51.53040 1.73093
H 78.67910 52.91150 1.61514
H 75.85460 54.44380 1.83020
H 0.74057 46.86620 -0.76598
H 75.96020 57.52580 2.80331
H 95.37660 50.58600 -0.19993
H 92.47170 52.10730 -0.19359
H 75.77510 60.82590 2.68305
H 92.39580 55.30750 -0.38189
H 89.44430 56.56600 -0.70868
H 86.57870 58.07460 -0.67847
H 75.84090 64.03410 3.06647
H 87.91020 60.85970 0.15655
H 81.07080 64.15310 1.24642
H 78.50680 65.66750 2.32614
H 86.13240 63.29090 -0.72514
H 84.17040 65.90880 -0.15450
H 77.07960 46.20400 0.54057
H 75.48620 49.31230 1.53434
H 84.50310 70.13700 -0.99247
H 82.71860 68.46930 1.05720
H 79.92790 69.91440 1.81395
H 77.14540 68.35850 2.58261
H 74.62540 70.11860 3.49410
H 95.18870 53.72540 -0.64183
H 94.99500 57.53140 -0.48635
H 92.00310 58.33710 -0.40580
H 91.00740 61.05350 -0.69853
H 89.33360 63.67960 -0.93533
H 88.91240 66.66770 -2.04360
H 90.58820 69.32360 -1.68753
H 87.32840 69.36430 -1.56732
H 84.33350 50.15600 0.15615
H 92.64570 48.90120 -0.16650
H 89.80820 50.25840 -0.06889
H 87.00190 51.77560 0.13769
H 84.15080 53.27770 0.52504
H 81.38810 54.67680 1.06589
H 78.60700 56.10570 1.71175
H 89.67570 53.50820 -0.12766
H 86.80010 54.95860 -0.07580
H 83.97810 56.44120 0.36817
H 81.21160 57.86950 0.95693
H 78.46390 59.28430 1.80382
H 83.86000 59.58680 0.02010
H 81.10590 60.99740 1.00767
H 78.46130 62.50940 1.95708
H 83.66570 62.75080 0.20175
H 73.90000 46.20010 1.05263
H 0.34297 60.01970 -0.61242
H 94.07250 60.55590 -0.70165
H -0.71104 63.03640 -0.89479
H 92.92740 63.51680 -1.07104
H 95.04620 65.98910 -1.34204
H 91.94490 66.48210 -1.46937
H 0.17116 68.47810 -1.59981
H 93.84640 69.00330 -1.54593
H 95.84860 71.57410 -2.01712
C 88.23080 46.73700 1.36953
C 85.33340 48.67730 1.90513
C 82.80040 50.21290 3.65897
C 79.82000 51.00660 2.90401
C 76.95890 52.59800 3.35102
C 93.65940 47.12660 1.13479
C 77.12170 55.87470 3.75167
C 74.55440 58.33650 5.42015
C 77.36880 59.20700 4.05144
C -0.51949 52.37340 1.17625
C 93.49270 53.80940 1.24425
C 90.53880 55.38270 1.22747
C 87.75180 56.81800 1.15922
C 77.16540 62.65680 4.12834
C 89.59460 59.01950 -0.43333
C 85.52430 61.29280 0.60065
C 79.82690 63.98130 3.44637
C 85.22030 64.33450 1.30387
C 82.52220 66.07650 1.80110
C 85.13470 68.13510 0.55090
C 77.75450 48.37850 1.82275
C 75.45930 51.15430 3.34012
C 82.21750 69.84250 2.87579
C 79.51580 67.81370 3.00055
C 76.59490 66.29510 3.79726
C 73.56680 61.48560 3.71639
C -0.47908 55.68440 0.40407
C 93.27210 56.98190 1.26883
C 92.49070 60.23860 1.13860
C 91.20700 63.09060 0.66651
C 90.10540 65.82640 0.04830
C 88.33400 62.46550 -0.11824
C 88.80960 68.50130 -0.11448
C 90.69880 71.29170 -0.18147
C 90.87590 48.67260 1.53389
C 88.11810 50.33470 1.77119
C 85.30560 51.60100 1.86976
C 82.76760 53.27550 2.61891
C 79.94260 54.48460 3.01958
C 93.48070 50.56950 1.46811
C 90.69620 51.98780 1.49784
C 87.91480 53.52580 1.59667
C 85.25060 54.99480 1.84206
C 82.58810 56.38350 2.36237
C 79.90440 57.68380 3.04544
C 85.30630 58.16110 1.44492
C 82.67640 59.41530 2.15521
C 79.84740 60.86380 3.13312
C 82.56380 62.53110 2.34154
C 74.12650 47.98800 2.83288
C 77.02830 70.00070 4.39467
C 95.42610 59.44120 1.01590
C 0.60708 61.95010 0.86332
C 94.35150 62.51010 0.71482
C -0.39439 65.06790 0.42858
C 93.32550 65.52820 0.32509
C 95.29910 67.96800 0.10369
C 92.09650 68.42370 0.04845
C 0.45112 70.53440 -0.26940
C 94.13680 71.08910 -0.18081
C -0.75111 93.89460 -3.69588
C 92.71090 93.84020 -3.63493
C 89.45710 93.76340 -3.32517
C 0.56992 77.69240 -5.45600
C 93.81770 77.85150 -6.06629
C 89.22370 79.18060 -4.04351
C 86.94540 82.11780 -3.57109
C 86.42800 85.29630 -4.57993
C -0.23818 88.74210 -3.65972
C 93.33040 88.74470 -3.89185
C 86.63880 88.48110 -3.64988
C 91.20970 91.24850 -3.61577
C 73.33330 87.90870 1.18250
C 83.06390 88.56630 -3.26316
C 78.56320 89.93930 -0.61059
C 84.13920 91.64150 -2.37670
C 86.11250 93.82960 -2.82062
C 83.06360 94.49170 -2.11225
C 89.47070 75.74980 -1.86167
C 86.24290 71.80290 -1.78070
C 82.40800 70.12930 -2.12537
C 85.60480 75.23170 -3.00184
C 85.91710 78.80730 -3.29640
C 83.99190 80.81060 -1.74661
C 83.36480 83.42210 -3.39457
C 81.10280 85.29310 -2.33191
C 80.27750 87.79930 -0.70369
C 76.22430 86.17990 -0.17918
C 73.16090 84.23790 0.45149
C -0.48952 73.38110 -3.64414
C 93.04720 72.62760 -3.89792
C 93.47120 75.72860 -6.11837
C 95.31710 80.63800 -5.00888
C 92.11440 80.19910 -4.89469
C 0.09279 83.40140 -4.39588
C 93.68000 83.06030 -4.43404
C 90.36500 82.84490 -4.43270
C 95.22250 85.91640 -4.10428
C 91.89620 85.78440 -4.26230
C 88.52630 85.45080 -4.22402
C 89.96020 88.44960 -3.82514
C 87.89580 91.16440 -3.29015
C 75.66720 90.26350 0.11662
C 72.54140 91.33650 0.75215
C 80.84110 92.00590 -1.39017
C 77.78720 92.80220 -0.57117
C 74.75970 93.60270 0.04071
C 83.69510 73.78170 -1.27973
C 80.98820 72.90700 -0.47474
C 78.56340 71.30730 0.41448
C 83.65740 77.49290 -1.93308
C 81.03010 75.83740 -0.83505
C 78.42900 74.46330 0.17515
C 75.81580 72.98290 0.94087
C 81.03170 78.96930 -1.38593
C 78.40970 77.52280 -0.33266
C 75.76910 76.11220 0.57399
C 81.01580 82.08940 -1.86099
C 78.40130 80.72990 -0.76339
C 75.81170 79.30320 0.17407
C 73.12690 77.87280 0.93351
C 78.55580 84.03100 -1.20744
C 75.81950 82.55650 -0.15064
C 73.12080 81.05140 0.70420
H -0.63428 92.18420 -1.70252
H 93.00750 91.97300 -1.83731
H 91.19600 94.63700 -1.83938
H 88.07920 94.46120 -1.47001
H -0.15193 75.90950 -3.71145
H 95.46340 78.72290 -4.36283
H 92.37780 78.20510 -3.85525
H 89.95910 78.28320 -1.74636
H 87.73970 80.13560 -2.40332
H 85.37060 83.92610 -2.88266
H 87.05300 86.37650 -2.46348
H 94.84040 89.44240 -1.86414
H 91.59910 89.22300 -2.20575
H 88.40340 89.05930 -2.01058
H 85.13160 88.65200 -1.68616
H 89.73860 91.84360 -1.74096
H 78.73670 88.13130 1.19657
H 75.61720 88.80210 1.65526
H 72.50350 89.72230 2.64637
H 82.30900 90.05050 -1.84222
H 80.60010 90.55850 0.60701
H 86.48510 91.66420 -1.55911
H 87.43580 74.10250 -1.62630
H 85.34790 72.87880 0.36660
H 87.29650 76.95460 -2.30144
H 85.37740 78.88440 -0.85977
H 82.36380 80.70840 -0.37632
H 82.52000 83.79120 -1.01999
H 82.48700 86.92920 -1.46229
H 80.12570 85.52980 -0.04951
H 77.23980 84.28800 0.89594
H 74.56450 85.83790 1.64823
H 92.60710 71.85770 -1.57806
H 1.26442 73.87970 -1.81195
H 94.17950 74.44830 -2.65202
H 90.26430 73.76180 -0.48674
H 94.44780 94.77590 -2.11045
H 0.08800 81.28480 -3.21789
H 93.68980 80.99670 -3.07070
H 90.61020 80.88590 -3.01011
H 95.21170 83.89420 -2.69647
H 91.98090 83.76320 -2.82775
H 88.70750 83.54950 -2.76639
H -0.26888 86.73690 -2.22089
H 93.44320 86.65280 -2.53949
H 90.19510 86.36150 -2.58767
H 77.67920 91.16110 1.31720
H 74.68430 91.87420 1.81106
H 82.99060 92.69010 -0.42347
H 79.95350 93.50100 0.37721
H 76.83290 94.24040 1.15878
H 82.41790 71.51660 0.99561
H 84.88110 75.80880 -0.71565
H 82.41090 74.51090 0.65923
H 79.79800 73.05200 1.61719
H 77.19700 71.57010 2.45766
H 82.36870 77.59540 0.15505
H 79.73810 76.18220 1.20392
H 77.01510 74.74890 2.17507
H 74.26800 73.17970 2.81758
H 79.73230 79.30330 0.65604
H 77.06620 77.85450 1.68127
H 74.33700 76.42520 2.57190
H 79.81180 82.47230 0.26217
H 77.09480 81.03030 1.31814
H 74.38910 79.57570 2.21479
H 74.46280 82.75120 1.89430
C -0.67221 93.87720 -0.51193
C 93.00660 93.60900 -0.41889
C 89.85840 93.61870 -0.03305
C 1.32333 76.10710 -2.91636
C 94.47450 76.96350 -2.89598
C 89.53730 80.64770 -0.82313
C 86.84300 82.32240 -1.76157
C 84.73970 86.14160 -1.88627
C -0.22870 88.28700 -0.30847
C 93.53970 88.48300 -0.78404
C 86.87930 87.84480 -0.44601
C 91.34170 90.71370 -0.24767
C 73.83550 87.71300 3.05067
C 81.96290 88.65130 0.18333
C 79.27340 89.70940 2.57476
C 84.37230 90.68970 -0.58917
C 86.73370 93.34290 0.26141
C 83.95440 94.57100 0.98519
C 89.17390 74.01740 1.74519
C 87.90890 72.83730 0.57235
C 84.86280 71.09850 1.43907
C 87.14000 75.99710 0.08145
C 87.75260 78.59520 -0.47869
C 84.82630 80.82760 0.06950
C 84.75540 84.19290 -0.42156
C 82.45460 85.60870 0.61401
C 80.04810 86.36950 2.29584
C 76.85350 86.66690 1.60796
C 74.14280 84.48780 3.64607
C 95.76370 73.74360 -0.74965
C 92.38400 74.27540 -0.97054
C 92.35450 75.68750 -4.21008
C 95.41710 79.74380 -2.05137
C 92.18800 79.58100 -1.71612
C -0.07030 82.70900 -1.24003
C 93.58390 82.66860 -1.28378
C 90.37030 82.60500 -1.29587
C 94.90480 85.54420 -0.88375
C 91.87600 85.46440 -1.03810
C 88.64250 85.22920 -1.01477
C 90.16170 87.96020 -0.69002
C 88.28960 90.64990 -0.13529
C 76.26610 90.58660 3.25217
C 73.38040 91.69710 3.89886
C 81.79500 92.43550 1.67750
C 78.60300 93.10400 2.45320
C 75.45530 93.83700 3.15143
C 84.73230 74.66080 1.49036
C 81.98270 73.23880 2.69419
C 79.42960 71.58410 3.52823
C 84.63660 77.53860 0.99980
C 81.95720 76.32640 2.19390
C 79.27830 74.84190 3.16166
C 76.41130 73.27090 4.04110
C 81.94900 79.43400 1.68237
C 79.27300 78.03700 2.69131
C 76.52990 76.57580 3.73389
C 82.10700 82.60880 1.09271
C 79.37020 81.10000 2.25329
C 76.59710 79.62730 3.27663
C 73.61220 78.22830 4.13374
C 79.44490 84.32040 1.95506
C 76.71730 82.88820 2.89590
C 73.86570 81.36060 3.84893
