2979
Frame 9
C 10.59120 96.18940 -0.94409
C 11.89550 1.71225 -0.49789
C 9.75040 4.37996 -1.54281
C 8.56152 7.42225 -0.95078
C 6.37397 9.40697 -1.67945
C 2.90863 9.84713 -1.42789
C -0.69499 8.93790 -1.94668
C 21.90500 1.09362 -0.92453
C 20.08300 5.25368 0.00278
C 22.64280 6.77272 -1.39252
C 22.56450 12.48740 -1.32955
C 17.16590 1.80785 -1.57749
C 14.23230 -0.07452 -0.42486
C 17.02250 5.08488 -1.93724
C 20.69360 9.70386 -1.47349
C 17.50150 8.66186 -1.89320
C 11.65350 5.27287 -1.49365
C 20.72030 13.43390 -1.29211
C 12.02850 8.87669 -1.67440
C 20.70880 16.70450 -1.48998
C 9.39895 10.91800 -1.69783
C 20.75860 20.07760 -1.28316
C 9.57472 14.11190 -1.48171
C 6.63433 12.51420 -1.83128
C 21.13360 23.41410 -1.20817
C 12.64000 18.84710 -0.83565
C 9.82982 17.47230 -0.90493
C 12.69220 22.23750 -0.07069
C 18.33210 0.02462 -1.56191
C 3.17533 11.96430 -1.47019
C 4.87193 14.97240 -1.40893
C 1.37148 14.61820 -1.37313
C 6.38988 17.47240 -1.25533
C -0.03558 17.79130 -1.76001
C 7.76225 20.10470 -1.36772
C 9.59338 22.73490 -0.89673
C 7.23441 96.26590 -1.43235
C 8.46679 1.50156 -1.42337
C 5.23176 1.27719 -1.67388
C 2.16622 0.95403 -1.91901
C 6.54467 4.21206 -1.65004
C 3.40363 3.89056 -1.75336
C 0.19931 3.60760 -1.95086
C 4.64739 6.93793 -1.58831
C 1.61825 6.59788 -1.72252
C 14.44140 3.52518 -1.55079
C 14.62320 7.07262 -1.61920
C 17.85340 11.82400 -1.47011
C 14.91500 10.45740 -1.62412
C 17.96240 15.08050 -1.18272
C 15.20880 13.69880 -1.36168
C 12.29440 12.24060 -1.49715
C 18.08990 18.59420 -1.16322
C 15.40970 16.91470 -1.14027
C 12.53230 15.47140 -1.26641
C 18.17040 21.89220 -1.10012
C 15.29490 20.36370 -0.88929
C 3.15389 17.61150 -1.57901
C 4.81975 20.31660 -1.44155
C 1.73345 20.45040 -1.63770
C 6.50858 23.02540 -1.19204
C 3.36195 23.15440 -1.48662
C 0.13947 23.26440 -1.71355
H 11.93360 -0.38558 0.88459
H 9.78872 2.70837 0.25177
H 8.03002 5.23787 0.06921
H 6.29855 7.96158 0.02121
H -0.36400 7.05353 -0.25749
H 0.80852 9.98063 -0.14538
H 20.68300 2.80681 0.49646
H 22.45100 5.18185 0.46530
H 20.83470 7.70471 0.19074
H 22.46160 10.50740 0.22228
H 22.92890 16.14530 -0.15261
H 18.03430 3.73002 0.00352
H 15.39430 2.00337 0.25135
H 18.06550 6.75802 -0.27899
H 12.71680 3.89839 0.17891
H 12.66990 7.13287 0.04517
H 18.82510 13.27440 0.53087
H 10.13310 9.18076 -0.09728
H 21.60260 18.61550 -0.03291
H 18.97010 16.80780 0.44259
H 7.52657 11.02400 -0.06542
H 21.75140 21.61610 0.45956
H 7.91579 14.09700 -0.30130
H 10.93260 18.63480 1.15277
H 7.91918 18.36080 0.42940
H 20.05040 -0.13095 0.16682
H -0.73971 13.26750 -1.39960
H 4.95788 12.94810 -0.03391
H 1.82174 12.87230 0.47917
H 6.13339 15.79170 0.66814
H 4.64569 18.46630 0.12190
H 9.44711 21.08430 0.26403
H 6.31627 21.14590 0.30086
H 8.72741 -0.28799 0.24894
H 5.34119 -0.53132 -0.01326
H 2.16011 -0.89382 -0.31099
H -0.93252 96.20490 -0.68415
H 6.64973 2.39178 0.01618
H 3.47583 2.05277 -0.15434
H 0.32144 1.63351 -0.50229
H 4.82620 4.99591 -0.03819
H 1.61150 4.60995 -0.21948
H 2.94446 7.68521 0.12974
H 15.39930 5.29652 -0.07857
H 18.63710 9.92443 -0.04530
H 15.72380 8.67643 -0.12033
H 15.93440 11.88140 0.14293
H 13.04270 10.42810 0.03792
H 16.14050 15.14130 0.45229
H 13.31110 13.69340 0.22447
H 10.41840 12.31430 0.05689
H 18.97930 20.18630 0.51903
H 16.29710 18.55700 0.51376
H 13.52940 16.93320 0.48429
H 10.65100 15.51320 0.37420
H 16.37810 22.00300 0.63664
H 13.67310 20.21750 0.99694
H 3.00635 15.73480 0.04348
H -0.25416 16.01420 -0.10499
H 1.52940 18.58960 -0.10707
H 3.20299 21.30560 0.06402
H 0.07636 21.41760 -0.16832
C 10.23080 -0.65239 2.30046
C 11.79450 2.05357 1.48275
C 9.66675 4.56659 1.83091
C 8.58642 7.49507 0.94258
C 6.14841 9.56126 1.55755
C 2.38688 9.55593 1.77089
C -1.12604 8.92960 1.20480
C 21.78130 0.85398 1.66026
C 21.72300 3.99515 2.51624
C 22.44730 7.05728 2.04642
C 22.55960 12.40110 1.90407
C 17.43350 1.85865 1.77665
C 14.29210 -0.09646 1.48993
C 17.10320 5.41576 1.73146
C 20.51430 9.78655 1.69845
C 17.52810 8.38952 1.60696
C 11.58250 5.42598 1.69303
C 20.86270 13.53900 2.14062
C 11.86050 8.90218 1.67512
C 20.91360 16.67340 1.61124
C 9.30630 10.79530 1.65045
C 20.92900 19.94070 2.05657
C 9.45174 13.84160 1.72379
C 6.83330 12.71870 1.58152
C 21.17840 23.37350 2.00556
C 12.44870 18.38040 2.25589
C 9.22450 16.82990 1.94598
C 12.73530 22.34450 1.77486
C 18.06540 -0.26562 1.50200
C 3.51123 11.38890 1.47169
C 4.25324 14.46590 1.76798
C 1.19998 15.00520 1.64559
C 6.07211 17.49220 1.92182
C -0.21313 17.87400 1.43518
C 7.76197 20.21240 2.03048
C 9.34853 22.74980 2.23245
C 6.97688 -1.22479 1.70612
C 8.23827 1.61004 1.78190
C 5.07265 1.33246 1.57397
C 1.86365 0.90342 1.26363
C 6.45031 4.25155 1.69025
C 3.22917 3.86575 1.48992
C 0.08345 3.34063 1.23720
C 4.51316 6.91995 1.58083
C 1.28569 6.38099 1.51415
C 14.59700 3.85508 1.78972
C 14.48160 7.09626 1.44333
C 17.91350 11.65660 1.75222
C 14.89960 10.21540 1.66204
C 17.99160 15.15460 2.11210
C 15.14000 13.44450 1.92130
C 12.21230 12.05380 1.70935
C 18.15380 18.51300 2.15147
C 15.40820 16.84870 2.10678
C 12.48760 15.24480 1.99046
C 18.31820 21.92710 2.12840
C 15.47280 20.23830 2.26284
C 2.92153 17.60560 1.60512
C 4.57899 20.24870 1.76341
C 1.50010 20.40020 1.47863
C 6.20370 22.94050 1.94856
C 3.08031 23.11430 1.68175
C -0.07961 23.23000 1.39254
C 21.23770 26.54270 -1.68268
C 18.85660 28.42890 -1.42361
C 13.19630 25.66910 -1.06790
C 16.48240 30.49870 -1.37493
C 21.87080 29.56610 -1.62019
C 22.53470 32.68190 -1.96634
C 23.19570 35.82460 -2.62614
C 23.32980 45.26540 -2.57669
C 20.25450 44.31870 -1.86315
C 19.71060 32.16790 -0.85924
C 16.52590 32.63710 -1.47744
C 13.69410 32.07920 -1.23638
C 17.68500 35.76080 -1.59056
C 11.34860 34.31970 -0.79914
C 18.75820 38.78530 -1.29611
C 9.26322 36.81000 -1.16875
C 20.06150 41.26220 -1.61175
C 16.64590 41.09250 -1.53287
C 6.95472 39.12760 -1.14107
C 3.29590 39.10320 -0.58594
C 14.47000 43.49020 -1.57576
C 1.21079 42.57680 -0.94134
C 12.29970 45.95650 -1.51013
C 3.38190 44.38470 -1.54574
C 0.69311 46.94610 -1.42471
C 11.21730 25.42190 -0.79487
C 10.07230 28.43770 -0.83301
C 11.21440 31.29410 -1.21713
C 8.23540 31.08070 -1.08354
C 7.43323 34.28470 -0.30083
C 4.00768 34.30310 -1.09080
C 2.38577 37.04570 -0.99708
C -0.93702 36.58780 -1.53558
C 18.43450 25.10290 -1.25268
C 15.70850 23.77840 -0.99079
C 16.00240 27.14020 -1.21394
C 14.52930 35.15730 -1.21674
C 15.53250 38.11620 -1.29636
C 12.41800 37.49340 -1.15324
C 13.41770 40.44780 -1.35455
C 10.27520 39.86240 -1.28782
C 11.31110 42.89910 -1.41996
C 8.19149 42.31240 -1.35027
C 4.99349 41.83090 -1.24258
C 9.20087 45.43630 -1.31849
C 6.16219 44.92250 -1.29271
C 3.94987 47.48570 -1.26101
C 8.22813 25.72540 -0.94842
C 5.05115 25.87420 -1.25624
C 1.76728 25.98630 -1.55847
C 6.70746 28.49620 -1.09063
C 3.49014 28.66290 -1.39386
C 0.25974 28.74800 -1.55977
C 5.10184 31.32320 -1.22087
C 1.96169 31.43350 -1.36305
C 0.50984 34.17640 -1.33325
H -0.70377 42.84370 0.85576
H 22.10850 24.67810 -0.11006
H 19.62230 26.70130 0.18462
H 13.97390 24.12660 0.65606
H 17.11730 28.71060 0.34494
H 14.11080 27.35210 0.67881
H 14.53120 30.36180 0.35180
H 22.58130 27.79900 -0.04960
H 23.08180 31.03640 -0.05209
H 20.15680 29.84550 0.12943
H 22.46580 40.28760 -1.27610
H 23.34060 43.28990 -2.11942
H 21.08910 42.89330 0.03346
H 18.82360 45.31890 0.08840
H 18.13640 33.79770 0.01218
H 15.07170 33.38050 0.36358
H 12.20310 32.55140 0.62054
H 19.25290 36.78580 0.29321
H 9.53302 35.16760 0.70082
H 20.02130 39.96040 0.60463
H 7.30453 37.57290 0.43991
H 18.07680 42.31970 -0.28611
H 5.38157 40.16300 0.55913
H 1.32935 40.37780 0.36669
H 15.96940 44.77740 0.20173
H 3.31955 42.75670 0.27462
H 13.79330 47.19970 0.28384
H 1.38604 44.97900 -0.02618
H 11.02390 23.71170 0.83118
H 7.94388 23.85180 0.56318
H 9.71184 26.55380 0.85815
H 11.58780 29.37570 0.51979
H 9.67706 31.99320 0.61689
H 6.66092 32.11570 0.50324
H 5.19648 35.08060 0.63351
H 2.04843 34.98770 0.39268
H -1.21451 34.92460 0.18934
H 0.34964 37.60620 0.26836
H 19.24940 23.48860 0.42963
H 16.74960 25.48470 0.48622
H 21.78490 45.76130 -0.69824
H 16.11850 36.28470 0.28706
H 12.85610 35.67390 0.55843
H 16.93840 39.34010 0.30785
H 13.84200 38.74860 0.40392
H 10.65100 38.12250 0.45474
H 14.85920 41.73970 0.13744
H 11.69050 41.14910 0.25239
H 8.53994 40.53010 0.32786
H 12.77330 44.17490 0.11783
H 9.61613 43.58840 0.20885
H 6.48103 43.08670 0.26227
H 10.70650 46.58710 0.26147
H 7.53467 46.10430 0.35016
H 4.43022 45.64390 0.23965
H 4.81846 23.98490 0.26867
H 1.66667 24.10900 -0.04010
H 6.53493 26.66450 0.49018
H 3.32607 26.78240 0.17139
H 0.11893 26.86770 -0.03864
H 8.23045 29.33110 0.63816
H 4.97290 29.44010 0.35569
H 1.81144 29.53740 0.15723
H 3.48566 32.29470 0.33502
H 0.26257 32.27250 0.13167
C 21.53670 26.46640 1.72549
C 19.01970 28.42770 1.86452
C 13.18630 25.62390 2.42710
C 16.58880 30.55490 1.97703
C 22.07390 29.54010 1.65668
C 22.10560 32.80230 1.31552
C 21.66720 36.03790 -0.05047
C 23.24870 44.08260 0.27997
C 20.47520 45.04850 1.28711
C 19.88600 32.13730 1.03021
C 16.89450 32.67240 1.86248
C 13.97510 32.17830 2.18588
C 18.06110 35.71030 1.85308
C 11.43930 34.34090 2.06698
C 18.84660 38.89770 1.95699
C 9.29446 36.80790 2.16417
C 19.63210 42.08760 1.90268
C 16.70580 41.31330 1.75378
C 7.19271 39.20670 2.05090
C 3.44881 39.06150 1.36363
C 14.69650 43.74470 1.71205
C 1.59551 41.85130 1.89207
C 12.34020 45.81730 1.93352
C 3.05921 44.53980 1.90945
C 0.85666 46.64440 1.94701
C 11.14260 25.44850 2.49350
C 9.82650 28.52820 2.35149
C 11.23230 31.16000 2.37408
C 8.09143 31.17770 2.27131
C 7.39889 34.20030 1.56946
C 3.75039 34.06440 2.08890
C 1.65153 36.60510 2.20222
C 96.13340 36.66760 1.83791
C 18.65850 25.29300 1.98082
C 15.86150 23.89770 2.16112
C 15.85020 27.28720 2.03729
C 14.80270 35.16190 2.01734
C 15.63560 38.09100 1.93993
C 12.46260 37.56830 2.08935
C 13.50110 40.67090 1.88452
C 10.33960 40.07570 1.97222
C 11.38180 43.00610 1.80555
C 8.22256 42.40090 1.85185
C 4.99360 41.87910 1.89137
C 9.31036 45.37200 1.85931
C 6.04802 44.89670 1.87344
C 3.94309 47.32460 1.93875
C 7.88901 25.61980 2.21860
C 4.75850 25.77750 1.88070
C 1.60297 25.87060 1.62872
C 6.45575 28.50560 2.08219
C 3.24175 28.53650 1.83674
C 0.05876 28.65520 1.58961
C 4.92146 31.23570 2.00399
C 1.75670 31.35880 1.78812
C 0.26655 33.97920 1.83505
C 18.46740 47.18530 -1.79306
C 15.30020 46.49550 -1.76020
C 13.23140 50.44870 -1.49776
C 15.30730 53.49720 -1.72278
C 12.17920 53.98000 -1.62864
C 16.84750 56.27200 -1.51096
C 18.85610 58.82240 -1.52113
C 20.69800 61.50280 -1.51959
C 22.65390 64.27740 -1.25538
C 17.50630 61.58980 -1.49619
C 15.21180 59.65260 -0.62283
C 12.14580 59.08410 -1.39832
C 10.16560 56.87730 -0.59570
C 20.81680 66.60260 -1.59322
C 18.31920 64.74070 -0.92141
C 8.77347 60.43000 -0.58998
C 21.21570 69.72290 -1.91923
C 9.44970 63.93140 -1.19729
C 9.75969 67.07140 -1.58888
C 7.30059 69.14490 -2.03296
C 11.39170 51.41950 -1.22291
C 5.09275 50.48460 -1.04168
C 1.82772 49.99030 -1.18501
C 9.12187 53.78510 -1.12940
C 6.15947 53.32360 -0.81920
C 3.06801 52.98700 -0.85185
C -0.02050 52.59010 -1.39760
C 4.75237 55.99980 -0.55882
C 6.08939 57.68930 -0.71117
C 5.16175 61.08410 -1.17141
C 7.40313 63.39230 -1.45581
C 6.27126 66.33510 -1.55316
C 5.19300 69.29550 -1.84434
C 21.66930 47.80310 -1.98140
C 19.90510 50.43750 -1.72753
C 16.53430 50.10650 -1.24035
C 21.71020 53.14280 -1.64351
C 18.39270 53.40230 -1.67279
C 20.29240 55.99320 -1.57983
C 22.11660 58.65800 -1.46752
C 15.10310 63.60430 -1.33707
C 12.23340 62.08450 -1.24306
C 18.20040 68.29020 -1.71868
C 15.45110 66.64790 -1.49266
C 12.35860 65.39100 -1.38870
C 15.62180 69.96600 -1.88564
C 12.80800 68.49380 -1.71603
C 10.31620 70.26170 -2.08796
C 10.31270 48.46860 -1.23728
C 7.14065 47.93750 -1.20898
C 8.10145 50.88260 -1.08147
C 1.10805 55.71470 -0.50945
C 3.09318 58.63430 -1.01928
C 0.00519 59.20420 -1.05711
C 1.98143 61.61830 -1.11797
C 4.03236 64.00620 -1.37897
C 0.93613 64.57820 -1.25912
C 3.09722 66.94110 -1.51600
C -0.13991 67.64350 -1.45498
C 2.03460 69.93510 -1.83979
H 0.11066 50.46600 0.10142
H 16.88040 47.80000 -0.37080
H 14.94360 51.79110 -0.20386
H 13.91690 54.75370 0.20177
H 15.48010 57.35040 0.42108
H 20.48600 59.63340 0.04881
H 17.45720 59.80940 0.17015
H 22.25070 62.35320 0.20691
H 12.54640 57.21150 0.38464
H 10.84530 54.72410 0.30906
H 20.94050 65.00520 0.33705
H 19.01230 62.53220 -0.07581
H 15.75620 61.86150 0.23084
H 13.15010 60.42210 0.40409
H 10.50710 59.07290 0.46867
H 21.95330 68.00520 -0.23234
H 10.27740 62.21860 0.28535
H 10.56690 65.64260 0.39174
H 7.97373 67.62440 -0.20730
H 8.43680 70.75650 -0.52625
H 11.74170 49.61120 0.44137
H 2.19439 47.98860 0.34104
H 9.64905 51.97710 0.43355
H 6.52421 51.47630 0.71546
H 3.31709 50.93850 0.59616
H 7.72139 54.42910 0.91680
H 4.52456 53.99940 0.94879
H 1.40742 53.43090 0.45193
H 5.93254 56.66370 1.68342
H 4.82845 59.36110 0.56239
H 6.94536 61.82910 0.38206
H 5.93802 64.74050 0.04065
H 4.85794 67.71360 -0.03901
H 3.81793 70.76410 -0.32144
H 23.33720 48.44140 -0.31162
H 20.02200 48.41380 -0.20902
H 21.65090 51.19640 -0.08999
H 18.49210 51.35490 -0.27027
H 20.12040 54.08070 -0.04668
H 16.90240 54.33550 0.05556
H 21.86830 56.76040 0.08101
H 18.67050 56.90500 0.02346
H 18.99080 66.86270 0.00931
H 16.26810 65.11300 0.32808
H 13.27230 63.77730 0.31429
H 19.36910 69.90550 -0.25519
H 16.36780 68.46100 -0.08181
H 13.57550 66.95980 0.11156
H 13.76440 70.24360 -0.30156
H 10.93020 68.79230 -0.19640
H 8.59674 49.03190 0.41508
H 5.41063 48.55600 0.39575
H 2.90137 56.89370 0.70966
H -0.40572 57.51550 0.31231
H 1.73134 59.89320 0.60808
H 3.77404 62.35880 0.37416
H 0.68349 62.92790 0.49577
H 2.73491 65.30690 0.22748
H -0.41076 65.93940 0.28104
H 1.72951 68.33160 -0.03157
H 0.69778 71.34180 -0.30899
C 18.46890 47.50520 1.52209
C 15.32670 47.03930 1.53279
C 13.43150 50.80500 1.71865
C 15.40530 53.36840 1.82731
C 12.29170 53.88290 2.11342
C 16.92030 56.24490 1.70830
C 18.91150 58.67760 1.67502
C 20.45050 61.47380 1.63907
C 22.55080 64.12240 1.92658
C 17.65650 61.60180 1.74812
C 15.32210 59.70390 1.26902
C 12.23000 59.04740 2.23182
C 10.18850 56.81550 1.32507
C 20.79400 67.07230 1.67100
C 18.63570 64.71160 0.99580
C 8.73157 60.51660 1.36765
C 21.32180 70.03750 1.28899
C 9.41135 63.91850 1.86002
C 9.77859 67.37290 1.54166
C 7.43150 69.51070 1.31289
C 11.55280 51.73470 1.90692
C 5.02036 50.21990 2.17063
C 1.76542 49.70450 2.07270
C 9.19208 53.85700 1.96708
C 6.15012 53.11010 2.50313
C 2.94340 52.70290 2.28865
C -0.09721 52.23480 2.00626
C 3.80155 55.62630 2.69690
C 6.21371 58.42050 2.50343
C 5.21802 61.30200 2.04906
C 7.35539 63.71410 1.87801
C 6.45654 66.66980 1.48482
C 5.31124 69.63100 1.37635
C 21.59890 47.38040 1.13351
C 19.93270 50.25420 1.44591
C 16.57700 50.04220 0.66792
C 21.61200 52.98130 1.58672
C 18.47410 53.12960 1.51070
C 20.18130 55.86870 1.61976
C 21.94900 58.57620 1.70104
C 15.20070 63.50190 1.92053
C 12.16630 62.14130 1.89055
C 18.24230 68.61150 1.50688
C 15.56530 66.84090 1.67661
C 12.52890 65.55780 1.91008
C 15.56700 70.32200 1.33044
C 12.79090 68.85680 1.46424
C 10.33770 70.76320 1.11448
C 10.48430 48.44720 1.92838
C 7.15058 47.88820 1.98352
C 8.39292 50.76890 2.13216
C 0.85914 55.62290 1.36876
C 3.14305 58.74250 2.25117
C -0.02557 59.17440 2.15041
C 2.11941 61.80650 2.10062
C 4.25738 64.27570 1.80837
C 1.04516 64.84180 1.92988
C 3.17497 67.26840 1.64225
C 0.05894 67.84950 1.71580
C 2.11773 70.28540 1.43236
C 7.63638 90.99100 -1.58459
C 9.06583 93.73470 -1.11953
C 5.91565 93.47550 -1.61689
C 2.94885 92.96030 -2.12833
C -0.48737 92.63460 -2.60614
C 3.18567 75.55760 -2.42654
C 8.02540 78.26160 -2.72614
C 4.80726 78.33860 -2.74940
C 1.52922 78.30700 -2.64040
C 8.81983 86.96240 -4.58788
C 8.36295 89.15690 -2.05084
C 4.97506 89.82370 -1.43074
C 1.69570 89.93640 -2.48938
C 21.04660 80.62590 -2.10307
C 17.95030 81.67390 -2.28356
C 14.99400 83.29140 -2.97368
C 10.62510 86.14060 -5.21067
C 11.34520 87.98810 -2.11971
C 10.92230 91.11280 -0.76975
C 13.35680 93.17230 -1.70854
C 15.71210 95.22060 -1.55035
C 20.95750 95.78820 -1.48923
C 21.83960 73.06640 -1.85410
C 21.91570 77.03610 -1.41271
C 19.10920 78.03560 -2.22795
C 7.40112 72.20250 -2.26345
C 13.58150 78.14860 -3.07894
C 10.86750 76.39490 -3.48012
C 6.77511 75.23480 -1.97805
C 13.93030 81.50610 -3.14497
C 4.08149 72.40560 -2.19558
C 0.97445 73.00810 -2.16801
C 4.01066 95.98200 -1.79876
C 0.89887 95.61730 -2.15308
C 6.32633 81.09410 -3.07394
C 3.15392 81.07490 -2.89529
C -0.01177 81.05590 -2.75220
C 7.34757 83.79640 -3.99335
C 4.32315 83.92190 -3.05079
C 1.46404 83.98660 -2.82625
C 6.02342 86.92290 -2.75710
C 3.14898 86.98150 -2.60231
C 0.06479 86.87860 -2.72659
C 20.35810 83.88820 -2.10672
C 17.49940 85.20990 -2.31393
C 14.53710 86.76320 -2.52388
C 19.89610 87.27880 -1.97860
C 17.02310 88.51090 -2.04750
C 13.88960 89.86570 -2.06241
C 22.33820 89.44720 -1.73091
C 19.36440 90.53750 -1.77339
C 16.27440 91.76320 -1.79364
C 21.82930 92.60810 -1.45158
C 18.71100 93.74910 -1.67819
C 18.61950 71.48030 -1.98310
C 18.94170 74.70720 -2.24001
C 16.07210 73.18090 -2.25678
C 13.15800 71.71630 -2.21877
C 16.32220 76.29580 -2.67691
C 13.53330 74.84700 -2.81107
C 10.36710 73.34980 -2.64693
C 16.64540 80.00100 -2.72122
H 8.84188 91.77130 0.32358
H 5.82537 91.62480 -0.12607
H 10.19780 94.57420 1.07550
H 4.02257 94.10890 -0.19155
H 0.94175 93.54910 -0.77040
H 4.76853 76.41120 -1.12955
H 1.54013 76.65090 -0.59880
H 6.46430 79.37230 -1.13868
H 7.92027 82.15090 -1.84141
H 9.20083 84.71870 -3.40284
H 6.90319 89.25440 -0.12671
H 2.87043 90.86880 -0.81679
H -0.30035 90.63920 -1.14718
H 20.66850 78.91880 -0.44886
H 19.82440 82.11780 -0.43383
H 16.72330 83.41440 -1.03856
H 13.78330 84.71130 -1.20821
H 12.03980 86.45480 -3.11168
H 9.98422 88.84070 -0.26768
H 12.92340 91.20110 -0.25934
H 15.26210 93.18050 -0.09533
H 12.49420 94.39160 -0.57919
H 17.58310 95.47990 -0.33713
H 22.19950 71.21470 -0.17390
H 22.57220 74.91790 -0.16714
H 19.75720 76.31090 -0.56630
H 17.20330 78.10450 -1.19016
H 11.50920 75.18780 -1.31938
H 8.63933 73.92350 -0.97241
H 5.81102 73.32200 -0.73191
H 14.50110 79.85760 -1.26615
H 11.67910 78.33050 -1.75082
H 2.78282 73.81760 -0.62867
H 7.18871 94.45280 0.20032
H 3.21452 79.32010 -1.13380
H 0.04463 79.38920 -1.00460
H 4.76929 82.16990 -1.41879
H 1.62195 82.12680 -1.29091
H 6.27596 84.91190 -1.91371
H 3.02569 85.00400 -1.25582
H -0.06164 84.99210 -1.20358
H 4.62312 87.54900 -0.74074
H 1.48245 87.89400 -0.99048
H 22.94020 80.98630 -0.50154
H 22.22390 84.25350 -0.48058
H 19.25520 85.40020 -0.46169
H 16.17930 86.61040 -0.68779
H 13.35490 87.89040 -0.66251
H 21.69830 87.55070 -0.32940
H 18.72740 88.63560 -0.28576
H 15.73100 89.80510 -0.40183
H 21.07550 90.69960 0.00919
H 18.11550 91.89490 -0.12248
H 20.43300 94.04240 0.09760
H 19.72780 73.13840 -0.51802
H 16.69750 71.63850 -0.42398
H 16.98760 74.86230 -0.73528
H 14.08720 73.44550 -0.83774
H 11.26400 72.09150 -0.71939
H 14.30730 76.57290 -1.26089
C 7.16901 90.78220 1.70379
C 8.72434 93.61570 1.97179
C 5.55620 93.30830 1.54227
C 2.46005 92.58650 0.94736
C -0.93906 92.44950 0.50641
C 3.47094 75.66850 0.87960
C 8.39465 78.81110 0.35729
C 5.01178 78.47170 0.39979
C 1.65423 78.44380 0.67226
C 11.10090 83.08520 -3.84979
C 8.56062 87.93170 1.11995
C 4.60806 89.65070 0.41155
C 1.17393 89.76650 0.61034
C 21.08900 80.65400 1.18351
C 18.00650 81.91230 0.76458
C 14.60830 83.02170 0.48102
C 11.44460 84.16350 -2.07435
C 11.22440 86.74100 -0.59752
C 10.87580 90.69190 1.05001
C 13.37400 92.93250 1.44025
C 16.29530 94.60310 1.63627
C 20.79590 95.63780 1.71477
C 21.65450 73.36060 1.15548
C 21.55610 77.02430 0.91871
C 18.69970 78.04660 0.79283
C 7.57029 72.63030 0.85460
C 12.86570 78.20560 0.07344
C 9.24641 77.59680 -1.11428
C 6.86835 75.48630 -0.17905
C 13.14450 81.56740 0.06953
C 4.24526 72.79920 1.07593
C 0.92788 73.44150 0.95712
C 3.69675 95.90700 1.44225
C 0.61088 95.24880 0.97625
C 6.77623 81.66540 0.03841
C 3.28811 81.33060 0.32447
C 0.04431 81.38320 0.41394
C 8.54719 84.56940 -0.89568
C 4.86911 84.21800 0.03536
C 1.52378 83.96690 0.33193
C 5.98514 85.90310 0.37825
C 2.87155 86.60800 0.59263
C -0.23825 86.80200 0.41478
C 20.44000 83.93760 1.19109
C 17.20310 85.01730 0.90698
C 14.24400 86.11730 0.85123
C 19.86030 87.07710 1.26979
C 16.78000 88.17620 1.12416
C 13.83010 89.41580 1.16496
C 22.23240 89.15390 1.50662
C 19.10660 90.29470 1.49342
C 16.18530 91.43450 1.37208
C 21.60030 92.47780 1.62239
C 18.30860 93.79030 1.42353
C 18.58920 71.73250 1.16869
C 18.72330 74.81600 1.03181
C 15.80820 73.47550 0.92447
C 13.01470 72.15660 0.99118
C 15.99920 76.70150 0.52893
C 13.22870 75.28300 0.54897
C 10.40570 73.97520 0.67531
C 15.95690 79.66970 0.48822
C 36.25240 0.52762 -0.70628
C 33.24270 0.17531 -0.83474
C 37.41430 3.30496 -0.80815
C 46.40200 9.64252 -1.16073
C 43.29320 9.39163 -1.11317
C 40.02300 8.92841 -1.19836
C 40.97340 12.19690 -0.63702
C 31.54580 1.01450 -1.24757
C 25.29030 1.03784 -1.04838
C 33.69600 3.35831 -0.07025
C 35.38140 6.03553 -0.92992
C 36.95630 8.82575 -1.07015
C 24.10620 9.54984 -1.38097
C 38.61500 11.71830 -1.21110
C 37.13930 14.67330 -1.31624
C 24.30180 15.25370 -1.27372
C 26.07250 17.82980 -1.25015
C 33.14220 20.42980 -1.93726
C 31.08520 20.47050 -1.37198
C 27.59360 20.62270 -1.22203
C 23.97800 21.08270 -0.42509
C 47.37820 11.48320 -1.09876
C 44.27340 12.42480 -0.24133
C 42.90170 14.96620 -1.64955
C 41.74430 17.87870 -1.20176
C 38.35920 19.08910 -0.77014
C 38.74020 22.36970 -1.07526
C 45.61220 1.22577 -0.77758
C 42.44610 0.84740 -0.57024
C 39.38360 0.61371 -0.59459
C 47.02510 4.05727 -1.06585
C 43.78850 3.76155 -0.87546
C 40.61420 3.45831 -0.77052
C 45.25300 6.68745 -1.07471
C 41.98640 6.41101 -1.02114
C 38.67360 6.15989 -0.95932
C 28.50200 0.99505 -0.95034
C 30.36300 3.84556 -0.91040
C 27.11230 3.74954 -1.03219
C 23.86930 3.84404 -1.02115
C 32.01490 6.41182 -0.97248
C 28.73630 6.59283 -1.11353
C 25.55770 6.60461 -1.14155
C 33.73130 9.03376 -1.17002
C 30.46020 9.22793 -1.18971
C 27.27790 9.43478 -1.22985
C 35.40520 11.67250 -1.31570
C 32.10860 11.86150 -1.28107
C 28.94810 12.13670 -1.25276
C 25.79730 12.31520 -1.30616
C 33.88790 14.65640 -1.42472
C 30.63830 14.72250 -1.39259
C 27.47600 14.95360 -1.29052
C 35.60030 17.47080 -1.53466
C 32.13380 17.35500 -1.61924
C 29.19830 17.69780 -1.35051
C 47.28010 14.57320 -1.06888
C 44.40040 16.11840 -1.00322
C 47.08360 17.82830 -1.07202
C 44.43810 19.42720 -0.97759
C 41.53260 20.84140 -0.92815
C 46.93930 20.95530 -1.04431
C 44.22360 22.50480 -0.89925
H 34.57500 1.30695 0.91417
H 38.96510 4.42425 0.75427
H 35.82230 4.25889 0.79994
H 46.83650 7.76689 0.48598
H 40.28950 7.23161 0.55324
H 44.86800 10.30510 0.56120
H 41.67230 10.07100 0.15850
H 28.53980 -0.80466 0.92297
H 25.46350 -0.85579 0.54432
H 30.21520 1.90811 0.74314
H 23.70280 1.94841 0.53751
H 31.85010 4.75660 0.89497
H 37.02450 7.11631 0.62916
H 33.76630 7.23829 0.54264
H 38.50560 9.94817 0.47747
H 36.92850 12.75520 0.31432
H 24.23950 13.31080 0.33754
H 38.48960 15.40480 0.00742
H 35.39650 15.60360 0.23219
H 34.02070 18.55480 -0.53136
H 24.59070 18.79840 0.68315
H 32.76130 21.39520 0.40680
H 29.49710 21.38680 0.33054
H 26.35770 21.50440 0.44984
H 46.50030 13.00570 0.62344
H 43.56590 14.56510 0.74123
H 41.00230 16.20240 -0.38360
H 40.55850 19.20570 0.64711
H 37.63350 20.62260 0.60171
H 22.50190 -0.99325 0.22163
H 45.77100 -0.47980 0.93234
H 42.67940 -0.81832 1.18480
H 39.57690 -1.12931 1.10543
H 36.36840 96.27450 0.95281
H 47.18820 2.33949 0.66302
H 44.01140 2.06599 0.84438
H 40.84480 1.77422 0.99889
H 37.72670 1.58403 0.93635
H 45.40450 4.90311 0.57444
H 42.15060 4.63602 0.67798
H 43.52950 7.49662 0.51610
H 26.87330 1.94503 0.66519
H 28.63350 4.79021 0.58866
H 25.52750 4.81403 0.53385
H 30.36740 7.47245 0.50059
H 27.16950 7.64187 0.41296
H 24.02160 7.80102 0.32329
H 35.36160 9.97224 0.44385
H 32.16220 10.07230 0.38783
H 28.88990 10.31900 0.35890
H 25.63850 10.47360 0.28194
H 33.84010 12.79090 0.18624
H 30.62100 12.98470 0.27600
H 27.42020 13.16110 0.35286
H 32.29830 15.65270 0.14576
H 29.18000 15.83040 0.21665
H 26.03040 15.98670 0.38755
H 30.94160 18.59900 0.12627
H 27.74930 18.66670 0.36105
H 46.37050 16.18210 0.52447
H 43.52220 17.75710 0.53219
H 46.22940 19.34840 0.65695
H 43.37160 20.87270 0.66531
H 40.49690 22.42200 0.70864
H 46.06420 22.45310 0.66185
C 36.23020 0.57978 2.57138
C 33.13950 0.19865 2.57552
C 37.46720 3.47460 2.48342
C 46.48050 9.68205 2.13199
C 43.21180 9.43191 2.01643
C 40.27830 9.18534 1.98098
C 40.87170 12.31000 1.32159
C 31.40310 1.14262 2.83263
C 25.21940 0.93114 2.22153
C 33.71440 3.43024 1.84743
C 35.34290 6.25241 2.24787
C 36.91540 9.08930 2.12893
C 24.00700 9.64078 1.95025
C 38.61450 11.94250 1.93052
C 37.28970 14.84110 1.74778
C 24.23550 15.21410 1.93081
C 25.99770 17.90680 2.02047
C 35.07910 20.51150 0.78856
C 31.30100 20.37470 1.86495
C 27.69000 20.60910 1.98753
C 23.96080 21.18850 1.43385
C 47.54390 11.46840 2.20895
C 44.38530 12.43990 1.61483
C 41.36910 14.45550 1.64376
C 41.47120 17.56610 1.89162
C 38.56470 19.49790 2.32048
C 38.61840 22.49940 2.28419
C 45.72930 1.46277 2.40900
C 42.57410 1.16057 2.59704
C 39.31590 0.78743 2.61057
C 47.15750 4.23197 2.16418
C 43.86430 4.01440 2.27742
C 40.63840 3.75259 2.39586
C 45.28210 6.80561 2.13772
C 41.96410 6.57504 2.17914
C 38.71780 6.36229 2.23250
C 28.38670 0.72305 2.27079
C 30.08170 3.89205 2.39073
C 27.01320 3.82570 2.22177
C 23.76930 3.83641 2.04453
C 31.96260 6.54069 2.20782
C 28.67820 6.72189 2.11040
C 25.48770 6.80204 1.98687
C 33.70480 9.18488 2.11007
C 30.45160 9.38134 2.01928
C 27.20460 9.56799 1.93180
C 35.32730 11.91520 1.95986
C 32.21250 12.01110 1.86714
C 29.03530 12.19940 1.92690
C 25.77380 12.28360 1.94482
C 33.83630 14.65020 1.80593
C 30.72980 14.86010 1.82699
C 27.64930 15.01930 1.93322
C 34.90980 17.51530 1.63903
C 32.76450 17.62540 1.45704
C 29.38880 17.68760 1.80226
C 47.40840 14.65860 2.15068
C 44.45440 16.05470 2.08610
C 47.30880 17.76480 2.12832
C 44.36370 19.26790 2.22057
C 41.53770 20.82410 2.28265
C 47.22840 20.95630 2.16300
C 44.25240 22.47710 2.27447
C 47.26000 30.04100 -0.99953
C 45.65930 33.18000 -1.88705
C 47.47250 36.16890 -2.14894
C 46.30560 38.96720 -1.96541
C 35.84740 23.63210 -1.30354
C 38.38900 25.98710 -0.66683
C 41.19430 27.26850 -1.05379
C 46.41080 27.05980 -1.26739
C 43.76700 28.97150 -1.18340
C 35.15380 25.64730 -1.48651
C 32.63120 23.71090 -0.74167
C 29.26800 23.32870 -1.38076
C 39.12430 29.93030 -1.34088
C 36.02380 28.70490 -1.49238
C 26.54570 25.38410 -1.64116
C 42.63530 34.75260 -2.22199
C 39.49910 33.28110 -1.73649
C 24.28520 27.54760 -1.77487
C 40.42660 37.11760 -0.54789
C 37.52800 38.13310 -2.04690
C 35.06040 40.08470 -2.14933
C 32.80970 42.41700 -2.05721
C 29.61610 41.12750 -2.15223
C 27.28140 40.71250 -1.59458
C 23.34970 39.24170 -2.87279
C 24.96590 42.47110 -3.10575
C 29.78860 44.48580 -2.06733
C 26.55180 44.87130 -2.31808
C 31.28780 47.62380 -1.92303
C 44.11330 36.40300 -1.91200
C 42.64900 39.22050 -1.70512
C 39.70410 40.61160 -1.75549
C 44.60710 41.59950 -2.05841
C 39.77270 43.91520 -1.95658
C 37.09810 45.40690 -2.25046
C 33.69500 45.80370 -1.11303
C 45.30590 44.42540 -1.74114
C 41.46060 23.93540 -1.01381
C 46.77170 24.01710 -1.03590
C 43.98620 25.54220 -0.97873
C 32.78760 27.54350 -1.60385
C 29.77660 26.59500 -1.83396
C 36.47670 31.76580 -1.74380
C 33.42500 30.67990 -1.79104
C 30.31530 29.67860 -1.78464
C 27.29820 28.62920 -1.81655
C 36.87060 34.93560 -2.00834
C 33.90160 33.79340 -1.93129
C 30.84960 32.72220 -1.95096
C 27.81350 31.71780 -1.92041
C 24.79280 30.70180 -1.79919
C 34.48570 36.95870 -2.06671
C 31.48030 35.87950 -2.09379
C 28.46250 34.87490 -2.10023
C 25.40700 33.86360 -2.02945
C 32.08200 39.07890 -2.13315
C 29.08460 38.01330 -2.16499
C 26.05280 37.20770 -2.29597
C 28.19850 47.58230 -1.90131
C 42.66850 42.44390 -1.81419
C 42.46690 45.84120 -1.94532
C 39.55340 47.23900 -1.93050
H 45.63410 31.74980 -0.18954
H 47.42120 34.33310 -0.52052
H 45.98720 37.10390 -0.44422
H 37.61380 23.91010 0.45536
H 40.45470 25.51990 0.47504
H 39.27550 28.07870 0.28317
H 45.71800 28.72800 0.33890
H 42.88710 30.28060 0.43941
H 36.33280 26.96150 0.22291
H 33.35210 25.91450 0.17439
H 30.43550 24.79120 -0.21222
H 40.18830 31.72660 0.31495
H 37.11260 30.22950 0.12828
H 27.96680 26.93120 -0.12197
H 25.03760 25.67470 -0.00809
H 41.01780 34.71010 -0.39499
H 38.09600 36.34700 -0.41619
H 39.05670 39.16410 -0.28015
H 23.29160 34.20270 -0.53167
H 36.34140 41.32100 -0.14266
H 30.29730 39.36880 -0.51483
H 27.26180 38.42530 -0.44662
H 23.75810 37.29200 -1.12184
H 33.85170 43.56580 0.06287
H 30.70220 42.57120 -0.60854
H 26.35150 42.85170 -0.90331
H 31.33440 45.58500 -0.48988
H 28.14500 45.55200 -0.49491
H 44.21420 34.52140 -0.32131
H 42.84120 37.38440 -0.07250
H 44.64190 39.84960 -0.43168
H 41.69020 40.93190 -0.24659
H 38.83330 42.43500 -0.09090
H 36.38180 43.83140 -1.61800
H 44.29540 42.96460 -0.09554
H 43.19260 23.99450 0.68756
H 45.85800 25.58910 0.56234
H 43.07430 27.21740 0.50991
H 34.03250 29.01000 -0.05403
H 30.90510 27.97800 -0.08492
H 37.52110 33.36290 -0.20649
H 34.56850 32.17380 -0.23147
H 31.56310 31.08540 -0.26412
H 28.47840 30.08330 -0.22985
H 25.48950 28.97440 -0.15309
H 35.04610 35.30970 -0.38958
H 32.04690 34.20050 -0.43103
H 29.03890 33.20110 -0.39459
H 26.03660 32.16770 -0.27595
H 35.66660 38.36600 -0.43872
H 32.63530 37.34250 -0.51183
H 29.63560 36.28950 -0.54332
H 26.44650 35.30390 -0.69757
H 33.28580 40.52910 -0.51158
H 24.90780 45.62880 -0.64925
H 41.58410 44.16540 -0.40540
H 38.76420 45.51360 -0.43853
H 35.87920 46.66210 -0.44714
H 44.27670 46.03570 -0.31304
H 41.41100 47.35460 -0.35853
C 47.40520 30.34320 0.89116
C 45.85390 33.30550 1.19869
C 47.67530 36.17980 1.05971
C 46.25350 38.91040 1.19943
C 35.71300 23.71470 2.01299
C 38.28950 26.11470 1.37515
C 41.06960 27.40120 1.86983
C 46.60830 27.29600 2.12126
C 43.90180 29.06340 2.02424
C 35.00910 25.75610 1.94783
C 32.44690 23.81300 1.08395
C 29.46030 23.19700 1.68158
C 38.94980 29.94460 1.82726
C 35.77600 28.82150 1.68544
C 26.60390 25.43650 1.51765
C 42.55310 32.87260 0.38765
C 39.49280 33.49510 1.38168
C 24.38570 27.65730 1.62828
C 40.94760 36.57960 1.25513
C 37.39140 38.02080 1.29470
C 35.25500 40.35700 1.04823
C 32.65390 42.34480 1.13373
C 29.43120 41.09460 1.01465
C 27.19550 40.76890 0.34045
C 22.38690 38.88360 0.52345
C 24.27590 41.75960 -0.24788
C 29.77960 44.35020 1.01009
C 26.38260 44.23330 0.82183
C 31.25430 47.12240 1.46777
C 44.47650 36.29550 1.35845
C 42.89490 39.40040 1.24808
C 39.79170 40.48260 1.34997
C 45.20990 41.59310 1.26355
C 39.66890 43.86900 1.16274
C 36.82630 44.76900 0.78742
C 33.99800 45.94660 0.95756
C 45.21120 44.59990 1.43598
C 41.33490 24.15150 2.24760
C 47.03060 24.15270 2.09319
C 44.05720 25.69640 2.16896
C 32.68360 27.77980 1.61710
C 29.75620 26.49580 1.54166
C 36.30720 32.06640 1.50580
C 33.38120 30.85350 1.42063
C 30.29820 29.83370 1.40499
C 27.35790 28.71450 1.47214
C 36.74630 35.13650 1.33202
C 33.79630 33.98070 1.21558
C 30.83860 32.90540 1.23678
C 27.91480 31.86920 1.32925
C 24.99370 30.77630 1.47419
C 34.38780 37.04860 1.16775
C 31.39410 36.00680 1.10076
C 28.22350 35.06320 1.00742
C 25.21640 34.08310 1.09705
C 32.09280 39.11860 1.10547
C 28.92340 38.02820 1.06443
C 25.44520 37.11700 0.76331
C 28.06950 47.20390 1.36392
C 42.37490 42.61560 1.32643
C 42.44930 45.80220 1.23609
C 39.59520 47.02000 1.23239
H 35.80130 60.22590 1.01410
H 33.10110 58.75240 0.93950
H 39.13980 63.60560 0.89703
H 36.05240 62.98490 0.76009
H 42.91110 68.14290 0.18413
H 39.91030 66.99850 0.83485
H 27.88400 62.76870 0.46696
H 43.37270 71.35180 0.74306
H 24.20840 65.25200 0.47642
H 25.50560 68.23130 -0.00975
H 26.62330 71.29760 -0.14733
H 33.14330 61.91460 0.75535
H 36.90060 66.02480 0.59197
H 33.74550 65.05010 0.56340
H 30.69910 63.88090 0.48396
H 40.44250 70.19230 0.52501
H 37.41830 69.15180 0.46377
H 34.35300 68.09000 0.40228
H 31.12970 66.98980 0.38345
H 27.87880 65.91900 0.32695
H 34.93960 71.18200 0.24909
H 31.86320 70.13670 0.23560
H 28.75300 69.06920 0.20240
C 46.00780 66.68830 -1.60340
C 47.45290 69.54110 -1.43936
C 33.26270 50.15370 -0.84264
C 34.88540 53.15630 -0.65897
C 32.98720 55.82490 -0.71224
C 29.77920 55.67900 -1.13306
C 29.06000 58.70640 -0.45825
C 26.86170 61.30740 -1.19549
C 23.87600 61.39580 -1.34437
C 35.25660 58.27790 -0.42087
C 37.94310 61.99050 -0.39409
C 34.91860 61.55610 -0.84193
C 32.21450 60.35670 -0.94786
C 41.89810 66.60730 -0.82736
C 38.90270 65.21800 -0.73546
C 29.66380 62.31170 -1.10833
C 42.37580 69.86000 -1.04531
C 26.27680 64.32490 -0.50419
C 24.13860 67.11720 -1.31366
C 24.41670 70.40870 -0.77894
C 36.54490 48.59340 -1.83397
C 36.19270 51.67500 -1.43863
C 35.91630 54.94390 -1.02625
C 38.51790 56.69640 -1.12025
C 40.68780 58.87390 -0.83603
C 46.43860 59.31990 -0.97910
C 41.01290 62.48530 -0.46580
C 45.55230 62.43920 -0.51777
C 43.94100 63.76890 0.07761
C 25.02110 47.68650 -1.98045
C 29.84280 50.29800 -1.47679
C 26.57390 50.39810 -1.67748
C 23.28790 50.43680 -1.77110
C 31.45150 52.98450 -1.10423
C 28.21760 53.02450 -1.34660
C 25.00030 53.15760 -1.49984
C 26.67330 55.79800 -1.33180
C 23.48100 55.87160 -1.48004
C 25.36840 58.57420 -1.22612
C 35.64510 64.58430 -0.96013
C 32.58610 63.51310 -0.99238
C 39.28520 68.61730 -0.98783
C 36.24490 67.67870 -1.11805
C 33.08030 66.64450 -1.15815
C 29.85470 65.50390 -1.18118
C 36.84350 70.77540 -1.24870
C 33.73970 69.72620 -1.31196
C 30.62460 68.73090 -1.35335
C 27.48120 67.66640 -1.43065
C 31.50740 71.77720 -1.54340
C 28.44070 70.69000 -1.64590
C 45.11140 47.67340 -1.94613
C 42.18820 49.12790 -1.83259
C 39.20110 50.46180 -1.67781
C 44.76150 51.05070 -1.76079
C 41.80600 52.35240 -1.52509
C 38.86090 53.61730 -1.34756
C 44.38730 54.19200 -1.42733
C 41.44660 55.51630 -1.24930
C 46.90450 56.08630 -1.36862
C 43.90760 57.35410 -1.10738
C 43.35110 60.52610 -0.53090
H 46.00500 64.97100 -0.20683
H 47.60910 67.64000 0.02778
H 45.61680 69.75540 0.22050
H 32.93160 47.92040 -0.11307
H 31.25760 51.02340 0.40669
H 32.86980 53.81700 0.69601
H 31.12630 56.47450 0.89875
H 30.26980 60.59750 0.60183
H 26.91480 59.55300 0.48409
H 25.30830 62.30120 0.38672
H 35.55180 49.84070 0.03454
H 47.04310 47.73950 -0.31307
H 38.13370 51.78940 0.11998
H 37.83050 54.93660 0.47724
H 34.86640 56.21170 0.76910
H 37.52820 58.06220 0.87819
H 39.86770 60.62440 0.69022
H 45.35600 60.46240 0.89086
H 42.70680 62.08710 1.45499
H 29.73400 48.25180 -0.08836
H 26.58300 48.38770 -0.22743
H 28.10680 51.08230 0.07706
H 24.92020 51.16440 -0.05966
H 29.70100 53.78070 0.41137
H 26.53500 53.89770 0.25045
H 23.27920 53.93600 0.06216
H 28.15340 56.59980 0.41627
H 25.01160 56.64920 0.26891
H 23.65600 59.50770 0.21738
H 38.44560 48.61680 -0.24019
H 44.13280 49.19690 -0.25571
H 41.10320 50.48430 -0.09147
H 46.69110 51.07520 -0.18280
H 43.71320 52.32900 0.05346
H 40.75100 53.66310 0.23580
H 46.27700 54.20570 0.14077
H 43.31250 55.49510 0.36954
H 40.36880 56.79830 0.52515
H 45.82910 57.39510 0.45059
H 42.74210 58.74480 0.60110
C 45.24770 67.30370 0.38665
C 47.39970 69.17030 1.90538
C 33.36850 50.03610 1.12459
C 34.96060 52.96140 1.71540
C 33.08490 55.66110 2.33068
C 29.66850 55.56310 2.13824
C 29.04310 58.65110 1.42249
C 26.78210 61.24230 2.04023
C 23.72370 61.30710 1.87251
C 35.27790 58.12470 2.19842
C 37.79320 61.54330 1.59034
C 34.80940 61.84880 2.52348
C 32.21190 60.20450 2.31714
C 41.69750 66.78920 2.13158
C 38.59350 65.45480 2.38011
C 29.60290 62.39490 2.14988
C 42.20120 69.67500 2.14373
C 26.25740 64.31410 1.33112
C 24.15800 67.00880 1.85658
C 24.90780 70.16680 1.24009
C 36.63510 48.08990 1.37375
C 36.33120 51.35040 1.77381
C 36.06890 54.73360 2.19432
C 38.48450 56.62740 2.22525
C 40.67500 58.75260 2.04029
C 46.65440 58.87410 2.25218
C 40.69830 62.32840 2.48744
C 46.06760 61.99210 2.65073
C 44.32990 63.17390 3.05790
C 24.90700 47.23340 1.17529
C 29.73370 50.03980 1.65108
C 26.45530 50.05250 1.55209
C 23.27040 50.12170 1.46674
C 31.33900 52.91180 2.06366
C 28.03630 52.76460 1.83328
C 24.80470 52.87510 1.67578
C 26.48810 55.67380 1.93633
C 23.33010 55.67000 1.74922
C 25.12330 58.48180 1.86529
C 35.50980 64.81950 2.24702
C 32.47840 63.75010 2.21087
C 39.13790 68.92460 2.20533
C 36.14430 67.84860 2.08761
C 33.00870 66.86010 2.05336
C 29.75950 65.65570 1.95943
C 36.68710 70.93840 1.94619
C 33.66310 69.92310 1.90491
C 30.51660 68.87700 1.91273
C 27.32050 67.67400 1.74226
C 31.28470 72.01620 1.69178
C 28.22800 71.03230 1.65477
C 45.36350 47.62190 1.28133
C 42.32070 48.88580 1.33798
C 39.27400 50.11560 1.52718
C 44.96910 50.73630 1.50288
C 41.87450 51.99800 1.66912
C 38.95440 53.33000 1.88626
C 44.49010 53.88290 1.78111
C 41.51790 55.22110 2.01174
C 46.96350 55.76750 1.92133
C 43.99020 57.13870 2.04297
C 43.59260 60.05730 2.53248
H 41.07380 73.35780 0.30811
H 38.65460 75.42170 0.31626
H 36.15830 77.46340 0.13687
H 24.41480 72.85970 -1.46677
H 33.93760 79.54450 -0.68479
H 30.79900 78.53120 -0.71436
H 27.70120 77.49520 -1.16787
H 24.85800 75.99430 -2.01357
H 38.00550 72.26380 0.34004
H 35.59720 74.30600 0.18866
H 32.55690 73.34490 0.03185
H 29.56570 72.20970 -0.07082
H 33.17880 76.45810 -0.28078
H 30.13080 75.42110 -0.41400
H 27.07080 74.40050 -0.62854
C 41.44390 89.78990 -0.45250
C 34.65670 90.26160 -0.20300
C 45.71670 93.23610 -0.73146
C 43.09730 92.22450 0.64493
C 39.91250 92.62930 -0.50821
C 36.79520 92.59170 -0.60421
C 33.74280 93.05650 -1.09735
C 31.16540 95.20420 -0.28661
C 45.53760 74.96450 -0.21889
C 42.25680 76.77820 -1.12526
C 39.46510 78.72460 -1.31403
C 36.85820 80.66430 -1.36989
C 36.62690 83.70590 -1.01129
C 36.94160 86.90140 -0.83706
C 40.08610 88.26010 -0.93852
C 44.91790 88.57580 -0.68716
C 44.94200 71.75120 -1.16531
C 27.10740 95.97920 -1.11018
C 24.00680 79.33990 -1.98990
C 29.80410 80.51900 -1.75764
C 26.28030 81.68590 -2.40231
C 32.48600 84.39710 -2.27595
C 31.25240 86.06760 -2.20678
C 33.81640 87.64300 -1.41170
C 31.04540 89.19110 -1.53751
C 30.39120 92.32880 -1.37553
C 27.51280 93.83530 -1.05228
C 43.06790 72.93740 -1.19943
C 40.70790 75.25620 -1.21856
C 38.09100 77.15790 -1.37253
C 26.26030 72.64890 -2.21342
C 35.49520 79.05220 -1.67680
C 29.58530 76.95770 -2.37344
C 26.45840 75.65800 -2.69067
C 44.25530 95.82290 -0.45270
C 41.25280 95.59170 -0.46589
C 38.11610 95.32770 -0.50900
C 34.85750 95.19940 -0.67919
C 45.12950 78.54470 -1.19937
C 42.41500 80.24040 -1.17670
C 39.72050 81.98620 -1.15204
C 45.11140 81.85210 -1.11840
C 42.47510 83.48750 -0.90316
C 39.64700 85.09980 -0.64427
C 45.31170 85.21480 -0.80317
C 42.50380 86.62280 -0.53984
C 23.28850 82.74880 -2.16540
C 28.70110 84.04410 -2.37757
C 25.75840 85.01300 -2.14203
C 22.79610 86.14640 -2.00619
C 28.22990 87.23030 -2.00908
C 25.17290 88.31190 -1.85142
C 27.79200 90.55160 -1.53623
C 24.91210 91.43780 -1.53033
C 24.12510 95.04940 -0.70138
C 39.81500 71.81300 -1.25919
C 37.49070 73.98810 -1.36863
C 34.48160 72.87520 -1.44964
C 35.23600 76.01800 -1.56490
C 32.09270 74.89840 -1.82094
C 29.08760 73.79560 -1.90969
C 32.64030 77.89590 -2.23681
H 39.92140 90.82900 1.39991
H 36.71530 90.73580 1.27031
H 44.53180 94.12090 1.22852
H 35.12850 93.43620 0.94960
H 32.04570 92.99180 0.36098
H 33.18200 95.97940 0.87894
H 44.20490 76.96870 0.63850
H 41.36460 78.58830 0.38650
H 38.66510 80.33460 0.30882
H 35.84100 81.74680 0.64459
H 47.11100 78.53220 0.47402
H 35.80100 84.97950 0.67742
H 35.29110 88.06160 0.54893
H 38.30190 88.30740 0.93493
H 43.75980 89.80400 0.77003
H 46.18420 91.62340 1.20539
H 46.35220 72.73710 0.64056
H 23.78970 77.81010 0.06440
H 26.02400 79.99210 -0.39877
H 28.20790 82.16700 -0.90300
H 30.53030 84.18880 -0.71361
H 33.03550 86.01260 -0.46697
H 32.60650 89.01520 0.32881
H 29.64870 90.47070 0.11459
H 26.61070 91.75720 0.34025
H 23.46700 92.76190 -0.03511
H 29.33600 93.70690 0.37841
H 41.33650 93.78820 1.18434
H 38.24980 93.53390 1.11137
H 44.28290 80.17710 0.49195
H 41.52960 81.78490 0.56450
H 38.67590 83.48650 0.52108
H 47.08110 81.93120 0.38005
H 44.38880 83.44290 0.68371
H 41.61940 84.88460 0.95737
H 47.19040 85.16150 0.79948
H 44.40030 86.71660 0.98674
H 41.31430 87.91610 1.17353
H 46.93280 88.61910 0.95352
H 25.20940 83.12760 -0.65377
H 27.63160 85.32770 -0.57981
H 24.65520 86.39780 -0.39966
H 30.07170 87.27980 -0.35036
H 27.09530 88.53870 -0.25232
H 24.13080 89.62610 -0.01946
C 41.92360 89.73890 2.71687
C 34.29920 90.09540 1.73171
C 46.25210 93.52500 2.86975
C 43.09960 92.70140 2.54434
C 39.84210 92.57730 2.82268
C 36.60730 92.49400 2.69934
C 33.48400 92.13900 2.14164
C 31.11310 94.93290 1.56578
C 45.20890 74.79430 1.59932
C 42.00710 76.77160 2.04772
C 39.33990 78.66820 1.97101
C 36.70170 80.56830 1.86311
C 36.77610 83.67250 2.23234
C 36.50290 86.94040 2.35876
C 39.63080 87.06800 2.73747
C 45.03830 88.50840 2.61569
C 45.32230 71.16420 2.28036
C 26.78660 95.47890 2.28156
C 24.00750 79.50960 1.32847
C 30.01870 80.80380 0.09459
C 26.46230 81.51100 0.82611
C 31.72840 82.19040 0.07873
C 31.15330 85.66530 1.13264
C 33.38860 87.17550 1.75069
C 30.64010 88.70640 1.60905
C 30.26120 91.84010 1.76046
C 27.56670 93.47320 2.00341
C 42.96280 73.33900 2.06418
C 40.50490 75.23460 1.97445
C 37.85360 77.20080 1.88631
C 25.52600 73.24560 0.86956
C 35.19990 79.24330 1.49486
C 29.00260 77.40050 0.70166
C 25.82930 76.30710 0.34137
C 44.43300 96.05890 2.70129
C 41.20670 95.66700 2.77398
C 37.97190 95.40200 2.64661
C 34.83140 95.22600 2.55410
C 45.03960 78.36710 2.16909
C 42.42330 80.10150 2.16113
C 39.58680 81.76960 2.09312
C 45.36940 81.70240 2.14839
C 42.56230 83.12370 2.36094
C 39.65630 84.96940 2.35436
C 45.30880 84.95180 2.44272
C 42.58110 86.40230 2.66002
C 23.49100 82.76100 1.09382
C 28.71760 83.74590 0.93055
C 25.87140 84.81460 1.04290
C 22.85030 85.97910 1.21255
C 28.18560 86.92140 1.22389
C 25.30060 88.01020 1.39782
C 27.59730 90.18180 1.62131
C 24.53450 91.37860 1.71003
C 23.92380 94.87500 1.17032
C 39.78680 72.05680 2.03097
C 37.33350 74.04800 1.91982
C 34.26680 72.95900 1.76574
C 34.76020 76.12700 1.60454
C 31.80410 75.25840 1.38847
C 28.69620 74.19440 1.17113
C 32.20490 78.39370 1.01687
C 53.26870 96.20490 -0.92493
C 50.17370 96.19510 -1.41387
C 47.09410 96.28360 -0.95227
C 53.74390 4.50317 -1.23520
C 50.52830 4.56377 -1.09661
C 48.53690 7.04460 -1.27376
C 58.19930 0.90043 -1.44459
C 57.05010 3.89082 -1.50593
C 56.00270 6.75278 -1.67274
C 58.30060 9.20560 -2.02265
C 69.78560 9.70937 -2.79115
C 66.67450 10.70260 -2.43298
C 63.50700 11.58830 -1.78394
C 60.26710 11.94180 -2.43602
C 69.78430 13.30620 -2.37622
C 66.66640 12.74860 -2.22891
C 64.58860 15.20500 -2.27043
C 61.43340 14.94930 -2.44565
C 62.30430 17.93220 -2.07075
C 60.43870 20.49740 -1.96899
C 61.85380 23.16150 -2.23319
C 58.58400 23.12970 -1.96714
C 52.37340 7.73904 -0.63389
C 50.17150 9.91796 -1.24807
C 55.02410 9.76095 -1.78724
C 55.56520 13.06770 -1.53132
C 57.87650 14.77610 -1.99659
C 58.86420 17.76310 -1.58044
C 55.25670 19.47300 -2.18674
C 55.44910 23.37420 -1.44685
C 55.11460 1.40199 -1.25724
C 51.97970 1.71478 -1.31170
C 48.77170 1.52971 -1.00554
C 67.48670 -1.12740 -1.80913
C 64.46060 -0.40780 -1.69873
C 61.37490 0.29395 -1.61424
C 69.72510 1.24665 -2.05114
C 66.61440 1.95579 -1.90679
C 63.52870 2.67089 -1.87844
C 60.30440 3.32970 -1.74741
C 68.77170 4.23704 -2.11596
C 65.64530 4.97200 -2.12733
C 62.47770 5.68526 -2.08100
C 59.19210 6.23698 -1.94372
C 70.95220 6.80945 -2.09329
C 67.67050 7.45396 -2.25777
C 64.61320 8.04203 -2.38502
C 61.51060 8.63254 -2.35837
C 71.20090 16.38850 -2.03500
C 67.85000 15.81270 -2.14497
C 68.96090 18.83560 -2.19649
C 65.69850 18.21480 -2.14200
C 70.03230 21.95020 -2.28835
C 66.87500 21.17670 -2.23242
C 63.70490 20.68470 -2.14070
C 52.73360 11.54560 -1.43955
C 50.05270 13.19230 -1.23819
C 52.67960 14.79030 -1.47681
C 49.86780 16.28000 -1.25790
C 55.16520 16.39550 -1.83727
C 52.43000 17.94300 -1.59096
C 49.72960 19.45820 -1.32135
C 52.52400 21.23700 -1.70732
C 49.64620 22.61790 -1.30250
H 55.00630 -0.26121 0.55403
H 51.80190 -0.23903 0.17295
H 53.65910 2.56845 0.31323
H 52.25410 5.53181 0.53395
H 50.05660 7.85418 0.09127
H 58.06380 -0.77047 0.33669
H 56.92040 2.16125 0.18796
H 55.68580 5.11257 0.19245
H 57.87880 7.44434 -0.23095
H 54.75830 8.30222 -0.20392
H 69.63330 8.06313 -0.74052
H 66.30480 8.89976 -0.55932
H 63.06930 9.34348 -0.92886
H 59.92190 9.95414 -0.76074
H 70.20530 11.54880 -1.19360
H 71.27040 14.59980 -0.78558
H 68.12430 13.93700 -0.53446
H 64.79520 13.51710 -0.80088
H 62.81950 15.97160 -0.64901
H 60.76670 18.70010 -0.28110
H 59.02930 21.41740 0.02808
H 52.10270 9.98364 0.30390
H 49.26640 11.50770 0.44098
H 54.80840 11.63930 -0.04118
H 57.51800 13.50680 0.17900
H 59.80560 15.68090 -0.75859
H 57.12510 16.51250 -0.48137
H 57.05730 19.53290 -1.30833
H 54.44960 21.29970 -0.56785
H 51.66340 22.83310 0.09500
H 48.85030 -0.39512 0.46825
H 50.48280 2.57858 0.43351
H 48.63350 5.14838 0.41474
H 69.36010 -0.53123 -0.39214
H 66.26490 0.24277 -0.18327
H 63.18940 0.97977 -0.15301
H 60.06580 1.61318 -0.02472
H 68.43580 2.52268 -0.41266
H 65.31560 3.32948 -0.34801
H 62.17750 3.98967 -0.33140
H 58.94170 4.58374 -0.15162
H 70.54110 4.88673 -0.52226
H 67.43470 5.64423 -0.54945
H 64.29490 6.37589 -0.55755
H 61.04200 6.95869 -0.51846
H 61.51440 12.91480 -0.90398
H 69.26800 17.02600 -0.50444
H 66.04210 16.39430 -0.55677
H 70.35920 20.11380 -0.63952
H 67.20450 19.41570 -0.56484
H 63.97700 18.87500 -0.50485
H 68.25360 22.47660 -0.69414
H 65.18260 21.86720 -0.61547
H 62.11270 21.49450 -0.52183
H 51.98800 13.16160 0.22586
H 49.19450 14.69190 0.47374
H 54.62890 14.81420 -0.02904
H 51.80170 16.36270 0.14943
H 49.04400 17.87260 0.40557
H 54.44390 18.09190 -0.25674
H 51.73370 19.63740 0.04172
H 48.91800 21.01060 0.38175
C 53.28060 -0.51820 2.16482
C 50.53270 95.80280 1.73824
C 47.53830 -1.13315 2.41560
C 53.81470 4.58407 1.85590
C 50.45790 4.53596 2.00299
C 48.67830 7.07681 2.00264
C 58.48970 1.13276 1.77026
C 57.35880 4.04694 1.65097
C 56.11310 6.83066 1.46676
C 58.08840 9.46673 1.08498
C 70.14230 10.04890 0.78790
C 67.03550 10.79090 1.13797
C 63.43560 11.62850 0.05419
C 59.53580 12.09530 0.56508
C 69.78180 13.26810 0.75434
C 66.50240 12.74770 0.90078
C 64.53490 15.22810 0.99373
C 61.36220 14.69780 0.89375
C 62.51950 17.71660 1.11014
C 60.56490 20.71790 1.23605
C 61.92300 23.29660 1.06555
C 58.69750 23.70850 1.29544
C 52.84840 7.86551 1.27464
C 50.24450 9.64595 1.83978
C 55.92820 9.89518 1.33426
C 55.84650 13.32240 1.55246
C 58.29080 15.19400 1.21856
C 58.50690 18.26310 0.40863
C 55.74360 19.79270 0.95736
C 55.54650 23.32890 0.41540
C 55.31830 1.78278 1.94794
C 52.17390 1.48685 1.93201
C 48.95090 1.47361 2.04885
C 67.68900 -0.97257 1.34849
C 64.55740 -0.22412 1.48579
C 61.54670 0.50829 1.57673
C 69.80950 1.30045 1.16506
C 66.70590 2.13897 1.26984
C 63.61060 2.87598 1.31259
C 60.51450 3.51817 1.39131
C 68.76770 4.39141 1.14197
C 65.68090 5.24466 1.14069
C 62.55400 5.93670 1.11969
C 59.49810 6.44616 1.32759
C 70.80990 6.76428 1.10690
C 67.91670 7.57083 1.02406
C 64.61640 8.42113 0.91888
C 61.41300 8.93405 0.94337
C 71.09510 16.26560 1.02965
C 67.82530 15.79110 1.07131
C 68.99740 18.90970 1.07251
C 65.79460 18.22470 1.05847
C 70.05320 22.02000 0.92689
C 66.95840 21.28860 0.96211
C 63.80750 20.75640 1.04121
C 53.12790 11.62480 1.77300
C 50.29740 13.13800 2.00974
C 52.97530 14.84820 1.68882
C 50.15230 16.32350 1.95703
C 55.56900 16.60180 1.33315
C 52.83670 18.03790 1.56726
C 50.11520 19.49740 1.86280
C 52.97610 21.25030 1.45089
C 49.94330 22.65330 1.85796
C 71.96820 28.23890 -2.86025
C 61.70050 26.10340 -1.29384
C 69.41170 30.05010 -3.59398
C 66.20010 29.10420 -3.47504
C 62.96560 28.76810 -2.87048
C 57.66740 26.32610 -2.42410
C 54.57930 26.93860 -2.20102
C 51.66530 27.37310 -2.08874
C 59.77790 28.71660 -2.55027
C 50.34480 30.41010 -2.12281
C 61.34740 31.61060 -2.98775
C 63.13100 33.98360 -3.86211
C 62.52990 37.52260 -3.26603
C 61.40080 40.68370 -2.36349
C 47.71130 42.19710 -1.22346
C 59.61500 43.46890 -2.58674
C 56.50130 43.79590 -2.58740
C 50.01260 44.78040 -2.09117
C 56.00260 46.96940 -1.76346
C 52.25030 47.15790 -2.01201
C 49.24140 25.65130 -1.46202
C 69.46960 33.37050 -2.73463
C 66.52220 32.51470 -3.31171
C 67.32060 35.71960 -2.59293
C 65.90210 38.34680 -2.43916
C 64.62600 41.19810 -2.72522
C 62.93660 43.93530 -2.69330
C 61.00630 46.57670 -2.52128
C 48.10490 45.83040 -1.75859
C 71.00800 24.90630 -2.58663
C 67.79660 24.09840 -2.49453
C 64.70100 23.54220 -2.32533
C 68.60860 27.02440 -2.98595
C 65.30910 26.44240 -2.60743
C 56.55780 29.46360 -2.49221
C 53.41980 29.98930 -2.31291
C 58.30750 32.03240 -2.77641
C 55.18550 32.63740 -2.62065
C 52.09900 33.08430 -2.32920
C 48.96010 33.31200 -2.17668
C 59.98440 34.60030 -3.24282
C 57.00760 35.20620 -2.86743
C 53.91160 35.67810 -2.55394
C 50.78030 35.99910 -2.32521
C 58.96090 37.79490 -3.09439
C 55.74660 38.26730 -2.74019
C 52.60610 38.65240 -2.43284
C 49.29900 38.99840 -2.15333
C 57.95050 40.95060 -2.71798
C 54.48740 41.19260 -2.50590
C 51.23480 41.69640 -2.26772
C 53.34760 44.10080 -2.36946
C 52.31360 24.47180 -1.69730
C 70.54670 35.14900 -2.43916
C 69.20910 38.23440 -2.49867
C 71.00830 40.83890 -2.43590
C 67.72180 40.96400 -2.54602
C 69.31720 43.71450 -2.52345
C 66.25370 43.92380 -2.52669
C 71.05060 46.33150 -2.56872
C 67.78890 46.71050 -2.43488
C 64.46190 46.71610 -2.57587
H 63.20450 24.35270 -0.64801
H 60.31610 24.22950 -0.57121
H 69.89270 28.54640 -1.60365
H 63.76910 27.43780 -0.94430
H 67.71120 30.67900 -2.51486
H 64.75220 30.23270 -1.86198
H 57.34070 24.75010 -0.52257
H 54.24930 25.28630 -0.40214
H 59.57950 27.27820 -1.03488
H 53.31740 28.30520 -0.58760
H 50.23410 28.83880 -0.66790
H 61.57160 29.95040 -1.17836
H 48.97940 31.63110 -0.43602
H 63.14830 32.68370 -1.61865
H 61.97020 35.42700 -2.10893
H 60.63310 38.45780 -2.05160
H 47.90750 39.88790 -0.27298
H 59.54190 41.62180 -0.95951
H 50.01640 42.69770 -0.77898
H 58.18490 44.45050 -0.65376
H 55.10150 44.79390 -0.80522
H 51.97920 45.16350 -0.52389
H 51.20870 25.98710 -0.14081
H 48.38510 27.19690 0.35579
H 70.58120 33.48160 -0.59767
H 67.53670 33.65550 -1.38624
H 65.09790 34.51890 -2.98790
H 65.86030 36.41830 -0.68636
H 64.53000 39.29590 -1.11817
H 63.01380 42.06240 -1.09347
H 61.24470 44.56760 -1.04304
H 47.15520 44.40910 -0.04860
H 71.32020 23.33260 -0.71125
H 69.17480 25.54070 -1.16109
H 66.13180 24.88110 -0.91479
H 66.87850 27.83390 -1.50456
H 56.42950 27.71200 -0.78271
H 58.40950 30.25250 -1.06468
H 55.26130 30.83140 -0.94337
H 52.16630 31.30170 -0.68371
H 60.10010 32.97380 -1.37490
H 57.02780 33.39180 -1.22700
H 53.92170 33.85880 -0.94009
H 50.69460 34.17740 -0.68672
H 58.89520 35.91270 -1.45787
H 55.76090 36.41460 -1.14795
H 52.56230 36.76840 -0.81965
H 49.26030 37.00190 -0.66737
H 57.62260 38.96950 -1.30507
H 54.43170 39.30030 -0.90982
H 51.16250 39.66200 -0.68726
H 56.37230 41.85880 -1.08001
H 53.17450 42.23380 -0.72735
H 48.75080 24.13630 0.37294
H 69.05700 36.33680 -0.99507
H 70.84470 39.00580 -0.81837
H 67.66290 39.17490 -0.86977
H 69.36090 41.87270 -0.95076
H 66.17800 42.01620 -0.99576
H 71.06780 44.47440 -0.98448
H 67.85690 44.74810 -0.80453
H 64.55110 44.78070 -1.01506
C 71.48980 28.42250 0.32425
C 62.48380 26.34730 0.54554
C 68.94120 30.49680 -0.46743
C 66.77940 29.91410 -0.42408
C 63.60560 29.56480 0.24510
C 57.98920 26.72480 0.86155
C 54.79690 27.22380 1.01376
C 51.70630 27.95260 1.15873
C 60.00600 29.18680 0.56260
C 50.60040 30.63070 1.05877
C 61.68100 31.98800 0.25252
C 63.96060 34.86210 -0.69181
C 62.85130 37.57700 -1.29971
C 61.43480 40.25260 -0.49202
C 47.93560 42.19770 0.62170
C 60.03450 43.30900 0.74770
C 56.88920 43.65060 0.59991
C 50.50420 44.47250 0.99990
C 56.15810 46.80710 0.06498
C 52.61460 47.09160 1.00325
C 49.82180 25.73570 1.84349
C 68.65040 32.44240 0.37239
C 65.54930 32.49190 -1.64715
C 67.32980 35.28540 0.44654
C 65.94920 38.42240 0.75038
C 64.51640 41.10680 0.59068
C 62.93430 43.85740 0.60797
C 61.02130 46.42920 0.60747
C 48.10670 45.99860 1.35493
C 70.85990 25.32300 0.59162
C 67.95040 24.45290 0.64634
C 64.93610 23.76270 0.87575
C 68.60770 27.46850 0.16159
C 65.75930 26.89460 0.39410
C 56.74970 29.67670 0.66017
C 53.72980 30.22320 0.84239
C 58.56440 32.25730 0.33871
C 55.48440 32.75640 0.56767
C 52.35530 33.21220 0.81351
C 49.13160 33.52540 1.07364
C 60.69910 34.94560 -0.07845
C 57.35920 35.27590 0.31456
C 54.23300 35.70590 0.60895
C 50.95520 36.08290 0.87405
C 59.42350 37.85310 -0.00781
C 56.11460 38.19230 0.47103
C 52.83630 38.59300 0.80632
C 49.44470 38.88630 1.00354
C 58.06600 40.77340 0.39702
C 54.84240 41.10080 0.70252
C 51.44840 41.54320 0.93107
C 53.64260 43.97080 0.97856
C 52.63480 24.72040 1.38268
C 70.56880 35.31830 0.69715
C 69.14750 38.06630 0.71555
C 70.85530 40.89100 0.75525
C 67.69790 41.05120 0.66320
C 69.45830 43.68620 0.70786
C 66.13180 43.83050 0.64368
C 71.30290 46.34590 0.60533
C 67.85190 46.70390 0.74037
C 64.55890 46.63860 0.58650
C 52.06430 61.24630 -1.31967
C 48.74690 61.28930 -1.00192
C 57.89390 65.04250 -0.55151
C 54.37840 64.22740 -1.07354
C 47.93300 63.86300 -1.28487
C 59.01320 68.06280 -1.00397
C 63.03350 71.63140 -1.31315
C 59.99400 71.03680 -1.11058
C 65.88200 49.85230 -1.70633
C 62.49730 49.34330 -2.24762
C 71.31920 51.65820 -2.69786
C 68.05670 52.57150 -1.73347
C 71.72120 54.81470 -1.41738
C 71.86340 69.54520 -1.26703
C 50.51790 48.26180 -2.14267
C 51.09600 51.60680 -1.10882
C 50.01070 54.91470 -1.51359
C 50.13170 58.10380 -0.57575
C 59.49500 48.17680 -2.25888
C 63.17430 52.25540 -1.98329
C 60.09940 51.56550 -1.93088
C 57.07130 50.56440 -2.11494
C 69.49530 56.91590 -0.93511
C 67.16790 55.25790 0.29049
C 64.26410 55.16660 -1.25066
C 54.72850 53.05740 -1.95320
C 71.40230 60.11000 -1.02309
C 52.13660 55.20160 -1.47882
C 56.56660 59.09450 -1.44657
C 53.51690 58.50020 -1.36865
C 60.78810 62.77260 -1.07275
C 57.71300 62.07870 -1.38646
C 70.71150 67.98820 -0.86076
C 61.40890 65.80550 -0.91910
C 68.89740 70.81180 -0.55850
C 65.40950 69.67400 -0.93926
C 62.21860 68.75180 -0.95617
C 50.94390 63.94460 -1.14084
C 55.67840 67.42140 -1.13134
C 52.47480 67.09790 -1.24028
C 49.36960 66.78990 -1.38834
C 56.79070 70.42750 -1.17547
C 53.59920 70.16450 -1.17199
C 50.48480 69.79600 -1.20395
C 69.65270 49.13570 -2.64903
C 47.67440 49.54900 -1.92300
C 47.41840 52.94840 -1.64470
C 53.81860 49.93050 -2.05283
C 61.04010 54.61440 -1.53161
C 57.89020 53.74680 -1.76952
C 68.28530 58.61250 -0.67046
C 65.20800 58.18580 -0.97558
C 61.98540 57.53770 -1.23831
C 58.83700 56.71360 -1.52783
C 55.56250 56.09020 -1.64024
C 68.92720 62.07200 -0.85100
C 66.01680 61.21470 -0.80074
C 62.98260 60.45690 -1.03347
C 59.87940 59.78460 -1.28259
C 69.79160 65.13180 -0.82432
C 66.78320 64.31300 -0.72435
C 63.75780 63.55930 -0.83969
C 67.59400 67.31350 -0.88795
C 64.54840 66.53180 -0.79908
H 71.56070 56.58760 0.52989
H 53.44870 62.12520 -0.05120
H 50.51590 62.10120 0.46028
H 47.57710 62.52860 0.77475
H 59.65130 66.32530 0.64064
H 55.73090 65.78890 0.22707
H 60.41320 69.33540 0.60627
H 54.19090 48.26770 -0.69931
H 62.72180 47.31410 -0.92507
H 68.26270 50.19280 -1.10472
H 63.82380 50.38250 -0.38284
H 70.54100 52.66400 -0.89548
H 49.64290 49.70400 -0.16978
H 49.31840 53.03890 0.01677
H 48.75610 56.20340 0.23014
H 48.34630 59.42680 0.61009
H 60.63760 49.62330 -0.63563
H 57.52420 48.69950 -0.74250
H 64.64550 53.37670 -0.21902
H 61.50340 52.61560 -0.16335
H 55.33750 51.19860 -0.43567
H 68.55010 57.14790 1.34871
H 65.46470 56.34350 0.56645
H 52.87010 53.21030 -0.16958
H 69.55520 60.21140 0.74670
H 53.78740 56.46930 0.18777
H 70.20830 63.35020 0.82903
H 54.98820 59.55520 0.53192
H 52.02160 59.35060 0.41973
H 71.15130 66.28140 1.10975
H 58.99110 63.14480 0.47706
H 56.01900 62.55370 -0.07208
H 68.83040 68.67980 0.55310
H 62.70990 67.06480 0.71001
H 66.68840 71.08200 0.86227
H 63.54720 70.12160 0.56137
H 52.51530 65.18000 0.33058
H 49.31050 65.06010 0.28386
H 57.14670 68.66770 0.55999
H 53.89710 68.29510 0.42277
H 50.74490 67.91240 0.33526
H 55.11220 71.22190 0.45686
H 51.93590 70.85370 0.47432
H 48.76240 70.50540 0.42485
H 69.61940 47.37570 -0.85495
H 66.27980 47.49710 -1.04718
H 71.45080 49.74790 -1.06691
H 58.27640 51.78290 -0.29677
H 62.33680 55.60920 0.28226
H 59.16400 54.80620 0.01328
H 56.05720 54.14980 -0.16747
H 66.39790 59.42990 0.79368
H 63.29760 58.61250 0.51191
H 60.07950 57.86730 0.24847
H 57.01100 57.15870 0.02907
H 67.21680 62.51040 0.88423
H 64.18090 61.71600 0.68568
H 61.12160 60.95000 0.48069
H 58.01510 60.17370 0.18835
H 68.05420 65.64160 0.87393
H 64.99610 64.79810 0.85659
H 61.93150 64.02980 0.67477
H 65.79860 67.91000 0.71228
C 52.26630 61.26490 1.96999
C 49.06150 61.18740 2.19278
C 57.75390 64.99910 1.40084
C 54.43950 64.00900 1.33858
C 47.41060 64.72570 1.78080
C 59.00360 68.15270 2.18668
C 63.03650 71.87440 2.16829
C 59.96500 71.24340 2.05497
C 66.14360 49.70690 0.13848
C 62.56000 49.06250 0.89405
C 71.10860 51.06970 1.00058
C 68.19680 52.36660 0.14554
C 72.39950 54.15720 0.28969
C 72.14290 69.42140 2.40201
C 50.92040 48.14820 1.46274
C 51.21490 51.51980 0.78601
C 50.10180 54.68730 1.73301
C 50.22050 57.93350 1.32665
C 59.47120 48.00600 0.77133
C 63.21910 51.95880 1.48316
C 60.07830 51.13410 1.20802
C 56.95120 50.17690 1.12696
C 70.60920 56.10720 2.46448
C 67.19300 55.48690 2.20902
C 64.05650 54.86660 1.87596
C 54.77920 52.72560 1.43353
C 71.43940 59.83440 2.42831
C 52.22680 54.86920 1.66302
C 56.57860 58.89060 1.79900
C 53.43040 58.20020 2.12400
C 60.62620 62.63170 2.17599
C 57.46120 61.86030 1.85636
C 70.51270 68.37930 2.41277
C 61.39840 65.78350 2.30720
C 68.50650 71.04540 1.30949
C 65.18230 69.64870 2.36111
C 62.22520 68.88660 2.20782
C 50.84450 64.10720 1.89440
C 55.57980 67.44740 2.04546
C 52.36060 67.06350 1.98697
C 49.05770 66.94550 1.81180
C 56.84010 70.52280 2.08160
C 53.66790 70.10930 2.08612
C 50.46100 69.69240 2.00617
C 69.71590 49.33680 0.65175
C 47.97310 49.50970 1.37637
C 47.62480 52.64790 1.55938
C 54.73050 49.54770 1.35897
C 60.89980 54.19230 1.64819
C 57.77780 53.37540 1.45501
C 68.14600 58.88770 2.53419
C 64.99040 58.00100 2.21806
C 61.78800 57.28490 1.91798
C 58.68410 56.50580 1.71230
C 55.56840 55.84610 1.61134
C 69.00960 62.04230 2.51185
C 65.84580 61.19320 2.40988
C 62.77820 60.32410 2.14374
C 59.64490 59.63750 1.89129
C 69.99200 65.29460 2.42315
C 66.74530 64.34210 2.46104
C 63.64460 63.45880 2.30088
C 67.61180 67.53970 2.36395
C 64.48390 66.62730 2.33776
C 69.42250 87.20260 -2.29810
C 67.37800 87.58680 -1.84627
C 64.26790 88.27740 -1.03354
C 61.22700 89.39910 -1.20956
C 60.31360 92.45840 -1.41540
C 56.96840 92.48000 -0.32506
C 56.25900 95.68760 -0.89668
C 48.06300 76.98280 -1.36943
C 50.81340 78.41070 -0.69553
C 53.85780 80.60370 -1.16572
C 59.13930 84.72670 -1.49864
C 48.02720 90.55970 -0.18593
C 58.76540 87.73650 -0.81080
C 55.95880 88.80550 -0.20338
C 50.94220 91.85660 0.08203
C 57.56700 91.15570 1.22304
C 53.62910 93.64140 0.64323
C 64.17390 74.82830 -1.42615
C 48.23960 72.48260 -0.98359
C 62.34970 77.15350 -1.37530
C 52.66740 75.48740 -1.15555
C 49.28730 75.39550 -0.81450
C 63.42690 80.18180 -1.76080
C 60.19890 79.52350 -1.55812
C 56.66500 79.00900 -1.27621
C 53.37050 78.54520 -1.09221
C 65.05600 83.05260 -1.32975
C 61.49560 82.56820 -1.58548
C 61.97550 85.82860 -0.55274
C 71.61170 72.73920 -1.22099
C 69.06410 74.33150 -1.50149
C 68.57130 77.77040 -1.25594
C 66.05220 75.44830 -1.65445
C 69.06950 80.85130 -1.97129
C 68.67440 84.20120 -1.43932
C 69.29710 90.28100 -1.84469
C 66.22900 91.01410 -1.62841
C 63.24540 91.71160 -1.34856
C 68.46920 93.33260 -1.77163
C 65.42850 94.08000 -1.58637
C 62.34120 94.79710 -1.44700
C 59.32020 95.56210 -1.39604
C 70.62700 95.67890 -1.97348
C 47.87830 80.26680 -1.32220
C 50.90390 81.94820 -1.09919
C 48.05830 83.68050 -1.03583
C 57.25320 82.10940 -0.83177
C 53.71520 83.65580 -0.92881
C 50.78770 85.29320 -0.90999
C 47.94450 87.08940 -0.66834
C 56.33410 85.57160 -0.81300
C 53.58530 86.99170 -0.54412
C 50.92670 88.54240 -0.46617
C 53.72800 90.27480 0.07492
C 61.10100 74.07260 -1.27184
C 57.89560 73.51210 -1.22453
C 54.74530 73.00380 -1.16598
C 51.35800 72.75820 -0.94830
C 59.06260 76.47340 -1.36751
C 55.82460 75.98340 -1.28231
C 71.54720 75.95150 -1.36143
H 47.41180 94.44960 0.77412
H 67.20480 85.88340 -0.08045
H 60.81240 87.71300 0.60893
H 69.04800 88.46190 -0.20592
H 66.08420 89.05040 -0.17961
H 63.00560 90.01370 0.40839
H 59.90620 90.81070 0.48313
H 58.99960 93.75890 0.22575
H 55.96010 94.22990 1.24084
H 49.87630 80.48850 0.12344
H 52.76640 81.96410 0.69482
H 59.42330 83.03860 -0.27845
H 55.83190 83.74480 0.36815
H 58.34500 85.81470 0.64065
H 57.96270 88.67320 1.36575
H 55.40850 90.08380 1.88731
H 52.62890 91.59970 1.94109
H 48.86560 92.34110 1.48607
H 64.52010 73.00720 0.32698
H 61.40240 72.33910 0.40317
H 62.48920 75.33270 0.32409
H 49.74580 73.43300 0.80448
H 63.62670 78.16100 -0.15413
H 54.18460 76.75410 0.48235
H 51.09080 76.21500 0.56137
H 64.85200 80.96650 0.31829
H 61.71700 80.68950 -0.01546
H 58.43690 80.15040 -0.00694
H 55.71930 80.62610 0.28736
H 63.01760 83.62000 0.20788
H 69.83010 72.92980 0.38936
H 67.14570 74.13140 0.27197
H 66.55370 77.15060 0.26609
H 67.32930 79.89610 -0.88029
H 70.40680 85.74810 -0.65061
H 67.15580 82.86800 0.14883
H 50.43250 94.45000 -0.00567
H 68.11790 91.52400 -0.14819
H 65.09810 92.34480 0.09679
H 62.04170 93.09380 0.24502
H 70.32020 93.89810 -0.30064
H 67.26380 94.65900 -0.10455
H 64.17690 95.43970 0.00428
H 61.12400 96.16280 0.14207
H 49.93610 83.56570 0.61149
H 52.69290 85.19420 0.75521
H 49.89640 86.74410 0.90285
H 55.41940 86.86210 1.10548
H 52.68330 88.39940 1.28066
H 49.92710 89.95370 1.25205
H 58.20320 71.70400 0.39676
H 59.36330 74.71280 0.32224
H 56.20000 74.20970 0.36470
H 53.08700 73.71630 0.52326
H 60.48520 77.77020 0.16472
H 57.36340 77.20040 0.26063
H 69.62470 76.08520 0.15778
H 70.10710 79.37250 -0.20960
H 70.15550 82.53070 -0.38363
C 70.37520 87.13470 1.36160
C 67.35950 87.44780 1.31459
C 64.75380 89.20190 1.94134
C 61.30760 89.55740 2.19123
C 60.40950 92.73610 2.03497
C 56.92610 93.29800 3.41754
C 56.55130 -1.23451 2.26857
C 47.84290 76.53350 2.01956
C 50.75690 78.42030 1.26730
C 54.23900 80.51430 2.17622
C 59.87640 84.05490 1.62394
C 47.87040 90.27850 2.58052
C 59.41060 86.99100 2.52836
C 56.21040 88.08970 3.07831
C 50.71820 91.48450 3.06474
C 55.72390 91.63730 3.85176
C 53.68710 93.70300 2.54180
C 64.17540 74.90610 2.06729
C 48.42980 72.28340 2.17198
C 62.21440 77.23380 1.85098
C 52.80140 75.47200 2.18603
C 49.56790 75.39620 2.33294
C 63.57700 80.16190 1.61572
C 60.19810 79.69970 1.63064
C 57.00340 79.13410 1.73127
C 53.73060 78.46630 2.33505
C 65.12300 83.20960 1.68402
C 61.71410 82.51920 1.74371
C 62.56300 85.97080 1.15903
C 71.64500 72.89500 2.11040
C 69.01020 74.61250 2.02273
C 68.27160 78.08090 0.56725
C 66.07800 75.49950 2.22006
C 68.76510 81.04800 0.96845
C 69.06570 84.37650 0.89110
C 69.53730 90.25130 1.39414
C 66.36300 90.87400 1.46828
C 63.45220 91.98540 1.87871
C 68.66130 93.34680 1.40742
C 65.58490 94.20580 1.58089
C 62.53700 94.96900 1.72058
C 59.50980 95.56160 1.87652
C 70.75500 95.76520 1.20466
C 48.04290 80.07510 1.88587
C 50.98410 81.75890 2.04722
C 48.07040 83.34770 2.21749
C 57.49150 82.13590 1.01328
C 54.05950 83.57460 2.11665
C 50.84890 84.99900 2.39718
C 47.93500 86.89940 2.45686
C 56.65790 85.13180 2.26226
C 53.58440 86.54170 2.64307
C 50.72900 88.21570 2.75033
C 53.44770 89.64650 3.30856
C 61.08860 74.17290 1.97325
C 57.95040 73.58200 1.96188
C 54.87360 73.07120 2.05375
C 51.65120 72.61870 2.19756
C 59.17480 76.58310 1.85952
C 56.00870 76.04770 2.00928
C 71.52090 76.23410 1.69811
C 88.12410 2.62046 -2.50746
C 92.27330 5.50254 -1.95302
C 88.62570 5.54049 -1.17761
C 92.81710 8.24375 -1.91462
C 81.78990 1.30377 -2.62190
C 78.24230 2.16665 -2.44093
C 77.28590 5.13731 -2.24567
C 73.99550 5.92059 -2.17037
C 73.85100 7.94486 -2.42947
C 71.68380 10.54760 -2.92677
C 73.20530 13.33030 -1.36321
C 74.83420 17.42480 -1.17161
C 75.36530 20.64560 -1.94435
C 84.90970 3.71225 -2.17437
C 81.74980 4.36559 -1.36800
C 79.03780 6.29195 -2.30826
C 84.63090 6.88016 -2.10918
C 79.02580 9.75279 -1.99278
C 76.02370 10.81320 -1.83467
C 90.51230 8.01485 -2.12325
C 87.42080 8.93901 -2.07585
C 75.93200 13.94600 -1.73634
C 93.36150 10.14740 -2.23784
C 78.24830 15.65310 -1.70192
C 95.95040 12.04010 -2.71263
C 80.48340 17.70400 -1.71235
C 95.28130 15.29830 -1.57411
C 79.90260 20.90420 -1.91947
C 94.00930 18.54160 -1.69133
C 91.25470 19.69170 -1.51836
C 88.13000 20.58730 -1.94629
C 85.31630 21.74290 -1.84573
C -1.06930 20.42550 -2.03585
C 94.30080 23.73180 -2.10801
C -1.13202 0.59251 -2.18726
C 93.17330 0.22176 -2.29856
C 90.04950 -0.04231 -2.53534
C 86.09080 0.00434 -1.99202
C 94.42000 3.14516 -2.05089
C 91.33910 2.70051 -2.23637
C 95.57140 6.03996 -1.95300
C 79.16510 -0.82175 -2.58872
C 75.89630 -0.17955 -2.36023
C 72.80220 0.44025 -2.14405
C 74.97180 2.92622 -2.17634
C 71.88530 3.55896 -2.12634
C 72.25270 19.47710 -2.09682
C 73.20620 22.74340 -2.14337
C 81.83340 8.17109 -1.89508
C 84.48740 10.16900 -1.87884
C 81.53520 11.40310 -1.73830
C 78.67420 12.67200 -1.65382
C 89.83280 11.25020 -2.13598
C 86.88290 12.18970 -1.89646
C 83.98830 13.32200 -1.76157
C 81.02990 14.55190 -1.61363
C 92.45580 13.26510 -1.92013
C 89.41630 14.26310 -1.81140
C 86.41820 15.44860 -1.77230
C 83.41870 16.56100 -1.69855
C 91.77780 16.36720 -1.75908
C 88.85990 17.46650 -1.72579
C 85.81620 18.56080 -1.78510
C 82.91230 19.69570 -1.74153
H 88.25080 0.63825 -1.00386
H 89.59120 3.39323 -0.68819
H 86.67270 3.99559 -0.88482
H 93.81970 6.59929 -0.34759
H 90.74160 6.38194 -0.31432
H 84.16360 96.18900 -1.22676
H 83.01180 2.14645 -0.89847
H 79.90470 2.51285 -1.13278
H 76.86000 3.31092 -0.63591
H 75.78870 6.21786 -0.41692
H 72.75840 7.09725 -0.37124
H 74.46300 15.18330 -0.26055
H 75.95650 19.29020 0.18966
H 76.19000 22.22550 -0.02851
H 83.86780 5.26311 -0.34903
H 80.94360 6.54172 -0.59705
H 78.10110 7.91603 -0.49586
H 86.87070 7.26536 -0.85455
H 75.09440 12.33950 -0.10372
H 89.43190 9.41380 -0.47039
H 77.60540 14.05740 -0.01061
H 95.31810 10.51360 -0.58655
H 91.89180 11.53370 -0.74416
H 77.02300 16.96810 0.12904
H 79.19440 19.16050 0.02774
H 93.67330 16.59410 -0.19205
H 81.70580 21.10780 -0.16918
H 78.81410 22.20880 -0.81755
H 93.01230 19.66360 0.34878
H 90.20720 20.85010 -0.33743
H 87.27680 22.19960 -0.09094
H 95.87590 18.87990 -0.26035
H 94.52830 21.56160 -0.71806
H 94.59330 1.19800 -0.57641
H 91.44120 0.81214 -0.71325
H 95.85670 4.16586 -0.36565
H 92.67390 3.67403 -0.46090
H 72.45670 96.25030 -0.47298
H 80.99880 -0.47199 -0.96067
H 77.76890 0.25085 -0.86925
H 74.63830 1.05118 -0.65841
H 71.53590 1.77373 -0.51736
H 73.63440 4.12969 -0.51540
H 72.54040 17.73830 -0.34189
H 73.42190 20.95120 -0.47418
H 75.23840 9.11575 -0.54719
H 83.81540 8.40333 -0.32166
H 80.76840 9.66796 -0.19943
H 77.86240 10.92120 -0.17882
H 86.37910 10.42850 -0.29531
H 83.40340 11.56080 -0.18710
H 80.44500 12.79580 -0.05968
H 88.73660 12.51710 -0.28219
H 85.83030 13.64360 -0.23155
H 82.90940 14.79420 -0.10817
H 79.96200 16.00520 -0.00678
H 91.19380 14.58880 -0.13070
H 88.23080 15.67470 -0.18504
H 85.27330 16.85860 -0.12999
H 82.29800 17.99210 -0.06067
H 90.64580 17.73910 -0.07795
H 87.64580 18.90800 -0.14760
H 84.74830 20.06040 -0.15721
C 87.85000 2.39311 0.73887
C 92.31250 5.34683 1.20421
C 89.15460 5.34783 0.75474
C 92.99420 8.27096 1.26292
C 81.58090 1.38781 0.68926
C 78.31740 1.95677 0.84547
C 77.39650 4.96877 1.13545
C 73.91730 5.77229 1.31561
C 73.15450 8.99229 1.07141
C 72.10410 10.50870 0.28103
C 73.03250 13.41870 0.57879
C 74.60750 17.24960 0.97922
C 74.95470 20.43390 1.45512
C 84.75700 3.36785 0.80584
C 82.23510 5.84710 1.45080
C 79.06480 6.05216 1.06406
C 85.15180 6.84095 1.08302
C 78.94420 9.43739 1.44540
C 76.01570 10.77000 1.44291
C 90.84180 8.15590 1.22162
C 87.61660 8.84306 1.13240
C 75.71620 14.08300 1.48140
C 93.41930 10.29650 0.94359
C 78.34900 15.53770 1.76704
C -0.50421 11.96280 0.81125
C 80.56740 17.66810 1.67716
C 95.18900 14.66540 0.17179
C 79.70450 20.94060 1.35954
C 94.52240 18.01200 1.53769
C 91.36370 19.43700 1.67119
C 88.40970 20.52520 1.58242
C 85.55340 21.89340 1.40501
C 95.80150 20.66990 1.29206
C 94.15030 23.28680 1.20934
C -1.18988 0.41316 0.99547
C 93.07390 -0.02018 0.86204
C 89.79700 -0.27093 0.71112
C 86.05560 -0.15807 -0.18571
C 94.35430 2.93077 1.09620
C 91.12520 2.51369 0.98269
C 95.50990 5.90705 1.31995
C 79.22780 -1.03744 0.65004
C 76.08730 -0.22273 0.83810
C 72.96370 0.51654 1.04174
C 75.06310 2.83255 0.96273
C 71.85240 3.59273 1.07183
C 72.14020 19.40740 1.04130
C 73.12740 22.94160 0.89281
C 81.99210 7.98002 1.21194
C 84.55480 10.04480 1.34261
C 81.58580 11.27610 1.44915
C 78.62060 12.49090 1.49396
C 90.25050 11.21140 1.13489
C 86.97350 12.16040 1.35373
C 84.07070 13.27750 1.42145
C 81.13440 14.49730 1.50602
C 92.48420 13.33220 1.08248
C 89.31590 14.20970 1.42505
C 86.42280 15.35800 1.41506
C 83.49650 16.53170 1.49021
C 91.84980 16.29980 1.47352
C 88.76290 17.40580 1.44050
C 85.83080 18.59170 1.49123
C 82.93810 19.80460 1.48260
C 81.17970 47.12860 -1.13311
C 90.54590 46.40360 -1.35315
C 96.03970 46.84130 -1.17137
C 83.26420 24.58040 -2.06095
C 79.66720 24.53260 -1.64360
C 88.31400 27.10380 -2.44038
C 85.02470 27.46850 -2.33607
C 78.51950 28.62350 -2.51009
C 87.37360 30.15500 -2.11126
C 77.81830 31.85300 -2.53801
C 89.35770 32.31690 -1.85602
C 76.88200 35.22350 -2.75890
C 91.44670 34.68120 -1.78887
C 79.05210 37.43080 -2.41212
C 93.39460 37.15430 -1.66652
C 80.99980 39.87780 -2.07889
C 83.33380 42.22410 -1.71019
C 95.39690 42.83300 -0.95657
C 91.85930 43.42360 -1.20680
C 88.53050 43.95550 -1.36817
C 85.36790 44.76900 -1.03633
C 82.54900 45.57090 -1.18667
C 93.29820 45.04760 -1.47939
C 76.27610 23.72210 -2.15279
C 77.27660 26.77710 -2.33307
C 75.10180 29.75950 -1.94139
C 72.14890 31.88450 -1.58947
C 73.75160 34.84510 -2.40358
C 75.65900 37.87280 -2.50260
C 77.67310 40.50720 -2.36712
C 79.67980 43.27680 -1.52945
C 77.93950 46.14590 -2.45179
C 82.38070 22.71940 -1.93559
C 87.51550 23.95520 -2.03407
C 92.42290 26.39890 -1.71501
C 89.10910 25.27320 -1.76581
C 90.63480 29.08070 -1.00901
C 92.79050 31.66990 -1.73991
C 94.67770 34.24740 -1.53691
C 81.78100 27.64760 -2.32221
C 83.99020 30.47470 -2.29020
C 80.88900 30.90430 -2.36260
C 86.23170 33.03600 -2.12654
C 83.10750 33.61640 -2.23668
C 80.06820 34.16710 -2.36982
C 88.30620 35.46350 -1.94155
C 85.13420 36.13120 -1.98833
C 82.08050 36.71620 -2.12622
C 90.35780 37.93430 -1.72841
C 87.28030 38.52900 -1.74351
C 84.16860 39.11320 -1.83977
C 95.77390 39.63140 -1.31386
C 92.63050 40.36030 -1.47866
C 89.50650 41.00170 -1.48128
C 86.36680 41.55450 -1.49171
C 74.11760 25.98860 -2.55004
C 72.37690 38.02680 -2.47722
C 74.14560 40.64260 -2.48115
C 76.16790 43.36070 -2.43601
C 72.59380 43.38240 -2.51469
C 74.19800 45.89900 -2.86833
C 96.03040 26.10660 -1.76292
C 94.46290 28.82260 -1.77144
C 96.12120 31.54360 -1.56468
H 83.55630 47.85070 -0.59800
H 92.52590 46.67840 0.11894
H 84.77860 25.85300 -0.28044
H 81.58120 25.91030 -0.81437
H 86.81510 28.18880 -0.70679
H 80.39440 29.25670 -0.89457
H 77.30620 29.99840 -0.94307
H 88.85890 30.60090 -0.12698
H 78.56330 35.50460 -0.94846
H 93.07680 35.32940 -0.08885
H 80.61370 37.88920 -0.54538
H 95.03670 37.74470 -0.00777
H 82.71840 40.27090 -0.26509
H 94.36620 40.81940 0.17360
H 81.88330 43.34680 -0.41452
H 93.57390 43.66710 0.60205
H 90.24110 44.51480 0.25102
H 87.02650 45.07460 0.31460
H 83.85980 45.42630 1.03347
H 77.44650 25.06350 -0.49391
H 75.28880 27.45160 -1.03343
H 72.76460 29.60840 -0.99111
H 73.74600 33.42670 -0.18698
H 75.39120 35.98230 -0.95695
H 77.41940 38.52060 -0.88991
H 79.54890 40.91000 -0.72420
H 77.45270 44.18910 -0.78163
H 84.04270 23.08490 -0.22187
H 92.78850 24.06730 -0.33507
H 91.18050 26.86580 0.10181
H 92.79570 29.75210 -0.18603
H 94.40220 32.36970 -0.02759
H 83.52540 28.67430 -0.75056
H 85.68080 31.14610 -0.62347
H 82.57660 31.74940 -0.69764
H 79.55480 32.35180 -0.79019
H 76.56870 33.03690 -1.39717
H 91.15930 32.80330 -0.18714
H 87.89130 33.60290 -0.36417
H 84.75310 34.18980 -0.55632
H 81.70450 34.80340 -0.64524
H 90.00580 35.98930 -0.22504
H 86.85130 36.60010 -0.30907
H 83.67610 37.21860 -0.33704
H 92.07760 38.42390 -0.05908
H 88.97950 39.09240 -0.06961
H 85.84490 39.61730 -0.09921
H 91.22220 41.45560 0.22972
H 88.05840 42.07970 0.21868
H 84.94090 42.64510 0.15338
H 74.37260 24.36590 -0.70240
H 72.16270 26.49400 -1.11987
H 72.25760 36.13600 -0.93320
H 74.05300 38.78750 -0.85509
H 75.84740 41.36690 -0.87147
H 72.61310 41.63270 -0.77216
H 74.31590 44.25060 -1.02878
H 95.90510 24.19410 -0.27833
H 94.33890 26.92460 -0.19903
H 95.98840 29.64060 -0.06861
C 82.54910 47.49530 1.75456
C 90.69740 46.45890 1.80541
C -0.88596 47.58140 2.41944
C 82.83060 24.81760 1.12150
C 79.70210 24.42010 0.22059
C 87.97970 26.87660 1.05974
C 84.92080 27.38420 0.90697
C 78.45980 28.73500 0.70262
C 86.88370 29.90040 1.14881
C 77.67550 31.77730 0.68512
C 89.16330 32.19690 1.32265
C 76.79860 34.71810 0.58715
C 91.26420 34.63970 1.41776
C 78.71670 37.25470 0.82359
C 93.34140 37.05070 1.56096
C 80.74130 39.72910 1.11084
C 82.99390 42.06780 1.44310
C 95.04400 42.25950 2.14027
C 91.54290 43.21160 1.92892
C 88.50380 43.86510 1.88265
C 85.37170 44.22550 2.06975
C 82.12710 43.86400 2.01285
C 94.14300 45.43770 1.64331
C 75.81380 24.40200 1.30430
C 77.01880 27.16660 0.73782
C 75.04960 29.71320 -0.01223
C 71.95850 31.65180 0.26810
C 73.78110 35.11800 0.76385
C 75.62620 37.77710 0.70627
C 77.52610 40.39940 0.72963
C 79.47010 43.20160 0.28825
C 76.90760 46.13830 0.68683
C 82.35560 22.79890 1.50403
C 88.87830 23.76880 1.23831
C 92.63160 26.09740 1.49323
C 89.21690 25.57280 0.24283
C 90.58210 29.13750 0.85063
C 92.59370 31.57950 1.45125
C 94.39880 34.15470 1.59008
C 81.73090 27.94940 0.78755
C 83.86630 30.47380 0.92498
C 80.80920 30.99740 0.86046
C 86.02670 32.85280 1.07154
C 82.97710 33.49910 0.98747
C 79.81370 34.21210 0.78844
C 88.19970 35.35520 1.33671
C 85.05540 35.90020 1.18409
C 81.80840 36.53660 1.09888
C 90.31330 37.77050 1.49620
C 87.21200 38.26340 1.42525
C 83.96140 38.95310 1.38370
C -0.99331 39.60480 0.57506
C 92.63840 40.05080 1.71162
C 89.43520 40.70280 1.73377
C 86.20900 41.27700 1.69165
C 73.82960 26.35170 0.64834
C 72.41920 37.92180 0.72875
C 74.15790 40.57930 0.80992
C 75.71420 43.23460 0.76224
C 72.64480 43.60290 0.66844
C 74.65120 46.12940 0.40439
C 95.85980 25.91200 1.42543
C 94.33220 28.73340 1.46365
C 95.95390 31.42770 1.58194
C 87.35030 47.33270 -0.61748
C 84.49090 49.48850 -1.57562
C 81.36240 50.47310 -1.04676
C 78.50580 51.87860 -0.80991
C 75.69380 53.97780 -1.55449
C 93.18560 48.39290 -1.47164
C 75.52730 57.08630 -1.46025
C 72.59030 58.36990 -1.09135
C 75.29450 60.34450 -1.26180
C 95.51520 53.38920 -1.37491
C 92.49730 54.72900 -1.23491
C 89.54060 56.00120 -1.20606
C 86.60860 57.42860 -1.29788
C 75.20870 63.51270 -1.13073
C 87.05830 60.74310 -0.93129
C 84.36480 62.32380 -0.60071
C 77.75110 65.22110 -1.24125
C 83.32710 65.20600 -1.44199
C 80.35500 67.26290 -0.68314
C 83.23320 68.93020 -0.91695
C 76.50550 49.30840 -2.28272
C 74.37580 52.44500 -2.00131
C 80.06110 70.92600 -1.25204
C 77.53470 68.77490 -0.65860
C 74.74060 67.35180 -1.00317
C 72.43120 63.01910 -0.22271
C 95.16300 56.66780 -1.11641
C 92.06470 57.76710 -1.16886
C 91.17100 60.65020 -1.04552
C 90.00010 63.47460 -0.98404
C 88.93260 66.43340 -0.92655
C 85.85950 66.90910 -0.87574
C 87.70740 69.41680 -0.65380
C 89.27650 72.34530 0.62145
C 90.11900 49.53260 -1.30026
C 87.24360 51.04060 -1.37428
C 84.23770 52.55450 -1.32133
C 81.35440 53.84240 -1.31518
C 78.45730 55.59460 -1.49447
C 92.61750 51.50020 -1.47625
C 89.78830 52.87520 -1.26691
C 86.98260 54.28530 -1.25327
C 84.07980 55.68540 -1.29547
C 81.21200 57.30190 -1.42748
C 78.29020 58.77830 -1.35410
C 84.00000 58.92560 -1.31854
C 81.02530 60.53500 -1.35197
C 78.08530 61.93470 -1.22852
C 80.71220 63.60930 -1.31016
C 73.28530 49.08620 -2.55932
C 74.60150 70.87810 -1.18009
C 94.24460 59.95360 -1.02794
C -1.08777 62.26220 -1.05387
C 93.16050 63.00420 -0.93282
C 95.21910 65.28670 -1.20389
C 92.03220 65.87230 -1.03574
C 94.12180 68.36850 -1.25851
C 90.86880 68.91250 -0.90694
C 96.11720 70.77080 -1.64492
C 92.84780 71.25300 -1.29176
H 80.87660 49.15580 0.67409
H 89.56880 47.82390 0.44669
H 86.30810 49.41000 0.21405
H 80.58900 52.35000 0.50888
H 77.55000 53.94420 0.19271
H 74.63730 55.41780 0.35072
H 95.07570 48.62120 0.44249
H 74.61180 58.59800 0.30645
H 94.64560 51.61260 0.18470
H 91.68920 52.95530 0.31439
H 74.47260 61.82140 0.52018
H 91.34390 56.07120 0.42530
H 88.41120 57.52850 0.50370
H 85.78340 58.99580 0.39441
H 74.00120 64.77130 0.77916
H 86.69540 62.13450 0.38217
H 79.72350 65.09940 0.35400
H 76.73720 66.60520 0.16451
H 85.42050 65.06440 0.22852
H 82.62140 66.72610 -0.04414
H 76.07330 46.97150 -1.58349
H 74.62640 50.31270 -0.62634
H 83.87320 71.08320 0.19341
H 81.13530 69.38500 0.26120
H 78.19820 70.92850 0.38635
H 75.37230 69.40330 0.30070
H 72.61900 71.10940 0.60114
H 94.36790 54.82900 0.46066
H 93.87470 58.06140 0.48565
H 90.82700 58.89450 0.74810
H 89.75960 61.66420 0.79739
H 88.55930 64.55320 0.85225
H 87.60800 67.43560 0.88407
H 89.59940 69.93690 0.90927
H 86.57420 70.33980 0.39405
H 83.44900 50.90000 0.25848
H 92.03210 49.81730 0.22098
H 89.07190 51.11110 0.31763
H 86.13780 52.55280 0.27244
H 83.17610 54.07970 0.34882
H 80.33670 55.57920 0.13160
H 77.41170 57.06350 0.17552
H 88.75020 54.33870 0.42971
H 85.87420 55.76340 0.35467
H 83.03560 57.29190 0.26737
H 80.17190 58.81900 0.23354
H 77.21790 60.25410 0.29969
H 82.91580 60.51180 0.23875
H 79.96560 61.94580 0.37354
H 77.10450 63.47360 0.43771
H 82.54510 63.61560 0.33039
H 72.90740 47.08160 -1.12106
H 96.03190 60.47070 0.58017
H 92.89580 61.13750 0.61592
H 95.01810 63.54060 0.54852
H 91.73020 64.11890 0.70906
H 93.89810 66.57540 0.39780
H 90.71670 67.04730 0.62154
H 96.04170 69.02670 0.12206
H 92.83540 69.52290 0.47468
H 94.87810 72.00930 -0.05253
C 87.25260 47.34120 1.23602
C 84.24030 49.01900 1.54716
C 81.70280 50.71120 2.07043
C 78.32440 51.69140 1.03921
C 75.64080 53.50330 1.82075
C 93.35990 48.39380 1.81867
C 75.54790 56.78990 1.86937
C 72.79210 58.29300 2.03394
C 75.42240 60.25900 2.01889
C 95.53490 53.10270 2.03628
C 92.63390 54.60340 1.95139
C 89.56030 55.90660 2.09168
C 86.44780 57.38400 2.11502
C 75.32490 63.56470 2.18743
C 87.95990 59.97180 1.00304
C 84.33910 62.22400 1.33217
C 77.85290 65.28190 1.94031
C 83.36840 65.35300 1.83262
C 80.54030 67.24780 1.20091
C 83.43110 68.76190 0.96414
C 76.82480 49.19850 -0.37646
C 74.48930 51.87000 1.53144
C 80.08810 70.70790 2.01750
C 77.56610 68.68280 1.18346
C 74.39830 67.21720 0.91284
C 72.49390 62.85420 1.59437
C 95.29960 56.64110 1.93537
C 92.26710 57.40890 2.22540
C 91.36850 60.66450 2.46178
C 90.21690 63.46820 2.54952
C 89.23460 66.46820 2.47780
C 86.42900 65.58620 2.13468
C 87.79570 69.31360 2.49052
C 90.11810 71.91110 2.34693
C 90.25740 49.66850 1.94567
C 87.05180 50.77740 1.83176
C 84.27090 52.48840 1.89286
C 81.18820 53.96920 1.88021
C 78.37930 55.32620 1.72650
C 92.79770 51.44480 1.94705
C 89.86220 52.77290 1.97110
C 86.86800 54.18700 1.95754
C 83.99820 55.73220 1.95232
C 81.08930 57.17420 1.82713
C 78.28790 58.64840 1.84000
C 83.88870 58.96060 1.91687
C 81.09360 60.41000 1.91280
C 78.09760 61.83240 1.96651
C 80.72840 63.58550 2.01833
C 73.18280 48.95310 0.56513
C 74.73760 70.98200 2.09306
C 94.26770 59.80880 2.13440
C -0.99769 62.32910 2.14704
C 93.31980 62.97200 2.18009
C 95.35840 65.46940 2.02853
C 92.28910 66.00550 2.15153
C 94.48790 68.40800 1.91871
C 91.29900 68.78880 2.24070
C -0.90967 70.98670 1.52905
C 93.50140 71.37980 1.94824
C 95.11490 95.19520 -2.45056
C 91.92760 95.01300 -2.71153
C 88.64630 94.80560 -2.85901
C 95.86460 78.00900 -2.35604
C 92.95650 78.40400 -2.89972
C 88.36570 81.08010 -3.44569
C 86.34620 83.61580 -3.45121
C 84.35410 86.23670 -3.40051
C 95.96420 89.54510 -2.99648
C 92.72450 89.71110 -2.85060
C 86.16230 89.11810 -3.61077
C 90.63430 92.03300 -3.08155
C 72.42580 89.20210 -1.99446
C 80.29450 89.98260 -2.68966
C 77.50390 91.26170 -2.66563
C 83.01090 92.90800 -3.14894
C 85.27400 94.83730 -2.96315
C 82.31320 95.93040 -2.75673
C 88.62510 76.06960 -0.43432
C 85.73050 72.80090 0.07847
C 82.80260 72.32600 -1.09921
C 85.58880 76.10360 -1.42345
C 85.93410 79.43090 -2.30967
C 83.00940 81.41910 -2.33087
C 83.09860 84.56760 -2.92664
C 80.96800 86.76260 -2.47367
C 78.35350 88.30670 -2.61796
C 75.23390 87.25580 -2.10163
C 72.28930 85.68030 -2.23356
C 94.70280 73.92190 -1.70063
C 91.06170 73.93840 -1.31869
C 92.63800 76.37460 -3.00464
C 94.40750 81.10180 -2.79507
C 91.42110 81.29900 -3.25088
C 95.91090 83.96050 -2.86786
C 92.87370 83.89850 -3.06346
C 89.69810 83.82510 -3.31500
C 94.33950 86.81010 -2.99657
C 91.24110 86.72510 -3.25108
C 87.97620 86.34810 -3.50293
C 89.46720 89.36390 -3.28607
C 86.84460 92.09260 -2.53640
C 74.49800 91.88530 -2.37213
C 71.44340 92.56130 -2.04829
C 79.93990 93.50050 -2.75110
C 76.78560 94.33580 -2.50102
C 73.64760 94.98150 -2.21233
C 82.78620 75.22770 -1.28209
C 80.02850 73.89880 -1.24278
C 77.21250 72.42970 -1.26536
C 82.82420 78.20900 -1.89891
C 80.00970 76.93460 -1.55233
C 77.16560 75.59220 -1.39388
C 74.40600 74.21160 -1.28582
C 80.09160 80.11310 -1.97164
C 77.33600 78.74070 -1.72783
C 74.52870 77.30260 -1.54837
C 80.39510 83.35640 -2.26791
C 77.55450 82.09050 -1.98374
C 74.78420 80.55430 -1.80670
C 71.92040 79.13840 -1.79296
C 77.95590 85.16840 -2.33848
C 74.88240 83.78240 -2.17925
C 72.01510 82.36880 -2.00610
H 95.19260 93.22170 -0.78584
H 92.17000 92.96110 -1.11823
H 90.16670 95.54830 -1.04708
H 86.94260 95.39840 -1.25056
H 95.73970 76.78630 -0.40726
H 94.29250 79.44320 -1.04125
H 91.18460 79.47230 -1.41616
H 88.32270 79.53790 -1.41084
H 86.58350 81.74350 -1.91719
H 84.73550 84.33310 -1.80229
H 86.16890 87.17700 -2.09921
H 93.99530 90.48740 -1.56067
H 90.78080 90.22510 -1.43733
H 87.62710 89.92540 -1.82248
H 84.60870 89.74900 -1.53804
H 88.92830 92.78480 -1.46513
H 77.31190 89.38850 -1.02705
H 74.36680 90.10540 -0.62399
H 71.24500 90.76610 -0.37881
H 82.37970 90.99840 -1.42554
H 79.42420 91.69020 -1.15068
H 84.77970 92.95500 -1.45274
H 86.52220 75.04690 0.72163
H 83.64930 73.97380 0.60521
H 86.68770 77.67670 -0.68499
H 83.90980 79.97060 -1.12478
H 81.22160 81.77760 -0.56390
H 81.62030 84.91460 -0.92900
H 81.75430 88.23480 -1.30171
H 79.08270 86.72290 -0.80883
H 76.00410 85.50290 -0.82280
H 73.19700 87.30710 -0.63237
H 91.76330 72.41260 0.58827
H -0.27646 74.15030 -1.21770
H 92.73960 75.20570 -0.71367
H 89.79760 74.74010 0.89174
H 93.35220 95.81490 -0.86487
H 95.89890 82.22700 -1.20999
H 92.74250 82.17270 -1.43427
H 89.73760 82.05440 -1.74601
H 94.28420 84.97850 -1.42180
H 91.14760 84.86350 -1.72142
H 87.91430 84.56960 -1.88595
H 95.74550 87.77900 -1.28405
H 92.60750 87.64850 -1.50827
H 89.38420 87.40960 -1.83503
H 76.38170 92.49840 -0.91186
H 73.36190 93.15700 -0.60179
H 81.84610 94.01290 -1.24637
H 78.70190 94.82510 -1.06165
H 75.53390 95.53850 -0.76267
H 80.91700 72.44200 0.50419
H 83.76610 77.00440 0.06049
H 80.94300 75.60730 0.23940
H 78.13770 74.11140 0.27535
H 75.37880 72.69110 0.39601
H 81.03890 78.68670 -0.26349
H 78.17840 77.28210 0.00645
H 75.36400 75.85660 0.24527
H 72.56720 74.41960 0.34390
H 78.33320 80.46300 -0.32803
H 75.51850 79.00920 -0.08802
H 72.67740 77.62380 0.01756
H 78.69170 83.67310 -0.51325
H 75.74020 82.32740 -0.33813
H 72.89410 80.82130 -0.24111
H 73.03620 84.07920 -0.51715
C 94.94350 95.13030 0.90891
C 91.75200 94.75950 0.71270
C 88.48080 94.40700 0.35594
C 95.84900 78.69060 0.77138
C 92.63740 78.74820 0.59378
C 88.14270 81.69340 -0.05622
C 86.50270 83.50210 -0.28645
C 84.63330 86.12810 -0.34318
C 95.47620 89.55990 0.37083
C 92.41240 89.38990 0.18139
C 85.94760 88.92130 -0.30531
C 90.32310 91.81890 0.35039
C 72.65350 89.16650 0.96637
C 80.55570 89.99340 0.21660
C 77.77880 91.21520 0.60363
C 83.14130 92.70290 0.40769
C 85.26400 94.57750 0.34395
C 82.43470 95.72270 0.47585
C 88.38270 75.04680 2.53877
C 85.21940 74.43940 2.52235
C 82.75970 72.29420 2.11352
C 85.66400 77.27120 1.56232
C 86.15400 80.05590 -0.20826
C 83.18670 81.26940 0.83150
C 83.56270 84.54730 0.36630
C 81.07190 86.63590 0.69003
C 78.83980 88.59120 0.73509
C 75.52410 87.93440 -0.29462
C 72.28150 85.96950 1.00956
C 94.99230 74.45090 0.20760
C 92.20310 74.57410 1.72213
C 91.50510 77.29590 -0.05794
C 94.19590 81.42690 0.34417
C 91.10400 81.50450 0.14909
C 95.69800 84.10520 0.32939
C 92.58690 84.08440 0.01360
C 89.52070 83.89630 -0.26663
C 94.10000 86.77880 0.20108
C 90.93030 86.65660 -0.10673
C 87.75240 86.41580 -0.36280
C 89.12070 89.10440 -0.09711
C 86.80680 91.86350 -0.65332
C 74.86000 91.96890 0.94819
C 71.76780 92.60590 1.19921
C 80.12950 93.45890 0.42634
C 77.02930 94.25400 0.66241
C 73.91510 94.94800 0.98162
C 82.71460 75.79400 1.90003
C 79.96810 74.16200 1.92002
C 77.29410 72.54080 1.96951
C 83.01040 79.14130 1.01374
C 80.06140 77.42720 1.55590
C 77.27700 75.88770 1.76074
C 74.46320 74.37320 1.94688
C 80.19930 80.44480 1.20889
C 77.40930 79.07720 1.44785
C 74.48210 77.64770 1.66582
C 80.65780 83.61870 0.93723
C 77.65900 82.27190 1.18963
C 74.79040 80.83450 1.37662
C 71.82190 79.39260 1.49351
C 77.83940 85.49750 0.89639
C 74.94620 84.22050 1.05551
C 71.97670 82.63520 1.22818
