2979
Frame 102
C 13.11430 96.11900 -1.57090
C 14.03560 1.54703 -1.13856
C 12.28670 3.86770 -2.55067
C 10.88060 6.82595 -3.03511
C 8.62183 9.66792 -3.18859
C 5.01383 9.15494 -4.00670
C 2.96859 8.97521 -4.97689
C 24.18790 0.67385 0.22226
C 22.37230 4.37927 0.94882
C 24.68290 6.39105 -0.79177
C 25.12960 12.29310 -0.73667
C 19.75310 1.06536 -1.17916
C 16.00030 -0.43127 0.06609
C 19.65530 4.23951 -0.84594
C 22.96410 9.15549 -0.20892
C 20.00290 7.86035 -0.59059
C 14.10160 5.14725 -0.42602
C 23.18490 13.12030 -0.88046
C 14.70310 8.35076 -1.59280
C 23.28770 16.40900 -0.85413
C 11.92230 10.43890 -1.65469
C 23.07500 19.78830 -0.40581
C 12.55520 13.68390 -1.34586
C 9.52175 12.67160 -1.82520
C 23.29680 22.99820 -0.11089
C 14.73630 18.08570 -0.30594
C 11.38170 16.31680 -0.19671
C 14.51500 21.61130 0.81058
C 20.85700 -0.75843 -1.17514
C 5.63737 11.17850 -1.67207
C 6.60836 14.28590 -0.99784
C 3.39988 14.32730 -1.62293
C 8.22072 16.72060 -0.49214
C 2.25110 17.36200 -1.76429
C 9.92683 19.39420 -0.05342
C 11.37540 22.18460 0.31724
C 9.58052 95.63310 -2.78024
C 11.15940 0.88761 -2.53318
C 7.65682 0.61335 -3.39594
C 4.53098 0.21041 -3.87008
C 9.17655 3.35899 -3.58047
C 5.82047 3.14685 -4.01266
C 2.65266 2.82720 -4.09511
C 7.37129 5.93654 -4.31089
C 3.71355 5.60901 -4.41897
C 16.54620 3.15391 -1.08252
C 17.20600 6.28042 -0.95125
C 20.52800 11.21920 0.01812
C 17.53340 9.52414 -0.89094
C 20.50650 14.85710 -0.71692
C 17.90820 13.03700 -0.55772
C 14.87960 11.62520 -1.15198
C 20.45300 18.31700 -0.20621
C 17.78970 16.51180 -0.30095
C 15.17770 15.06620 -0.65706
C 20.43030 21.37630 0.03655
C 17.74800 19.80790 0.00288
C 5.19702 17.09420 -1.03932
C 6.68820 19.88410 -0.36865
C 3.64490 20.12950 -0.84149
C 8.48925 22.30960 -0.09899
C 5.05584 22.55470 -0.38589
C 1.86452 22.69390 -0.91890
H 13.44980 -0.25477 0.59335
H 11.83780 2.21672 -0.59158
H 10.43920 4.65656 -1.93439
H 8.62257 7.24228 -2.49720
H 2.18772 6.67945 -2.68661
H 3.94730 9.35125 -1.63076
H 22.94630 2.08370 1.98072
H 24.87070 4.38905 0.85190
H 23.11790 6.77222 0.63077
H 25.04550 10.15510 0.55870
H 25.45980 15.84570 0.50439
H 20.33580 2.79578 0.76790
H 17.48780 1.51589 0.05807
H 20.36030 5.88435 1.04377
H 14.74260 2.99274 0.75679
H 15.07210 6.72357 0.24068
H 21.53410 13.31080 1.16311
H 12.36410 8.76517 -0.53547
H 24.13780 18.27800 0.66124
H 21.48890 16.52490 0.98780
H 9.89679 10.82730 0.05305
H 24.32220 21.22290 1.30906
H 10.31210 13.98540 -0.24126
H 13.09850 18.03360 0.70523
H 9.76731 17.59240 1.21300
H 22.33270 -0.79758 0.77443
H 1.32621 12.88150 -1.96397
H 7.31807 12.45080 -0.53337
H 3.87575 12.32490 -0.12477
H 7.75503 14.97690 1.33619
H 6.55782 17.84610 0.91780
H 11.26820 20.24690 2.09665
H 8.21819 20.43420 1.46085
H 10.82400 -0.96750 -0.96919
H 7.60030 -1.10994 -1.59748
H 4.45029 96.15340 -2.05229
H 1.32972 95.85220 -2.47551
H 8.99942 1.69020 -1.70844
H 5.73732 1.51221 -2.17020
H 2.67676 1.01457 -2.47382
H 7.29208 4.31175 -2.41716
H 4.10433 4.04486 -2.57572
H 5.44635 6.84149 -2.96299
H 17.63510 4.56044 0.69349
H 20.81620 8.97108 1.00901
H 17.93710 7.80985 0.82517
H 18.22850 11.04210 0.92488
H 15.35740 9.80766 0.23465
H 18.57330 14.85530 0.88040
H 15.74010 13.16890 0.68301
H 12.81160 11.82810 0.22629
H 21.48210 19.76940 1.55515
H 18.65610 18.01640 1.54060
H 15.83950 16.48780 1.25644
H 13.13410 14.89050 0.77792
H 18.74940 21.16680 1.80459
H 15.87660 19.60950 1.38817
H 4.68431 15.19160 0.29945
H 1.61964 15.43660 -0.34310
H 3.36034 18.03050 0.29742
H 4.92895 20.64000 1.14628
H 1.69692 20.75010 0.57097
C 11.73300 96.32470 1.41364
C 12.79760 1.82319 1.62592
C 10.70250 4.06565 0.46642
C 10.74970 6.91607 -1.09328
C 8.21745 9.38448 -1.19262
C 4.40263 7.91600 0.07198
C 2.02024 8.60156 -3.05193
C 24.06840 0.38765 2.03767
C 24.13360 3.00928 3.95788
C 24.66670 6.21747 2.55770
C 25.05030 11.90810 2.43647
C 19.08680 0.95739 2.07916
C 15.37640 -0.55867 2.02105
C 19.20380 4.30738 2.63981
C 23.09400 9.05539 1.76150
C 19.53650 7.75328 2.67247
C 13.70810 4.97637 1.50643
C 23.61920 13.28800 2.64363
C 13.83470 8.39124 1.61351
C 23.53810 16.43540 2.35736
C 11.33170 10.21770 1.46156
C 23.54780 19.51900 2.87883
C 11.76040 13.27320 1.90911
C 8.87759 12.64960 1.47562
C 23.81170 22.63940 2.87562
C 14.68990 18.04020 2.86245
C 11.77110 16.41630 2.18910
C 14.41460 21.21650 2.63326
C 20.29060 -0.90526 1.93719
C 5.76565 11.91110 1.40470
C 5.68259 13.83160 2.07239
C 2.79625 14.03180 1.34593
C 7.93664 16.74660 2.72908
C 1.41489 17.07890 1.42749
C 9.65215 19.24920 3.15815
C 11.13270 22.24820 3.72507
C 8.97057 95.77900 0.32459
C 10.04750 0.91474 0.39826
C 7.19603 0.88932 -0.24423
C 4.17419 0.41716 -0.61941
C 8.83672 3.74536 -0.38136
C 5.71654 3.58544 -0.78584
C 2.63111 3.05031 -1.02750
C 7.26059 6.41001 -1.02780
C 4.01759 6.06608 -1.04873
C 16.33420 2.92692 2.07179
C 16.59720 6.21683 2.11637
C 20.52080 11.12740 2.07760
C 16.98230 9.70086 2.16060
C 20.43610 14.75440 2.59604
C 17.66550 12.93740 2.29731
C 14.39870 11.41790 1.89490
C 20.60570 17.90870 2.94784
C 17.68510 16.14210 2.83141
C 14.84920 14.64850 2.50857
C 20.63380 21.24370 3.33649
C 17.58190 19.50610 3.20198
C 4.60374 16.86410 2.06098
C 6.34846 19.48270 2.75149
C 3.28854 19.68980 2.11080
C 7.91515 22.21280 3.11927
C 4.83323 22.48420 2.70322
C 1.24917 22.47440 2.18577
C 23.00750 26.42290 -0.22321
C 20.39550 28.11460 0.57234
C 15.31260 24.88850 0.66577
C 19.10630 29.54660 -0.37761
C 23.21240 29.41140 0.26227
C 24.46110 32.16480 -0.58197
C 24.09060 35.87750 -0.89246
C 25.79620 45.92680 -2.34492
C 22.47450 44.46010 -0.93351
C 21.20720 31.77660 1.99063
C 19.36950 32.99220 -0.59157
C 15.30340 27.89170 -0.58705
C 19.79610 34.93310 -0.44182
C 13.18510 34.50570 -0.90488
C 20.57580 38.19230 -0.64457
C 10.82190 36.63590 -0.76143
C 21.68930 41.48160 -0.85636
C 18.46930 40.78230 -1.07444
C 8.71767 39.00660 -0.99456
C 4.21386 39.29860 -2.05113
C 16.42590 43.50830 -1.05470
C 2.97406 42.72820 -1.56457
C 14.27140 45.72670 -1.32495
C 5.28020 44.46840 -1.95291
C 2.89629 46.93060 -2.09658
C 13.18080 24.55120 0.38869
C 12.18610 27.73860 0.33932
C 12.87000 31.12900 -0.88785
C 10.09320 30.22280 -0.56834
C 9.70520 33.40570 0.39375
C 5.86286 33.62340 -0.68040
C 7.79494 35.92500 0.77396
C 1.61951 36.49280 -0.92665
C 20.66440 24.65610 0.33019
C 17.86360 23.00820 0.48933
C 18.08490 26.25670 0.71420
C 16.37740 34.87890 -1.04054
C 17.50920 37.92830 -0.93237
C 14.24760 37.37060 -0.98342
C 15.30430 40.35730 -0.99043
C 12.09550 39.82280 -1.20485
C 13.37250 42.82680 -1.18720
C 10.04850 42.19000 -1.36640
C 6.80423 41.73250 -1.59648
C 11.26210 45.24310 -1.47352
C 8.12631 44.90950 -1.57453
C 6.07268 47.34870 -1.80036
C 10.01860 24.93280 0.13644
C 6.76810 25.24060 -0.28529
C 3.45633 25.19110 -0.68342
C 8.53451 27.69680 -0.29448
C 5.18665 27.83530 -0.56740
C 2.12585 28.13000 -0.87150
C 6.98985 30.49030 -0.63822
C 3.97675 30.77950 -0.73715
C 2.78775 33.90380 -0.74139
H 1.12863 43.02180 0.25671
H 24.24160 24.34790 0.84303
H 21.81890 26.01710 2.00864
H 15.97600 23.04740 2.18525
H 19.09970 27.65560 2.69839
H 16.37240 26.23880 2.74878
H 17.01170 28.65890 0.56119
H 24.45840 27.57400 1.40069
H 24.70870 30.88870 1.57785
H 21.82900 29.25150 2.38975
H 24.05330 40.75090 -1.08536
H 24.88950 43.88930 -1.30340
H 22.83460 42.85990 0.98829
H 20.57430 45.14520 0.62486
H 19.75670 33.87770 1.89686
H 16.99730 33.25300 0.28438
H 13.95680 32.77600 0.79927
H 21.19530 36.65390 0.88767
H 11.61870 34.93820 0.89969
H 21.78770 39.74770 1.01517
H 9.16706 37.42710 0.86411
H 19.78680 42.26930 0.67001
H 6.84428 40.09130 0.43033
H 2.81840 40.46470 -0.55452
H 17.69720 44.61380 0.03332
H 5.06950 42.73720 -0.17758
H 15.52440 47.15300 0.10832
H 3.21507 45.05760 -0.63522
H 12.81320 22.84670 2.07942
H 9.74527 23.17600 1.91284
H 11.54920 25.78510 1.80039
H 13.75470 29.66320 0.57521
H 11.26450 31.60420 0.98416
H 8.55701 31.37210 1.00596
H 7.40439 34.25600 0.65449
H 4.24397 34.48160 1.22024
H 1.06772 34.75400 0.77202
H 2.82645 37.44460 0.67823
H 21.55440 22.82070 1.67732
H 18.89720 24.45750 2.07424
H 23.59470 45.44150 1.06881
H 17.87330 36.22450 0.60623
H 14.68970 35.64300 0.68764
H 18.80980 39.19520 0.82178
H 15.69190 38.55740 0.63155
H 12.40300 38.03190 0.59615
H 16.80070 41.61750 0.56090
H 13.49930 41.04750 0.54607
H 10.24190 40.43850 0.28089
H 14.57670 44.11810 0.51931
H 11.45780 43.45870 0.25670
H 8.16816 43.10220 0.01744
H 12.48320 46.58010 0.16852
H 9.47903 46.00810 0.08275
H 6.32577 45.63950 -0.08908
H 6.62703 23.29160 1.26044
H 3.25171 23.41770 1.06383
H 8.26227 26.00620 1.54328
H 4.97658 26.01280 1.07944
H 1.79634 26.26640 0.76845
H 10.06420 28.65920 1.32568
H 6.80067 28.73440 1.05910
H 3.61753 29.03190 0.89536
H 5.54456 31.68590 0.89169
H 2.32401 31.91160 0.66370
C 23.96720 25.76410 3.07156
C 20.93490 27.39340 3.96200
C 14.91980 24.46390 3.92135
C 16.85020 28.75030 3.20240
C 23.88410 29.14420 3.28326
C 23.75210 32.67880 2.59165
C 23.47640 35.82580 0.94298
C 25.21250 43.53060 1.24992
C 22.00550 44.48840 2.74804
C 20.70320 30.93650 3.85653
C 17.47760 33.25040 2.86018
C 15.86790 31.04320 0.74381
C 20.60200 35.29090 3.16470
C 13.42220 34.56870 2.51316
C 20.41200 38.39880 2.61130
C 11.01170 36.88000 2.42589
C 21.43070 41.61750 2.67376
C 18.36580 40.99310 2.44930
C 8.37739 39.04790 0.90467
C 4.78229 38.81400 -0.02359
C 16.35090 43.54410 2.04588
C 3.28701 42.00750 1.34074
C 14.22440 45.83500 1.81552
C 4.71606 44.59820 1.35839
C 2.44555 46.94230 0.97059
C 12.83090 24.67930 3.67757
C 12.34090 28.16530 2.13601
C 13.14290 31.15040 2.53719
C 9.99936 30.56210 2.80580
C 10.31720 33.45630 2.24090
C 6.04951 33.42770 2.56746
C 4.87136 36.38540 1.96020
C 1.14311 36.60970 2.36533
C 20.89770 24.32190 3.49808
C 17.82990 22.70450 3.53907
C 18.12010 25.69830 4.13273
C 16.50460 34.88600 2.23752
C 17.39660 37.95840 2.41285
C 14.16960 37.48110 2.23013
C 15.28060 40.49590 2.18319
C 11.87740 39.87940 2.07995
C 13.08550 42.81330 2.05347
C 9.77621 42.39770 1.72800
C 6.62729 41.98600 1.68054
C 11.04540 45.36760 1.80205
C 7.90117 44.95690 1.63955
C 5.78623 47.41770 1.46085
C 9.71422 25.13430 3.43900
C 6.37757 25.17200 2.92604
C 3.09514 25.18970 2.59585
C 8.29219 27.97250 2.95038
C 4.93687 28.00170 2.56291
C 1.83808 28.16010 2.30264
C 6.94594 30.59550 2.64862
C 3.79096 30.95390 2.40064
C 2.48747 33.68550 2.49806
C 20.44280 47.32690 -0.91675
C 17.34370 46.87310 -1.33759
C 15.25630 49.12740 -1.35497
C 16.23070 52.75870 -0.51959
C 14.34890 56.07910 -0.19962
C 17.85610 56.21850 -0.98948
C 20.09920 58.36990 -1.36970
C 22.14170 61.48450 -1.26434
C 24.07420 63.98530 -1.23874
C 19.06600 61.44930 -1.50673
C 16.50940 59.83490 -0.82136
C 13.99760 58.32700 -0.13688
C 10.73980 56.93140 0.02608
C 22.44040 66.78270 -1.35748
C 20.12560 64.75640 -0.69549
C 10.94540 60.66990 -0.47103
C 23.25640 69.83690 -1.29860
C 11.53470 63.83040 -1.54401
C 11.82080 67.27590 -2.18272
C 9.32466 69.21710 -2.88618
C 13.77500 48.73660 -2.85190
C 7.21910 50.54350 -1.51035
C 4.08944 49.96270 -1.77651
C 11.51250 54.08420 -1.02027
C 8.27614 53.40980 -1.44613
C 5.09568 52.98310 -1.52308
C 1.97152 52.36870 -1.65727
C 7.49349 56.27310 -0.03688
C 8.71106 58.09350 1.95697
C 7.28918 60.75890 -1.11067
C 9.36689 63.25150 -1.55594
C 8.46027 66.31770 -2.06264
C 7.26273 69.34320 -2.98231
C 23.41450 47.22770 -0.64264
C 21.43610 49.89190 -0.66995
C 17.83420 49.94750 0.34926
C 23.05730 52.84920 -0.89425
C 19.77170 52.86300 -0.78906
C 21.55250 55.59800 -0.90955
C 23.46460 58.36080 -1.10337
C 16.72150 63.68090 -1.49558
C 14.15620 61.86620 -0.34878
C 20.19490 68.44620 -1.46606
C 17.33800 66.88860 -1.72581
C 14.31500 65.62420 -1.75696
C 17.75690 70.10790 -1.96501
C 14.88790 68.74710 -2.11420
C 12.23150 70.42210 -2.70772
C 12.04500 48.41370 -1.39773
C 9.22971 47.92150 -1.40348
C 10.36640 51.00160 -1.13811
C 3.47834 55.74810 -0.81205
C 5.29195 58.44910 -0.98933
C 2.23393 59.15770 -1.78435
C 4.30385 61.38380 -1.65871
C 6.26242 63.82560 -1.88198
C 3.08448 64.44750 -2.28531
C 5.01978 66.89020 -2.60084
C 2.10563 67.59620 -2.82354
C 4.00003 69.84790 -3.10698
H 2.17004 50.39850 -0.05270
H 18.63820 47.63130 0.71320
H 16.01300 51.38270 1.06076
H 15.70920 54.59000 1.23048
H 16.31220 57.56590 -0.01291
H 21.83760 59.45270 0.07325
H 18.72290 59.69910 0.21288
H 23.67050 62.26010 0.55865
H 14.28390 57.15560 2.03438
H 12.34730 55.29620 0.93679
H 22.33170 64.88900 0.15274
H 20.36940 62.45660 0.21657
H 17.17410 62.05040 -0.06430
H 15.07670 60.13550 1.20013
H 12.04350 58.84930 0.96261
H 23.80080 67.81000 0.21022
H 12.02210 62.62140 0.35013
H 12.37990 65.81250 -0.22565
H 9.91214 67.94560 -0.89263
H 10.24000 70.96660 -1.37630
H 13.44720 49.56510 0.33226
H 4.25771 48.04390 -0.31351
H 11.60580 52.18090 0.70760
H 8.49929 51.60530 0.26477
H 5.35375 51.04910 -0.06000
H 9.45869 54.81710 0.17615
H 6.47827 53.97860 0.20762
H 3.28909 53.45410 0.25832
H 7.43566 55.76040 2.51999
H 6.77439 59.46620 1.02875
H 8.88022 61.82300 0.45129
H 7.88432 64.68620 -0.26307
H 6.80452 67.77440 -1.21420
H 5.76932 70.84260 -1.63770
H 25.04730 48.20080 0.89234
H 21.82450 48.06530 1.04197
H 23.23930 50.95970 0.74310
H 20.08470 50.92510 0.84471
H 21.48390 53.75540 0.83351
H 18.34010 53.54210 0.84452
H 23.18230 56.63910 0.73175
H 20.02430 56.55170 0.36708
H 20.64630 66.85260 0.23634
H 17.91800 65.28460 0.00605
H 14.90200 64.15940 0.12793
H 21.22960 69.86840 0.17955
H 18.17220 68.57240 -0.10544
H 15.38170 67.21330 -0.23312
H 15.74980 70.47860 -0.66404
H 12.85480 69.06930 -0.73378
H 10.38310 49.10640 0.37521
H 7.31931 48.55560 -0.06459
H 5.19063 56.87200 0.57094
H 1.74894 57.48030 -0.44127
H 3.66114 59.91600 0.22926
H 5.75959 62.35550 0.06660
H 2.65732 62.83140 -0.46264
H 4.74671 65.32990 -0.70429
H 1.59227 65.94390 -1.05757
H 3.70248 68.39620 -1.09208
H 2.60391 71.37600 -1.81461
C 20.21760 47.00410 2.53630
C 17.23580 46.44110 1.88148
C 15.15340 49.05050 1.69322
C 16.74930 52.70280 2.67098
C 13.98500 54.78500 2.77395
C 17.75330 55.96600 1.21455
C 20.21380 58.61020 1.76649
C 21.82680 61.26130 1.84159
C 23.86980 64.30280 1.96611
C 18.75630 61.66160 1.78151
C 17.06420 58.91000 1.88290
C 13.59350 59.33900 2.95424
C 11.86250 57.03200 2.63997
C 22.45690 66.65800 1.80612
C 20.06870 64.71960 0.99019
C 10.73510 60.87720 1.58610
C 22.98490 69.60340 1.74623
C 11.28630 64.39070 1.57273
C 11.54990 67.69640 0.92723
C 9.16630 69.84780 0.43555
C 13.60460 51.96160 1.28796
C 6.97387 50.32510 1.63441
C 3.76947 49.74920 1.40935
C 10.70360 54.03010 2.23210
C 8.30122 53.42990 1.88566
C 4.88396 52.73770 1.74794
C 1.64301 52.17510 1.71588
C 5.45907 55.75570 3.00457
C 8.38987 57.71440 3.92278
C 6.93483 61.34440 2.04747
C 9.21162 63.94180 1.64015
C 8.60908 66.52380 -0.15291
C 7.03223 69.77160 0.19211
C 23.55910 47.29850 2.64839
C 21.75780 49.96010 2.46336
C 18.44260 49.67910 2.12733
C 23.20270 52.89890 2.32064
C 19.94460 52.79570 2.54493
C 21.41870 55.75610 2.30102
C 23.21220 58.67310 2.05356
C 16.75400 63.86100 1.63891
C 14.06060 62.30460 1.63422
C 19.83300 68.51630 1.69586
C 17.20010 67.01770 1.51071
C 14.18830 65.94170 1.56885
C 17.30220 70.42250 1.25715
C 14.54140 69.12930 1.03354
C 11.96380 71.01340 0.46790
C 12.01410 48.24740 1.91020
C 9.00457 47.88740 1.59217
C 10.19560 50.98680 1.96106
C 2.99189 55.75740 1.01237
C 4.57799 58.65620 2.18740
C 1.61187 59.10780 1.41873
C 3.80961 61.82460 1.53883
C 6.00731 64.50460 1.27377
C 2.86131 64.98500 0.78587
C 5.18927 67.39980 0.59292
C 1.88572 68.01170 0.36066
C 3.97916 70.54580 0.07661
C 9.96286 90.18360 -2.24896
C 11.47210 93.03930 -2.10760
C 8.26747 92.80610 -2.94021
C 5.13752 92.30950 -3.33200
C 1.61234 92.28970 -4.02068
C 5.39699 75.17460 -4.09910
C 10.08960 78.07140 -3.88439
C 6.73797 78.16250 -4.09014
C 3.63550 77.98770 -4.45215
C 12.52370 86.28190 -5.30731
C 10.58570 88.18170 -2.35629
C 6.90855 89.66840 -2.89833
C 3.69544 89.85430 -3.76114
C 23.42920 80.40590 -1.14104
C 20.21710 81.64580 -1.61188
C 17.15060 83.63840 -2.85436
C 14.38600 85.92380 -5.85486
C 13.64670 87.46010 -2.44949
C 12.98560 90.51260 -2.01805
C 15.68730 92.80880 -1.88454
C 17.78710 95.05950 -0.87963
C 23.55550 95.46930 -0.79387
C 23.73710 73.24910 -1.22144
C 24.07880 76.73530 -0.56851
C 21.41820 77.94940 -1.90770
C 9.44970 72.20800 -3.31453
C 16.30040 78.46500 -3.69516
C 13.40280 76.96970 -4.30773
C 8.76769 75.24350 -3.14623
C 16.44260 81.84480 -3.58939
C 6.30794 72.37010 -3.53908
C 3.03059 72.97150 -3.74542
C 6.38806 95.36950 -3.39166
C 3.15520 94.95310 -3.80901
C 8.36281 80.97150 -4.42444
C 5.13738 80.90780 -4.65724
C 1.96344 80.88930 -4.76348
C 9.96538 83.70570 -4.79753
C 6.63562 83.92590 -4.59837
C 3.55803 84.01320 -4.71698
C 8.48339 86.91890 -4.05156
C 5.18995 87.01090 -4.27751
C 1.99738 86.76900 -4.48262
C 22.60050 83.75510 -1.16553
C 19.85880 85.23920 -2.00858
C 16.75420 86.57730 -2.26500
C 22.29320 86.92120 -1.31185
C 19.38030 88.29460 -1.88872
C 16.38180 89.41050 -2.13969
C 24.70130 88.90270 -0.76038
C 21.79300 90.35700 -1.39431
C 18.52240 91.80020 -1.57630
C 24.33540 92.35020 -0.80071
C 21.35130 93.57780 -1.34462
C 20.64390 71.38920 -1.65703
C 21.07600 74.69420 -2.01069
C 18.21670 73.21320 -2.40180
C 15.09950 71.80260 -2.64018
C 18.58070 76.39400 -2.88820
C 15.90770 74.81670 -3.40602
C 12.66300 73.68180 -3.47065
C 18.96280 80.19360 -2.67497
H 11.05170 91.29910 -0.41779
H 7.96829 91.15980 -1.28563
H 12.44800 94.14460 0.04301
H 6.29890 93.62060 -1.68230
H 3.05806 93.06530 -2.20434
H 6.68817 76.40310 -2.30549
H 3.51474 76.47670 -2.97156
H 8.45240 79.34850 -2.49138
H 9.83892 82.18650 -2.56062
H 11.55700 84.53640 -3.75234
H 9.05759 88.72400 -0.52066
H 4.87962 90.43430 -1.69455
H 1.73193 90.37190 -2.41994
H 22.64830 78.54050 0.23908
H 21.99420 81.73740 0.26201
H 18.65000 83.36480 -0.94402
H 15.78270 84.64370 -0.84649
H 14.46830 86.04100 -3.34949
H 12.31440 88.43860 -0.63586
H 14.73220 90.78270 -0.62427
H 17.17380 92.80140 0.22222
H 15.26320 95.13500 -0.82502
H 19.89580 94.95750 0.16179
H 24.27570 71.18110 0.19107
H 24.33550 74.67200 0.85409
H 21.74820 76.13850 -0.18952
H 19.27590 78.15870 -1.42940
H 13.64260 75.13730 -2.51289
H 10.58630 74.00040 -2.07604
H 7.79423 73.36770 -1.83411
H 16.51320 79.95440 -1.70678
H 13.69840 78.41720 -2.78487
H 4.71584 73.76420 -2.22145
H 9.41268 93.86980 -1.08101
H 5.01591 79.25340 -2.79716
H 1.93574 79.19010 -3.07830
H 6.65474 82.00950 -3.03796
H 3.46927 82.08500 -3.20126
H 8.42714 84.90610 -3.12116
H 5.04967 84.94020 -2.94730
H 1.79269 84.74780 -3.11596
H 6.64086 87.65900 -2.47745
H 3.40992 87.63440 -2.65202
H 24.88410 80.56450 0.85272
H 24.27210 83.94760 0.69596
H 21.34080 85.05580 0.03796
H 18.41870 86.49220 -0.47738
H 15.36800 87.65940 -0.64159
H 23.75680 87.12990 0.61106
H 20.87690 88.50540 0.03944
H 17.84600 89.69600 -0.43948
H 23.32730 90.46610 0.60837
H 20.40750 91.75630 0.05986
H 22.83110 93.68430 0.72273
H 21.50700 73.08070 -0.17875
H 18.59030 71.81240 -0.33952
H 18.96780 74.97200 -0.85537
H 16.06620 73.54960 -1.20234
H 13.06540 72.26130 -1.35142
H 16.30870 76.67290 -1.89482
C 9.06381 90.71720 0.82944
C 10.66460 93.33220 1.02062
C 7.67552 92.93330 0.28347
C 4.58271 92.40730 -0.33951
C 1.65634 91.94370 -0.50237
C 5.01469 75.80630 -0.91052
C 10.22220 78.74110 -0.77890
C 6.70229 78.60960 -1.00753
C 3.34596 78.33370 -1.20442
C 13.42520 82.78910 -3.52402
C 10.34900 88.02540 1.00124
C 6.73863 89.22910 -0.61765
C 3.32360 89.29600 -0.79972
C 22.76370 80.07370 1.99612
C 19.81530 81.35010 0.22946
C 16.53190 82.70730 0.38269
C 13.46900 84.15730 -1.87191
C 13.34830 87.07540 0.79586
C 12.79660 90.32320 0.95378
C 14.71310 93.05300 0.59357
C 17.52100 94.82020 1.23207
C 23.17830 95.32280 2.48297
C 22.98460 72.72690 1.82992
C 23.03110 76.65020 1.78444
C 20.38680 77.94090 0.80915
C 9.51555 72.97190 -0.12113
C 14.62810 78.27490 -0.89452
C 11.30880 77.68060 -2.19354
C 8.79447 75.61500 -1.46401
C 14.93380 81.42510 -0.56191
C 6.06570 72.98320 -0.30608
C 2.86877 73.52970 -0.49981
C 5.86614 95.55000 -0.22086
C 2.77595 94.93400 -0.69892
C 8.45586 81.62650 -1.25331
C 4.95459 81.26270 -1.39250
C 1.78148 81.21780 -1.60529
C 10.36990 84.56510 -1.53301
C 6.77571 83.95230 -1.49802
C 3.46685 83.87420 -1.51877
C 8.37098 86.55620 -1.22792
C 5.11570 86.70170 -1.09702
C 1.79988 86.43320 -1.29897
C 22.14790 83.52210 1.88751
C 18.97960 84.47650 0.92530
C 16.36730 86.18350 1.01890
C 21.55590 86.80160 1.74551
C 18.77150 88.13620 1.27975
C 15.89820 89.29810 1.06145
C 23.97130 88.87270 2.36400
C 21.22920 90.20810 1.87236
C 18.28440 91.37490 1.47089
C 23.80930 92.17730 2.41877
C 20.68790 93.24270 1.97692
C 20.19200 71.65870 1.48344
C 20.28610 74.76170 1.15528
C 17.45300 73.74330 0.70337
C 14.72230 72.33400 0.49735
C 17.69690 76.87220 0.10494
C 14.82720 75.46230 -0.37239
C 12.35240 74.43180 -0.46504
C 17.63990 79.12060 0.34248
C 38.86480 0.49350 0.59351
C 35.63430 0.28188 0.14881
C 39.82800 3.29195 1.08448
C 48.43290 9.51673 0.29427
C 45.50680 9.15381 0.46805
C 42.36960 8.58220 0.61516
C 43.17720 11.77100 0.12460
C 34.06720 -0.28556 1.32518
C 27.86420 0.68152 -0.16700
C 36.21700 3.18694 1.09049
C 37.73030 5.90728 0.75949
C 39.34000 8.58436 0.49052
C 26.47560 9.10489 -0.79518
C 41.08200 11.21790 0.22761
C 39.68780 14.11890 0.04983
C 26.85460 14.86650 -0.64451
C 28.74850 17.64470 -0.46043
C 36.86240 20.38850 -0.46136
C 33.72180 20.36870 -0.04339
C 30.26060 20.34590 -0.23912
C 26.52130 20.86950 0.31991
C 49.54980 11.24490 -0.17887
C 46.40860 12.36240 0.51167
C 44.65300 14.38530 -1.41302
C 43.54720 17.49350 -1.51936
C 40.42900 19.23980 -0.94508
C 40.33980 22.26490 -1.32212
C 47.89200 1.34693 1.50303
C 44.85120 1.03631 1.59679
C 41.87890 0.63433 1.32748
C 49.42320 4.08074 1.15481
C 46.24120 3.74486 1.29301
C 43.07980 3.40699 1.31751
C 47.49040 6.48626 0.87796
C 44.30680 6.24125 0.98705
C 41.04630 5.98998 0.95173
C 31.08870 0.44004 0.45554
C 32.82510 3.01971 0.41408
C 29.63120 3.36626 -0.16788
C 26.22220 3.32656 -0.48051
C 34.45820 6.09582 0.43010
C 31.46510 6.13585 0.04449
C 28.19080 6.30427 -0.44700
C 36.14010 8.82250 0.36367
C 32.96800 8.81509 0.10279
C 29.88660 8.99170 -0.30429
C 37.91030 11.34980 0.14523
C 34.77610 11.57370 -0.08523
C 31.68050 11.76170 -0.31336
C 28.28490 12.10210 -0.52218
C 36.57880 14.33070 -0.15649
C 33.34410 14.54230 -0.40102
C 30.01640 14.67940 -0.52273
C 38.21150 16.93020 -0.32007
C 34.87670 17.20330 -0.43566
C 31.77200 17.50340 -0.36894
C 49.36190 14.39780 -0.70379
C 46.34940 15.92860 -0.91824
C 49.00760 17.48700 -1.34228
C 46.22840 18.88360 -1.44539
C 43.20020 20.83260 -1.70585
C 49.16840 20.56190 -1.99320
C 45.87480 22.14320 -2.22971
H 36.99120 1.06590 1.97358
H 41.33940 4.33244 2.74297
H 38.20360 4.04538 2.27375
H 49.12760 7.90662 2.09890
H 42.59150 7.12750 2.51807
H 46.92640 10.45720 1.94533
H 43.77940 10.08630 1.88504
H 30.92600 -1.18815 2.39870
H 27.95600 -1.30148 1.32868
H 32.65640 1.55870 2.16378
H 26.09690 1.51656 1.27668
H 34.21690 4.36263 2.10439
H 39.37540 6.93037 2.23866
H 36.03960 7.05844 2.17080
H 40.80460 9.68094 2.08967
H 39.54890 12.50550 1.68787
H 26.77450 12.96000 1.06538
H 40.97910 15.73480 1.71468
H 38.04700 15.25980 1.54251
H 36.71760 18.24360 0.94615
H 27.00370 18.44300 1.27550
H 34.99740 21.15760 1.21136
H 31.89690 20.85270 1.71751
H 28.88710 21.31940 1.21995
H 48.56420 13.01720 1.10858
H 45.55100 14.63460 1.00087
H 42.83640 15.95080 -0.77583
H 42.37400 19.24830 -0.03333
H 39.95970 21.06340 0.97047
H 24.99120 96.14310 1.02303
H 48.03970 -0.36708 3.15065
H 44.90820 -0.82778 3.21354
H 41.83550 -1.28977 2.85747
H 38.88030 96.14570 1.92730
H 49.46040 2.43661 2.98030
H 46.28720 2.14557 3.14292
H 43.13430 1.75567 3.14990
H 40.00040 1.38494 2.68973
H 47.76420 5.02506 2.77535
H 44.58300 4.63612 2.79058
H 45.74120 7.56507 2.31964
H 29.30440 1.54845 1.60819
H 31.08070 4.38308 1.64876
H 27.89790 4.36974 1.05954
H 32.81430 7.16951 1.87925
H 29.62980 7.13803 1.43171
H 26.34950 7.21425 0.98303
H 37.76100 9.72704 1.97379
H 34.48980 9.89811 1.76593
H 31.34350 10.00960 1.41307
H 28.18750 9.97253 0.87560
H 36.34470 12.58360 1.53076
H 33.18760 12.75360 1.24313
H 30.02270 12.85430 1.15211
H 34.89020 15.47900 1.30871
H 31.67170 15.55670 1.07965
H 28.47430 15.67660 1.06282
H 33.46320 18.26260 1.26616
H 30.20640 18.36440 1.32021
H 48.31810 16.20900 0.68867
H 45.21110 17.73820 0.35269
H 48.14050 19.41420 -0.00804
H 45.22320 20.84830 -0.22471
H 42.49140 22.56500 -0.15116
H 47.92210 22.40640 -0.89945
C 38.30790 -0.00937 3.73721
C 35.50120 -0.24055 3.25225
C 39.67210 3.29979 4.18505
C 48.72600 10.02510 3.45963
C 45.53180 9.71144 3.61670
C 42.49170 8.94067 3.67578
C 43.16830 12.02160 3.24803
C 34.07920 1.13074 4.20642
C 27.50420 0.44523 2.93667
C 36.03380 3.05103 3.01241
C 37.70520 5.94606 3.74400
C 39.28150 8.78719 3.74535
C 26.44000 9.08578 2.47478
C 41.02900 11.69360 3.49827
C 39.82010 14.61450 3.18850
C 26.67450 14.85650 2.65038
C 28.35640 17.53210 2.79506
C 37.56520 20.68240 1.45525
C 33.75750 19.89520 3.13210
C 29.74860 20.16820 2.99752
C 26.57170 20.78090 2.25398
C 49.52090 11.90750 3.06758
C 46.46040 12.79200 2.38434
C 43.18080 14.52900 1.52485
C 43.05870 17.34450 1.47399
C 41.15160 19.82850 2.18388
C 41.07240 23.14460 1.84991
C 48.02940 1.50392 4.70681
C 44.75620 1.12207 4.76468
C 41.55510 0.56387 4.50311
C 49.57730 4.45109 4.34940
C 46.25850 4.07586 4.52210
C 43.01150 3.79372 4.46099
C 47.56800 7.19875 3.92308
C 44.33790 6.65207 4.14617
C 40.92240 6.31656 4.04892
C 30.71620 0.93366 3.58170
C 32.38690 3.63318 3.59137
C 29.23180 3.57157 2.99567
C 25.90700 3.34992 2.85355
C 34.20390 6.22291 3.70503
C 30.95980 6.31374 3.20301
C 27.68410 6.22911 2.71043
C 35.94560 9.12196 3.60726
C 32.67410 9.08659 3.28378
C 29.50630 9.12970 2.85616
C 37.82670 11.81600 3.30151
C 34.53590 11.96320 3.12126
C 31.50980 11.95250 2.85612
C 28.35080 11.79740 2.60765
C 36.42850 14.52100 3.05800
C 33.18700 14.66090 2.80550
C 29.95060 14.71190 2.71705
C 39.07580 17.52060 1.56175
C 35.39980 17.57000 2.66631
C 31.81160 17.32340 2.81188
C 49.34080 14.87030 2.53411
C 46.21680 16.28870 2.16429
C 49.27420 18.03820 1.74976
C 46.24320 19.51730 1.62036
C 43.46890 21.01520 1.41959
C 48.92020 21.40110 1.08646
C 46.26160 22.72550 0.92450
C 49.10140 29.98890 -0.61810
C 47.80060 32.81410 -0.87345
C 49.39830 35.74970 -1.12032
C 48.13490 38.53690 -1.46931
C 37.51370 23.80200 -1.25259
C 40.17240 26.19810 -1.13185
C 43.03510 27.68830 -1.69410
C 48.78920 27.18460 -2.40936
C 45.82030 29.31870 -2.32848
C 36.82730 25.85880 -1.40399
C 34.03420 24.25540 -0.82830
C 30.15070 23.54610 0.94306
C 40.67890 30.02530 -1.88124
C 37.43770 28.86170 -1.37342
C 28.45100 25.86010 -0.95665
C 44.15070 33.54990 -1.32152
C 40.93570 33.13840 -1.83636
C 25.70500 27.99830 -0.71920
C 41.98810 36.94520 -1.12422
C 39.30680 38.46330 -1.44214
C 37.23160 41.19960 -0.87492
C 34.48920 42.76760 -1.15003
C 31.35440 41.49900 -1.07171
C 27.93210 40.50940 -2.69313
C 25.09850 39.21580 -2.27817
C 24.73470 42.65200 -2.99068
C 31.66110 44.58700 -0.78935
C 28.47910 44.38690 -0.96291
C 32.88000 47.51080 -1.02413
C 45.98250 36.09940 -0.88558
C 44.80310 39.39350 -1.65299
C 41.82510 40.90430 -1.50670
C 47.01520 41.42720 -1.86105
C 41.09370 43.89580 -1.23870
C 38.02500 45.20820 -1.82460
C 35.23110 45.96280 -0.57354
C 47.03820 44.71230 -1.91798
C 43.02840 24.07790 -1.99288
C 48.92310 23.59710 -2.79950
C 45.80400 25.11960 -3.01037
C 34.46930 27.73610 -1.16611
C 31.40710 26.69700 -0.91195
C 38.09330 32.11740 -1.61094
C 35.09360 30.83060 -1.16362
C 32.01800 29.94010 -1.06696
C 28.97290 28.75820 -0.71163
C 38.62630 35.34190 -1.55941
C 35.56330 34.11040 -1.38184
C 32.56720 33.01960 -1.07732
C 29.52210 31.83890 -0.95608
C 26.11750 30.94170 -0.47743
C 36.34440 37.34290 -1.46254
C 33.31710 36.23520 -1.39762
C 30.04670 35.14630 -1.19834
C 27.00750 34.01100 -1.00489
C 33.95810 39.63330 -1.37958
C 31.07190 38.15240 -1.57212
C 27.39440 37.19720 -1.02485
C 29.78850 47.13640 -0.78647
C 44.04060 42.52100 -1.66075
C 43.99520 45.78910 -1.49250
C 40.94130 46.84040 -1.04226
H 47.73310 31.28160 1.13121
H 49.34100 34.04610 0.66271
H 47.95120 36.92420 0.47237
H 39.57450 24.13580 0.08338
H 42.42490 25.69870 -0.30314
H 41.15950 28.30070 -0.35011
H 47.59250 28.60320 -0.63079
H 44.71760 29.87340 -0.06077
H 38.28760 27.10680 0.14610
H 35.26510 26.05720 0.47563
H 32.20830 24.92410 0.82739
H 41.92780 31.54060 -0.07775
H 38.93560 30.41660 -0.16438
H 29.79470 27.01790 0.89462
H 26.91890 25.93870 0.37001
H 42.30550 34.70830 -0.31493
H 39.86090 36.62840 0.02882
H 41.27870 39.03310 -0.06280
H 25.07370 34.01510 0.69963
H 37.95380 41.75240 1.52126
H 32.08060 39.66770 0.15864
H 29.09200 38.41300 -0.54142
H 24.98810 37.75200 -0.08095
H 35.80090 43.90380 0.60550
H 32.72240 42.77820 0.57973
H 28.42720 42.63420 -0.03290
H 33.17530 45.77460 0.67134
H 30.00890 45.36200 0.91359
H 46.21850 33.88270 0.13403
H 44.16710 37.64600 -0.15475
H 46.58310 39.77980 -0.01272
H 43.68190 40.79810 0.02156
H 40.73630 42.06410 0.56965
H 38.56190 43.44940 -1.00319
H 46.11160 42.90890 -0.56167
H 45.17450 24.00850 -0.86568
H 47.84750 25.45550 -1.59570
H 45.04740 27.02620 -1.57284
H 35.76170 29.25320 0.43183
H 32.71940 28.20480 0.55459
H 39.30270 33.58370 0.00056
H 36.37910 32.46620 0.21660
H 33.32570 31.34410 0.53354
H 30.36260 30.27270 0.70983
H 27.27120 29.13790 0.83443
H 36.86480 35.54970 0.18183
H 33.84650 34.49860 0.33772
H 30.73050 33.41790 0.52919
H 27.72740 32.31130 0.59865
H 37.44930 38.92380 0.09901
H 34.47590 37.74540 0.02321
H 31.50620 36.47540 0.26759
H 28.37890 35.46170 0.51131
H 35.13580 40.95170 0.33456
H 26.83680 45.26290 0.84125
H 43.14940 44.03350 0.00188
H 40.35240 45.24280 0.87195
H 37.41840 46.36970 0.38176
H 45.95800 46.00190 -0.08405
H 42.93590 47.11900 0.33547
C 49.36490 30.62780 2.43786
C 47.46220 33.48250 2.25081
C 49.41230 36.09790 2.03617
C 48.13760 39.05590 1.80121
C 37.92840 23.87400 1.93876
C 40.45610 26.31030 0.91209
C 43.46470 27.77900 0.29409
C 47.51700 27.23550 1.17338
C 46.24740 30.19640 0.81275
C 37.25730 25.86350 2.02603
C 34.46500 23.71730 1.09049
C 31.77440 22.94920 2.58479
C 40.97540 30.10970 1.38638
C 37.94050 28.95020 1.63208
C 28.92920 25.15110 2.05415
C 44.27310 32.39200 0.40107
C 41.39190 33.64390 1.42676
C 26.65710 27.42390 2.51610
C 42.08810 36.93820 0.92382
C 39.43340 38.57670 1.43324
C 36.82960 40.47540 2.05807
C 34.60800 42.50640 2.16106
C 30.59140 41.61080 0.76872
C 28.52770 40.37600 -0.88407
C 23.56250 39.00740 0.88255
C 26.03540 41.91640 -0.01785
C 31.93770 44.38730 2.24540
C 28.50500 43.90510 2.23487
C 32.96650 47.61390 2.26282
C 45.69950 36.16040 0.99830
C 44.67360 39.04840 1.45285
C 42.13970 40.30680 1.83279
C 46.60800 41.69020 1.50357
C 41.93560 43.81400 2.13930
C 38.12810 44.28130 1.39341
C 35.41110 46.09480 1.66592
C 47.59660 44.47750 0.69135
C 43.67430 24.45040 1.04043
C 48.83520 24.26530 0.39905
C 46.27990 25.86870 0.27939
C 34.62460 27.88050 2.10678
C 31.84580 26.67230 2.32857
C 38.34470 32.05000 1.60866
C 35.28110 31.13770 2.00871
C 32.22540 29.96110 2.28574
C 29.25110 28.77130 2.35942
C 38.79830 35.31190 1.71464
C 35.70010 34.13710 1.85794
C 32.63560 33.18820 2.05328
C 29.55780 32.05860 2.24195
C 26.78420 30.92030 2.52151
C 36.29060 37.40850 1.69257
C 33.38210 36.38630 1.82064
C 30.15260 35.29030 2.05547
C 26.85700 34.17460 2.13596
C 33.77800 39.44920 1.72136
C 30.46930 38.34450 1.51519
C 27.15410 37.63580 0.92409
C 29.96750 47.33750 2.40022
C 44.57080 42.50040 1.34890
C 44.23130 45.58150 1.64861
C 41.21510 46.93370 2.13950
H 37.26840 60.14870 0.20463
H 34.73690 58.56070 0.01266
H 40.46470 63.59830 -0.12878
H 37.28710 63.08720 0.07453
H 44.56320 68.15300 -0.58793
H 41.09880 66.82390 -0.76126
H 29.20460 62.56010 0.65500
H 44.83690 71.13990 -0.07214
H 25.57760 65.06170 0.38466
H 26.84100 68.68200 0.06212
H 27.91620 71.62770 0.74805
H 34.45080 61.75190 0.17908
H 38.03240 65.98730 -0.05195
H 34.86310 64.97020 0.07386
H 31.93320 63.74120 0.30173
H 41.85250 69.89990 -0.48387
H 38.77370 69.07980 -0.18028
H 35.62960 68.01720 -0.09676
H 32.26670 67.00730 0.08261
H 29.24840 65.79510 0.52861
H 36.24900 71.06670 0.08423
H 33.18350 70.07620 0.25037
H 29.91950 69.18090 0.33998
C 47.73610 65.69510 -3.92798
C 49.30510 69.18620 -1.65951
C 35.05050 50.32070 -0.30378
C 36.07880 53.57500 -2.17534
C 33.81680 56.19880 0.34493
C 31.16450 55.32680 -1.05263
C 30.31310 58.66850 -0.32682
C 28.25120 60.95130 -0.92173
C 25.20100 61.19370 -1.05791
C 36.88950 58.36710 -1.35816
C 39.14350 61.53830 -0.48634
C 36.18670 61.47400 -1.52579
C 33.24320 60.21610 -1.29063
C 43.29160 66.22370 -1.80282
C 39.57500 65.22820 -1.89634
C 30.76460 62.18690 -1.17479
C 43.68980 70.15440 -2.03565
C 27.69470 64.08980 -0.47320
C 25.60480 66.99340 -1.28352
C 26.39410 70.79050 -1.21355
C 38.05690 48.20390 -0.97864
C 37.90150 51.35900 -1.00520
C 37.56440 55.03460 -1.76086
C 39.85250 56.67230 -1.60580
C 42.17870 58.78090 -1.70915
C 48.17670 59.05740 -1.62308
C 42.20730 62.19650 -1.44427
C 47.46390 62.28170 -1.79167
C 45.81630 63.49640 -1.48835
C 26.54120 47.14330 -0.77597
C 31.27830 50.07910 -1.00822
C 28.17810 49.90640 -0.79643
C 24.76630 50.01120 -0.81458
C 32.86790 52.68140 -1.39468
C 29.37220 52.64010 -0.98855
C 26.38760 52.82880 -0.95997
C 28.14300 55.60340 -0.92507
C 24.67550 55.71090 -0.98961
C 26.60410 58.42810 -1.02611
C 36.60820 64.80870 -1.67504
C 33.65920 63.46410 -1.41359
C 40.36260 68.55280 -2.07386
C 37.40960 67.61570 -1.73953
C 34.12740 66.72910 -1.54651
C 30.98050 65.34920 -1.30870
C 37.92170 70.71470 -1.72884
C 34.87880 69.79500 -1.52596
C 31.75680 68.93080 -1.36822
C 28.69550 67.66440 -1.20863
C 32.66720 71.83940 -1.31612
C 29.52030 71.07540 -1.18651
C 46.69000 47.82790 -1.53846
C 43.59570 48.91030 -1.25781
C 40.78020 49.99510 -1.21811
C 46.25590 50.93450 -1.32143
C 43.21200 51.94390 -1.34605
C 40.33200 53.37320 -1.50343
C 45.78710 53.98920 -1.49090
C 42.84860 55.26990 -1.58874
C 48.64150 55.92740 -1.46545
C 45.43890 57.20750 -1.68011
C 45.04770 60.33340 -1.62485
H 47.76230 64.95930 -1.85360
H 49.27900 67.24280 -0.13356
H 47.36610 69.54050 -0.06228
H 34.59020 48.07120 0.50705
H 32.97780 50.94740 0.46139
H 34.36210 53.83300 -0.20760
H 32.51800 57.74480 1.96176
H 31.56620 60.55350 0.50335
H 28.17380 59.23380 0.70119
H 26.70580 62.11400 0.56496
H 37.20940 49.69200 0.81516
H 48.41630 48.04660 0.33304
H 39.72060 51.64400 0.21979
H 39.30880 54.94450 0.11750
H 36.37640 56.27090 -0.00131
H 38.86610 58.02270 0.21323
H 41.39590 60.28460 -0.24135
H 46.98000 60.54160 -0.11860
H 44.37060 62.19960 0.03949
H 31.34170 48.33710 0.66670
H 28.19240 48.13550 0.90178
H 29.75100 50.96320 0.74042
H 26.53830 50.99290 0.67721
H 31.19440 53.58190 0.32923
H 27.97680 53.75680 0.73886
H 24.73090 53.75590 0.57905
H 29.70560 56.50460 0.68203
H 26.40660 56.55650 0.54654
H 24.96120 59.35900 0.53018
H 40.03330 48.38310 0.49345
H 45.45970 49.11940 0.17918
H 42.54220 50.33320 0.43788
H 47.98390 51.18330 0.39051
H 44.99710 52.33990 0.18555
H 42.16880 53.65190 0.11002
H 47.76220 54.21580 0.06741
H 44.73540 55.54790 0.04246
H 41.82130 56.88910 -0.08127
H 47.29550 57.49320 -0.03583
H 44.26340 58.77520 -0.27137
C 46.91390 67.10880 -0.87910
C 48.90230 68.80530 1.82311
C 35.01810 50.14810 1.66553
C 36.23570 53.16990 1.56388
C 32.97050 57.42510 3.95216
C 31.11630 55.47460 2.03112
C 30.36420 58.75390 1.67727
C 28.11980 60.99650 2.18110
C 25.14250 61.21090 2.14776
C 36.71110 58.24330 1.61141
C 39.43000 60.25390 1.31484
C 36.25760 61.57860 1.84119
C 33.62900 60.05200 1.76216
C 43.40900 65.94970 -0.02497
C 40.16440 65.23050 1.02494
C 31.12070 62.25890 2.12109
C 43.77230 69.12100 0.97389
C 27.59980 64.17310 1.49174
C 25.59860 67.19320 1.77183
C 25.98420 70.38160 1.84511
C 38.23180 47.84620 2.09708
C 38.47070 50.96230 2.30777
C 37.36420 54.88770 1.69949
C 40.21670 56.50030 1.73229
C 42.43220 58.78140 1.44235
C 48.11280 59.19430 1.58716
C 42.24830 62.68980 0.41570
C 47.56460 62.20160 1.57513
C 45.81940 63.45770 1.66824
C 26.59670 47.14860 2.51172
C 31.50440 50.14760 2.24679
C 28.14040 50.13250 2.36249
C 24.91870 50.14840 2.37479
C 33.01810 52.86640 1.89190
C 29.65200 52.95280 2.18160
C 26.33830 52.86100 2.28833
C 28.01420 55.71850 2.22780
C 24.72890 55.72230 2.20674
C 26.48080 58.34180 2.18848
C 36.73320 64.86170 1.75979
C 33.85650 63.51650 1.80326
C 40.77100 68.39630 1.14028
C 37.48270 67.84170 1.47489
C 34.24890 66.76710 1.53166
C 31.19020 65.53860 1.88624
C 38.27920 70.82700 1.45192
C 35.09260 69.59960 1.68567
C 31.80720 68.84320 1.79252
C 28.49390 67.89780 1.87884
C 32.80440 71.82360 1.98507
C 29.52450 70.95510 2.09978
C 46.88110 47.63290 1.58593
C 43.72870 48.81800 1.89180
C 40.65790 50.11740 1.99137
C 45.98910 50.86650 1.87676
C 43.15140 52.24460 1.82437
C 40.38040 53.44960 1.73820
C 45.86310 54.09760 1.65598
C 42.89120 55.42150 1.63372
C 48.36190 56.02880 1.78146
C 45.35540 57.45610 1.52691
C 45.11600 60.34290 1.47271
H 42.29340 73.11180 -0.98209
H 39.97110 75.31540 -0.34426
H 37.73560 77.27440 0.87371
H 26.30100 73.33110 -1.16359
H 35.35310 79.45870 1.55222
H 32.27550 78.40620 0.99195
H 29.44070 77.57780 -0.06566
H 26.49320 76.45690 -0.70287
H 39.41420 72.11140 -0.33681
H 37.07250 74.24000 0.15842
H 34.04090 73.15200 0.28605
H 30.94860 72.21620 0.44377
H 34.69500 76.37860 0.61815
H 31.69970 75.33290 0.47049
H 28.62470 74.70650 0.28663
C 44.09090 89.41160 1.13687
C 37.50730 89.59590 0.27086
C 48.53900 93.37870 1.79594
C 45.64880 92.24590 2.81765
C 42.64210 92.50020 0.96298
C 39.94440 92.36450 0.10791
C 35.97040 92.42330 0.13600
C 34.67120 94.19120 0.22768
C 46.30530 74.69110 1.10752
C 43.60030 76.13070 2.36152
C 41.30600 78.14180 0.98596
C 39.23510 80.48460 -0.31566
C 39.13140 83.53750 0.09850
C 39.06360 86.76470 0.40391
C 40.98660 88.87710 2.13992
C 46.94300 88.35250 1.53645
C 46.97010 71.80290 -1.21135
C 29.99200 96.08580 0.04129
C 26.17530 78.92150 -0.40654
C 30.51150 79.83830 -0.07635
C 28.39700 81.01050 0.01421
C 35.94400 83.27710 1.44667
C 33.51950 85.14160 0.58871
C 36.06120 86.56090 0.78781
C 32.96760 88.27320 0.42793
C 32.94100 91.64360 1.48051
C 29.81340 92.89700 0.80440
C 44.04900 72.43540 -2.16693
C 41.55640 75.05190 -2.31754
C 39.21160 77.22950 -1.22380
C 26.78410 75.05390 -2.89745
C 37.34040 79.51560 -0.13010
C 31.66970 77.20150 -1.11801
C 28.61160 75.96000 -1.89316
C 46.59070 95.94720 1.70439
C 43.76000 95.59740 1.48248
C 40.86980 95.36250 0.78893
C 37.80940 95.48170 -0.19887
C 46.84130 78.28150 1.31820
C 44.18420 79.74670 1.29691
C 41.88260 81.72230 0.58042
C 47.11310 81.75170 1.50441
C 44.43480 83.36240 1.12366
C 41.68030 85.14170 0.83398
C 47.13440 85.12900 1.44738
C 44.32790 86.67990 1.20207
C 25.60390 82.46940 -0.51560
C 30.96080 83.04220 0.22231
C 27.96550 84.33120 -0.17439
C 25.24010 85.66470 -0.72108
C 30.49680 86.29750 0.25342
C 27.65760 87.66970 -0.20631
C 30.23040 89.66960 0.42886
C 27.28150 90.86920 -0.13621
C 26.70550 94.68570 0.12410
C 40.92510 71.47390 -2.17788
C 38.50160 73.89410 -1.79870
C 35.76640 72.94120 -1.43989
C 36.50830 76.25270 -1.02825
C 33.57230 75.10040 -1.12870
C 30.59120 74.06670 -1.21101
C 34.18090 78.48790 -0.56925
H 42.46870 90.80850 2.48867
H 39.22930 90.59160 1.72543
H 46.90630 94.29420 3.37630
H 37.83430 93.34180 1.12297
H 33.75380 93.82010 2.64992
H 35.90520 95.86610 1.32647
H 46.01570 76.78440 2.70537
H 42.93290 78.53300 3.00642
H 40.45980 80.17100 1.80616
H 37.66580 81.75430 1.20605
H 48.62720 78.58020 3.23584
H 37.80670 84.95720 1.51589
H 37.65470 87.84180 2.05035
H 40.43240 86.49500 2.39678
H 45.50430 89.81780 3.24298
H 47.95080 91.47370 3.29137
H 47.49330 72.48880 1.20232
H 25.32290 77.48040 1.44077
H 27.66730 79.28650 1.58441
H 30.10790 81.38030 1.86983
H 32.49820 83.42900 2.16325
H 34.98790 85.25730 2.71329
H 34.70490 88.36350 2.01050
H 31.68750 89.73930 1.98673
H 28.66140 90.93110 2.03161
H 25.86940 92.40290 0.92676
H 30.56870 93.37440 2.83569
H 43.70000 93.75240 2.93105
H 40.66870 93.43380 2.23037
H 45.99290 80.12510 2.96709
H 43.30950 81.68780 2.57273
H 40.63340 83.31070 2.07434
H 48.74090 81.69490 3.36827
H 46.08210 83.45380 2.97331
H 43.29600 84.91970 2.67604
H 48.76270 85.03510 3.28019
H 45.97840 86.58510 3.00172
H 43.12570 87.95710 2.82711
H 48.60430 88.32400 3.06809
H 27.14260 82.64340 1.44589
H 29.61290 84.55990 1.61988
H 26.70810 85.90490 1.21386
H 32.14020 86.55290 2.10262
H 29.14790 87.74580 1.69724
H 26.18000 89.06890 1.18985
C 43.70380 89.66970 4.49438
C 36.66360 90.04500 2.06456
C 48.67780 93.27660 4.80114
C 45.34160 93.06820 4.70948
C 41.92490 92.55930 4.21802
C 38.83310 92.02550 3.14780
C 35.74610 93.59470 4.19239
C 32.50960 95.18950 2.98852
C 46.81000 74.36360 2.73152
C 43.86140 76.51100 4.15757
C 41.03610 78.98590 4.05303
C 38.29120 80.22000 3.04769
C 38.47570 83.22510 3.17641
C 38.36570 86.12580 3.61454
C 41.03130 88.10950 4.04933
C 46.71470 88.14760 4.73077
C 46.30080 70.83510 1.96727
C 29.32490 95.67210 3.44333
C 25.59410 79.47090 2.92683
C 32.08850 80.17500 2.58947
C 28.26190 81.24950 3.13536
C 33.89780 81.34190 2.31770
C 33.18640 85.21680 4.01954
C 36.11130 87.23160 3.88921
C 32.74180 88.29150 3.73015
C 32.42680 91.72810 3.32254
C 29.13800 92.28720 4.20298
C 43.80860 72.82110 1.04999
C 42.36460 75.59630 -0.68715
C 39.93500 76.62880 1.71530
C 26.64940 73.75010 1.41363
C 37.26620 78.48500 2.98871
C 30.91600 77.09820 2.03367
C 27.69810 76.75260 1.46758
C 46.63310 96.22290 4.81554
C 43.33790 95.55710 4.59564
C 40.01300 95.14200 3.85778
C 37.09170 94.74450 3.07177
C 46.56340 78.36870 4.69811
C 43.99860 80.18940 4.45624
C 41.16010 81.49170 3.76808
C 46.67940 81.76160 4.69734
C 44.02030 83.29490 4.38028
C 41.19950 84.85240 3.99299
C 46.77020 85.01120 4.70743
C 44.04950 86.47640 4.46812
C 25.09790 82.41910 2.51830
C 30.70060 83.28050 3.49461
C 27.63400 84.51720 3.00480
C 24.59260 85.73190 2.38996
C 30.14750 86.23900 3.43257
C 27.02670 87.56220 2.96026
C 29.80410 89.32470 3.52321
C 26.59530 90.84650 2.90549
C 26.43220 94.59470 2.06753
C 41.44830 71.79150 0.99510
C 39.07960 73.84510 1.40365
C 35.91630 72.77180 1.78782
C 36.54130 75.68660 2.09368
C 33.44540 74.78020 2.03458
C 30.29590 74.01920 1.98997
C 34.05770 77.75840 2.62790
C 55.20580 96.21760 1.69191
C 52.24810 95.45510 2.62534
C 49.61160 -1.10238 1.49269
C 55.86340 4.13717 0.77664
C 52.73610 4.37477 1.00985
C 50.85000 6.84437 0.51987
C 60.23900 0.52183 0.69435
C 59.14940 3.57750 0.53359
C 57.92180 6.53996 0.27166
C 60.38290 8.25900 -0.56560
C 73.60160 9.84276 -2.31574
C 68.58210 10.50570 -1.46915
C 65.51960 11.21560 -0.39899
C 61.72830 11.54400 -1.06200
C 71.60060 13.30800 -1.87332
C 68.30830 12.57660 -1.40216
C 66.53620 15.11250 -1.13276
C 63.64840 14.54050 -1.51114
C 63.75340 17.64670 -0.48225
C 61.74100 20.46530 -0.78370
C 63.47660 22.93740 -1.60618
C 60.42790 23.00880 -0.83698
C 54.51240 7.57889 0.85052
C 52.22650 9.68144 0.10625
C 57.79430 9.79874 0.55244
C 57.56410 13.28990 -0.76382
C 60.53400 14.19180 -1.45734
C 60.65190 17.44510 -0.77513
C 57.52370 19.35440 -1.76838
C 57.28560 23.09260 -1.22101
C 57.14560 1.12934 0.95545
C 54.07670 1.19125 1.51316
C 51.03560 1.59500 1.35027
C 69.60970 95.94780 0.58714
C 66.70740 -1.06537 0.78349
C 63.44160 -0.28378 0.56080
C 71.61660 0.48541 0.01738
C 68.87490 1.20352 0.25193
C 65.70020 2.12338 0.14905
C 62.46610 2.70545 0.13064
C 70.85730 3.80430 -0.03762
C 67.68750 4.75727 -0.06696
C 64.61320 4.98969 -0.26910
C 61.16610 5.76984 -0.13104
C 73.32930 6.17913 -0.32562
C 69.94300 6.80947 -0.36306
C 66.80840 7.76313 -0.55116
C 63.68700 8.10325 -0.86798
C 73.07690 16.53930 -1.30684
C 69.76060 15.86440 -1.19608
C 70.98360 18.60430 -1.31174
C 67.69790 18.09980 -1.25976
C 72.22110 21.54380 -1.46917
C 68.91070 20.91130 -1.62610
C 65.45550 20.38210 -1.40278
C 54.86410 11.27670 -0.32185
C 52.18400 12.93200 -0.49087
C 54.91530 14.60850 -0.70610
C 51.98770 15.98550 -1.02848
C 58.09490 16.29470 -0.62364
C 54.63850 17.67050 -1.44705
C 51.89620 19.18980 -1.76272
C 54.79260 21.12650 -1.80194
C 52.02800 22.30370 -2.18359
H 57.13270 -0.51340 2.70642
H 54.17460 -0.17505 3.60881
H 55.84080 2.47427 2.58723
H 54.50500 5.53231 2.42612
H 52.35640 8.03336 1.98279
H 60.05200 -1.17493 2.39897
H 59.03430 1.87234 2.34128
H 57.83200 4.82077 2.12553
H 59.97820 7.03734 1.65301
H 56.78840 7.81930 1.82750
H 71.74200 7.44858 1.29607
H 68.59670 8.27880 1.24535
H 65.18540 9.04375 0.84660
H 61.93600 9.41441 0.50659
H 72.41260 11.52340 -0.86571
H 73.01840 14.42090 -0.08462
H 69.91380 13.71880 0.01485
H 66.69610 13.21860 0.39937
H 64.78390 15.64280 0.39691
H 61.95720 18.74750 0.88359
H 60.68880 21.57210 1.27044
H 54.23190 9.91302 1.54048
H 51.40870 11.59650 1.43593
H 56.82740 11.83010 1.09963
H 59.55300 13.49130 0.96572
H 61.78830 15.43630 -0.01829
H 59.32450 17.04450 1.32572
H 59.38510 19.57240 -0.55432
H 56.45760 21.18210 -0.44510
H 53.63640 22.73440 -0.30932
H 51.16360 -0.11291 3.05209
H 52.65550 2.71837 2.86307
H 50.92930 5.27654 2.45422
H 71.62820 -0.99309 1.85542
H 68.51690 -0.27835 2.21423
H 65.31050 0.48296 2.01367
H 62.17140 1.14148 1.97416
H 70.63320 2.07359 1.73048
H 67.54370 2.83686 1.64383
H 64.24130 3.40161 1.58570
H 61.20170 4.11510 1.70288
H 72.92960 4.31732 1.30863
H 69.61390 5.20227 1.55240
H 66.36990 5.98504 1.16682
H 63.14500 6.50348 0.98690
H 63.58240 12.77930 0.04537
H 71.33090 16.83250 0.44495
H 68.02760 16.26860 0.47421
H 72.37590 19.80790 0.27672
H 69.15910 19.27200 0.24414
H 65.84160 18.67500 0.32653
H 70.26090 22.24390 -0.15584
H 67.08080 21.70720 -0.14208
H 63.84120 21.34370 0.21246
H 54.03930 13.16460 1.08611
H 51.16300 14.69880 0.97287
H 56.75470 14.92690 0.91050
H 53.88070 16.36250 0.56025
H 50.99960 17.85810 0.02911
H 56.51620 17.99000 0.07512
H 53.75950 19.59260 -0.16000
H 50.89340 21.02970 -0.36536
C 55.83000 -0.57130 4.79325
C 52.63210 96.23740 4.50884
C 49.70360 -1.04726 4.78725
C 56.22840 4.51057 3.98848
C 52.92090 4.86230 4.01409
C 50.71990 7.47361 3.76397
C 60.60050 0.74059 3.79300
C 59.59000 3.89948 3.56525
C 58.32870 6.79956 3.50530
C 60.37030 9.27370 2.59345
C 71.49670 9.68832 0.34644
C 69.34220 10.26350 0.66700
C 65.20180 11.55240 1.42919
C 61.39700 11.79120 0.95991
C 71.54360 12.85850 1.23849
C 68.24660 12.87130 1.76545
C 66.42210 15.10470 1.99573
C 63.17480 14.32380 1.73682
C 63.95310 17.57980 1.56172
C 62.79940 20.55700 2.31671
C 64.05510 23.20670 1.74256
C 61.01420 23.81750 2.40466
C 54.56410 7.97855 3.02370
C 52.34590 10.22530 3.16099
C 57.87270 9.93037 2.42397
C 58.03300 13.47820 2.57376
C 60.55570 15.58350 2.18193
C 59.82670 19.30190 1.95414
C 57.53830 19.88510 1.22626
C 57.64360 23.02300 0.65033
C 57.40840 1.49508 4.09139
C 54.34990 2.08291 4.53745
C 51.11150 1.75895 4.58077
C 70.10250 -1.34493 3.73906
C 66.71950 -0.50780 3.85262
C 63.55170 0.11301 3.70582
C 72.43850 0.97308 3.09170
C 68.86550 1.84520 3.48245
C 65.78140 2.52813 3.32476
C 62.59980 3.09309 3.39275
C 71.23230 4.08421 3.09111
C 67.60960 4.95838 2.99956
C 64.53320 5.51036 2.76265
C 61.72150 6.14351 3.00171
C 73.40450 6.24351 2.94892
C 70.00990 7.17188 3.09758
C 66.86840 7.99737 2.64821
C 63.60780 8.60072 2.33749
C 73.13940 15.75650 1.76418
C 69.82250 15.44380 1.84072
C 70.91380 18.64940 1.93465
C 67.69290 17.94740 1.93499
C 71.81930 21.72290 1.70665
C 68.78660 21.20010 1.54143
C 65.75930 20.53480 1.60398
C 55.14340 11.80740 2.85769
C 52.31580 13.49050 2.76661
C 54.84240 15.08460 2.42223
C 52.02160 16.72360 2.06527
C 57.31890 17.00110 2.23583
C 54.70090 18.35900 1.70524
C 51.87390 19.69080 1.43753
C 54.72420 21.36370 1.25945
C 51.48970 23.09710 0.86747
C 73.93540 27.80980 -1.80869
C 63.51110 25.96370 -0.63663
C 71.11160 29.44950 -2.50386
C 67.89010 29.09040 -2.34097
C 64.83650 28.99840 -1.60702
C 59.87280 26.03190 -0.92188
C 56.97190 26.84340 -1.45229
C 53.80050 27.50880 -1.78334
C 61.94640 29.03070 -1.11824
C 52.27740 30.26760 -1.38163
C 63.87290 31.91000 -1.18682
C 65.71880 34.37690 -1.32469
C 64.57620 37.53090 -1.28297
C 63.09160 40.45590 -1.06521
C 49.82520 41.45960 -1.62051
C 61.74990 43.20710 -1.05778
C 58.52100 43.63140 -1.41634
C 52.42770 43.94230 -2.35299
C 57.24810 46.81900 -0.70149
C 53.62780 47.03640 -1.53503
C 51.69570 25.24600 -3.25250
C 71.07420 32.48120 -1.05179
C 68.24090 32.05640 -2.91196
C 69.73630 34.62120 -0.90860
C 68.01900 37.56870 -1.14529
C 66.34310 40.20410 -1.00545
C 64.82850 43.07850 -0.94168
C 63.37400 45.86940 -0.89270
C 50.40610 44.74300 -3.00546
C 72.95460 24.60160 -1.68512
C 69.86970 24.03430 -1.82494
C 66.68230 23.34050 -1.90769
C 70.49430 27.17950 -1.91212
C 66.93920 26.42100 -1.51425
C 58.87930 29.39010 -1.26054
C 55.66280 30.03850 -1.46030
C 60.49980 32.01310 -1.26214
C 57.42980 32.54770 -1.28253
C 54.16540 32.96720 -1.41461
C 50.78070 33.15990 -1.19000
C 62.18110 34.60850 -1.47399
C 59.16400 35.08090 -1.18778
C 56.07380 35.58360 -1.28456
C 52.73760 35.83030 -1.27364
C 60.90120 37.75880 -1.25497
C 57.83610 37.99050 -1.15008
C 54.59720 38.33410 -1.29467
C 51.36750 38.47300 -1.45627
C 59.82530 40.49480 -1.10527
C 56.83120 40.79860 -1.27834
C 53.64990 40.96320 -1.68407
C 55.45080 43.72780 -1.65045
C 54.59160 24.43810 -1.75141
C 73.27970 35.20480 -1.99520
C 71.24920 37.52800 -1.06481
C 72.85940 40.34090 -0.96931
C 69.59880 40.39280 -1.06525
C 71.03640 43.22420 -0.93056
C 67.79180 43.13740 -0.97393
C 72.92190 45.79470 -1.00104
C 69.46430 45.82930 -1.09005
C 66.27600 45.81340 -0.99230
H 65.10890 24.15340 -0.25058
H 62.28940 24.06680 0.28169
H 72.04090 28.44880 -0.32907
H 65.40200 27.42650 -0.17824
H 69.60970 30.57800 -1.35081
H 66.72140 30.25620 -0.52390
H 59.37850 24.71560 0.65727
H 56.29200 25.03310 0.05942
H 61.65800 27.26900 0.51248
H 55.35860 28.04840 0.01418
H 52.23530 28.48110 -0.08699
H 63.65670 30.06170 0.33777
H 50.78670 31.24200 0.42150
H 65.34330 32.73980 0.60438
H 64.04140 35.57260 -0.18210
H 62.77900 38.48100 0.14568
H 49.78850 39.56920 0.08401
H 61.39070 41.38190 0.59072
H 51.99400 42.23450 -0.78790
H 60.05120 44.45090 0.55583
H 56.85910 44.60420 0.15212
H 53.69440 44.94160 -0.28574
H 53.23890 25.76260 -0.18394
H 51.49040 26.84430 -2.65005
H 72.90570 33.06970 -0.67529
H 69.81970 33.03780 1.02872
H 67.79700 33.24960 -1.34749
H 68.10890 35.79240 0.61311
H 66.30690 38.42960 0.38248
H 64.71710 41.24960 0.67199
H 63.25630 43.99150 0.80233
H 49.13560 43.83480 -1.24559
H 73.24830 23.06540 0.16355
H 71.13190 25.40860 -0.23528
H 68.10030 24.62100 -0.31354
H 68.76660 27.76300 -0.46699
H 58.49150 27.68770 0.31867
H 60.45340 30.22380 0.44248
H 57.31590 30.63350 0.24722
H 54.05050 31.03260 0.16112
H 62.22600 32.90560 0.30744
H 59.11890 33.25390 0.41090
H 55.90650 33.59290 0.17542
H 52.57850 33.90710 0.30140
H 60.92290 35.84950 0.30894
H 57.68930 36.14850 0.42573
H 54.47470 36.49780 0.35799
H 51.14040 36.73260 0.29634
H 59.48970 38.72630 0.56889
H 56.31870 39.04940 0.41572
H 53.03170 39.30680 0.14043
H 58.30190 41.81320 0.32265
H 55.05240 41.97140 0.09024
H 50.75610 24.12880 -1.19385
H 71.34030 35.77230 0.61548
H 72.75900 38.47020 0.63614
H 69.60760 38.50110 0.51816
H 71.20230 41.22730 0.63687
H 68.00270 41.24580 0.53722
H 72.84280 43.96970 0.67698
H 69.52030 44.00000 0.54936
H 66.36600 44.00620 0.74330
C 73.99950 28.11570 1.30737
C 63.62450 26.66130 1.43946
C 72.22730 30.70790 0.47093
C 68.80400 29.82510 0.78305
C 65.70380 29.29260 1.41691
C 59.87950 26.76100 2.15271
C 56.67050 26.74000 1.69999
C 53.66450 27.33700 1.63529
C 62.05710 29.26780 2.01157
C 52.40580 30.06600 1.82436
C 64.00620 31.98100 1.88835
C 66.32110 34.97150 0.79537
C 64.55140 37.39200 1.58237
C 62.98210 40.18730 1.99072
C 49.62170 41.92740 0.07185
C 61.53320 43.21130 2.29550
C 58.37640 43.75070 1.94416
C 52.00290 44.03280 1.03652
C 57.27210 46.91310 1.06130
C 53.50870 46.66530 1.73606
C 50.88320 26.34760 -0.15684
C 71.15990 31.32930 2.18008
C 67.68660 32.04310 0.83696
C 69.67990 34.71100 2.27048
C 67.95090 37.68090 2.15430
C 66.41450 40.23260 2.10111
C 64.86170 42.99430 2.38678
C 63.35040 45.94080 2.42905
C 49.35200 45.73890 0.09469
C 72.83810 25.07680 1.57496
C 69.84950 24.09720 1.38477
C 66.74980 23.48080 1.44749
C 70.66810 27.43890 1.18087
C 67.46510 26.59020 1.02791
C 58.68540 29.50510 1.96685
C 55.53620 29.83840 1.70087
C 60.66010 32.12560 2.00072
C 57.25510 32.39770 1.86284
C 54.22470 32.79010 1.79409
C 51.00120 33.08020 2.09426
C 62.58200 34.89710 1.72149
C 59.29590 35.14510 1.97175
C 55.98530 35.38160 1.93447
C 52.74950 35.77610 1.89395
C 61.21960 37.67340 1.93585
C 57.69070 37.94250 2.11368
C 54.53000 38.41890 1.90124
C 51.29460 38.62510 1.79802
C 59.50650 40.64880 2.14275
C 56.49250 41.08140 1.82322
C 53.03590 41.41050 1.34535
C 55.25880 44.00990 1.52962
C 54.49330 24.38310 1.45695
C 72.88450 34.04350 1.63160
C 71.15090 37.62850 2.23906
C 72.79320 40.31000 2.28920
C 69.58330 40.31570 2.24165
C 71.13220 43.13580 2.16931
C 68.01740 43.03930 2.24003
C 72.71470 45.90750 2.15272
C 69.51480 45.99010 2.01433
C 66.46550 46.04620 2.13592
C 53.46750 60.64630 -1.67507
C 50.65790 61.20210 -1.64620
C 59.96270 65.01730 -0.74239
C 56.33130 64.34180 -1.11169
C 50.19590 63.95000 -2.18127
C 60.77400 68.07660 -0.27199
C 65.33330 71.62060 0.64930
C 61.93260 71.02670 0.03903
C 67.69730 48.84720 -0.45659
C 63.90370 48.86720 -0.69274
C 73.11810 51.44490 -1.33619
C 70.14580 52.76630 -0.21849
C 73.57720 54.94860 -0.75726
C 73.76010 68.51680 -0.18541
C 51.63220 47.76970 -1.50342
C 52.64360 51.37630 -0.51899
C 51.36070 54.61440 -1.24298
C 51.43320 57.81730 -1.15417
C 60.71780 47.62970 -1.11867
C 64.89450 51.96500 -0.32783
C 61.67770 51.02140 -0.80507
C 58.50210 50.14270 -1.41096
C 70.06960 56.22100 -0.46279
C 68.06520 54.22210 1.80252
C 65.46050 54.90260 -0.17023
C 55.98030 52.82010 -1.45565
C 72.64700 58.86210 0.27982
C 53.64820 54.89070 -1.21696
C 57.95470 58.86720 -1.07168
C 54.91220 58.07950 -1.25302
C 62.24960 62.49670 -0.48200
C 59.22700 61.82810 -1.03836
C 72.14680 67.36530 0.23890
C 62.93540 65.52210 -0.26298
C 70.67630 70.10560 1.14186
C 67.12240 69.14510 0.41665
C 64.13350 68.72000 0.16088
C 53.13000 63.78480 -1.40862
C 57.76670 67.41200 -0.73144
C 54.60510 67.17830 -1.26401
C 51.25530 67.03690 -1.66585
C 58.77480 70.48340 -0.13309
C 55.63950 70.16830 -0.47201
C 52.43080 69.97920 -1.07333
C 71.16880 48.69890 -1.15497
C 49.19280 49.80620 -1.35914
C 49.00250 52.56790 -1.40561
C 55.31060 49.70280 -1.40531
C 62.34590 54.05920 -0.60484
C 59.20890 53.37010 -1.11755
C 69.31100 58.00560 0.19987
C 66.40270 57.44490 0.06293
C 63.22310 57.02520 -0.51797
C 60.13260 56.37630 -0.99151
C 56.96040 55.79200 -1.21084
C 70.34610 61.27700 0.32837
C 67.39530 60.63470 0.13730
C 64.20580 60.22160 -0.24236
C 61.24360 59.48850 -0.72728
C 71.46810 64.36730 0.30736
C 68.36760 63.56590 0.35089
C 65.28910 63.15640 -0.04405
C 69.32460 66.60470 0.39246
C 66.25760 66.13680 0.13844
H 72.25280 56.32590 0.68393
H 54.97970 62.27640 -0.61818
H 52.27870 61.96600 0.05499
H 49.20570 62.64370 -0.26719
H 61.06920 66.08060 1.15968
H 57.84080 65.43840 0.63040
H 62.13730 69.11410 1.53328
H 55.16000 47.80430 0.40963
H 64.63550 46.83050 0.57348
H 69.78520 49.51290 0.94538
H 64.94050 49.88160 1.39861
H 72.52330 52.71880 0.20861
H 51.16020 49.55020 0.28268
H 50.74740 52.93650 0.30166
H 50.24490 56.21410 0.51667
H 49.99910 59.49800 0.03879
H 61.85110 49.02600 0.82758
H 58.76560 48.51800 -0.14749
H 65.83870 52.95600 1.50527
H 62.77940 52.22020 1.00887
H 56.51670 50.87300 0.03407
H 69.40220 56.31020 1.99115
H 66.37270 55.92640 1.83013
H 54.10300 53.13090 0.21410
H 70.72540 59.23110 1.77270
H 55.08560 56.21730 0.49550
H 71.71890 62.42940 1.95927
H 56.05210 59.52210 0.58400
H 53.10070 59.00670 0.20278
H 72.80280 65.30930 1.73259
H 60.30840 63.14780 0.79713
H 57.48300 62.28050 -0.22188
H 70.55150 67.82800 2.12054
H 64.28030 66.73110 1.47495
H 68.43940 70.22120 2.35831
H 65.36690 69.64780 2.13873
H 54.35340 65.23720 0.12058
H 51.29360 65.02990 -0.31539
H 58.97210 68.43670 1.23487
H 55.83070 68.02210 0.76067
H 52.71840 67.87580 0.14764
H 56.95150 71.05570 1.38013
H 53.78090 70.62540 1.01204
H 50.43750 70.09870 0.38853
H 71.25180 46.73830 0.35035
H 67.96000 46.86340 0.46135
H 72.84950 49.52380 0.42676
H 59.59730 51.51590 0.45415
H 63.50840 55.22500 1.15483
H 60.42230 54.56300 0.65757
H 57.29850 53.84980 0.33743
H 67.52500 58.84660 1.77980
H 64.40510 58.27170 1.24123
H 61.31890 57.58020 0.82371
H 58.19430 56.96920 0.52597
H 68.58800 61.77510 2.01475
H 65.48370 61.29010 1.57777
H 62.30210 60.66590 1.21662
H 59.27180 59.95890 0.66945
H 69.65320 64.83530 2.00112
H 66.49850 64.26950 1.73504
H 63.38220 63.72120 1.29577
H 67.48670 67.21680 1.90821
C 54.08880 60.99360 1.36531
C 50.47100 61.48850 1.53537
C 59.41490 64.83330 2.48879
C 56.00580 63.79200 1.16864
C 48.95480 64.92810 0.46097
C 60.56520 67.81190 2.93013
C 64.88790 71.49380 3.77033
C 61.79930 70.76670 3.30184
C 67.41230 49.19070 1.47568
C 63.42100 48.04710 2.50159
C 72.46820 51.44210 2.03675
C 70.09950 51.79380 1.52468
C 74.11070 54.52020 1.11103
C 74.14930 68.57010 3.14678
C 52.03600 47.92610 2.09476
C 52.41450 51.62160 1.37735
C 51.47960 54.70590 2.00348
C 51.29750 58.22200 1.77742
C 60.50760 46.93820 0.78572
C 64.23260 51.25970 2.87344
C 61.19170 50.66960 2.22649
C 58.12370 49.98530 1.70303
C 71.62690 55.81200 3.03037
C 67.89490 55.13870 3.55613
C 64.78270 54.65660 3.12610
C 55.89500 52.56870 1.85058
C 72.07170 58.25120 3.63160
C 53.55570 54.77400 1.93808
C 57.67660 58.81570 2.22717
C 54.51430 57.82780 1.98033
C 61.73770 62.56420 2.69558
C 58.55550 61.85850 2.02533
C 72.56160 67.23500 3.40798
C 62.72660 65.42580 2.88156
C 70.93170 70.10560 3.05561
C 67.22200 68.96730 3.65147
C 63.74240 68.29080 3.29963
C 52.64520 64.01770 1.41060
C 57.36120 67.07760 2.47338
C 54.08960 66.92590 1.94220
C 51.01660 66.65150 1.50343
C 58.49900 70.15660 2.96400
C 55.44130 69.67930 2.57216
C 52.06470 69.18730 2.03277
C 71.17480 48.59360 2.09448
C 49.34640 49.76240 1.99430
C 48.80910 52.92660 1.92222
C 55.03950 49.47830 1.63689
C 61.98060 53.85710 2.48009
C 58.98720 53.10800 2.07025
C 69.19800 58.19560 3.49542
C 65.83910 57.83670 3.20123
C 62.82940 57.01350 2.65151
C 59.77130 56.30610 2.30811
C 56.92530 55.52420 2.09423
C 70.46480 61.09600 3.50847
C 66.95950 60.61970 3.36497
C 63.92730 59.99050 2.91713
C 60.66970 59.29650 2.49888
C 71.34680 64.26500 3.67484
C 68.12090 63.65690 3.47788
C 64.90970 63.12220 3.12024
C 69.31320 66.71100 3.58787
C 65.87800 66.05040 3.26348
C 71.12400 86.90740 0.43927
C 67.84870 86.11370 0.71130
C 65.94640 87.77640 4.01603
C 63.14100 89.17650 1.43924
C 62.46300 92.08310 1.14824
C 59.23570 92.00090 1.85293
C 58.16160 95.60700 1.05160
C 49.48280 76.02650 0.91629
C 51.81960 77.85640 2.74883
C 56.11620 80.33590 1.43299
C 62.13940 84.48000 1.68363
C 49.93030 90.33520 2.29697
C 60.94570 87.19220 1.70439
C 57.84110 88.41820 2.12544
C 52.75910 91.56570 2.61208
C 59.55660 90.85830 3.81425
C 55.33160 94.28900 1.93929
C 66.47280 74.95370 1.63060
C 49.78080 72.41290 0.02817
C 64.31730 76.89970 0.42692
C 54.49230 75.58400 0.44414
C 51.22880 75.31440 0.25492
C 65.50640 79.30010 0.32363
C 62.39790 79.27310 0.75394
C 59.00380 79.03110 0.92277
C 55.25690 78.62530 0.96516
C 67.27690 82.25300 0.22889
C 63.81720 82.03400 0.82830
C 64.94760 85.41090 1.73426
C 73.42470 71.94860 -0.16852
C 70.72130 73.36920 0.18001
C 70.58220 76.93710 0.22560
C 68.83330 74.11170 -0.06983
C 70.38770 80.37440 0.54186
C 70.82560 83.66420 0.37723
C 70.99480 89.82250 0.80866
C 68.31060 90.04150 1.91712
C 65.43960 91.38760 1.23669
C 70.50960 92.85840 0.79626
C 67.61480 93.60820 1.04171
C 64.60470 94.49720 1.00769
C 61.35330 95.19720 0.84014
C 72.54450 95.16550 0.10248
C 49.95960 80.26360 1.77767
C 53.09450 81.48230 2.63742
C 49.85020 83.35540 1.78472
C 59.83700 82.03920 2.41810
C 55.91930 83.44410 1.97629
C 52.87100 84.71720 1.92727
C 49.78750 86.69540 1.68189
C 58.60760 85.34000 1.89202
C 55.44880 86.51510 2.12031
C 52.79800 88.06050 2.08473
C 55.26890 89.80950 2.53164
C 62.89290 73.91110 0.32326
C 59.81160 73.52780 0.39999
C 56.77480 73.16680 0.13867
C 53.69670 72.76320 -0.29286
C 60.98220 76.48790 0.64696
C 57.65270 76.04110 0.66106
C 73.40740 75.15860 -0.28635
H 49.94240 94.79150 3.27064
H 69.56490 85.39800 1.77766
H 62.75120 87.63070 3.36368
H 71.01420 88.14710 2.70832
H 67.68730 87.86800 2.77998
H 65.00180 89.81140 3.01754
H 61.97300 90.68560 3.16413
H 61.06770 93.56070 2.67167
H 57.83950 94.04770 2.66535
H 51.34050 80.09960 3.81632
H 55.37470 81.60020 3.50728
H 62.19810 82.66620 2.85452
H 58.02570 83.43600 3.46629
H 60.53610 85.41840 3.45358
H 59.90190 88.42770 3.58878
H 57.27340 89.81620 4.02906
H 54.44160 91.23120 4.44604
H 50.67660 92.09770 3.86526
H 66.42350 72.61580 2.83075
H 63.27570 72.02270 1.83778
H 64.52400 74.96140 1.89885
H 51.87920 73.08600 0.97898
H 66.28390 77.49510 1.97032
H 56.15340 76.63460 2.26432
H 52.99750 75.81000 2.10948
H 67.18700 80.34030 2.02282
H 64.18790 80.03250 2.29182
H 60.91840 79.83460 2.27358
H 58.11860 80.35100 2.82488
H 65.47750 82.96300 2.03099
H 72.00750 71.98730 1.86995
H 69.31740 73.06070 2.24353
H 68.76120 75.92710 1.63035
H 69.10670 78.54240 1.64609
H 72.49030 85.13010 1.45324
H 69.29090 82.25400 1.66645
H 53.23860 93.98740 3.28451
H 70.33350 91.34660 2.68605
H 67.21000 92.05160 2.88436
H 64.11620 92.85330 2.76892
H 72.56000 93.59430 1.95353
H 69.46840 94.38640 2.43355
H 66.33830 95.05090 2.63543
H 63.15510 95.80510 2.39828
H 51.56680 83.28430 3.37235
H 54.64130 84.70350 3.68917
H 51.71960 86.50070 3.31777
H 57.38370 86.53600 3.67228
H 54.59850 88.00690 3.89960
H 51.78250 89.60790 3.68310
H 60.08250 71.48650 1.65139
H 61.31290 74.49520 2.15215
H 58.08180 73.99270 2.05838
H 54.93850 73.49280 1.69206
H 62.70330 77.27960 2.22112
H 59.41960 76.98430 2.21519
H 71.77470 75.16130 1.45509
H 71.88040 78.64520 1.36123
H 72.10460 81.84920 1.31252
C 72.43410 86.85680 3.29670
C 69.25030 86.77380 4.08231
C 66.45000 87.93170 5.75558
C 63.32910 89.53880 4.90313
C 62.52940 92.68870 4.56027
C 56.13190 94.02360 5.83392
C 58.52570 95.73340 4.16965
C 50.09350 76.66850 3.23767
C 52.40670 78.14210 4.73198
C 56.68500 79.84240 4.72162
C 61.88390 83.63280 4.76398
C 49.52320 90.03460 4.59274
C 61.06690 86.95900 5.21560
C 58.13290 88.13430 5.43986
C 52.25390 91.20690 5.51867
C 56.62950 92.27670 4.23122
C 54.17270 93.48530 5.59981
C 67.03360 74.16470 4.84252
C 49.78700 72.00570 1.93130
C 64.58270 76.69830 3.66012
C 54.82590 74.91240 3.67847
C 51.94480 73.89180 3.34943
C 65.78660 79.13440 3.85126
C 62.64290 79.06550 3.86613
C 59.48780 78.65610 3.95848
C 55.58520 78.11900 4.39757
C 67.67440 82.41580 3.49635
C 64.35620 81.78750 4.05540
C 64.59730 86.04180 3.85373
C 74.07700 72.00280 3.15800
C 71.49440 73.76610 3.47232
C 70.77280 76.96270 2.79054
C 68.74730 74.85520 3.92499
C 70.57870 80.36580 2.47518
C 71.07090 83.58770 2.69853
C 72.06290 90.05870 3.91314
C 68.50780 90.16580 3.71766
C 65.47510 91.80790 4.54062
C 71.13140 93.33240 3.90958
C 67.86130 93.91190 4.21371
C 64.41510 94.80530 4.22975
C 61.44860 95.58410 4.14405
C 73.35560 95.52130 3.16590
C 49.34950 80.10360 5.19740
C 53.08890 81.72510 4.49584
C 49.66600 83.38550 4.92463
C 59.39800 81.84820 4.41841
C 56.07310 83.10920 5.02725
C 52.57830 84.86030 5.01259
C 49.67710 86.76570 4.71561
C 58.75850 85.03990 5.14375
C 55.54180 86.12890 5.31535
C 52.56910 87.95340 5.23083
C 55.44130 89.47720 5.71570
C 63.24850 73.79990 3.53376
C 59.83990 73.08150 3.52334
C 56.55070 72.56580 3.26478
C 53.29370 72.21440 2.82500
C 61.19480 76.21180 3.81095
C 58.01140 75.59870 3.79219
C 73.82090 75.40370 2.84476
C 89.86700 2.61297 -3.58476
C 94.41860 5.23512 -3.94284
C 90.54580 5.07105 -1.39358
C 95.59480 8.27232 -4.03672
C 83.31980 0.59887 -2.85171
C 80.00470 1.24389 -2.53060
C 78.87240 4.54560 -1.39331
C 76.23780 5.91250 -0.54312
C 75.06870 9.28692 0.33895
C 71.93630 10.57100 -3.26029
C 74.40900 14.90700 -2.11173
C 76.60420 16.84750 -0.82598
C 77.52920 20.03720 -0.76018
C 86.57650 2.46049 -1.94207
C 83.71370 3.55828 -1.18466
C 81.93740 5.73258 -2.43784
C 86.45960 5.85444 -2.33630
C 80.62440 8.59072 -2.43003
C 77.47140 9.72774 -2.08786
C 92.68370 8.03749 -2.59225
C 88.86260 7.92294 -2.16119
C 77.09230 12.82330 -2.01161
C 95.42740 9.69425 -2.39096
C 79.44620 14.84890 -2.40251
C 0.78239 12.00390 -3.57330
C 81.25850 17.28810 -1.41001
C -0.09315 14.98310 -2.08227
C 81.20720 20.29920 -2.21188
C 95.27960 18.48060 -1.44105
C 92.94310 19.01430 -0.84234
C 90.06420 20.16320 -1.19501
C 87.04260 21.66810 -0.80923
C 0.94258 20.21620 -1.68131
C 95.71330 22.83300 -1.71709
C 1.26987 -0.06265 -4.23712
C 95.07040 -0.34182 -4.22159
C 91.77670 -0.31745 -4.18826
C 88.24150 -0.47799 -3.67046
C -0.71280 2.74155 -4.24222
C 93.18630 2.55798 -3.99591
C 0.47354 5.66125 -4.26387
C 80.84980 96.05980 -2.37104
C 77.60590 -0.98206 -1.70896
C 74.48890 -0.23874 -0.75768
C 76.60570 2.10645 -1.90685
C 73.79090 3.03898 -0.74089
C 74.26080 19.21370 -1.22403
C 75.09520 22.16500 -1.24612
C 83.46370 7.07407 -2.09501
C 86.01250 9.13947 -2.23861
C 83.26800 10.44840 -2.44338
C 80.12820 11.73900 -2.27247
C 90.66120 10.30070 -2.49273
C 88.53590 11.19350 -2.13576
C 85.84330 12.54560 -2.32732
C 82.82280 13.61030 -2.54581
C 93.12080 12.40380 -3.11389
C 90.78570 13.51040 -2.23827
C 88.04350 14.55800 -2.09390
C 84.99670 16.01190 -2.25236
C 93.25300 15.87730 -1.94384
C 90.52330 16.85230 -1.57347
C 87.55960 18.13170 -1.72193
C 84.44130 19.43030 -2.19307
H 90.17180 0.38888 -2.44381
H 91.83140 3.02358 -1.99721
H 88.81470 3.22341 -1.43042
H 96.02720 6.36139 -2.51564
H 92.80490 6.08061 -2.04109
H 85.89750 95.82430 -1.77965
H 84.90120 1.39539 -1.37478
H 81.91710 1.81229 -0.97451
H 78.79670 2.69828 -0.90835
H 78.26070 5.29891 0.98683
H 74.93450 6.90167 1.47108
H 76.19060 14.34510 -0.49823
H 77.54260 18.29670 1.05820
H 78.59910 21.41930 1.12031
H 85.91960 4.41335 -0.50339
H 82.88940 5.67309 -0.11464
H 80.03500 6.79859 -1.17367
H 88.45940 6.38571 -0.89675
H 76.66000 11.14390 -0.17624
H 90.87980 8.51603 -0.86930
H 79.10990 13.20410 -0.55668
H 0.79004 9.83212 -1.98198
H 93.15860 10.47710 -1.89857
H 78.96710 16.35060 -0.89031
H 79.98500 19.43260 -0.87316
H 95.31320 16.09420 -0.81647
H 83.04720 20.34470 -0.41346
H 80.91570 22.43350 -0.65367
H 94.75490 18.62450 1.02112
H 91.96180 19.89690 0.61725
H 89.32820 21.44820 0.39573
H 0.35593 18.23220 -0.45874
H 95.95580 20.69660 -0.49125
H -0.43305 0.76057 -2.76414
H 93.49830 0.54734 -2.64913
H 0.84295 3.71696 -2.71006
H 94.91350 3.31716 -2.43461
H 74.69430 95.82020 1.12485
H 82.90340 -1.16113 -1.10264
H 79.68430 -0.37107 -0.65384
H 76.66840 0.50414 0.01747
H 73.71050 1.27634 1.05407
H 75.74450 3.53361 -0.00055
H 74.55100 17.43360 0.46656
H 75.48900 20.48260 0.50807
H 77.24720 8.07998 -0.16047
H 85.48910 7.47429 -0.72747
H 82.48760 8.83247 -0.82422
H 79.48040 10.05310 -0.67728
H 87.86720 9.57542 -0.68045
H 85.00490 10.80730 -0.79811
H 82.13210 11.96790 -0.87519
H 90.38120 11.75720 -0.56163
H 87.50260 12.79210 -0.54317
H 84.57800 13.99670 -0.85818
H 81.62800 14.86970 -1.09309
H 92.86210 13.67450 -0.80591
H 89.83730 14.82300 -0.37593
H 86.86290 16.09700 -0.54341
H 83.80020 17.18820 -1.00567
H 92.27370 16.85140 0.12027
H 89.30950 18.11780 0.15772
H 86.18330 19.29250 -0.29472
C 89.99620 1.96119 -0.43039
C 94.69920 5.10139 -0.69959
C 91.30580 5.23148 0.84452
C 95.53960 8.12338 -0.68433
C 83.69020 0.55557 0.50963
C 80.52670 1.59990 0.66801
C 78.22890 3.71459 2.80667
C 77.44140 6.89849 2.19210
C 75.23990 9.16137 2.56799
C 72.02470 9.73042 2.27705
C 74.57470 12.50380 -0.04997
C 76.40180 16.06260 1.30118
C 76.92580 20.06430 2.56703
C 86.81400 2.62437 0.06583
C 83.89270 4.15548 0.91702
C 80.74110 5.35925 0.96968
C 86.82370 6.18649 0.95120
C 80.68020 8.35818 0.73739
C 78.06060 9.90917 1.37685
C 92.34070 7.08510 0.40756
C 89.32590 8.20945 0.70277
C 77.49380 13.01950 1.20794
C 0.01736 8.77383 0.22509
C 80.01180 14.94220 0.91548
C 2.33441 11.01440 -0.43892
C 79.44770 17.85870 1.20135
C -0.38966 14.05020 -0.42065
C 81.03350 20.61470 1.09452
C 95.54420 16.30550 1.58253
C 92.65680 18.09020 2.22885
C 89.79840 19.82040 2.03789
C 86.87380 21.18120 1.17187
C -0.21329 19.59970 1.53115
C 95.27280 22.17570 1.48390
C 1.06905 0.03613 -0.92708
C 95.19700 -0.27568 -1.07792
C 92.00590 -0.48191 -1.06471
C 87.92670 -0.37549 -1.65627
C -0.39374 2.52187 -1.02495
C 93.42000 2.22941 -0.75455
C 0.68406 5.56407 -1.01014
C 81.42520 96.25600 0.73099
C 78.32710 -0.74175 1.39450
C 75.58320 0.19303 2.20803
C 77.61010 2.49439 1.25505
C 74.72540 3.20615 2.30769
C 74.03080 19.12040 2.04838
C 74.87290 22.44390 1.86783
C 83.65730 7.53353 0.94571
C 86.01220 9.34262 0.85480
C 83.10930 10.54380 0.78019
C 80.38540 11.70280 0.82426
C 92.05950 10.28090 0.41556
C 88.63190 11.21670 0.97400
C 85.53330 12.57840 0.81115
C 82.73750 13.67700 0.74867
C 94.30820 12.15730 -0.18809
C 91.21460 13.36510 1.09858
C 87.90360 14.53740 1.07900
C 85.00530 15.71140 0.90300
C 93.75070 15.22220 1.03824
C 90.33400 16.32500 1.51140
C 87.30340 17.65840 1.38583
C 84.09150 18.66400 1.07801
C 82.58080 47.78110 -0.16711
C 91.76400 45.59870 -1.71993
C 1.05327 47.28290 -2.73827
C 85.57500 24.75630 -1.26149
C 81.75950 24.53640 0.60666
C 90.48750 26.70970 -1.27546
C 87.31060 27.34510 -1.28675
C 80.70270 27.98070 -0.91228
C 89.38720 29.65110 -1.16863
C 79.56670 31.55030 -1.39697
C 91.41850 31.86180 -1.11244
C 78.50400 34.29810 -1.30720
C 93.27510 34.38660 -1.02497
C 80.69660 36.99900 -1.30163
C 95.35620 36.85970 -1.08466
C 82.82950 39.45440 -1.10550
C 84.97160 41.71900 -0.88254
C -0.33844 42.12940 -1.15387
C 93.54490 42.84220 -1.14187
C 89.81630 43.67880 -0.93092
C 86.50330 44.25510 -0.36321
C 84.46060 44.93290 -0.38585
C 95.82210 45.13530 -1.59420
C 78.50430 23.04070 -0.87733
C 79.40840 26.04720 -1.17218
C 77.30400 28.70840 -1.52986
C 75.61100 31.48920 -2.70392
C 74.83120 34.76260 -3.28387
C 77.47570 37.42930 -1.16556
C 79.28570 40.21800 -0.85061
C 81.51480 42.79720 -0.40251
C 79.73200 46.20300 -0.00924
C 83.34130 22.57470 -1.48447
C 88.79860 23.97430 0.35730
C 93.69380 25.51470 -0.56540
C 90.33440 24.76500 -1.40675
C 92.59710 28.89590 -1.13085
C 94.59370 31.38540 -1.02224
C -0.49684 33.98060 -0.94670
C 84.14670 27.60550 -1.18047
C 86.14380 30.14540 -1.18887
C 83.08740 30.68900 -1.25083
C 88.21930 32.72510 -1.21955
C 85.03670 33.06010 -1.27269
C 81.94670 33.66550 -1.44187
C 90.28920 34.97070 -1.07991
C 87.08390 35.80700 -1.12660
C 83.91610 36.29870 -1.26090
C 92.34730 37.49040 -0.92311
C 89.23320 38.08410 -1.08671
C 85.93930 38.56410 -0.99057
C 0.65350 39.39280 -0.86453
C 94.61370 39.94320 -0.88878
C 91.39410 40.60950 -0.95449
C 88.09730 41.16910 -0.80033
C 76.07710 25.06180 -1.58941
C 74.33380 37.75300 -1.07686
C 76.03610 40.31770 -0.89798
C 77.86110 43.00680 -0.82219
C 74.53150 43.14840 -0.94529
C 76.28440 45.98120 -0.82570
C 0.30416 25.54580 -1.13771
C 95.88350 28.54360 -1.10790
C 0.67227 31.08910 -0.96686
H 85.02680 47.32610 -0.11759
H 93.99260 46.23820 -0.77023
H 87.10790 25.32080 0.21869
H 83.92590 25.66670 0.63174
H 89.00580 27.78020 0.44007
H 82.83300 28.76830 0.37647
H 79.14630 29.56300 -0.06795
H 91.12210 30.06640 0.49272
H 80.44160 34.94350 0.03081
H 95.05830 35.06520 0.45565
H 82.47530 37.48570 0.37925
H -0.09362 37.48500 0.46064
H 84.55680 39.79820 0.65278
H -0.85103 40.48930 0.76412
H 83.64730 42.89850 0.59164
H 95.29650 43.54750 0.32977
H 92.01820 44.12290 0.26056
H 88.75480 44.72110 0.58820
H 85.66670 44.98960 1.87346
H 79.29940 24.61220 0.89643
H 77.31750 26.72860 -0.30656
H 75.17260 29.10740 -0.13684
H 76.03780 33.62240 -1.45971
H 77.50300 35.64480 0.64866
H 79.26200 38.15070 0.41521
H 81.37970 40.43850 0.60526
H 79.32160 43.82810 0.57095
H 85.10820 22.76380 0.30284
H 93.92860 23.04100 0.21686
H 92.19330 27.18050 0.48214
H 94.33410 29.51750 0.53225
H -0.89986 32.10720 0.64015
H 85.88380 28.33940 0.46467
H 87.87660 30.77600 0.35330
H 84.75180 31.36160 0.42858
H 81.52100 31.80890 0.23268
H 78.25900 32.55840 0.64356
H 93.07860 32.54330 0.54595
H 89.98750 33.10060 0.45825
H 86.76300 33.85050 0.30770
H 83.60540 34.41410 0.26904
H 91.92530 35.67370 0.61928
H 88.79830 36.23970 0.41392
H 85.56070 36.75310 0.54810
H 94.10390 38.10870 0.61898
H 90.90340 38.73770 0.64561
H 87.79120 39.18550 0.64607
H 93.17560 41.15920 0.73788
H 90.01880 41.74000 0.71118
H 86.72050 42.21710 0.85140
H 76.42710 23.56190 0.28594
H 74.28600 26.02740 -0.11797
H 74.45130 35.58880 0.28052
H 76.00960 38.36880 0.56018
H 77.65250 41.06450 0.85157
H 74.46590 41.22190 0.69312
H 76.04040 43.99110 0.62639
H -0.00049 23.53070 0.26891
H 95.77710 26.62070 0.34980
H 0.47072 29.22930 0.60499
C 84.83150 46.91810 2.57368
C 92.66600 46.23340 1.34222
C -0.19071 49.41810 0.51286
C 85.55260 24.47690 2.13067
C 81.00900 24.01490 2.43337
C 90.30340 26.24760 1.87913
C 87.34930 27.08410 2.03849
C 80.86530 28.08080 1.06771
C 89.34280 29.54830 2.05602
C 79.84830 30.91920 1.87228
C 91.33400 31.87840 2.13375
C 79.01380 34.03700 1.95382
C 93.39600 34.28810 2.07815
C 80.69170 36.64870 1.80184
C 95.49290 36.73870 2.12122
C 82.79850 39.11780 2.22707
C 84.88500 41.65270 2.31144
C -0.49978 42.50220 2.15438
C 93.56490 43.25460 2.02708
C 90.43980 43.69710 2.09415
C 87.35510 43.91550 2.57975
C 84.06890 43.46610 2.96963
C -0.12851 45.29510 0.22052
C 77.90560 23.15550 2.34121
C 78.08860 26.40380 2.03257
C 77.23100 29.12000 0.38475
C 74.79750 31.41400 -0.73318
C 75.96730 33.73490 1.13937
C 77.64190 37.57130 2.21084
C 79.57730 40.05020 2.11150
C 81.33020 42.75330 1.53260
C 79.85180 46.11390 1.84720
C 83.79730 21.79170 1.58908
C 91.70360 22.48240 0.86661
C 93.68350 25.46750 1.28952
C 90.40280 26.84070 3.54799
C 92.60550 28.91240 2.13825
C 94.46070 31.17200 2.10052
C -0.76901 33.96940 2.16024
C 84.14850 27.44350 2.06942
C 86.14060 30.20830 2.01390
C 82.95920 30.54640 1.95217
C 88.08980 32.62380 1.95246
C 85.02350 33.27360 1.93045
C 81.73640 33.67210 1.77815
C 90.22660 35.03330 2.05027
C 87.10300 35.56610 2.00772
C 83.72020 36.16110 2.02204
C 92.27390 37.50710 2.20370
C 89.15070 37.90680 2.18698
C 86.01410 38.53290 2.16705
C 1.30687 39.36310 1.12328
C 94.49930 39.84290 2.33833
C 91.50890 40.49340 2.29362
C 88.24000 40.96770 2.31172
C 76.09270 25.60220 1.56825
C 74.37420 37.39570 2.10485
C 76.15310 40.22270 2.25625
C 77.85060 43.10670 2.27422
C 74.45280 43.11240 2.27515
C 76.06980 45.83190 2.37368
C -0.08174 25.27570 2.07752
C 95.93270 28.39370 2.14670
C 0.62752 31.01910 2.23222
C 88.64330 46.64570 -0.80092
C 85.90680 48.55190 -1.74710
C 82.71510 49.81670 -0.31511
C 79.92090 51.39560 -0.93625
C 76.86300 53.32610 -1.08818
C 93.90820 47.98190 -2.00564
C 76.89600 56.42330 -0.95680
C 74.16090 57.70840 1.13067
C 76.81750 59.74710 -0.58126
C -0.05363 52.42790 -1.67905
C 94.08070 54.15480 -2.01647
C 91.26490 55.37300 -2.20047
C 88.28170 56.99770 -2.48265
C 76.41570 63.15130 -0.42757
C 87.81640 60.53800 -2.42264
C 85.81460 61.67400 -1.93233
C 79.14420 64.70240 -1.28997
C 84.81930 64.78500 -2.31593
C 82.29500 66.71790 -0.95885
C 85.76710 68.15770 -1.96223
C 78.21830 49.13910 0.56052
C 76.29160 51.37560 -1.33444
C 81.82100 70.12590 -1.52723
C 79.35960 68.23860 -0.39243
C 76.40960 66.66400 0.10498
C 74.15540 63.25170 2.48483
C -0.09185 56.21700 -1.38325
C 93.76860 57.55080 -2.11333
C 92.94910 60.33180 -2.31522
C 91.41020 63.36870 -2.65189
C 90.93130 66.52490 -3.63556
C 87.82020 65.35600 -2.36953
C 89.34080 69.44700 -3.63546
C 90.82430 72.29420 -2.10396
C 91.51490 48.93420 -1.61980
C 88.62920 50.47070 -1.77005
C 85.74230 51.94460 -1.73284
C 82.74280 52.99640 -1.14954
C 80.04690 55.19890 -1.47398
C 94.23490 50.94660 -1.63518
C 91.41230 52.17210 -1.96936
C 88.48650 53.63040 -1.98307
C 85.47760 55.14370 -2.01456
C 82.48470 56.53560 -1.64165
C 79.63110 58.41720 -1.31435
C 85.11930 58.22960 -2.35726
C 82.49610 59.95990 -1.78258
C 79.56760 61.45240 -1.26430
C 82.17180 63.04900 -1.81496
C 74.47370 48.52770 -1.11294
C 76.23690 70.32020 -0.70903
C -1.00114 59.69910 -2.21093
C 1.12023 62.09540 -2.26730
C 95.00380 62.69240 -2.64843
C -0.05353 65.25220 -2.81326
C 93.89420 65.73560 -3.17090
C 95.82680 68.36820 -3.18435
C 92.63240 69.01670 -3.29804
C 0.63372 70.72400 -3.21073
C 94.55320 71.37790 -3.20722
H 83.58370 49.11110 2.01971
H 90.97510 47.28620 -0.12059
H 87.92320 48.97640 -0.18689
H 82.59800 51.93390 1.14181
H 79.15410 53.48380 -0.21328
H 76.60200 54.88190 1.11127
H 1.08837 47.38830 -0.27595
H 76.32170 58.15440 0.67452
H -1.06903 50.97900 0.14469
H 93.16740 52.58030 -0.28182
H 76.39410 61.32710 1.41710
H 93.07470 55.82310 -0.49844
H 90.18190 57.11730 -0.75507
H 87.27020 58.50590 -1.15803
H 75.81260 64.39840 1.08639
H 88.42670 61.39920 -0.05452
H 81.39380 64.62240 -0.20987
H 78.72940 66.12570 0.63860
H 86.75750 63.75770 -1.15800
H 84.71990 66.35360 -0.60069
H 77.56370 46.72610 1.22870
H 75.94770 49.74220 0.64802
H 84.96470 70.52020 -1.61521
H 83.04260 68.87720 0.24177
H 80.17470 70.35750 0.41847
H 77.30310 68.80550 0.90284
H 74.66330 70.32820 1.32290
H 95.93050 54.17990 -0.34000
H 95.52220 58.01750 -0.50277
H 92.60590 58.84490 -0.23437
H 91.49070 61.64220 -0.74345
H 89.82130 64.30250 -1.06115
H 89.44570 67.15170 -2.36498
H 91.12110 69.92620 -1.75408
H 87.79640 69.73490 -1.87485
H 85.03990 50.53150 -0.43732
H 93.35040 49.32420 0.04583
H 90.58660 50.73200 -0.15155
H 87.68950 52.17130 -0.19417
H 84.85550 53.67320 -0.13306
H 81.99540 54.97240 0.20579
H 79.04930 56.64670 0.30222
H 90.40480 53.91380 -0.46615
H 87.49830 55.42170 -0.65485
H 84.61370 56.82890 -0.39999
H 81.74880 58.30280 -0.05717
H 79.05620 59.87460 0.56457
H 84.46680 60.01630 -0.80608
H 81.67840 61.48470 0.01474
H 78.76320 62.98860 0.46523
H 84.18040 63.28030 -0.46794
H 74.50430 46.76310 0.63576
H 0.58534 60.43990 -0.43186
H 94.66200 61.09040 -0.80651
H -0.48049 63.55820 -1.05641
H 93.50770 63.97230 -1.44346
H 95.54550 66.56000 -1.55328
H 92.51220 67.09790 -1.72622
H 0.44401 68.84770 -1.54644
H 94.38540 69.55730 -1.56408
H -0.81778 72.22200 -1.83967
C 88.90190 47.10580 1.17228
C 86.05060 49.16000 1.41292
C 82.95230 50.63720 3.37451
C 80.18740 51.46200 1.07434
C 77.52760 52.70480 1.75212
C 94.48320 47.72160 1.26333
C 77.40660 56.39460 2.23533
C 74.09700 58.36670 3.36430
C 77.44090 59.71230 2.49336
C -0.18280 52.81140 1.60077
C 94.29560 54.34670 1.18165
C 91.22520 55.72280 1.07201
C 88.68450 57.25150 0.63104
C 77.53820 63.17700 2.61280
C 90.19960 59.58090 -0.51353
C 85.98030 61.75410 0.04356
C 79.91930 64.69920 1.85995
C 85.65410 64.84840 0.75561
C 82.61090 66.52540 0.79367
C 85.50160 68.67480 -0.01897
C 77.68610 48.78210 2.47314
C 75.77370 51.68770 2.25370
C 82.23790 70.39230 1.87602
C 79.58650 68.27360 1.60099
C 76.63550 66.63650 1.86072
C 73.94020 61.70430 1.29429
C -0.23605 56.22860 0.57362
C 93.89510 57.37940 1.32172
C 93.01850 60.92480 1.04920
C 91.78620 63.75460 0.43711
C 90.64330 66.44280 -0.18295
C 88.87870 63.03790 -0.16807
C 89.12120 69.00320 -0.47555
C 91.08660 71.95740 -0.34894
C 91.46750 49.11860 1.51285
C 88.68670 50.61100 1.41897
C 85.89700 52.05880 1.35468
C 83.44460 53.74200 1.90926
C 80.08370 54.85550 1.73382
C 94.05860 51.11780 1.58238
C 91.30370 52.47110 1.38341
C 88.48150 53.95650 1.17777
C 85.89860 55.38340 1.15931
C 82.97190 56.77020 1.47895
C 80.22850 58.11680 1.86254
C 85.67000 58.57330 0.82830
C 83.15350 59.89300 1.22513
C 80.12860 61.58400 1.94621
C 82.71670 63.23600 1.41135
C 74.23210 48.55240 2.23750
C 76.82950 70.41020 2.69003
C 95.79450 59.87540 1.02698
C 0.71165 62.46370 0.90532
C 94.83030 63.06580 0.48488
C -0.39007 65.49410 0.34397
C 93.81340 65.91640 -0.00482
C 95.77770 68.42150 0.08020
C 92.58440 68.89310 -0.02605
C 0.72010 70.98660 -0.24008
C 94.95080 71.43770 0.06050
C -0.16696 94.78320 -4.13537
C 93.64050 94.66470 -4.20534
C 90.31230 94.50370 -4.20011
C 0.45695 77.71580 -4.47365
C 94.53980 78.07330 -5.08660
C 89.88870 80.66630 -5.62565
C 87.54700 83.15460 -4.89171
C 86.57990 86.19150 -5.36521
C 0.39720 89.51990 -4.35110
C 94.33570 89.59160 -4.36447
C 87.19080 89.35120 -4.53816
C 92.20810 92.09610 -4.36419
C 73.97110 88.47270 0.31432
C 83.70030 89.23160 -4.31402
C 79.31090 90.95070 -1.73983
C 84.71760 92.49080 -3.47663
C 86.96090 94.69840 -3.95631
C 83.79920 95.30650 -3.13517
C 90.24240 75.54600 -2.28812
C 86.83910 72.11580 -2.17489
C 83.29210 70.50650 -3.17873
C 86.52390 75.43050 -3.79151
C 87.47340 78.80210 -4.68001
C 84.42810 81.06950 -3.68500
C 83.91700 84.13630 -4.44924
C 81.79970 86.27320 -3.30115
C 80.97180 88.57500 -1.82051
C 76.41800 86.90940 -1.23247
C 73.69900 85.12430 -0.67748
C -0.39078 74.06260 -3.51383
C 93.41070 73.09600 -3.75269
C 94.54710 75.98760 -4.99949
C 96.07710 80.88540 -5.01571
C 92.91680 81.19690 -5.41756
C 0.31049 83.87920 -4.84084
C 94.28780 83.81880 -5.21306
C 91.03100 83.67260 -5.36854
C 95.94480 86.81010 -4.72884
C 92.59510 86.71220 -4.94675
C 89.40070 86.52740 -5.22999
C 90.75590 89.36340 -4.57058
C 88.71770 92.03380 -4.16922
C 76.23240 91.34310 -0.99167
C 73.12440 92.14150 -0.02172
C 81.56450 92.80750 -2.38925
C 78.48620 93.66790 -1.66642
C 75.40900 94.42880 -0.79177
C 84.25480 74.19730 -2.43648
C 81.25360 73.23690 -1.65798
C 79.05000 71.80710 -1.03640
C 84.29680 77.63950 -3.47675
C 81.43770 76.30760 -2.29072
C 78.83150 75.02030 -1.23401
C 76.14400 73.64520 -0.62672
C 81.46760 79.42800 -2.84410
C 78.83210 78.31030 -1.89016
C 76.05960 76.71450 -0.89143
C 81.50680 82.88320 -3.15823
C 78.90020 81.48520 -2.19780
C 76.04800 80.15210 -1.21963
C 73.26720 78.61100 -0.44168
C 79.23740 84.89780 -2.37614
C 76.43710 83.43890 -1.51308
C 73.57500 81.76240 -0.62036
H -0.13551 92.88420 -2.18466
H 93.81540 92.75920 -2.37704
H 92.04660 95.41530 -2.73455
H 88.83470 95.17370 -2.48072
H 0.32265 76.46470 -2.64163
H 95.90930 79.15750 -3.29284
H 92.80870 79.30140 -3.69159
H 89.87750 78.97740 -3.69319
H 88.14760 81.02390 -3.87750
H 85.83700 84.74470 -3.91861
H 87.81680 87.20040 -3.45634
H 95.62660 90.23230 -2.68992
H 92.35010 90.13540 -2.86422
H 89.06290 89.91260 -2.97262
H 85.82190 89.50950 -2.85648
H 90.54730 92.62180 -2.62508
H 79.30450 89.01350 -0.04295
H 76.23980 89.56220 0.74296
H 73.18940 90.39070 1.70537
H 82.97430 90.79480 -2.92473
H 81.36690 91.33610 -0.38299
H 87.05230 92.59040 -2.47778
H 87.92860 74.37090 -1.97682
H 85.48930 73.39900 -0.47480
H 88.25190 77.10130 -2.86241
H 85.75080 79.13710 -2.97818
H 82.75470 81.28520 -1.80450
H 83.05820 84.45510 -2.04914
H 83.20180 87.58240 -2.50686
H 80.76470 86.30570 -1.03271
H 77.89190 85.07220 -0.27147
H 75.17450 86.45300 0.80120
H 93.22010 72.40950 -1.34662
H 1.69284 74.19470 -1.96218
H 94.56950 74.98080 -2.58093
H 90.89310 74.48910 -0.74904
H 95.35950 95.55950 -2.58599
H 0.29321 81.96290 -3.28360
H 94.34210 81.96710 -3.66763
H 91.16270 81.74370 -3.83115
H 95.72550 84.72890 -3.43328
H 92.56320 84.63830 -3.72893
H 89.34770 84.49290 -3.96349
H 0.26977 87.50470 -2.91136
H 94.11720 87.35740 -3.14635
H 90.76620 87.22560 -3.31393
H 78.31460 91.99590 0.18169
H 75.31660 92.65960 0.93729
H 83.69700 93.50440 -1.40019
H 80.66140 94.32250 -0.70960
H 77.56090 95.04600 0.13037
H 82.68820 71.92810 -0.09607
H 85.46540 76.25940 -1.72794
H 82.71060 74.94970 -0.68820
H 80.03120 73.58830 0.39823
H 77.34070 71.97520 0.78685
H 82.89140 78.12630 -1.34103
H 80.00610 76.77860 -0.33305
H 77.32400 75.31930 0.75311
H 74.56460 73.62940 1.31621
H 80.16850 79.98910 -0.75450
H 77.39800 78.55620 0.16465
H 74.62030 76.97160 1.00807
H 80.30360 83.12610 -1.00810
H 77.53890 81.71660 -0.13597
H 74.71770 80.16600 0.87253
H 74.98010 83.34890 0.52560
C -0.22402 94.70940 -0.85131
C 93.65870 94.46630 -1.10162
C 90.59860 94.43710 -0.98703
C 0.21406 78.72390 -1.31560
C 94.16100 78.37620 -1.73751
C 89.66490 80.99690 -2.03529
C 87.49840 83.09830 -2.97057
C 85.48230 86.99730 -2.73476
C 0.12863 89.03980 -1.01313
C 93.82540 88.89190 -1.26803
C 87.67310 88.58420 -1.44750
C 91.95180 91.52310 -0.91678
C 74.68660 88.40460 2.24221
C 82.72670 89.35660 -0.90385
C 80.04960 90.85990 1.61875
C 84.99640 91.42120 -1.50283
C 87.51690 93.98890 -0.76221
C 84.65830 95.27690 0.15549
C 89.35600 74.61840 1.14187
C 88.02860 73.28520 0.26594
C 85.05260 71.77220 0.66436
C 87.57860 76.45630 -0.46458
C 88.02120 79.45500 -1.94404
C 85.09300 81.35230 -1.85044
C 85.13600 84.18540 -1.46984
C 83.11000 86.29340 -0.40338
C 80.55650 87.70810 1.10820
C 77.42540 87.42060 0.49457
C 74.65440 84.76900 2.51971
C -0.64636 74.59630 -0.98651
C 93.39070 74.66860 -0.26540
C 93.08700 76.96360 -2.47331
C 95.68370 81.09360 -1.85110
C 92.70740 81.27760 -2.00759
C -0.00596 83.81660 -1.72430
C 94.03700 83.74530 -2.01342
C 90.98740 83.63200 -2.30701
C 95.70970 86.39510 -1.58083
C 92.37140 86.12640 -1.86273
C 89.20440 85.90440 -1.93468
C 90.73530 88.84770 -1.48528
C 88.91750 91.44930 -1.14590
C 76.87140 91.01970 2.04542
C 74.21420 92.13410 3.10514
C 82.46170 93.26140 0.70221
C 79.35880 93.88660 1.34643
C 76.43920 94.42480 2.23924
C 84.79860 75.48140 0.53903
C 82.19310 73.74020 1.42732
C 79.44510 72.01810 2.08219
C 85.26220 78.49400 -0.62437
C 82.21610 76.86050 0.74299
C 79.57620 75.56010 1.78673
C 76.70480 73.69200 2.51931
C 82.42710 79.92920 0.26027
C 79.46930 78.66820 1.19988
C 76.79330 77.28320 2.22641
C 82.53600 83.03410 -0.09548
C 79.72910 81.70160 0.92200
C 76.88510 80.33420 1.84224
C 73.85170 78.68850 2.66805
C 80.13710 84.82700 0.81998
C 77.22820 83.49010 1.54330
C 74.19180 82.00190 2.43353
