2979
Frame 150
C 12.79580 95.66550 -2.25193
C 14.01260 1.09065 -2.11311
C 11.80270 3.11596 -3.49376
C 10.53850 6.21826 -4.34451
C 8.63638 9.31195 -4.11320
C 4.28171 8.71620 -4.55501
C 2.28744 8.72319 -5.16006
C 23.96460 0.44419 -0.56473
C 22.32660 4.17927 -0.22613
C 25.33720 5.84958 -1.88618
C 24.86400 11.57650 -1.81777
C 19.67150 0.81719 -2.28722
C 16.09000 -0.83020 -0.65886
C 19.45590 4.11690 -2.56413
C 23.02670 8.59263 -2.18571
C 19.96620 7.55795 -2.47894
C 14.01090 4.93445 -2.23464
C 23.20770 12.76880 -1.99952
C 14.71900 8.46732 -3.11252
C 23.22390 16.03780 -1.68753
C 11.95530 10.28590 -2.81079
C 22.94110 19.50500 -1.31208
C 12.58380 13.45900 -2.46063
C 9.35996 12.76730 -2.80144
C 23.13280 22.74530 -1.17744
C 14.67250 17.99000 -1.36944
C 11.24410 16.17760 -1.10054
C 14.45700 21.42150 0.12110
C 20.48380 -0.94183 -1.70718
C 5.55835 10.73340 -2.32508
C 6.58404 14.08010 -1.65439
C 3.50298 14.20610 -2.17311
C 8.22851 16.71000 -1.16102
C 2.14325 17.14320 -2.22264
C 9.83955 19.46030 -0.80382
C 11.34410 21.92560 -0.47645
C 9.15386 95.32480 -3.09015
C 10.73910 0.57124 -3.16204
C 7.23475 0.24670 -3.64914
C 4.03003 0.04450 -3.89713
C 8.56745 2.99571 -4.07736
C 5.15468 2.97445 -4.04746
C 1.97458 2.78369 -3.86915
C 6.70221 5.45860 -4.85055
C 3.32018 5.49423 -4.32869
C 16.65620 2.54687 -2.27471
C 17.04400 6.19611 -2.63155
C 20.89260 10.69710 -0.92691
C 17.58730 9.70605 -2.35676
C 20.24780 14.51450 -1.85502
C 17.68180 12.89650 -1.89445
C 14.93620 11.58760 -2.28003
C 20.39790 17.86140 -1.18651
C 17.74170 16.28340 -1.37426
C 15.07380 14.78110 -1.81983
C 20.23230 21.06520 -0.95782
C 17.58130 19.42390 -1.08156
C 5.03199 16.99180 -1.48798
C 6.71929 19.45280 -1.05298
C 3.48875 19.62380 -1.33184
C 8.14669 22.14850 -0.61515
C 5.12477 22.34280 -0.83870
C 1.83481 22.65900 -1.28179
H 13.54740 -0.53701 -0.26052
H 11.80610 1.82652 -1.32881
H 10.12300 4.33671 -2.62963
H 8.28589 6.87479 -3.36722
H 1.86810 6.44364 -2.43945
H 3.66521 9.16134 -2.04328
H 22.76210 1.93804 1.02647
H 24.77480 4.13242 -0.06046
H 23.24070 6.55150 -0.61639
H 24.68520 9.40007 -0.40652
H 25.39300 15.60570 -0.29481
H 20.23990 2.69353 -0.55601
H 17.51870 1.22336 -0.89714
H 20.41180 5.68892 -0.76115
H 14.71630 2.92716 -0.60090
H 15.19000 6.57985 -1.64992
H 21.23390 12.75350 -0.28264
H 12.50220 8.46397 -1.77146
H 23.87000 18.00020 -0.03132
H 21.26110 16.06970 -0.10039
H 9.89209 10.77670 -1.14179
H 24.06370 20.99050 0.37397
H 10.41320 13.82830 -1.16016
H 12.95190 17.86220 -0.20402
H 9.74613 17.37830 0.52704
H 22.11310 -0.96462 0.02233
H 1.42187 12.76710 -2.72755
H 7.18459 12.28010 -1.46562
H 3.92934 12.10960 -0.85371
H 7.84736 14.76400 0.48593
H 6.48787 17.51080 0.40392
H 11.26240 19.97650 1.33134
H 8.11886 20.18400 0.81699
H 10.55930 -1.10432 -1.37255
H 7.23236 96.05860 -1.77984
H 4.19606 95.67110 -2.20195
H 0.94398 95.33420 -2.22885
H 8.73109 1.43364 -2.13970
H 5.48065 1.25504 -2.32243
H 2.39480 0.91917 -2.29696
H 6.86985 4.06570 -2.74767
H 3.65520 3.87717 -2.41826
H 5.03680 6.60977 -3.26570
H 17.61520 4.41664 -0.92001
H 21.11240 8.72805 -0.66394
H 18.07350 7.75689 -0.90463
H 18.44510 11.03300 -0.45327
H 15.45830 9.64889 -0.99951
H 18.48520 14.37170 -0.02391
H 15.75260 12.93410 -0.32601
H 12.84280 11.61920 -0.89424
H 21.26260 19.47610 0.57562
H 18.50700 17.75520 0.49053
H 15.72980 16.20930 0.12593
H 13.07180 14.68150 -0.40287
H 18.49750 20.90710 0.76470
H 15.69690 19.37370 0.60036
H 4.72713 14.96100 -0.24901
H 1.59029 15.10840 -0.88223
H 3.19411 17.62150 0.03154
H 4.96854 20.34090 0.52456
H 1.73023 20.49570 0.00073
C 11.86760 96.00320 0.80632
C 13.18000 1.74220 0.76219
C 11.40110 4.05136 -0.42555
C 10.74450 6.75242 -2.39828
C 8.20736 9.22044 -2.19342
C 4.18051 7.99882 -0.06811
C 1.44202 8.27515 -2.82882
C 23.83920 0.26268 1.22517
C 24.07400 2.85386 3.07604
C 24.53700 6.03092 1.54284
C 24.68050 11.44310 1.19436
C 19.21940 1.07980 1.20236
C 15.49580 -0.95972 1.26795
C 19.10100 4.42038 1.04667
C 22.84900 8.49358 1.10693
C 19.69460 7.46417 0.92185
C 13.53840 4.96179 -0.33304
C 22.99190 12.58690 1.57993
C 13.86080 7.98155 0.00575
C 23.33000 15.90030 1.36824
C 11.31180 9.97459 0.22381
C 23.31080 19.39140 2.09503
C 11.87040 12.91720 0.77992
C 8.91661 12.49850 0.39590
C 23.37690 22.50600 1.95954
C 14.54550 17.61870 1.89162
C 11.59650 15.98380 1.12123
C 14.44850 21.13020 1.93333
C 20.09570 -1.00930 1.45150
C 5.84989 11.72430 0.66991
C 5.88012 13.66730 1.45721
C 2.83165 13.78400 0.70956
C 7.97139 16.32580 2.02782
C 1.08095 16.67320 0.90720
C 9.62257 19.05120 2.44741
C 11.15050 21.98720 2.84741
C 8.76702 95.35830 -0.02560
C 9.98474 0.88688 -0.08010
C 7.08370 0.69601 -0.51897
C 4.02119 0.21615 -0.63325
C 8.47517 3.52574 -0.95047
C 5.50575 3.25714 -0.89940
C 2.36987 2.74670 -0.66059
C 7.07243 6.27784 -1.54676
C 3.91389 6.01790 -1.03088
C 16.39980 2.99036 0.79196
C 16.55560 6.28431 0.36993
C 20.37830 10.57490 0.88842
C 17.19690 9.44603 0.78846
C 20.26540 14.40030 1.54316
C 17.55340 12.48370 1.31825
C 14.58040 11.08360 0.78823
C 20.48310 17.56320 1.86759
C 17.51170 16.00870 1.83933
C 14.70690 14.43750 1.38306
C 20.49440 21.12420 2.27005
C 17.44410 19.19740 2.26195
C 4.58404 16.50840 1.65687
C 6.37957 19.15770 2.21874
C 3.04820 19.38630 1.72619
C 8.09031 21.98550 2.58527
C 4.68969 22.00790 2.25170
C 1.55725 22.24340 1.68688
C 22.86550 26.17000 -1.19781
C 20.11020 27.65670 -0.66562
C 15.22570 24.74710 0.05114
C 18.67970 29.10130 -1.37260
C 23.11010 29.12960 -0.96847
C 23.65290 32.34530 -0.78856
C 23.45940 35.56850 -1.62741
C 25.75450 45.67570 -3.09696
C 22.37490 44.27330 -1.74977
C 21.02200 31.54770 1.46086
C 19.06890 32.86570 -1.18216
C 14.83250 27.97790 -1.46796
C 19.65080 34.91250 -0.98074
C 13.10120 34.28210 -0.95004
C 20.46320 38.34710 -1.31598
C 10.72560 36.27370 -0.58497
C 21.61300 41.11790 -1.60302
C 18.30220 40.79970 -1.36760
C 8.55122 38.65910 -0.92956
C 4.21897 38.73560 -2.15760
C 16.13890 43.16110 -1.45510
C 2.77893 42.36720 -1.69213
C 14.01030 45.42790 -1.57897
C 5.22638 44.09050 -2.05167
C 2.86052 46.72010 -2.01714
C 13.18800 24.57880 -0.31219
C 11.97580 27.71470 -0.27655
C 12.63830 31.13070 -1.04367
C 9.81450 30.21360 -0.65616
C 9.50802 33.32790 0.86564
C 5.97639 33.65900 -0.14857
C 7.82854 35.99410 1.55819
C 1.57115 36.01620 -0.74702
C 20.41680 24.49350 -0.81075
C 17.54150 22.76650 -0.54609
C 17.66710 26.18320 -0.14874
C 16.21340 34.59520 -1.32174
C 17.29630 37.72740 -1.31369
C 13.95840 37.10710 -1.10547
C 15.08710 40.03170 -1.31824
C 11.76280 39.41390 -1.07534
C 12.96880 42.44490 -1.21663
C 9.90414 41.95550 -1.38263
C 6.80194 41.44740 -1.83421
C 10.97210 44.96720 -1.43212
C 7.91048 44.69820 -1.59508
C 5.87026 47.19090 -1.59107
C 9.94785 24.93300 -0.46112
C 6.78518 24.88540 -0.56774
C 3.47979 25.06650 -0.95567
C 8.35475 27.61860 -0.41000
C 5.28328 27.74540 -0.65107
C 2.04406 28.12970 -0.92359
C 6.68479 30.51050 -0.52880
C 3.87254 30.77530 -0.54023
C 2.61879 33.65300 -0.47111
H 0.94715 42.56840 0.15256
H 24.08220 24.12030 -0.06926
H 21.51570 25.98770 0.78797
H 16.05450 22.90070 1.39171
H 18.92980 27.54610 1.55688
H 16.23560 26.05570 2.00324
H 16.46030 28.43270 -0.22431
H 24.30200 27.33910 0.40200
H 24.74460 30.43790 0.44294
H 21.65670 29.20110 0.65942
H 24.09150 40.39360 -1.64907
H 24.77510 43.63170 -1.98154
H 22.60110 42.61900 0.11120
H 20.46120 44.91560 -0.14288
H 19.80320 33.74480 1.33302
H 17.02060 33.01660 -0.02986
H 13.96100 32.56390 0.63160
H 20.93800 36.59510 0.56740
H 11.63010 34.65150 1.07030
H 21.72090 39.70430 0.45865
H 9.11567 37.27790 1.26491
H 19.68130 41.98380 -0.12355
H 6.83937 39.70200 0.18772
H 2.59306 39.98870 -0.79042
H 17.47210 44.31270 -0.18214
H 4.97035 42.24440 -0.46375
H 15.41180 46.83770 -0.33306
H 3.13088 44.65830 -0.63182
H 12.85000 22.75160 1.26030
H 9.75509 22.99800 1.03523
H 11.45100 25.64490 1.02165
H 13.52640 29.56610 0.24870
H 11.15530 31.49030 0.90099
H 8.35340 31.20020 1.10146
H 7.23509 34.09710 1.58241
H 4.05628 34.32960 1.51380
H 0.84101 34.37120 0.96023
H 2.64316 37.17710 0.67965
H 21.28940 22.65330 0.54478
H 18.72500 24.33170 0.99579
H 23.46280 45.34520 0.17331
H 17.77320 36.03620 0.13744
H 14.67880 35.44950 0.47477
H 18.72200 38.99200 0.32742
H 15.50920 38.33570 0.39089
H 12.30900 37.68190 0.69378
H 16.44640 41.34850 0.26948
H 13.33640 40.72780 0.38535
H 10.07210 40.26850 0.42612
H 14.41410 43.81990 0.29353
H 11.26380 43.26070 0.35614
H 8.08865 42.72790 -0.09986
H 12.36710 46.32980 -0.01051
H 9.28275 45.77440 0.16171
H 6.15593 45.26450 -0.13831
H 6.52562 23.02570 1.04569
H 3.33342 23.23050 0.60623
H 8.22818 25.74590 1.19989
H 4.99879 25.76000 0.89258
H 1.74214 26.08120 0.51260
H 10.00470 28.47950 1.13443
H 6.72281 28.62430 1.07374
H 3.62676 28.74920 0.88710
H 5.36589 31.56890 1.22810
H 2.22219 31.67160 0.99916
C 23.48010 25.65860 2.03895
C 20.78090 27.60740 2.60736
C 15.05820 24.19550 3.24364
C 16.64830 28.50710 2.41014
C 23.74090 28.97590 2.16935
C 23.87990 32.28120 1.16869
C 23.31480 35.67090 0.46618
C 24.92990 43.40090 0.54611
C 22.06350 44.30810 1.94277
C 20.45650 30.92020 3.15137
C 17.68450 33.09390 2.54964
C 15.72620 30.84650 0.17928
C 20.60390 34.95500 2.70441
C 13.68510 34.38950 2.39006
C 20.41780 38.12070 1.99923
C 11.25340 36.58730 2.59465
C 21.38080 41.23570 1.86698
C 18.34150 40.88840 1.81641
C 8.59722 39.19680 2.26642
C 4.63245 38.41530 -0.07165
C 16.16360 43.23340 1.88755
C 3.20515 41.42140 1.14677
C 14.17980 45.86310 1.61485
C 4.67692 43.96780 1.29764
C 2.66361 46.20880 1.41947
C 12.96450 24.47980 2.80478
C 12.35480 27.79840 1.62869
C 13.10230 30.82060 2.26048
C 10.00950 30.29940 2.75169
C 10.72290 33.23300 2.59396
C 5.46349 33.03320 3.19755
C 4.43020 36.23580 2.31627
C 0.82740 36.25380 2.30353
C 20.73010 24.28320 2.35386
C 18.08400 22.49460 2.59954
C 17.91110 25.62990 2.95099
C 16.58640 34.59480 1.85282
C 17.32890 37.70650 1.92220
C 14.28280 37.15560 2.16295
C 15.15580 40.22460 1.97763
C 11.84560 39.71220 2.02324
C 13.10000 42.64970 1.97758
C 9.60854 42.26870 1.84829
C 6.49482 41.58460 1.47168
C 11.04480 45.22660 1.77482
C 7.82265 44.56510 1.52819
C 5.70615 46.87740 1.64401
C 9.86037 24.74840 2.73803
C 6.43082 24.85570 2.68964
C 3.13604 24.98520 2.28542
C 8.28540 27.62800 2.75078
C 5.03777 27.59770 2.53150
C 1.78206 27.82690 2.26817
C 6.73138 30.42030 2.77981
C 3.58024 30.52700 2.62608
C 2.08661 33.36410 2.78247
C 20.25770 46.86400 -1.88329
C 17.21340 46.24220 -1.96461
C 14.88260 48.59590 -1.98082
C 16.42140 52.38960 -1.83897
C 14.01050 55.83650 -1.14439
C 16.63990 56.65560 -3.50859
C 19.87550 58.15860 -2.03409
C 21.48080 60.92840 -1.79781
C 23.70590 63.59970 -1.57140
C 18.58620 61.14250 -1.98620
C 16.26390 59.73800 -1.76098
C 13.53980 58.20680 -1.76198
C 10.25820 56.56850 -0.64685
C 22.16610 66.25320 -1.81403
C 19.77380 64.25230 -1.29137
C 10.62910 60.09860 -1.31396
C 22.90370 69.50240 -1.90491
C 11.10670 63.46700 -2.51809
C 11.51010 66.72500 -3.11788
C 8.97320 68.42150 -3.71671
C 13.24120 48.05200 -3.30789
C 6.78012 50.13830 -1.37071
C 3.51162 49.59600 -1.43220
C 11.10010 53.82990 -1.70866
C 7.84526 53.00100 -1.57933
C 4.69138 52.40720 -1.57921
C 1.41194 51.72920 -1.52268
C 7.17690 55.81060 -0.33140
C 8.41665 58.00450 1.60970
C 7.11147 60.40440 -1.96137
C 9.09340 62.87960 -2.56441
C 7.97422 65.69500 -2.83436
C 6.83399 68.64840 -3.86699
C 23.38060 47.10060 -1.54957
C 21.58670 49.72140 -1.63300
C 17.77930 49.55070 -0.93830
C 23.16570 52.52070 -1.60145
C 19.79010 52.55630 -1.79786
C 21.34770 55.29750 -1.82266
C 23.15380 58.12220 -1.64859
C 16.54410 63.37510 -2.19817
C 13.83210 61.43470 -1.52018
C 19.87380 68.04460 -2.10208
C 17.25860 66.49410 -2.23895
C 13.97680 65.10790 -2.51728
C 17.55020 69.66440 -2.78697
C 14.60710 68.16260 -3.11406
C 12.02010 69.86290 -3.83407
C 11.83700 48.14310 -1.62276
C 8.85182 47.66740 -1.41323
C 9.95585 50.74310 -1.38733
C 3.34947 55.40590 -0.87902
C 5.15909 58.03690 -1.49244
C 2.02624 58.50610 -1.93270
C 4.00294 60.89730 -2.17615
C 5.75203 63.46250 -2.73428
C 2.72858 63.98730 -2.85430
C 4.61308 66.48130 -3.22630
C 1.53176 67.21560 -3.40194
C 3.52992 69.44550 -3.89340
H 1.85624 50.00670 0.48525
H 18.48100 47.25600 -0.12436
H 16.21390 50.99220 0.23177
H 15.31930 53.92560 -0.10949
H 15.92830 57.27700 -1.68844
H 21.37410 59.01720 -0.23664
H 18.29610 59.21740 -0.38275
H 23.14140 61.66020 -0.10903
H 14.31900 56.83260 1.12193
H 12.09610 55.05660 0.15857
H 21.89500 64.45180 -0.11815
H 19.90490 62.04140 -0.19220
H 16.72770 61.70320 -0.45595
H 14.53620 59.58220 -0.02021
H 11.70900 58.22760 -0.16331
H 23.28990 67.56100 -0.35304
H 11.81600 62.10950 -0.64329
H 11.93430 65.32250 -1.03095
H 9.54542 67.30550 -1.67567
H 9.93572 70.40640 -2.48520
H 13.42700 49.45260 -0.20560
H 4.03862 47.66840 -0.00228
H 11.23770 51.86410 -0.00393
H 8.17408 51.36610 0.29174
H 5.00486 50.65010 0.19836
H 9.16047 54.40400 -0.12343
H 6.09574 53.63130 0.10865
H 2.93964 53.03160 -0.14141
H 7.36629 55.66880 2.26211
H 6.63512 59.16080 0.28977
H 8.79684 61.51660 -0.58619
H 7.54516 64.34900 -1.31609
H 6.41485 67.38590 -1.83872
H 5.46362 70.35480 -2.59897
H 24.95490 47.90450 0.11799
H 21.59710 47.84910 -0.05747
H 23.06490 50.67860 0.08745
H 19.91330 50.62750 -0.14327
H 21.44840 53.41250 -0.18747
H 18.31810 53.23700 -0.42375
H 22.97710 56.22130 -0.10796
H 19.77260 56.09480 -0.49985
H 20.21870 66.40220 -0.33638
H 17.53240 64.77330 -0.45565
H 14.60900 63.64260 -0.71867
H 20.73570 69.62360 -0.50930
H 17.85970 68.31820 -0.73599
H 15.12200 66.75130 -1.11643
H 15.38170 69.95330 -1.63628
H 12.52050 68.45920 -1.85596
H 10.22740 48.83260 0.23705
H 7.11457 48.30560 0.24585
H 4.96487 56.61610 0.46352
H 1.68555 57.05240 -0.02616
H 3.58020 59.47400 -0.26606
H 5.68743 61.99390 -0.77289
H 2.53377 62.39840 -0.94690
H 4.38825 64.91980 -1.29646
H 1.44189 65.56690 -1.51336
H 3.32130 67.98390 -1.92895
H 2.23330 70.97920 -2.43365
C 20.14260 46.84450 1.65929
C 16.88450 46.28400 1.47987
C 14.98860 48.90290 1.11401
C 16.82260 52.77770 1.61400
C 13.93670 54.35190 1.69977
C 17.25370 55.48720 -0.45567
C 19.60030 58.10840 1.28063
C 21.41390 60.89070 1.42729
C 23.51780 63.63270 1.37523
C 18.27430 61.03880 1.30809
C 16.38260 58.18530 0.71607
C 13.04090 58.89380 1.82050
C 11.95580 56.82790 1.91342
C 21.94540 66.38870 1.35147
C 19.59800 64.29680 0.72053
C 10.60900 60.32920 0.52818
C 22.51520 69.32640 1.12009
C 11.11680 63.83430 0.84812
C 11.34400 67.30720 0.05269
C 8.91898 69.37630 -0.44632
C 13.89960 51.89160 -0.21119
C 6.76155 50.09910 1.83652
C 3.48255 49.32280 1.78048
C 10.72470 53.73860 1.71170
C 7.98191 53.24230 1.77850
C 4.55669 52.52640 1.75516
C 1.58438 52.13650 1.88241
C 5.34410 55.67550 2.84836
C 8.05152 57.87240 3.58767
C 7.02513 61.03010 1.09515
C 8.94653 63.48900 0.58627
C 7.83393 66.47950 -0.09717
C 6.73827 69.46350 -0.64102
C 23.19300 47.19840 1.69034
C 21.40920 49.74940 1.62602
C 18.08790 49.40500 0.95823
C 22.90750 52.57560 1.63295
C 19.84700 52.47960 1.44447
C 21.31740 55.23720 1.43169
C 22.85840 57.99770 1.51650
C 16.18610 63.43580 1.14659
C 13.82300 61.78870 0.69413
C 19.45300 68.17180 1.08870
C 16.71960 66.76130 0.73982
C 13.80130 65.51340 0.56972
C 16.79970 70.17820 0.36658
C 14.21940 68.51080 -0.00733
C 11.75810 70.51990 -0.78936
C 11.92280 48.21990 1.52092
C 8.84516 47.50160 1.79095
C 9.91218 50.62940 1.85837
C 2.94630 55.25470 1.00887
C 4.59217 58.62910 1.78720
C 1.69233 58.71110 1.20334
C 3.95587 61.51130 0.88206
C 5.88450 64.02530 0.45306
C 2.56457 64.47510 0.33508
C 4.73507 67.05040 -0.10975
C 1.60037 67.71100 -0.21823
C 3.77268 70.11900 -0.71649
C 9.77983 89.58720 -2.61402
C 11.31080 92.71370 -2.53001
C 7.99474 92.49160 -3.28298
C 4.40346 91.96900 -3.52271
C 1.28980 91.77690 -3.78523
C 4.56958 74.92880 -4.87589
C 9.77468 77.55560 -4.62064
C 6.60648 77.62840 -4.92889
C 3.48174 77.83650 -5.18765
C 13.85810 83.96250 -5.69374
C 10.50180 87.60040 -2.63066
C 6.50812 89.20070 -3.32819
C 3.08059 89.33240 -3.83054
C 23.15700 80.23100 -1.23624
C 19.90310 81.12080 -1.78517
C 17.08720 83.05190 -3.10528
C 13.35090 85.89040 -6.02795
C 13.62360 87.17600 -2.83777
C 12.78950 90.02220 -2.39299
C 15.12690 92.53330 -2.03527
C 17.68360 94.49220 -1.60005
C 23.35250 95.01300 -1.54816
C 23.47980 72.93920 -1.73545
C 23.76050 76.59300 -0.90632
C 20.91870 78.00810 -1.79254
C 9.17049 71.64690 -4.23597
C 15.48340 78.11750 -4.50173
C 12.88510 76.12700 -5.12623
C 8.41010 74.73100 -4.23497
C 15.93380 81.47520 -3.92133
C 5.86494 71.92100 -4.48073
C 2.47002 72.44010 -4.32066
C 6.02361 94.92470 -3.62102
C 2.60865 94.50700 -3.69529
C 8.32033 80.71100 -5.00043
C 5.07639 80.49020 -5.14955
C 1.95159 80.60090 -5.47781
C 10.21220 83.98910 -4.35761
C 6.64789 83.59990 -4.98587
C 3.36357 83.53070 -5.12647
C 8.05191 86.32060 -4.09807
C 4.99997 86.60020 -4.40354
C 1.54974 86.50480 -4.61534
C 22.53610 83.33360 -1.53027
C 19.71790 84.70090 -2.22236
C 16.75690 86.00850 -2.60818
C 22.05240 86.71760 -1.54641
C 18.96700 87.96240 -2.05496
C 16.00860 89.15880 -2.43796
C 24.58220 88.63990 -1.02147
C 21.26950 89.96120 -1.58925
C 18.24380 91.22310 -1.72451
C 23.83090 91.77310 -1.27550
C 20.65920 93.04820 -1.58298
C 20.45190 71.19030 -2.39180
C 20.85250 74.48670 -2.67089
C 18.03980 72.78800 -3.26489
C 15.06110 71.34370 -3.66878
C 18.31130 76.19310 -3.59056
C 15.53870 74.49540 -4.39144
C 11.97310 72.86990 -4.64692
C 18.53390 79.84140 -3.14859
H 10.95710 90.89260 -0.88376
H 7.78958 90.61730 -1.72315
H 12.32230 93.85040 -0.55619
H 6.04819 93.08840 -1.98112
H 2.71282 92.65880 -2.02842
H 6.37070 75.89960 -3.47546
H 3.16338 76.22660 -3.29331
H 8.12777 78.85420 -3.20493
H 9.79268 81.58520 -3.48731
H 12.53140 83.05420 -3.69773
H 8.93490 88.15840 -0.77174
H 4.63213 90.03640 -1.83875
H 1.27427 89.83070 -2.24930
H 22.36430 78.34730 0.08463
H 21.60820 81.64950 0.08715
H 18.55590 82.92420 -1.00492
H 15.69980 84.06630 -1.32256
H 14.44250 85.69360 -3.70319
H 12.26550 88.02410 -0.98283
H 14.50020 90.40230 -0.97471
H 16.88090 92.53290 -0.07055
H 15.09780 94.54220 -1.83272
H 19.50270 94.52930 -0.25221
H 23.98550 70.82130 -0.37728
H 24.00030 74.42400 0.36873
H 21.41510 75.83990 -0.77421
H 18.73450 77.70590 -2.03709
H 13.12940 74.78940 -3.53498
H 10.19060 73.52710 -3.03724
H 7.44634 72.85420 -2.88209
H 16.00670 79.54130 -2.33638
H 13.23900 78.11240 -3.31612
H 4.39496 73.30860 -3.02189
H 9.24837 93.45800 -1.39989
H 4.94777 78.79560 -3.45555
H 1.65350 78.68920 -3.98292
H 6.52472 81.62480 -3.46999
H 3.35845 81.49730 -3.68349
H 8.07990 84.34720 -3.05171
H 4.86239 84.38260 -3.36798
H 1.65670 84.30760 -3.51126
H 6.31434 86.95240 -2.30425
H 3.14226 87.14280 -2.78435
H 24.54030 80.37390 0.69928
H 23.97780 83.71030 0.47405
H 21.16710 84.81300 -0.25374
H 18.27750 86.04300 -0.72634
H 15.32830 87.25000 -1.04671
H 23.49210 86.84790 0.37074
H 20.56970 88.11550 -0.16064
H 17.62770 89.19190 -0.53370
H 22.97670 90.02340 0.24295
H 20.00430 91.21820 0.07039
H 22.51410 93.31170 0.07888
H 21.14590 72.72080 -0.90014
H 18.21450 71.37530 -1.25497
H 18.56390 74.58730 -1.68861
H 15.80580 73.20900 -2.25114
H 12.92330 71.75380 -2.59027
H 15.90400 76.29490 -2.80979
C 9.00006 90.35180 0.42724
C 10.68410 92.91120 0.59976
C 7.51530 92.39380 -0.08057
C 4.48316 91.90000 -0.42961
C 1.39157 91.26880 -0.41253
C 4.74013 75.33770 -1.64533
C 9.95815 78.17810 -1.62487
C 6.55167 77.88910 -1.82627
C 3.14593 78.34010 -2.03863
C 12.17240 80.45260 -3.49388
C 10.39580 87.68620 0.75723
C 6.53671 88.80970 -0.70612
C 2.90901 88.69520 -0.75635
C 22.37150 80.05710 1.81681
C 19.31030 80.78360 0.11947
C 16.35950 82.15500 0.05681
C 13.69000 83.62460 -2.13303
C 13.23310 86.40400 0.08713
C 12.45420 89.99490 0.55409
C 14.45030 92.77020 -0.00079
C 17.71230 93.83140 1.54589
C 22.99830 95.00710 1.78261
C 22.62560 72.40420 1.09201
C 22.63150 76.28460 1.33287
C 20.03340 77.67550 0.07238
C 9.14141 72.36010 -1.13206
C 14.25640 77.72460 -1.54239
C 10.96740 76.95550 -2.92361
C 8.42358 75.05850 -2.36294
C 14.68650 80.94440 -0.82352
C 5.81738 72.36160 -1.20723
C 2.73891 73.14510 -1.18843
C 5.67846 94.89470 -0.34180
C 2.67021 94.68450 -0.61268
C 8.08470 80.82690 -1.64750
C 4.84828 80.63830 -1.92913
C 1.59390 80.49850 -2.35892
C 10.40100 83.89370 -2.42145
C 6.32396 83.29270 -1.69950
C 3.26753 83.23910 -1.93022
C 8.04323 85.76660 -1.04543
C 4.82818 85.91580 -1.28210
C 1.52581 85.87760 -1.46761
C 21.79460 83.27610 1.61131
C 18.97420 84.14140 0.74453
C 16.24850 85.71350 0.56623
C 21.38240 86.55540 1.55253
C 18.49560 87.64300 1.11392
C 15.52130 88.94170 0.73798
C 23.95150 88.59110 2.06732
C 21.01580 89.70030 1.70099
C 17.88220 90.77390 1.33165
C 23.40330 91.82580 1.88324
C 20.44160 93.02290 1.54928
C 19.71510 71.33870 0.67185
C 19.84820 74.45240 0.42341
C 17.13570 73.28250 -0.16167
C 14.44790 72.05310 -0.66417
C 17.10140 76.38700 -0.71554
C 14.41650 74.99750 -1.31961
C 11.76110 73.82380 -1.55985
C 17.09450 78.77830 -0.39984
C 38.53570 0.12018 1.19509
C 36.45560 0.02167 0.14900
C 39.76370 2.92855 1.43601
C 48.44830 9.21765 1.37570
C 45.23510 8.91166 1.34642
C 42.40050 8.35559 1.25217
C 43.18320 11.48750 0.99410
C 33.75830 -0.63108 1.33769
C 27.84530 0.40786 -0.66012
C 35.97780 2.90770 1.50321
C 37.68130 5.46954 0.87903
C 39.28370 8.33048 0.66640
C 26.46060 8.65803 -1.51616
C 41.02080 11.04010 0.58840
C 39.92480 13.91880 -0.13566
C 26.57170 14.81790 -1.42599
C 28.30310 17.36900 -1.17468
C 36.52640 19.89980 -0.67869
C 33.41780 19.88150 -0.95542
C 30.06560 19.94740 -1.12956
C 26.26790 20.60360 -0.74587
C 49.50910 10.95260 1.13197
C 46.41530 12.04590 1.31208
C 43.45020 13.58290 -1.76490
C 42.81950 16.97440 -1.14699
C 39.96530 19.47030 -1.33772
C 40.21690 21.93250 -1.45094
C 47.83130 1.06025 2.87462
C 44.62560 0.73408 2.46509
C 41.59890 0.28879 2.05259
C 49.27630 3.82086 2.60094
C 46.01490 3.57337 2.30734
C 42.84980 3.19274 2.01300
C 47.21550 6.39340 1.91957
C 44.08170 6.03469 1.72824
C 40.85530 5.71510 1.47184
C 30.80130 -0.13120 0.41801
C 32.73000 2.63649 0.67229
C 29.74770 2.80450 -0.38941
C 26.50110 2.75531 -1.27774
C 34.44210 5.50039 0.25801
C 31.30550 5.57552 -0.30282
C 28.27540 5.67901 -1.02041
C 36.16290 8.17217 0.16098
C 32.90730 8.43510 -0.42274
C 29.57780 8.61920 -0.91252
C 37.86800 11.07920 0.00599
C 34.72190 11.02640 -0.55622
C 31.31160 11.38070 -0.94710
C 28.05040 11.64050 -1.32555
C 36.43890 13.80870 -0.71622
C 33.16990 14.01780 -1.13864
C 29.90990 14.31550 -1.22805
C 38.28350 16.72920 -0.68232
C 34.88580 16.91030 -1.00989
C 31.75940 17.14790 -1.03203
C 49.34440 14.13100 0.42836
C 46.20990 15.19900 0.14140
C 49.06670 17.14540 -0.34289
C 46.19480 18.44300 -0.89293
C 43.23800 20.52670 -1.65555
C 49.00050 20.15380 -1.09747
C 46.03350 21.79810 -1.78412
H 36.60810 0.80199 2.53501
H 40.89210 4.05721 3.30524
H 37.86040 3.83298 2.77282
H 48.77930 7.65085 3.36542
H 42.26850 6.82981 3.11475
H 46.72880 10.12580 2.81968
H 43.46780 9.90125 2.80799
H 30.44290 95.83360 2.42287
H 27.71580 95.88650 0.83522
H 32.14800 1.01726 2.25467
H 25.91760 1.27374 0.51846
H 33.95850 4.11968 2.31916
H 38.95480 6.76728 2.58029
H 35.79620 6.61553 2.01211
H 40.52750 9.44787 2.41435
H 39.18610 12.24770 1.70577
H 26.50240 12.62630 -0.05946
H 40.87620 15.25130 1.16941
H 37.82390 14.89490 0.91332
H 36.59020 17.83400 0.69250
H 26.93810 18.29920 0.05069
H 34.78660 20.89010 1.07483
H 31.68910 20.46210 0.79938
H 28.69740 21.04550 0.07394
H 48.40540 12.80130 2.32840
H 45.39440 14.22200 2.34675
H 43.79700 14.82310 -0.23111
H 42.18190 19.16110 -0.28331
H 39.70760 20.91370 0.88553
H 24.75460 95.71940 0.24322
H 47.79070 -0.68013 4.61727
H 44.65880 -1.02111 4.16352
H 41.66690 95.79180 3.52786
H 38.62680 95.59500 2.53465
H 49.15720 2.29955 4.51898
H 46.02160 1.96102 4.17647
H 42.76680 1.56191 3.88020
H 39.63980 1.19703 3.19941
H 47.39670 4.88570 3.87571
H 44.16590 4.45793 3.59950
H 45.42830 7.37026 3.29333
H 29.07810 1.19100 1.33293
H 30.79360 4.00635 1.49507
H 27.77640 3.86381 0.52474
H 32.63500 6.81018 1.41432
H 29.46340 6.81445 0.82215
H 26.41530 6.80469 0.13609
H 37.45650 9.47805 1.85026
H 34.35200 9.41254 1.33425
H 31.12870 9.54624 0.83570
H 27.96710 9.67490 0.25707
H 36.01020 12.21750 1.14686
H 33.03530 12.27950 0.65162
H 29.77920 12.40850 0.36100
H 34.69050 14.98470 0.58315
H 31.59380 15.11310 0.39684
H 28.33900 15.35580 0.32031
H 33.40440 17.96570 0.60757
H 30.03410 18.00710 0.48723
H 48.05760 15.90950 1.60163
H 45.14770 17.37510 1.21619
H 47.96350 18.98550 0.78802
H 45.08040 20.43500 0.09035
H 42.28460 22.33220 -0.19730
H 47.83810 22.10750 -0.14917
C 38.02630 -0.19809 4.27370
C 34.98190 -0.57413 3.33051
C 39.14620 3.08966 4.76169
C 48.34840 9.88711 4.56314
C 45.16340 9.49588 4.57809
C 41.84620 8.85146 4.37709
C 42.61460 11.88530 4.07906
C 33.34180 0.27657 4.32924
C 27.09380 0.18632 2.35663
C 35.62420 2.83257 3.47767
C 37.15170 5.74700 4.01405
C 38.66060 8.88071 3.86719
C 26.11580 8.72623 1.60108
C 40.50440 11.44570 3.74901
C 39.09840 14.37860 2.97448
C 26.61340 14.45000 1.77182
C 28.28410 17.20730 2.00310
C 37.29710 20.27870 1.19806
C 33.65520 19.80940 2.33283
C 29.63700 19.79260 2.13737
C 26.36330 20.62810 1.07140
C 49.22490 11.76950 4.39112
C 46.10780 12.34430 3.20286
C 42.96450 14.21090 2.24255
C 42.68050 16.94270 0.95417
C 41.42140 19.48950 2.15154
C 40.69330 22.85050 1.68675
C 47.52410 1.28489 6.05187
C 44.32280 0.94964 5.69258
C 41.00070 0.25128 5.04026
C 48.81450 4.36691 5.79854
C 45.74780 4.09130 5.45556
C 42.38130 3.67190 5.16489
C 47.12630 7.02904 5.09460
C 43.84820 6.47405 4.96784
C 40.37480 6.17280 4.48655
C 30.00270 0.66281 3.53301
C 32.03120 3.24191 3.53213
C 28.87220 3.24121 2.66242
C 25.83950 3.04107 1.92774
C 33.83060 5.87789 3.44398
C 30.72540 6.06686 2.79509
C 27.56470 5.72888 2.03661
C 35.59330 8.63895 3.33194
C 32.47240 8.77531 2.81498
C 29.21010 8.85547 2.24873
C 37.23890 11.54420 3.13883
C 34.24910 11.47070 2.67407
C 31.20800 11.50520 2.19041
C 27.88720 11.70940 1.75096
C 36.07290 14.27680 2.48687
C 33.04460 14.19530 2.18794
C 29.86640 14.33840 1.94839
C 39.03690 17.05050 1.11074
C 35.13610 16.93800 2.15729
C 31.63710 16.91640 2.08669
C 49.06110 14.80980 3.62066
C 46.09710 15.96510 3.17905
C 48.85970 17.87820 2.82432
C 45.81950 19.18600 2.20289
C 43.01520 20.70990 1.44797
C 48.59810 21.06400 1.93776
C 45.88330 22.27500 1.38345
C 49.17140 29.67520 -0.26292
C 47.70640 32.54470 -0.44443
C 49.56460 35.33060 -0.53788
C 48.24980 38.09940 -0.96270
C 37.60670 23.52320 -1.74692
C 40.07920 25.98510 -1.25437
C 42.88460 27.31850 -1.62672
C 48.91370 26.87070 -1.91614
C 46.02390 28.90400 -2.05041
C 36.79540 25.53750 -1.78238
C 33.96890 23.71130 -1.27614
C 30.00180 23.21780 -0.10283
C 40.68590 29.82070 -1.78568
C 37.53850 28.55400 -1.87905
C 28.27380 25.38240 -1.78552
C 44.13120 33.38080 -1.04686
C 41.12040 32.84590 -1.73931
C 25.57860 27.44760 -1.67115
C 42.02860 36.51360 -0.90514
C 39.44410 38.23410 -1.46085
C 37.21700 40.60850 -1.28826
C 34.62160 42.27190 -1.70183
C 31.23900 41.29700 -1.85953
C 28.56400 40.15500 -3.58161
C 24.59700 38.83840 -3.10698
C 24.46440 42.35650 -3.51643
C 31.75100 44.46780 -1.62340
C 28.34840 44.25590 -1.69867
C 32.72630 47.27770 -1.23169
C 46.09190 35.74640 -0.29771
C 44.68320 38.66460 -1.24313
C 41.83870 40.24090 -1.56438
C 46.97200 40.92060 -1.74276
C 41.08680 43.49790 -1.40825
C 38.14800 44.92880 -1.96338
C 35.36280 45.70730 -0.77223
C 47.02220 44.25090 -1.37733
C 43.11680 23.94600 -1.87155
C 49.01900 23.39890 -1.87677
C 46.14700 24.89090 -2.46565
C 34.51130 27.30520 -1.79198
C 31.37130 26.24130 -1.77085
C 38.06770 31.82360 -1.87023
C 34.97370 30.44520 -1.81103
C 31.88440 29.58490 -1.88221
C 28.93170 28.29050 -1.75363
C 38.61320 34.78280 -1.73182
C 35.46450 33.78690 -1.82809
C 32.50520 32.67170 -1.92072
C 29.26310 31.69810 -1.84150
C 26.22570 30.39800 -1.48572
C 36.24490 37.02270 -1.69643
C 33.21190 35.93980 -1.88067
C 29.87280 34.68420 -1.92575
C 26.66080 33.74710 -1.67518
C 34.05040 39.07100 -1.78218
C 30.76020 37.86830 -2.31142
C 27.14660 36.80670 -1.77569
C 29.66430 47.10460 -1.26990
C 43.83590 42.01640 -1.60773
C 43.77580 45.57180 -1.35511
C 40.83330 46.56410 -0.99112
H 47.64780 30.78320 1.44330
H 49.25910 33.59150 1.21645
H 48.03950 36.56020 1.03451
H 39.33950 23.90850 -0.16667
H 42.24810 25.39000 -0.25198
H 41.01040 27.98640 -0.26168
H 47.60750 28.15160 -0.23792
H 44.63920 29.50740 -0.02747
H 38.07010 26.84410 -0.22626
H 35.11040 25.63550 0.03400
H 32.10490 24.51960 0.00751
H 41.79580 31.07200 0.17937
H 38.65890 30.00510 -0.27563
H 29.68660 26.62700 -0.06186
H 26.70600 25.42490 -0.32314
H 42.27430 34.21000 -0.11736
H 39.79150 36.17170 -0.13282
H 41.28170 38.53740 0.12536
H 25.12470 34.09220 -0.23189
H 37.91290 41.30890 1.15022
H 31.98070 39.30850 -0.52256
H 28.97430 38.33900 -1.19069
H 24.83080 37.30120 -0.91999
H 35.76590 43.45480 0.17731
H 32.58370 42.53900 -0.25661
H 28.31650 42.47840 -0.69670
H 33.14120 45.34120 0.15288
H 30.01340 45.09190 0.07073
H 46.10960 33.45270 0.73990
H 44.13600 37.13600 0.24204
H 46.58850 39.34660 0.26364
H 43.58750 40.35160 0.18501
H 40.68760 41.55880 0.29869
H 38.49550 42.90760 -1.24021
H 45.99640 42.39690 -0.62011
H 45.14580 23.66240 -0.52501
H 47.80930 25.13710 -0.68380
H 45.07460 26.66520 -1.28861
H 35.69490 28.78220 -0.19259
H 32.71520 27.75780 -0.35012
H 39.25120 33.02780 -0.07461
H 36.17120 31.97430 -0.25068
H 33.12300 30.99140 -0.23978
H 30.06630 29.89350 -0.27696
H 27.15500 28.55760 -0.10485
H 36.72210 35.13960 -0.13495
H 33.61630 34.07490 -0.31916
H 30.62580 32.98930 -0.33276
H 27.56360 31.92360 -0.07667
H 37.36560 38.40870 -0.12825
H 34.35770 37.23750 -0.10670
H 31.22420 36.15450 -0.50753
H 28.15990 35.13040 -0.17423
H 35.05500 40.49250 -0.02812
H 26.68610 45.06920 0.10521
H 43.10790 43.63490 0.03893
H 40.24730 44.72540 0.61548
H 37.41070 46.05380 0.19779
H 45.64040 45.68630 0.16275
H 42.73640 46.78270 0.50625
C 49.18600 30.28550 2.88723
C 47.34120 32.99070 2.67812
C 49.47300 35.74930 2.44709
C 48.04400 38.72490 2.17746
C 37.69590 23.69550 1.57898
C 40.11800 25.96730 0.71198
C 43.30160 27.47010 0.37380
C 47.56260 26.64490 1.32487
C 46.06060 29.72100 1.03695
C 36.94820 25.58090 1.55689
C 34.43400 23.43160 0.81458
C 31.47580 22.44840 1.60207
C 40.47520 29.69580 1.49161
C 37.57690 28.60640 1.40824
C 28.69710 24.75290 1.29383
C 44.16210 31.99810 0.50284
C 41.19120 33.20920 1.57250
C 26.34930 27.09540 1.75260
C 41.93840 36.40970 1.02788
C 39.26320 38.04630 1.40038
C 36.74200 39.98440 1.76655
C 34.19150 42.11840 1.62648
C 30.43720 41.22120 -0.07964
C 28.20330 40.08320 -1.73442
C 24.04640 38.66620 0.45516
C 25.93640 41.70490 -0.68417
C 31.64810 44.02820 1.56444
C 28.36360 43.80900 1.54145
C 32.78650 46.91390 2.03159
C 45.76820 35.80650 1.56916
C 44.72880 38.89630 1.84225
C 41.95720 39.96440 1.97461
C 46.80270 41.46530 1.49113
C 41.70170 43.27360 2.03898
C 38.01170 43.86140 1.13152
C 35.23010 45.53620 1.33981
C 47.25710 44.34400 0.48293
C 43.40320 23.91560 1.23542
C 48.67190 23.96530 1.22629
C 45.85280 25.61820 0.76140
C 34.44590 27.34750 1.47728
C 31.71110 26.31630 1.42311
C 37.85690 31.68490 1.40985
C 34.95430 30.45620 1.38249
C 31.93610 29.44820 1.29494
C 29.14350 28.24270 1.38840
C 38.55360 34.81040 1.44591
C 35.36890 33.75110 1.34984
C 32.35750 32.76500 1.36201
C 29.52410 31.63580 1.38882
C 26.83400 30.27220 1.64551
C 36.18400 36.94970 1.51768
C 32.95610 35.85370 1.26064
C 29.85540 34.83280 1.15227
C 26.88180 33.74980 1.50404
C 33.54160 39.12500 1.33383
C 30.30040 38.06610 0.83849
C 27.12580 37.29490 0.19833
C 29.58710 46.65300 1.95075
C 44.59870 42.11390 1.41138
C 43.92630 45.11310 1.81579
C 40.99520 46.43870 2.21246
H 37.02590 59.92330 0.60650
H 34.64090 58.31680 0.43621
H 40.14100 63.25530 -0.06577
H 37.08870 62.73790 0.42114
H 44.38000 67.70060 0.23686
H 40.78870 66.42510 0.32205
H 28.99470 62.02490 0.50082
H 44.52190 70.86450 0.46884
H 25.18240 64.76990 -0.25693
H 26.24180 68.52840 -0.53504
H 27.56430 71.39080 0.50767
H 34.25370 61.52230 0.40622
H 37.79350 65.63440 0.06862
H 34.74320 64.69260 0.13455
H 31.75160 63.39390 0.36993
H 41.75670 69.58860 0.01567
H 38.61450 68.68880 0.21275
H 35.38420 67.78700 0.20337
H 32.27480 66.69220 0.29237
H 29.26640 65.38020 -0.04494
H 36.03590 70.80350 0.18682
H 32.94190 69.79820 0.19418
H 29.94560 69.04110 0.35010
C 47.61460 65.05510 -2.54152
C 48.92410 68.82630 -0.70579
C 34.98730 49.91930 -0.15020
C 35.91470 53.21450 -1.65127
C 33.62980 56.02920 0.90493
C 31.19950 55.25600 -0.56523
C 30.05320 58.44360 -0.37304
C 27.70440 60.76450 -1.24254
C 24.88920 60.72020 -1.50550
C 36.82550 57.98990 -0.83309
C 38.89070 61.16930 -0.27120
C 36.02430 61.17400 -1.18975
C 33.32610 59.85800 -1.13803
C 43.03580 65.78040 -0.81642
C 39.63080 64.86580 -1.48106
C 30.71660 61.81140 -1.24266
C 43.79430 69.60830 -1.48480
C 27.35820 64.30150 -1.40990
C 25.25480 66.91680 -1.77517
C 26.24940 70.69850 -1.68033
C 38.00800 48.13050 -0.82743
C 37.98050 51.02060 -0.28594
C 37.37420 54.51470 -1.02599
C 39.86860 56.29820 -0.66549
C 42.28790 58.25210 -0.40952
C 47.99830 58.62720 -0.28697
C 42.31200 61.93490 -0.26652
C 47.27290 61.84980 -0.19435
C 45.60400 63.19970 -0.12313
C 26.60220 46.92800 -1.46996
C 31.25500 49.96520 -1.04566
C 28.05530 49.75630 -1.17981
C 24.69610 49.81430 -1.45961
C 32.74570 52.66140 -1.11058
C 29.48150 52.54330 -1.05968
C 26.32620 52.62560 -1.37280
C 28.14240 55.48440 -1.13794
C 24.73400 55.32370 -1.45404
C 26.35200 58.04060 -1.27193
C 36.49660 64.22980 -1.48062
C 33.57230 63.08200 -1.30228
C 40.40530 68.17160 -1.45674
C 37.24570 67.47070 -1.45060
C 34.02790 66.41340 -1.39235
C 31.10490 65.11930 -1.32195
C 37.75570 70.37390 -1.45091
C 34.76690 69.50310 -1.44021
C 31.57820 68.39880 -1.36927
C 28.44030 67.49750 -1.07369
C 32.34010 71.64940 -1.26496
C 29.28640 70.86190 -1.28320
C 46.37050 47.50960 -1.23265
C 43.50040 48.58430 -0.91055
C 40.63200 49.78520 -0.74445
C 46.14810 50.65220 -0.80927
C 43.21390 51.81740 -0.64661
C 40.32660 53.00660 -0.69930
C 45.86580 53.81420 -0.39040
C 42.83880 55.04040 -0.42209
C 48.55650 55.52320 -0.30423
C 45.46120 56.68160 -0.28969
C 44.97370 59.99710 -0.23837
H 47.63390 64.41180 -0.47643
H 49.15170 66.84210 0.94956
H 47.07690 69.23340 0.54600
H 34.45200 47.68770 0.44964
H 32.74580 50.73890 0.58045
H 34.19450 53.60650 0.29035
H 32.10560 57.63100 2.11979
H 31.43780 60.12200 0.42228
H 27.75870 59.04900 0.51211
H 26.13140 61.74390 0.36429
H 36.99150 49.17920 1.18117
H 48.22040 47.44130 0.43233
H 39.58710 51.28960 0.84987
H 39.09920 54.46690 0.83223
H 36.22410 55.93950 0.70074
H 38.85420 57.80640 0.75364
H 41.59690 59.75520 0.91061
H 46.85730 60.07310 1.37762
H 44.24740 61.67980 1.32428
H 31.15410 48.00530 0.52720
H 28.05380 47.84850 0.42667
H 29.48570 50.66940 0.60463
H 26.35600 50.69590 0.11818
H 31.03430 53.44690 0.66910
H 27.81890 53.54070 0.33392
H 24.59370 53.45640 0.14998
H 29.39000 56.33320 0.81596
H 26.27200 56.17410 0.25824
H 24.60920 58.92010 0.12319
H 39.90400 47.98440 0.71136
H 45.38330 48.79520 0.59761
H 42.48470 50.00270 0.82802
H 48.02280 50.62390 0.80899
H 45.01190 51.95860 1.00459
H 42.05890 53.22250 1.03252
H 47.67160 53.76800 1.27655
H 44.64360 55.01930 1.30485
H 41.58700 56.40860 1.18423
H 47.27640 56.91350 1.33056
H 44.22030 58.10280 1.24389
C 46.76190 66.67500 0.30891
C 48.49700 68.63260 2.57019
C 34.66320 49.72600 1.81600
C 36.05510 52.64740 1.75452
C 32.29200 57.64060 4.18297
C 30.74210 55.35240 2.30553
C 29.89040 58.61490 1.60938
C 27.59090 60.74470 2.11206
C 24.44550 60.65970 1.77808
C 36.61560 58.03250 2.08619
C 39.31430 60.23210 1.41463
C 35.94660 61.43510 2.16990
C 33.32560 59.87300 1.97696
C 42.92020 65.58640 1.05124
C 39.43550 64.91930 1.81064
C 30.51830 61.88730 1.97697
C 43.56420 68.89520 1.60605
C 27.41410 63.83870 0.57792
C 25.13070 66.89240 1.19278
C 25.59620 70.07740 1.40021
C 38.13080 47.19330 2.18315
C 38.01210 50.38140 2.75494
C 37.03510 54.34100 2.31314
C 39.57020 56.18170 2.58263
C 42.26170 58.15580 2.81177
C 48.08280 58.58240 2.92217
C 41.90590 62.24590 1.60103
C 47.24700 61.82740 3.00305
C 45.61510 63.08920 2.79889
C 26.32070 46.76430 1.82521
C 31.12320 49.81250 2.22260
C 27.66090 49.65120 1.95739
C 24.64440 49.75880 1.68201
C 32.72600 52.61640 2.26585
C 29.25850 52.56900 2.14114
C 26.10720 52.52140 1.80204
C 27.61130 55.21990 2.07253
C 24.41020 55.32300 1.63466
C 26.00860 57.99460 1.86682
C 36.44430 64.61060 1.86438
C 33.50740 63.39780 1.86672
C 40.52150 68.34770 1.79872
C 37.20360 67.39870 1.74870
C 33.98830 66.38830 1.76529
C 30.61410 65.23880 1.64469
C 37.96870 70.51820 1.71084
C 34.74580 69.47410 1.84977
C 31.59380 68.52790 1.90425
C 28.13810 67.42030 0.86433
C 32.53810 71.60370 1.83074
C 29.02530 70.86680 1.86202
C 46.31450 47.06810 2.05338
C 43.59200 48.34280 2.22836
C 40.63370 49.62980 2.32968
C 46.16160 50.28780 2.42148
C 43.08410 51.66430 2.56294
C 40.03040 53.10820 2.41678
C 45.74640 53.49950 2.82770
C 42.68600 54.81100 2.76627
C 48.61360 55.42240 2.91562
C 45.44950 56.72800 2.90891
C 44.92020 59.79130 2.83062
H 42.13930 72.69370 -0.78585
H 39.72720 74.97200 -0.08244
H 37.45060 77.07130 1.13368
H 26.06330 73.17460 -1.48139
H 34.91840 79.10800 2.02454
H 31.98430 78.20540 0.95089
H 29.16010 77.32440 -0.19332
H 26.19940 76.30590 -0.96283
H 39.22180 71.82100 0.01013
H 36.73510 73.97240 0.34400
H 33.63490 72.96460 0.20787
H 30.62410 72.10570 0.40121
H 34.39350 76.08810 0.68698
H 31.40210 75.16500 0.20566
H 28.34180 74.45230 0.20629
C 43.95410 89.18230 2.21827
C 37.47150 89.11660 0.62074
C 48.45030 93.01940 3.23076
C 45.51480 91.89140 3.81084
C 42.59050 92.04290 1.92461
C 39.73170 91.77590 0.87974
C 35.95210 92.01320 -0.17649
C 34.65650 93.71500 0.03869
C 45.94920 74.42080 1.62366
C 43.11360 75.71190 2.67049
C 41.05110 77.92030 1.24798
C 38.90460 80.15520 -0.05819
C 38.90890 83.13980 0.42617
C 38.89370 86.43610 1.02603
C 40.83180 88.46140 2.88225
C 46.79450 88.09400 2.65174
C 46.66980 71.46730 -0.58480
C 29.90230 95.27420 0.00060
C 25.87210 78.77980 -0.54942
C 30.26330 79.58560 -0.23099
C 28.07010 80.81220 -0.10020
C 35.56160 82.98330 1.97110
C 33.04860 84.55520 0.78998
C 35.75060 86.12690 1.01342
C 32.77040 87.84390 0.51575
C 32.76550 91.06830 1.57404
C 29.88150 92.11960 0.33322
C 44.02140 72.44600 -1.47247
C 41.36190 74.60520 -2.07745
C 38.65430 76.83010 -1.22586
C 26.57500 74.87740 -3.10610
C 36.96870 79.35270 0.30168
C 31.51540 77.10640 -1.19774
C 28.38510 75.75720 -2.03820
C 46.63660 95.44230 2.90591
C 43.69070 95.02380 2.30148
C 40.66680 94.83520 1.44040
C 37.90060 94.60500 0.36966
C 46.61310 78.22860 1.87055
C 43.94210 79.63430 1.65989
C 41.57110 81.53100 1.08774
C 46.77580 81.36160 2.10184
C 44.08610 83.02500 1.66498
C 41.37220 84.88350 1.43667
C 46.73620 84.87060 2.30046
C 44.10190 86.45870 2.12195
C 25.45340 82.09730 -0.66333
C 30.67240 82.77960 0.35421
C 27.82120 83.92010 -0.13497
C 25.03510 85.40510 -0.95620
C 30.18470 85.98140 0.26882
C 27.42770 87.24830 -0.39551
C 29.72160 89.28380 0.20043
C 27.03980 90.68960 -0.38573
C 26.41880 94.14270 -0.33891
C 40.87100 71.14510 -1.72743
C 38.33720 73.48530 -1.56922
C 35.52480 72.69610 -1.30125
C 36.30700 76.06610 -0.87870
C 33.35520 75.00580 -1.16665
C 30.20890 73.75860 -1.35644
C 34.10240 78.32360 -0.30957
H 42.14070 90.47950 3.46371
H 38.95070 90.04900 2.36868
H 46.63050 93.84640 4.71350
H 37.49720 92.86530 1.53945
H 33.85820 93.10310 2.44545
H 35.72270 95.51830 1.27289
H 45.53840 76.56030 3.02940
H 42.72240 78.16880 3.22318
H 40.10260 79.89620 2.05619
H 37.37730 81.50030 1.58259
H 48.12260 78.14510 4.06494
H 37.49690 84.57650 1.84191
H 37.21310 87.43540 2.46817
H 40.09990 86.12020 3.14514
H 45.33160 89.48430 4.26191
H 47.69190 91.14810 4.70912
H 47.19330 72.24580 1.86518
H 24.93830 77.24460 1.16800
H 27.36240 79.03920 1.53413
H 29.73220 81.07580 1.70829
H 32.07670 82.96370 2.42098
H 34.44660 84.98190 2.84364
H 34.32400 88.03460 2.09924
H 31.34470 89.38270 1.96640
H 28.34170 90.68040 1.78412
H 25.52130 91.95500 0.56863
H 30.79480 92.58000 2.34652
H 43.49620 93.28990 3.98948
H 40.42510 92.96540 2.93251
H 45.54660 79.77030 3.54420
H 42.97240 81.37090 3.12409
H 40.24260 83.00370 2.53906
H 48.34010 81.37990 4.06108
H 45.72800 83.05530 3.55939
H 42.99860 84.58630 3.21853
H 48.49850 84.68110 4.03186
H 45.64030 86.32310 3.94931
H 42.88580 87.65540 3.86565
H 48.40180 88.00390 4.16864
H 26.85390 82.35290 1.43790
H 29.32310 84.28540 1.74617
H 26.43350 85.57570 1.05086
H 31.74780 86.16660 2.12236
H 28.83100 87.50190 1.65563
H 26.01660 88.76400 0.83651
C 43.47960 89.49250 5.43941
C 36.30810 89.65050 2.19707
C 48.31740 92.98990 6.21889
C 44.81880 92.36760 5.63909
C 41.51830 92.30450 5.04517
C 38.36040 91.78790 3.69453
C 35.34990 93.15860 4.42708
C 32.37960 94.56300 2.97657
C 46.78870 74.46160 3.21122
C 43.46060 76.14190 4.46398
C 40.70420 78.83320 4.28842
C 38.03500 79.92710 3.36349
C 38.19400 82.96880 3.60507
C 37.85890 85.65330 4.02527
C 40.63860 87.87530 4.85931
C 46.46390 87.74500 5.72812
C 45.96320 70.63570 2.55546
C 28.66440 95.11710 3.07113
C 25.20160 79.11570 2.75261
C 31.59880 79.81330 2.70953
C 27.74330 80.96910 3.21503
C 33.37630 80.95200 2.85876
C 32.79420 84.86440 4.00148
C 35.45380 86.80400 4.10360
C 32.35190 87.94680 3.72026
C 32.45660 91.16510 3.38475
C 29.10150 92.36550 3.55557
C 43.24930 72.61120 1.45626
C 42.12630 75.14640 -0.32732
C 39.66150 76.41500 1.99421
C 26.23660 73.44160 1.12473
C 36.79520 78.26440 3.33449
C 30.60870 76.77590 1.91440
C 27.32000 76.49280 1.26042
C 46.03520 95.75820 6.10749
C 43.02770 95.05490 5.48369
C 39.71430 94.70000 4.55543
C 36.59700 94.43050 3.27811
C 46.27940 77.95940 5.12959
C 43.51840 79.72630 4.95339
C 40.83840 81.15170 4.10635
C 46.28220 81.33430 5.29189
C 43.64340 82.88210 4.89470
C 40.93470 84.34290 4.55076
C 46.47240 84.54290 5.46821
C 43.62500 85.81700 5.25387
C 24.78630 82.27380 2.32120
C 30.22030 82.79220 3.50544
C 27.25820 84.18030 2.97238
C 24.26330 85.37770 2.19232
C 29.74520 86.01390 3.42536
C 26.66380 87.37350 2.75789
C 29.34200 89.16080 3.42435
C 26.12690 90.59680 2.60407
C 26.13350 94.14100 1.52465
C 41.33870 71.58200 1.27111
C 38.73110 73.53730 1.71892
C 35.40830 72.49900 1.80218
C 36.15980 75.47040 2.31843
C 32.97070 74.55950 1.89160
C 30.08030 73.91870 1.87961
C 33.69750 77.47410 2.64831
C 54.79770 95.72580 3.26661
C 52.10570 95.25500 4.68211
C 49.66580 96.12770 3.15700
C 55.69370 3.90374 2.68949
C 52.53950 4.17389 3.05380
C 50.56920 6.51223 2.19139
C 59.88780 0.24945 2.26431
C 58.74620 3.44576 2.29836
C 57.64480 6.36820 2.45784
C 60.29730 7.83358 1.46171
C 73.65400 10.58970 -1.98123
C 68.59890 10.25510 -0.60680
C 65.25480 10.84190 0.93577
C 61.44260 11.13020 0.86766
C 71.36440 12.80610 -0.78598
C 68.15830 12.31550 -0.45180
C 66.18340 14.65280 -0.19931
C 63.14350 13.79450 -0.28497
C 63.69280 17.26550 0.60014
C 61.57840 19.88540 0.33090
C 63.27170 22.51330 -0.18485
C 60.68560 22.50100 0.28301
C 54.27250 7.35831 2.97716
C 52.08580 9.30175 1.90198
C 57.65160 9.76143 2.82988
C 57.24850 12.75740 1.15153
C 60.05020 13.54180 0.19375
C 60.42250 16.92260 0.43466
C 57.18560 18.97180 -0.52109
C 57.60410 22.79590 0.33407
C 56.79770 1.04608 2.65563
C 53.76640 1.13222 3.40775
C 51.05550 1.29084 3.32216
C 69.01760 95.22440 1.20005
C 66.10110 95.96700 1.75837
C 62.93400 -0.58005 1.96333
C 71.19190 0.36039 0.72119
C 68.04760 0.95353 1.24724
C 65.15200 1.87789 1.52575
C 62.04220 2.61822 1.96633
C 70.47700 3.35039 0.81708
C 67.32030 4.17146 1.11556
C 64.07210 4.86809 1.38117
C 60.99000 5.66887 1.85514
C 72.96070 5.93089 0.81563
C 69.74550 6.33718 0.55692
C 66.52040 7.19088 0.83266
C 63.51620 7.89269 1.13362
C 72.90230 16.07980 -0.46391
C 69.45700 15.33880 -0.52830
C 70.79900 18.38810 -0.48059
C 67.31010 17.70270 -0.29280
C 71.79610 21.34160 -0.55012
C 68.52100 20.63220 -0.59203
C 65.26500 19.82910 -0.25342
C 54.60610 10.99600 1.61932
C 52.16270 12.68420 1.07094
C 54.67910 14.27250 0.89432
C 51.97380 15.77190 0.27152
C 57.76220 15.81710 0.76903
C 54.57370 17.40510 0.04052
C 51.83870 18.84730 -0.47086
C 54.58700 20.55380 -0.66473
C 51.92050 21.73710 -1.03767
H 56.76500 -0.76736 4.20741
H 53.79950 -0.51285 5.20371
H 55.61260 2.22280 4.53766
H 54.34710 5.23684 4.24473
H 52.00070 7.75815 3.78590
H 59.70710 95.90160 3.88181
H 58.76560 1.59304 3.95956
H 57.54070 4.60099 4.20097
H 59.77500 6.83792 3.80274
H 56.45720 7.72137 4.08725
H 71.37420 7.04910 2.39865
H 68.29150 7.65040 1.88980
H 65.00930 8.78334 2.27146
H 61.77240 9.20600 2.65103
H 72.28110 11.00750 0.19604
H 72.79180 13.97990 0.92728
H 69.74550 13.44190 1.08587
H 66.66850 12.80160 1.53102
H 64.63520 15.18260 1.16508
H 61.83700 18.15610 1.97399
H 60.65710 21.11570 2.39461
H 53.96100 9.67249 3.47342
H 51.16270 11.38120 2.94250
H 56.49630 11.56510 3.14675
H 59.27100 13.19950 2.73934
H 61.48080 14.83060 1.30154
H 59.21710 16.57310 2.55881
H 59.16370 19.13950 0.66094
H 56.37860 20.85850 1.02400
H 53.60340 22.34320 0.72210
H 50.73340 -0.30406 5.10292
H 52.39460 2.54822 5.04787
H 50.55320 5.08821 4.24881
H 71.04630 95.96780 2.42464
H 68.05440 -0.73957 2.98560
H 64.92120 0.11169 3.24646
H 61.82730 0.83450 3.65197
H 70.07920 1.60898 2.51459
H 67.05210 2.43073 2.93281
H 64.04670 3.21770 3.27955
H 60.77390 3.89106 3.59026
H 72.41700 3.94209 2.16844
H 69.25640 4.72262 2.42717
H 66.02300 5.54361 2.71912
H 62.95660 6.28377 2.99526
H 63.26690 12.17060 1.62868
H 70.95160 16.46150 1.01855
H 67.81100 15.86770 1.16005
H 72.11040 19.55010 1.17257
H 68.95470 18.86280 1.12600
H 65.73240 18.23960 1.50603
H 69.90030 21.95540 0.92737
H 66.82940 21.24740 1.08839
H 63.61830 20.72720 1.30787
H 53.82530 13.00300 2.84324
H 51.02910 14.53290 2.19969
H 56.48450 14.63160 2.52645
H 53.71750 16.14750 2.00359
H 50.77350 17.58360 1.35139
H 56.49340 17.71420 1.51076
H 53.57320 19.28800 1.20649
H 50.68010 20.69660 0.64035
C 55.50340 -1.29838 6.30956
C 52.22120 95.69720 6.47364
C 49.10750 95.94530 6.50467
C 55.75390 4.31351 5.95607
C 52.45750 4.91294 5.88532
C 50.31260 7.27348 5.38948
C 60.27360 0.27045 5.45670
C 59.22510 3.47340 5.53511
C 57.98110 6.58381 5.63995
C 60.21650 8.85671 4.78393
C 71.24230 9.26940 1.45409
C 69.06250 9.85378 1.56119
C 65.27060 11.17790 2.80889
C 61.08280 11.50990 2.93123
C 71.41120 12.47510 2.27370
C 68.34130 12.42280 2.99543
C 66.36980 14.89210 2.89416
C 63.28640 13.93570 2.87600
C 63.84480 17.09360 2.54974
C 62.54920 20.03540 3.41189
C 63.78520 22.50630 2.97546
C 60.64090 23.18830 3.32912
C 54.16990 7.66456 4.90642
C 51.90400 9.98754 4.81926
C 57.25350 9.68437 4.77981
C 57.76420 13.40130 4.30607
C 60.46110 15.43280 3.60604
C 59.79920 18.86400 3.13304
C 57.54140 19.61590 2.64465
C 57.34490 22.92380 2.24855
C 57.24670 1.03263 5.83305
C 54.13380 1.66958 6.44193
C 50.71490 1.76315 6.40886
C 69.66680 95.51530 4.40831
C 66.40510 -1.04768 4.78652
C 63.36290 -0.39488 5.10575
C 71.81070 0.45466 3.86200
C 68.59900 1.21143 4.37818
C 65.51940 1.95370 4.75328
C 62.39610 2.73619 5.08387
C 70.70750 3.49830 3.94238
C 67.64560 4.44021 4.23026
C 64.53050 5.26807 4.61637
C 61.59410 5.76659 4.99233
C 72.87460 5.65620 3.98342
C 69.65370 6.68247 3.89878
C 66.46030 7.68620 3.89186
C 63.34480 8.40300 4.22469
C 72.69180 15.64740 2.65811
C 69.58320 15.29010 2.70336
C 70.74700 18.27160 2.72278
C 67.60290 17.67540 2.81660
C 71.72140 21.49620 2.59312
C 68.68840 20.61960 2.66075
C 65.50000 19.95160 2.72218
C 54.62130 11.67540 4.75025
C 51.87700 13.34180 4.21822
C 54.52970 15.05220 4.01886
C 51.70740 16.58720 3.37171
C 57.10850 16.72990 3.73110
C 54.65570 18.13510 3.08805
C 51.60480 19.48230 2.60863
C 54.50940 21.08800 2.64007
C 51.50930 22.62950 1.90409
C 73.85820 27.46890 -0.92885
C 63.29280 25.43260 0.29182
C 70.95310 29.13990 -1.52564
C 67.82790 28.81960 -1.32645
C 64.90560 28.33310 -0.65091
C 59.98830 25.70700 -0.31112
C 56.73530 26.40920 -0.62557
C 53.82320 27.06190 -0.90758
C 61.71540 28.35300 -0.27375
C 52.38030 30.07960 -0.80158
C 63.74520 31.41930 -0.38843
C 65.79170 33.78370 -0.07276
C 64.48280 36.83610 -0.34119
C 63.17010 39.87560 -0.58231
C 50.49020 40.02770 -1.83611
C 61.53740 42.75660 -0.75167
C 58.48540 43.02480 -0.91459
C 52.05000 43.58630 -1.93208
C 57.29160 46.32940 -0.34093
C 53.71320 46.68760 -1.07564
C 51.75200 24.76260 -2.24929
C 71.09180 31.94150 0.19182
C 68.15860 31.73300 -1.65586
C 69.39430 34.11860 0.31331
C 67.88650 36.73030 0.07343
C 66.33930 39.58530 -0.22182
C 65.00390 42.46870 -0.34660
C 63.66640 45.26300 -0.27267
C 49.91640 43.59620 -2.73989
C 72.76260 24.37090 -0.91463
C 69.35440 23.67000 -0.80106
C 66.30210 23.00600 -0.44356
C 70.56510 26.90820 -1.13256
C 66.86710 25.78110 -0.66561
C 58.58710 29.02750 -0.57552
C 55.48760 29.71650 -0.62349
C 60.45020 31.67360 -0.47359
C 57.39820 32.08910 -0.56184
C 54.18360 32.52070 -0.58940
C 50.72460 32.76700 -0.51971
C 62.48800 34.13920 -0.50130
C 59.26500 34.60340 -0.49741
C 56.12000 34.87930 -0.68565
C 52.73340 35.18070 -0.75021
C 61.29140 37.11420 -0.58354
C 57.96050 37.35810 -0.86842
C 54.72680 37.76930 -1.03457
C 51.37830 38.07100 -1.12955
C 59.84360 39.98010 -0.83531
C 56.74880 40.37140 -1.11312
C 53.65930 40.45850 -1.46764
C 55.24970 43.31020 -1.35345
C 54.57000 24.05140 -0.77612
C 73.13970 34.60360 -0.64245
C 71.13930 36.86550 0.12675
C 72.71170 39.87150 0.08420
C 69.49730 39.85390 -0.03393
C 71.06810 42.64870 0.06756
C 67.94860 42.60710 -0.10926
C 72.68490 45.31420 0.00706
C 69.33740 45.41690 -0.05535
C 65.95840 45.41110 0.03022
H 64.78590 23.78820 1.20922
H 62.23580 23.72720 1.60266
H 71.94660 28.07370 0.52054
H 65.26370 26.77220 0.93127
H 69.54360 30.18430 -0.17603
H 66.68740 29.67370 0.66394
H 59.30250 24.20000 1.45661
H 56.15410 24.68610 0.99657
H 61.54370 26.69510 1.41276
H 55.28820 27.77970 0.76827
H 52.15290 28.13140 0.67674
H 63.48700 29.47660 1.05094
H 50.84610 30.86990 0.99859
H 65.05220 32.02490 1.59401
H 64.11150 35.11180 1.00419
H 62.80640 38.06540 1.08483
H 49.84180 39.25370 0.51003
H 61.39550 40.88220 0.87784
H 51.87010 41.54490 -0.73717
H 60.09980 43.85800 1.02991
H 56.95090 43.99590 0.36310
H 53.84330 44.41470 -0.22047
H 53.16730 25.38410 0.72063
H 51.53030 26.35120 -1.83372
H 72.92910 32.54870 0.84347
H 69.66550 32.41710 2.23176
H 67.54750 32.68790 -0.07279
H 67.93510 35.19510 1.98994
H 66.04610 37.76360 1.40686
H 64.63540 40.61840 1.18429
H 63.16360 43.40670 0.96393
H 49.25940 43.46320 -0.51465
H 73.07710 22.70380 0.97019
H 70.94280 25.07770 0.53219
H 67.85670 24.30130 1.00474
H 68.65170 27.17800 0.27703
H 58.44100 27.17800 0.94720
H 60.26510 29.80570 1.11284
H 57.21500 30.24990 1.05640
H 53.93240 30.68150 0.98308
H 62.10280 32.40140 1.16757
H 58.99160 32.76050 1.08825
H 55.81570 33.16780 1.04346
H 52.54700 33.49340 0.97330
H 60.99320 35.31420 1.12031
H 57.67670 35.75840 0.99208
H 54.49170 36.06200 0.68699
H 51.18110 36.38370 0.72888
H 59.59480 38.21610 0.80909
H 56.39310 38.62870 0.55464
H 53.06780 38.90480 0.41303
H 58.25310 41.14150 0.67854
H 55.05560 41.44160 0.32136
H 50.71900 23.69740 -0.14553
H 71.09290 35.08230 1.82318
H 72.67040 37.90070 1.68120
H 69.40250 37.94340 1.59510
H 71.08350 40.74530 1.69045
H 67.77150 40.73100 1.50435
H 72.74540 43.48040 1.69712
H 69.44410 43.54860 1.59553
H 66.31500 43.49300 1.43865
C 73.70340 27.63030 2.29432
C 63.55050 25.58330 2.23723
C 72.16480 30.17150 1.63929
C 68.78820 29.01720 1.82327
C 65.35190 28.69070 2.49883
C 59.68500 26.16990 2.90067
C 56.49350 26.42190 2.39669
C 53.66940 27.10860 2.42610
C 61.88270 28.74530 2.73488
C 52.34450 29.78670 2.59604
C 63.47070 31.22520 2.87031
C 66.07380 34.14450 2.30452
C 64.35710 36.98830 2.71067
C 62.81750 39.90580 2.67498
C 49.69760 41.52150 0.53941
C 61.20980 42.87170 2.35149
C 57.99570 43.00770 2.31570
C 51.58640 43.91390 0.00311
C 57.38680 46.18750 1.49548
C 53.30240 45.97090 1.88261
C 50.83350 26.00640 0.68225
C 70.99580 30.60460 3.33714
C 67.40860 31.54860 2.12583
C 69.59020 34.14070 3.61730
C 67.75740 36.87620 3.17669
C 66.07180 39.66590 2.93360
C 64.61190 42.51270 2.72068
C 63.14920 44.91210 2.99577
C 49.08010 45.62140 0.42065
C 72.56360 24.66810 2.37628
C 69.82710 23.87240 2.40586
C 66.55680 23.12890 2.67242
C 70.41970 26.98390 1.97574
C 67.35920 26.32790 2.17133
C 58.54710 28.97650 2.64240
C 55.41170 29.42350 2.45986
C 60.36350 31.61290 2.73626
C 57.24570 32.11290 2.63027
C 54.09250 32.52650 2.60491
C 50.76280 32.85170 2.57301
C 62.54000 34.32330 2.70147
C 59.16580 34.62450 2.63166
C 55.81550 35.11800 2.48389
C 52.75130 35.43150 2.36296
C 61.02210 37.23360 2.62069
C 57.75040 37.76440 2.40273
C 54.49980 38.08080 2.10478
C 51.32860 38.41300 2.13567
C 59.60360 40.15180 2.42281
C 56.37680 40.58270 2.17308
C 52.90400 41.12530 1.44493
C 54.95910 43.48610 1.75150
C 54.20250 24.06920 2.41944
C 72.71530 33.64480 3.09986
C 70.99390 36.97630 3.29438
C 72.62550 39.90020 3.28320
C 69.34090 39.78030 3.20147
C 70.97770 42.73340 3.23876
C 67.78020 42.54440 3.13933
C 72.54080 45.32300 3.19671
C 69.48180 45.46890 3.11385
C 66.21470 45.19170 3.20415
C 53.27300 60.14580 -0.51153
C 50.38220 60.95830 -0.27274
C 59.50030 64.27800 0.45385
C 56.24740 63.73690 0.09605
C 49.91910 63.33650 -0.73452
C 60.66440 67.33360 0.49111
C 65.09330 71.06580 0.89915
C 61.54400 70.43570 0.55621
C 67.39700 48.52700 0.61134
C 64.24140 48.28470 0.47927
C 72.56200 50.93360 -0.19410
C 69.72240 52.62080 1.01853
C 73.91160 54.11380 1.80175
C 73.43810 68.07410 0.74756
C 51.65880 47.23860 -0.90139
C 52.38860 50.93920 0.04053
C 51.47410 54.37810 -0.36119
C 51.13700 57.55120 -0.32009
C 60.93940 47.11260 -0.38992
C 64.90450 51.39380 0.86122
C 61.67540 50.34560 0.05776
C 58.42100 49.89140 -0.71647
C 70.46220 55.51700 2.58339
C 67.68250 53.31710 3.55121
C 65.56340 54.28990 1.50531
C 56.00360 52.21330 -0.51707
C 72.60370 58.31720 3.07070
C 53.49260 54.33470 -0.68176
C 57.86320 58.29380 -0.17919
C 54.85470 57.57990 -0.45450
C 62.24380 61.93330 0.68315
C 59.03240 61.28820 0.01299
C 72.16120 66.49370 1.36244
C 62.92580 64.89550 0.84618
C 70.58630 69.68040 1.44286
C 67.00510 68.90180 0.99970
C 63.88370 67.86470 0.87431
C 52.96760 63.16340 -0.08818
C 57.42360 66.63390 0.25114
C 54.28240 66.71720 -0.20207
C 51.07480 66.40550 -0.51997
C 58.46170 69.99660 0.41401
C 55.31480 69.64410 0.19391
C 52.16860 69.33980 -0.14513
C 70.90010 48.24710 -0.11835
C 49.09640 49.25910 -1.02598
C 48.83260 52.52830 -0.58371
C 55.17160 49.33020 -0.61188
C 62.38920 53.56520 0.50980
C 59.08870 52.89490 -0.17357
C 69.38200 57.39130 2.64710
C 66.32470 57.00640 1.78791
C 63.34740 56.46100 0.86982
C 60.04260 55.79150 0.12647
C 56.83400 55.15990 -0.40876
C 70.40160 60.50290 2.17934
C 67.29730 59.86250 1.78176
C 64.20720 59.46240 1.12642
C 61.19540 58.92280 0.35331
C 71.34800 63.64030 1.72681
C 68.11320 62.94060 1.58292
C 65.20410 62.40810 1.24025
C 68.99420 66.11360 1.12196
C 65.97270 65.32850 1.08994
H 72.23270 56.00670 4.32740
H 54.82920 61.70190 0.61873
H 52.10110 61.34140 1.28431
H 49.09290 62.24930 1.36511
H 60.85400 65.53140 2.18436
H 57.63780 64.84080 1.94832
H 61.87980 68.65250 2.21541
H 55.28180 47.22140 0.99354
H 64.47240 46.19320 1.91531
H 69.60620 48.96830 1.99156
H 64.95010 49.30210 2.19785
H 72.22000 52.14370 1.46050
H 50.96350 49.07610 0.77842
H 50.71430 52.59480 1.10522
H 50.33240 55.82570 1.49527
H 49.86380 59.04030 1.29794
H 61.88400 48.40700 1.65031
H 58.84460 48.01190 0.50126
H 65.45700 52.34900 3.15384
H 62.61170 51.58980 1.97743
H 56.53540 50.25170 0.95921
H 69.14090 55.93890 4.79137
H 66.25040 55.34240 3.59306
H 54.10490 52.52480 0.87322
H 70.48660 58.91730 4.35333
H 54.98220 55.58330 0.88840
H 71.56810 62.08360 3.23238
H 55.94540 58.88080 1.52381
H 52.87020 58.18570 0.99958
H 72.38570 65.18200 3.51409
H 60.21370 62.40680 1.90655
H 57.35210 61.75300 1.09127
H 70.36920 67.52770 2.68246
H 64.14160 66.14460 2.56523
H 68.11230 69.91650 2.30398
H 65.07250 69.23290 2.48745
H 54.35290 64.72380 1.29866
H 51.19860 64.46880 0.96738
H 58.70090 68.03830 1.89648
H 55.60190 67.66640 1.65185
H 52.45410 67.37200 1.32572
H 56.73250 70.69760 1.90592
H 53.52110 70.33830 1.68706
H 50.24990 69.81400 1.29233
H 71.10930 46.31390 1.42224
H 67.76900 46.32320 1.56915
H 72.74320 48.96140 1.45429
H 59.55640 50.91290 1.27069
H 63.32970 54.71080 2.50814
H 60.29250 53.93320 1.74487
H 57.25190 53.37780 1.31021
H 67.27430 58.33770 3.61872
H 64.27750 57.69840 2.72513
H 61.16800 57.02970 1.95858
H 58.07540 56.42390 1.39300
H 68.39660 61.36480 3.45068
H 65.28000 60.74960 2.97328
H 62.20960 60.09590 2.29779
H 59.16710 59.41250 1.58439
H 69.36020 64.48200 2.99551
H 66.30850 63.83930 2.93311
H 63.25980 63.21060 2.52143
H 67.15500 66.92060 2.57789
C 53.87370 60.09570 2.33622
C 50.29170 60.83040 2.93165
C 59.29350 64.06020 3.55146
C 55.76930 63.20400 2.43475
C 48.83340 64.57580 1.77086
C 60.26370 67.36730 3.68266
C 64.67820 71.11030 4.02823
C 61.50410 70.47030 3.82269
C 67.12360 48.67200 2.54709
C 63.44610 47.82240 3.51829
C 72.74700 50.85330 3.14232
C 69.80740 51.43240 2.58599
C 73.79500 54.19180 4.00545
C 73.75240 68.33850 4.29935
C 51.98750 47.46460 2.45252
C 52.40620 50.96550 1.87122
C 51.53790 54.09520 2.92977
C 51.22510 57.65750 2.86933
C 60.50750 46.31330 1.41905
C 64.11280 50.99160 3.98711
C 61.03630 49.96100 3.11018
C 58.20910 49.31720 2.56586
C 70.93130 55.86140 6.55205
C 67.61200 54.11330 5.32717
C 64.45080 54.21380 4.67923
C 55.73370 51.93050 2.63269
C 71.61880 57.74570 6.22886
C 53.66410 54.08830 2.55563
C 57.42220 58.29270 3.00312
C 54.39300 57.21030 2.70837
C 61.69750 61.90620 3.85550
C 58.53620 61.19700 3.18304
C 72.02500 67.40280 4.59599
C 62.51230 65.01880 4.00251
C 70.45420 69.90370 3.42606
C 66.72530 68.75310 4.17717
C 63.58600 68.03780 3.97253
C 52.61210 63.36910 2.58655
C 57.16160 66.61160 3.32118
C 53.92490 66.40090 3.02600
C 50.83850 66.18380 2.68918
C 58.36630 69.76940 3.57323
C 55.12500 69.47270 3.32811
C 51.72300 69.14770 2.94502
C 71.03150 48.16300 3.13667
C 49.00270 48.89390 2.40283
C 48.83840 52.11430 2.72732
C 55.28960 48.64340 2.60245
C 61.75290 53.21950 3.61827
C 58.79580 52.46700 3.02258
C 68.47530 57.85090 5.79834
C 65.44800 57.25230 4.85536
C 62.53950 56.47330 3.95718
C 59.53160 55.72310 3.26501
C 56.56000 55.17970 2.85867
C 70.18810 61.04800 5.19728
C 66.89670 60.45760 4.84035
C 63.54790 59.54250 4.23256
C 60.52220 58.84840 3.53050
C 71.06680 64.07230 4.79168
C 67.94280 63.47120 4.71285
C 64.82040 62.67720 4.37890
C 68.90550 66.55800 4.31985
C 65.81660 65.80550 4.26052
C 70.65650 86.42190 0.55084
C 66.82250 85.02640 1.69736
C 65.56600 87.08860 5.03471
C 62.62340 88.75360 3.16206
C 61.82430 91.24760 2.80587
C 58.71880 91.40750 3.57108
C 57.78740 95.22310 2.50592
C 49.31470 75.73360 1.81908
C 51.51570 77.20360 4.01006
C 55.57310 80.22570 1.74850
C 61.99850 84.37320 0.82716
C 49.71170 90.17300 3.85886
C 60.29330 86.83340 3.52904
C 57.64640 88.08620 3.93489
C 52.43140 91.23030 4.38698
C 59.00020 90.38710 5.57808
C 54.94550 93.73140 3.70793
C 66.04820 74.49840 1.74722
C 49.52150 72.10100 0.74837
C 63.79640 76.36110 0.39418
C 54.09210 75.19650 1.16219
C 51.12430 75.00640 1.30576
C 64.88580 78.80850 0.05923
C 61.79850 79.12630 0.79648
C 58.49860 78.77770 1.20297
C 54.54690 78.39650 1.89140
C 67.12660 82.20710 0.11886
C 63.81170 81.75970 0.50120
C 63.56880 84.69400 1.99493
C 73.33610 71.49720 0.61351
C 70.53100 73.09080 0.62699
C 70.18860 76.60890 0.79388
C 68.65560 73.71680 0.34897
C 70.15370 79.89240 0.76908
C 70.48190 83.21370 0.52547
C 70.63050 89.24340 1.09046
C 67.62180 89.40520 2.35651
C 64.94610 90.62770 2.64130
C 69.89190 92.19560 1.18468
C 66.92730 92.87920 2.00528
C 63.94180 93.61220 2.21756
C 60.87940 94.34450 2.34152
C 72.04560 94.55780 0.63869
C 49.49500 79.76250 2.54131
C 52.40550 81.07360 3.17310
C 49.37440 83.08410 2.52820
C 59.55900 81.84550 2.29257
C 55.24680 83.07770 2.73174
C 52.23650 84.44600 3.01655
C 49.78390 86.52360 2.82403
C 58.05620 85.03300 3.33966
C 55.09250 86.16860 3.58309
C 52.41260 88.03370 3.50630
C 55.10070 89.60980 4.15692
C 62.57940 73.30530 0.53469
C 59.47700 72.97000 0.62166
C 56.36810 72.69450 0.56253
C 53.31500 72.40080 0.31309
C 60.43590 76.08460 0.88063
C 57.25730 75.80670 1.00941
C 73.13080 74.60910 0.30052
H 49.83600 94.34820 4.76024
H 68.96400 84.95110 1.84388
H 62.30100 86.96620 5.08288
H 70.55220 87.47300 2.84673
H 67.25080 87.20820 3.26171
H 64.54910 89.11520 4.66144
H 61.41290 90.07320 4.97342
H 60.57490 92.95930 4.06110
H 57.47390 93.58430 4.44979
H 50.92290 79.47780 4.47173
H 54.81340 81.29800 3.88174
H 62.07770 82.48580 2.47357
H 57.25030 83.16890 4.41388
H 59.81260 85.05170 5.20331
H 59.46930 87.87600 5.68137
H 56.84160 89.33440 5.95265
H 54.08090 90.76770 6.13220
H 50.40290 91.65970 5.78409
H 66.04770 72.17740 2.98015
H 63.01570 71.54510 2.14522
H 64.11440 74.51760 1.98963
H 51.59680 72.77530 1.79395
H 65.83080 77.10270 1.75135
H 55.87640 76.25460 2.71520
H 52.76400 75.37930 3.38237
H 66.74580 79.95820 1.46918
H 63.85710 79.81370 2.05962
H 60.66100 79.65640 2.24764
H 57.70920 80.26890 2.96727
H 65.28430 82.83230 1.78233
H 71.71200 71.71070 2.36689
H 69.07000 72.65890 2.63557
H 68.31330 75.44200 2.07933
H 68.70500 78.25180 2.05997
H 72.07510 84.69030 1.65990
H 68.91770 81.78140 1.80424
H 52.98400 93.55140 5.29383
H 69.74210 90.54240 2.99027
H 66.81710 91.37210 3.96515
H 63.69900 92.08630 4.13965
H 71.95060 92.83120 2.33355
H 68.90790 93.64710 2.94953
H 65.81700 94.38340 3.59675
H 62.80230 95.16640 3.67428
H 51.24530 82.96720 4.30217
H 54.17740 84.43480 4.61924
H 51.33020 86.14270 4.75042
H 56.92490 86.19030 5.23292
H 54.09230 87.67560 5.29866
H 51.43530 89.19600 5.30893
H 59.79700 71.10370 2.17368
H 60.97500 74.08740 2.25886
H 57.85960 73.71670 2.29049
H 54.79330 73.15440 2.31103
H 62.30700 77.05950 2.19533
H 59.14520 76.74960 2.49116
H 71.41790 74.86150 2.02544
H 71.55100 78.26300 1.98801
H 71.76140 81.48970 1.72493
C 71.87920 86.24420 3.67558
C 68.64010 86.36430 4.04376
C 66.26150 87.54980 6.73160
C 62.94460 88.97710 6.63120
C 61.99500 91.93930 5.96061
C 55.99120 93.26860 7.64520
C 58.16870 95.17080 5.64331
C 49.66660 76.24950 4.17487
C 52.04520 77.64060 5.96318
C 56.30260 79.71660 4.99179
C 61.17140 83.75320 4.40838
C 49.08800 89.52470 5.98048
C 60.92040 86.40240 7.07040
C 57.56670 87.40380 7.28425
C 51.94370 90.44560 7.34162
C 56.29740 91.78980 5.84766
C 53.91800 92.82640 7.58777
C 66.26670 73.98680 4.78084
C 49.50850 71.70450 2.75482
C 64.14030 76.37200 3.62161
C 54.94740 74.51550 4.38389
C 51.65390 73.44160 4.31078
C 65.58200 78.90700 3.54594
C 62.41040 78.92340 3.81596
C 59.26320 78.61740 4.11139
C 55.67860 77.78040 4.84111
C 67.09560 81.80290 3.38641
C 63.90050 81.72480 3.74302
C 64.33140 85.43050 5.20968
C 73.64220 71.87980 3.89992
C 71.09990 73.44560 4.01148
C 70.25770 76.58390 3.26115
C 68.21620 74.28940 4.33494
C 70.24190 80.10670 3.02607
C 70.50330 83.25070 2.94341
C 71.45050 89.31460 4.25878
C 67.93050 89.51380 4.35423
C 65.34980 91.20970 5.79310
C 70.49450 92.32560 4.30643
C 67.62130 93.45980 5.03318
C 64.17820 94.11390 5.36868
C 61.18400 94.92840 5.52161
C 72.67600 94.64480 3.76522
C 49.19010 79.79830 5.80238
C 52.71000 81.08420 5.13345
C 49.21530 83.00100 5.76029
C 58.97510 81.78960 4.75901
C 55.30480 82.66040 5.97764
C 52.19670 84.27890 6.12572
C 49.32590 86.32690 5.88689
C 57.88650 84.35490 6.59756
C 54.95650 85.77460 6.56599
C 52.14210 87.42010 6.76644
C 54.83240 88.88550 7.39471
C 62.83400 73.40410 3.71169
C 59.66430 72.96650 3.78189
C 56.60460 72.33190 3.78069
C 53.09430 71.90810 3.54064
C 60.95590 75.92870 3.90654
C 57.89390 75.40600 4.08483
C 73.44840 75.08880 3.40366
C 89.41460 2.16589 -2.42591
C 93.65520 5.04828 -3.06770
C 90.27050 4.80241 -0.44169
C 94.91390 7.96595 -3.51070
C 82.99280 0.34849 -1.51882
C 79.64660 0.89102 -1.14307
C 78.79640 4.11371 -0.06098
C 76.08750 5.55027 0.80809
C 74.89750 8.78085 1.56694
C 72.51520 9.05546 -1.59947
C 74.31680 14.35260 -1.05637
C 76.38140 16.42020 0.41635
C 77.31060 19.61840 0.39952
C 86.36350 2.07020 -0.91235
C 83.50970 3.04224 0.44297
C 81.73930 5.22603 -0.90380
C 85.99380 5.31559 -0.98796
C 80.29050 8.13255 -0.86965
C 77.28860 9.14909 -0.56977
C 92.42760 7.68683 -1.50043
C 88.58010 7.40413 -1.08636
C 77.03060 12.30670 -0.71545
C 95.01410 9.73615 -2.10914
C 79.51450 14.34130 -0.87011
C 0.49154 11.67750 -4.09153
C 81.16010 16.97010 0.21349
C -0.05720 14.89680 -2.74796
C 80.16990 20.23520 -1.24479
C 95.18190 18.28090 -2.06062
C 92.42730 18.42800 -0.98666
C 89.31770 19.57210 -1.00253
C 86.23210 21.13390 0.12354
C 0.57346 20.06640 -2.21859
C 95.65130 23.02180 -1.94884
C 0.73417 -0.11903 -3.68889
C 94.64920 -0.36237 -3.45454
C 91.29230 -0.51663 -2.98176
C 87.91060 -0.59336 -2.21913
C 95.90780 2.52414 -3.46044
C 92.73170 2.10672 -3.10137
C -0.09131 5.38125 -3.73144
C 80.57820 95.36540 -1.18536
C 77.28030 96.15350 -0.35585
C 74.14690 -0.33386 0.12859
C 76.40130 1.72323 -0.48353
C 73.54480 2.67321 0.27645
C 73.84170 18.95200 -0.25894
C 75.06580 21.88930 -0.38615
C 83.15720 6.62553 -0.59579
C 85.76080 8.65852 -0.89311
C 82.95890 10.08770 -0.76547
C 79.95610 11.36000 -0.67834
C 90.30490 9.75303 -1.55767
C 88.01430 10.88680 -0.99247
C 85.28450 12.02110 -0.82682
C 82.48770 13.12630 -0.86973
C 92.34900 12.13470 -2.25968
C 90.39630 12.99740 -1.30449
C 87.59860 14.15380 -0.83635
C 84.70480 15.33380 -0.82773
C 93.11990 15.31920 -1.44402
C 90.23790 16.22000 -1.10660
C 87.01120 17.36890 -0.84356
C 84.01600 18.74240 -0.73939
H 89.88280 0.09544 -1.07186
H 91.52420 2.71503 -1.05509
H 88.62900 2.90069 -0.14834
H 95.59990 6.20411 -1.97167
H 92.53140 5.71116 -0.81254
H 85.61910 95.21830 -0.55802
H 84.61650 0.80476 0.31395
H 81.60140 1.45563 0.45076
H 78.41800 2.18031 0.64120
H 78.04640 4.91761 2.33709
H 74.53960 6.44624 2.67270
H 75.90420 13.96440 0.65509
H 77.21630 17.90070 2.14533
H 78.16850 20.95480 2.29803
H 85.75780 3.92309 0.90293
H 82.60620 5.21601 1.38440
H 79.82320 6.35952 0.26823
H 88.14670 5.93210 0.19803
H 76.40510 10.67550 1.08824
H 90.63060 8.08132 0.19149
H 78.77220 12.79080 0.95897
H 0.48744 9.71181 -2.25407
H 92.75230 10.18290 -1.04408
H 78.78660 16.00100 0.32890
H 79.71400 18.98310 0.36939
H 95.12760 15.78290 -1.41717
H 82.70170 19.57600 1.29732
H 80.68950 21.87100 0.77989
H 94.60260 18.29460 0.49802
H 91.64030 19.58270 0.35781
H 88.75770 20.81710 0.69974
H 0.29409 17.87370 -1.06657
H 95.84080 20.55710 -1.13367
H -0.79893 0.61561 -1.92079
H 93.19000 0.21096 -1.59279
H 0.48467 3.52043 -2.03310
H 94.42120 3.20003 -1.62574
H 74.15420 95.18460 1.80317
H 82.57160 95.86530 0.02661
H 79.46620 -0.80276 0.67266
H 76.23810 0.09604 1.37939
H 73.24970 0.90175 2.07573
H 75.41750 3.27795 1.39986
H 74.13560 16.97250 1.19620
H 75.19860 20.18690 1.43555
H 77.09540 7.64240 1.41577
H 85.21950 6.99128 0.72155
H 82.20680 8.33672 0.73136
H 79.23520 9.56795 0.85296
H 87.70610 9.12128 0.56015
H 84.84200 10.25110 0.79853
H 81.84280 11.48780 0.83331
H 90.05980 11.33710 0.33720
H 87.13480 12.36330 0.74298
H 84.19670 13.52230 0.79498
H 81.40160 14.57090 0.88630
H 92.49670 13.30120 0.05065
H 89.58450 14.49320 0.55016
H 86.58070 15.58120 0.84671
H 83.64700 16.64260 0.61536
H 92.04990 16.46170 0.49239
H 89.07320 17.61060 0.54381
H 86.07190 18.70140 0.66644
C 90.15450 1.67416 0.85401
C 94.69710 4.90783 0.13539
C 91.09420 4.84872 1.95566
C 95.34970 7.92116 -0.09677
C 83.42100 0.01376 1.78650
C 80.25850 1.15908 2.13907
C 78.14090 3.11171 3.93168
C 76.81990 6.56247 3.70761
C 74.66530 8.78242 3.56333
C 71.77080 9.31496 3.39223
C 74.34170 12.10460 1.16417
C 75.98600 15.85480 2.29444
C 76.50880 19.40390 3.44648
C 86.76310 1.75923 1.25688
C 83.78520 3.38871 2.40647
C 80.50880 5.14754 2.43069
C 86.72050 5.76464 2.25603
C 80.36910 7.86768 2.22397
C 77.70460 9.63842 2.82573
C 92.15510 6.68323 1.50529
C 89.22820 7.62960 1.81143
C 76.91940 12.63290 2.54523
C 0.03823 8.82615 0.20967
C 79.41700 14.65130 2.38617
C 2.14822 11.01000 -0.92529
C 79.02350 17.49330 2.46630
C -0.39403 13.71410 -1.16462
C 80.48390 20.08730 2.53775
C 95.39150 15.87790 1.12239
C 92.86480 18.11570 2.17943
C 89.71330 19.45750 2.22895
C 86.51310 20.78190 1.97722
C -0.21971 19.34120 0.85688
C 95.46990 22.03170 1.06313
C 1.00877 -0.21597 -0.62947
C 95.05010 -0.72257 -0.29132
C 91.86450 -0.84360 0.13270
C 87.65770 -0.76188 -0.34881
C -0.80728 2.42539 -0.22350
C 93.45330 1.83984 0.25412
C 0.51354 5.54522 -0.50859
C 81.14170 95.34400 1.93546
C 77.99930 -1.13950 2.65482
C 74.85240 -0.43123 3.35798
C 77.15590 1.98555 2.72745
C 74.17780 2.83314 3.49895
C 73.73840 18.67000 2.80776
C 74.68970 22.16530 2.81027
C 83.38590 6.96864 2.41610
C 86.01860 8.65293 2.25468
C 82.94860 9.97463 2.34824
C 79.91640 11.32010 2.40077
C 91.77240 9.86114 1.33264
C 88.42060 10.78030 2.11017
C 85.39440 12.07850 2.35275
C 82.56550 13.08270 2.54114
C 94.11460 11.78560 0.61233
C 90.92970 12.92430 1.94841
C 87.84710 14.16650 2.24938
C 84.72150 15.30070 2.44995
C 93.56610 14.98740 1.62392
C 90.28610 16.21860 2.14293
C 87.37110 17.43580 2.32150
C 84.29670 18.43360 2.44884
C 82.22350 47.65290 1.06709
C 91.32140 45.40040 -1.08704
C 0.95015 47.07260 -2.76065
C 84.94070 24.29990 -0.28013
C 81.58940 23.95240 1.80743
C 90.04020 26.17330 -0.84097
C 86.95130 26.97560 -0.70846
C 80.42430 27.67820 0.22660
C 88.98270 29.13100 -0.62369
C 79.28290 30.88970 -0.07766
C 90.93700 31.72000 -0.83317
C 78.38960 34.05410 -0.09690
C 92.90100 34.05040 -0.98299
C 80.53640 36.70860 -0.17608
C 95.01660 36.57330 -1.20196
C 82.66070 39.00470 -0.23834
C 84.49580 41.41360 -0.16213
C -1.00786 41.90840 -1.47451
C 92.99740 42.54630 -1.05629
C 89.66250 43.24850 -0.45690
C 86.60110 44.04370 0.20182
C 84.19880 44.65670 0.49958
C 95.64060 44.84960 -1.47956
C 78.37480 22.60550 0.40451
C 79.22390 25.41860 0.14212
C 77.23600 28.17850 -0.31361
C 76.06970 31.19490 -1.47683
C 74.70210 34.20450 -2.08115
C 77.31620 37.14080 0.17531
C 79.39740 39.86790 0.05909
C 81.28660 42.54100 0.40977
C 79.62000 45.49600 0.38581
C 83.03860 21.66940 -0.16503
C 88.93480 23.37980 0.60581
C 93.54540 25.60350 -0.70649
C 89.98480 24.05020 -1.16284
C 92.26200 28.69500 -0.89610
C 94.41230 31.11050 -0.94605
C -0.55994 33.76950 -0.91872
C 83.52060 27.33220 -0.14381
C 85.83800 29.82340 -0.50399
C 82.54590 30.25250 -0.14154
C 87.85630 32.20400 -0.58217
C 84.70300 32.83970 -0.49869
C 81.51660 33.15040 -0.31978
C 89.78230 34.55700 -0.70177
C 86.74960 35.40680 -0.45880
C 83.63840 36.08790 -0.36353
C 91.97540 37.08930 -0.91185
C 88.75310 37.70390 -0.49703
C 85.81580 38.46600 -0.23611
C 0.47266 38.86010 -1.21105
C 94.13490 39.50680 -1.16745
C 90.98960 40.13640 -0.74861
C 87.94990 40.65960 -0.36306
C 75.92130 24.74110 -0.61701
C 74.43080 37.15180 0.10867
C 76.13570 39.71680 0.20618
C 77.53940 42.51510 0.01806
C 74.36690 42.48510 0.09277
C 76.03360 45.39800 0.02009
C 0.23176 25.44330 -1.35188
C 95.75740 28.39590 -1.12917
C 0.74830 30.96320 -0.84890
H 84.70530 47.10530 0.88854
H 93.73900 45.99570 -0.50526
H 86.79300 24.86370 0.83467
H 83.63900 25.47510 1.74303
H 88.76410 27.28700 0.99535
H 82.43630 28.59530 1.69651
H 79.00140 29.23900 1.17588
H 90.84400 29.85130 0.81596
H 80.29410 34.69290 1.19780
H 94.81850 34.72280 0.41820
H 82.28030 37.22620 1.42865
H -0.35516 37.13380 0.29580
H 84.33670 39.49690 1.44377
H 96.00750 40.13090 0.25629
H 83.50080 42.55590 1.37334
H 94.99240 43.17710 0.28625
H 91.81610 43.75690 0.70826
H 88.79050 44.33780 1.37012
H 85.80230 44.58100 2.55869
H 79.12580 24.07550 2.30213
H 77.24300 26.23180 0.73189
H 75.01280 28.67000 0.89020
H 75.96820 33.32820 -0.28628
H 77.31360 35.23130 1.81209
H 79.12650 37.79620 1.52758
H 81.17170 40.26390 1.23411
H 79.21730 43.44170 1.51878
H 84.70840 22.47770 1.57789
H 94.18730 23.16600 -0.25180
H 91.84800 26.84290 0.69723
H 94.14420 29.21560 0.60092
H 96.13470 31.83990 0.63972
H 85.56760 27.93240 1.10637
H 87.69080 30.37440 1.08177
H 84.48880 31.01440 1.16618
H 81.24760 31.50240 1.47189
H 78.24270 32.32750 1.89206
H 92.85080 32.22690 0.62343
H 89.69880 32.77500 0.95715
H 86.53300 33.48120 1.10121
H 83.33300 34.05580 1.11498
H 91.63960 35.24320 0.72220
H 88.61910 35.87240 1.04890
H 85.37690 36.54660 1.23659
H 93.75130 37.75860 0.54616
H 90.72980 38.30310 0.84449
H 87.64960 38.90270 1.35091
H 92.92420 40.71730 0.58513
H 89.82820 41.29170 1.10721
H 86.58780 41.81350 1.19902
H 76.23650 23.23460 1.28464
H 74.06890 25.70430 0.69642
H 74.25950 35.10550 1.62929
H 75.83070 37.95840 1.99513
H 77.69340 40.71190 1.74213
H 74.42760 40.66140 1.73704
H 75.97720 43.49770 1.66464
H 0.16405 23.30240 -0.09772
H 95.63930 26.30190 0.25592
H 0.27019 28.96880 0.60102
C 84.56720 46.25870 3.39802
C 92.74030 45.75610 1.81035
C -0.23260 48.35460 0.30115
C 85.50100 24.19840 3.11115
C 81.08330 23.93780 3.69461
C 90.21530 25.75740 2.28025
C 87.07380 26.68710 2.69436
C 80.53880 27.58030 2.28464
C 89.24700 29.05640 2.54310
C 79.70450 30.56470 3.18215
C 91.27510 31.57910 2.43635
C 78.99270 34.01810 3.31100
C 93.26060 34.06910 2.18446
C 80.62330 36.42980 2.95710
C 95.23840 36.54350 2.01991
C 82.47730 39.09210 3.02265
C 84.98180 41.31880 2.96553
C -0.48570 42.02280 1.81565
C 93.49100 42.58790 2.10012
C 90.47100 43.08520 2.66578
C 87.49520 43.75770 3.47363
C 84.14640 42.99370 3.67115
C -0.27883 44.84650 0.25201
C 77.40630 22.66200 3.46762
C 77.85050 25.80120 3.12413
C 76.80350 28.55670 1.43939
C 74.86070 30.95660 0.10190
C 75.86930 33.24110 2.34462
C 77.65330 37.09750 3.44665
C 79.41140 39.81560 2.99809
C 81.23200 42.53100 2.32809
C 79.61770 45.76390 2.24998
C 83.22090 21.63540 2.92610
C 92.57290 21.87190 -0.31202
C 93.57040 25.17020 1.16718
C 90.41910 26.85510 3.90514
C 92.38170 28.43190 2.25399
C 94.32270 30.93800 2.14309
C -1.07050 33.64280 2.26154
C 84.00780 27.05500 2.94643
C 85.96150 29.79520 2.72493
C 82.91130 30.56100 3.06049
C 87.96730 32.31760 2.66584
C 84.76140 32.86990 2.78153
C 81.64940 33.47410 2.87617
C 90.07120 34.49810 2.50815
C 86.93810 35.32580 2.71255
C 83.65710 35.83260 2.87881
C 92.19220 37.03140 2.27779
C 89.25310 37.63240 2.63300
C 85.85980 38.30850 2.91035
C 0.96246 39.03740 0.94830
C 94.46110 39.50340 2.07612
C 91.47330 40.05530 2.41200
C 88.12660 40.83410 2.83165
C 75.83630 25.30960 2.42422
C 74.13210 36.91160 3.44019
C 76.08780 39.99950 3.42562
C 77.98320 42.85000 3.04782
C 74.37030 42.50710 3.26836
C 76.02790 45.41360 3.22821
C -0.05896 24.93590 1.71940
C 95.67350 27.64910 1.96565
C 0.32592 30.73990 2.31465
C 88.46890 46.50710 0.18818
C 85.74650 48.48840 -0.74289
C 82.47680 49.50010 0.90478
C 79.89680 51.14560 1.59659
C 77.12250 52.84940 0.43298
C 93.69800 47.65840 -1.74033
C 76.73650 56.26470 0.83525
C 74.05710 57.41330 4.01053
C 76.36250 59.64260 1.25213
C -0.45763 52.27040 -1.45542
C 93.88930 53.75190 -1.15845
C 90.87270 55.34720 -1.26050
C 87.94390 56.79840 -1.29368
C 76.48910 63.12010 1.20863
C 87.25400 60.24480 -1.35011
C 85.39760 61.49310 -0.65555
C 79.03810 64.38900 0.47622
C 84.48690 64.42560 -1.03219
C 82.05300 66.39390 0.28825
C 85.59800 67.65860 -1.06120
C 77.91750 48.25640 0.25639
C 75.67790 51.40950 0.20903
C 81.45720 69.66330 -0.54487
C 79.24970 67.96150 1.01618
C 76.35490 66.41230 1.80485
C 74.10690 64.24460 3.53775
C -0.25025 55.80140 -0.92713
C 93.47570 56.86890 -1.52629
C 92.78800 59.90880 -1.95824
C 91.39920 62.70940 -2.23090
C 90.49230 65.95430 -3.37243
C 87.50350 64.88830 -1.38132
C 88.81310 68.79750 -3.38707
C 90.46830 71.76020 -2.59639
C 91.12400 48.49020 -0.78328
C 88.45620 50.16810 -0.85793
C 85.55030 51.71320 -0.73475
C 82.37750 52.63370 0.21457
C 79.56580 54.55750 0.25722
C 93.93610 50.62360 -1.19731
C 91.19500 51.81680 -0.99700
C 88.21410 53.49010 -1.12456
C 85.21030 54.91310 -0.83832
C 82.22590 56.15890 -0.29942
C 79.38190 57.98800 0.28378
C 84.76770 58.05680 -1.11031
C 82.00780 59.53290 -0.50416
C 79.16830 61.23950 0.32954
C 81.91570 62.88020 -0.42834
C 74.48370 48.11890 0.08189
C 76.14350 69.69960 0.53838
C 95.74330 59.07500 -1.82228
C 0.78983 61.55240 -2.48967
C 94.69020 62.07810 -2.34218
C -0.30667 64.49580 -2.88604
C 93.58040 65.04240 -2.91367
C 95.44060 67.60720 -3.29359
C 92.27930 68.35990 -3.37499
C 0.39039 70.15970 -3.93445
C 94.23940 70.75120 -3.77256
H 83.38200 48.57580 3.17593
H 90.84850 46.81560 0.79266
H 87.63720 48.71530 0.95449
H 82.31160 51.58060 2.34217
H 79.06040 52.99360 2.09439
H 76.32980 54.59460 2.04400
H 0.93858 46.94150 -0.29949
H 76.16710 57.67460 2.99578
H 95.94020 50.63250 0.41535
H 93.02240 52.15740 0.65586
H 75.99280 60.98210 2.71679
H 92.75220 55.42120 0.32684
H 89.76550 56.78640 0.46850
H 86.96820 58.24370 -0.04555
H 75.99640 64.21960 3.08266
H 88.26170 61.01190 0.94876
H 81.38340 64.38780 1.49793
H 78.70170 65.91210 2.26672
H 86.49380 63.49320 0.10935
H 84.50820 66.03840 0.59135
H 77.43420 46.32420 1.36501
H 75.96730 49.38960 1.86182
H 84.77880 70.04550 -1.02403
H 82.97970 68.66440 1.10979
H 79.97790 70.11940 1.52993
H 77.29990 68.58350 2.43303
H 74.37940 69.90510 2.32121
H 95.57410 53.94800 0.03323
H 95.24660 57.41590 0.10009
H 92.29750 58.43820 0.02925
H 91.39890 61.13140 -0.27547
H 89.68340 63.63010 -0.50791
H 89.26150 66.60050 -1.99181
H 90.86550 69.40560 -2.02774
H 87.57250 69.25070 -1.66273
H 84.81410 50.14530 0.96789
H 93.18790 48.94000 0.45838
H 90.31350 50.31150 0.80089
H 87.53040 51.86110 0.70015
H 84.65270 53.32130 0.96779
H 81.75710 54.66190 1.55329
H 79.01500 56.29840 1.97351
H 90.17780 53.62780 0.37665
H 87.21080 55.09840 0.39758
H 84.38640 56.56220 0.80427
H 81.62600 57.96930 1.32789
H 78.75760 59.51380 2.11976
H 84.22110 59.77150 0.58162
H 81.43140 61.15140 1.30510
H 78.75990 62.71660 2.26005
H 84.01410 62.87170 0.81218
H 74.28560 46.23400 1.67968
H 0.43638 59.93670 -0.65683
H 94.46100 60.60700 -0.35369
H -0.58829 62.96400 -1.01349
H 93.37230 63.57310 -0.89625
H 95.37060 65.93470 -1.35592
H 92.25910 66.55360 -1.61942
H 0.12954 68.59160 -1.96742
H 94.14990 69.10780 -1.83969
H -0.91722 71.60550 -2.52249
C 88.76380 46.73410 2.03567
C 85.88660 48.59630 2.65615
C 83.49790 50.27230 4.19869
C 80.37120 51.17830 3.63796
C 77.17290 52.75460 3.68532
C 94.32450 47.21870 1.66748
C 77.46490 56.03130 3.97901
C 74.61040 58.60440 5.47388
C 77.48320 59.43790 4.31571
C -0.39859 52.54660 1.79459
C 94.00480 54.01230 1.94380
C 90.95380 55.31050 2.02463
C 88.20350 56.86170 1.77763
C 77.40040 62.60200 4.35634
C 89.97230 59.22300 0.52751
C 85.85990 61.44040 1.37865
C 79.90240 64.56990 3.55132
C 85.38480 64.52510 2.06420
C 82.55910 66.46150 2.19905
C 85.44500 68.35370 0.83222
C 77.95070 48.74990 2.17342
C 76.00900 51.03780 3.76229
C 82.17890 70.35280 2.64924
C 79.68800 68.07860 2.87116
C 76.76850 66.52740 3.64520
C 73.74660 61.69590 3.52170
C -0.19477 55.79480 0.96350
C 93.48690 57.22210 1.87571
C 92.96460 60.33970 1.56537
C 91.76920 63.21850 1.00423
C 90.58360 65.93760 0.08956
C 88.67200 62.49470 0.51607
C 89.36300 68.56850 -0.21586
C 90.80120 71.48550 -0.78707
C 91.50280 48.69170 2.26497
C 88.58360 50.49170 2.48430
C 85.85740 51.83770 2.49406
C 83.34410 53.40100 3.08502
C 80.26360 54.75570 3.44119
C 94.05050 50.49710 2.17001
C 91.30320 52.18150 2.11726
C 88.43280 53.72770 2.04497
C 85.72310 55.11460 2.28492
C 82.89900 56.44040 2.83113
C 80.18270 57.92710 3.37881
C 85.62760 58.30390 2.03467
C 82.87170 59.73330 2.63290
C 80.12640 61.06090 3.45112
C 82.55850 62.86960 2.78696
C 74.21120 48.18270 3.22877
C 76.42840 70.25240 3.89602
C 95.89570 59.32600 1.16257
C 0.81301 61.91300 0.73612
C 94.93370 62.64780 0.84131
C -0.20700 64.98770 0.29746
C 93.63740 65.71070 0.27532
C 95.64540 68.08680 -0.16425
C 92.40560 68.56620 -0.25015
C 0.46299 70.77220 -0.68349
C 94.59830 71.23280 -0.60761
C -0.72348 94.31390 -3.79187
C 93.14710 94.27820 -3.62778
C 89.91560 94.10770 -3.18062
C 0.39771 77.99540 -6.01782
C 94.00490 78.17250 -6.66716
C 89.64980 79.81060 -5.51299
C 87.03940 82.84190 -4.52243
C 85.88740 85.97560 -4.79396
C -0.44258 89.33810 -4.01250
C 93.49160 88.92390 -4.35151
C 86.79960 88.92910 -3.60193
C 91.63840 91.52830 -3.71338
C 73.65670 88.15120 0.54843
C 83.48430 88.92580 -3.32181
C 78.90020 90.35150 -0.69896
C 84.60310 91.91890 -2.29800
C 86.52430 94.11020 -2.61272
C 83.45050 94.48920 -1.88215
C 89.45650 75.61240 -2.98913
C 86.54300 71.64840 -1.99470
C 82.76380 69.69790 -2.24224
C 85.57820 74.69270 -3.81372
C 86.63960 78.98970 -4.37223
C 84.09580 80.74700 -3.08220
C 83.52280 83.83570 -3.79909
C 81.35760 85.71500 -2.65762
C 80.51430 88.04190 -1.02856
C 76.40930 86.37620 -0.85666
C 73.28410 84.58430 -0.28783
C -0.84695 73.56780 -4.00909
C 93.00550 72.68540 -4.52204
C 93.69760 76.02100 -6.83265
C 95.86410 81.05280 -6.06427
C 92.61070 80.51460 -5.96751
C 0.15233 83.63580 -5.34713
C 94.00130 83.52110 -5.33363
C 90.75530 83.18490 -5.41918
C 95.51960 86.39480 -4.75810
C 92.06380 86.14290 -4.82129
C 88.91110 86.25140 -4.69717
C 90.16190 88.84110 -4.00935
C 88.34420 91.44920 -3.29124
C 76.03460 90.55450 -0.10135
C 73.01990 91.47050 0.53976
C 81.25420 92.23700 -1.32806
C 78.04920 93.05720 -0.49759
C 75.14770 93.63980 0.09782
C 83.76650 73.60910 -1.85337
C 81.06790 72.84570 -0.98876
C 78.62470 71.34420 -0.08257
C 83.50300 77.13970 -3.11990
C 81.04560 75.73850 -1.62262
C 78.40760 74.41610 -0.58860
C 75.99650 72.86170 0.17225
C 81.04390 79.17000 -2.23246
C 78.54640 77.63390 -1.14135
C 75.88510 76.21470 -0.39933
C 81.20780 82.43450 -2.51819
C 78.57610 80.84110 -1.54663
C 75.82620 79.50160 -0.69223
C 73.05810 78.08430 0.04147
C 78.86160 84.33050 -1.69495
C 76.03180 82.81010 -0.96406
C 73.22740 81.27210 -0.20690
H -0.43677 92.44640 -1.97686
H 93.47290 92.21360 -1.90463
H 91.69090 94.90180 -1.66673
H 88.55090 94.61300 -1.27493
H -0.26979 76.02160 -4.34209
H 95.75310 78.80060 -5.05531
H 92.76730 78.40570 -4.35943
H 89.73870 78.31660 -3.21805
H 88.17690 80.78650 -3.78451
H 85.41470 84.27090 -3.19239
H 87.37440 86.61270 -2.80882
H 95.30290 89.76530 -2.61509
H 91.96680 89.42720 -2.46183
H 88.77340 89.31520 -2.03037
H 85.55790 88.87840 -1.68327
H 90.22730 92.06630 -1.77155
H 79.03490 88.31030 0.94220
H 75.89450 88.96130 1.26322
H 72.76300 89.70090 2.24343
H 82.78000 90.31630 -2.02356
H 81.02390 90.70270 0.54122
H 86.92050 91.90140 -1.31596
H 87.52310 74.02910 -2.16919
H 85.41210 73.00250 -0.20460
H 87.12460 76.65940 -3.39973
H 84.93920 78.71690 -2.62213
H 82.45030 80.81530 -1.17861
H 82.64620 83.98560 -1.43409
H 82.85160 87.14910 -1.58183
H 80.38160 85.73220 -0.34001
H 77.38070 84.41270 0.34863
H 74.79310 86.05310 1.05746
H 92.85100 71.97400 -2.14534
H 1.28217 73.91580 -2.60236
H 94.07160 74.65460 -3.14812
H 90.51430 74.01030 -1.28988
H 94.87970 95.08260 -2.09672
H 0.12761 81.52920 -4.05126
H 94.15440 81.30810 -4.29198
H 91.11100 81.15900 -4.07260
H 95.64080 84.22100 -3.60247
H 92.33200 84.01940 -3.59102
H 89.12420 83.90280 -3.85045
H -0.14413 87.08020 -2.87278
H 93.74350 86.85120 -3.09038
H 90.55860 86.65830 -2.88125
H 77.99870 91.36390 1.19720
H 75.07620 91.97760 1.78819
H 83.36220 92.80740 -0.23058
H 80.25740 93.60100 0.46983
H 77.17860 94.37330 1.36644
H 82.51120 71.65300 0.56093
H 84.89990 75.74310 -1.64062
H 82.46440 74.59250 -0.00717
H 79.72820 73.19110 1.03625
H 77.10910 71.60980 1.87643
H 82.45930 77.60480 -0.88378
H 79.79660 76.23580 0.39427
H 77.03750 74.84390 1.30974
H 74.39180 73.29350 2.01986
H 79.87510 79.41310 -0.04138
H 77.03380 77.94230 0.78388
H 74.24790 76.43990 1.48252
H 79.87720 82.55230 -0.44680
H 77.20350 81.15300 0.51504
H 74.35680 79.71450 1.36341
H 74.56690 82.87770 1.06028
C -0.49542 93.96940 -0.71990
C 93.58420 93.73700 -0.46550
C 90.42380 93.70230 0.05411
C 1.20820 76.29910 -3.45336
C 94.79910 77.13070 -3.39423
C 89.85380 80.80230 -1.99569
C 87.32610 82.72030 -2.57709
C 85.16230 86.36840 -1.79339
C -0.33454 88.53130 -0.84639
C 93.73540 88.32490 -1.10213
C 87.47530 87.76620 -0.56624
C 91.94070 90.91300 -0.41234
C 73.93160 87.88300 2.42201
C 82.43000 88.89490 0.04590
C 79.68970 90.09270 2.52411
C 84.76420 90.84830 -0.50975
C 87.26830 93.43090 0.49390
C 84.39710 94.59660 1.20554
C 89.46570 74.46490 0.88370
C 87.91320 73.29610 0.20808
C 84.96670 71.52640 1.17822
C 87.15500 76.20950 -0.83480
C 87.37880 78.95440 -2.34254
C 84.83330 81.11170 -1.18444
C 84.86010 83.33170 -0.84304
C 82.75900 85.63330 0.38588
C 80.45610 86.98310 1.90859
C 77.11720 86.76570 1.31071
C 74.21090 84.50830 2.90823
C -1.09229 74.07880 -1.68787
C 92.46530 74.46400 -1.73028
C 92.60090 75.89900 -4.93727
C 95.71100 80.01590 -2.92476
C 92.76020 79.96040 -2.64628
C 0.10325 83.01810 -2.10446
C 94.05000 82.78070 -2.34450
C 90.63830 82.79230 -2.26401
C 95.36680 85.70500 -1.64672
C 92.32550 85.53640 -1.56536
C 88.98480 85.16610 -1.67887
C 90.59040 88.06740 -0.88133
C 88.80090 90.89040 -0.08403
C 76.62330 90.36580 2.96427
C 73.54950 91.47190 3.70105
C 82.04420 92.52330 1.81933
C 78.98770 93.13470 2.51611
C 75.68810 93.87390 3.26251
C 84.85220 74.88630 0.67035
C 81.87410 73.39580 2.13022
C 79.38450 71.65330 2.93017
C 84.81310 77.84150 -0.29421
C 82.05490 76.62550 1.32453
C 79.18900 75.07480 2.50930
C 76.48050 73.49780 3.31392
C 82.21560 79.49190 0.71374
C 79.20040 78.02740 1.92178
C 76.24530 76.69440 2.79514
C 82.11630 82.56090 0.53664
C 79.46130 81.19590 1.55377
C 76.57700 79.66560 2.41327
C 73.53710 78.22270 3.21520
C 79.63960 84.25710 1.36943
C 76.75870 82.90320 2.20122
C 73.73890 81.48840 3.02427
