2979
Frame 183
C 12.47580 95.38600 -1.73007
C 13.67060 0.97148 -1.42825
C 11.66500 2.64940 -2.94939
C 10.61600 6.16139 -3.62015
C 7.86601 9.01301 -3.71849
C 4.24910 8.67560 -4.32921
C 2.26463 8.56857 -5.20394
C 23.77530 0.53684 0.22251
C 21.99620 4.15395 0.69924
C 24.88550 6.00150 -0.61515
C 24.37550 11.70790 -0.37129
C 19.50600 1.02685 -1.36745
C 15.79120 -0.91561 0.03867
C 19.06720 4.17100 -1.32710
C 22.57770 8.77004 -0.70537
C 19.50400 7.50339 -1.20452
C 13.74030 4.58255 -1.36845
C 23.24200 13.37630 0.10834
C 14.11610 8.23657 -2.15069
C 22.83590 16.17210 -0.95195
C 11.53600 10.56700 -2.46375
C 22.58590 19.49840 -0.92403
C 12.31970 13.38810 -1.89427
C 9.11181 12.54070 -2.45048
C 22.79310 22.70800 -0.75340
C 14.49630 17.80670 -0.81042
C 10.99010 16.04910 -0.60226
C 14.28570 21.21280 0.08753
C 20.40730 -0.87571 -1.19151
C 5.28661 10.60470 -2.06579
C 6.45477 13.96000 -1.41683
C 3.32198 14.00140 -2.13379
C 7.90105 16.51100 -0.82898
C 1.98830 16.99080 -2.27806
C 9.33506 19.13050 -0.70367
C 10.98900 21.70310 -0.72635
C 9.04493 95.00070 -2.62809
C 10.56680 0.60622 -2.57713
C 7.18844 0.05358 -3.35183
C 3.80344 -0.23443 -3.74019
C 8.59092 2.78667 -3.67290
C 5.15378 2.62880 -4.09318
C 1.84938 2.44869 -4.03019
C 6.85143 5.40103 -4.64736
C 3.39955 5.22576 -4.48462
C 16.41120 2.63498 -1.40548
C 16.73000 6.06468 -1.47523
C 20.38710 11.09790 0.05078
C 17.17320 9.41343 -1.38925
C 20.32200 14.32980 -0.66268
C 17.52630 12.78970 -1.01624
C 14.69830 11.38500 -1.65599
C 20.03860 17.80720 -0.79047
C 17.41480 16.06690 -0.74919
C 14.82620 14.75180 -1.16470
C 19.99000 21.09220 -0.62648
C 17.15320 19.37580 -0.59840
C 4.90906 16.81620 -1.37694
C 6.32949 19.31980 -0.91529
C 3.20264 19.67030 -1.42331
C 7.75308 21.90850 -0.79987
C 4.70581 22.09360 -1.07840
C 1.57393 22.31730 -1.50605
H 13.22740 -0.73371 0.36809
H 11.48540 1.78013 -0.61503
H 10.02780 4.17867 -2.16068
H 8.17942 6.64184 -2.95246
H 1.71035 6.24503 -2.78060
H 3.47434 8.97724 -1.87777
H 22.48010 1.93833 1.94355
H 24.46420 4.19836 1.10047
H 22.81210 6.60649 0.77328
H 24.20350 9.58233 1.14208
H 24.85960 15.29380 0.41828
H 19.91950 2.66738 0.62310
H 17.24800 1.11850 0.02343
H 19.96560 5.66502 0.52149
H 14.41970 2.65329 0.19557
H 14.76690 6.38501 -0.54800
H 21.16810 13.05820 1.42669
H 12.16980 8.39709 -1.14189
H 23.68460 17.89740 0.81908
H 21.06300 16.18410 0.77686
H 9.59149 10.51630 -0.69934
H 23.68860 20.89480 0.78339
H 10.03910 13.70760 -0.82081
H 12.64040 17.72600 0.37064
H 9.39479 17.29970 0.92383
H 21.89890 -0.92661 0.68017
H 1.25518 12.58020 -2.69460
H 6.93495 12.18330 -1.02238
H 3.61559 11.99180 -0.64830
H 7.51203 14.66070 0.88335
H 6.19724 17.48500 0.62727
H 10.85010 19.99740 1.20755
H 7.74616 20.11360 0.88845
H 10.30450 96.08270 -0.88135
H 7.03792 95.77360 -1.41951
H 3.89573 95.38030 -1.93727
H 0.72019 95.00770 -2.26265
H 8.46482 1.31446 -1.69177
H 5.27781 1.01363 -2.20745
H 2.10039 0.71239 -2.30112
H 6.70217 3.86329 -2.63193
H 3.47246 3.56749 -2.57506
H 4.87873 6.39956 -3.20984
H 17.18380 4.31648 0.29779
H 20.52730 8.69385 0.73084
H 17.54990 7.61990 0.31891
H 17.95060 10.81600 0.56487
H 15.06420 9.50160 -0.14697
H 18.21260 14.53570 0.68893
H 15.41110 12.82460 0.25866
H 12.57260 11.43860 -0.38368
H 20.91850 19.36720 0.84563
H 18.23160 17.78940 0.91354
H 15.41270 16.07520 0.81274
H 12.77870 14.56430 0.20820
H 18.15470 20.94920 1.03307
H 15.38680 19.23830 1.12746
H 4.50397 14.83700 -0.16556
H 1.39697 15.06890 -0.94408
H 2.97731 17.64460 -0.10681
H 4.58916 20.24840 0.46042
H 1.38144 20.39040 -0.03816
C 11.53560 95.57510 1.28992
C 12.72380 1.43627 1.51813
C 11.06730 4.02799 0.16129
C 10.43980 6.66032 -1.73014
C 7.87783 8.88996 -1.65523
C 4.07401 7.52697 -0.13161
C 1.39400 8.15419 -3.08128
C 23.50550 0.27059 2.03977
C 23.60150 2.83109 4.06930
C 24.23940 6.00856 2.87207
C 24.43560 11.62010 2.68082
C 18.80440 0.82816 2.10423
C 15.07860 -1.12883 1.99409
C 18.62200 4.26152 2.24729
C 22.31160 8.52817 2.50113
C 19.05010 7.33775 2.26317
C 13.10550 4.62667 0.49522
C 22.70410 12.51620 3.36069
C 13.55430 7.90049 1.04887
C 23.01880 15.76720 2.18830
C 10.99090 9.84680 0.83765
C 22.66070 19.54210 2.56362
C 11.36680 12.84800 1.20844
C 8.60374 12.35900 0.86366
C 23.09350 22.66500 2.37591
C 14.21930 17.49310 2.49823
C 11.25250 15.88250 1.63520
C 13.97130 21.04700 2.00699
C 19.81540 -1.00651 1.87621
C 5.40992 11.64160 1.01378
C 5.44120 13.59710 1.73652
C 2.50462 13.74080 0.82715
C 7.56004 16.27680 2.35738
C 1.00158 16.60150 0.89955
C 9.01132 19.02690 2.70179
C 10.83860 21.61180 2.44563
C 8.50166 95.19570 0.45676
C 9.64251 0.78485 0.45909
C 6.67087 0.46816 -0.20255
C 3.68250 0.07899 -0.56010
C 8.19894 3.55451 -0.64772
C 5.17187 3.08861 -0.88370
C 2.07305 2.69790 -0.80312
C 6.75308 6.04152 -1.33346
C 3.57689 5.68380 -1.12180
C 15.91180 2.67467 1.75782
C 16.05720 6.10744 1.56574
C 20.07760 10.86880 1.91123
C 16.70050 9.47609 1.78225
C 20.03210 14.60840 2.52973
C 17.17390 12.67950 2.05052
C 14.12580 11.09750 1.51341
C 20.11390 17.76620 2.47798
C 17.25530 16.10910 2.42744
C 14.34710 14.23770 2.04397
C 20.08460 20.93020 2.56079
C 17.01680 19.28160 2.55879
C 4.21167 16.50460 1.62543
C 5.91299 19.23480 2.25496
C 2.68139 19.26760 1.63376
C 7.67607 22.03530 2.38758
C 4.35283 21.99670 2.08205
C 1.19666 22.11820 1.62335
C 22.41510 26.06060 -0.95797
C 19.90760 27.80960 -0.05210
C 14.98340 24.68650 0.04763
C 18.53750 29.16320 -0.89965
C 22.70630 29.13060 -0.61466
C 24.05700 31.72060 -1.52269
C 23.23640 35.25870 -1.62795
C 25.55160 45.56520 -2.86931
C 22.05290 44.10680 -1.44290
C 20.89570 31.55720 1.29089
C 18.82370 32.72770 -1.37956
C 14.76830 27.64950 -1.41021
C 19.19660 34.73280 -1.19763
C 12.70960 34.07490 -1.33824
C 20.09890 37.95300 -1.17038
C 10.43010 36.28970 -0.94987
C 21.17760 41.10890 -1.43622
C 18.00910 40.72160 -1.28039
C 8.34391 38.68530 -1.25760
C 4.03373 38.68630 -2.13985
C 16.05810 43.11160 -1.32615
C 2.52505 42.14140 -1.89037
C 13.76150 45.32490 -1.77990
C 4.85453 43.93160 -2.28194
C 2.54580 46.36140 -2.48252
C 13.01870 24.33330 -0.63143
C 11.59190 27.52070 -0.64429
C 12.17500 30.87140 -1.25463
C 9.49712 30.16630 -0.88310
C 9.21644 33.00190 0.47271
C 5.52205 33.19130 -0.51089
C 7.42468 35.79180 1.02217
C 1.21845 35.89690 -0.96377
C 20.02300 24.28790 -0.34662
C 17.29620 22.84480 -0.26206
C 17.56250 25.98450 0.15329
C 15.92210 34.57280 -1.64468
C 16.93040 37.86600 -1.38738
C 13.71940 37.06710 -1.30909
C 14.73130 40.09740 -1.26102
C 11.67160 39.31630 -1.29197
C 12.72330 42.36330 -1.43737
C 9.65692 41.79930 -1.65443
C 6.49740 41.20000 -1.81031
C 10.62060 44.76270 -1.67610
C 7.63713 44.36540 -1.85808
C 5.62688 46.88420 -2.07216
C 9.62050 24.58870 -0.81882
C 6.28845 24.71360 -0.91759
C 3.10854 24.99660 -1.13384
C 7.94235 27.36160 -0.91104
C 4.78140 27.58650 -0.94386
C 1.61614 27.83460 -1.10336
C 6.46947 30.18920 -0.76384
C 3.45204 30.48240 -0.79761
C 2.33085 33.22830 -0.74588
H 0.60519 42.44180 -0.18033
H 23.66160 24.10370 0.28588
H 21.11260 25.81640 1.13202
H 15.56140 22.79140 1.47147
H 18.55480 27.39010 2.09744
H 15.88330 25.92570 2.17526
H 16.30490 28.26840 0.07408
H 23.87380 27.31310 0.53687
H 24.26820 30.52470 0.76104
H 21.40370 29.06450 1.54789
H 23.59190 40.36140 -1.63987
H 24.47180 43.47650 -1.77068
H 22.29160 42.41790 0.44144
H 20.11350 44.78330 0.13995
H 19.34490 33.55960 1.12884
H 16.58630 32.94350 -0.37084
H 13.57800 32.36890 0.33430
H 20.52770 36.39500 0.27393
H 11.20990 34.49880 0.58616
H 21.35720 39.47980 0.48346
H 8.77729 37.23200 0.78954
H 19.28600 41.87550 0.15050
H 6.54172 39.67950 0.33953
H 2.36250 39.86700 -0.76448
H 17.16570 44.22670 -0.09244
H 4.62831 42.18840 -0.56654
H 15.11250 46.70240 -0.31366
H 2.78650 44.47910 -0.93404
H 12.51450 22.57270 0.90900
H 9.36723 22.74710 0.80532
H 11.14210 25.39990 0.56900
H 13.27650 29.31770 -0.06355
H 10.89330 31.30080 0.81824
H 8.04150 30.92950 0.97432
H 6.93054 33.85230 0.93854
H 3.71010 33.99580 1.22929
H 0.58646 34.14720 0.70114
H 2.34580 36.98110 0.57211
H 21.05590 22.54460 1.02771
H 18.37670 24.16000 1.50175
H 23.16300 45.14870 0.53683
H 17.39160 35.91360 0.07339
H 14.27390 35.25210 0.13389
H 18.33150 38.85790 0.34741
H 15.16600 38.25070 0.31679
H 11.99480 37.57690 0.44794
H 16.15370 41.23750 0.33139
H 12.96210 40.66930 0.34978
H 9.82929 40.11380 0.14521
H 14.07940 43.71910 0.09144
H 10.92350 43.06990 0.04905
H 7.83989 42.55630 -0.23897
H 12.00180 46.19160 -0.24864
H 8.89337 45.63920 -0.16484
H 5.84382 45.10550 -0.41616
H 6.14694 22.89730 0.71504
H 3.02018 23.06650 0.32756
H 7.89891 25.53120 0.73809
H 4.67756 25.70470 0.57696
H 1.42322 25.85880 0.35198
H 9.63700 28.27640 0.64102
H 6.39929 28.29730 0.72253
H 3.19495 28.52010 0.62661
H 5.00414 31.19560 0.94259
H 1.84961 31.35550 0.79851
C 23.22580 25.72630 2.31476
C 20.50900 27.21570 3.15148
C 14.51420 24.01190 3.32427
C 16.26990 28.47110 2.70402
C 23.46370 28.84990 2.47163
C 23.13210 32.42660 1.75788
C 22.82430 35.38630 0.35521
C 24.61630 43.14880 0.81572
C 21.62820 44.13910 2.19283
C 20.58950 30.80120 3.15866
C 17.21320 32.81030 2.16984
C 15.42320 30.71510 -0.17275
C 19.94540 35.04480 2.53841
C 13.16540 34.17770 2.06649
C 19.97140 38.11450 2.08040
C 10.70280 36.34020 2.17078
C 20.90000 41.23590 2.16554
C 17.86450 40.62900 1.99637
C 8.50987 38.92990 2.00396
C 4.37109 38.35440 -0.05030
C 15.74820 43.16310 1.81018
C 2.78634 41.43850 0.99986
C 13.69170 45.68620 1.48679
C 4.28594 43.98620 1.05682
C 2.24966 46.21110 0.92949
C 12.62250 24.33470 2.50726
C 11.97360 27.59720 1.21603
C 12.90790 30.61510 2.05602
C 9.71827 29.96520 2.48194
C 10.04360 33.10520 2.19626
C 5.36748 32.85300 2.77428
C 4.08265 35.82380 2.12290
C 0.64675 36.04750 2.24206
C 20.48300 24.11960 2.77342
C 17.42320 22.38410 2.94278
C 17.59770 25.37340 3.59708
C 16.10890 34.43880 1.61946
C 16.93750 37.57990 1.91570
C 13.79880 36.92810 1.88695
C 14.73170 40.06760 1.94683
C 11.45570 39.45270 1.90444
C 12.64160 42.63440 1.77690
C 9.39991 42.03240 1.62354
C 6.16570 41.44110 1.27349
C 10.61980 45.04960 1.46215
C 7.36640 44.42990 1.30395
C 5.40182 46.91940 1.11751
C 9.58090 24.66880 2.31415
C 6.15915 24.78360 2.26588
C 2.93285 24.84580 1.98851
C 8.02868 27.39190 2.30185
C 4.67842 27.46050 2.24744
C 1.42927 27.59870 2.03302
C 6.40955 29.98320 2.49213
C 3.25557 30.24600 2.39151
C 1.83927 33.09890 2.56273
C 20.04380 46.79160 -1.59949
C 16.94150 46.10460 -1.87721
C 14.83270 48.53150 -1.98767
C 16.20410 52.15910 -1.80579
C 13.77960 55.50990 -1.42075
C 16.46270 56.45630 -3.92361
C 19.84780 57.94680 -2.23761
C 21.49470 60.83720 -1.86072
C 23.60750 63.54650 -1.50033
C 18.62500 60.84440 -2.28036
C 16.10340 59.52050 -2.15843
C 13.31860 58.00510 -2.06220
C 10.08430 56.39930 -0.75609
C 21.93090 66.01260 -1.70156
C 19.72170 64.03180 -1.28800
C 10.32830 59.90920 -1.32551
C 22.74270 69.20860 -1.61597
C 10.89510 63.36050 -2.32940
C 11.20070 66.47870 -2.85635
C 8.75872 68.32740 -3.59363
C 13.42590 48.07140 -3.46516
C 6.65778 49.89700 -1.90058
C 3.33602 49.35910 -2.12135
C 10.89240 53.65660 -1.72469
C 7.67399 52.87260 -1.89196
C 4.53999 52.30990 -2.07667
C 1.30748 51.64430 -2.05668
C 6.89786 55.71850 -0.55570
C 8.31891 57.67620 1.34511
C 6.86509 60.21470 -1.88711
C 8.87755 62.78910 -2.20934
C 7.79328 65.59470 -2.79821
C 6.62819 68.60540 -3.40855
C 23.05850 46.91490 -1.24265
C 21.29380 49.54980 -1.34509
C 17.65630 49.52340 -0.79906
C 22.90310 52.33310 -1.48937
C 19.51390 52.21200 -1.54003
C 21.21960 55.04040 -1.85469
C 23.00920 57.84650 -1.75971
C 16.30240 63.29760 -2.50696
C 13.65860 61.30230 -1.62701
C 19.74130 67.72670 -2.02829
C 16.86500 66.30540 -2.34547
C 13.64420 64.95860 -2.53279
C 17.24000 69.42310 -2.67006
C 14.22500 68.02980 -2.94557
C 11.73520 69.59810 -3.54922
C 11.72500 47.96110 -1.91590
C 8.68918 47.43290 -1.80952
C 9.84512 50.56020 -1.76391
C 2.92510 55.16860 -1.10565
C 4.90941 57.98380 -1.61793
C 1.61337 58.26890 -1.88024
C 3.59720 60.85730 -2.16144
C 5.78563 63.35340 -2.44153
C 2.50135 63.91840 -2.65185
C 4.58618 66.31640 -3.05138
C 1.40146 66.92280 -3.09329
C 3.52902 69.23490 -3.56226
H 1.61817 49.82590 -0.25735
H 18.19500 47.23960 -0.02321
H 15.86360 50.85370 0.23748
H 15.11170 53.79490 -0.26248
H 15.68320 57.04630 -1.95020
H 21.24690 58.89900 -0.36417
H 18.12480 58.92560 -0.77021
H 23.02750 61.58370 -0.04332
H 14.20490 56.55260 0.73668
H 11.94570 54.93670 0.07148
H 21.77770 64.24160 -0.04286
H 19.78840 61.77990 -0.34958
H 16.71030 61.48570 -0.88677
H 14.43020 59.33980 -0.38917
H 11.63570 58.07540 -0.32109
H 23.00490 67.30030 -0.01099
H 11.54290 61.89950 -0.65132
H 11.89020 65.13270 -0.81000
H 9.39209 67.00820 -1.61594
H 9.71291 70.13380 -2.28339
H 13.12180 49.27450 -0.21872
H 3.77749 47.47250 -0.62535
H 11.10970 51.83800 0.11113
H 7.99511 51.10360 -0.20122
H 4.77127 50.46430 -0.43563
H 8.91395 54.29600 -0.32217
H 5.83748 53.48670 -0.27385
H 2.78166 52.80650 -0.37983
H 7.10172 55.36060 1.99082
H 6.40208 58.89220 0.29021
H 8.48138 61.26390 -0.37461
H 7.44173 64.19190 -0.78500
H 6.28847 67.07750 -1.55888
H 5.26928 70.19900 -1.99810
H 24.61150 47.78390 0.47894
H 21.35420 47.69620 0.30272
H 22.93340 50.51550 0.20122
H 19.69190 50.43010 0.32357
H 21.23460 53.28230 -0.03166
H 18.05420 53.07200 -0.35087
H 22.77520 56.06250 -0.09259
H 19.55500 55.91750 -0.62812
H 20.03250 66.17250 -0.25654
H 17.43890 64.55250 -0.69032
H 14.50950 63.43420 -0.86233
H 20.57410 69.29710 -0.34183
H 17.64760 67.99400 -0.74456
H 14.80320 66.54350 -1.04772
H 15.13690 69.71580 -1.46179
H 12.24530 68.29940 -1.53551
H 9.98972 48.69410 -0.17525
H 6.88704 48.08520 -0.36711
H 4.64435 56.33210 0.16281
H 1.27825 56.87700 -0.20996
H 3.28462 59.27600 -0.26616
H 5.34563 61.72940 -0.68837
H 2.19157 62.31560 -0.80051
H 4.23718 64.72880 -1.18323
H 1.08026 65.33210 -1.19619
H 3.16219 67.74460 -1.61486
H 2.13463 70.71780 -2.19351
C 19.71870 46.71500 1.90468
C 16.61210 46.17670 1.56357
C 14.72500 48.81130 1.12175
C 16.39350 52.51180 1.53947
C 13.74910 54.27040 1.63904
C 17.03950 55.25840 -0.77439
C 19.47220 57.90140 1.08040
C 21.18290 60.69150 1.35561
C 23.44140 63.44550 1.55030
C 18.09510 60.65810 0.98437
C 16.21850 57.88510 0.40694
C 13.13320 58.59830 1.56325
C 11.95080 56.73650 1.73778
C 21.59720 66.06450 1.56200
C 19.46820 64.01790 0.57232
C 10.40990 60.04480 0.49199
C 22.23520 69.12010 1.47115
C 10.98230 63.50910 0.92060
C 11.07420 66.94410 0.21850
C 8.81023 68.93750 -0.28161
C 13.65700 51.78080 -0.11826
C 6.49380 49.87600 1.23710
C 3.20564 49.21490 1.10857
C 10.41370 53.81980 1.62610
C 7.63517 52.93290 1.37640
C 4.49546 52.14860 1.35393
C 1.36003 51.71780 1.40790
C 5.22383 55.37350 2.48461
C 7.92858 57.40690 3.30616
C 6.62613 60.79470 1.28973
C 8.79973 63.21870 1.04083
C 7.82970 66.03340 0.10867
C 6.77949 69.07300 -0.29585
C 22.89810 47.04700 2.08400
C 21.16360 49.69620 1.78225
C 17.62910 49.36870 1.14806
C 22.68990 52.41780 1.73409
C 19.55140 52.51380 1.59937
C 21.02550 55.21550 1.45919
C 22.66850 57.95370 1.47706
C 16.23410 63.12810 0.86948
C 13.66680 61.51130 0.37108
C 19.22020 67.92030 1.14186
C 16.52090 66.31580 0.68496
C 13.79620 65.10430 0.72292
C 16.60200 69.76860 0.52401
C 13.92630 68.39660 0.24790
C 11.46780 70.33230 -0.49685
C 11.66470 47.99270 1.46872
C 8.48306 47.49500 1.34922
C 9.90193 50.65450 1.43095
C 2.57710 54.99340 0.75634
C 4.39321 58.21570 1.70726
C 1.40842 58.71580 1.32747
C 3.58505 61.32590 0.99992
C 5.54037 63.74920 0.67185
C 2.51028 64.36510 0.53353
C 4.58230 66.76390 0.13649
C 1.41546 67.39270 0.10456
C 3.47594 69.83860 -0.32579
C 9.37766 89.38830 -2.31301
C 10.92770 92.50830 -2.13612
C 7.67003 92.24700 -2.83628
C 4.47404 91.72460 -3.29129
C 1.13693 91.45630 -3.70338
C 4.59263 74.68450 -4.38642
C 9.75224 77.60420 -4.21858
C 6.44797 77.50300 -4.55940
C 3.31534 77.61610 -4.86961
C 13.62500 83.41400 -5.07018
C 10.14300 87.38390 -2.35551
C 6.28858 89.13720 -2.84491
C 3.00305 88.91080 -3.63469
C 22.83090 79.93500 -1.27520
C 19.58150 80.84890 -1.69420
C 16.76300 82.84880 -2.63200
C 13.06990 85.31270 -5.61218
C 13.26280 86.78640 -2.46972
C 12.49390 89.74740 -2.10992
C 14.72980 92.41080 -1.48869
C 17.40800 94.32060 -1.21935
C 23.13450 94.86890 -0.82293
C 23.26870 72.60390 -1.53552
C 23.54330 76.20860 -0.74855
C 20.99460 77.48540 -2.03330
C 8.90790 71.53780 -4.01666
C 15.33790 77.88370 -3.78396
C 12.84960 76.06730 -4.47089
C 8.19809 74.65390 -3.66512
C 15.60480 81.20000 -3.21552
C 5.48710 71.64630 -3.97686
C 2.31992 72.41670 -3.97100
C 5.80363 94.65080 -3.24083
C 2.55029 94.19940 -3.62111
C 7.92990 80.38350 -4.63975
C 4.72956 80.44590 -4.73028
C 1.64546 80.31200 -4.98003
C 9.93122 83.75280 -3.96061
C 6.08582 83.33570 -4.50621
C 2.98821 83.27160 -4.56875
C 7.47831 86.03720 -3.96786
C 4.49002 86.20050 -3.99686
C 1.35208 86.11580 -4.20923
C 22.21650 83.18580 -1.43913
C 19.46400 84.63690 -2.03896
C 16.40830 85.82560 -2.29324
C 21.71880 86.63580 -1.33930
C 18.90490 87.83220 -1.80672
C 15.73790 89.01390 -2.16351
C 24.18770 88.53820 -0.80941
C 21.24060 89.83450 -1.19907
C 18.05930 91.20630 -1.54957
C 23.83840 91.76000 -0.64946
C 20.71210 93.10180 -1.17886
C 20.19670 70.87500 -2.19476
C 20.52130 74.09150 -2.33308
C 17.71950 72.61900 -2.96174
C 14.72160 71.16450 -3.43542
C 18.05980 76.03670 -3.03113
C 15.32460 74.37350 -3.85562
C 11.79410 72.88180 -4.24427
C 18.29360 79.47120 -2.59664
H 10.66090 90.61130 -0.60147
H 7.51623 90.47470 -1.22141
H 11.99970 93.47430 -0.10920
H 5.69457 92.89980 -1.55526
H 2.55100 92.37100 -1.87436
H 6.16194 75.80360 -2.76101
H 3.01713 75.94800 -3.10053
H 7.94652 78.59230 -2.85802
H 9.50836 81.42560 -2.89788
H 12.16980 82.78690 -3.03538
H 8.53802 87.88520 -0.50435
H 4.42695 89.70870 -1.80041
H 1.13163 89.49690 -2.12005
H 22.15160 78.02300 0.07705
H 21.39320 81.38000 0.16988
H 18.42850 82.77690 -0.75520
H 15.52150 84.03150 -0.70617
H 14.11770 85.39990 -3.26990
H 11.88150 87.74280 -0.64767
H 14.12080 90.24710 -0.57493
H 16.64350 92.30620 0.17650
H 14.80810 94.40750 -1.33024
H 19.39930 94.42800 0.11074
H 23.65710 70.58200 -0.03810
H 23.75800 74.04590 0.58391
H 21.20660 75.56660 -0.52136
H 18.64660 77.36170 -1.42413
H 12.99970 74.61560 -2.95398
H 9.98088 73.32940 -2.66059
H 7.19305 72.68510 -2.57792
H 15.88040 79.21870 -1.64493
H 13.00870 77.96050 -2.51478
H 4.14793 73.11630 -2.52715
H 8.87690 93.23510 -0.96029
H 4.77626 78.60950 -3.15175
H 1.43776 78.40250 -3.55862
H 6.26875 81.39600 -3.08241
H 3.04950 81.29530 -3.17403
H 7.73875 84.18220 -2.84737
H 4.48402 84.08430 -2.77355
H 1.30985 84.02880 -2.90878
H 5.94499 86.78170 -2.05374
H 2.80061 86.82210 -2.31291
H 24.31580 80.09700 0.71426
H 23.74580 83.50220 0.51022
H 20.91810 84.69370 -0.04233
H 18.00210 85.95330 -0.48824
H 15.01910 87.13010 -0.74798
H 23.28210 86.68930 0.55858
H 20.35810 88.00700 0.19425
H 17.38400 89.13450 -0.31865
H 22.77430 89.92020 0.69773
H 19.74740 91.22550 0.25364
H 22.30190 93.18680 0.79106
H 20.97090 72.45350 -0.50675
H 18.01820 71.07880 -0.99043
H 18.31280 74.24600 -1.26201
H 15.51840 72.89160 -1.91234
H 12.58530 71.57650 -2.27509
H 15.71230 76.08980 -2.16290
C 8.78873 89.99940 0.81775
C 10.36320 92.63020 0.94439
C 7.06276 92.26030 0.36937
C 4.18505 91.49030 -0.17969
C 1.12191 91.13380 -0.26679
C 4.32793 75.20950 -1.19208
C 9.46569 77.83990 -1.03396
C 6.18603 77.84200 -1.28284
C 2.96200 77.95180 -1.70299
C 11.82180 80.20290 -2.83851
C 9.92914 87.08490 0.96624
C 6.17947 88.62840 -0.45310
C 2.74696 88.47470 -0.49804
C 22.15670 79.70890 1.84139
C 19.18470 80.53150 0.22968
C 16.26290 82.03260 0.46131
C 13.38230 83.50600 -1.53524
C 12.99430 86.35710 0.58552
C 12.20810 89.58000 0.99647
C 14.21790 92.59200 0.42434
C 17.30170 93.83960 1.61993
C 22.65840 94.85660 2.49338
C 22.52310 72.34730 1.52896
C 22.45910 76.04270 1.53286
C 19.88900 77.27780 0.67243
C 8.82830 71.99610 -0.88882
C 14.03210 77.48310 -0.96890
C 10.69130 76.85570 -2.45294
C 8.18170 74.84360 -1.84182
C 14.69570 80.72620 -0.04201
C 5.65697 72.32680 -0.71856
C 2.44541 72.75080 -0.72539
C 5.29179 94.76100 -0.03590
C 2.27303 94.32310 -0.41536
C 8.05573 80.74280 -1.41449
C 4.66513 80.47580 -1.52572
C 1.38910 80.14040 -1.82653
C 10.03350 83.84550 -2.02202
C 6.17278 83.07530 -1.28561
C 2.83402 82.93560 -1.34471
C 7.67628 85.59370 -0.77436
C 4.40738 85.66830 -0.80278
C 1.17980 85.52740 -0.94998
C 21.58870 82.98690 1.71558
C 18.71930 84.10780 1.07167
C 15.97110 85.48460 0.90334
C 21.18390 86.31010 1.80042
C 18.29420 87.50970 1.39166
C 15.31510 88.75560 1.05821
C 23.61450 88.32810 2.38371
C 20.66530 89.65890 2.00269
C 17.74570 90.67700 1.63101
C 23.22860 91.62550 2.42996
C 20.14020 92.89920 2.01843
C 19.51900 71.04450 0.96730
C 19.69490 74.13960 0.77950
C 16.82600 72.91290 0.17724
C 14.12020 71.63100 -0.32714
C 16.97350 76.04090 -0.13415
C 14.23220 74.67540 -0.81999
C 11.49910 73.56270 -1.16411
C 16.95200 78.21020 0.29966
C 38.22860 0.18485 1.86766
C 36.28200 0.00858 0.97227
C 39.31530 2.86944 2.06880
C 48.12790 9.16984 1.63675
C 45.03430 8.72693 1.61983
C 41.88550 8.19879 1.51193
C 42.69420 11.25150 1.10743
C 33.43160 -0.61667 2.21812
C 27.60010 0.33362 0.26861
C 35.55170 2.75420 2.32230
C 37.20670 5.40756 1.54480
C 38.71520 8.15796 1.17316
C 25.89540 8.85007 -0.13986
C 40.58820 10.79000 0.84506
C 39.47040 13.77280 0.03898
C 26.38310 14.30720 -0.65917
C 28.11800 17.03680 -0.62635
C 36.37470 19.76950 -0.52504
C 32.99330 19.78220 -0.43541
C 29.73490 19.77890 -0.49806
C 25.92170 20.46600 -0.22006
C 49.14510 10.97950 1.35269
C 45.87750 12.01370 1.71948
C 42.64130 13.32940 -1.54938
C 42.28520 16.95950 -1.12936
C 39.63750 19.62780 -1.32477
C 39.92740 21.73750 -1.26298
C 47.38900 1.06186 3.22677
C 44.33580 0.62827 3.02334
C 41.32160 0.43183 2.53070
C 48.70010 3.75844 2.80900
C 45.54980 3.45746 2.74515
C 42.47510 3.14177 2.50010
C 46.92690 6.25118 2.26605
C 43.68590 5.80150 2.15332
C 40.49400 5.45554 1.91368
C 30.51790 -0.00313 1.32831
C 32.37490 2.63870 1.47761
C 29.29670 2.93531 0.61907
C 26.23560 2.99983 -0.14135
C 33.87860 5.47620 1.21098
C 30.86730 5.67105 0.68271
C 27.78280 5.81542 0.13685
C 35.63810 8.27343 0.87202
C 32.44370 8.43859 0.62711
C 29.25980 8.61527 0.28407
C 37.36580 10.92960 0.53789
C 34.17940 11.06770 0.32903
C 30.91090 11.16850 0.07741
C 27.73070 11.44360 -0.08307
C 35.83780 13.69320 -0.11331
C 32.65600 13.96490 -0.22818
C 29.62480 14.08900 -0.27454
C 37.79860 16.47310 -0.47066
C 34.47270 16.80030 -0.49675
C 31.32120 16.95600 -0.36417
C 48.79620 13.88190 0.58764
C 45.85780 15.13430 0.09777
C 48.68930 17.02860 -0.33517
C 45.67850 18.44760 -0.95982
C 42.84600 20.37700 -1.52750
C 48.53680 20.08890 -1.22956
C 45.59710 21.68880 -1.69368
H 36.36670 0.71739 3.35119
H 40.61020 3.98588 3.81263
H 37.51860 3.76145 3.39803
H 48.42360 7.65366 3.63230
H 41.87230 6.74059 3.44405
H 46.39450 10.08580 3.10855
H 43.21120 9.71116 2.97459
H 30.15900 95.71470 3.22868
H 27.48980 95.70340 1.60344
H 31.91900 1.09528 3.14892
H 25.64730 1.24615 1.47828
H 33.59290 4.01762 3.24589
H 38.70720 6.61970 3.09951
H 35.44190 6.67299 2.74664
H 40.14580 9.33301 2.78149
H 38.95850 12.17550 2.03295
H 26.12440 12.49760 1.07662
H 40.56900 15.15880 1.23973
H 37.52480 14.77150 1.31347
H 36.26970 17.71450 1.05999
H 26.56090 18.03260 0.43249
H 34.38880 20.75260 0.85131
H 31.32980 20.43160 1.47254
H 28.27840 20.76300 0.79137
H 48.00570 12.75370 2.60381
H 45.03000 14.29920 2.32324
H 43.37800 14.79640 -0.30349
H 41.72400 19.02160 -0.27569
H 39.33110 20.68120 1.03452
H 24.44620 95.65910 1.04157
H 47.39270 -0.62073 4.95173
H 44.33510 -1.03689 4.77211
H 41.28380 95.86740 4.11485
H 38.30540 95.51520 3.16641
H 48.78110 2.27912 4.77798
H 45.62100 1.92348 4.61429
H 42.51360 1.53114 4.34193
H 39.43190 1.13506 3.82828
H 46.98000 4.78698 4.23807
H 43.78020 4.36909 4.07885
H 45.08850 7.21776 3.61205
H 28.71140 1.22158 2.30558
H 30.51040 3.99163 2.48012
H 27.43320 4.02051 1.76230
H 32.22780 6.78322 2.46027
H 29.10010 6.83801 1.98173
H 25.98560 6.89766 1.41796
H 37.08740 9.40440 2.48245
H 33.94820 9.50015 2.21621
H 30.73490 9.59634 1.97596
H 27.51730 9.65823 1.66127
H 35.72860 12.20810 1.84291
H 32.49310 12.30060 1.58715
H 29.36220 12.43410 1.55187
H 34.33880 15.04580 1.25761
H 31.18690 15.17340 1.32057
H 27.94930 15.19910 1.11006
H 33.02380 17.88270 1.19963
H 29.67110 17.92010 1.16589
H 47.68120 15.81000 1.60259
H 44.78820 17.23540 1.13545
H 47.50320 18.90460 0.70959
H 44.71260 20.36420 0.19365
H 41.94330 22.14270 -0.03212
H 47.43810 21.94410 -0.07727
C 37.78820 -0.23229 4.99032
C 34.57660 -0.64491 4.12284
C 38.98250 3.05625 5.29073
C 47.96550 9.88199 4.87578
C 44.83280 9.36397 4.80540
C 41.61460 8.80239 4.65051
C 42.49020 11.80090 4.16515
C 33.11010 0.42134 5.22473
C 26.75170 0.03146 3.26398
C 35.41600 2.74259 4.26938
C 36.93110 5.87414 4.58935
C 38.46220 8.65619 4.39364
C 25.70780 8.71429 3.08732
C 40.36290 11.45320 3.97772
C 39.05450 14.38000 3.22575
C 26.07580 14.45210 2.53393
C 27.75890 17.15990 2.59697
C 36.89750 20.20450 1.43470
C 33.27480 19.69050 2.91752
C 29.39600 19.67650 2.89231
C 25.92300 20.27550 1.60597
C 48.85010 11.74180 4.60616
C 45.77360 12.35210 3.60199
C 42.73720 14.24390 2.26121
C 42.36460 16.87500 0.84924
C 40.92320 19.32130 2.10527
C 40.26410 22.56380 1.79278
C 47.20540 1.33243 6.34167
C 44.01240 0.94945 6.15393
C 40.85060 0.42367 5.66342
C 48.58140 4.40188 6.00605
C 45.38970 3.98002 5.86318
C 42.13570 3.52881 5.64872
C 46.77280 6.94798 5.39380
C 43.47780 6.43809 5.27002
C 40.12450 6.05032 4.98940
C 29.81100 0.54061 4.40392
C 31.71550 3.19441 4.53417
C 28.57310 3.19148 3.77124
C 25.47070 3.00601 3.05948
C 33.62090 5.84889 4.34947
C 30.40190 6.00950 3.90835
C 27.26930 5.96812 3.30117
C 35.36600 8.77611 4.10646
C 32.18480 8.83536 3.80763
C 28.96740 8.80239 3.48617
C 37.20060 11.54270 3.70485
C 33.96360 11.58600 3.46296
C 30.86700 11.61060 3.34320
C 27.48090 11.69110 2.97997
C 35.91300 14.35290 3.04849
C 32.78290 14.35790 2.99309
C 29.48870 14.48170 2.91220
C 38.72890 16.93040 1.27900
C 34.86820 17.06230 2.72968
C 31.34730 17.13920 2.79230
C 48.65260 14.83380 3.66424
C 45.72840 15.95760 3.22494
C 48.42370 17.87440 2.76599
C 45.49040 19.04720 2.26577
C 42.61490 20.43550 1.52877
C 48.36220 20.87770 1.93918
C 45.53910 22.22450 1.46886
C 48.91100 29.63410 -0.45986
C 47.28700 32.42810 -0.59053
C 49.02680 35.13950 -0.92651
C 47.73090 37.79160 -1.38838
C 37.15640 23.25640 -1.60847
C 39.66060 25.72650 -1.31231
C 42.39960 27.12360 -1.97375
C 48.44730 26.66320 -2.25411
C 45.57960 28.70860 -2.39092
C 36.47770 25.28070 -1.77589
C 33.43070 23.47030 -1.24988
C 29.47280 23.02370 0.43911
C 40.07020 29.66930 -2.00250
C 37.10610 28.39460 -1.73838
C 27.87610 25.19460 -1.40687
C 43.78760 33.01380 -1.13816
C 40.69820 32.86360 -1.81216
C 25.32040 27.44030 -1.42353
C 41.58370 36.31340 -1.10523
C 38.87030 37.91260 -1.49303
C 36.82440 40.41130 -1.16250
C 34.25840 42.04180 -1.58740
C 30.92880 41.08470 -1.53513
C 27.45900 39.91780 -2.97598
C 24.08810 38.74180 -2.93834
C 24.44510 42.14320 -3.52147
C 31.29790 44.25000 -1.17861
C 28.03100 43.90410 -1.29754
C 32.43530 47.00110 -1.09985
C 45.52960 35.48460 -0.54785
C 44.33470 38.63680 -1.73864
C 41.18970 39.98680 -1.67968
C 46.52990 40.61470 -2.18078
C 40.65170 43.17590 -1.54777
C 37.61800 44.61850 -1.97824
C 34.81340 45.38920 -0.74608
C 46.21700 44.03590 -2.37603
C 42.72450 23.53210 -1.86485
C 48.38160 23.21570 -1.96698
C 45.55350 24.84600 -2.42843
C 33.95230 27.20340 -1.72412
C 30.89060 26.19820 -1.57632
C 37.70690 31.56390 -1.81945
C 34.57000 30.36860 -1.78153
C 31.42440 29.27650 -1.59262
C 28.45280 28.19890 -1.36020
C 38.29420 34.63490 -1.77666
C 35.20220 33.65220 -1.82216
C 32.17240 32.43110 -1.80512
C 28.94530 31.24820 -1.61885
C 25.75200 30.40530 -1.22566
C 35.90120 36.85410 -1.71686
C 32.73960 35.71160 -1.79808
C 29.71550 34.55690 -1.88625
C 26.70770 33.44530 -1.70568
C 33.42400 38.97460 -1.66233
C 30.40680 37.70100 -1.87086
C 26.63410 36.71550 -1.62152
C 29.32780 46.83900 -1.06233
C 43.46400 41.87790 -1.98565
C 43.29300 45.22890 -1.76492
C 40.36440 46.25020 -1.34192
H 47.42590 30.70560 1.30305
H 49.01100 33.50090 0.93756
H 47.54270 36.35200 0.65589
H 39.03260 23.72410 -0.09215
H 41.89730 25.27620 -0.42299
H 40.57670 27.82460 -0.51539
H 47.29690 28.17990 -0.61752
H 44.36500 29.45950 -0.18552
H 37.71720 26.67950 -0.15004
H 34.62980 25.48820 -0.09063
H 31.55820 24.38110 0.05857
H 41.40610 30.88540 -0.14600
H 38.36850 29.86020 -0.17743
H 29.27270 26.52700 0.29482
H 26.28530 25.42250 0.01397
H 41.89120 34.01080 -0.32659
H 39.37520 35.98770 -0.09445
H 40.76890 38.30810 0.03997
H 24.61920 33.61890 -0.06833
H 37.50760 41.11410 1.24916
H 31.51880 39.09420 -0.10520
H 28.55600 37.94160 -0.79961
H 24.28830 37.32950 -0.69536
H 35.38180 43.23110 0.34435
H 32.31590 42.28030 -0.08138
H 27.93630 42.24810 -0.24296
H 32.76300 45.19260 0.55880
H 29.53980 44.93320 0.49345
H 45.69190 33.29160 0.62985
H 43.67010 36.99830 0.02684
H 46.09500 39.11520 -0.16440
H 43.14900 40.14280 -0.23842
H 40.32680 41.43860 0.35670
H 38.09820 42.69210 -1.21688
H 45.50490 42.16570 -1.14983
H 44.72090 23.58090 -0.44352
H 47.40570 25.05730 -0.74546
H 44.71850 26.53040 -1.45716
H 35.23010 28.68720 -0.14616
H 32.19810 27.58940 0.04511
H 38.81430 32.91970 -0.11148
H 35.82910 31.85400 -0.25036
H 32.74780 30.76170 -0.11810
H 29.72750 29.68730 0.12673
H 26.74630 28.63800 0.25475
H 36.41930 35.01990 -0.19842
H 33.34540 33.92060 -0.18491
H 30.28690 32.80480 -0.25769
H 27.25860 31.74530 0.08196
H 36.99960 38.23740 0.03061
H 33.96610 37.07580 -0.18505
H 30.89080 35.89890 -0.16398
H 27.74530 34.84490 -0.40982
H 34.67440 40.19960 0.01076
H 26.34620 44.87400 0.44080
H 42.68480 43.43110 -0.19762
H 39.91550 44.55490 0.43739
H 37.01240 45.81650 0.19078
H 45.33600 45.53400 -0.41905
H 42.36260 46.64410 0.02865
C 48.84280 29.94280 2.57710
C 47.01980 32.93530 2.41452
C 49.19700 35.56220 2.28061
C 47.48790 38.22280 1.73126
C 37.41140 23.58980 1.64568
C 39.86540 25.87810 0.79168
C 42.91230 27.46420 0.09431
C 47.29020 26.80110 1.08171
C 45.83260 29.69050 0.86420
C 36.53490 25.45660 1.60425
C 33.87770 23.25090 0.65866
C 31.12830 22.59000 1.99705
C 40.36820 29.49320 1.32254
C 37.14410 28.41970 1.43242
C 28.30680 24.73170 1.65594
C 43.67900 31.82240 0.52262
C 40.71400 32.76340 1.51344
C 25.86910 27.14690 2.00786
C 41.57060 36.16630 0.91089
C 38.83200 37.78440 1.49170
C 36.24090 39.83390 1.92314
C 33.96750 41.79950 1.75050
C 30.11820 41.06100 0.23444
C 27.97790 39.86650 -1.19335
C 23.11820 38.60480 0.27533
C 25.51280 41.46900 -0.40303
C 31.29010 43.66100 1.76045
C 27.99640 43.61660 1.97766
C 32.51650 47.01650 2.20187
C 45.27370 35.64480 1.37312
C 44.23400 38.69860 1.44780
C 41.79180 39.69230 1.72978
C 46.33060 41.19090 0.99218
C 41.42620 43.21990 1.92653
C 37.71580 43.68090 1.13239
C 34.99590 45.35140 1.55160
C 47.01740 44.10710 -0.53618
C 42.97870 23.92950 1.27027
C 48.28040 23.88420 1.17290
C 45.53170 25.63970 0.68402
C 34.10740 27.27230 1.59152
C 31.27640 25.94650 1.73285
C 37.60490 31.49240 1.48154
C 34.63330 30.47240 1.44025
C 31.63710 29.34380 1.63426
C 28.64150 28.26530 1.80666
C 38.13310 34.66420 1.50111
C 35.18220 33.59810 1.40133
C 32.08600 32.54060 1.42329
C 29.17720 31.56560 1.59489
C 26.38130 30.43890 1.93578
C 35.71870 36.67780 1.48067
C 32.71780 35.69660 1.47072
C 29.45940 34.53390 1.31630
C 26.41670 33.67650 1.43994
C 33.09430 38.83180 1.40794
C 29.89410 37.72230 1.20714
C 26.55490 36.90570 0.30070
C 29.35540 46.77970 2.14613
C 44.23990 41.88740 0.94734
C 43.70320 45.06600 1.37464
C 40.79070 46.39590 1.88529
H 36.89170 59.76880 0.34176
H 34.32970 58.17840 -0.04864
H 40.01730 63.07880 0.44890
H 37.00770 62.55420 0.23874
H 44.09950 67.61700 0.18685
H 40.63920 66.24500 0.27379
H 28.83090 61.92170 0.42824
H 44.25960 70.77370 0.40168
H 24.99470 64.66200 -0.05122
H 26.00680 68.20740 -0.03501
H 27.43620 71.02550 0.53907
H 34.15790 61.23970 0.19537
H 37.66370 65.39190 0.16067
H 34.56450 64.43410 0.12697
H 31.58010 63.22740 0.19482
H 41.41010 69.39770 -0.10815
H 38.34220 68.46550 -0.08036
H 35.21540 67.45230 0.12112
H 32.07050 66.43420 0.18481
H 29.06820 65.12850 -0.24568
H 35.83190 70.59800 0.22084
H 32.78880 69.53900 0.24565
H 29.76400 68.78500 0.27452
C 47.46640 65.14830 -2.77764
C 48.66810 68.77970 -0.57744
C 34.59100 49.66190 -0.28443
C 35.60650 53.11530 -2.11765
C 33.43300 55.81660 0.46532
C 30.94460 55.04480 -0.94076
C 29.88940 58.21200 -0.49688
C 27.64060 60.63590 -1.38228
C 24.65120 60.62660 -1.58079
C 36.60700 57.95770 -1.23162
C 38.85000 61.02750 -0.19870
C 35.91620 61.08860 -1.41704
C 33.06740 59.81430 -1.46622
C 42.85940 65.73270 -0.91228
C 39.47420 64.77180 -1.35303
C 30.54640 61.65150 -1.39965
C 43.42150 69.49050 -1.52358
C 27.16130 64.08120 -1.36005
C 25.02060 66.86300 -1.50129
C 25.81930 70.29110 -1.40202
C 37.51840 47.79050 -1.14409
C 37.33990 51.00370 -0.79623
C 37.06670 54.45470 -1.68794
C 39.62510 56.19910 -1.39045
C 41.81710 58.39640 -1.14687
C 47.67210 58.70290 -0.96887
C 41.96500 61.92110 -0.81294
C 46.94180 61.86140 -0.76933
C 45.21250 63.04580 -0.57406
C 26.12820 46.70770 -1.22267
C 30.92630 49.63000 -1.08359
C 27.71350 49.54220 -1.12196
C 24.64370 49.49100 -1.25070
C 32.51320 52.22650 -1.34785
C 29.18630 52.25680 -1.22483
C 26.06210 52.29070 -1.28210
C 27.90190 55.18570 -1.14853
C 24.58110 55.05550 -1.45169
C 26.24350 57.86030 -1.44210
C 36.37380 64.16110 -1.49389
C 33.40880 62.92040 -1.38634
C 40.18220 67.87070 -1.59541
C 37.02330 67.02550 -1.51882
C 33.83880 66.13390 -1.46440
C 30.85410 64.93590 -1.50806
C 37.51590 70.18870 -1.56095
C 34.59560 69.25490 -1.40443
C 31.50440 68.25010 -1.42347
C 28.18440 67.34040 -0.96304
C 32.24180 71.40990 -1.23097
C 29.22640 70.64260 -1.31573
C 45.96840 47.43420 -1.91110
C 43.09490 48.41160 -1.53483
C 40.18710 49.41310 -1.36534
C 45.90650 50.43350 -1.52082
C 42.84450 51.62330 -1.43617
C 39.89480 52.85130 -1.43081
C 45.67170 53.58820 -1.36481
C 42.45190 54.95270 -1.34086
C 48.09700 55.56230 -1.21985
C 45.08280 56.76410 -1.27218
C 44.56270 59.90770 -0.88497
H 47.26060 64.44410 -0.79710
H 48.83400 66.74750 0.97276
H 46.90380 69.13140 0.70793
H 34.21600 47.40840 0.49798
H 32.48530 50.53840 0.59586
H 34.01450 53.43240 -0.10296
H 32.01710 57.39640 1.89657
H 31.32280 60.00430 0.25896
H 27.67240 58.87830 0.30873
H 26.02330 61.52330 0.27231
H 36.75330 49.07560 0.79490
H 47.83810 47.58100 -0.27299
H 39.19980 51.09860 0.12921
H 38.84430 54.39100 0.13759
H 35.98340 55.82700 0.03819
H 38.53870 57.60380 0.41423
H 41.04230 59.90650 0.28097
H 46.47680 60.00730 0.69150
H 43.85860 61.60680 0.85749
H 30.91500 47.81640 0.57347
H 27.70360 47.73110 0.55708
H 29.24890 50.50610 0.46830
H 26.09190 50.52910 0.41731
H 30.81940 53.24480 0.25833
H 27.59800 53.28830 0.34904
H 24.41880 53.27430 0.20705
H 29.23040 56.10310 0.69553
H 26.03670 56.03820 0.23729
H 24.48180 58.77080 0.00245
H 39.48460 47.79830 0.36283
H 44.99160 48.72420 0.00913
H 42.04830 49.91080 0.17910
H 47.74840 50.68120 0.05966
H 44.74360 51.87540 0.15938
H 41.78880 53.15230 0.14901
H 47.40730 53.76960 0.34666
H 44.36570 55.00800 0.22445
H 41.39060 56.36750 0.35450
H 46.88090 56.90090 0.49075
H 43.85370 58.18610 0.35607
C 46.43270 66.61660 0.30348
C 48.33400 68.43500 2.73727
C 34.52010 49.53500 1.62593
C 35.79580 52.69850 1.58543
C 32.14560 57.20030 4.02823
C 30.85690 54.97410 2.05495
C 29.80860 58.40000 1.42211
C 27.45520 60.59870 2.06432
C 24.36840 60.50320 1.72294
C 36.30540 57.82270 1.60309
C 39.00890 59.82700 1.51997
C 35.87970 61.21960 1.94123
C 33.28530 59.61230 1.76221
C 42.86010 65.39890 0.94916
C 39.37630 64.61930 1.77733
C 30.80680 61.67850 1.96251
C 43.22390 68.82350 1.58860
C 27.16040 63.67320 0.56585
C 24.81430 66.59430 1.57123
C 25.39680 69.93580 1.72846
C 37.73530 47.19870 2.03317
C 38.06990 50.43490 2.24561
C 36.95630 54.32300 1.77756
C 39.55670 55.95430 1.98210
C 41.86790 58.27190 1.89103
C 47.62530 58.50060 2.22758
C 41.70340 62.22720 1.17168
C 46.82550 61.65380 2.49802
C 45.10750 62.89350 2.57560
C 26.11670 46.72450 2.14047
C 30.77910 49.63040 2.18963
C 27.66540 49.62930 2.08190
C 24.41590 49.70580 1.97951
C 32.49130 52.32040 1.85376
C 29.22250 52.43740 1.95707
C 25.92030 52.43620 1.94772
C 27.55480 55.17620 2.00475
C 24.26740 55.22100 1.71612
C 25.95600 57.91780 1.79816
C 36.29420 64.28530 1.82787
C 33.43600 62.94110 1.72235
C 40.18020 68.01630 1.58918
C 37.11430 67.21670 1.63357
C 33.89800 66.15040 1.74758
C 30.61420 64.99520 1.66719
C 37.77550 70.18240 1.60454
C 34.66880 69.17560 1.79122
C 31.26400 68.23460 1.78265
C 28.06700 67.12600 0.92509
C 32.26520 71.21880 1.97531
C 28.96810 70.48490 2.00639
C 46.06830 47.00250 1.45286
C 43.17940 48.34860 1.65532
C 40.13380 49.53760 1.81294
C 45.88690 50.31940 1.70255
C 42.80620 51.65500 1.77441
C 39.91840 52.87400 1.71533
C 45.49140 53.54510 1.85163
C 42.52020 54.77580 1.83318
C 48.05340 55.38940 2.06989
C 44.90710 56.63230 1.96296
C 44.58700 59.69710 2.21729
H 41.81980 72.61430 -0.53740
H 39.48250 74.72080 -0.02775
H 37.22190 76.87590 1.28594
H 25.86230 72.88510 -1.42607
H 34.57710 78.84940 1.97433
H 31.74390 77.98910 0.80594
H 28.93090 77.12370 -0.23364
H 26.02140 76.02510 -0.86211
H 38.92210 71.52730 -0.03706
H 36.53440 73.72040 0.40021
H 33.49700 72.71510 0.41327
H 30.44550 71.84540 0.45637
H 34.21770 75.91890 0.76190
H 31.17350 74.89600 0.49951
H 28.17040 74.23920 0.25081
C 43.71300 88.99420 2.59890
C 37.14720 89.28250 1.17793
C 48.10530 92.95280 3.58962
C 45.13260 91.72600 4.39695
C 42.37890 92.02590 2.57894
C 39.36070 91.91130 1.31005
C 35.45510 91.94280 0.63722
C 34.20920 93.69710 0.80872
C 45.96810 74.49810 1.41559
C 42.90110 75.64870 2.88977
C 40.88150 77.84010 1.34464
C 38.70190 79.96640 0.13059
C 38.74680 83.23960 0.56071
C 38.69130 86.41530 1.18561
C 40.55720 88.41960 3.19271
C 46.69560 87.83060 2.80773
C 46.39230 71.20680 -0.75140
C 29.73740 95.47220 0.76266
C 25.62550 78.48030 -0.57541
C 30.06530 79.35870 -0.39525
C 27.86970 80.45420 -0.32681
C 35.38660 82.86370 1.84463
C 32.94610 84.69820 0.77352
C 35.60260 86.23300 1.16982
C 32.58010 87.93950 0.75844
C 32.20680 91.32110 1.90529
C 29.31970 92.39060 0.93578
C 43.66230 72.36740 -1.50891
C 41.09400 74.47850 -1.93749
C 38.32890 76.45770 -1.08301
C 25.85510 74.46610 -2.95823
C 36.75800 79.18500 0.45167
C 31.20770 76.66600 -1.22572
C 28.19340 75.50530 -1.99781
C 46.14680 95.34500 3.37044
C 43.25880 94.98620 2.97996
C 40.36160 94.85480 2.05772
C 37.53820 94.59280 1.01353
C 46.33110 78.05000 1.93942
C 43.70860 79.68530 1.82278
C 41.30620 81.43340 1.26516
C 46.47710 81.31150 2.32738
C 43.85070 83.01690 2.12370
C 41.27320 84.75930 1.68774
C 46.53520 84.62030 2.60650
C 43.81450 86.32050 2.49909
C 25.12430 81.88620 -0.77505
C 30.48050 82.72530 0.11751
C 27.50120 83.97290 -0.24340
C 24.76660 85.30420 -0.83178
C 29.99790 85.98470 0.30156
C 27.17960 87.19100 -0.19032
C 29.62920 89.12450 0.42863
C 26.83370 90.36790 -0.23982
C 26.19290 94.09790 0.37871
C 40.54020 70.98730 -1.81395
C 38.06890 73.28740 -1.50218
C 35.28250 72.43590 -1.27237
C 36.20490 75.83360 -0.75806
C 33.13340 74.75010 -0.97439
C 30.09750 73.58880 -1.26657
C 33.90150 78.05490 -0.42994
H 41.91210 90.34450 3.87892
H 38.68460 90.05530 3.03416
H 46.33470 93.71820 5.11815
H 37.15950 92.76360 2.22284
H 33.27160 93.27060 3.19387
H 35.39830 95.38330 2.06192
H 45.34950 76.41890 3.10147
H 42.46370 78.11700 3.34027
H 39.89200 79.80240 2.29008
H 37.26160 81.46470 1.62225
H 47.96360 78.04360 4.02084
H 37.23740 84.57150 1.94294
H 37.05740 87.37860 2.75087
H 39.90430 86.04920 3.25962
H 45.10000 89.26310 4.24462
H 47.39940 90.98370 4.94828
H 46.92090 72.21680 1.54765
H 24.75820 77.00120 1.29870
H 27.16860 78.82880 1.45394
H 29.54170 80.96060 1.48048
H 31.94150 82.91460 2.17906
H 34.32940 84.84530 2.88837
H 34.13800 87.97310 2.38470
H 31.07810 89.26170 2.38719
H 28.08200 90.37900 1.86143
H 25.28810 91.85610 0.99986
H 30.18780 92.45890 3.07433
H 43.13640 93.21450 4.73403
H 40.15260 92.90610 3.45946
H 45.33720 79.64850 3.68360
H 42.64710 81.29550 3.38340
H 39.96160 82.95000 2.71828
H 48.22800 81.28350 4.09647
H 45.45960 82.86670 3.99353
H 42.67840 84.49290 3.71630
H 48.27490 84.45180 4.36903
H 45.45300 86.10530 4.23491
H 42.57330 87.51070 4.23965
H 48.11210 87.83020 4.46396
H 26.67360 82.08390 1.14220
H 29.09090 84.11690 1.62998
H 26.15100 85.44600 1.21274
H 31.55470 86.13390 2.21020
H 28.61530 87.32150 1.79320
H 25.69110 88.64150 1.12858
C 43.09350 89.31210 5.82253
C 36.08890 89.57770 2.86939
C 48.07020 92.73270 6.54848
C 44.65940 92.29550 6.26941
C 41.14230 92.04630 5.55768
C 38.15460 91.69680 4.41029
C 34.93260 92.93130 4.92609
C 31.70790 94.44180 3.72784
C 46.63170 74.24040 3.21726
C 43.29210 76.13980 4.68745
C 40.47110 78.42000 4.39626
C 37.65480 79.92630 3.51072
C 37.80460 82.94120 3.71154
C 37.73100 85.45030 4.15627
C 40.27510 87.67760 5.01388
C 46.11840 87.74290 5.97712
C 45.72020 70.67350 2.49129
C 28.53130 94.42610 3.53821
C 25.02940 78.93620 2.83034
C 31.27140 79.77550 2.53134
C 27.56530 80.75440 3.03221
C 33.11470 80.86810 2.65009
C 32.58310 84.64000 3.98581
C 35.30270 86.62320 4.33440
C 32.15960 87.70860 4.03318
C 32.11330 91.06490 3.82189
C 28.58940 91.08470 4.23802
C 42.95290 72.23420 1.65736
C 41.88140 75.08470 -0.25728
C 39.51860 76.28780 1.94091
C 26.10870 73.12290 1.19615
C 36.60270 78.17520 3.42485
C 30.19380 76.64330 1.93010
C 27.16420 76.28080 1.35829
C 45.86330 95.63290 6.54419
C 42.60160 95.19490 6.09798
C 39.44800 94.58200 5.08208
C 36.34010 94.27740 4.00087
C 46.15920 77.82550 5.24555
C 43.35990 79.69970 5.13005
C 40.41520 81.10290 4.33627
C 46.21560 81.08970 5.49680
C 43.40700 82.72250 5.29697
C 40.50460 84.16630 4.77353
C 46.22040 84.35120 5.79150
C 43.46020 85.74440 5.64508
C 24.47170 82.00440 2.29637
C 30.17180 82.60150 3.34901
C 26.97700 83.83930 2.87826
C 24.01720 85.18570 2.35335
C 29.49130 85.78890 3.44764
C 26.44450 87.15870 2.92054
C 29.06420 88.91820 3.65064
C 25.85190 90.35660 2.88840
C 25.76020 93.99250 2.13323
C 40.94700 71.26800 1.33561
C 38.52150 73.19880 1.70070
C 35.35650 72.25510 1.96006
C 36.03780 75.21930 2.34491
C 32.90500 74.38370 2.15547
C 29.78250 73.59030 2.05110
C 33.35730 77.36530 2.66071
C 54.42180 95.56360 3.35507
C 51.70350 95.12450 4.79634
C 49.11730 95.99340 3.43445
C 55.05370 3.81832 2.29545
C 51.93930 3.97160 2.81325
C 50.19210 6.56719 2.25846
C 59.34640 0.15413 1.94415
C 58.24120 3.18842 1.76266
C 57.10230 6.44290 1.82162
C 59.63610 8.16678 0.86656
C 72.93890 10.10920 -2.28015
C 67.94700 10.19470 -1.02378
C 64.78160 10.71500 0.54937
C 60.93920 11.24360 0.39914
C 70.73200 12.91810 -1.15754
C 67.67310 12.21090 -0.65594
C 65.83770 14.52950 -0.39224
C 62.81740 14.07780 -0.50142
C 63.18950 17.26280 0.60540
C 61.06140 19.88830 0.17672
C 62.92050 22.38690 -0.39378
C 60.10770 22.48950 0.05716
C 53.93980 7.38650 2.79746
C 51.70020 9.34816 1.94391
C 57.56130 9.52824 3.16970
C 57.10590 12.63400 1.38361
C 59.63210 13.80080 -0.09742
C 59.95990 16.99260 0.32458
C 56.76320 18.71110 -0.63478
C 57.24740 22.74710 -0.01086
C 56.21050 0.79879 2.49697
C 53.16550 0.97187 3.19840
C 50.40630 1.27344 3.30049
C 68.54810 95.15140 0.78654
C 65.57160 95.87410 1.27263
C 62.52130 -0.63194 1.63826
C 70.74620 0.24869 0.17101
C 67.71640 0.96228 0.68657
C 64.59430 1.68777 1.07259
C 61.45440 2.45881 1.39694
C 70.00060 3.29149 0.23715
C 66.77980 3.97605 0.48619
C 63.53500 4.71404 0.77010
C 60.44270 5.61388 1.25339
C 72.36440 5.89078 0.00615
C 69.19720 6.16972 0.00034
C 66.10820 7.06122 0.27281
C 62.93890 7.76297 0.46282
C 72.34590 15.92620 -0.91093
C 68.87910 15.29500 -0.59683
C 70.10650 18.20840 -0.71031
C 66.68320 17.52890 -0.39304
C 71.19660 21.08830 -0.85587
C 68.07770 20.46010 -0.70844
C 64.71920 19.83960 -0.33480
C 54.52010 10.86830 1.80333
C 51.70200 12.58110 1.07313
C 54.34300 14.13200 0.81426
C 51.48710 15.60290 0.19198
C 57.14450 15.88570 0.59360
C 54.16410 17.16480 -0.12582
C 51.28140 18.63050 -0.68161
C 54.13930 20.44290 -1.04162
C 51.43960 21.75440 -1.40705
H 56.36650 -0.80732 4.32040
H 53.39520 -0.43929 5.16258
H 55.08450 2.20690 4.18885
H 53.80080 5.25030 3.97670
H 51.71510 7.68881 3.77049
H 59.32300 95.82110 3.77599
H 58.24160 1.56407 3.60301
H 57.10950 4.56706 3.44956
H 59.22710 6.83425 2.99207
H 56.18930 7.65563 3.75975
H 70.84000 6.89191 1.72698
H 67.73520 7.51428 1.47337
H 64.57540 8.49309 1.75203
H 61.29510 9.16071 1.92805
H 71.57580 11.01320 -0.33816
H 72.39640 13.90140 0.44141
H 69.27390 13.34550 0.89204
H 66.12840 12.67950 1.32784
H 64.15290 15.17040 1.24485
H 61.35100 18.21110 1.89781
H 60.12950 21.08520 2.17510
H 53.57900 9.71516 3.47754
H 50.80040 11.37530 3.06518
H 56.15990 11.65360 3.56677
H 58.84030 13.18730 2.43329
H 61.13470 14.96220 1.10685
H 58.70460 16.57710 2.37993
H 58.63650 19.14060 0.47279
H 55.87030 20.80820 0.54602
H 53.10760 22.25780 0.33030
H 50.40330 -0.24809 5.15063
H 52.02770 2.46803 4.73576
H 50.19490 5.05427 4.27433
H 70.61900 95.83590 1.94116
H 67.56830 -0.70261 2.47988
H 64.49440 0.05796 2.89443
H 61.32690 0.82494 3.20070
H 69.71060 1.59916 1.98405
H 66.57590 2.35481 2.32009
H 63.44950 3.13894 2.65239
H 60.25710 3.87385 3.02356
H 71.92740 3.98445 1.58822
H 68.68780 4.58309 1.81210
H 65.53100 5.35970 2.04058
H 62.44250 6.23281 2.40870
H 62.91250 12.23040 1.20704
H 70.56130 16.31610 0.83223
H 67.23030 15.76290 1.18193
H 71.66420 19.30030 0.83177
H 68.39220 18.70450 1.01713
H 65.23010 18.20730 1.42868
H 69.52760 21.80160 0.78935
H 66.37020 21.11690 0.94044
H 63.11760 20.67700 1.23568
H 53.42950 12.94510 2.75372
H 50.58680 14.45720 2.16551
H 56.08730 14.67300 2.44058
H 53.22900 16.06580 1.86644
H 50.42960 17.50790 1.35330
H 55.90690 17.73880 1.48703
H 53.14830 19.13780 0.82418
H 50.29760 20.57830 0.46210
C 55.05020 96.17690 6.43217
C 51.84880 95.82840 6.59694
C 48.87810 96.05910 6.72491
C 55.43220 4.42709 5.35429
C 52.13760 4.71806 5.77860
C 50.05510 7.20928 5.49635
C 59.87380 0.53267 5.09665
C 58.79030 3.55971 4.94769
C 57.66120 6.54259 4.93134
C 59.72680 8.90221 3.99608
C 70.62750 9.12542 0.85189
C 68.54420 9.74049 1.16216
C 64.67110 10.90870 2.42518
C 60.67660 11.46990 2.36150
C 70.99220 12.38030 1.86856
C 67.84680 12.20710 2.73593
C 65.89760 14.64860 2.92097
C 62.70390 13.80750 2.73835
C 63.35640 17.12040 2.54872
C 62.05710 20.00870 3.35111
C 63.36910 22.51900 2.69047
C 60.36220 23.24250 3.21831
C 53.95170 7.62596 4.69724
C 51.55480 9.90104 4.88386
C 56.85440 9.77586 4.94952
C 57.27320 13.70990 4.41809
C 59.99240 15.40900 3.34248
C 59.24190 18.85870 2.93864
C 57.01670 19.62750 2.40473
C 56.93520 22.68920 1.91173
C 56.81270 1.21699 5.59320
C 53.78220 1.72281 6.25393
C 50.43860 1.74417 6.46327
C 69.16120 95.44230 3.92426
C 66.06520 -0.98407 4.40595
C 62.93190 -0.16721 4.73639
C 71.37730 0.43215 3.33440
C 68.14840 1.24221 3.84481
C 65.04180 2.10410 4.19267
C 61.89790 2.81149 4.52034
C 70.26420 3.58173 3.36324
C 67.06800 4.35021 3.62709
C 63.98860 5.13159 3.95262
C 60.92430 5.84244 4.33889
C 72.55420 5.77868 3.25720
C 68.99950 6.47503 3.34344
C 66.05540 7.38170 3.37263
C 62.86940 8.35392 3.65410
C 72.31450 15.39080 2.36876
C 69.18990 15.17020 2.52858
C 70.27530 18.09100 2.49859
C 67.10900 17.56280 2.82337
C 71.35890 21.24450 2.34885
C 68.19030 20.63040 2.51821
C 65.03240 19.92940 2.68589
C 54.22280 11.70380 4.79383
C 51.50830 13.43460 4.21513
C 54.16020 15.01900 3.86858
C 51.32750 16.38470 3.38716
C 56.60210 16.78290 3.59667
C 53.97750 18.13940 2.90332
C 51.30860 19.56220 2.41883
C 54.10060 20.98700 2.19688
C 51.05270 22.61970 1.63879
C 73.48400 27.41770 -0.96794
C 62.92250 25.31470 -0.02480
C 70.67010 28.54190 -1.86379
C 67.36510 28.40110 -1.71901
C 64.23100 28.32840 -1.09884
C 59.40370 25.67000 -0.36350
C 56.39590 26.36420 -0.81084
C 53.36840 27.06120 -1.08121
C 61.33090 28.35920 -0.66212
C 52.03890 29.98780 -0.87136
C 63.20520 31.27860 -0.84955
C 65.46180 34.14680 -0.72881
C 63.97330 37.12760 -0.71149
C 62.61890 39.86110 -0.77032
C 49.72190 40.62780 -1.79727
C 61.28400 42.72320 -0.87789
C 58.02850 42.97670 -1.09007
C 51.44110 43.37230 -2.58763
C 56.78300 46.21120 -0.58073
C 53.53890 46.34660 -1.17432
C 51.25010 24.67760 -2.46553
C 70.68360 31.58370 -0.64037
C 67.83260 31.29270 -2.44894
C 69.09440 33.92650 -0.53608
C 67.27000 36.82810 -0.70275
C 65.88120 39.71860 -0.65973
C 64.37270 42.58620 -0.69790
C 62.99340 45.34750 -0.77743
C 49.52490 43.65960 -3.38089
C 72.32930 24.24100 -1.01238
C 69.02860 23.49740 -0.98495
C 65.88730 22.81640 -0.73969
C 70.01510 26.59640 -1.23239
C 66.47090 25.73590 -0.93589
C 58.28230 28.93640 -0.76172
C 55.16490 29.54700 -0.81612
C 60.17530 31.60240 -0.73126
C 57.01160 32.05710 -0.73467
C 53.80090 32.37640 -0.76377
C 50.53400 32.51640 -0.73773
C 62.10630 34.25840 -0.77000
C 58.90610 34.53440 -0.71231
C 55.75510 34.88450 -0.77704
C 52.47230 35.09080 -0.93883
C 60.83490 37.16100 -0.73383
C 57.57880 37.30900 -0.91175
C 54.40290 37.58810 -1.18188
C 50.99130 37.85130 -1.36231
C 59.42360 40.03260 -0.91922
C 56.33290 40.21400 -1.16416
C 53.27740 40.36340 -1.70936
C 54.74540 43.19880 -1.39068
C 54.22890 23.99080 -1.05763
C 72.40090 34.47330 -1.25864
C 70.58420 37.02820 -0.62963
C 72.23630 39.70720 -0.63193
C 69.00350 39.72320 -0.62904
C 70.66110 42.45530 -0.61581
C 67.44310 42.45960 -0.58764
C 72.31850 45.18620 -0.59970
C 69.13850 45.22800 -0.67732
C 65.97470 45.34070 -0.70233
H 64.43090 23.71940 0.92144
H 61.78340 23.66350 1.29378
H 71.40170 27.84960 0.40824
H 64.83650 26.73060 0.55294
H 69.08460 29.85650 -0.75365
H 66.11750 29.56840 0.02043
H 58.83890 24.08940 1.44662
H 55.78500 24.59910 0.77779
H 61.22490 26.75590 0.91543
H 54.88990 27.60820 0.66686
H 51.80230 28.02040 0.62436
H 63.07630 29.48400 0.80237
H 50.54600 30.76160 0.90793
H 64.88460 32.20840 0.84180
H 63.81330 35.16150 0.83349
H 62.41130 38.06570 0.96210
H 49.30410 38.97290 0.09760
H 61.00290 40.91240 0.73612
H 51.63030 41.58160 -0.94956
H 59.68270 43.84500 0.83986
H 56.51440 43.89070 0.20237
H 53.32090 44.34180 0.33060
H 52.78850 25.27170 0.46570
H 51.03000 26.40060 -1.87565
H 72.38880 32.43120 0.11922
H 69.39200 32.29880 1.35467
H 67.21500 32.35660 -0.94591
H 67.25360 35.00440 0.83178
H 65.65470 37.84660 0.95445
H 64.23850 40.68730 0.88151
H 62.79050 43.48400 0.94864
H 49.33170 43.70100 -0.93909
H 72.64240 22.44820 0.64885
H 70.47060 24.82780 0.47832
H 67.38260 24.14980 0.68579
H 68.16450 27.09760 0.18201
H 57.97150 27.16460 0.96466
H 59.94010 29.76050 0.87499
H 56.86510 30.17060 0.78623
H 53.66140 30.56780 0.81371
H 61.83830 32.42910 0.86555
H 58.71720 32.71790 0.89609
H 55.48240 33.10410 0.85250
H 52.23210 33.37660 0.80217
H 60.60000 35.37830 0.89892
H 57.38390 35.63340 0.89660
H 54.11060 35.95890 0.66217
H 50.78300 36.17460 0.45414
H 59.17300 38.25230 0.71788
H 55.94040 38.49010 0.51469
H 52.69990 38.76310 0.14049
H 57.82150 41.11260 0.61121
H 54.61270 41.34610 0.19957
H 50.21830 23.66350 -0.37918
H 70.59660 35.09460 0.88011
H 72.19270 37.86380 1.02961
H 68.87580 37.83260 0.95568
H 70.60700 40.60420 0.96587
H 67.41900 40.61280 1.06654
H 72.24360 43.34090 1.05011
H 69.06000 43.43170 1.00787
H 65.90100 43.49700 0.97003
C 73.10880 27.44960 2.18113
C 63.14930 25.54550 1.81639
C 71.68810 30.14530 1.02877
C 68.18900 29.21240 1.37545
C 65.01530 28.69220 2.06007
C 59.51000 26.13770 2.63621
C 56.13600 26.41370 2.41127
C 53.23500 26.84180 2.26660
C 61.45270 28.71360 2.46021
C 52.07210 29.71480 2.44840
C 63.24400 31.28220 2.52154
C 65.50840 34.19280 2.37316
C 63.96130 36.98180 2.54533
C 62.46230 40.00270 2.46930
C 49.26950 41.42740 -0.01559
C 60.89840 42.76260 2.42591
C 57.63210 42.98180 2.22682
C 51.46400 43.78010 0.28013
C 56.63960 46.11420 1.38184
C 53.06870 46.15920 2.03638
C 50.45260 25.92530 0.58636
C 70.57670 30.83070 2.79631
C 67.17530 31.38560 1.35008
C 68.95760 34.11960 2.54666
C 67.25560 36.77350 2.54819
C 65.72210 39.68840 2.58943
C 64.29200 42.52370 2.56430
C 62.77200 45.35430 2.63086
C 49.06820 46.02000 -0.41613
C 72.13050 24.30610 2.21016
C 69.21380 23.74390 2.30224
C 66.13730 22.98500 2.43275
C 69.96100 26.79630 1.88682
C 66.81500 26.14020 1.96931
C 58.23340 29.10150 2.49601
C 55.15650 29.37550 2.29913
C 60.19560 31.64380 2.47743
C 56.97850 31.97110 2.41119
C 53.75260 32.37000 2.42544
C 50.59510 32.63430 2.50373
C 62.16660 34.27820 2.45440
C 58.87640 34.51880 2.48999
C 55.52300 34.99930 2.39490
C 52.32450 35.32740 2.22939
C 60.62630 37.30850 2.46115
C 57.41400 37.61860 2.30839
C 54.05360 37.98940 2.02613
C 50.70520 38.34950 1.70567
C 59.25790 40.09840 2.30339
C 55.93880 40.43820 2.05250
C 52.44620 40.93850 1.28387
C 54.58180 43.34410 1.74078
C 53.89490 23.84930 2.11158
C 72.12450 33.70580 2.22616
C 70.53470 36.88390 2.59300
C 72.21020 39.73100 2.60111
C 69.01220 39.68040 2.61747
C 70.61270 42.42040 2.62925
C 67.43260 42.50790 2.64112
C 72.34400 45.25810 2.59222
C 69.04390 45.37050 2.59541
C 65.83000 45.42930 2.46856
C 53.05110 60.17410 -0.73140
C 50.03560 60.91520 -0.75755
C 59.28690 64.32320 0.57213
C 55.94520 63.88880 -0.04733
C 49.59920 63.50170 -0.95142
C 60.35940 67.29510 0.81817
C 64.67480 71.15600 1.64212
C 61.42560 70.38130 1.17345
C 67.08890 48.55940 -0.04053
C 63.41960 48.36700 -0.45395
C 72.23060 50.73570 -0.59835
C 69.22820 52.69320 0.66073
C 73.32340 53.75170 1.59617
C 73.00250 67.77440 0.79856
C 51.75580 47.36490 -1.50588
C 52.07330 51.12000 -0.60585
C 51.16180 54.37620 -1.15312
C 50.98360 57.69190 -0.91375
C 60.15790 47.06850 -0.69726
C 64.26850 51.21210 0.58236
C 61.08950 50.58340 -0.33837
C 57.89990 49.87520 -1.00572
C 69.88560 55.46110 2.44651
C 67.21350 53.03050 3.84241
C 65.00990 54.10780 1.35305
C 55.55370 52.37750 -0.91896
C 72.13600 58.25270 2.73357
C 53.25100 54.51560 -0.73347
C 57.52980 58.28640 -0.19907
C 54.50300 57.44780 -0.51158
C 61.74170 61.79910 0.75086
C 58.79770 61.28670 -0.00366
C 71.42720 66.39850 0.99312
C 62.47930 64.88470 1.01727
C 70.28780 69.59740 1.87868
C 66.62020 68.68000 1.35838
C 63.53760 67.91540 1.24995
C 52.64650 63.25480 -0.14872
C 57.11010 66.81550 0.42051
C 53.93160 66.57910 -0.14294
C 50.80110 66.37450 -0.46344
C 58.37880 69.92000 0.70185
C 55.11190 69.50420 0.30598
C 51.94520 69.28220 -0.06053
C 70.68030 48.03860 -0.60866
C 49.11270 49.40350 -1.62584
C 48.71820 52.50390 -1.34989
C 54.71030 49.31290 -0.92051
C 61.99970 53.53050 0.40571
C 58.84660 53.00220 -0.41996
C 68.84670 57.33320 2.54849
C 65.89160 56.87540 1.74259
C 62.84490 56.43800 0.90103
C 59.71620 55.90330 0.09420
C 56.40290 55.30490 -0.44906
C 69.87250 60.40620 2.10461
C 66.79120 59.81590 1.76746
C 63.77870 59.30260 1.12090
C 60.81200 58.87140 0.43155
C 70.52580 63.40190 1.29716
C 67.58630 62.68410 1.57988
C 64.61890 62.33720 1.19792
C 68.50910 65.97510 1.31719
C 65.51470 65.42530 1.33307
H 71.83900 55.96450 3.95956
H 54.58920 61.80380 0.39573
H 51.69110 61.34310 0.97950
H 48.67030 62.13770 0.92283
H 60.49480 65.41410 2.46031
H 57.19940 64.76550 1.95725
H 61.59090 68.46670 2.62968
H 54.82800 47.29140 0.71940
H 64.19550 46.30990 0.79095
H 69.24490 48.98020 1.39776
H 64.40360 49.34650 1.63872
H 71.63070 51.90510 1.05168
H 50.68650 49.08190 0.10482
H 50.37680 52.61060 0.43504
H 49.93840 55.84500 0.44090
H 49.50020 58.97020 0.68903
H 61.34990 48.47410 1.07733
H 58.12940 47.93200 0.43476
H 64.89790 52.14000 3.05479
H 62.05770 51.48340 1.76862
H 55.98090 50.33870 0.46146
H 68.67190 55.91090 4.73447
H 65.82330 55.10630 3.47865
H 53.64580 52.62270 0.53667
H 70.09840 58.76010 4.12303
H 54.54910 55.64670 1.17747
H 71.00940 61.81930 3.27177
H 55.56550 58.88240 1.39745
H 52.60510 58.33070 0.86013
H 71.99800 64.79440 2.93395
H 59.75360 62.38700 2.04526
H 56.98370 61.74240 0.89175
H 69.97360 67.32590 2.81442
H 63.69700 66.02680 2.82040
H 67.83190 69.78910 2.81602
H 64.76950 69.10130 3.00411
H 54.02490 64.65060 1.35777
H 50.77380 64.40180 0.98858
H 58.43230 67.91510 2.18681
H 55.18020 67.54130 1.79452
H 52.08430 67.27290 1.39198
H 56.43540 70.44300 2.15868
H 53.26030 70.13430 1.82755
H 50.03230 69.66460 1.41683
H 70.71770 46.14710 0.97670
H 67.55890 46.32900 0.90595
H 72.31260 48.80070 1.07758
H 59.01670 50.92890 0.96294
H 62.87770 54.54250 2.46575
H 59.86930 53.93590 1.58501
H 56.84210 53.33510 0.95564
H 66.80580 58.21210 3.61068
H 63.81480 57.56200 2.84277
H 60.78310 56.99560 2.02049
H 57.67640 56.38120 1.36004
H 67.90580 61.16220 3.50346
H 64.80780 60.62740 2.89400
H 61.78600 59.98640 2.37925
H 58.75740 59.36970 1.63607
H 68.91780 64.23100 3.01988
H 65.80300 63.63170 2.95916
H 62.72180 63.05100 2.59644
H 66.84860 66.70250 2.96171
C 53.53830 60.28320 2.12546
C 49.89040 60.66890 2.46259
C 58.87740 63.99330 3.72125
C 55.42000 62.99870 2.51271
C 48.34260 64.42710 1.56214
C 59.96560 67.25300 4.03012
C 64.28860 70.77210 4.86177
C 61.09700 70.14440 4.34191
C 66.74310 48.57060 1.88561
C 63.00350 47.45080 2.69330
C 72.21890 50.73960 2.69711
C 69.22500 51.41710 2.24715
C 73.05460 53.85680 3.74261
C 73.73300 67.70800 3.01524
C 51.24200 47.11100 1.70811
C 52.01330 50.90670 1.24728
C 51.02480 54.23020 2.12375
C 50.73090 57.47730 2.25207
C 60.01940 46.35340 1.11084
C 63.42220 50.61150 3.73986
C 60.38720 49.96620 2.82418
C 57.55130 49.19260 2.08074
C 70.68940 55.70000 6.25876
C 67.06920 54.18220 5.45754
C 63.92490 53.92820 4.62815
C 55.30820 51.88340 2.22521
C 71.32500 57.64730 5.93147
C 53.06660 53.99800 2.38782
C 57.00380 58.19790 3.02134
C 54.02840 57.13510 2.67933
C 61.13850 61.77730 3.93884
C 57.96260 61.15890 3.16481
C 72.05390 67.08960 4.14467
C 62.11810 64.78420 4.23853
C 70.21310 69.58330 3.82118
C 66.51920 68.50390 4.66504
C 63.22680 67.81800 4.40077
C 52.21800 63.29430 2.43385
C 56.76400 66.56360 3.48703
C 53.49360 66.24970 3.13015
C 50.42120 66.10610 2.74846
C 57.94120 69.62380 3.92699
C 54.78570 69.23140 3.54240
C 51.53380 68.94200 3.15233
C 70.60640 47.94470 2.75729
C 48.63780 49.03270 1.70591
C 48.55200 52.21460 1.91594
C 54.80000 48.83810 2.16705
C 61.21800 53.03560 3.48532
C 58.33800 52.46040 2.75809
C 68.19700 57.88570 5.69805
C 65.09510 56.97280 4.87647
C 62.07410 56.25770 3.98650
C 59.13710 55.57940 3.19643
C 56.25930 54.90880 2.77082
C 69.70170 60.72110 5.25518
C 66.18830 60.23260 4.88741
C 63.19310 59.44400 4.30492
C 60.09660 58.72550 3.60806
C 70.55350 63.84920 4.84233
C 67.43040 63.24280 4.74276
C 64.24060 62.44600 4.40973
C 68.76990 66.29560 4.46095
C 65.36050 65.50070 4.50661
C 70.38510 85.97330 0.95817
C 66.61770 84.73280 2.02563
C 65.40350 87.09050 5.29319
C 62.05560 88.34980 3.32653
C 61.34570 91.25410 2.71066
C 58.25390 91.36690 3.79453
C 57.33590 95.05010 2.57979
C 49.12330 75.61170 1.62719
C 51.16510 77.13970 3.83757
C 55.49520 80.20010 1.87580
C 61.97390 84.22950 1.07080
C 49.39810 89.91300 3.99334
C 60.17620 86.86120 3.74217
C 57.26830 88.02880 4.12439
C 52.24420 91.08430 4.68094
C 58.75290 90.39290 5.72016
C 54.62010 93.60510 4.13535
C 65.87520 74.33950 2.66146
C 49.33030 71.92270 0.66163
C 63.69980 76.09870 1.15661
C 54.10340 75.14480 1.12627
C 51.02330 74.97800 1.06771
C 64.68410 78.43260 0.79851
C 61.65150 78.72140 1.32934
C 58.40260 78.64840 1.54662
C 54.66180 78.29060 1.75434
C 67.09110 81.90460 0.75808
C 63.75930 81.42630 0.93447
C 63.48270 84.50540 2.46974
C 73.19800 71.35510 1.14054
C 70.30330 72.87190 1.35376
C 70.04940 76.28260 1.46346
C 68.38530 73.51050 1.09531
C 70.05350 79.64830 1.35355
C 70.23540 82.85400 1.16139
C 70.22420 89.02790 1.04969
C 67.24090 89.12310 2.38754
C 64.21160 90.37140 2.40316
C 69.38980 91.94000 0.92786
C 66.40190 92.83070 1.43199
C 63.43720 93.48690 1.98855
C 60.43020 94.33940 2.20119
C 71.56120 94.33990 0.23045
C 49.24070 79.69510 2.48745
C 52.38220 80.97390 3.27643
C 49.24610 82.97070 2.64707
C 59.44570 81.72560 2.83078
C 55.12930 83.12990 2.98278
C 52.08530 84.49730 3.16462
C 49.45270 86.26310 3.10259
C 57.69570 84.84870 3.63600
C 54.86450 86.12100 3.81526
C 52.18440 87.74070 3.76074
C 54.82200 89.49900 4.53749
C 62.43050 73.18680 1.29374
C 59.32600 72.88860 1.12987
C 56.28090 72.51040 0.84814
C 53.15040 72.20880 0.46812
C 60.41240 75.90250 1.41427
C 57.18190 75.61940 1.28730
C 72.92420 74.66650 1.08145
H 49.45800 94.25310 5.13936
H 68.80820 84.56060 2.45519
H 62.03830 86.98500 5.53783
H 70.27440 87.38520 3.05641
H 67.10280 86.88240 3.59529
H 64.12370 89.10810 4.66803
H 61.09140 90.04230 4.90698
H 60.23660 92.91090 4.24768
H 57.11530 93.40740 4.64645
H 50.70860 79.44580 4.49936
H 54.66470 81.29680 4.03135
H 61.88760 82.32390 2.67919
H 57.08820 83.10870 4.65436
H 59.60910 85.00640 5.34176
H 59.17050 87.92980 5.76827
H 56.60190 89.29640 6.12982
H 53.79980 90.68830 6.55054
H 50.07420 91.48980 5.83594
H 65.83280 71.98890 3.84565
H 62.68730 71.46140 3.02469
H 63.92640 74.34560 2.84341
H 51.37140 72.67010 1.77677
H 65.61490 76.94390 2.72273
H 55.68540 76.17520 2.85253
H 52.58450 75.28710 3.19212
H 66.53480 79.75050 2.11379
H 63.58800 79.60490 2.66227
H 60.39970 79.43180 2.88281
H 57.51660 80.17010 3.25884
H 65.13570 82.53170 2.35921
H 71.53930 71.43500 2.96796
H 68.79770 72.51450 3.40693
H 68.17140 75.32360 2.82832
H 68.56460 78.03470 2.65973
H 71.82240 84.41630 2.27741
H 68.78630 81.41330 2.48166
H 52.52550 93.49220 5.61865
H 69.32450 90.43490 2.89001
H 66.29580 91.22530 3.29771
H 63.30770 92.07430 3.93060
H 71.45350 92.70690 2.06218
H 68.45410 93.48240 2.60937
H 65.45290 94.32130 3.13688
H 62.36950 95.10740 3.49490
H 51.11820 82.84790 4.28572
H 53.95020 84.34100 4.89138
H 51.06350 85.94090 5.00929
H 56.65980 86.12150 5.54845
H 53.82340 87.50690 5.63819
H 51.08940 89.04210 5.51905
H 59.52700 70.94100 2.62629
H 60.73450 73.89360 2.89187
H 57.57190 73.53510 2.71724
H 54.51640 73.04240 2.39420
H 62.16290 76.84700 2.92765
H 58.92320 76.53130 2.87981
H 71.22080 74.59080 2.85044
H 71.47260 77.99870 2.54298
H 71.64920 81.21880 2.30928
C 71.69790 86.18460 4.09746
C 68.57030 86.11920 4.56806
C 66.16780 87.43340 6.88434
C 62.60060 89.17230 6.73740
C 61.93380 92.15970 5.97125
C 55.58780 93.28000 8.00397
C 57.94660 95.21040 5.77835
C 49.38100 76.05550 3.89173
C 51.59750 77.42800 5.84965
C 55.99800 79.51580 5.15511
C 61.07830 83.85600 4.57801
C 48.80960 89.39810 6.26696
C 60.37800 86.32370 7.34832
C 57.37040 87.43400 7.50545
C 51.52460 90.39210 7.53720
C 56.01850 91.74110 6.39517
C 53.51270 92.80090 7.92003
C 66.19110 73.65540 5.78862
C 49.18680 71.72730 2.53532
C 63.92500 76.16520 4.52215
C 54.33430 74.56320 4.40030
C 51.41390 73.27170 4.19410
C 65.34210 78.95200 4.30326
C 62.16560 78.74240 4.48901
C 58.85560 78.40770 4.52648
C 55.10290 77.65880 4.94154
C 66.83600 81.55860 4.00903
C 63.43150 81.55740 4.22036
C 64.08170 85.48580 5.62215
C 73.61770 71.40730 4.38076
C 70.91850 73.02870 4.74804
C 70.16070 76.45320 3.96474
C 68.05590 74.22780 5.13453
C 70.18910 79.74200 3.64703
C 70.40770 82.91460 3.57496
C 71.08910 89.44820 4.32251
C 67.59970 89.36460 4.25043
C 64.98830 91.01550 5.46088
C 70.10580 92.46540 4.09417
C 67.03840 93.17350 4.61020
C 63.95640 94.16450 5.04734
C 60.91100 94.99040 5.44772
C 72.25770 94.68140 3.34029
C 48.97070 79.61690 5.84136
C 52.49740 80.96610 5.23349
C 49.21220 82.70140 5.84992
C 58.96030 81.63050 4.79747
C 55.11430 82.56700 6.13177
C 51.91710 84.10500 6.32728
C 48.87520 86.11230 6.13334
C 57.73030 84.24270 6.76095
C 54.68940 85.58620 6.90966
C 51.80680 87.24040 7.02058
C 54.61280 88.82570 7.62886
C 62.46840 73.33610 4.53406
C 59.20050 72.66830 4.33915
C 56.08870 72.05530 3.99950
C 52.84690 71.80010 3.61808
C 60.68840 75.76760 4.49647
C 57.50090 75.27630 4.48329
C 73.31500 74.92800 4.10371
C 89.19260 2.22003 -2.85779
C 93.46320 4.77707 -3.56050
C 89.85980 4.79549 -0.80394
C 94.69410 7.75201 -3.82812
C 82.15060 0.25277 -2.42335
C 79.07190 0.88352 -1.97798
C 78.21890 4.23958 -1.02761
C 75.46370 5.41364 -0.10187
C 74.39400 8.75711 0.55977
C 70.98130 9.83089 -2.60627
C 73.61690 14.36520 -1.67345
C 75.90240 16.30560 -0.20416
C 76.74110 19.45590 -0.14172
C 85.98740 2.04663 -1.65920
C 82.85770 3.07768 -0.75995
C 81.13740 5.32593 -2.02090
C 85.59290 5.39731 -1.89342
C 79.92310 8.14611 -1.85671
C 76.97730 9.31156 -1.59527
C 92.03750 7.68163 -2.22914
C 88.18990 7.52853 -2.02452
C 76.59560 12.46160 -1.60352
C 94.75270 9.38667 -2.38061
C 78.94110 14.43230 -1.84929
C 0.41322 11.47530 -4.23240
C 80.69370 16.94030 -0.52693
C -0.25762 14.65020 -2.78806
C 79.97820 20.13900 -1.81998
C 94.80160 18.19890 -2.13700
C 92.15100 18.37260 -1.28975
C 89.03530 19.50760 -1.53045
C 85.78550 21.08580 -0.43921
C 0.45702 20.00080 -2.25914
C 95.21240 22.86250 -2.14360
C 0.57933 -0.40360 -3.87880
C 94.17630 -0.58091 -3.76008
C 90.91690 -0.65274 -3.44694
C 87.53080 -0.65116 -2.98644
C 95.44320 2.26505 -3.81180
C 92.25170 2.04588 -3.32084
C -0.15790 5.10576 -4.08794
C 79.94290 95.26100 -1.96571
C 76.71370 95.91050 -1.14276
C 73.69070 -0.56947 -0.42015
C 76.02410 1.63834 -1.20973
C 73.02880 2.76790 -0.36304
C 73.60140 18.74530 -0.63295
C 74.58160 21.73090 -0.64034
C 82.69670 6.68970 -1.61545
C 85.34810 8.69847 -1.83835
C 82.44740 9.99617 -1.79625
C 79.52040 11.26150 -1.68455
C 90.05830 9.69350 -2.44798
C 87.58070 10.95160 -1.95690
C 84.94860 12.06000 -1.81181
C 82.10960 13.04840 -1.93775
C 92.09520 12.27660 -2.82924
C 90.22850 13.02700 -2.03352
C 87.21370 14.19990 -1.72169
C 84.17830 15.54700 -1.57443
C 92.82380 15.26580 -1.87975
C 89.77240 16.33040 -1.66323
C 86.63750 17.50700 -1.45517
C 83.56170 18.88130 -1.41159
H 89.41910 0.07387 -1.57734
H 91.08670 2.69497 -1.23659
H 88.13180 2.95669 -0.68913
H 95.28100 5.93998 -2.22441
H 92.05870 5.76254 -1.62309
H 85.09400 95.09890 -1.10807
H 84.00090 0.85062 -0.83603
H 81.01360 1.44111 -0.39783
H 77.83060 2.18599 -0.28759
H 77.56630 4.92243 1.43814
H 74.04360 6.45232 1.77999
H 75.43490 13.83860 -0.08207
H 76.74430 17.75060 1.64863
H 77.77640 20.78030 1.78359
H 85.07480 3.99127 -0.37696
H 82.09000 5.26162 0.28951
H 79.32350 6.42746 -0.79621
H 87.73400 6.04717 -0.53469
H 75.96670 10.70080 0.13365
H 90.17300 8.08948 -0.65090
H 78.49110 12.75090 -0.05451
H 0.39252 9.59975 -2.32670
H 92.42970 10.12070 -1.64062
H 78.34090 15.94300 -0.36146
H 79.20080 18.93950 -0.23336
H 94.75340 15.71930 -1.48194
H 82.35380 19.68570 0.63732
H 80.19430 21.84070 0.23007
H 94.16090 18.16600 0.37448
H 91.25140 19.49530 -0.01357
H 88.26200 20.71250 0.21328
H 0.04680 17.87910 -0.99424
H 95.33570 20.47530 -1.17775
H 95.86330 0.41059 -2.24710
H 92.70330 0.06877 -1.91878
H 0.25624 3.33977 -2.37886
H 94.06520 2.97443 -1.97953
H 73.65210 95.01930 1.35434
H 81.98370 95.75250 -0.71536
H 78.87190 -0.78233 -0.13894
H 75.78430 0.00362 0.66462
H 72.79710 0.89230 1.34770
H 74.90100 3.09917 0.65267
H 73.74540 16.79080 0.88170
H 74.75010 19.99600 1.14139
H 76.57420 7.60238 0.25221
H 84.71900 7.06404 -0.19965
H 81.73050 8.33355 -0.19476
H 78.87760 9.55785 -0.06160
H 87.26420 9.17390 -0.37982
H 84.33440 10.29040 -0.26886
H 81.40060 11.49840 -0.24215
H 89.60730 11.24760 -0.60249
H 86.71630 12.37930 -0.15127
H 83.79860 13.51160 -0.22860
H 80.98970 14.49760 -0.28498
H 92.18000 13.25730 -0.45922
H 89.14750 14.40630 -0.27111
H 86.14070 15.57390 0.05665
H 83.15080 16.72880 -0.08366
H 91.61050 16.35960 -0.00307
H 88.63600 17.58820 0.08091
H 85.55580 18.72740 0.11396
C 89.39860 1.71384 0.40833
C 94.08610 4.77353 -0.32585
C 90.59380 5.18972 1.46422
C 94.96890 7.77833 -0.55500
C 82.92890 0.18506 0.86997
C 79.64370 1.20014 1.22585
C 77.69850 3.24492 3.23379
C 76.53220 6.45973 2.63355
C 74.20360 8.78598 2.71493
C 71.18760 9.13555 2.81910
C 73.85570 11.92570 0.39601
C 75.72270 15.55470 1.70983
C 76.07510 19.42420 3.18201
C 86.06230 1.89134 0.30132
C 83.18150 3.52517 1.22550
C 80.01670 5.24431 1.40397
C 86.02320 5.55588 1.27827
C 79.88770 7.80497 1.23792
C 77.31150 9.53407 1.81287
C 91.69440 6.85606 0.77731
C 88.58850 7.74950 1.13930
C 76.73420 12.55220 1.64219
C -0.06204 8.49206 -0.03136
C 79.22470 14.51160 1.49165
C 2.01395 10.89100 -0.85103
C 78.66400 17.35240 1.83517
C -0.55571 13.67580 -1.20570
C 80.15810 19.93300 1.93252
C 94.84780 15.83530 1.10614
C 92.12380 17.91270 1.86515
C 89.22820 19.43620 1.72620
C 85.99670 20.86440 1.42296
C -0.57954 19.36760 0.87421
C 94.94630 21.89830 0.90785
C 0.63870 -0.44456 -0.68070
C 94.55740 -0.81102 -0.54710
C 91.18420 -0.94700 -0.23022
C 87.11680 -0.68388 -0.97571
C 95.91930 2.19751 -0.57979
C 92.74530 1.87382 -0.16939
C 0.34166 5.31841 -0.83086
C 80.53850 95.36710 1.24002
C 77.58660 96.16190 1.96006
C 74.45160 -0.35879 2.66778
C 76.74790 1.97110 1.94369
C 73.62510 2.73593 2.82631
C 73.35910 18.44930 2.51187
C 74.22030 21.91830 2.52505
C 82.96220 7.10986 1.52845
C 85.55460 8.84402 1.31817
C 82.51230 10.06040 1.33847
C 79.69220 11.30270 1.43384
C 91.23680 9.83041 0.63722
C 88.05870 10.86590 1.22406
C 84.88810 12.02540 1.38470
C 82.05750 13.11090 1.43727
C 93.73330 11.78600 0.01738
C 90.49750 12.83880 1.10138
C 87.43240 14.05650 1.46841
C 84.24060 15.15060 1.56351
C 92.98510 14.88630 1.30505
C 89.75260 15.96880 1.51892
C 86.80490 17.25180 1.70301
C 83.71440 18.42400 1.84087
C 81.68890 47.47960 0.26808
C 91.05390 45.19290 -1.85071
C 0.67192 46.71170 -3.21580
C 84.67910 24.31680 -0.47716
C 81.16280 23.87670 1.32385
C 89.46140 26.04920 -1.14845
C 86.44850 26.77960 -0.90413
C 80.03680 27.17810 -0.21421
C 88.49140 29.02590 -0.90632
C 78.94350 30.69690 -0.70237
C 90.54740 31.51020 -0.93464
C 77.86990 33.79710 -0.78705
C 92.52530 33.95170 -0.99994
C 79.92550 36.24990 -0.89764
C 94.48730 36.23300 -1.12588
C 82.08170 38.58800 -1.12116
C 84.07260 41.10180 -1.15044
C -0.87333 41.57090 -1.56230
C 92.59030 42.30960 -1.50539
C 89.01730 43.10750 -1.06551
C 85.85610 43.94070 -0.52096
C 83.65460 44.49470 -0.37837
C 95.21440 44.59080 -1.72362
C 77.80290 22.53590 -0.08790
C 78.79900 25.39630 -0.35202
C 76.67860 28.27430 -0.77913
C 75.09360 31.00970 -2.15148
C 73.97770 34.31660 -2.68961
C 76.78790 36.76100 -0.72989
C 78.85900 39.41580 -0.84683
C 80.66270 42.21250 -0.56652
C 79.19920 45.51500 -0.57577
C 82.54450 21.79940 -0.84273
C 88.28450 23.29110 0.46683
C 92.96560 25.50200 -1.13179
C 89.33230 23.86630 -1.30896
C 91.68200 28.64120 -1.13108
C 93.81050 31.01810 -1.04755
C -1.12507 33.46120 -0.92739
C 83.24720 26.90190 -0.54090
C 85.35050 29.58590 -0.80200
C 82.15010 30.03950 -0.66983
C 87.41270 32.02380 -0.90915
C 84.25610 32.58100 -0.88552
C 81.11630 33.04730 -0.85039
C 89.46930 34.51800 -0.98674
C 86.29320 35.05120 -0.95998
C 83.13510 35.64990 -0.98047
C 91.44350 36.92600 -1.03123
C 88.35090 37.60670 -0.97289
C 85.31010 38.10140 -0.94430
C 0.20604 38.69090 -1.11893
C 93.68190 39.33440 -1.24148
C 90.45830 39.87690 -1.12065
C 87.33730 40.52850 -1.01373
C 75.44320 24.75870 -0.79733
C 73.78900 37.10340 -0.65164
C 75.54090 39.65730 -0.64622
C 77.03830 42.43480 -0.95172
C 73.81300 42.48700 -0.66970
C 75.56920 45.27990 -0.79261
C -0.18758 25.30710 -1.49490
C 95.15630 28.16960 -1.27070
C 0.25230 30.71040 -0.97274
H 84.10010 46.84400 0.15086
H 93.28300 45.75900 -0.97088
H 86.22300 24.79140 0.66587
H 83.19030 25.30160 1.44017
H 88.25000 27.22110 0.73400
H 82.02130 28.30650 1.06120
H 78.66360 29.02210 0.59864
H 90.27500 29.65960 0.67904
H 79.73270 34.37130 0.67968
H 94.27460 34.55000 0.62422
H 81.74860 36.86340 0.61601
H -0.62080 36.91810 0.33178
H 83.76450 39.31880 0.56838
H 95.51420 39.92770 0.28742
H 82.92240 42.37780 0.34006
H 94.48110 42.92270 -0.04246
H 91.21430 43.64100 0.01807
H 88.05290 44.15420 0.63401
H 85.07200 44.32830 1.83583
H 78.64330 23.99550 1.76472
H 76.71710 26.19080 0.39883
H 74.49500 28.57180 0.51047
H 75.41060 33.13970 -1.01033
H 76.75910 35.03140 1.07454
H 78.57640 37.50530 0.76765
H 80.62120 39.91190 0.37681
H 78.58780 43.24910 0.32262
H 84.14720 22.33030 0.98911
H 93.65830 23.12490 -0.83043
H 91.31300 26.68690 0.32079
H 93.58140 29.02280 0.47912
H 95.52880 31.59200 0.60958
H 85.05980 27.81130 0.87067
H 87.10050 30.25350 0.71999
H 83.96600 30.80970 0.79708
H 80.78690 31.33510 0.94059
H 77.59690 32.07560 1.17520
H 92.34790 32.11580 0.62462
H 89.15070 32.73480 0.68242
H 85.99860 33.27300 0.67178
H 82.86950 33.83980 0.64291
H 91.17750 35.17010 0.63564
H 88.04360 35.75330 0.57323
H 84.89270 36.29180 0.59250
H 93.25110 37.61180 0.44306
H 90.12640 38.17290 0.61357
H 87.01710 38.77320 0.70837
H 92.31100 40.61650 0.32338
H 89.20640 41.17220 0.50974
H 86.04610 41.66490 0.31475
H 75.74850 23.11100 1.04215
H 73.56500 25.54950 0.67306
H 73.74980 35.02070 0.81619
H 75.41210 37.79510 1.01321
H 77.14390 40.49150 0.69533
H 73.83840 40.60360 0.95563
H 75.46510 43.34740 0.81121
H -0.18971 23.20320 -0.14548
H 95.15610 26.01640 -0.04919
H -0.07403 28.74240 0.45478
C 83.78070 46.14680 2.68315
C 92.14720 45.60380 1.26152
C -0.73209 48.65780 0.11941
C 84.93130 23.94630 2.73656
C 80.48490 23.81740 3.36362
C 89.74580 25.72920 2.02381
C 86.55600 26.63000 2.42130
C 80.26190 27.44640 1.86473
C 88.51370 29.07890 2.32369
C 79.10110 30.44830 2.56486
C 90.61000 31.49280 2.26297
C 78.25870 33.71430 2.63715
C 92.55460 33.93840 2.25025
C 80.01980 36.22340 2.26887
C 94.64430 36.47740 2.03709
C 81.92860 38.76370 2.15568
C 84.34900 41.24690 2.01845
C -1.06186 41.84770 1.74693
C 92.83280 42.67630 1.64858
C 89.80550 43.04160 1.94920
C 86.88260 43.80250 2.88790
C 83.41480 42.78840 2.75613
C -0.68483 44.65460 0.04157
C 77.01780 22.74140 3.16173
C 77.42430 25.83550 2.77462
C 76.39420 28.58550 1.10679
C 74.29500 30.88140 -0.19846
C 75.27400 33.13240 1.57262
C 77.04850 36.91470 2.63825
C 78.89860 39.48970 2.16542
C 80.65350 42.24380 1.29532
C 79.31940 45.41700 1.33288
C 82.80080 21.59550 2.41314
C 92.13840 21.73290 -0.78788
C 92.99320 24.98750 0.72283
C 90.49870 26.81220 3.60138
C 91.70380 28.27870 2.12268
C 93.76560 30.63850 2.08411
C 95.66890 33.39550 2.21880
C 83.49350 27.01730 2.66555
C 85.42560 29.67050 2.39800
C 82.34790 30.23870 2.54718
C 87.35550 32.09650 2.28402
C 84.25770 32.70700 2.29829
C 81.21620 33.24160 2.35224
C 89.45430 34.60370 2.23536
C 86.32610 35.14720 2.20023
C 83.17890 35.67770 2.23606
C 91.63170 37.01300 2.14453
C 88.43010 37.54390 2.24727
C 85.18580 38.14190 2.17384
C 0.74827 38.84990 0.86412
C 93.78160 39.47830 1.94540
C 90.66910 39.97730 2.10148
C 87.46200 40.70530 2.12365
C 75.41380 25.19620 2.28209
C 73.78010 36.81720 2.57747
C 75.59350 39.75780 2.47967
C 77.27110 42.43440 2.24891
C 73.96280 42.47650 2.56234
C 75.76980 45.22540 2.39519
C -0.38165 24.81160 1.67788
C 95.11570 27.60860 1.85308
C 0.05715 30.39760 2.21181
C 87.93040 46.27760 -0.62832
C 85.02640 47.96880 -1.44945
C 81.97970 49.43560 0.05866
C 79.24830 51.04720 0.63842
C 76.54660 52.75560 -0.30129
C 93.38830 47.40870 -2.15471
C 76.21350 56.16430 0.21328
C 73.72680 57.32910 3.51726
C 75.93900 59.46990 0.55485
C -0.68699 52.07080 -1.73360
C 93.39820 53.51220 -1.80894
C 90.37490 55.03390 -1.85294
C 87.21110 56.32340 -2.06112
C 76.06700 62.81170 0.68160
C 86.86190 60.06820 -2.09969
C 84.93580 61.22720 -1.37918
C 78.70210 64.28170 -0.06625
C 84.13240 64.25580 -1.60128
C 81.74460 66.18440 -0.11267
C 85.26630 67.71030 -1.39556
C 77.46390 48.42980 -0.21824
C 75.32080 51.10120 -0.33828
C 81.19630 69.77240 -0.57774
C 78.88100 67.79470 0.72061
C 76.00270 66.20490 1.63657
C 73.83330 63.92100 3.12303
C -0.57812 55.53140 -1.11079
C 93.32450 56.64500 -1.95028
C 92.34230 59.78140 -2.25437
C 90.86410 62.63950 -2.36845
C 90.19100 65.71740 -3.17666
C 87.28340 64.69500 -1.86203
C 88.72750 68.66990 -3.37661
C 90.04100 71.60160 -1.96891
C 90.72400 48.35300 -1.62626
C 87.80610 49.88930 -1.47300
C 84.98260 51.52780 -1.35783
C 81.88110 52.61620 -0.56520
C 79.07830 54.57790 -0.45988
C 93.48610 50.42540 -1.80456
C 90.59120 51.72120 -1.66870
C 87.75950 53.25100 -1.59585
C 84.65180 54.60840 -1.46032
C 81.73400 56.14470 -1.06159
C 78.83890 57.80270 -0.37985
C 84.22210 57.79070 -1.80405
C 81.54870 59.46440 -1.11888
C 78.77830 61.04250 -0.24111
C 81.47290 62.62530 -0.93341
C 74.00760 48.14030 -0.51130
C 75.87490 69.68870 0.87224
C 95.37560 59.11370 -2.11959
C 0.48422 61.49190 -2.35682
C 94.18940 62.09980 -2.38223
C -0.61375 64.50440 -2.70107
C 93.17980 64.96680 -2.79940
C 95.10520 67.44910 -3.13276
C 91.97930 68.02810 -3.19297
C 0.26064 69.95630 -3.59092
C 93.80670 70.59640 -3.47380
H 82.85910 48.55940 2.38086
H 90.32620 46.70760 0.05203
H 87.07310 48.44890 0.01384
H 81.60090 51.39590 1.54593
H 78.53170 52.91800 1.23897
H 75.74580 54.42740 1.52060
H 0.65381 46.72800 -0.62747
H 75.73630 57.57870 2.39102
H 95.35520 50.41240 -0.14219
H 92.49360 51.91130 -0.11875
H 75.63290 60.78560 2.40101
H 92.32010 55.12440 -0.26984
H 89.36790 56.44350 -0.67072
H 86.52420 57.96270 -0.77238
H 75.81230 64.00440 2.85041
H 87.85500 60.72240 0.18673
H 80.95950 64.11980 0.99312
H 78.40920 65.66500 1.89990
H 86.13150 63.15660 -0.60340
H 84.18360 65.85430 -0.08316
H 77.05740 46.15440 0.49401
H 75.48560 49.18060 1.47838
H 84.50320 70.12110 -0.93540
H 82.58940 68.36120 0.94655
H 79.76600 69.91390 1.51733
H 77.02900 68.31530 2.26372
H 74.37870 70.02810 2.98094
H 95.13430 53.61330 -0.00380
H 94.96620 57.45330 -0.29781
H 91.92840 58.12480 -0.41413
H 90.93940 60.93410 -0.55979
H 89.35670 63.61130 -0.77659
H 88.81300 66.54230 -1.89756
H 90.52890 69.21280 -1.67071
H 87.31150 69.28050 -1.69060
H 84.30030 50.00860 -0.07524
H 92.65390 48.79780 -0.17478
H 89.85350 50.07680 -0.00780
H 86.98490 51.65730 0.12963
H 84.08510 53.11630 0.39220
H 81.23550 54.56100 0.78687
H 78.45230 56.09720 1.39388
H 89.66520 53.38560 -0.07623
H 86.68400 54.85470 -0.07738
H 83.87250 56.30100 0.16632
H 81.10260 57.78990 0.64069
H 78.32450 59.35400 1.45463
H 83.80570 59.47520 -0.13350
H 81.02620 60.94010 0.80717
H 78.33140 62.52710 1.66314
H 83.59030 62.63720 0.21750
H 73.96060 46.13580 0.96733
H 0.20335 59.86070 -0.54357
H 94.00070 60.45070 -0.59924
H -0.92485 62.87210 -0.88910
H 92.77670 63.40130 -0.90002
H 94.87300 65.87940 -1.25413
H 91.81050 66.38420 -1.33612
H -0.03789 68.36250 -1.68455
H 93.73550 68.87680 -1.65762
H 95.70550 71.43730 -2.22359
C 88.21550 46.55660 1.25150
C 85.31900 48.54040 1.69877
C 82.66740 50.24780 3.59402
C 79.64100 51.01940 2.67257
C 76.89090 52.67100 3.09320
C 93.74840 47.05950 1.09648
C 76.90930 55.98770 3.41891
C 74.24110 58.36880 5.06481
C 77.23370 59.19680 3.69132
C -0.66403 51.98450 1.56511
C 93.40720 53.64510 1.46009
C 90.42290 55.28880 1.31577
C 87.61100 56.73370 1.13340
C 77.04430 62.59110 3.83165
C 89.54160 58.89860 -0.41139
C 85.44090 61.13200 0.63825
C 79.69600 63.97290 3.12354
C 85.14490 64.14190 1.40335
C 82.35580 65.99580 1.72957
C 85.05250 68.13220 0.59766
C 77.82380 48.34580 1.62510
C 75.44020 51.14130 3.02903
C 82.04360 69.69240 2.64094
C 79.43010 67.77930 2.60103
C 76.58180 66.23740 3.49936
C 73.40420 61.63080 3.34517
C -0.64015 55.64510 0.83625
C 93.24730 56.78150 1.34078
C 92.41630 60.00310 1.20446
C 91.11960 62.88250 0.88242
C 89.99410 65.74160 0.21438
C 88.32140 62.32740 0.04709
C 88.67910 68.48790 -0.11666
C 90.63400 71.18480 -0.21714
C 90.97290 48.53700 1.59426
C 88.07070 50.05350 1.67368
C 85.17020 51.39480 1.75788
C 82.52620 53.13250 2.43265
C 79.75370 54.46860 2.73257
C 93.46540 50.33740 1.53063
C 90.68450 51.81290 1.53279
C 87.84230 53.38970 1.60238
C 85.07510 54.86180 1.77503
C 82.38460 56.31230 2.11931
C 79.72140 57.65010 2.69053
C 85.16160 58.02890 1.32078
C 82.46920 59.31060 1.93647
C 79.67650 60.87530 2.84376
C 82.28930 62.47640 2.25534
C 74.00040 47.94620 2.74380
C 76.68220 69.94300 4.02752
C 95.35820 59.43680 1.14117
C 0.44812 61.86650 0.88369
C 94.26030 62.38560 0.79552
C -0.62265 64.88360 0.49673
C 93.18170 65.42470 0.47559
C 95.20350 67.91050 0.09705
C 92.07460 68.40120 0.07674
C 0.32129 70.56980 -0.50316
C 94.07860 70.94960 -0.31788
C -0.80811 93.83820 -3.86803
C 92.73180 93.87590 -3.84492
C 89.56540 93.74810 -3.60459
C 0.37515 77.55180 -5.64120
C 93.64880 77.75680 -6.27875
C 89.15080 78.99510 -4.28786
C 86.78890 82.02410 -3.84747
C 86.12360 85.25250 -4.78370
C -0.39711 88.71810 -3.94893
C 93.22730 88.76870 -4.15630
C 86.46190 88.50810 -3.83203
C 91.20350 91.14960 -3.87176
C 73.21110 87.76620 0.79423
C 83.01890 88.45440 -3.72072
C 78.24090 89.92360 -1.26501
C 84.10190 91.64270 -2.88357
C 86.13900 93.85740 -3.22586
C 82.99910 94.48460 -2.60056
C 89.42170 75.64500 -1.93359
C 86.29310 71.72330 -1.70062
C 82.51810 70.20670 -2.19674
C 85.48420 75.13820 -2.96904
C 85.80460 78.62440 -3.47091
C 84.07360 80.81890 -1.87915
C 83.26320 83.37540 -3.65837
C 81.09440 85.17060 -2.69731
C 80.15170 87.72330 -1.32000
C 76.00110 86.05770 -0.55455
C 73.09480 84.21480 0.16173
C -0.80217 73.18760 -3.95227
C 92.80050 72.36040 -4.11076
C 93.28790 75.64130 -6.44436
C 95.18800 80.48890 -5.35316
C 92.03250 80.02120 -5.19504
C -0.13613 83.29280 -4.77487
C 93.53290 82.99510 -4.81587
C 90.26000 82.78080 -4.80909
C 95.09990 85.94140 -4.42884
C 91.68310 85.79670 -4.56183
C 88.40750 85.39330 -4.48479
C 89.82230 88.46270 -3.98682
C 87.82070 91.08300 -3.54093
C 75.38910 90.30510 -0.43465
C 72.36020 91.27010 0.26310
C 80.73800 92.06100 -2.02897
C 77.55620 92.85270 -1.06104
C 74.56820 93.60330 -0.42332
C 83.71140 73.67970 -1.22669
C 80.99620 72.94410 -0.61935
C 78.37500 71.30690 0.10856
C 83.64430 77.34250 -2.03954
C 81.04150 75.82720 -0.94946
C 78.26740 74.46910 -0.07617
C 75.69340 72.97380 0.64745
C 80.98850 78.95290 -1.54770
C 78.35610 77.55780 -0.52229
C 75.73000 76.11080 0.33073
C 80.98540 82.06650 -2.06314
C 78.39540 80.73790 -0.92264
C 75.81650 79.30730 -0.04859
C 73.03580 77.84890 0.66556
C 78.50570 83.89930 -1.47856
C 75.80930 82.56940 -0.44166
C 73.09880 80.97750 0.39681
H -0.69740 92.09540 -1.92764
H 93.00190 91.92200 -2.09461
H 91.24670 94.63710 -2.01867
H 88.08050 94.46990 -1.82745
H -0.39833 75.74900 -3.88820
H 95.31270 78.54050 -4.59308
H 92.24400 78.03970 -4.09077
H 89.90830 78.17220 -1.98255
H 87.65520 80.04720 -2.69065
H 85.25730 83.83370 -3.04742
H 87.01650 86.37010 -2.73705
H 94.77830 89.39960 -2.07190
H 91.52080 89.20130 -2.38480
H 88.28670 89.03120 -2.16315
H 85.04360 88.64120 -2.11843
H 89.71010 91.82380 -2.02555
H 78.53160 88.11870 0.48179
H 75.46920 88.75980 1.13169
H 72.34500 89.66520 2.18468
H 82.23350 90.06110 -2.36760
H 80.31490 90.56640 -0.09984
H 86.39790 91.70140 -1.95848
H 87.35990 74.05960 -1.59561
H 85.32120 72.80850 0.39235
H 87.23290 76.84740 -2.45473
H 85.31260 78.79910 -1.02169
H 82.31920 80.70100 -0.58691
H 82.52420 83.76150 -1.29308
H 82.43020 86.86210 -1.84732
H 80.03700 85.50200 -0.45821
H 77.19500 84.26660 0.58855
H 74.49540 85.76810 1.41878
H 92.47300 71.73350 -1.72290
H 1.00501 73.66670 -2.16040
H 93.97130 74.25900 -2.98626
H 90.21650 73.67460 -0.50324
H 94.45760 94.76410 -2.28939
H -0.13644 81.14670 -3.50583
H 93.58340 80.95000 -3.43581
H 90.52700 80.82230 -3.39426
H 95.04520 83.87370 -3.08838
H 91.85920 83.74540 -3.19437
H 88.64350 83.47160 -3.12610
H -0.34625 86.70630 -2.50938
H 93.29100 86.61740 -2.87243
H 90.03340 86.32280 -2.78983
H 77.45750 91.15830 0.71597
H 74.50450 91.88640 1.32832
H 82.85710 92.67970 -0.93862
H 79.79340 93.49990 -0.23725
H 76.69550 94.26790 0.72640
H 82.26260 71.46430 0.85637
H 84.83650 75.74370 -0.69842
H 82.37320 74.55500 0.64350
H 79.59790 73.01540 1.35435
H 76.99300 71.50870 2.13080
H 82.34250 77.64410 0.03997
H 79.61420 76.20090 0.96523
H 76.89220 74.69540 1.94785
H 74.14210 73.13410 2.58173
H 79.70520 79.30880 0.53323
H 76.98950 77.86670 1.51054
H 74.25030 76.37560 2.30991
H 79.80760 82.47820 0.08833
H 77.04060 81.09170 1.10639
H 74.32930 79.50320 1.91223
H 74.41580 82.68780 1.61668
C -0.81207 93.73920 -0.69971
C 93.01130 93.54600 -0.55476
C 89.81590 93.56170 -0.31744
C 1.08971 75.99140 -3.08057
C 94.31060 76.80560 -3.08405
C 89.49120 80.61500 -1.20789
C 86.82130 82.24630 -2.02755
C 84.71940 86.12440 -2.12641
C -0.31748 88.22970 -0.54004
C 93.31220 88.21080 -0.89003
C 86.82990 87.69650 -0.67128
C 91.29900 90.74870 -0.45664
C 73.74680 87.74460 2.65912
C 81.70500 88.66190 -0.36700
C 79.07310 89.67990 1.91188
C 84.28490 90.69830 -1.03234
C 86.70660 93.31680 -0.11890
C 83.75050 94.50820 0.59838
C 89.06550 74.21440 1.64997
C 87.89480 72.87100 0.56412
C 84.67260 71.16740 1.46326
C 87.08280 76.10510 -0.03484
C 87.72020 78.59300 -0.73149
C 84.76030 80.80770 0.05256
C 84.77130 84.24800 -0.64153
C 82.36350 85.59840 0.27537
C 79.87270 86.42510 1.80534
C 76.74070 86.63360 1.16644
C 74.03060 84.38360 3.37734
C 95.61720 73.64050 -1.05168
C 92.34160 74.17770 -1.16148
C 92.23220 75.49640 -4.52997
C 95.24110 79.63160 -2.31786
C 92.09550 79.53160 -2.05347
C -0.29835 82.70540 -1.60869
C 93.43370 82.62590 -1.65144
C 90.30990 82.55380 -1.68272
C 94.84600 85.54120 -1.23275
C 91.77760 85.39490 -1.33623
C 88.51820 85.04950 -1.29788
C 90.07010 87.90340 -0.86735
C 88.18580 90.71450 -0.41124
C 76.03120 90.38110 2.61693
C 73.24040 91.62620 3.43807
C 81.53880 92.36140 1.09485
C 78.53750 93.01600 1.85280
C 75.34980 93.78880 2.71175
C 84.72240 74.53750 1.46607
C 81.73980 73.14970 2.54757
C 79.19550 71.48990 3.22564
C 84.62010 77.60060 0.90945
C 81.75560 76.44500 2.07534
C 79.12120 74.82010 2.92912
C 76.26160 73.18170 3.79869
C 81.95110 79.51870 1.52665
C 79.19730 78.03620 2.53099
C 76.38170 76.54650 3.50153
C 82.13270 82.63990 0.85281
C 79.28150 81.15460 2.09647
C 76.49840 79.69700 3.05460
C 73.53880 78.18210 3.83264
C 79.41680 84.40520 1.62684
C 76.67210 82.94960 2.63779
C 73.78390 81.25660 3.51970
