2979
Frame 119
C 13.12500 95.57790 -1.32425
C 14.26970 0.80750 -0.63869
C 12.43500 2.96012 -2.34804
C 11.18180 6.36899 -2.60454
C 8.53050 9.25903 -2.16200
C 5.12653 8.74240 -3.56299
C 3.15656 8.80031 -4.45247
C 23.98520 0.26141 0.73004
C 22.22160 4.05853 1.49022
C 24.59090 6.17143 -0.15842
C 24.99440 11.90290 0.06014
C 19.52900 0.61884 -0.68199
C 16.19550 -1.27348 0.74360
C 19.58600 3.93645 -0.48841
C 22.79180 8.92687 0.62314
C 19.86300 7.47424 -0.26343
C 14.25660 4.77475 -0.51520
C 23.42030 13.02200 -0.42787
C 14.77500 8.13382 -1.03559
C 23.14980 16.02080 0.03669
C 11.96790 10.12280 -0.97841
C 23.20080 19.36590 0.25266
C 12.72740 13.42340 -0.68199
C 9.60366 12.24140 -1.09649
C 23.32320 22.64990 0.41862
C 14.86220 17.53340 0.25034
C 11.33720 15.92450 0.59345
C 14.70090 21.24280 1.08795
C 20.79990 -1.26005 -0.70884
C 5.90612 10.47490 -1.03611
C 6.65769 13.84620 -0.23020
C 3.60983 13.96670 -0.99417
C 8.21982 16.51260 0.19097
C 2.40035 16.80150 -1.14181
C 9.64672 19.16190 0.38733
C 11.37270 21.68080 0.44381
C 9.65471 95.01460 -2.40044
C 11.19980 0.45342 -2.22588
C 8.00744 0.00179 -3.19999
C 4.50228 -0.18355 -3.81044
C 9.25936 2.88433 -3.27803
C 6.01331 2.69227 -3.87421
C 2.66838 2.39560 -4.14211
C 7.56633 5.58316 -3.96020
C 3.96939 5.38723 -4.27050
C 16.77790 2.60253 -0.56824
C 17.29110 5.95816 -0.60185
C 20.63680 10.81400 0.67797
C 17.38110 9.40260 -0.21548
C 20.53500 14.62640 0.14651
C 18.06210 12.65610 0.11586
C 15.05260 11.44420 -0.49239
C 20.51020 17.81810 0.33084
C 17.63780 15.96820 0.31180
C 15.13060 14.70350 -0.00479
C 20.35460 20.98760 0.41657
C 17.56650 19.35850 0.37919
C 5.13512 16.86750 -0.29295
C 6.73283 19.35240 0.21378
C 3.73258 19.51100 -0.39420
C 8.22539 21.90140 0.39422
C 5.22755 22.13540 -0.06304
C 1.96638 22.34340 -0.65164
H 13.65790 -1.04626 0.94531
H 12.00700 1.63979 -0.16875
H 10.59640 4.15701 -1.53729
H 8.66459 6.81114 -2.04562
H 2.35190 6.22972 -2.47474
H 4.06815 8.88333 -1.17885
H 22.87220 1.78717 2.47271
H 24.73430 4.13208 1.37091
H 22.94600 6.51083 1.25466
H 24.90720 9.81411 1.38025
H 25.30520 15.40650 1.36547
H 20.23750 2.49195 1.05822
H 17.46460 0.81076 1.02602
H 20.25450 5.58594 1.32634
H 14.75510 2.64351 0.94303
H 15.16700 6.34272 0.58775
H 21.71720 12.93960 1.33561
H 12.51350 8.32045 0.24897
H 24.08950 17.94450 1.45464
H 21.46910 16.13960 1.90968
H 10.01870 10.36580 0.83890
H 24.30830 20.93460 2.00018
H 10.44150 13.52000 0.48430
H 13.04520 17.63980 1.46048
H 9.64740 17.24030 1.93560
H 22.08380 -1.08076 1.38521
H 1.53652 12.49530 -1.51860
H 7.31761 12.07380 0.22300
H 4.14193 11.90290 0.21892
H 7.84114 14.64380 1.95121
H 6.43970 17.41530 1.70279
H 11.27320 19.93130 2.37958
H 8.13908 20.08470 2.11541
H 10.84100 96.11790 -0.65083
H 7.54398 95.94710 -1.40742
H 4.34267 95.63230 -2.04205
H 1.13090 95.32840 -2.24894
H 9.05360 1.33484 -1.41994
H 5.95909 0.91444 -2.16099
H 2.67555 0.66230 -2.37546
H 7.29897 3.90993 -2.11269
H 4.13703 3.59493 -2.57051
H 5.51245 6.43824 -2.55546
H 17.56240 4.24340 1.07545
H 20.64800 8.60202 1.76726
H 17.89270 7.49391 1.19770
H 18.34000 10.73640 1.78008
H 15.31600 9.49442 1.05626
H 18.63870 14.36970 1.93640
H 15.91040 12.80760 1.35402
H 13.03230 11.53450 0.82336
H 21.41810 19.39310 2.03758
H 18.60160 17.66360 1.86761
H 15.83150 16.01250 2.02720
H 13.15050 14.54680 1.39749
H 18.61760 20.95920 2.06919
H 15.77250 19.15030 2.06227
H 4.77213 14.83690 0.97654
H 1.65941 14.97140 0.28374
H 3.25391 17.58590 1.00112
H 4.92569 20.28280 1.58699
H 1.73031 20.31290 0.72318
C 11.81740 95.66080 1.69166
C 13.08590 1.13705 1.99812
C 11.40620 3.68376 0.86298
C 10.84510 6.54382 -0.57303
C 8.55358 8.80470 -0.19459
C 4.37648 7.36246 0.49036
C 2.05210 8.00959 -2.45236
C 23.95130 0.01115 2.51515
C 24.09250 2.66773 4.46641
C 24.53090 5.86668 3.18533
C 24.87900 11.52400 3.14224
C 18.93440 0.83001 2.71561
C 15.43510 96.03350 2.59105
C 19.05670 4.02634 2.93078
C 23.00140 8.69457 2.48699
C 19.34880 7.14692 3.14014
C 13.45420 4.51871 1.35594
C 23.42160 12.89970 3.23938
C 14.06660 7.73681 2.32651
C 23.30090 16.10770 3.10019
C 11.78080 9.88601 2.27807
C 23.38150 19.21960 3.54320
C 11.86430 12.85480 2.51352
C 8.88182 12.30630 2.16632
C 23.55020 22.55020 3.46910
C 14.65720 17.53380 3.62306
C 11.63950 15.89270 2.71796
C 14.46890 21.04410 2.92029
C 20.23190 96.10820 2.46298
C 5.72074 11.63140 2.19973
C 5.77045 13.65370 2.90522
C 2.89586 13.48700 1.78883
C 7.83340 16.20490 3.42995
C 1.20051 16.65850 2.00317
C 9.46970 18.79370 3.85246
C 11.34590 21.62240 3.69588
C 8.83408 95.47310 0.66247
C 10.13800 0.55601 0.69054
C 7.20922 0.33503 -0.07827
C 4.22831 -0.00548 -0.52320
C 8.58995 3.39642 -0.10331
C 5.59330 2.90419 -0.70513
C 2.59124 2.62956 -0.91591
C 7.20124 5.91592 -0.60837
C 4.03667 5.47499 -0.78482
C 16.24560 2.68632 2.53679
C 16.56580 5.89637 2.57064
C 20.58750 10.91610 2.62187
C 17.11200 9.24983 2.80351
C 20.46040 14.25570 3.27832
C 17.52450 12.52610 3.21006
C 14.60620 11.16440 2.68638
C 20.40680 17.69520 3.49563
C 17.73780 16.09740 3.60339
C 14.77210 14.15870 3.17010
C 20.49630 20.93620 3.72054
C 17.48560 19.25830 3.55738
C 4.46394 16.43250 2.76797
C 6.25077 19.17990 3.37909
C 2.94485 19.33440 2.63531
C 8.06516 22.11530 3.48679
C 4.80312 22.19290 3.17938
C 1.41281 22.11990 2.35672
C 22.85870 26.05870 0.14226
C 20.27450 27.93180 0.41792
C 15.29020 24.56820 0.76679
C 18.86680 29.24700 -0.51287
C 23.15800 28.99260 0.20436
C 24.21700 31.94730 -0.57932
C 23.75360 35.52540 -1.04197
C 26.10900 45.67020 -2.49738
C 22.52740 44.27050 -1.10435
C 21.33490 31.66710 1.85418
C 19.17570 32.72780 -0.71917
C 15.10700 27.96850 -0.88685
C 19.59360 34.70700 -0.71623
C 13.19260 34.15140 -0.43635
C 20.67230 38.04920 -0.96944
C 10.80840 36.19950 -0.37645
C 21.83770 41.10730 -1.18326
C 18.62440 40.72840 -1.08556
C 8.76168 38.61660 -0.71509
C 4.25406 39.20040 -1.49726
C 16.51990 43.14930 -1.04276
C 2.89279 42.43170 -0.92427
C 14.37040 45.45580 -1.26402
C 5.19252 44.12020 -1.55596
C 2.98937 46.64310 -1.51630
C 13.23600 24.24400 0.28800
C 12.27550 27.45060 0.43291
C 12.74600 30.92230 -0.40224
C 10.06140 30.08950 -0.02726
C 9.71394 33.11950 1.36319
C 5.94361 33.41500 0.40689
C 7.89193 35.69010 1.89121
C 1.65392 36.12480 -0.26414
C 20.57750 24.24070 0.62635
C 17.74440 22.76270 0.58630
C 17.96960 26.01860 0.76110
C 16.27440 34.73060 -1.04458
C 17.49940 37.72340 -1.01455
C 14.25280 36.83870 -0.78000
C 15.34060 40.04920 -1.04973
C 12.07420 39.38320 -1.00042
C 13.25260 42.42290 -1.26028
C 10.01150 41.95180 -1.19106
C 6.81046 41.42140 -1.27931
C 11.21710 44.82650 -1.21899
C 8.11484 44.57240 -1.29839
C 6.13706 47.17750 -1.30087
C 10.01500 24.44310 0.23738
C 6.73093 24.76650 0.08828
C 3.58344 24.90000 -0.25552
C 8.42330 27.31580 -0.00533
C 5.16505 27.45060 0.06737
C 2.29454 27.82700 -0.27027
C 6.91437 30.23620 -0.00644
C 3.80705 30.45680 0.00317
C 2.75723 33.47850 0.03060
H 1.08806 42.79750 0.89803
H 24.09330 24.06670 1.33911
H 21.57770 25.85790 2.25359
H 16.02170 22.89170 2.35076
H 18.93630 27.55020 2.55510
H 16.19930 26.09340 2.69511
H 16.75390 28.19350 0.37310
H 24.33400 27.28920 1.57234
H 24.60110 30.54050 1.52240
H 21.63210 29.21360 2.12679
H 24.30520 40.42680 -1.15385
H 25.01450 43.67870 -1.33114
H 22.80000 42.55950 0.67612
H 20.59000 44.88020 0.49061
H 19.94180 33.66340 1.63773
H 17.03450 32.91710 0.59417
H 14.08630 32.44800 1.16774
H 21.01320 36.43930 0.54861
H 11.72670 34.65300 1.46108
H 21.88630 39.50880 0.80173
H 9.42200 37.05670 1.35152
H 19.90090 41.92210 0.28901
H 6.96279 39.79260 0.65618
H 2.81569 40.07640 -0.06052
H 17.60650 44.25450 0.07177
H 5.11109 42.38410 0.22056
H 15.70250 46.86830 0.04823
H 3.33914 44.72790 -0.03908
H 12.92320 22.60860 2.08369
H 9.85525 22.75630 2.00305
H 11.63740 25.44740 1.71645
H 13.78820 29.40210 0.83720
H 11.41910 31.38850 1.65673
H 8.50128 30.97480 1.82044
H 7.32824 33.85710 1.99955
H 4.09786 34.16990 2.05519
H 0.99605 34.41430 1.43767
H 2.91664 37.17410 1.25151
H 21.47810 22.49520 2.09029
H 18.82710 24.27470 2.22134
H 23.59920 45.40860 0.79517
H 17.79940 35.93660 0.53089
H 14.85780 35.19290 0.96315
H 18.92410 38.87390 0.65979
H 15.71000 38.23430 0.60590
H 12.53950 37.62710 0.76373
H 16.76180 41.26750 0.49782
H 13.56620 40.68880 0.52616
H 10.35100 40.14280 0.43197
H 14.58150 43.67550 0.40769
H 11.52780 43.03480 0.41940
H 8.25000 42.75750 0.38566
H 12.59820 46.17810 0.33635
H 9.53296 45.72160 0.34444
H 6.39185 45.32320 0.24336
H 6.60575 22.99390 1.76338
H 3.38905 22.98820 1.34183
H 8.34696 25.55640 1.77531
H 4.99208 25.65450 1.60929
H 1.83201 25.84610 1.16655
H 10.12430 28.28230 1.50044
H 6.84364 28.33870 1.58993
H 3.60523 28.63270 1.67624
H 5.38396 31.23660 1.63808
H 2.28814 31.58440 1.59948
C 23.49750 25.68560 3.36705
C 20.65300 27.57020 3.90684
C 15.20380 24.22740 4.24839
C 16.68710 28.67640 2.98165
C 23.61080 29.00770 3.28701
C 23.55040 32.51570 2.42574
C 23.17880 35.44170 0.80292
C 25.02590 43.42720 1.21997
C 22.15430 44.26660 2.45854
C 20.56880 31.01380 3.64708
C 17.86200 33.36660 3.04980
C 15.88320 30.68500 0.79125
C 20.69190 35.13460 2.87752
C 13.67300 34.23640 2.90107
C 20.51830 38.04840 2.41525
C 11.51980 36.68260 2.85636
C 21.37980 41.41020 2.41553
C 18.50270 40.67850 2.19774
C 8.45279 38.82220 1.18464
C 4.89103 38.49260 0.40973
C 16.33490 43.09130 2.03319
C 3.29251 41.65810 1.81344
C 14.46960 45.63240 1.86360
C 4.92355 44.18240 1.83362
C 2.69444 46.49900 1.68369
C 13.08870 24.43790 3.57980
C 12.43570 27.84180 2.24026
C 13.42880 30.72140 2.91038
C 10.22930 29.97730 3.31138
C 10.85810 33.14850 3.25959
C 5.57920 32.82500 3.59038
C 4.59253 35.90700 2.89298
C 1.19939 36.26820 3.00921
C 20.76860 24.13600 3.77746
C 17.89920 22.62110 3.85258
C 17.96320 25.72100 4.12927
C 16.76070 34.69930 2.42938
C 17.44530 37.68990 2.24916
C 14.37900 37.09550 2.36376
C 15.38190 40.14000 2.13262
C 12.08400 39.52650 2.16902
C 13.21080 42.54520 2.12270
C 9.93313 42.01070 1.99939
C 6.67005 41.80970 2.06416
C 11.14410 44.97790 1.96679
C 7.97587 44.61170 1.87514
C 6.08951 47.05600 1.87350
C 10.04470 24.78790 3.46922
C 6.57783 24.90470 3.33744
C 3.13543 24.82610 3.00662
C 8.50060 27.51360 3.22842
C 5.12602 27.54520 3.22942
C 1.65419 27.68020 2.86593
C 6.73447 30.08390 3.35219
C 3.69748 30.46890 3.26399
C 2.13424 33.31100 3.32014
C 20.59570 46.89670 -1.18529
C 17.47270 46.29230 -1.54312
C 15.33790 48.76330 -1.52756
C 16.68920 52.62790 -0.78294
C 14.62320 55.57440 -0.66562
C 18.19120 56.04270 -1.19712
C 20.61890 58.01640 -1.37749
C 22.26600 60.64280 -1.36001
C 24.26950 63.49670 -1.39305
C 19.44530 60.95160 -1.63297
C 16.88560 59.49870 -1.08892
C 14.15820 57.94520 -0.78241
C 10.98980 56.45920 -0.12341
C 22.70100 66.16790 -1.61943
C 20.33410 64.04900 -0.93748
C 10.95450 60.15560 -1.01953
C 23.45190 69.48730 -1.09233
C 11.64300 63.23910 -2.02004
C 11.67200 66.46630 -2.65129
C 9.32030 68.47080 -3.26952
C 13.77290 48.08750 -2.88509
C 7.27289 50.18260 -1.22322
C 4.06753 49.48770 -1.24131
C 11.44440 53.56750 -1.24535
C 8.37441 53.03020 -1.41518
C 5.13486 52.59350 -1.29793
C 1.95273 51.82420 -1.17067
C 7.59261 55.94380 -0.01622
C 9.06814 57.88650 2.08249
C 7.68659 60.45230 -1.32214
C 9.58445 62.91110 -1.72549
C 8.19098 65.73730 -2.46005
C 7.17049 68.64540 -2.98148
C 23.64320 47.13600 -0.96175
C 21.87730 49.69240 -0.98813
C 18.06270 49.74150 -0.41073
C 23.52940 52.46940 -0.80315
C 20.09310 52.51040 -1.19066
C 22.00690 55.20150 -1.13792
C 23.75560 57.90090 -1.03918
C 17.04180 63.23940 -1.97239
C 14.30980 61.23450 -1.54017
C 20.31320 67.76540 -1.94711
C 17.53600 66.18610 -2.01308
C 14.45800 64.80200 -2.05667
C 17.83790 69.41920 -2.54075
C 14.78430 67.78610 -2.63923
C 12.29580 69.69620 -3.30135
C 12.17200 47.96880 -1.29089
C 9.11355 47.51810 -1.22277
C 10.32700 50.60920 -1.31249
C 3.77619 55.36360 -0.90783
C 5.73601 58.27330 -1.07408
C 2.46835 58.60540 -1.54503
C 4.32353 61.03410 -1.73153
C 6.22486 63.63590 -2.05484
C 2.97538 64.11930 -2.13314
C 5.07393 66.46220 -2.57087
C 1.85869 67.09980 -2.46797
C 3.93063 69.28230 -3.15055
H 2.32211 50.02250 0.64550
H 18.75670 47.45800 0.33552
H 16.35530 51.06570 0.85562
H 15.96590 54.32950 0.89614
H 16.46690 57.20740 -0.52103
H 22.08670 58.97950 0.34260
H 19.01270 59.19790 0.02844
H 23.79730 61.69950 0.23215
H 14.38330 56.91020 1.41404
H 12.63040 54.77640 0.51332
H 22.50670 64.36740 -0.00245
H 20.69660 61.90070 0.04547
H 17.56120 61.63560 -0.25341
H 14.99240 59.91620 0.44517
H 12.16510 58.51430 0.45441
H 23.72440 67.31040 -0.03604
H 12.40590 61.76070 -0.16352
H 12.49750 65.16610 -0.59211
H 9.96358 67.03780 -1.45426
H 10.31000 70.22050 -1.77406
H 13.64640 49.25830 0.25814
H 4.34051 47.69190 0.29558
H 11.75120 51.71950 0.59168
H 8.70489 51.34700 0.36373
H 5.47280 50.75890 0.35382
H 9.58013 54.48990 0.14932
H 6.66913 53.63600 0.30035
H 3.39386 53.05330 0.37922
H 7.79519 55.57080 2.57056
H 7.19315 59.13180 0.91408
H 9.25127 61.47590 0.20975
H 8.04051 64.29890 -0.49221
H 6.81340 67.23000 -1.13160
H 5.76587 70.25730 -1.73859
H 25.15230 47.80040 0.89197
H 21.94430 47.88300 0.63112
H 23.42820 50.61830 0.83189
H 20.26580 50.55810 0.25543
H 21.81860 53.31820 0.47727
H 18.71130 53.37390 0.69553
H 23.53650 56.12660 0.64301
H 20.33710 56.27590 0.26830
H 20.78920 66.26760 -0.15095
H 18.08880 64.61810 -0.22462
H 15.16990 63.22100 -0.29867
H 21.09590 69.36280 -0.56431
H 18.23990 67.98700 -0.51521
H 15.51320 66.48190 -0.64225
H 15.74390 69.61050 -1.25208
H 12.89760 68.28930 -1.37048
H 10.49070 48.78660 0.32532
H 7.44068 48.32330 0.32876
H 5.29057 56.53460 0.60686
H 2.08734 56.96770 0.00199
H 4.04963 59.48640 0.21714
H 6.01174 61.91870 -0.27868
H 2.85069 62.44200 -0.37327
H 4.79976 64.92350 -0.65160
H 1.58264 65.46510 -0.64515
H 3.73588 67.89550 -1.08210
H 2.71877 70.77570 -1.66090
C 20.28850 46.94290 2.18749
C 17.28400 46.09950 1.83423
C 15.32110 48.80900 1.57997
C 16.91930 52.55610 2.42668
C 14.40820 54.54730 2.30134
C 17.97780 55.75480 0.87327
C 20.31770 58.18200 1.81257
C 22.09050 60.95870 1.76456
C 24.09060 63.67080 1.67116
C 19.09310 61.04040 1.54838
C 16.99040 58.77510 1.29229
C 13.65880 59.05340 2.33951
C 12.03100 56.61800 2.02619
C 22.39850 66.12930 1.61096
C 20.25190 64.14670 0.74503
C 10.82090 60.15350 0.91340
C 23.00480 69.42440 0.93271
C 11.61150 63.54910 1.22885
C 11.66290 67.03650 0.42260
C 9.31507 68.98330 0.00797
C 14.06370 51.59230 1.23143
C 7.27194 50.12630 1.92426
C 3.95712 49.51480 1.96649
C 11.06820 53.65980 2.04838
C 8.46130 53.20420 1.94474
C 5.21783 52.57950 1.99839
C 2.10511 51.99720 2.22000
C 5.75785 55.56070 2.95925
C 8.60592 57.55120 4.04944
C 7.36513 61.09400 1.77541
C 9.57357 63.43750 1.35586
C 8.49106 66.24680 0.40997
C 7.17015 69.28850 0.07412
C 23.36910 47.19730 2.45675
C 21.60830 49.67450 2.18750
C 18.31340 49.61660 1.52920
C 23.22240 52.53170 2.36890
C 20.17150 52.36120 2.10898
C 21.81500 55.27480 2.03919
C 23.47160 57.98960 2.11913
C 16.93470 63.25000 1.43993
C 14.18030 61.89390 1.55371
C 20.00500 68.05870 1.17282
C 17.21580 66.46510 1.15180
C 14.37780 65.08810 1.04795
C 17.29310 69.93910 0.60194
C 14.53010 68.39350 0.46138
C 12.14590 70.27470 -0.09474
C 12.18070 48.00020 1.89822
C 9.10661 47.51460 1.93676
C 10.15920 50.42810 2.13940
C 3.31423 55.01220 1.03239
C 5.01400 58.26470 2.15162
C 2.18853 58.65100 1.60928
C 4.29052 61.53380 1.45134
C 6.24124 63.96480 1.08603
C 3.16058 64.48010 1.06126
C 5.22068 66.99670 0.62642
C 1.94373 67.55190 0.59124
C 4.19648 69.97170 0.14767
C 9.80583 89.66480 -1.74497
C 11.51170 92.53370 -1.49968
C 8.16669 92.27270 -2.46427
C 4.80972 91.82650 -3.39423
C 1.64110 91.54930 -3.93663
C 5.49719 74.61970 -3.81408
C 9.92075 77.81020 -3.96165
C 6.77313 77.91490 -3.91679
C 3.80283 77.46710 -3.85438
C 12.24860 86.12930 -4.88935
C 10.45120 87.35050 -1.78553
C 6.83386 89.39960 -2.61766
C 3.37979 89.16490 -3.55129
C 23.50500 80.23540 -1.03711
C 20.20730 81.20750 -1.52627
C 17.09410 83.03110 -2.88100
C 13.91240 85.44730 -5.58776
C 13.69270 87.34990 -2.19391
C 13.08050 90.04380 -0.65785
C 15.52560 92.29960 -1.17938
C 18.02440 94.33260 -0.72632
C 23.36400 94.90080 -0.09516
C 23.88230 72.59060 -1.41813
C 24.14920 76.24160 -0.77495
C 21.55430 77.60530 -1.88766
C 9.47781 71.62190 -3.69786
C 16.17360 77.52200 -4.11148
C 13.37310 76.28960 -4.71371
C 8.78598 74.67220 -3.46985
C 16.48920 81.17500 -3.74971
C 6.04619 71.86330 -3.61355
C 2.93101 72.35000 -3.53490
C 6.28658 94.80210 -3.18751
C 2.86612 94.41580 -3.69449
C 8.29611 80.63040 -4.06912
C 5.08035 80.43720 -3.92889
C 2.15385 80.37260 -4.04413
C 9.89838 83.35020 -4.32048
C 6.51433 83.41130 -4.15219
C 3.43264 83.12990 -3.98070
C 8.05147 86.29770 -3.89052
C 4.92539 86.25360 -3.87171
C 1.70038 86.24610 -4.11550
C 22.74510 83.28300 -0.97701
C 19.89220 84.84600 -1.87150
C 16.72020 86.07950 -2.14200
C 22.21610 86.65040 -1.08064
C 19.21230 87.86360 -1.41474
C 16.26180 89.16280 -1.57908
C 24.53400 88.64000 -0.37969
C 21.63860 89.84710 -0.63198
C 18.78340 91.02540 -0.92566
C 24.24480 91.78990 -0.07336
C 21.17500 92.94060 -0.61109
C 20.82240 70.95840 -2.17323
C 21.22410 73.96610 -2.29193
C 18.31200 72.81030 -2.89261
C 15.28360 71.08350 -3.23400
C 18.55350 75.83640 -3.13806
C 15.84530 74.32770 -3.84212
C 12.60860 72.94190 -3.94382
C 18.84910 79.31480 -2.94385
H 10.82930 90.69430 0.16656
H 7.81924 90.62630 -0.70203
H 12.55390 93.53580 0.27204
H 6.01311 92.97410 -1.59101
H 2.91026 92.57100 -2.07181
H 6.84320 75.92680 -2.52730
H 3.59472 75.97220 -2.47949
H 8.45044 78.89310 -2.24805
H 9.78740 81.74010 -2.15553
H 11.47700 84.09410 -3.48388
H 8.77805 88.10730 -0.01868
H 4.65616 90.00820 -1.62579
H 1.41478 89.75350 -2.16213
H 22.88560 78.11590 0.02598
H 21.98420 81.33240 0.37456
H 18.71140 82.77880 -0.91015
H 15.79060 84.03210 -0.84975
H 14.40650 85.77330 -3.16390
H 12.19940 87.77170 -0.18640
H 14.93240 90.27660 0.16496
H 17.32790 92.24780 0.67584
H 15.41110 94.52750 -0.80035
H 19.85250 94.39020 0.60157
H 24.69470 70.98490 0.21364
H 24.33630 74.17050 0.59559
H 21.82700 75.58780 -0.59346
H 19.03420 77.55810 -1.77589
H 13.60830 74.57580 -2.75666
H 10.66700 73.40230 -2.43468
H 7.84437 72.78080 -2.26466
H 16.30190 79.16860 -2.16534
H 13.63290 77.67180 -3.16528
H 4.68922 73.10710 -2.00983
H 9.32356 93.35700 -0.53490
H 5.17274 78.75400 -2.20246
H 1.99308 78.53090 -2.51663
H 6.66398 81.60640 -2.50778
H 3.55702 81.43730 -2.25681
H 8.20243 84.46570 -2.69240
H 4.89613 84.27730 -2.47125
H 1.71727 84.29120 -2.51731
H 6.42691 87.00600 -2.05171
H 3.17768 87.05810 -2.31245
H 24.96860 79.99730 0.92809
H 24.41930 83.36730 0.90285
H 21.23500 84.64040 0.21499
H 18.31270 85.90700 -0.25456
H 15.39000 87.18290 -0.39931
H 23.71460 86.62470 0.83415
H 20.75170 87.84910 0.56623
H 17.87940 89.01640 0.29446
H 23.19260 89.94080 1.22650
H 20.33130 91.17470 0.97395
H 22.67750 93.06760 1.41487
H 21.67980 72.45530 -0.39974
H 18.60290 71.20070 -1.08779
H 19.04230 74.38810 -1.12558
H 16.09480 72.82960 -1.83932
H 13.19360 71.49560 -1.95125
H 16.29430 75.99210 -2.16711
C 8.89401 90.10680 1.49337
C 10.56630 92.72470 1.57885
C 7.37641 92.67460 0.54786
C 4.35542 91.69210 -0.17319
C 1.18396 91.63480 -0.56804
C 5.31142 75.11980 -0.69309
C 10.51710 78.33590 -0.91185
C 6.89759 77.78280 -0.72689
C 3.48167 77.90850 -0.64542
C 13.31490 82.48790 -3.17058
C 10.26150 87.33460 1.45943
C 6.36872 88.77900 -0.31095
C 2.85111 88.77760 -0.42473
C 22.76000 79.57770 1.95541
C 19.71620 80.69840 0.28132
C 16.48300 81.96570 0.29324
C 13.46170 83.89650 -1.72510
C 13.26950 86.26720 0.66721
C 12.74190 89.67070 1.29192
C 14.84620 92.60640 0.89272
C 17.94590 93.77870 2.26680
C 22.97060 94.84070 3.01511
C 23.09460 72.30400 1.64843
C 23.02260 76.18400 1.47315
C 20.55190 77.61100 0.01826
C 9.52318 72.17950 -0.56153
C 14.51710 77.38450 -1.19265
C 11.17060 77.05770 -2.43510
C 8.95239 74.92790 -1.63176
C 15.18580 80.85170 -0.81936
C 6.40005 72.29030 -0.45444
C 2.97678 72.83480 -0.24802
C 5.67219 94.84770 -0.10764
C 2.71748 94.46310 -0.56629
C 8.46148 81.03060 -0.88287
C 5.24146 80.65570 -0.71731
C 1.76416 80.43250 -0.89179
C 10.29910 84.18210 -1.26942
C 6.50833 83.56110 -1.03732
C 3.29629 83.43370 -0.84083
C 7.73542 85.89130 -0.63606
C 4.68345 85.97590 -0.67233
C 1.35911 86.11510 -0.88431
C 22.16830 82.83140 1.82509
C 18.99830 84.02800 1.31004
C 16.24580 85.24040 0.94655
C 21.72060 86.13350 2.12862
C 18.76110 87.26050 1.80930
C 15.80610 88.53960 1.58262
C 24.03230 88.23200 2.74742
C 21.15580 89.32530 2.44596
C 18.22900 90.57680 2.18248
C 23.63770 91.56360 3.09715
C 20.51660 92.92550 2.65432
C 20.07650 71.08830 0.80930
C 20.47380 74.17210 0.89028
C 17.58180 73.02500 0.16071
C 14.80790 71.56570 -0.06898
C 17.65240 76.21990 -0.19247
C 14.96460 74.65430 -0.64637
C 12.20890 73.52170 -0.84386
C 17.51110 78.51520 -0.04517
C 38.82960 -0.03310 1.91581
C 36.52450 -0.37465 0.91188
C 39.55700 3.01361 2.24644
C 48.38660 9.16269 1.30762
C 45.23430 8.89071 1.61020
C 42.22630 8.30473 1.85756
C 43.02190 11.31510 1.38173
C 33.79210 -0.78887 2.44079
C 27.68360 0.40140 0.47921
C 35.91110 2.59973 2.36188
C 37.71260 5.46833 1.65381
C 39.21440 8.24999 1.57830
C 26.17680 8.92899 0.14914
C 40.90910 10.86270 1.25606
C 39.67430 13.89410 0.86898
C 26.85890 14.58960 0.22164
C 28.49030 17.16390 0.52020
C 36.71740 19.94620 0.80705
C 33.38080 19.98510 0.80990
C 30.14850 20.04370 0.81702
C 26.58450 20.40750 1.07731
C 49.41970 11.05940 0.84818
C 46.14750 12.02050 1.43687
C 44.64250 14.32330 -0.38875
C 43.35230 17.31000 -0.12829
C 40.53300 19.07900 0.08724
C 40.55470 21.99670 -0.06516
C 47.77840 0.95968 3.02852
C 44.66970 0.56525 2.99450
C 41.86660 0.20906 2.61620
C 49.18900 3.74190 2.47709
C 46.03170 3.44517 2.71045
C 42.76290 3.06674 2.67550
C 47.31410 6.22146 2.05820
C 44.03470 5.89482 2.20392
C 40.93150 5.52547 2.16804
C 31.08090 0.15878 1.19804
C 32.89150 2.64679 1.42120
C 29.43140 2.95039 0.67462
C 26.23630 3.06135 0.21599
C 34.43990 5.48369 1.28684
C 31.08720 5.77806 0.69133
C 27.85600 5.97493 0.36801
C 36.08960 8.37361 1.12104
C 33.02070 8.42487 0.70598
C 29.71810 8.59460 0.26255
C 37.72190 11.09400 0.97484
C 34.53280 11.19590 0.65409
C 31.42530 11.36750 0.33882
C 28.25550 11.54200 0.15795
C 36.32090 13.92590 0.51583
C 33.13390 14.09250 0.39726
C 29.94390 14.29570 0.38211
C 38.19480 16.76130 0.56654
C 34.80360 16.99260 0.48170
C 31.75300 17.14760 0.57192
C 49.05700 14.25510 0.32335
C 46.11530 15.84470 0.22207
C 49.05750 17.31250 0.02663
C 45.96100 18.95200 -0.06033
C 43.32080 20.70380 -0.13614
C 48.93650 20.48220 -0.25084
C 45.86730 22.06260 -0.35476
H 36.89160 0.59120 3.23559
H 40.98430 3.96169 4.08786
H 37.86470 3.69105 3.45265
H 48.83200 7.54432 3.25240
H 42.29170 6.77780 3.70012
H 46.71770 10.10050 2.82934
H 43.56670 9.80931 3.34452
H 30.78040 95.99430 2.98597
H 27.75710 95.89240 1.97675
H 32.44000 1.05893 3.15182
H 25.96570 1.09045 1.73472
H 34.04340 3.96521 3.21668
H 39.11980 6.58413 3.27136
H 35.91960 6.67806 2.88982
H 40.56910 9.38961 3.24551
H 39.36530 12.20960 2.52772
H 26.65340 12.56510 1.73064
H 40.75590 15.35280 2.81927
H 37.86500 14.89030 2.21762
H 36.52770 17.80190 2.03898
H 27.01220 17.99870 1.88057
H 34.85790 20.81070 2.31438
H 31.75350 20.48710 2.79131
H 28.82130 20.87800 1.95124
H 48.39190 12.75960 2.14416
H 45.32680 14.28610 2.04488
H 42.78540 15.62860 0.44051
H 42.32250 19.06910 1.38268
H 39.67110 20.70060 2.03493
H 24.82830 95.62760 1.58220
H 47.88770 -0.67917 4.76940
H 44.79740 -1.15216 4.72220
H 41.73160 95.90680 4.19811
H 38.73380 95.58370 3.34588
H 49.33010 2.20980 4.47130
H 46.10850 1.82734 4.57004
H 42.95370 1.44740 4.46474
H 39.96420 1.06091 3.81517
H 47.54110 4.74664 4.06566
H 44.25780 4.36730 4.13582
H 45.48840 7.25398 3.48890
H 29.19600 1.18389 2.39805
H 30.96070 3.96531 2.35246
H 27.74820 4.05919 1.96770
H 32.62110 6.73805 2.45308
H 29.42200 6.82079 2.10002
H 26.18710 6.90934 1.71070
H 37.51740 9.46423 2.85067
H 34.37690 9.51405 2.45550
H 31.23750 9.52232 1.95793
H 28.01960 9.65428 1.70210
H 36.05420 12.20340 2.28046
H 32.89190 12.28840 2.04732
H 29.82140 12.40700 1.84589
H 34.71470 15.06610 1.98925
H 31.60600 15.14340 1.99248
H 28.41890 15.20490 2.06541
H 33.38890 17.93490 2.30617
H 30.13070 17.97060 2.17251
H 48.05010 15.95750 1.78803
H 45.07100 17.46610 1.68168
H 47.92900 19.03040 1.40725
H 45.12470 20.63650 1.52613
H 42.41470 22.30690 1.50769
H 47.79530 22.22470 1.14233
C 38.30070 -0.28712 5.03744
C 35.04490 -0.56092 4.17777
C 39.15980 2.84230 5.32874
C 48.46940 9.72936 4.47285
C 45.43250 9.38355 4.83505
C 42.16090 8.82066 5.03291
C 42.87830 11.80440 4.64423
C 33.51570 0.43726 5.29745
C 27.25050 0.19860 3.62426
C 35.82070 2.57961 4.24042
C 37.28830 5.74441 4.68052
C 38.85910 8.54457 4.70154
C 26.27310 8.80999 3.19050
C 40.73980 11.45820 4.47695
C 39.51210 14.29550 4.03781
C 26.55090 14.32800 3.45029
C 28.47000 16.98840 3.74604
C 37.30710 20.20510 2.59588
C 33.65970 19.53740 4.20858
C 29.74140 19.61650 3.99020
C 26.44640 20.29280 2.94818
C 49.39420 11.60300 4.10563
C 46.19880 12.38310 3.25609
C 43.05930 14.24720 2.75786
C 42.85440 16.98870 2.64824
C 40.88740 19.56370 3.46526
C 40.68980 22.77030 3.20706
C 47.79510 1.29858 6.21622
C 44.55000 0.84569 6.19017
C 41.25990 0.18041 5.65787
C 49.38120 4.31819 5.62074
C 46.07040 3.93989 5.77798
C 42.65280 3.51748 5.80348
C 47.26030 6.86204 5.16888
C 44.05530 6.44597 5.35023
C 40.53250 6.05967 5.22770
C 30.43540 0.47616 4.39478
C 32.20080 3.19854 4.46645
C 29.08930 3.19189 3.84647
C 25.86770 2.95774 3.29780
C 34.08550 5.72993 4.30933
C 30.79950 5.88258 3.92867
C 27.59420 5.89645 3.52923
C 35.75600 8.60693 4.30361
C 32.52980 8.78186 3.87548
C 29.48950 8.82188 3.51650
C 37.53600 11.45520 4.15253
C 34.30090 11.41630 3.86945
C 31.28960 11.49040 3.57982
C 28.03920 11.51650 3.32635
C 36.24570 14.25870 3.74464
C 33.11660 14.17210 3.61720
C 30.05410 14.08890 3.58086
C 38.91630 17.09110 2.47885
C 35.10900 16.89540 3.76016
C 31.65760 16.92610 3.71657
C 49.15440 14.60860 3.55915
C 46.09410 15.80650 3.32454
C 49.02620 17.69540 3.26246
C 46.13450 19.08900 3.13683
C 43.19640 20.71000 3.07119
C 48.89950 20.82180 2.86833
C 45.99920 22.35950 2.84396
C 49.27380 29.83740 1.09357
C 47.62540 32.40590 0.82598
C 49.59180 35.31460 0.14881
C 48.09770 38.02860 -0.35081
C 37.56340 23.44390 -0.12576
C 40.12620 25.90380 0.16151
C 42.87470 27.23090 -0.48609
C 48.42990 27.05780 -1.00047
C 45.89060 29.06630 -0.74414
C 36.71660 25.36510 -0.18196
C 33.86400 23.63720 0.25022
C 29.94100 23.08560 1.82886
C 40.54620 29.69450 -0.49350
C 37.53350 28.39620 -0.23888
C 28.56750 25.28740 -0.14679
C 44.33900 33.03920 0.03609
C 41.20400 32.70030 -0.34510
C 25.87450 27.33390 -0.36357
C 42.06610 36.23180 0.10627
C 39.45080 37.84350 -0.51196
C 37.35550 40.35880 -0.56386
C 34.92480 42.12230 -0.94703
C 31.40760 41.09990 -1.03234
C 27.83200 40.04220 -2.49488
C 25.08760 38.75120 -2.22644
C 24.59700 42.35860 -3.05946
C 31.75750 44.08490 -0.72321
C 28.51420 43.86210 -0.75142
C 32.86550 47.05050 -0.82744
C 46.03960 35.57860 0.56726
C 44.69460 38.77500 -0.69318
C 41.79960 39.88110 -0.76663
C 46.81470 40.76820 -1.05861
C 41.21690 43.19870 -0.92933
C 37.92360 44.36430 -1.74535
C 35.44560 45.42690 -0.14020
C 47.12890 44.08620 -1.45618
C 43.20480 23.86710 -0.34205
C 48.81820 23.58160 -0.59915
C 45.98600 25.08870 -0.88778
C 34.48390 27.40450 -0.12292
C 31.33290 26.15000 -0.03638
C 38.11030 31.52430 -0.42261
C 35.09920 30.36670 -0.28180
C 31.99330 29.44820 -0.30204
C 28.79290 28.18880 -0.04178
C 38.91680 34.72140 -0.48793
C 35.78850 33.50680 -0.64357
C 32.67800 32.41990 -0.63262
C 29.44470 31.28580 -0.47331
C 26.30830 30.22470 -0.27400
C 36.45050 36.62840 -0.84319
C 33.22680 35.47240 -0.91486
C 30.33860 34.42050 -0.96342
C 27.17490 33.43170 -0.97588
C 34.15840 38.87110 -1.11165
C 30.96150 37.58360 -1.41241
C 27.31870 36.64070 -1.05521
C 29.87740 46.80970 -0.68250
C 44.12680 41.91910 -1.07105
C 43.94660 45.18590 -1.28906
C 40.94490 46.16460 -0.99823
H 47.91620 30.95770 2.98835
H 49.40680 33.71840 2.04552
H 48.04820 36.58140 1.63326
H 39.55480 23.80060 1.26897
H 42.31470 25.44090 1.09517
H 41.05880 27.95300 0.98638
H 47.71340 28.47430 0.91486
H 44.70280 29.65120 1.53919
H 38.11870 26.73800 1.32716
H 35.00440 25.55640 1.52255
H 32.00500 24.44970 1.63991
H 41.81150 30.92710 1.44002
H 38.78510 29.90070 1.26966
H 29.65470 26.64770 1.72083
H 26.80510 25.44030 1.10959
H 42.46450 34.03190 1.23761
H 39.90660 36.04470 1.19915
H 41.29410 38.35500 1.08907
H 24.91280 33.67710 0.42841
H 38.04050 41.19870 1.85638
H 32.12070 39.14660 0.23652
H 29.13360 38.03560 -0.34489
H 24.90060 37.25550 -0.08794
H 35.84630 43.31250 0.97890
H 32.90200 42.26320 0.50655
H 28.48990 42.26250 0.42259
H 33.25980 45.23630 0.76490
H 30.09560 44.97380 0.92792
H 46.12480 33.42500 1.91043
H 44.18380 37.09500 1.07188
H 46.48010 39.26390 0.93668
H 43.63860 40.39090 0.77817
H 40.74900 41.46150 1.00695
H 38.65840 42.60280 -0.73959
H 46.19920 42.41920 0.09492
H 45.13950 23.85450 1.12111
H 47.84840 25.38770 0.64402
H 45.15610 26.82560 0.13109
H 35.72480 28.78010 1.52645
H 32.59320 27.74110 1.42495
H 39.30990 32.94970 1.20221
H 36.29690 31.89910 1.11861
H 33.23680 30.84900 1.27728
H 30.15200 29.77180 1.35361
H 27.10180 28.60560 1.42491
H 36.93760 34.98620 0.93356
H 33.87390 33.99690 0.84804
H 30.83960 32.92330 0.85130
H 27.54090 31.81980 0.92661
H 37.50830 38.26690 0.73089
H 34.45740 37.07090 0.57294
H 31.36740 36.03930 0.60438
H 28.25070 34.85400 0.43654
H 35.23350 40.24190 0.64482
H 26.82870 44.99730 0.88154
H 43.22290 43.59420 0.44448
H 40.35680 44.65700 0.98298
H 37.46000 45.76590 0.31145
H 45.93040 45.66590 0.02361
H 42.96380 46.79580 0.37154
C 49.30600 30.03340 4.15776
C 47.73840 33.25740 3.88703
C 49.53470 35.75180 3.38867
C 47.94940 38.35390 2.82889
C 37.68170 23.48710 2.88335
C 40.22750 25.98320 2.18587
C 43.33180 27.55930 1.72010
C 47.87850 26.93170 2.62249
C 46.13650 29.78430 2.51665
C 36.97930 25.39690 3.07379
C 34.28490 23.30050 2.25215
C 31.44710 22.61900 3.46961
C 40.68860 29.49410 2.85391
C 37.71560 28.48960 2.97992
C 28.70450 24.84730 2.97152
C 44.03540 32.08020 1.87584
C 41.13860 33.00000 2.85708
C 26.18390 27.08220 3.14804
C 42.10600 36.29290 2.15293
C 39.28790 38.05630 2.44544
C 36.72240 39.84060 2.56374
C 34.58730 41.87530 2.35895
C 30.70950 41.12190 0.94406
C 28.50950 39.93990 -0.78085
C 23.71070 38.61060 0.68479
C 26.03680 41.73770 0.16953
C 31.88110 43.77280 2.15550
C 28.47080 43.92130 2.46866
C 32.95440 47.00150 2.44243
C 45.75860 35.75980 2.52938
C 44.58360 38.91600 2.51502
C 42.12540 39.95070 2.66016
C 46.72980 41.20900 2.26463
C 41.86270 43.29070 2.51932
C 38.15850 43.76460 1.50461
C 35.46680 45.51820 1.71213
C 47.58250 44.25970 1.06332
C 43.41130 24.17280 2.83570
C 48.64710 24.02170 2.50688
C 46.03110 25.83600 2.21466
C 34.33470 27.37000 3.07206
C 31.70250 26.07170 3.13577
C 38.06330 31.64350 2.80963
C 35.14070 30.62880 2.89931
C 32.03140 29.56510 3.01478
C 28.93230 28.44500 3.08609
C 38.63700 34.74880 2.70620
C 35.61990 33.75000 2.58466
C 32.58740 32.84410 2.63062
C 29.39910 31.76190 2.56978
C 26.27470 30.55280 2.77766
C 36.12350 36.84940 2.29980
C 33.08690 35.89600 2.27744
C 29.97690 34.80820 2.23634
C 26.66270 33.82220 2.20987
C 33.71620 38.92400 2.06514
C 30.45190 38.03040 1.74142
C 27.11090 37.10590 0.90829
C 29.87850 46.86290 2.54671
C 44.69420 42.19520 2.00865
C 44.24400 45.37230 1.83039
C 41.25930 46.64640 2.24821
H 37.34890 59.80020 -0.04952
H 34.79940 58.23300 -0.02939
H 40.44210 63.13050 -0.12829
H 37.41600 62.69600 -0.26733
H 44.63860 67.67280 -0.17391
H 41.18330 66.34030 0.07953
H 29.29210 62.16870 0.68459
H 44.79500 70.84720 0.11159
H 25.72990 64.69320 0.15422
H 26.62350 68.38000 0.17291
H 27.83630 71.24120 0.70439
H 34.60670 61.36900 0.06352
H 38.18080 65.53050 -0.32698
H 35.03850 64.61850 -0.13558
H 32.06320 63.37330 0.24542
H 41.92840 69.63950 -0.22781
H 38.87030 68.59120 -0.14556
H 35.65870 67.62070 -0.11106
H 32.31320 66.60080 0.29635
H 29.29830 65.33400 0.25271
H 36.38540 70.69550 -0.00100
H 33.25090 69.64620 0.39390
H 30.14920 69.09360 0.24731
C 48.15460 65.61020 -3.17178
C 49.32160 68.85440 -1.17399
C 35.08930 49.62400 -0.35036
C 35.86410 53.27420 -2.13460
C 34.01640 55.85750 0.60445
C 31.62180 55.18880 -0.64222
C 30.53510 58.08230 -0.23542
C 28.35260 60.36200 -0.70911
C 25.52600 60.62370 -1.05750
C 36.93750 57.85590 -1.49298
C 39.25550 61.07810 -0.82109
C 36.19610 61.03410 -1.81168
C 33.28730 59.77740 -1.34659
C 43.32440 65.55450 -1.06591
C 40.00180 65.05460 -1.84529
C 30.82520 61.73230 -1.16426
C 43.79870 69.64320 -1.75774
C 27.81800 63.55290 -0.61952
C 25.71920 66.76970 -1.36917
C 26.50900 70.31790 -1.23765
C 38.07530 47.65590 -1.07501
C 37.79410 50.88170 -0.93212
C 37.52880 54.33010 -1.67758
C 40.04260 56.07220 -1.59349
C 42.40340 58.19920 -1.69355
C 48.41870 58.75240 -1.21907
C 42.43320 61.95180 -1.51402
C 47.54730 61.94320 -1.33453
C 45.87190 63.23710 -1.18079
C 26.70570 46.84030 -0.78993
C 31.50860 49.58890 -0.66920
C 28.29920 49.63760 -0.69556
C 24.98920 49.59160 -0.70915
C 32.96680 52.19990 -0.93376
C 29.88920 52.35600 -0.66578
C 26.78250 52.37900 -0.72297
C 28.43730 55.17830 -0.62257
C 25.22340 55.12860 -0.83444
C 26.86190 57.79610 -0.79402
C 36.71070 64.41950 -1.95226
C 33.73240 63.07720 -1.51499
C 40.69460 67.99480 -1.66570
C 37.42720 67.30810 -1.80151
C 34.06020 66.37610 -1.55315
C 30.99900 65.05960 -1.34243
C 38.12510 70.39690 -1.69181
C 34.89730 69.47930 -1.50792
C 31.88320 68.47650 -1.36338
C 28.73380 67.56860 -1.03347
C 32.68730 71.50450 -1.19730
C 29.43630 70.94330 -1.17419
C 46.86080 47.36250 -1.41194
C 43.75380 48.42910 -1.36204
C 40.70960 49.36090 -1.26338
C 46.35570 50.68760 -1.32996
C 43.30830 51.71720 -1.43200
C 40.41070 52.86010 -1.52182
C 46.13610 53.55760 -1.41411
C 43.11240 54.86220 -1.48169
C 48.54030 55.53880 -1.36678
C 45.82520 56.80140 -1.59263
C 45.15030 60.09710 -1.52363
H 47.90740 64.52860 -1.39484
H 49.33390 66.87280 0.38297
H 47.41760 69.20230 0.44715
H 34.61980 47.51740 0.73648
H 33.15530 50.47820 0.96770
H 34.59170 53.38660 0.07597
H 32.68720 57.37170 2.10476
H 31.65030 60.07220 0.48046
H 28.38510 58.86160 0.80045
H 26.83520 61.72680 0.62889
H 37.26460 49.04360 0.78215
H 48.43310 47.55250 0.60626
H 39.69510 51.15910 0.14908
H 39.31280 54.37500 0.13198
H 36.51820 55.85290 0.05444
H 39.01460 57.60180 0.10525
H 41.59990 59.99580 -0.42145
H 46.99080 60.13910 0.13819
H 44.39550 61.81460 0.23020
H 31.39710 47.82940 0.95473
H 28.29760 47.77490 0.91160
H 29.87900 50.53970 0.93732
H 26.66380 50.51720 0.85431
H 31.52390 53.24880 0.93095
H 28.31760 53.31020 1.02863
H 25.07510 53.32210 0.94137
H 29.87900 56.04330 1.02708
H 26.67660 56.06380 0.91462
H 25.21050 58.91580 0.64644
H 39.97000 47.77940 0.49332
H 45.59660 48.81720 0.17810
H 42.59150 49.97440 0.17711
H 48.17910 50.68020 0.32390
H 45.11810 52.05960 0.28958
H 42.16920 53.23350 0.20966
H 47.83350 53.75650 0.24133
H 44.95130 55.18220 0.01415
H 41.91800 56.41420 0.06718
H 47.46940 57.02630 0.24246
H 44.40800 58.33460 -0.11665
C 47.04350 66.78530 -0.46907
C 48.98910 68.44770 2.28858
C 35.25020 49.54620 1.99052
C 36.47080 52.64030 1.64678
C 33.72330 57.12420 3.81308
C 31.52850 55.08150 2.60880
C 30.42020 58.30020 1.84386
C 28.23730 60.77190 2.34179
C 25.19230 60.90440 2.08970
C 36.89460 57.92880 1.51325
C 39.52720 59.92860 1.06144
C 36.48600 61.32360 1.65188
C 33.75340 59.75490 1.70793
C 43.52330 65.54220 0.79566
C 39.86640 65.11230 1.53401
C 31.26790 61.74730 2.03830
C 43.81730 68.91390 1.31523
C 27.66060 63.81550 1.43764
C 25.39770 66.74380 1.60371
C 26.00830 70.03110 1.94166
C 38.18770 47.16460 2.09736
C 38.51560 50.37780 2.31850
C 37.47860 54.39800 1.82211
C 40.16700 56.01520 1.75725
C 42.43340 58.44580 1.40345
C 48.19570 58.80630 1.86799
C 42.14350 62.33910 0.54968
C 47.49950 61.74930 1.89127
C 45.85600 63.12410 1.84059
C 26.68070 46.75830 2.53513
C 31.64310 49.76900 2.45790
C 28.24700 49.64220 2.52155
C 24.98120 49.65070 2.46808
C 33.46820 52.47570 2.34689
C 29.94650 52.33920 2.60840
C 26.65350 52.33420 2.53404
C 28.16480 55.17280 2.64818
C 24.93640 55.20490 2.46518
C 26.71640 58.07230 2.35660
C 36.96570 64.43690 1.43706
C 34.10460 63.20830 1.60167
C 40.68770 68.40930 1.52251
C 37.57760 67.19920 1.42342
C 34.35150 66.31880 1.57229
C 31.22750 65.02120 1.92158
C 38.25210 70.25690 1.53438
C 35.21770 69.33610 1.70422
C 31.80530 68.38960 1.97828
C 28.64230 67.46570 1.35892
C 32.75620 71.40940 1.98485
C 29.49500 70.81310 1.99229
C 46.67830 47.31170 1.83235
C 43.76720 48.65150 1.83890
C 40.65980 49.65150 1.82886
C 46.16610 50.52420 1.84507
C 43.22250 51.79520 1.84338
C 40.25900 52.94530 1.80507
C 45.89420 53.72810 1.78018
C 43.05130 55.01440 1.66328
C 48.45050 55.51450 1.93273
C 45.44870 56.88580 1.69125
C 45.08310 59.93950 1.69667
H 42.36580 72.77660 -0.64278
H 39.95670 74.95060 -0.24835
H 37.73420 76.93230 1.25903
H 26.44870 72.91780 -1.45336
H 35.06650 78.94870 2.15709
H 32.16840 78.13020 0.95564
H 29.43850 77.22730 -0.14571
H 26.60540 76.06260 -0.85547
H 39.47050 71.68920 -0.10055
H 36.97360 73.83790 0.21699
H 34.03990 72.79750 0.33698
H 30.93920 72.05860 0.41698
H 34.77440 76.07520 0.77351
H 31.78380 75.05800 0.36440
H 28.71670 74.31020 0.20186
C 44.13350 89.33330 2.32852
C 37.34400 89.22270 1.31405
C 48.27990 92.99320 3.14448
C 45.53860 91.83590 4.29469
C 42.68670 92.20130 2.46140
C 39.82030 91.88630 1.40888
C 35.86180 92.06200 0.68829
C 34.55950 93.75070 0.89585
C 46.31680 74.54890 1.12247
C 43.37230 75.85680 2.51536
C 41.23240 77.96370 1.24104
C 39.14080 80.14120 0.07499
C 39.03320 83.21150 0.69324
C 38.88580 86.37700 1.29552
C 40.95190 88.58150 2.99393
C 47.15140 87.99670 2.37661
C 46.87730 71.13480 -1.17838
C 29.63290 95.50480 0.74391
C 26.36870 78.49200 -0.33350
C 30.46500 79.48670 -0.07761
C 28.46060 80.56620 0.09620
C 35.75580 82.93870 2.20414
C 33.24130 84.59940 1.28503
C 35.96760 86.13250 1.52431
C 32.90500 87.95780 1.25990
C 32.24330 91.44370 2.12717
C 29.53780 92.46670 1.25965
C 44.07960 72.38150 -1.74170
C 41.69590 74.67610 -1.99802
C 38.80600 76.90620 -1.10869
C 26.30830 74.52510 -2.90396
C 37.21600 79.26310 0.58775
C 31.66190 76.89680 -1.16241
C 28.73000 75.65750 -1.93368
C 46.50680 95.51620 3.22114
C 43.69010 95.13600 2.90003
C 40.74270 95.00540 2.14708
C 37.99580 94.61700 1.12435
C 46.92520 78.11160 1.67902
C 44.10010 79.71470 1.56636
C 41.65710 81.63480 1.09183
C 46.79200 81.46650 1.94146
C 44.23210 83.28020 1.86474
C 41.58980 84.97480 1.59815
C 46.76510 84.72140 2.08554
C 44.23390 86.41660 2.16395
C 25.79770 81.83770 -0.40454
C 31.17410 82.69650 0.65957
C 28.13980 83.67590 0.07271
C 25.21410 85.20560 -0.57161
C 30.56230 85.86950 0.72301
C 27.67510 87.22190 0.01621
C 29.91330 89.34500 0.76504
C 27.05510 90.45930 0.24940
C 26.59670 94.07320 0.85337
C 41.04730 71.24070 -1.90935
C 38.72430 73.60070 -1.57670
C 35.72380 72.58810 -1.46369
C 36.72770 75.99680 -0.81220
C 33.81210 74.87380 -0.99311
C 30.70150 73.76850 -1.29400
C 34.33850 78.30400 -0.24779
H 42.35670 90.51690 3.74133
H 39.02900 90.08630 3.10766
H 46.78740 93.89410 4.90513
H 37.63100 92.76990 2.28416
H 33.60440 93.22600 3.25033
H 35.76670 95.39410 2.20995
H 45.81330 76.51750 2.74098
H 42.89610 78.23950 3.14329
H 40.35000 79.92160 2.14594
H 37.58310 81.51320 1.79023
H 48.43270 78.17550 3.91772
H 37.70040 84.52200 2.31107
H 37.39390 87.39560 2.97124
H 40.27400 86.15710 3.28693
H 45.59920 89.36180 3.98177
H 47.87950 91.10750 4.70262
H 47.42000 72.28690 1.07160
H 25.36180 76.91180 1.30274
H 27.70330 78.76960 1.68900
H 30.05180 80.87540 1.93487
H 32.37100 82.87060 2.86561
H 34.75550 84.83200 3.34446
H 34.56670 87.96030 2.64545
H 31.39450 89.20970 2.83873
H 28.40300 90.46230 2.39572
H 25.64640 91.84980 1.68082
H 30.43300 92.84070 3.28456
H 43.61300 93.34440 4.55162
H 40.55780 92.95330 3.49693
H 45.81920 79.69230 3.30559
H 43.16650 81.42460 3.11915
H 40.46080 83.09560 2.70648
H 48.66950 81.32030 3.62566
H 45.96360 82.99430 3.65546
H 43.14790 84.60650 3.44554
H 48.80470 84.61330 3.47379
H 46.02060 86.27150 3.85333
H 43.02510 87.69810 3.86038
H 48.66150 88.03400 3.97344
H 27.17600 82.02620 1.63274
H 29.59200 84.06870 2.00932
H 26.79930 85.30830 1.32627
H 31.94840 86.12780 2.74353
H 29.11320 87.37290 2.00238
H 26.17700 88.53390 1.49082
C 43.63050 89.34550 5.58247
C 36.49090 89.62750 2.93723
C 48.74580 92.91710 6.11165
C 45.25410 92.48440 6.25033
C 41.71830 92.09290 5.50123
C 38.59990 91.74550 4.49662
C 35.28550 92.98870 5.03001
C 32.26590 94.66780 3.64688
C 47.15550 74.36190 2.72238
C 43.71210 76.25180 4.32947
C 41.03430 78.44780 4.20826
C 38.31820 79.88820 3.59119
C 38.31810 82.80520 3.96638
C 38.24750 85.56230 4.43715
C 40.81020 87.75080 4.92595
C 46.84780 87.82220 5.62386
C 46.16500 70.72920 2.22341
C 29.05550 94.97580 3.94529
C 25.52390 78.69170 2.95685
C 31.94000 79.61360 2.86909
C 28.13940 80.56970 3.39183
C 33.63860 80.78610 3.17744
C 33.02840 84.71990 4.55173
C 35.72040 86.73100 4.64065
C 32.71240 87.75460 4.40601
C 32.21340 91.17570 4.09232
C 28.75880 91.83720 4.55424
C 43.63760 72.46290 1.43181
C 42.41150 75.19370 -0.45924
C 39.91450 76.31150 1.87878
C 26.64380 73.30660 1.11151
C 37.08690 78.08510 3.44785
C 30.78080 76.70250 1.90805
C 27.74450 76.29260 1.34205
C 46.49060 95.75310 6.40716
C 43.14470 95.13950 6.08733
C 39.86820 94.68250 5.23223
C 36.71040 94.27240 4.11246
C 46.55230 77.85200 4.93921
C 43.87670 79.76050 4.81612
C 41.01550 81.21830 4.18628
C 46.80230 81.14980 5.09295
C 43.91260 82.82950 4.97115
C 41.10590 84.35290 4.73425
C 47.04250 84.54500 5.24906
C 44.06990 85.95940 5.27834
C 24.95500 81.67060 2.66940
C 30.55520 82.62590 3.78175
C 27.48530 83.82180 3.20434
C 24.62960 84.91820 2.54903
C 29.83850 85.74140 3.78647
C 26.96690 86.90890 3.21658
C 29.48400 88.85190 3.99191
C 26.39390 90.18220 3.42323
C 26.18960 94.01100 2.72710
C 41.59570 71.53410 1.25091
C 39.04190 73.45730 1.51798
C 35.82670 72.34850 1.80291
C 36.48410 75.15650 2.30936
C 33.39360 74.53160 2.04117
C 30.41170 73.79300 1.95966
C 33.83180 77.26700 2.75856
C 54.93330 95.90570 2.50938
C 52.13940 95.17740 3.84792
C 49.29340 96.12880 2.89780
C 55.61910 3.98294 1.53826
C 52.53790 3.96976 2.19722
C 50.61650 6.56059 1.70116
C 59.86510 0.28509 0.79173
C 58.88760 3.55886 0.95073
C 57.77900 6.44823 1.15044
C 60.23610 7.94857 0.10758
C 73.65360 10.34410 -3.56435
C 68.18170 10.46510 -2.22993
C 65.22410 10.87670 -0.44627
C 61.34410 11.26510 -0.38028
C 71.21380 13.04870 -2.51089
C 67.95630 12.49360 -1.97410
C 66.25120 14.83000 -1.33938
C 63.22990 14.11770 -1.01721
C 63.56110 17.40670 -0.01009
C 61.66000 20.09750 -0.11667
C 63.28280 22.63040 -0.63802
C 60.55170 22.95510 -0.12959
C 54.38210 7.40011 1.92733
C 52.18330 9.51532 1.11154
C 57.99670 9.53797 2.27976
C 57.74090 12.81620 0.68663
C 60.23720 14.09870 -0.51862
C 60.39420 17.15660 -0.03059
C 57.20680 19.06880 -0.94109
C 57.54250 22.97620 0.12678
C 56.67260 0.98822 1.51412
C 53.76740 1.12556 2.55136
C 50.80370 1.39467 2.70551
C 69.23080 95.56670 -0.44986
C 66.14610 -1.17210 0.00304
C 63.08560 -0.42409 0.41188
C 71.40700 0.28989 -1.00455
C 68.32390 1.09759 -0.48633
C 65.38630 1.94725 -0.07552
C 62.06380 2.63765 0.34017
C 70.60320 3.31637 -1.02159
C 67.26650 4.23801 -0.54529
C 64.16140 5.02121 -0.06963
C 61.04280 5.76734 0.54909
C 73.11090 5.97874 -1.16942
C 69.67680 6.41638 -1.26541
C 66.55680 7.29712 -0.74719
C 63.45950 7.70833 -0.26572
C 72.63550 16.46730 -1.88060
C 69.33920 15.65390 -1.58885
C 70.58030 18.50680 -1.28102
C 67.43890 17.97830 -1.21930
C 71.64660 21.43290 -1.35099
C 68.43820 20.73330 -1.12885
C 65.16910 20.23570 -0.86727
C 54.99780 10.97810 0.91402
C 51.98370 12.53530 0.67073
C 54.93660 14.34390 0.32374
C 51.68710 15.75960 0.26315
C 57.80970 16.00180 0.28940
C 54.45710 17.45500 -0.26830
C 51.67890 19.10640 -0.21668
C 54.50620 20.96590 -0.47212
C 51.69060 22.14500 -0.35272
H 56.98830 -0.80422 3.11393
H 54.23310 -0.29260 4.50065
H 55.72110 2.32397 3.44818
H 54.27980 5.29525 3.32758
H 52.16720 7.79332 2.95031
H 59.85610 96.04440 2.44062
H 58.79440 1.63727 2.48862
H 57.65850 4.62484 2.83776
H 59.87840 6.87982 2.37500
H 56.65800 7.61210 2.93672
H 71.45720 7.09873 0.37816
H 68.28400 7.78714 0.38340
H 65.07980 8.72545 0.85485
H 61.78390 9.17817 1.05066
H 72.10960 11.23430 -1.64656
H 72.81980 14.17640 -0.91410
H 69.67310 13.51380 -0.40816
H 66.61840 12.86060 0.08124
H 64.70010 15.39140 0.53231
H 61.87670 18.38900 1.53104
H 60.68790 21.31470 1.84515
H 54.10970 9.74096 2.63538
H 51.17570 11.23680 2.64690
H 56.70700 11.63670 2.66604
H 59.36090 13.17230 1.80174
H 61.60990 15.16870 0.63596
H 59.26350 16.79600 2.17488
H 59.20260 19.36170 0.22786
H 56.35060 20.91810 0.59987
H 53.50600 22.48910 1.24509
H 50.96940 -0.38113 4.31921
H 52.53500 2.43947 4.20511
H 50.82680 5.02053 3.70276
H 71.32490 96.15290 0.67290
H 68.19900 -0.55012 1.25295
H 65.11250 0.26529 1.71575
H 61.90160 0.93599 1.99087
H 70.36890 1.67109 0.74711
H 67.34040 2.55975 1.28344
H 64.11010 3.22828 1.55256
H 60.95180 3.90426 2.20410
H 72.55760 4.10429 0.34124
H 69.40630 4.79046 0.57745
H 66.16160 5.63919 1.12020
H 63.06900 6.31788 1.76202
H 63.35640 12.43820 0.35796
H 71.02830 16.50160 0.02978
H 67.72760 16.00250 0.21187
H 72.12760 19.58970 0.33022
H 68.91960 18.94490 0.52179
H 65.74170 18.33240 0.52622
H 70.04730 21.96880 0.21021
H 66.85870 21.37770 0.58897
H 63.72570 20.91000 1.00492
H 53.93390 12.97220 2.06763
H 50.95570 14.43310 1.88934
H 56.63350 14.68040 2.03586
H 53.72080 16.05170 1.66979
H 50.89360 17.66150 1.66688
H 56.46280 17.78080 1.08594
H 53.67890 19.28710 1.17266
H 50.74460 20.71340 1.38151
C 56.11570 -0.88105 5.47901
C 52.64720 95.92090 5.64461
C 49.71540 96.24760 6.19183
C 56.08770 4.40346 4.77985
C 52.69750 4.67137 5.32001
C 50.78240 7.21046 4.91510
C 60.39500 0.36278 3.84541
C 59.42520 3.41416 4.08646
C 58.40830 6.52942 4.29478
C 60.26800 8.89044 3.10451
C 71.15860 9.39763 -0.52765
C 68.96170 9.79784 -0.15921
C 65.25760 11.20940 1.37225
C 61.20480 11.49090 1.51301
C 71.48170 12.63890 0.58516
C 68.29320 12.40850 1.50013
C 66.50410 14.64090 1.90890
C 63.29350 14.12570 2.11247
C 63.95510 17.27980 1.90704
C 62.54230 20.13970 3.03998
C 63.90900 22.71100 2.51225
C 60.93540 23.34550 2.98995
C 54.41940 7.75182 4.00841
C 52.15210 9.98882 4.14511
C 57.26030 9.87876 4.04409
C 57.82700 13.49310 3.88157
C 60.53870 15.27960 2.90674
C 59.84000 19.10860 2.71896
C 57.57240 19.57760 2.23034
C 57.45540 22.76330 1.95135
C 57.50220 1.08593 4.54635
C 54.51940 1.95875 5.57055
C 51.16220 1.45934 5.93110
C 69.81150 95.78860 2.56901
C 66.65800 -0.93372 3.15871
C 63.45910 -0.06237 3.56943
C 71.94970 0.49773 2.13734
C 68.91250 1.36339 2.72470
C 65.72190 2.23081 3.12337
C 62.66650 2.72870 3.48039
C 70.95870 3.61107 2.12976
C 67.90110 4.62800 2.53275
C 64.76210 5.12542 3.05459
C 61.64140 5.81019 3.68376
C 73.01690 5.92869 2.10916
C 69.76500 6.68294 2.12713
C 66.66910 7.75992 2.38495
C 63.39790 8.54027 2.78361
C 72.92740 15.32620 1.13679
C 69.62410 15.09160 1.50284
C 70.86330 18.19060 1.83419
C 67.56390 17.58730 2.04556
C 71.71080 21.41750 1.86786
C 68.81940 20.86680 1.99411
C 65.61690 20.03650 2.27034
C 54.72920 11.67470 4.02468
C 52.06890 13.27850 3.71465
C 54.70390 14.76660 3.54627
C 51.91560 16.17160 3.29597
C 57.14550 16.72510 3.31820
C 54.75410 17.88320 2.88074
C 52.02900 19.44310 2.97343
C 54.78290 21.06880 2.54935
C 51.52290 22.57960 2.75228
C 74.03580 27.75220 -1.03221
C 63.52160 25.60240 -0.13116
C 71.24370 29.04150 -2.00778
C 68.02330 28.73510 -1.88584
C 64.87280 28.61810 -1.21915
C 59.98140 26.03160 -0.28648
C 56.41340 26.59010 -0.14838
C 53.35460 27.43650 0.22059
C 61.89120 28.66410 -0.66557
C 52.34810 30.00800 0.60660
C 63.72530 31.60030 -0.60781
C 66.07580 34.21220 -0.18378
C 64.70570 37.30460 -0.09630
C 63.09760 40.14270 -0.01247
C 49.90460 40.82440 -0.63916
C 61.84760 42.73730 0.00366
C 58.57550 43.01810 -0.43006
C 52.56180 43.38390 -1.47528
C 57.25730 46.15630 -0.31890
C 53.73540 46.31720 -1.24012
C 51.13480 25.16000 -1.12443
C 71.29770 31.80620 -0.23500
C 68.38870 31.81600 -2.17553
C 69.82260 34.28340 0.13004
C 68.10890 37.01310 0.17975
C 66.43040 39.90980 -0.00565
C 64.88240 42.70610 0.14192
C 63.61490 45.29060 0.03535
C 50.71490 44.24850 -2.20056
C 72.91870 24.51390 -1.35771
C 69.60290 23.79950 -1.32372
C 66.38500 23.13940 -1.07585
C 70.74680 27.07370 -1.49385
C 67.08890 26.05840 -1.18995
C 58.54560 29.07950 -0.27231
C 55.42420 29.68810 0.26778
C 60.55920 31.86780 -0.32552
C 57.53300 32.22040 0.07335
C 54.23300 32.30720 0.48767
C 51.00480 32.57110 0.55019
C 62.62810 34.48280 -0.20610
C 59.49930 34.75800 -0.04551
C 56.06830 34.83130 0.07171
C 52.75570 35.07960 0.15122
C 61.37870 37.22110 -0.14921
C 58.05110 37.46740 -0.24110
C 54.73290 37.63010 -0.26119
C 51.32470 37.96790 -0.27925
C 60.09360 40.18740 -0.14869
C 56.74480 40.31390 -0.36809
C 53.59430 40.43900 -0.74517
C 55.38280 42.99780 -0.81460
C 54.23110 24.32080 -0.24371
C 73.10980 34.67580 -0.10761
C 71.23610 37.13620 0.31110
C 72.87200 39.73510 0.36769
C 69.70080 39.89190 0.18491
C 71.31010 42.62920 0.25945
C 68.08490 42.70000 0.12988
C 72.96020 45.47610 0.35272
C 69.70200 45.45980 0.28998
C 66.66360 45.51500 0.10572
H 64.94350 23.82760 0.61970
H 62.37950 23.92360 1.14329
H 72.03520 28.12990 0.26050
H 65.55100 26.86090 0.46153
H 69.73730 30.17810 -0.79882
H 66.80820 29.67050 0.02289
H 59.34880 24.18230 1.25216
H 56.09620 24.65230 1.36888
H 61.84980 26.92210 1.06160
H 55.21540 27.71540 1.74816
H 52.17550 28.17480 2.34827
H 63.68080 29.66840 0.69911
H 50.93600 30.90200 2.43233
H 65.47750 32.14420 1.18458
H 64.27560 35.22250 1.08585
H 62.97600 38.11540 1.48521
H 49.74800 39.14770 1.22038
H 61.51480 40.95250 1.71752
H 51.99000 41.72660 0.14429
H 60.14320 43.97420 1.49146
H 56.88220 43.94860 0.82899
H 53.75040 44.45930 0.57192
H 53.14270 25.48680 1.63192
H 50.91620 26.92630 -0.07452
H 73.19870 32.61900 1.02287
H 69.98760 32.40840 1.78721
H 67.95000 32.82500 -0.45743
H 68.18020 35.22110 1.73788
H 66.35240 38.05250 1.70178
H 64.81730 40.75890 1.65445
H 63.29320 43.53960 1.81852
H 49.24620 43.29130 -0.57883
H 73.14300 22.61960 0.20578
H 71.06790 25.11220 0.07689
H 67.94410 24.35920 0.39837
H 68.83030 27.33650 -0.08440
H 58.37180 27.16680 1.27444
H 60.52720 29.86330 1.10914
H 57.29940 30.26280 1.63944
H 54.06210 30.63740 2.17582
H 62.36420 32.50540 1.26378
H 59.28150 32.84870 1.49583
H 56.08990 33.14370 1.93228
H 52.65810 33.52810 1.98912
H 61.15620 35.45500 1.56354
H 57.84470 35.75180 1.53497
H 54.55640 36.01820 1.63818
H 51.25390 36.37570 1.68657
H 59.73600 38.32720 1.27596
H 56.43900 38.60710 1.29878
H 53.15540 38.87780 1.22034
H 58.33650 41.19320 1.31853
H 54.99840 41.45540 1.08095
H 50.60420 23.89150 1.02294
H 71.32060 35.17520 1.75645
H 72.73850 37.94160 2.08619
H 69.58420 38.06680 1.81723
H 71.26390 40.82160 1.92769
H 68.04120 40.77370 1.65814
H 72.79940 43.58260 1.83742
H 69.61130 43.54010 1.87038
H 66.45110 43.62830 1.73995
C 73.74830 27.61180 1.95895
C 63.88340 25.69500 1.72499
C 72.21290 30.33940 1.17674
C 68.90500 29.32660 1.27576
C 65.55160 28.76300 1.98771
C 60.06630 26.10230 2.66239
C 56.83250 26.33120 3.07095
C 53.84160 26.81610 3.57585
C 62.25790 28.62960 2.48880
C 52.61970 29.97070 4.04553
C 64.10190 31.35770 2.61149
C 66.46180 34.29670 1.74259
C 64.61290 36.85030 2.93578
C 63.05170 39.92040 3.21071
C 49.59660 41.58340 0.98949
C 61.52130 42.86740 3.35578
C 58.40890 43.22360 2.76817
C 51.95190 43.72470 1.75953
C 57.23270 46.20650 1.53619
C 53.82930 46.56230 2.11522
C 50.89070 25.98510 2.28157
C 71.21000 30.80450 2.93162
C 67.80540 31.41020 1.56517
C 69.69800 34.17740 3.33144
C 67.95810 36.97510 3.36583
C 66.43660 39.77800 3.31655
C 64.87320 42.53480 3.28806
C 63.29000 45.17600 3.19999
C 49.27910 45.41140 0.55818
C 72.67400 24.42070 1.82637
C 69.86300 23.74290 1.83047
C 66.66540 23.26000 2.15637
C 70.62710 26.99340 1.60833
C 67.56710 26.37010 1.79556
C 59.02740 28.97220 2.91590
C 55.80740 29.41730 3.39757
C 60.85940 31.50620 2.90088
C 57.83210 32.07360 3.33494
C 54.32480 32.64190 3.56500
C 50.95820 32.98940 3.72603
C 62.82750 34.29970 2.89717
C 59.42410 34.67290 3.14710
C 56.22940 35.18500 3.36851
C 52.83810 35.55430 3.38861
C 61.19370 37.30510 3.02878
C 58.02950 37.67060 2.97785
C 54.68170 38.05400 2.96817
C 51.35160 38.51660 2.96291
C 59.57620 40.06940 3.01362
C 56.42620 40.61150 2.78239
C 52.97360 41.03660 2.33873
C 55.13850 43.46820 2.48507
C 54.44530 23.96670 3.05662
C 72.85870 33.69630 3.01395
C 70.97980 36.90020 3.43951
C 72.79070 39.83000 3.65741
C 69.54500 39.87550 3.40079
C 71.24500 42.67700 3.50950
C 67.94470 42.46920 3.35817
C 72.70650 45.41470 3.53665
C 69.52950 45.49170 3.45436
C 66.26830 45.45460 3.33881
C 53.56050 60.10350 -1.05637
C 50.75840 60.80190 -1.17169
C 59.76320 64.55290 -0.02649
C 56.43370 63.90740 -0.39620
C 50.24580 63.64070 -1.65028
C 60.89560 67.65510 0.14643
C 65.31410 71.12710 0.72997
C 62.11680 70.60670 0.37450
C 67.65610 48.87180 1.09820
C 64.36390 48.30340 -0.03665
C 73.08200 51.04860 0.51877
C 70.26410 52.49570 1.53773
C 73.93180 54.68150 1.87870
C 73.98560 67.96520 0.46107
C 52.09470 47.61270 -1.20388
C 52.68330 51.00700 -0.15538
C 51.77250 54.29160 -1.10433
C 51.53200 57.52440 -0.88045
C 60.70840 47.06780 -0.23706
C 65.07040 51.40990 0.35322
C 61.77470 50.41790 -0.22960
C 58.36610 49.62530 -0.58052
C 70.35050 55.44810 2.11314
C 67.78880 53.52110 3.41602
C 65.62470 54.39730 0.91653
C 56.03810 52.11520 -0.60930
C 72.69530 58.16300 2.44287
C 53.85000 54.44990 -0.68814
C 57.86760 58.29580 -0.54869
C 54.90860 57.54540 -0.67746
C 62.38320 62.16860 0.24311
C 59.39870 61.38910 -0.44004
C 72.57620 66.72630 0.73732
C 63.21680 65.16840 0.53348
C 71.02660 69.69790 1.40470
C 67.67330 68.93520 1.03039
C 64.17160 68.05070 0.59638
C 53.35480 63.34510 -0.74531
C 57.83530 66.97210 -0.17593
C 54.55440 66.69560 -0.59850
C 51.35750 66.57020 -0.99878
C 58.82280 69.84560 0.12310
C 55.60940 69.58780 -0.31636
C 52.44060 69.38970 -0.53419
C 71.29860 48.39980 0.39220
C 49.29210 49.12850 -1.18575
C 49.35450 52.36360 -1.19236
C 55.33990 49.19970 -0.75378
C 62.45250 53.65560 0.07810
C 59.43220 52.79500 -0.31659
C 69.48360 57.51210 2.20399
C 66.52880 57.13250 1.27458
C 63.53170 56.67560 0.42238
C 60.30120 55.83420 -0.21115
C 56.92050 55.11350 -0.55815
C 70.69500 60.69860 1.81419
C 67.58930 60.20110 1.38502
C 64.55670 59.69670 0.72932
C 61.39750 59.00880 -0.01711
C 71.64150 63.63520 1.33829
C 68.47270 63.30930 1.19996
C 65.47450 62.67310 0.89717
C 69.42660 66.29100 0.99025
C 66.40630 65.77200 0.92737
H 72.33420 55.78660 3.53327
H 55.15770 61.76280 -0.05287
H 52.34090 61.53800 0.53482
H 49.31910 62.23540 0.25603
H 61.20430 65.74220 1.65606
H 57.73070 65.05410 1.37959
H 62.23110 68.69490 1.96353
H 55.32690 47.43750 0.31946
H 64.81420 46.39970 1.50474
H 69.82030 49.03070 2.36272
H 65.34860 49.44370 1.84007
H 72.63100 52.38380 2.32361
H 51.19820 49.11990 0.65961
H 50.89640 52.59420 0.65770
H 50.46520 55.84460 0.39255
H 50.11050 59.11750 0.52584
H 62.21950 48.44080 1.40120
H 58.71540 47.94800 0.67588
H 65.62140 52.46220 2.64506
H 62.86690 51.66100 1.54127
H 56.67440 50.36170 1.11960
H 69.27170 56.12490 4.42181
H 66.33930 55.41630 3.02889
H 54.14990 52.70470 0.82460
H 70.72540 58.95970 3.83450
H 55.09280 55.87400 1.11883
H 71.76240 62.03530 3.30068
H 56.06730 59.06790 1.07359
H 53.15340 58.51980 0.80841
H 72.96200 64.86360 2.46342
H 60.34600 62.74580 1.52981
H 57.66530 61.86230 0.42503
H 70.80380 67.54050 2.35433
H 64.45290 66.33740 2.41473
H 68.61370 69.99010 2.35025
H 65.49390 69.29620 2.28064
H 54.48310 64.72500 0.94978
H 51.47600 64.52730 0.24316
H 58.97950 67.99630 1.74272
H 55.86810 67.61760 1.18851
H 52.76030 67.40220 0.86026
H 56.93970 70.57710 1.55125
H 53.90920 70.30360 1.27555
H 50.50780 69.72680 0.81885
H 71.24540 46.35950 1.84507
H 67.96870 46.47050 1.83548
H 72.89080 49.06480 2.17927
H 59.71470 50.98530 1.05348
H 63.46620 54.79770 2.01109
H 60.48000 54.08300 1.51162
H 57.39460 53.31650 1.08741
H 67.39430 58.44720 3.17616
H 64.43060 57.81870 2.39884
H 61.39380 57.13630 1.58733
H 58.31150 56.42070 1.06300
H 68.62950 61.52380 3.04354
H 65.50530 60.92300 2.65985
H 62.40260 60.22480 1.89002
H 59.25540 59.39170 1.16055
H 69.78370 64.53690 2.77305
H 66.57870 64.00820 2.62531
H 63.42940 63.28920 2.16803
H 67.65230 66.99660 2.60862
C 54.11310 60.52170 1.89693
C 50.50810 61.01300 2.07521
C 59.47510 64.51140 3.04345
C 56.06920 63.26690 1.81522
C 49.07650 64.52730 0.91207
C 60.58840 67.43320 3.44644
C 64.98700 71.23100 3.90995
C 61.86990 70.57240 3.52628
C 67.41490 48.63280 3.00594
C 63.91340 47.98920 3.24415
C 72.75120 50.85900 4.00392
C 70.15950 51.41810 3.10925
C 74.17320 53.96220 3.63010
C 73.90140 68.69990 3.99841
C 52.07000 47.56230 2.42821
C 52.52450 51.00690 1.69582
C 51.55620 54.36860 2.21423
C 51.49580 57.58940 2.07651
C 60.66930 46.47710 1.68683
C 64.27990 51.06420 3.58953
C 61.35050 50.03430 2.79906
C 58.53900 49.24600 2.46490
C 71.49480 55.82700 5.78853
C 67.61740 54.46030 5.08324
C 64.54000 54.23030 4.17089
C 55.75290 52.17640 2.56923
C 71.72430 58.14150 5.97810
C 53.50800 54.41230 2.43551
C 57.56350 58.35500 2.68886
C 54.58930 57.44970 2.58814
C 61.75150 62.01270 3.49070
C 58.76710 61.30240 2.65787
C 72.60490 67.02510 4.00833
C 62.71660 65.13180 3.63839
C 71.03670 69.87720 3.25929
C 67.03230 68.85240 4.15420
C 63.89950 68.27100 3.81968
C 52.70770 63.37210 2.07141
C 57.29480 66.67700 3.03675
C 54.17720 66.52070 2.59686
C 51.13940 66.16430 2.06322
C 58.57720 69.85880 3.29160
C 55.41520 69.22400 2.93775
C 52.21610 69.08510 2.51215
C 71.12080 48.06070 3.71841
C 49.21370 49.39080 2.26027
C 48.87050 52.34170 2.03500
C 55.59820 48.97040 2.36182
C 62.02080 53.24030 3.25424
C 59.05660 52.52720 2.79432
C 68.69220 58.11320 5.33169
C 65.70990 57.33410 4.50577
C 62.73500 56.53690 3.56268
C 59.80740 55.86760 2.99660
C 56.85080 55.17970 2.66497
C 70.14360 61.01070 5.00871
C 66.86470 60.49920 4.50160
C 63.76390 59.67610 3.86707
C 60.73260 58.94900 3.12869
C 71.51000 64.19440 4.53278
C 68.22150 63.55190 4.46370
C 64.95610 62.84400 4.09769
C 69.46180 66.54780 4.21290
C 66.11370 65.84650 4.16573
C 70.97410 86.40490 -0.40134
C 67.44580 85.42290 0.16887
C 65.55040 87.20410 3.37883
C 62.68380 88.75030 1.61513
C 62.03310 91.46000 1.26595
C 58.86780 91.56000 2.22638
C 57.84790 95.44310 1.18549
C 49.61810 75.64050 1.00985
C 51.74260 77.04970 3.59725
C 55.78650 80.20270 0.99389
C 62.53680 84.62570 0.07345
C 49.71970 90.13770 3.35812
C 60.50310 86.83550 2.00453
C 57.58550 88.19630 2.56573
C 52.54250 91.22800 3.55486
C 59.29040 90.58270 4.17917
C 54.99760 93.88430 2.91632
C 66.42800 74.60880 1.49404
C 49.80030 71.90250 0.17558
C 64.14850 76.23850 0.02982
C 54.34570 75.17810 0.42455
C 51.22190 74.92680 0.64967
C 65.01980 78.46700 -0.53434
C 62.06420 78.82250 0.19080
C 58.78440 78.76930 0.56926
C 54.98710 78.38190 1.00439
C 67.57390 81.88630 -0.90118
C 63.81490 81.33970 -0.63993
C 64.42800 84.74870 -0.06474
C 73.65310 71.43690 0.26526
C 70.85370 73.01760 0.42242
C 70.61520 76.45540 0.14388
C 68.96920 73.57150 0.04273
C 70.70510 79.84290 -0.01242
C 70.73620 83.18500 -0.29019
C 70.83720 89.23550 -0.17938
C 67.81250 89.62550 0.87707
C 65.01960 90.91850 0.87843
C 70.16850 92.27680 -0.42589
C 67.13770 93.18120 0.10434
C 64.06420 93.90000 0.66688
C 61.08850 94.44970 0.93231
C 72.27280 94.62810 -0.98311
C 49.62750 79.67870 2.05269
C 52.70310 80.95190 2.48958
C 49.51710 82.84110 1.93936
C 59.77620 81.69130 1.49292
C 55.39020 83.26950 1.93844
C 52.46300 84.56430 2.44464
C 49.80860 86.38030 2.50835
C 58.08160 85.08740 2.19510
C 55.19170 86.30210 2.65014
C 52.46210 87.88660 2.80942
C 55.08960 89.61630 3.16899
C 62.81760 73.46640 0.39280
C 59.88330 73.07360 0.37818
C 56.74090 72.56330 0.12091
C 53.46140 72.28510 -0.09518
C 60.94050 75.96800 0.37898
C 57.70270 75.64170 0.47840
C 73.38110 74.79650 -0.16129
H 49.89750 94.42370 4.51419
H 69.26640 84.95140 0.87353
H 62.49870 87.12930 3.50739
H 70.60310 87.68910 1.79441
H 67.47790 87.32270 2.01964
H 64.71750 89.40590 2.91444
H 61.71720 90.24870 3.49203
H 60.82690 93.13120 2.71528
H 57.55650 93.59540 3.01388
H 51.28170 79.37470 3.89294
H 55.04820 81.38680 3.10338
H 62.20330 82.40410 1.24692
H 57.55060 83.24950 3.29169
H 60.04180 85.16150 3.76889
H 59.66820 88.10130 3.94148
H 57.09950 89.53320 4.60524
H 54.33200 90.83110 5.21096
H 50.65330 91.65310 5.13293
H 66.45150 72.30990 2.78203
H 63.33830 71.75340 2.07100
H 64.44630 74.58180 1.84242
H 51.83690 72.65220 1.38961
H 66.11060 77.18510 1.38060
H 56.06930 76.23070 2.08594
H 52.84180 75.41950 2.55170
H 67.04140 79.73830 0.56664
H 64.10950 79.75970 1.29791
H 60.91980 79.54470 1.63088
H 57.98970 80.14560 2.25214
H 65.39900 82.49290 0.40742
H 72.10930 71.77420 2.15880
H 69.36920 72.80920 2.52355
H 68.75680 75.53380 1.59072
H 69.14940 78.28190 1.24851
H 72.31280 84.74770 0.76534
H 69.25070 81.62020 0.86834
H 53.05360 93.58140 4.41291
H 69.87880 90.72300 1.54080
H 66.94520 91.65070 2.06509
H 63.94050 92.39650 2.59867
H 72.20510 92.96230 0.77438
H 69.14210 93.82820 1.22657
H 66.05780 94.68050 1.77947
H 62.96850 95.50270 2.23986
H 51.51190 82.93880 3.48146
H 54.48960 84.37930 4.02788
H 51.60600 86.09760 4.24492
H 57.15000 86.33020 4.11911
H 54.34310 87.66300 4.45668
H 51.62040 89.23360 4.61337
H 60.09280 71.08910 1.81775
H 61.25400 74.13990 2.11536
H 58.07790 73.59950 1.94807
H 54.95440 73.17160 1.70777
H 62.74330 77.04780 1.77151
H 59.49720 76.72110 1.91869
H 71.76600 74.88420 1.67825
H 72.03490 78.17650 1.27175
H 72.17270 81.57140 0.90268
C 72.07990 86.57540 2.60837
C 68.89220 86.20190 3.15323
C 66.22120 87.17970 5.10757
C 63.28840 88.92220 5.02803
C 62.46700 92.41600 4.56234
C 56.15230 93.47480 6.52634
C 58.42400 95.04320 4.21776
C 50.02910 76.23370 4.13295
C 52.62450 77.67920 5.36683
C 56.53280 79.75630 4.26897
C 61.39720 83.90220 3.13939
C 49.51120 89.56130 5.80290
C 61.00650 86.62490 5.46948
C 58.15140 87.70850 5.92770
C 52.34040 90.54550 6.60263
C 56.41150 91.99790 4.63953
C 54.19180 92.95970 6.58556
C 66.75230 74.08700 4.60834
C 49.69350 71.71590 2.10534
C 64.56840 76.54280 3.34808
C 54.95410 74.59530 3.75256
C 51.98850 73.28970 3.75800
C 65.89670 79.19870 2.89476
C 62.78540 79.08150 3.16056
C 59.49890 78.67530 3.48175
C 55.68950 77.85710 4.11932
C 67.19660 81.79630 2.27206
C 63.89400 81.91430 2.58356
C 64.27390 85.58930 3.24018
C 74.26610 71.98170 3.40640
C 71.45410 73.55110 3.75654
C 70.63660 76.75330 2.74832
C 68.51360 74.73670 4.01445
C 70.71100 80.06570 2.15059
C 70.75090 83.25470 1.96525
C 71.48150 89.66000 3.07549
C 68.07970 89.64480 2.91348
C 65.50810 91.11110 4.06472
C 70.74760 92.66630 2.72888
C 67.79420 93.65600 3.27998
C 64.57530 94.48400 3.76413
C 61.49890 95.09770 4.10011
C 72.75960 94.89810 2.20434
C 49.57880 79.90390 5.57633
C 52.94160 81.14610 4.46515
C 49.85150 82.94880 5.12513
C 59.26530 82.06440 3.41216
C 55.92820 82.69830 5.09638
C 52.67480 84.14690 5.36618
C 49.64680 86.12960 5.32963
C 58.21440 84.45960 5.27766
C 55.39800 85.86000 5.76632
C 52.48550 87.44470 6.05966
C 55.38290 88.98880 6.32670
C 63.15920 73.61060 3.64034
C 59.71010 72.87060 3.58676
C 56.52410 72.25480 3.28833
C 53.37330 71.92260 3.10506
C 61.31800 76.21140 3.53111
C 58.06140 75.54260 3.57716
C 73.86180 75.21580 2.96410
C 89.77730 2.11972 -3.47877
C 94.37540 4.94704 -3.88482
C 90.49810 4.85691 -1.53090
C 95.72580 7.96769 -3.88554
C 83.05050 0.33919 -3.17878
C 79.75730 0.83974 -2.84549
C 78.88680 4.33931 -2.01679
C 76.10530 5.51169 -1.12304
C 74.85200 8.88256 -0.39538
C 71.78370 9.96164 -3.99584
C 74.36810 14.45800 -2.92754
C 76.31910 16.56130 -1.19433
C 77.31370 19.79920 -0.77464
C 86.66900 2.20724 -2.27458
C 83.49590 3.08266 -1.50419
C 81.79310 5.42466 -3.02171
C 86.20210 5.52182 -2.69778
C 80.68870 8.48182 -2.95063
C 77.36780 9.03540 -2.49072
C 92.78590 7.77680 -2.74937
C 88.91500 7.78293 -2.89441
C 77.05840 12.35830 -2.74628
C 95.59970 9.50317 -2.37297
C 79.41730 14.63410 -2.86996
C 1.20968 11.54310 -3.37457
C 81.13470 17.04310 -1.49567
C 0.03569 14.52490 -1.59528
C 80.81340 20.02990 -2.26862
C 95.58950 17.94330 -1.41778
C 92.92060 18.69230 -1.01600
C 90.04460 19.84860 -1.67800
C 86.87640 21.26920 -1.03679
C 1.16282 19.54720 -1.54277
C 95.90080 22.64310 -1.76588
C 1.21570 -0.49900 -3.96176
C 95.10470 -0.79650 -3.86723
C 91.61180 -0.63977 -3.78218
C 88.20050 -0.69475 -3.59487
C -0.79051 2.29197 -4.10010
C 93.17960 1.97572 -3.95893
C 0.72346 5.18579 -4.14600
C 80.62480 95.42430 -2.75259
C 77.34240 96.12460 -2.02741
C 74.32660 -0.50940 -1.54159
C 76.70730 1.76266 -2.15547
C 73.75490 2.76792 -1.42167
C 74.01560 19.34370 -1.27002
C 74.99360 22.13940 -1.12524
C 83.35140 6.85979 -2.60195
C 85.97510 8.72607 -2.68322
C 83.12510 10.06830 -2.75525
C 80.04370 11.44240 -2.80798
C 90.94590 9.98324 -3.09263
C 88.28110 11.23540 -2.63080
C 85.48870 12.37240 -2.62998
C 82.55370 13.62400 -2.62581
C 93.29460 12.13600 -2.98132
C 90.93030 13.30590 -2.60826
C 87.84390 14.63960 -2.41422
C 84.75610 15.86420 -2.16183
C 93.49160 15.61620 -1.92205
C 90.50730 16.68920 -1.96023
C 87.23670 17.85240 -2.03570
C 84.19350 19.09330 -2.13711
H 90.02560 0.13778 -2.08086
H 91.78110 2.72634 -2.02392
H 88.82730 2.98841 -1.20145
H 96.03680 5.97513 -2.49385
H 92.88310 5.56673 -1.91708
H 85.75870 95.28250 -2.06081
H 84.66840 0.95586 -1.36498
H 81.65740 1.42396 -1.21717
H 78.44940 2.32373 -1.27002
H 78.13780 5.03552 0.40987
H 74.68350 6.55810 0.72398
H 75.92710 14.02920 -1.18709
H 77.21340 17.84870 0.83627
H 78.35250 21.01320 1.15478
H 85.66460 4.03563 -0.82086
H 82.68590 5.25752 -0.68300
H 79.91710 6.64281 -1.73598
H 88.32740 6.14556 -1.30103
H 76.37570 10.84870 -0.92161
H 90.80680 8.28499 -1.29136
H 78.88790 12.85010 -1.18777
H 0.96276 9.39509 -1.67114
H 93.15100 10.21490 -2.03989
H 78.75090 16.04890 -1.25921
H 79.70240 19.06190 -0.84455
H 95.33100 15.61480 -0.61283
H 82.69720 20.15030 -0.48166
H 80.61520 22.14840 -0.61926
H 94.62980 18.22720 0.90749
H 91.82710 19.61240 0.24261
H 89.20460 21.10310 0.02111
H 0.45804 17.73000 -0.06590
H -1.05235 20.32710 -0.73295
H -0.46587 0.43434 -2.46150
H 93.44700 0.15485 -2.35670
H 0.90522 3.28186 -2.62188
H 94.73270 3.01646 -2.34549
H 74.25750 95.34520 0.27995
H 82.67550 96.05220 -1.54027
H 79.42590 -0.75631 -0.98363
H 76.34360 0.10414 -0.31931
H 73.44950 0.94321 0.23962
H 75.54790 3.25694 -0.39389
H 74.19770 17.14920 -0.13554
H 75.32940 20.27240 0.61214
H 77.01570 7.80693 -0.96195
H 85.38770 7.23372 -1.09374
H 82.32990 8.44266 -1.10599
H 79.43750 9.68382 -1.19838
H 87.88590 9.35857 -1.26108
H 84.92910 10.45570 -1.17490
H 81.93800 11.62400 -1.25646
H 90.27200 11.43030 -1.26444
H 87.26750 12.73280 -0.94266
H 84.34760 13.71070 -0.89589
H 81.36980 14.63540 -1.27456
H 92.70110 13.47950 -0.88947
H 89.75500 14.63330 -0.87043
H 86.71590 15.85620 -0.62422
H 83.61190 16.86810 -0.95187
H 92.06900 16.54630 -0.10530
H 89.01990 17.91030 -0.33617
H 85.88570 19.03330 -0.24070
C 90.22490 1.86659 -0.15715
C 94.45540 4.87134 -0.65566
C 91.04150 5.26400 0.88933
C 95.38420 7.55212 -0.62963
C 83.49250 0.23049 0.18260
C 80.20110 1.33933 0.36890
C 78.09860 3.55434 2.19986
C 77.20480 6.78216 1.43677
C 74.73840 8.85914 1.78094
C 71.83240 9.29648 1.52728
C 74.30140 12.19620 -0.64684
C 76.04870 15.66350 0.72569
C 76.73620 19.51310 2.51217
C 86.73270 1.86606 -0.31430
C 83.73380 3.41100 0.58911
C 80.60410 5.21412 0.42596
C 86.41900 5.57008 0.50981
C 80.49400 8.11704 0.35846
C 77.82650 9.61952 0.61606
C 92.12780 6.89008 0.18699
C 89.08700 8.00158 0.40909
C 77.13320 12.55130 0.55589
C -0.03853 8.24433 0.28240
C 79.66510 14.47610 0.51404
C 2.50111 10.60900 0.07654
C 79.12710 17.33990 1.07568
C -0.25377 13.54210 -0.02053
C 80.75130 20.26120 1.11203
C 95.11700 15.92870 1.77633
C 92.50680 17.85710 2.00157
C 89.62700 19.42240 1.63878
C 86.76180 21.05610 0.83647
C -0.33250 19.42910 1.53240
C 95.23490 21.78760 1.26618
C 1.13001 -0.42384 -0.76860
C 95.19090 -0.64523 -0.80529
C 91.87810 -0.73335 -0.63564
C 87.74670 -0.74827 -1.66770
C -0.58689 2.26205 -0.90799
C 93.62800 1.83322 -0.53626
C 0.71704 5.13350 -0.93924
C 81.16850 95.71230 0.40022
C 78.05460 -0.99300 1.05331
C 75.07820 -0.30394 1.68398
C 77.30150 2.11132 0.91021
C 74.11100 2.89718 1.64810
C 73.89490 18.59160 1.79383
C 74.73320 22.07110 2.03627
C 83.48890 6.98089 0.51496
C 86.14970 9.03391 0.43360
C 83.11220 10.19080 0.41489
C 80.14810 11.43470 0.36704
C 91.75320 10.04770 0.07136
C 88.51900 11.10300 0.39563
C 85.43970 12.18000 0.60551
C 82.36750 13.31420 0.48426
C 93.74540 11.88840 0.06005
C 90.79290 12.92090 0.60113
C 87.95770 14.33200 0.78986
C 84.74780 15.40330 0.84760
C 93.44100 14.98070 0.99147
C 89.92810 16.13790 1.10622
C 86.98430 17.57020 1.16508
C 83.77190 18.53650 1.06175
C 82.90010 47.62740 1.50567
C 91.57460 45.45650 -0.17928
C 1.04448 46.66000 -2.00006
C 84.99760 24.73340 -1.45623
C 81.75360 24.13460 0.53978
C 90.36230 26.36480 -0.97898
C 87.22870 26.95790 -0.88765
C 80.54460 27.96720 -0.28369
C 89.22520 29.26840 -0.61110
C 79.42000 31.14060 -0.19116
C 91.34470 31.61280 -0.57563
C 78.49460 34.17940 0.02604
C 93.33720 34.04460 -0.53054
C 80.80410 36.76300 0.13176
C 95.24250 36.53460 -0.39439
C 82.65340 39.24810 0.36516
C 84.91500 41.56050 0.52393
C -0.46691 41.97250 -0.39631
C 93.31470 42.59180 -0.11197
C 89.96660 43.48810 0.28942
C 86.72620 44.08480 1.19155
C 84.66040 44.74650 1.34525
C 95.75960 44.91300 -0.39279
C 78.22190 22.82100 -0.63580
C 79.44540 25.78050 -0.69173
C 77.21380 28.61200 -0.59199
C 75.61120 31.35720 -1.34724
C 74.45230 34.72600 -1.62994
C 77.56750 37.06450 0.25433
C 79.41810 39.87220 0.43663
C 81.49820 42.47880 0.94030
C 79.62830 45.44840 0.27284
C 82.94520 22.25560 -1.80310
C 88.62290 23.59950 -0.04646
C 93.93630 25.19070 -0.36174
C 90.03900 24.40180 -1.58550
C 92.47240 28.76200 -0.83267
C 94.68510 31.16310 -0.55104
C -0.55409 33.51060 -0.24843
C 84.00290 27.52950 -0.71802
C 86.05170 29.88850 -0.52878
C 82.69820 30.52780 -0.38122
C 88.18860 32.23980 -0.56005
C 84.96680 32.78460 -0.43173
C 81.66920 33.40240 -0.31813
C 90.09750 34.63210 -0.45824
C 86.96890 35.41310 -0.27032
C 83.83050 36.01000 -0.01899
C 92.12240 37.05260 -0.32011
C 88.96140 37.82410 -0.25430
C 85.82850 38.52270 0.12320
C 0.62312 39.02680 -0.27340
C 94.47980 39.75800 -0.20691
C 91.25840 40.22260 -0.09773
C 87.95000 40.86640 0.17500
C 75.95900 25.03970 -1.25764
C 74.38530 37.36040 0.46740
C 76.03260 39.75580 0.39573
C 77.69170 42.64150 0.28527
C 74.45530 42.53950 0.32704
C 76.03200 45.55360 0.23960
C 0.29175 25.20380 -0.72191
C 95.99350 28.05390 -0.66488
C 0.85243 30.62190 -0.20357
H 85.25990 47.08160 1.81472
H 93.84790 45.94240 0.52789
H 86.92920 25.10680 0.04396
H 83.85820 25.39630 0.81988
H 89.00890 27.25180 0.89259
H 82.69100 28.53160 1.13777
H 79.11960 29.48420 0.73860
H 91.00910 29.69590 0.99114
H 80.44290 34.69450 1.39862
H 94.95700 34.65490 1.19439
H 82.53690 37.14260 1.79806
H -0.09445 37.17590 1.13402
H 84.62480 39.54420 1.96939
H -0.85248 40.16450 1.41686
H 83.70980 42.64770 2.01984
H 95.19340 43.17170 1.26004
H 92.07570 43.83930 1.60523
H 88.92650 44.43100 2.22450
H 85.94930 44.51730 3.53336
H 79.27810 24.14710 1.25862
H 77.28060 26.44280 0.07174
H 75.16990 28.69560 0.95300
H 76.04940 33.45910 -0.10899
H 77.50150 35.33980 1.96137
H 79.33710 37.84950 1.77620
H 81.47890 40.19080 1.92298
H 79.28000 43.40070 1.59189
H 84.94100 22.51550 -0.19489
H 94.01990 22.64210 0.13876
H 92.29270 26.72200 0.64588
H 94.34190 29.18190 0.74057
H -0.83893 31.65910 1.26724
H 85.78610 27.90410 0.95352
H 87.85820 30.34890 1.12458
H 84.65300 30.88320 1.10100
H 81.45310 31.53640 1.29791
H 78.27880 32.37240 1.83452
H 93.11050 32.17480 1.09024
H 89.93410 32.71720 1.01380
H 86.79370 33.40250 1.11277
H 83.59340 33.98330 1.22532
H 91.91000 35.13750 1.14919
H 88.80010 35.91450 1.21629
H 85.69160 36.44430 1.53216
H 93.96930 37.80570 1.25304
H 90.86570 38.27020 1.34796
H 87.76860 38.86850 1.56392
H 93.02430 40.75880 1.51948
H 89.93750 41.39720 1.55434
H 86.83820 41.84320 2.06716
H 76.25460 23.37740 0.58045
H 74.17250 25.70500 0.35275
H 74.47740 35.27900 1.92353
H 76.13620 37.97900 2.08298
H 77.62050 40.73820 2.03785
H 74.40680 40.74090 2.03315
H 75.98700 43.64020 1.92364
H 0.11932 23.05450 0.41489
H 95.80710 26.20060 0.97573
H 0.45555 28.77030 1.08890
C 84.67530 46.48270 4.27740
C 92.79940 45.85240 2.80249
C 0.03988 48.95590 1.28383
C 85.67810 23.82340 1.83529
C 81.22870 23.65410 2.61104
C 90.56480 25.55040 1.91826
C 87.23970 26.40450 2.23126
C 80.69940 27.69100 1.67355
C 89.26600 28.91790 2.59997
C 79.77430 30.56680 2.82529
C 91.26010 31.25040 2.53894
C 78.99720 33.74430 3.23426
C 93.21130 33.89170 2.80738
C 80.87520 36.43830 3.18148
C 95.41590 36.46630 2.80042
C 82.86610 38.95040 3.52015
C 85.06360 41.35750 3.63873
C -0.43786 41.95360 2.88931
C 93.70220 42.58500 3.02304
C 90.63350 43.07590 3.31775
C 87.47240 43.35140 3.97565
C 84.21910 43.18440 4.40528
C -0.18432 44.98850 1.18613
C 77.68910 22.62530 2.52721
C 78.04450 25.91820 2.40586
C 77.04840 28.63200 1.28502
C 75.12650 31.11970 0.60628
C 76.06140 33.41580 2.44697
C 77.85460 37.13810 3.63780
C 79.47720 39.79790 3.35799
C 81.34330 42.50650 2.72924
C 80.03800 45.74780 2.28481
C 83.61090 21.70270 1.35482
C 91.56140 22.19070 0.35230
C 93.83190 24.86020 1.51845
C 90.85650 25.63750 3.65315
C 92.60220 28.24890 2.29162
C 94.46670 30.83190 2.60227
C -0.76495 33.44370 2.81362
C 84.02450 26.72900 2.33244
C 86.10370 29.57200 2.65139
C 82.93370 30.06550 2.69379
C 88.18020 32.15420 2.69846
C 85.06850 32.60300 2.72511
C 81.84900 33.30590 2.88166
C 90.13410 34.48740 2.67966
C 87.07400 35.16930 2.84176
C 83.92420 35.62840 3.14693
C 92.31940 36.88460 2.83298
C 89.18440 37.53490 2.98806
C 86.08210 38.14380 3.30406
C 1.34582 39.07490 1.71182
C 94.50230 39.47510 2.99551
C 91.25110 39.99930 3.09726
C 88.44830 40.48080 3.26977
C 75.99160 25.27160 1.98516
C 74.42200 37.08050 3.62319
C 76.04960 39.81780 3.69199
C 77.70750 42.83020 3.47062
C 74.39280 42.73570 3.54041
C 76.22390 45.47890 3.59850
C 0.00974 24.68010 2.36606
C 95.64930 27.77030 2.42141
C 0.50599 30.44970 2.85199
C 88.79530 46.58690 0.91142
C 86.27420 48.34520 0.20343
C 82.99080 49.56900 1.41243
C 80.06050 51.02200 1.78273
C 77.27240 53.01400 0.63403
C 93.89990 47.65620 -0.76010
C 76.92260 56.28780 0.92015
C 74.16570 57.41420 3.70528
C 76.66450 59.38360 0.81685
C -0.08674 51.90210 -0.93676
C 94.06040 53.53420 -0.78629
C 91.09100 55.02710 -0.64483
C 88.22190 56.39260 -0.88750
C 76.59800 62.88150 0.59616
C 88.82680 59.57930 -0.84725
C 85.40750 61.23750 -0.73604
C 79.37520 64.29100 0.07207
C 84.79650 64.12180 -1.39988
C 82.32690 66.14870 -0.04062
C 86.04810 67.65360 -1.24535
C 78.08130 48.45610 0.68624
C 76.17670 51.30860 0.50875
C 81.82230 69.64060 -0.84093
C 79.53650 67.76170 0.68303
C 76.48990 66.32940 1.35930
C 74.17270 62.97280 3.80859
C 0.11017 55.66320 -0.74802
C 93.93530 56.69140 -1.24462
C 93.12560 59.65880 -1.57978
C 91.83770 62.71510 -1.77466
C 90.97490 65.77680 -2.92677
C 87.93050 64.85070 -1.47546
C 89.32580 69.03940 -2.77929
C 90.67530 71.57720 -1.13252
C 91.59140 48.61510 -0.06762
C 88.68420 50.10710 0.10082
C 85.82640 51.60610 0.07856
C 82.77730 52.52150 0.58470
C 79.82620 54.51230 0.48227
C 94.32740 50.40700 -0.42126
C 91.32080 51.89680 -0.29526
C 88.57360 53.24130 -0.31362
C 85.37430 54.60590 -0.34421
C 82.44580 56.12860 -0.02745
C 79.74840 57.73440 0.33512
C 85.49320 57.80180 -0.69158
C 82.39120 59.38290 -0.27727
C 79.50610 61.07170 0.19304
C 82.23600 62.68820 -0.44365
C 74.46720 48.29630 0.45110
C 76.53970 69.76800 0.14277
C -0.89612 58.98200 -1.56269
C 1.16431 61.54640 -1.93132
C 95.14570 62.15100 -1.95169
C -0.14986 64.54370 -2.20130
C 93.94740 65.14940 -2.32563
C 95.84790 67.65680 -2.64637
C 92.54250 68.28770 -2.60901
C 0.54866 70.35340 -2.78326
C 94.38450 70.88440 -2.70268
H 83.56610 48.70210 3.80281
H 91.03400 47.02720 1.65328
H 87.99240 48.70900 2.05508
H 82.39410 51.56990 2.76871
H 79.26770 52.95070 2.32941
H 76.41580 54.53960 2.43131
H 1.22555 46.95270 0.46293
H 76.43780 57.81670 2.95902
H -0.86312 50.61750 1.07662
H 93.33270 52.07900 1.17519
H 76.22420 60.99070 2.29761
H 93.13440 55.31620 0.67247
H 90.00830 56.78560 0.72906
H 87.24420 58.18940 0.51098
H 76.09210 64.14060 2.77426
H 88.67030 61.06080 1.24885
H 81.50570 64.18660 1.36609
H 78.81480 65.77420 1.91381
H 86.81300 63.29750 -0.10764
H 84.75120 65.92680 0.14286
H 77.62080 46.37200 1.71836
H 76.06880 49.37190 2.14538
H 85.01440 70.00450 -1.15668
H 83.14910 68.41510 0.89447
H 80.25250 69.94750 1.14338
H 77.50520 68.47260 1.97594
H 74.73440 69.91350 1.97455
H 95.96490 53.84310 0.25078
H 95.60700 57.36940 0.21793
H 92.55460 58.14370 0.33407
H 91.80130 61.02260 0.04924
H 89.98240 63.71640 -0.27366
H 89.53990 66.69150 -1.67300
H 91.06630 69.27680 -0.92498
H 87.88050 69.43430 -1.48798
H 85.24350 50.18930 1.47994
H 93.52460 48.98680 1.39604
H 90.73620 50.36850 1.46830
H 87.81710 51.86210 1.56419
H 84.84460 53.27170 1.63151
H 81.98460 54.62650 1.71149
H 79.13430 56.16180 2.19278
H 90.40890 53.60740 1.30234
H 87.40570 54.99740 0.96424
H 84.64030 56.38510 1.16562
H 81.78980 57.86070 1.66467
H 78.90280 59.44790 1.89286
H 84.44850 59.59960 0.76879
H 81.63990 61.09650 1.42023
H 78.74510 62.69240 1.87177
H 84.35660 62.88860 0.74653
H 74.46590 46.39730 2.10558
H 0.86424 59.92660 -0.11161
H 94.92490 60.47670 -0.11339
H -0.20920 62.93290 -0.49351
H 93.75720 63.53360 -0.44511
H 95.62890 66.03360 -0.76257
H 92.46540 66.48360 -0.88900
H 0.45761 68.50330 -1.06674
H 94.43160 68.94880 -1.15077
H -0.85329 71.78320 -1.52466
C 88.84380 46.53520 2.84146
C 86.07510 48.91860 3.43834
C 83.45820 50.43790 4.83230
C 80.34640 51.10470 3.77391
C 77.38500 52.73430 3.96981
C 94.48460 47.12950 2.60255
C 77.61000 55.96850 4.17465
C 73.95270 58.43920 5.51550
C 77.34140 59.27390 3.87211
C 0.09080 52.59400 2.16121
C 94.46440 53.95110 2.30407
C 91.36680 55.50120 2.43245
C 88.51660 56.80460 2.27222
C 77.31810 62.81730 3.90022
C 90.32050 59.17620 0.83340
C 86.18100 61.33310 1.29978
C 79.87970 64.35050 3.32723
C 85.87210 64.59120 1.78752
C 82.79210 66.08680 1.84526
C 85.61740 68.25910 0.72430
C 78.14630 48.83370 2.51313
C 76.05920 51.11740 3.96664
C 82.40100 70.00100 2.39926
C 79.83520 67.97140 2.52301
C 76.75990 66.43560 3.20509
C 73.93350 61.06330 3.18523
C 0.13755 55.83870 1.16753
C 94.05180 57.17390 2.06890
C 93.38620 60.01890 1.78947
C 91.95500 62.92570 1.23066
C 90.56710 65.90440 0.59120
C 88.97450 62.57870 0.72508
C 89.30210 68.21350 0.38645
C 91.11620 71.32400 0.56473
C 91.78160 48.92870 3.11021
C 88.99500 50.53610 3.28139
C 85.89550 51.86820 3.13769
C 83.26520 53.46060 3.55365
C 80.45870 54.69330 3.66038
C 94.49300 50.68500 2.86983
C 91.57460 52.21630 2.86868
C 88.48360 53.81280 2.84117
C 85.88610 55.05610 2.86152
C 83.09190 56.40800 3.08019
C 80.15690 58.00050 3.47468
C 85.71210 58.18730 2.42840
C 83.03840 59.71810 2.84449
C 80.01430 61.08320 3.30103
C 83.00140 62.72290 2.76602
C 74.47220 48.15280 3.83486
C 76.90890 70.19410 3.44858
C -0.85809 59.38890 1.61122
C 1.14531 61.90630 1.32274
C 95.15180 62.51160 1.26384
C -0.20016 64.89200 0.95700
C 93.84880 65.60580 0.93589
C 95.85030 68.01130 0.65610
C 92.80940 68.40620 0.58951
C 0.87024 70.70100 -0.04134
C 94.79040 70.92340 0.39907
C -0.46136 94.17410 -3.91577
C 93.59970 93.85280 -3.68390
C 90.48250 94.03430 -4.04605
C 0.62534 77.45090 -4.28907
C 94.78530 77.96870 -5.46699
C 89.76750 79.99450 -5.35897
C 87.53660 82.43030 -4.46702
C 87.18610 85.56670 -5.20216
C 0.18988 88.91870 -4.17269
C 93.91180 88.86230 -4.26166
C 87.39400 88.62280 -4.47735
C 91.92120 91.30430 -4.22712
C 73.77290 88.29500 -0.79493
C 83.67310 88.63370 -4.58313
C 79.22240 90.37650 -2.06476
C 84.63390 91.87080 -3.69741
C 86.92730 93.95780 -4.06907
C 83.63770 94.59650 -3.32880
C 90.29210 74.93450 -1.97350
C 86.68510 71.74080 -1.85995
C 83.08590 70.08440 -2.43095
C 86.48310 74.89460 -3.45207
C 87.47960 78.07200 -4.43328
C 84.46550 80.27730 -3.52274
C 84.07720 83.59600 -4.50121
C 81.82250 85.45950 -3.60554
C 80.66680 87.91490 -2.37448
C 76.65900 86.11670 -2.11779
C 73.70700 84.70280 -1.33057
C -0.54160 73.64990 -3.15771
C 93.22090 72.51830 -3.16275
C 94.50260 75.87010 -5.64313
C -0.77860 80.54600 -4.67882
C 92.95630 80.56060 -5.27608
C 0.44196 83.17800 -4.23659
C 94.35700 83.34720 -4.70074
C 90.95090 82.92820 -4.97003
C 95.63570 86.03640 -4.31417
C 92.49120 85.92810 -4.52555
C 89.33110 85.61360 -4.67235
C 90.60210 88.58760 -4.28518
C 88.78720 91.45720 -4.19522
C 76.23690 90.74520 -1.58909
C 73.11480 91.36520 -0.89012
C 81.54380 92.26760 -2.73381
C 78.33400 93.19780 -1.92398
C 75.27760 93.88310 -1.47335
C 84.16930 73.68130 -1.78756
C 81.54130 72.86250 -1.23671
C 78.95440 71.25170 -0.43090
C 84.18990 76.88360 -3.17769
C 81.63880 75.63170 -1.94124
C 78.99920 74.27170 -1.07544
C 76.25530 72.93600 -0.34111
C 81.63300 78.91610 -2.66097
C 78.78480 77.46670 -1.76081
C 76.14570 76.23080 -0.87819
C 81.70400 82.10920 -3.11668
C 78.83910 80.85740 -2.26597
C 76.24650 79.51490 -1.35304
C 73.44700 78.02140 -0.54484
C 79.25960 84.18690 -2.66572
C 76.34730 82.88430 -1.82673
C 73.64020 81.20230 -1.04675
H -0.34080 92.44200 -2.59279
H 93.60240 92.35080 -2.59934
H 91.89870 95.01610 -2.29489
H 88.72830 94.74680 -2.54788
H 0.26367 75.92460 -2.13359
H 95.99850 78.50550 -3.33419
H 92.79940 78.34130 -3.84194
H 89.82690 78.35430 -3.35503
H 88.14390 80.29030 -3.57501
H 86.00560 84.19260 -3.60469
H 87.78110 86.64560 -3.04837
H 95.27660 89.69320 -2.85370
H 92.14250 89.51370 -2.55643
H 88.95970 89.47880 -2.68586
H 85.75460 88.94640 -3.07981
H 90.40880 92.17360 -2.48740
H 79.25890 88.42410 -0.39174
H 76.14550 89.02200 -0.33093
H 72.92680 89.85440 1.02090
H 82.94980 90.19120 -3.14408
H 81.23490 90.78570 -0.67785
H 86.95050 92.17140 -2.74921
H 87.95660 73.89530 -1.61689
H 85.62640 72.99940 0.17043
H 88.29780 76.50130 -2.57532
H 85.78060 78.50490 -2.69227
H 82.90300 80.71350 -1.63590
H 83.06780 83.85840 -2.11792
H 83.02200 87.09620 -2.72163
H 80.65530 85.67660 -1.37961
H 77.71410 84.45660 -0.68302
H 74.92800 86.23080 -0.37668
H 93.12850 71.78100 -0.77194
H 1.63595 73.62550 -1.70699
H 94.45790 74.42480 -2.03753
H 90.58130 73.78350 0.02245
H 95.12890 95.01830 -2.13654
H 0.40423 81.32540 -2.63029
H 94.33500 81.18990 -3.42969
H 91.17710 81.01990 -3.62296
H 95.71160 84.06670 -2.78568
H 92.56740 83.87300 -3.26649
H 89.33440 83.77600 -3.32671
H -0.05499 87.05630 -2.60021
H 93.97650 86.81460 -2.82011
H 90.79810 86.60320 -2.90477
H 78.18850 91.52120 -0.20865
H 75.16730 92.13730 0.25353
H 83.61220 92.85720 -1.57732
H 80.55070 93.73140 -0.98155
H 77.29320 94.53810 -0.11029
H 82.70820 71.55060 0.44501
H 85.42640 75.69420 -1.42148
H 82.74670 74.58660 -0.03749
H 80.12010 73.09040 0.71771
H 77.37250 71.66920 1.47848
H 82.87240 77.54320 -1.11848
H 80.08560 76.24620 -0.18238
H 77.39290 74.82160 0.72117
H 74.64010 73.40160 1.43832
H 80.06120 79.32550 -0.80785
H 77.40600 78.01930 0.27229
H 74.69190 76.55040 1.07603
H 80.26030 82.52610 -1.15019
H 77.53060 81.29400 -0.31755
H 74.79380 79.76940 0.62229
H 74.87040 83.01830 0.17809
C -0.27755 94.19810 -0.59013
C 93.42730 94.01520 -0.64493
C 90.23810 93.98210 -0.82588
C 0.06925 77.68960 -1.21499
C 94.42510 76.82620 -2.42660
C 89.78480 80.39700 -1.77437
C 87.53890 82.44160 -2.62397
C 85.36940 86.49530 -2.70522
C -0.40729 88.74290 -0.82952
C 93.80400 88.56030 -1.04183
C 87.37180 88.29460 -1.23920
C 92.00860 91.32080 -0.85147
C 74.24090 88.06680 1.16035
C 82.48840 88.76620 -1.09822
C 79.71250 90.26680 1.27486
C 85.02220 90.88910 -1.77411
C 87.31240 93.69090 -0.82712
C 84.55240 94.91750 -0.33966
C 89.10830 74.13950 1.81323
C 88.18840 72.83790 0.60306
C 85.07810 71.27190 1.11953
C 87.52260 75.97770 -0.20529
C 87.99920 78.83580 -1.61673
C 84.99010 80.70860 -1.68315
C 85.06610 83.65480 -1.18937
C 82.94760 85.77520 -0.56849
C 80.49950 87.23320 0.67910
C 77.32640 86.84610 -0.04271
C 74.52990 84.94810 1.72409
C -0.58756 74.06050 -0.52460
C 93.21990 74.06970 0.11226
C 93.07170 75.75280 -3.91063
C 95.57930 80.20370 -1.58823
C 92.67430 79.75760 -2.10615
C 0.11293 83.19450 -1.03737
C 94.01910 82.82030 -1.55337
C 90.90030 82.74210 -1.88569
C 95.48540 85.88270 -1.12332
C 92.43410 85.56800 -1.44289
C 89.16250 85.42790 -1.50140
C 90.58500 88.34010 -1.16457
C 88.64100 91.22720 -1.06903
C 76.70660 90.61140 1.54522
C 73.74870 91.69410 2.29756
C 82.36170 92.69610 0.51480
C 79.16950 93.42130 1.02286
C 75.71880 93.99770 1.75775
C 84.92110 75.22770 0.94712
C 82.19100 73.32990 1.97951
C 79.54310 71.70450 2.68844
C 85.08280 77.84160 -0.38575
C 82.15100 76.67710 1.04866
C 79.46910 75.09400 1.92576
C 76.73120 73.63680 2.75680
C 82.28310 79.47620 0.28290
C 79.46830 78.17430 1.31681
C 76.87300 76.78720 2.27093
C 82.45720 82.48450 -0.12785
C 79.70810 81.23000 0.80724
C 76.98300 80.01760 1.70491
C 74.02760 78.46140 2.61906
C 79.87400 84.30680 0.50373
C 77.05440 83.11720 1.27778
C 74.28380 81.69840 2.15291
