2979
Frame 95
C 13.03290 -1.39873 -1.69392
C 14.06730 1.67422 -1.53895
C 11.95720 3.60669 -2.74940
C 10.92280 6.69254 -3.03829
C 8.62921 9.73907 -2.91918
C 4.91656 9.21935 -3.98834
C 3.31466 8.89992 -5.06820
C 24.11650 0.78716 0.06810
C 22.41480 4.65470 0.78041
C 24.89540 6.52934 -0.47240
C 25.08070 12.41110 -0.36162
C 19.64920 1.32516 -1.14566
C 16.32490 -0.20532 -0.51849
C 19.50530 4.95427 -1.25462
C 22.93100 9.55054 0.00308
C 19.90190 8.18495 -0.63601
C 14.08040 5.24987 -0.97397
C 23.31490 13.30950 -0.96832
C 14.35050 8.95686 -1.58902
C 23.32770 16.56130 -0.68749
C 12.08180 11.13480 -1.90354
C 23.21790 19.79200 -0.48618
C 12.94870 14.14100 -1.17674
C 9.80186 13.39050 -1.89460
C 23.15110 23.03730 -0.56140
C 14.79080 18.46810 -0.34019
C 11.44720 16.78820 0.03240
C 14.57380 21.75510 0.44063
C 20.55290 -0.67177 -1.04562
C 5.92212 11.23520 -1.73459
C 6.78948 14.68890 -1.08514
C 3.61580 14.72980 -1.82118
C 8.23438 17.13020 -0.46579
C 2.38257 17.59890 -1.92548
C 9.72194 19.83420 -0.11899
C 11.43590 22.36880 -0.10385
C 9.55510 96.10360 -2.59461
C 10.89230 1.33252 -2.44356
C 7.58140 0.84557 -3.06734
C 4.24585 0.51209 -3.62880
C 8.76016 3.48942 -3.19940
C 5.62585 3.29981 -3.62364
C 2.43044 3.25640 -3.91908
C 7.18438 5.97266 -4.02495
C 3.80694 6.02792 -4.09715
C 16.83500 3.40892 -1.26687
C 17.07520 6.77635 -1.20338
C 20.44210 11.40600 0.02250
C 17.58880 9.92640 -0.75202
C 20.48810 15.14840 -0.61708
C 17.94820 13.31430 -0.35351
C 15.12370 11.93350 -1.03893
C 20.43350 18.38370 -0.31249
C 17.90920 16.85940 -0.38198
C 15.05730 15.23580 -0.63097
C 20.41300 21.53420 -0.23899
C 17.60890 19.94040 -0.11649
C 5.21914 17.56140 -0.98277
C 6.73227 19.93650 -0.57951
C 3.67200 20.34700 -1.16933
C 8.19443 22.61760 -0.33403
C 5.06462 22.87870 -0.82405
C 1.70418 23.12890 -1.44498
H 13.91930 -0.03619 0.25464
H 12.00040 2.36533 -0.50675
H 10.29860 4.75970 -1.68348
H 8.50352 7.37918 -2.35600
H 2.16361 6.99518 -2.43885
H 4.01462 9.65335 -1.67186
H 22.84570 2.28507 1.72868
H 24.79840 4.68522 1.24975
H 23.11400 7.08443 0.55627
H 25.04200 10.48710 1.07865
H 25.50330 16.10820 0.75251
H 20.30880 3.22946 0.50199
H 17.65540 1.64277 0.44772
H 20.40320 6.14176 0.81168
H 14.93770 3.18202 0.27963
H 15.08670 7.02847 -0.12201
H 21.56540 13.52290 0.74426
H 12.46330 8.95817 -0.49390
H 24.13270 18.49990 0.68881
H 21.51050 16.77290 1.02910
H 10.09350 11.27180 -0.29247
H 24.27740 21.50930 1.10927
H 10.59140 14.44110 -0.20504
H 13.17700 18.48480 0.85420
H 9.67334 17.98560 1.32838
H 22.24000 -0.61920 0.74140
H 1.47809 13.28910 -2.29271
H 7.45111 12.88050 -0.82305
H 4.09908 12.60780 -0.41090
H 7.90878 15.31420 1.22876
H 6.49681 18.14320 1.05128
H 11.21580 20.71110 1.96323
H 7.97901 20.80620 1.35024
H 10.91440 -0.49146 -0.83066
H 7.49572 -0.90144 -1.35357
H 4.34862 96.31020 -1.90939
H 1.16543 95.93490 -2.41398
H 8.82627 1.89297 -1.26122
H 5.63227 1.61219 -1.82370
H 2.44683 1.31185 -2.30921
H 7.02581 4.50114 -2.01823
H 3.92763 4.29684 -2.25254
H 5.33225 7.04614 -2.80157
H 17.63520 4.96662 0.43572
H 20.75240 9.18715 1.03810
H 17.85140 8.08585 0.81287
H 18.22650 11.33480 1.19728
H 15.39170 10.15440 0.42026
H 18.61240 15.12150 1.20188
H 15.80950 13.42990 0.85420
H 12.97220 12.11440 0.18820
H 21.46160 19.95300 1.31968
H 18.69190 18.32280 1.48681
H 15.89190 16.75740 1.08856
H 13.21000 15.29950 0.97495
H 18.70710 21.59240 1.47932
H 15.92620 19.96400 1.30516
H 4.80825 15.52520 0.14574
H 1.64826 15.65500 -0.57720
H 3.21437 18.36470 0.24720
H 4.95507 20.97230 0.76068
H 1.64599 21.10650 0.00875
C 11.97210 96.51930 1.37770
C 13.33460 1.76549 1.55862
C 11.49300 4.44712 0.55899
C 10.71660 7.19982 -1.01576
C 8.42814 9.61920 -1.03051
C 4.44802 8.29936 0.05565
C 1.88449 8.69402 -2.65850
C 23.92480 0.63575 1.94151
C 24.10340 3.61647 3.44876
C 24.52770 6.69989 2.71567
C 24.94310 12.33560 2.76970
C 19.48200 1.34632 2.17514
C 16.11920 -0.17211 1.45502
C 19.11410 4.64711 2.37489
C 23.03600 9.33903 1.90715
C 19.53390 7.76770 2.55563
C 13.71010 5.11861 0.95072
C 23.27820 13.61920 2.68055
C 13.97440 8.51712 1.60168
C 23.39870 16.79510 2.40497
C 11.33790 10.60860 1.40171
C 23.46170 19.82700 2.71196
C 11.81880 13.50200 1.85852
C 8.98812 13.02910 1.25146
C 23.58410 23.20740 2.75072
C 14.95720 18.31820 2.79633
C 11.65890 16.80860 2.15093
C 14.41140 21.68220 2.26179
C 20.25490 -0.72125 2.05012
C 5.85472 12.41320 1.20543
C 5.85830 14.31240 2.05315
C 2.89562 14.31610 1.08088
C 7.88414 16.89680 2.78539
C 1.18642 17.33160 1.15193
C 9.28428 19.69480 3.16924
C 11.12650 22.50890 3.12705
C 9.04368 96.14990 0.48145
C 10.15020 1.31698 0.72292
C 7.01336 0.95742 0.08734
C 3.80867 0.59647 -0.40681
C 8.55001 3.98433 -0.08804
C 5.45497 3.61250 -0.37332
C 2.34687 3.23717 -0.72358
C 7.03379 6.73798 -0.83988
C 3.94378 6.44122 -0.85110
C 16.39260 3.35322 1.98239
C 16.35200 6.50059 1.90188
C 20.49620 11.50840 1.98525
C 17.01580 9.88723 2.30017
C 20.40410 15.11440 2.58395
C 17.59850 13.26470 2.58308
C 14.49790 11.71790 2.10523
C 20.64160 18.21810 2.89999
C 17.56850 16.66980 2.88705
C 14.97370 15.01940 2.56976
C 20.65500 21.52530 3.00697
C 17.64230 19.95970 3.03784
C 4.49588 17.11500 1.99201
C 6.10600 19.93200 2.70290
C 2.96138 20.17440 1.87854
C 7.94929 22.74760 2.82877
C 4.58614 22.86370 2.29532
C 1.40668 22.96750 1.59069
C 22.79040 26.52700 -0.65172
C 20.25520 28.53310 -0.28341
C 15.28890 25.18090 -0.11502
C 18.93980 29.71820 -1.24555
C 23.25100 29.57180 -0.67426
C 23.95310 32.67750 -1.36862
C 23.78450 35.97120 -2.05135
C 25.75330 46.30650 -2.67344
C 22.42140 44.79230 -1.44861
C 21.33890 32.26670 1.16083
C 18.75490 33.09890 -1.43579
C 15.15610 28.20060 -1.42646
C 19.60970 35.14830 -1.39424
C 13.18520 34.57710 -1.61957
C 20.58930 38.46270 -1.54007
C 10.88360 36.67410 -1.75252
C 21.81690 41.71010 -1.70452
C 18.61720 41.30520 -1.74197
C 8.65454 39.20760 -2.01854
C 4.15506 39.46250 -3.14629
C 16.22820 43.81300 -1.85864
C 2.65361 43.05640 -2.74351
C 14.33560 46.18540 -1.87570
C 5.02170 44.78710 -3.17158
C 2.80784 47.35870 -3.09559
C 13.10700 24.72490 -0.34504
C 12.11780 28.00760 -0.42517
C 12.84350 31.36610 -1.46103
C 10.01290 30.46290 -1.21521
C 9.64299 33.66740 -0.27699
C 5.74128 33.86430 -1.39584
C 7.86075 36.22960 0.15704
C 1.42004 36.97970 -1.84380
C 20.58370 24.82930 -0.04805
C 17.86710 23.29080 -0.08877
C 18.05040 26.53030 0.04567
C 16.26060 35.38570 -2.06383
C 17.50530 38.41170 -1.89767
C 14.28700 37.59680 -1.97972
C 15.35360 40.78900 -1.98892
C 12.16250 39.91030 -2.31813
C 13.33750 43.17190 -2.20083
C 10.02430 42.48940 -2.66080
C 6.52970 41.96750 -2.83121
C 11.20260 45.86030 -2.39753
C 8.01155 45.08540 -2.72553
C 5.93886 47.85640 -2.57986
C 9.95700 25.08530 -0.57722
C 6.53833 25.26470 -0.85319
C 3.35744 25.65850 -1.22912
C 8.14918 27.80350 -0.93193
C 5.15518 28.17780 -1.24295
C 1.70440 28.51650 -1.49862
C 6.81204 30.74110 -1.27884
C 3.82511 31.00070 -1.53163
C 2.62992 34.13570 -1.62134
H 0.82218 43.38480 -0.97311
H 24.14660 24.63950 0.59334
H 21.70610 26.38810 1.62547
H 15.99020 23.41800 1.47396
H 19.01050 28.03380 1.86007
H 16.22670 26.60200 1.94271
H 16.77880 28.84190 -0.21851
H 24.37830 27.85120 0.72787
H 24.60570 31.14280 0.65383
H 21.71660 29.77460 1.41913
H 24.19530 40.99850 -1.84523
H 24.81530 44.19620 -1.71187
H 22.68330 42.97260 0.28437
H 20.51140 45.31900 0.19971
H 19.70570 34.17680 0.95619
H 16.89430 33.53370 -0.49184
H 14.02240 33.01480 0.18621
H 20.89360 36.95310 0.05087
H 11.59650 35.17140 0.13542
H 21.83000 39.95560 0.07720
H 9.23787 37.50570 -0.14677
H 19.76890 42.50130 -0.29397
H 6.66818 40.40870 -0.78131
H 2.50208 40.71780 -1.73178
H 17.52520 44.88960 0.20428
H 4.76768 42.99680 -1.48146
H 15.54200 47.45940 -0.11129
H 3.09462 45.35200 -1.67049
H 12.88270 23.24840 1.51775
H 9.68019 23.49910 1.30631
H 11.54770 26.06780 1.09036
H 13.75040 29.88460 0.03435
H 11.22110 31.90780 0.41656
H 8.42197 31.58530 0.38430
H 7.30891 34.55410 0.00952
H 4.09723 34.87740 0.30986
H 0.90530 35.17900 -0.20869
H 2.68156 37.90170 -0.15901
H 21.48900 23.11830 1.32090
H 18.83830 24.78560 1.67806
H 23.51950 45.70900 0.56367
H 17.78460 36.53730 -0.41458
H 14.68500 35.90660 -0.22208
H 18.82370 39.42980 -0.02681
H 15.57740 38.89710 -0.35881
H 12.40870 38.17870 -0.51762
H 16.60520 41.95150 -0.32617
H 13.34250 41.36920 -0.61635
H 10.25130 40.62510 -0.98280
H 14.39520 44.31520 -0.26471
H 11.29730 43.84760 -0.95570
H 8.09986 43.17900 -1.24835
H 12.42410 46.95370 -0.53302
H 9.24593 46.23990 -0.92150
H 6.16164 45.82440 -1.27199
H 6.46192 23.68580 1.03726
H 3.21478 23.80740 0.43112
H 8.24809 26.22120 0.71194
H 4.95658 26.47610 0.48759
H 1.63151 26.65710 0.23020
H 9.96828 28.83190 0.54462
H 6.59449 29.12500 0.53007
H 3.42903 29.23510 0.12753
H 5.29392 31.99580 0.23339
H 2.19769 32.24100 -0.18021
C 23.64650 26.33880 2.66177
C 20.65440 28.17080 3.24668
C 15.09920 24.90840 3.28186
C 16.78000 29.16760 2.40682
C 23.73590 29.56030 2.48177
C 23.61690 33.09340 1.65402
C 23.23940 36.08150 -0.20993
C 24.98670 43.75370 0.82237
C 22.10070 44.50500 2.17440
C 21.01010 31.62600 3.04134
C 17.43470 33.71660 1.97837
C 15.84420 31.27650 -0.23286
C 20.45830 35.48530 2.34669
C 13.48520 34.99190 1.69822
C 20.38770 38.75580 1.76682
C 10.82770 37.30460 1.30255
C 21.24870 41.63000 1.74872
C 18.25250 41.30370 1.45501
C 8.19018 39.41720 -0.19557
C 4.61935 39.27230 -1.04251
C 16.11630 43.72050 1.49326
C 2.92064 42.12750 0.02025
C 14.15710 46.29370 1.18230
C 4.53503 44.76970 0.24583
C 2.42462 46.98730 0.25237
C 12.99520 25.14760 2.96784
C 12.24020 28.45910 1.48652
C 13.04980 31.50880 1.96036
C 9.99399 30.63910 2.15637
C 10.41830 33.85530 1.70120
C 5.73241 33.79090 1.89943
C 4.60761 36.69190 1.17999
C 0.90349 36.96270 1.49035
C 20.76940 24.62770 3.13120
C 17.74800 23.11990 3.16306
C 18.10750 26.23070 3.55802
C 16.48510 35.21560 1.28551
C 17.20090 38.22170 1.39576
C 14.06740 37.78160 1.25908
C 15.01600 40.79570 1.15202
C 11.74490 40.13550 0.92434
C 12.79880 43.19710 0.99994
C 9.72469 42.51210 0.49378
C 6.34012 42.15450 0.32152
C 10.95540 45.56110 0.77828
C 7.63955 44.97180 0.43430
C 5.63428 47.41740 0.51540
C 9.77475 25.55540 2.67742
C 6.44949 25.72690 2.33739
C 3.14257 25.75950 1.97323
C 8.15513 28.16940 2.17367
C 4.81096 28.39440 1.99711
C 1.54506 28.52860 1.62701
C 6.68354 31.05080 2.08102
C 3.55830 31.16430 1.68347
C 2.33024 34.13220 1.51903
C 20.34550 47.46020 -1.38293
C 17.40370 46.78830 -1.61981
C 15.38190 49.37290 -1.70075
C 16.19350 53.28090 -1.33308
C 14.31070 56.29950 -1.00054
C 17.83810 56.48770 -1.81499
C 20.54500 58.61520 -1.87462
C 22.09360 61.48980 -1.52973
C 24.22610 64.07680 -1.48204
C 19.32360 61.67920 -1.88692
C 16.69060 59.96030 -1.33866
C 14.00070 58.62560 -0.94136
C 10.55440 57.16170 -0.26346
C 22.77900 66.81870 -1.55731
C 20.43630 64.77830 -1.14478
C 10.78100 60.71510 -1.22059
C 23.33180 70.12190 -1.73461
C 11.24260 63.97110 -1.97029
C 11.74090 67.11070 -2.55552
C 9.22042 69.13480 -3.18448
C 14.23740 48.93780 -3.35023
C 7.07107 50.63840 -2.17514
C 3.87626 50.30000 -2.49641
C 11.34980 54.54470 -1.80157
C 8.13799 53.66250 -1.92948
C 4.95401 53.14900 -2.21368
C 1.66482 52.79770 -2.18629
C 7.40469 56.46330 -0.35914
C 8.80067 58.32970 1.76629
C 7.28125 61.15150 -1.50068
C 9.20304 63.56950 -1.83855
C 8.24135 66.41630 -2.20719
C 7.07307 69.12070 -2.88245
C 23.42780 47.43190 -1.15042
C 21.56090 50.21540 -1.23479
C 17.86850 50.13920 0.01843
C 23.14840 52.89460 -1.34463
C 19.79950 52.67690 -1.40621
C 21.63430 55.67370 -1.57557
C 23.58250 58.48530 -1.41321
C 16.96440 63.80630 -2.09848
C 14.23720 61.98560 -1.58089
C 20.33650 68.58960 -1.80201
C 17.68770 66.83350 -1.93025
C 14.48640 65.61940 -2.17849
C 17.82850 70.11450 -2.20572
C 14.82980 68.56490 -2.33892
C 12.22440 70.31210 -3.05547
C 12.17600 48.84590 -2.11186
C 9.11550 48.27060 -2.27159
C 10.34460 51.48510 -1.78646
C 3.31159 56.18710 -0.96609
C 5.36148 58.78260 -1.30603
C 2.01841 59.28500 -1.49570
C 4.15012 61.82970 -1.65471
C 6.14248 64.18810 -1.73627
C 3.16519 64.75310 -1.92763
C 4.89313 67.08190 -2.30619
C 1.90030 67.76200 -2.42895
C 4.09581 69.83270 -2.96564
H 2.08016 50.74280 -0.62470
H 18.62500 47.84500 0.23522
H 15.92150 51.64370 0.54769
H 15.58990 54.84370 0.50951
H 16.31930 57.66240 -0.67256
H 21.90520 59.59380 0.02850
H 18.90400 59.69630 -0.45952
H 23.73760 62.27000 0.12429
H 14.11790 57.43430 1.24818
H 12.33120 55.52140 0.13382
H 22.53550 64.96430 0.04753
H 20.47330 62.59910 -0.11454
H 17.35070 62.13450 -0.53236
H 14.83970 60.48790 0.28405
H 11.93520 59.12550 0.31760
H 23.72020 68.18240 -0.17321
H 12.26260 62.42030 -0.31219
H 12.49330 65.73840 -0.58856
H 9.77356 67.71810 -1.23298
H 10.21810 70.82170 -1.79975
H 13.39310 49.89440 -0.15287
H 4.02295 48.32000 -1.10390
H 11.39000 52.48230 -0.26009
H 8.29979 51.77810 -0.34476
H 5.24059 51.25780 -0.63691
H 9.37656 54.97340 -0.28430
H 6.29743 54.24340 -0.33250
H 3.21717 53.72520 -0.41897
H 7.54735 55.99150 2.22363
H 6.91984 59.61070 0.58435
H 8.99165 62.04000 -0.00446
H 7.88003 64.92590 -0.22860
H 6.72099 67.83560 -0.92448
H 5.84560 70.87920 -1.58476
H 25.01220 48.28380 0.48008
H 21.75700 48.31590 0.45060
H 23.27120 51.12410 0.24432
H 20.13810 50.98780 0.44042
H 21.42840 53.84560 0.16194
H 18.35780 53.61680 0.07765
H 23.26830 56.61820 0.19824
H 20.03900 56.76120 -0.44856
H 20.80520 66.94720 -0.08930
H 18.18180 65.17820 -0.37664
H 15.07680 64.01360 -0.43308
H 21.25400 70.22270 -0.27226
H 18.35000 68.63840 -0.27762
H 15.52800 67.08970 -0.54748
H 15.77630 70.31890 -0.91870
H 12.73130 68.88810 -1.05609
H 10.36970 49.32270 -0.43910
H 7.28277 48.70990 -0.64467
H 5.14575 57.07620 0.45929
H 1.67165 57.72860 0.11098
H 3.74730 60.13200 0.09594
H 5.81003 62.49240 0.01917
H 2.65447 63.17170 -0.16709
H 4.74821 65.60790 -0.34748
H 1.60139 66.13800 -0.62596
H 3.62071 68.61230 -0.88307
H 2.67963 71.41290 -1.79230
C 20.25130 47.17250 2.02607
C 17.03710 46.85860 1.79597
C 15.16880 49.34690 1.48273
C 16.58990 53.01800 2.01837
C 13.99450 55.01760 1.92372
C 17.76920 56.02100 0.49254
C 20.10120 58.56030 1.33203
C 21.93330 61.55080 1.55326
C 24.13750 64.14040 1.66661
C 18.89430 61.44980 1.23245
C 16.85400 59.43030 0.92285
C 13.51190 59.66250 2.15881
C 11.72200 57.14940 1.82694
C 22.64640 66.89860 1.46771
C 20.28580 64.80920 0.83668
C 10.59590 60.82330 0.72005
C 23.02790 69.95340 1.44191
C 11.55800 64.27700 1.27544
C 11.39400 67.64930 0.64114
C 9.28343 69.69950 0.11542
C 13.55100 52.36430 0.61511
C 6.77295 50.44690 1.07977
C 3.68117 49.88980 0.80420
C 10.83650 54.19650 1.57187
C 7.98693 53.58080 1.34054
C 4.75078 52.87200 1.22826
C 1.68537 52.57040 1.19554
C 5.65533 55.65300 2.63665
C 8.24106 58.01120 3.61651
C 7.28611 61.43380 1.79863
C 9.46566 63.93530 1.38894
C 8.33773 66.83380 0.65183
C 7.19798 69.87410 0.24234
C 23.42960 47.46560 2.10702
C 21.82160 50.24300 2.03865
C 18.48910 49.84000 1.75533
C 23.01400 53.01380 1.81402
C 19.91020 52.92160 1.95840
C 21.38700 55.90150 1.54664
C 23.42730 58.61090 1.75223
C 16.89700 63.75100 1.17288
C 14.07150 62.60300 1.34382
C 20.16820 68.74070 1.40641
C 17.29560 66.88680 1.14261
C 14.24270 65.71820 1.12766
C 17.41060 70.39790 0.94556
C 14.45250 68.99440 0.71168
C 11.99070 71.00330 0.01445
C 11.82660 48.48550 1.31246
C 8.97542 47.83380 0.92740
C 10.05580 51.10280 1.26683
C 3.01644 55.85390 0.84276
C 4.81600 58.82390 1.97849
C 1.89087 59.29550 1.63709
C 3.95960 62.06330 1.60945
C 6.09855 64.48640 1.39340
C 2.89360 65.18650 1.20079
C 5.07779 67.74270 0.80246
C 1.76613 68.16600 0.63234
C 4.11180 70.77160 0.10424
C 9.84349 90.37070 -2.21837
C 11.47360 93.39050 -2.04583
C 8.17752 93.09840 -2.87209
C 4.93361 92.47500 -3.17725
C 1.63644 92.29180 -3.74665
C 5.37218 75.28710 -4.35234
C 9.96685 78.08150 -4.24837
C 6.74924 78.29940 -4.42199
C 3.64727 78.24040 -4.43998
C 12.27190 86.73220 -5.33019
C 10.46290 88.39920 -2.36341
C 6.89310 89.79250 -2.59988
C 3.71564 89.80750 -3.47651
C 23.47180 80.72230 -1.03531
C 20.00290 81.84670 -1.50681
C 17.24220 83.54420 -3.25087
C 14.00910 86.11520 -6.24028
C 13.65660 87.80260 -2.72309
C 12.80480 90.69850 -2.22417
C 15.20670 93.13240 -1.56361
C 17.85480 94.86570 -1.23956
C 23.39450 95.48280 -0.81297
C 23.79040 73.51940 -1.38097
C 24.00290 77.03760 -0.65684
C 21.27440 78.50580 -1.53057
C 9.52258 72.09530 -3.79920
C 16.13210 78.19130 -3.88692
C 13.53630 76.83440 -4.55445
C 8.63536 75.10850 -3.52961
C 16.22890 81.74840 -3.69726
C 6.10838 72.20950 -3.70304
C 3.00177 72.84600 -3.76464
C 6.37875 95.72490 -3.21668
C 3.05051 95.18220 -3.64562
C 8.22151 81.28020 -4.46964
C 5.11112 81.19040 -4.49844
C 1.98847 81.07820 -4.57568
C 9.60885 84.08170 -4.67255
C 6.53624 84.16610 -4.31016
C 3.46929 83.94030 -4.37758
C 8.13010 86.86450 -3.87624
C 4.95459 86.98060 -3.83732
C 1.98163 86.99800 -4.12542
C 22.55120 83.89070 -1.32381
C 19.78000 85.30790 -2.27947
C 16.79240 86.68010 -2.71170
C 22.14840 87.40860 -1.43671
C 19.17760 88.66030 -1.87174
C 16.23020 89.69150 -2.35016
C 24.58750 89.22540 -0.82663
C 21.61840 90.50820 -1.27611
C 18.43540 91.95610 -1.49976
C 24.04070 92.53420 -0.82265
C 21.03920 93.73030 -1.19540
C 20.62520 71.77670 -2.11127
C 20.99130 74.88650 -2.24273
C 18.24550 73.25830 -2.53820
C 15.29760 71.76220 -2.88526
C 18.45080 76.38490 -3.06726
C 15.82250 74.67880 -3.58882
C 12.67930 73.54060 -3.74286
C 18.63370 79.88000 -3.10896
H 11.06580 91.52030 -0.53660
H 7.95693 91.43980 -1.16064
H 12.47060 94.38880 0.09894
H 6.22962 93.84790 -1.59378
H 3.01483 93.33640 -1.97888
H 6.79154 76.58810 -2.65532
H 3.59107 76.68360 -2.94151
H 8.45141 79.46620 -2.78748
H 9.85413 82.34640 -2.61598
H 11.40430 84.80320 -3.89176
H 8.98429 88.84940 -0.47476
H 4.84039 90.67620 -1.47555
H 1.63767 90.37910 -2.22611
H 22.76590 78.88050 0.31468
H 21.86940 82.04830 0.27847
H 18.65430 83.48010 -1.18155
H 15.76390 84.69860 -1.39827
H 14.43570 86.35820 -3.70149
H 12.31590 88.64240 -0.83781
H 14.64850 90.98940 -0.90304
H 17.05420 92.95220 0.27720
H 15.27170 95.10480 -1.22418
H 19.69520 95.04510 0.31186
H 24.33180 71.38490 -0.11962
H 24.30530 74.94140 0.73194
H 21.71320 76.34700 -0.44674
H 18.96910 78.11790 -1.80328
H 13.56600 75.08210 -2.66908
H 10.55280 73.87490 -2.46231
H 7.87025 73.13350 -2.28920
H 16.28830 79.83860 -1.94495
H 13.50040 78.43610 -3.04898
H 4.79240 73.86610 -2.38632
H 9.36979 94.21780 -1.00459
H 5.23996 79.46590 -2.81572
H 1.94742 79.32040 -2.95633
H 6.65285 82.22420 -2.81395
H 3.48433 82.06190 -2.91879
H 8.25039 85.05370 -2.73616
H 4.96249 84.86990 -2.60584
H 1.78789 84.92150 -2.90319
H 6.46598 87.66140 -2.11154
H 3.22496 87.74820 -2.21085
H 24.79050 80.90130 1.03770
H 24.14760 84.24000 0.60353
H 21.31170 85.33510 -0.22049
H 18.29860 86.63790 -0.76366
H 15.45980 87.81580 -0.99293
H 23.72570 87.32160 0.51224
H 20.70900 88.62310 0.13519
H 17.67930 89.87020 -0.34486
H 23.16930 90.60330 0.56942
H 20.17770 91.87660 0.24160
H 22.65070 93.82610 0.78165
H 21.59750 73.35590 -0.42809
H 18.63640 71.82040 -0.66483
H 18.88830 74.99530 -0.99216
H 16.05510 73.49780 -1.45319
H 13.14220 72.12930 -1.69570
H 16.17530 76.61130 -2.13819
C 9.16982 90.91490 0.86747
C 10.76070 93.50740 0.98398
C 7.56500 93.27640 0.37786
C 4.58604 92.62480 -0.20428
C 1.58436 92.05400 -0.40077
C 5.17938 75.90290 -0.93688
C 10.34110 78.83050 -1.18769
C 6.88196 78.73890 -1.09365
C 3.55208 78.67180 -1.23754
C 13.23810 82.97280 -4.05196
C 10.54550 88.10050 0.99094
C 6.64423 89.53040 -0.51055
C 3.28624 89.58460 -0.44710
C 22.56750 80.47600 2.08332
C 19.62740 81.58240 0.37680
C 16.39010 82.72860 -0.04704
C 13.56170 84.22950 -2.50172
C 13.37140 87.12480 0.27313
C 12.69790 90.47020 0.75196
C 14.60690 93.20030 0.48662
C 17.62520 94.39870 1.85421
C 23.04460 95.48390 2.50296
C 23.27750 73.09860 1.50758
C 22.87830 76.84770 1.64466
C 20.46830 78.28470 0.18648
C 9.60208 72.68640 -0.51764
C 14.40830 78.17140 -1.34326
C 11.16950 77.48550 -2.59018
C 8.82070 75.36550 -1.73442
C 14.83660 81.37300 -0.79003
C 6.20940 73.07580 -0.46884
C 2.96830 73.64210 -0.64512
C 5.69756 95.68260 -0.03644
C 2.68693 95.13930 -0.54272
C 8.63386 81.63580 -1.42094
C 5.03012 81.33970 -1.22930
C 1.82920 81.17340 -1.38723
C 10.39980 84.65050 -1.43653
C 6.69131 84.00560 -1.08848
C 3.24297 83.82040 -1.24993
C 7.99750 86.60240 -0.77580
C 4.83426 86.56100 -0.74246
C 1.49604 86.49090 -1.02846
C 21.95550 83.75340 1.68986
C 19.15570 84.89060 0.82361
C 16.31590 86.13030 0.64626
C 21.64650 86.89170 1.73097
C 18.53890 88.14590 1.24441
C 15.54180 89.36320 0.87042
C 23.90170 88.93750 2.30297
C 21.10920 90.32140 1.93733
C 18.26970 91.23630 1.70145
C 23.65890 92.32540 2.43549
C 20.63790 93.46860 2.10978
C 20.25560 71.93350 1.11980
C 20.37450 74.97310 0.97997
C 17.53400 73.59790 0.53083
C 14.70810 72.20960 0.17974
C 17.49040 76.93980 -0.20055
C 14.88250 75.37020 -0.51912
C 12.21850 74.18170 -0.75137
C 17.44000 79.18520 -0.10447
C 38.84870 0.75561 0.71031
C 35.59320 0.40397 0.06658
C 39.87120 3.55195 1.06440
C 48.62830 9.61381 0.24208
C 45.56580 9.10271 0.48853
C 42.43070 8.67945 0.60049
C 43.26710 11.61250 -0.20740
C 33.89000 -0.23611 1.26732
C 27.79200 0.82481 -0.23708
C 36.19990 3.39878 1.13323
C 37.84590 6.05737 0.53764
C 39.30810 8.74231 0.39222
C 26.49190 9.41862 -0.31712
C 41.15930 11.35760 -0.02841
C 39.72640 14.39090 -0.54621
C 26.85600 15.13220 -0.45118
C 28.62930 17.77000 -0.40977
C 36.83770 20.28730 -0.98874
C 33.51070 20.51760 -0.32601
C 30.26040 20.55410 -0.31475
C 26.54910 20.96640 0.22721
C 49.65590 11.46570 -0.45780
C 46.38370 12.32140 0.02420
C 44.78130 14.69510 -2.03557
C 43.63230 17.65910 -2.15422
C 40.54010 19.26250 -1.75927
C 40.42810 22.53900 -1.89514
C 47.78260 1.48539 1.99451
C 44.76370 1.20255 1.99152
C 41.89370 0.99900 1.42102
C 49.35640 4.26017 1.49075
C 46.03520 3.98939 1.65297
C 42.95300 3.70525 1.58520
C 47.52330 6.81953 0.99121
C 44.24640 6.34100 1.22146
C 41.06330 6.07490 1.12068
C 30.99010 0.74021 0.43333
C 32.91730 3.18518 0.55466
C 29.59030 3.61709 0.08357
C 26.34750 3.57442 -0.26746
C 34.47280 6.02010 0.25318
C 31.19540 6.31537 0.08005
C 28.09340 6.43466 -0.15430
C 36.16760 8.93260 0.06723
C 32.89070 8.98327 -0.04134
C 29.73470 9.24796 -0.10139
C 37.99210 11.63880 -0.23642
C 34.67890 11.72070 -0.11012
C 31.38130 11.94370 -0.09618
C 28.28710 12.13620 -0.22495
C 36.41050 14.54300 -0.50410
C 33.21950 14.58400 -0.24254
C 30.11850 14.75510 -0.24542
C 38.26080 17.11150 -0.77775
C 34.81330 17.46280 -0.52512
C 31.93910 17.72570 -0.27547
C 49.27220 14.56970 -1.15015
C 46.28830 16.06890 -1.51469
C 49.20210 17.73650 -1.73047
C 46.18080 19.27210 -1.94754
C 43.32600 21.04330 -2.12544
C 49.13970 20.69640 -2.18418
C 45.98070 22.40160 -2.42058
H 36.89470 1.15850 1.99727
H 41.21950 4.55425 2.96946
H 38.08500 4.23065 2.15032
H 49.11330 8.15209 2.38034
H 42.59350 7.37669 2.65850
H 46.97410 10.57720 1.57759
H 43.80770 10.24780 1.77483
H 30.77620 -0.96422 2.33498
H 27.90660 -1.05768 1.19343
H 32.59590 1.62992 2.21260
H 26.01010 1.67542 1.22587
H 34.26940 4.55858 2.27667
H 39.24180 7.24575 2.32615
H 36.06700 7.14547 1.80085
H 40.77460 9.90542 1.93224
H 39.63030 12.73910 1.30780
H 26.78820 13.26320 1.35830
H 41.06570 15.92610 1.18936
H 38.08230 15.40140 1.00632
H 36.84610 18.35300 0.69098
H 27.13970 18.78090 1.53573
H 35.01860 21.31260 0.63637
H 31.93390 21.12080 1.61025
H 28.91290 21.52550 0.97685
H 48.55680 13.29180 0.77873
H 45.58580 14.70640 0.40731
H 42.86280 16.04970 -1.31242
H 42.46880 19.30760 -0.59653
H 39.94980 21.03660 0.24247
H 24.81530 -1.35598 1.01599
H 47.97880 -0.16570 3.71172
H 44.84980 -0.51991 3.68942
H 41.76260 -0.92950 2.95426
H 38.80680 -1.30239 2.01101
H 49.38820 2.71158 3.43685
H 46.15550 2.43477 3.58766
H 42.96830 2.01657 3.37473
H 39.97660 1.67784 2.68478
H 47.69180 5.24659 2.95804
H 44.43840 4.89608 3.18727
H 45.80620 7.68804 2.55826
H 29.21060 1.73876 1.67674
H 31.15090 4.49140 1.79775
H 27.81720 4.63901 1.42730
H 32.89280 7.25146 1.58238
H 29.64810 7.37567 1.56405
H 26.44530 7.50508 1.37213
H 37.71060 10.04690 1.63607
H 34.56400 9.94953 1.56821
H 31.31290 10.12270 1.58171
H 28.12390 10.26530 1.41665
H 36.39190 12.84400 1.28081
H 33.09610 12.83950 1.49318
H 29.94440 12.98000 1.33654
H 34.92050 15.66560 1.16695
H 31.77800 15.82340 1.30070
H 28.57040 15.94000 1.21039
H 33.69830 18.53120 1.27698
H 30.27740 18.62110 1.26341
H 48.23630 16.40200 0.12610
H 45.24250 17.82040 -0.20299
H 48.01770 19.48600 -0.39132
H 45.15280 21.01720 -0.58665
H 42.41460 22.74650 -0.48614
H 48.00060 22.52960 -0.99393
C 38.23680 0.31394 3.76194
C 35.32780 -0.27477 3.20937
C 39.36290 3.55842 4.18669
C 48.75570 10.45770 3.23356
C 45.52140 9.92304 3.47007
C 42.43090 9.41745 3.65214
C 43.27050 12.35170 2.89858
C 33.89610 0.88472 4.21147
C 27.40920 0.62586 2.93048
C 36.06200 3.14678 3.17758
C 37.63200 6.22900 3.57363
C 39.12060 9.33757 3.56796
C 26.30350 9.43359 2.90282
C 41.20740 12.00640 3.04991
C 39.82730 14.91940 2.73039
C 26.86150 15.14240 2.85121
C 28.44770 17.84590 2.77013
C 37.59780 20.78870 0.85439
C 34.08890 20.41240 2.86356
C 29.95530 20.30910 3.02951
C 26.53720 21.19820 2.12120
C 49.68110 12.14710 2.65517
C 46.41040 12.97010 1.90607
C 43.29760 14.63570 0.96721
C 43.16270 17.42830 0.95389
C 41.30410 19.99260 1.65770
C 40.88480 23.13310 1.45397
C 47.92440 1.81693 5.20127
C 44.53920 1.49456 5.17520
C 41.18370 0.85068 4.54826
C 49.41240 4.76812 4.73974
C 46.24720 4.56503 4.79639
C 42.80260 3.94039 4.75475
C 47.84910 7.51835 4.07266
C 44.30280 7.02817 4.36093
C 40.76480 6.66421 4.09522
C 30.50840 1.03503 3.65103
C 32.58190 3.67288 3.74513
C 29.33170 3.69627 3.20827
C 26.05580 3.45771 2.87197
C 34.30530 6.53864 3.49305
C 31.26610 6.53239 3.26167
C 27.91820 6.44336 3.08685
C 36.18830 9.03083 3.28563
C 32.85190 9.12544 3.14781
C 29.54240 9.33732 3.10911
C 37.98590 12.06100 3.01953
C 34.83300 11.97280 2.97965
C 31.46220 12.08850 3.06104
C 28.23280 12.21090 2.92664
C 36.56850 14.78760 2.78399
C 33.39610 14.92480 2.93853
C 30.09610 14.93920 2.81350
C 39.22550 17.57600 0.67636
C 35.72030 17.67110 2.44407
C 32.01460 17.73930 2.80446
C 49.43370 15.28860 1.96391
C 46.17250 16.39560 1.61138
C 49.15820 18.17520 1.42425
C 46.12020 19.60370 1.18510
C 43.30380 21.11620 1.06017
C 49.03270 21.32360 0.88256
C 46.14310 22.89440 0.68042
C 49.27740 30.20620 -1.50773
C 47.70790 33.05970 -1.52865
C 49.51470 35.86790 -1.64942
C 48.38250 38.85980 -1.93125
C 37.56690 23.78470 -1.68476
C 40.13700 26.29360 -1.44723
C 42.96670 27.79070 -2.25712
C 49.01340 27.16040 -3.08779
C 45.72380 29.38870 -3.06466
C 36.98210 25.88080 -2.00088
C 33.96680 24.22430 -1.33435
C 30.05600 23.74080 0.57353
C 40.53360 29.90670 -2.24068
C 37.42650 28.88180 -1.81868
C 28.30340 25.62030 -1.39049
C 44.06340 33.50400 -1.83769
C 40.96990 33.14210 -2.40966
C 25.80240 27.88650 -1.29652
C 41.94970 37.05330 -1.42229
C 39.07500 38.50070 -1.76864
C 37.02270 41.07930 -1.27730
C 34.23440 42.76390 -1.58207
C 31.20110 41.52250 -1.68597
C 28.25050 40.55990 -2.83385
C 24.92400 39.82770 -3.21746
C 24.50670 43.02460 -3.59527
C 31.61080 44.75010 -1.14326
C 28.44860 44.45200 -1.16196
C 32.78890 47.52450 -1.37062
C 45.80880 36.22200 -1.26571
C 44.33230 39.05400 -1.73210
C 41.57360 40.67480 -1.72510
C 46.62570 41.42250 -2.15144
C 41.11500 43.80680 -1.49164
C 38.12740 45.10570 -2.30041
C 35.17710 46.03550 -1.07064
C 47.16040 44.31460 -1.64947
C 43.02120 24.36450 -2.31150
C 48.75630 23.86290 -2.92247
C 45.87320 25.44360 -3.06904
C 34.35560 27.94610 -1.71630
C 31.38310 26.47980 -1.38237
C 37.97590 31.90490 -2.14203
C 34.99410 30.70890 -1.85895
C 31.88030 29.73520 -1.76262
C 28.79380 28.45090 -1.46559
C 38.63910 35.26720 -2.14632
C 35.44840 34.06590 -2.12569
C 32.69250 32.94250 -2.02997
C 29.34000 31.69020 -1.81129
C 26.27800 30.79100 -1.26441
C 36.09020 37.50030 -1.96214
C 33.20740 36.21860 -2.04842
C 30.05290 35.06340 -2.11007
C 26.89100 33.84790 -1.97607
C 33.87860 39.62560 -1.83770
C 30.90030 38.28000 -2.37933
C 27.22370 37.15290 -2.05135
C 29.61310 47.38600 -1.01829
C 44.11120 42.46870 -1.72771
C 44.15750 45.56680 -1.57002
C 41.07820 46.72200 -1.50435
H 47.86060 31.32990 0.31764
H 49.40850 34.02570 0.03450
H 48.02730 36.93380 -0.34497
H 39.46080 24.24740 -0.24154
H 42.41890 25.95630 -0.66546
H 41.16770 28.36180 -0.67947
H 47.67400 28.76560 -1.55079
H 44.77570 30.11100 -0.68871
H 38.20600 27.22260 -0.28917
H 35.16700 26.09210 -0.34081
H 32.21470 24.92760 0.38695
H 41.77520 31.54440 -0.53367
H 38.82980 30.37200 -0.39415
H 29.67770 26.98860 0.26898
H 26.73220 25.91940 0.18330
H 42.20860 34.72630 -0.89688
H 39.71220 36.57320 -0.41125
H 40.97540 38.95480 -0.18533
H 24.99820 34.27910 -0.30063
H 37.78430 41.75550 1.15305
H 31.86330 39.72020 -0.46315
H 28.97750 38.65570 -1.13950
H 24.79800 37.92960 -1.32460
H 35.68720 43.92680 0.13426
H 32.41210 42.89030 0.15218
H 28.39400 42.81920 -0.00133
H 33.20230 45.85540 0.31334
H 29.92240 45.51630 0.62456
H 46.09890 33.94790 -0.25475
H 44.03340 37.63790 -0.26135
H 46.49580 39.74600 -0.65154
H 43.47730 40.76750 -0.15453
H 40.55820 42.03570 0.31596
H 38.52040 43.28400 -1.33855
H 45.91920 42.79420 -0.12892
H 45.15810 24.22170 -1.01889
H 47.87070 25.65260 -1.54920
H 45.04730 27.23090 -2.15385
H 35.73100 29.18220 -0.07241
H 32.65340 28.12390 0.00359
H 39.20030 33.45590 -0.69184
H 36.13160 32.35340 -0.50760
H 33.12520 31.24460 -0.29244
H 30.09450 30.08010 -0.09256
H 27.26960 29.12120 0.31006
H 36.69120 35.53920 -0.61177
H 33.69630 34.45840 -0.40990
H 30.70700 33.26940 -0.48931
H 27.58490 32.27670 -0.16565
H 37.24600 38.84190 -0.15465
H 34.27690 37.62610 -0.39146
H 31.26240 36.52280 -0.58959
H 28.17720 35.42000 -0.45203
H 34.87110 40.95590 -0.04606
H 26.72270 45.42380 0.54270
H 43.03610 43.94930 -0.02038
H 40.20460 45.28230 0.35335
H 37.41440 46.36400 -0.17536
H 45.97030 45.93290 -0.06787
H 42.97330 47.18430 -0.07827
C 49.34950 30.70300 1.64418
C 47.42770 33.49920 1.52625
C 49.37040 35.97920 1.48929
C 48.15880 38.97520 1.18420
C 37.70070 23.99840 1.55576
C 40.34660 26.38820 0.54844
C 43.55090 28.03570 -0.19756
C 47.84980 27.25570 0.33306
C 46.30310 30.25550 0.08202
C 36.91970 25.95160 1.36118
C 34.49500 23.77620 0.47391
C 31.49880 23.22090 2.34377
C 40.91380 30.10660 1.04396
C 37.73620 29.05620 1.30716
C 28.83210 25.29410 1.72611
C 44.03820 32.52120 -0.04415
C 41.18000 33.69030 0.86923
C 26.43820 27.73280 2.11932
C 41.90910 36.78300 0.51882
C 39.07940 38.30680 1.23831
C 36.52040 40.42590 1.80220
C 34.39730 42.63850 1.70741
C 31.30530 41.38060 1.35060
C 29.02290 41.05190 -1.00847
C 23.47440 39.12780 -0.11142
C 25.95100 42.23910 -0.48225
C 31.69820 44.71470 1.84443
C 28.38860 44.41830 2.16588
C 33.12560 47.68630 1.87925
C 45.84330 36.24330 0.63373
C 44.82640 39.38490 1.27623
C 41.87380 40.27640 1.67552
C 46.95670 41.13650 1.27036
C 41.47650 43.95900 1.93844
C 37.99920 44.30360 0.97576
C 35.45050 46.16960 1.22495
C 46.98830 44.33120 1.52743
C 43.54100 24.52780 0.84696
C 48.94330 24.41070 0.22617
C 46.07350 26.31250 -0.11802
C 34.62630 27.77130 1.50522
C 31.67800 26.60530 1.77429
C 37.99900 32.15440 1.07684
C 35.01460 30.95040 1.26197
C 31.99740 29.91840 1.48490
C 29.22970 28.76980 1.83490
C 38.52190 35.08010 1.05495
C 35.47340 34.11580 1.07949
C 32.46970 33.07250 1.23469
C 29.54590 32.01940 1.31886
C 26.54780 31.01710 1.78583
C 36.01520 37.10240 1.22097
C 33.00860 36.15290 1.13400
C 29.86750 35.14200 0.98119
C 26.87370 34.19320 1.31918
C 33.52040 39.24820 1.25647
C 30.39490 38.33600 0.93252
C 26.92510 37.54800 -0.00151
C 29.90760 47.45750 2.17388
C 44.14140 42.44990 1.49380
C 44.02920 45.65190 1.49322
C 41.19010 47.16680 1.68449
H 37.30750 60.30010 -0.04384
H 34.68420 58.79290 -0.25277
H 40.39150 63.62280 -0.75571
H 37.47080 63.08160 -0.07131
H 44.40250 68.29910 -0.54822
H 41.00050 67.07750 -0.51431
H 29.31350 62.53040 0.21781
H 44.65100 71.38350 -0.61946
H 25.65780 64.95400 0.24051
H 26.81870 69.11260 -0.23039
H 27.91750 71.93780 0.38409
H 34.54720 61.92860 0.05425
H 38.19190 66.00570 -0.26206
H 34.93180 65.06980 -0.14749
H 32.02260 63.86970 0.23934
H 41.75680 70.12870 -0.95152
H 38.67510 69.18070 -0.45493
H 35.60410 68.07320 -0.03301
H 32.36830 67.19560 0.17154
H 29.36370 65.64810 0.19120
H 36.23610 71.22390 -0.22498
H 33.16220 70.22700 0.14846
H 30.00790 69.63830 0.29376
C 47.90800 65.90230 -3.85921
C 49.29900 69.43700 -1.77366
C 34.99620 50.39970 -0.80580
C 36.08590 53.46740 -2.02949
C 33.82790 56.45610 0.13124
C 31.51710 55.76450 -1.12106
C 30.44880 58.75920 -0.67631
C 28.28280 60.95080 -1.34190
C 25.28920 61.21500 -1.40030
C 36.91020 58.51970 -1.58341
C 39.13620 61.49100 -1.09665
C 36.15940 61.62140 -1.69876
C 33.49800 60.30850 -1.57277
C 43.14230 66.44310 -1.73021
C 39.86010 65.39010 -2.08207
C 31.05440 62.32180 -1.42971
C 43.67270 69.94660 -2.43212
C 27.71940 64.06370 -0.70985
C 25.79850 67.11220 -0.98247
C 26.44280 71.16940 -1.54874
C 38.05360 48.24250 -1.63187
C 37.91790 51.51500 -1.47484
C 37.33600 55.02830 -2.11295
C 39.85330 56.87170 -2.00110
C 42.15890 58.79580 -1.99185
C 48.20440 59.23260 -1.95061
C 42.30550 62.54370 -2.12086
C 47.29810 62.54190 -2.00363
C 45.57350 63.74730 -1.97095
C 26.62880 47.20880 -1.07148
C 31.16260 50.11920 -1.30365
C 28.05910 50.02690 -1.02526
C 24.95790 50.08280 -1.16450
C 32.68990 52.97960 -1.53787
C 29.66450 52.83930 -1.24273
C 26.37000 52.83070 -1.16415
C 28.25140 55.56700 -1.29441
C 24.89720 55.53740 -1.36441
C 26.63150 58.30070 -1.35086
C 36.73700 64.75970 -1.77904
C 33.63270 63.54670 -1.55853
C 40.25820 68.70310 -2.25731
C 37.28080 67.67890 -1.81298
C 34.07800 66.85260 -1.57658
C 31.09080 65.56050 -1.33065
C 37.83960 70.87900 -2.02680
C 34.73350 69.75430 -1.62522
C 31.71030 69.03650 -1.38417
C 28.83860 67.72210 -0.90588
C 32.63110 72.16090 -1.29295
C 29.74420 71.39320 -1.37573
C 46.69350 47.67320 -1.81305
C 43.68490 48.80920 -1.74024
C 40.68390 49.99450 -1.77088
C 46.32440 50.77560 -1.82622
C 43.23910 51.98980 -1.93488
C 40.31500 53.56570 -1.98657
C 45.95860 53.96160 -1.91094
C 42.92640 55.40570 -2.09563
C 48.55160 56.16010 -1.90911
C 45.56420 57.20840 -2.10785
C 45.09070 60.53910 -2.06056
H 47.61720 65.13480 -1.89240
H 49.11330 67.50110 -0.11190
H 47.17950 69.72200 -0.31281
H 34.61610 48.13630 0.05799
H 32.92930 51.10990 0.17283
H 34.34280 53.98260 -0.27243
H 32.50270 57.88040 1.86270
H 31.78120 60.60990 0.22276
H 28.27710 59.31740 0.12909
H 26.78770 62.06290 0.23862
H 37.20790 49.67410 0.14682
H 48.48140 47.93430 -0.56287
H 39.76190 51.70810 -0.44002
H 39.25000 55.00320 -0.45093
H 36.34120 56.39820 -0.40031
H 38.97200 58.18320 -0.10934
H 41.52470 60.62160 -0.56113
H 46.88810 60.71950 -0.42237
H 44.21350 62.30100 -0.44192
H 31.32030 48.35850 0.40806
H 28.12520 48.29710 0.67488
H 29.73050 50.98500 0.35813
H 26.47680 51.05430 0.54683
H 31.26470 53.72640 0.39313
H 28.06570 53.78030 0.41056
H 24.77550 53.84440 0.32327
H 29.92510 56.57300 0.26010
H 26.53610 56.61710 0.18942
H 25.10040 59.46230 0.22498
H 39.95570 48.36560 -0.05026
H 45.54050 49.12230 -0.10576
H 42.60920 50.37400 -0.13268
H 48.04990 51.18980 -0.41010
H 45.09680 52.37420 -0.30964
H 42.28990 53.66230 -0.47151
H 47.74990 54.40100 -0.28387
H 44.76360 55.61370 -0.48007
H 41.78160 56.83560 -0.45961
H 47.26200 57.55750 -0.35306
H 44.30260 58.72550 -0.60561
C 46.78080 67.22590 -0.82884
C 48.72270 69.13100 1.66717
C 35.06810 50.26470 1.18282
C 36.23180 53.30660 1.39351
C 33.17040 57.96330 3.89870
C 31.42790 55.58060 2.04763
C 30.36960 58.85400 1.23258
C 28.29920 60.90520 1.72665
C 25.12670 61.31810 1.81406
C 36.79250 58.31610 1.17334
C 39.56710 60.42320 0.87590
C 36.39280 61.69310 1.68174
C 33.68230 60.24760 1.61311
C 43.14630 66.13090 0.24779
C 40.07580 65.43910 1.19326
C 31.11620 62.16890 1.79927
C 43.55640 69.65900 0.76504
C 27.71540 64.06540 1.16832
C 25.65380 67.28340 1.08131
C 26.05580 70.56490 1.58950
C 38.14730 47.87300 1.59223
C 38.51900 51.04790 1.66326
C 37.52850 54.93790 1.32082
C 40.01590 56.68960 1.30488
C 42.38900 58.76310 0.96803
C 47.96170 59.26180 1.23439
C 42.37240 62.66610 0.86382
C 47.16330 62.45490 1.26349
C 45.46940 63.77360 1.10476
C 26.50420 47.24560 2.17411
C 31.41960 50.18430 1.92359
C 28.16340 50.28920 2.12034
C 24.76750 50.28160 1.92346
C 33.13660 52.92030 1.82829
C 29.68830 52.80750 1.97935
C 26.36090 52.99570 2.05721
C 28.21120 55.78270 1.85218
C 24.85920 55.81220 1.87888
C 26.63560 58.51910 1.74836
C 36.85640 64.99570 1.45135
C 33.89200 63.73220 1.65078
C 40.69780 68.85900 0.91235
C 37.64890 67.78660 1.27186
C 34.14320 66.77120 1.60035
C 31.05620 65.63050 1.70819
C 38.25390 70.94580 1.21088
C 35.13740 69.84030 1.53728
C 31.80530 69.03070 1.79981
C 28.56770 67.84870 1.08012
C 32.92510 72.02530 1.81967
C 29.68920 71.22450 2.10439
C 46.88860 47.74450 1.42072
C 43.71430 48.94780 1.55991
C 40.60570 50.19540 1.36898
C 46.17830 51.04700 1.34187
C 43.19730 52.16740 1.31385
C 40.46860 53.52290 1.14893
C 45.87380 54.18380 1.19067
C 42.90860 55.49180 1.16040
C 48.44680 56.15370 1.28099
C 45.36670 57.34930 1.17013
C 44.95980 60.44750 1.05173
H 42.13070 73.22390 -1.55693
H 39.93050 75.56420 -0.82257
H 37.75180 77.60500 0.51350
H 26.26890 73.72550 -1.30207
H 35.25920 79.80540 1.37260
H 32.27570 78.74210 0.59568
H 29.38400 77.96150 -0.14925
H 26.46850 76.90980 -0.89052
H 39.31970 72.27170 -0.56968
H 37.02260 74.51160 -0.20296
H 34.02870 73.48670 0.18484
H 30.97030 72.53540 0.42617
H 34.68880 76.63690 0.20453
H 31.65220 75.65810 0.13575
H 28.66150 75.03380 0.24894
C 44.16790 89.89500 1.54254
C 37.66110 89.74430 0.46204
C 48.52960 93.59640 2.15622
C 45.77320 92.60030 3.21812
C 42.78980 92.80490 1.42944
C 39.93550 92.62650 0.43732
C 35.98170 92.46990 -0.03632
C 34.66870 94.11030 0.20802
C 46.53210 75.12270 1.20248
C 43.68220 76.71760 1.71662
C 41.44450 78.65520 0.64457
C 39.23050 80.83780 -0.60137
C 39.09120 83.88520 -0.07160
C 39.14670 87.15620 0.57204
C 41.00980 89.17430 2.34243
C 47.37200 88.44830 1.68040
C 46.75900 71.87720 -1.75018
C 30.08240 96.29640 0.00735
C 25.98160 79.29320 -0.31106
C 30.48460 80.24250 -0.30839
C 28.25940 81.35080 -0.13401
C 35.89980 83.69000 1.07751
C 33.52130 85.72460 0.14639
C 36.17780 87.05420 0.67973
C 32.93170 88.77790 0.34080
C 32.70670 91.95090 1.64863
C 29.88890 93.10340 0.86884
C 43.95920 72.49200 -2.75537
C 41.38500 75.18770 -2.88429
C 38.99180 77.26950 -1.81729
C 26.68790 75.57950 -3.11383
C 37.32370 79.94260 -0.31773
C 31.56470 77.58300 -1.39472
C 28.66270 76.23770 -1.94413
C 46.58320 96.18720 2.14660
C 43.74030 95.84910 1.81759
C 40.88770 95.57370 1.02017
C 37.91850 95.57230 -0.15106
C 46.84450 78.52200 1.36120
C 44.07950 80.19750 1.10725
C 41.68020 82.17890 0.41024
C 46.98360 81.88500 1.33343
C 44.41860 83.65530 1.00555
C 41.62830 85.63530 0.93197
C 47.18020 85.32360 1.41319
C 44.26930 87.06960 1.31675
C 25.56310 82.61100 -0.53110
C 30.90280 83.40810 -0.00877
C 27.89450 84.59950 -0.22251
C 25.08140 85.90590 -0.94705
C 30.31490 86.75730 0.13736
C 27.51450 88.00850 -0.21715
C 29.93170 90.08610 0.33630
C 27.11740 91.21220 -0.14760
C 26.63410 94.73610 0.28148
C 40.67750 71.61400 -2.58330
C 38.50820 73.98470 -2.11629
C 35.68830 73.10650 -1.66369
C 36.62900 76.66900 -1.43003
C 33.52980 75.31070 -1.41620
C 30.43280 74.22140 -1.35937
C 34.33980 78.88450 -0.81103
H 42.41420 91.09890 3.07544
H 39.21030 90.82280 2.17955
H 47.00470 94.53520 3.89385
H 37.83920 93.46370 1.26134
H 33.95430 93.87110 2.70722
H 35.85370 95.88290 1.18708
H 45.90650 77.14300 2.64694
H 42.94060 78.96920 2.67095
H 40.44030 80.60150 1.54607
H 37.65480 82.10980 0.97332
H 48.48470 78.74000 3.44254
H 37.76890 85.30090 1.34408
H 37.66370 88.05930 2.24273
H 40.40440 86.81120 2.68064
H 45.72470 90.05620 3.06493
H 48.04340 91.69550 3.79432
H 47.17360 72.73100 0.69638
H 25.21510 77.68430 1.46362
H 27.66660 79.60450 1.56314
H 29.97410 81.70260 1.71950
H 32.48980 83.71820 1.53394
H 34.86780 85.60540 2.31982
H 34.66840 88.74450 1.91299
H 31.68300 90.09150 2.04864
H 28.52800 91.23780 1.99110
H 25.66820 92.57710 0.97621
H 30.84780 93.24880 2.83101
H 43.66380 94.01290 3.42736
H 40.68760 93.63490 2.57550
H 45.85940 80.29920 2.81120
H 43.23820 82.08050 2.43293
H 40.49640 83.72570 1.94505
H 48.72490 81.86260 3.10650
H 46.09370 83.58540 2.86247
H 43.29610 85.18140 2.66126
H 48.87950 85.19520 3.18645
H 45.99240 86.78230 3.01494
H 43.12770 88.27070 3.10906
H 48.82150 88.54410 3.38170
H 27.06530 82.94910 1.37798
H 29.55260 84.89390 1.56930
H 26.59170 86.17130 1.07974
H 32.08230 86.90660 1.82994
H 29.12420 88.19440 1.78882
H 26.04730 89.35510 1.15230
C 43.81790 89.90820 4.78722
C 36.66090 90.25890 2.08182
C 48.79960 93.50440 5.26333
C 45.14220 93.34080 5.11582
C 41.83190 92.63610 4.53854
C 38.73840 92.40000 3.48003
C 35.75280 94.06860 4.50114
C 32.51510 95.19660 3.13944
C 47.01820 75.09200 3.23107
C 43.60640 76.79430 3.67494
C 40.84560 79.49580 3.81468
C 38.22140 80.64520 2.77549
C 38.38140 83.62450 3.01113
C 38.26780 86.06880 3.56523
C 40.91610 88.45250 4.21812
C 46.77650 88.35740 4.76930
C 46.04200 71.32310 1.45178
C 29.37030 95.34600 2.93177
C 25.55960 79.61700 2.98760
C 31.75320 80.27510 2.52443
C 28.00360 81.61510 3.21069
C 33.69730 81.64990 2.09158
C 33.12430 85.36080 3.55641
C 35.89030 87.40190 3.81979
C 32.68610 88.45190 3.60135
C 32.77770 91.79230 3.51382
C 29.30680 92.36020 4.20114
C 43.50710 73.08770 0.52569
C 42.28840 75.71270 -1.34513
C 40.08010 77.18890 1.14171
C 26.66820 74.01600 1.27725
C 37.23210 78.92460 2.65006
C 30.88450 77.29820 1.79831
C 27.62410 77.07150 1.35018
C 46.50350 -1.15758 5.38355
C 43.03800 95.92530 4.89775
C 39.94110 95.40780 3.97901
C 37.01800 94.94040 3.11686
C 46.64000 78.71650 4.57383
C 43.96150 80.63600 4.25821
C 41.07390 81.83060 3.51286
C 46.68280 81.92320 4.54428
C 44.04760 83.50890 4.23351
C 41.26080 84.91550 3.97004
C 46.84920 85.09070 4.66211
C 44.05010 86.55810 4.56012
C 24.92280 82.82030 2.51699
C 30.58890 83.49880 3.34040
C 27.51340 84.76790 2.93633
C 24.52610 85.91480 2.40059
C 30.13570 86.57070 3.28702
C 27.06540 87.85860 2.86243
C 29.75480 89.76470 3.53635
C 26.54180 91.04500 2.92951
C 26.29940 94.79050 2.05932
C 41.48570 72.00880 0.53604
C 39.15380 74.14390 1.01689
C 36.04000 73.06030 1.48493
C 36.39610 75.89420 1.80646
C 33.37990 75.21310 1.80440
C 30.36760 74.45350 1.84409
C 34.22560 78.20620 2.11632
C 55.10680 96.54240 1.51102
C 52.29280 95.74890 2.84415
C 49.53380 -0.94312 1.96306
C 55.82570 4.41552 0.70080
C 52.57350 4.52256 1.37930
C 50.73210 6.79874 0.94933
C 60.18310 0.64910 0.09287
C 59.16270 3.79975 0.10965
C 57.99160 6.67672 0.25430
C 60.56360 7.93814 -0.53179
C 73.49310 10.37620 -3.41245
C 68.58600 11.00330 -2.36719
C 65.39380 11.43940 -0.70283
C 61.75920 11.57900 -0.91942
C 71.50710 13.97280 -2.61594
C 68.33220 13.15120 -2.02318
C 66.49910 15.32580 -1.62159
C 63.57840 14.68320 -1.58567
C 63.90740 17.98500 -0.67644
C 61.94030 20.49230 -0.90982
C 63.73780 22.98100 -1.64687
C 60.62320 22.86040 -1.10285
C 54.63680 7.84326 1.12136
C 52.06270 10.02750 0.96130
C 57.72690 9.95441 0.32986
C 57.47410 13.20500 -0.78113
C 60.15670 14.49180 -1.24001
C 60.85720 17.66750 -0.98853
C 57.69650 19.35600 -2.11815
C 57.91650 23.44370 -1.47475
C 57.00230 1.44334 0.63921
C 54.02700 1.52606 1.55686
C 50.91650 1.78077 1.74854
C 69.47640 96.10380 -0.85883
C 66.42400 -0.85744 -0.56343
C 63.31080 -0.17434 -0.33718
C 71.45170 1.08265 -1.23098
C 68.56950 1.64077 -0.84950
C 65.45880 2.34717 -0.55900
C 62.31290 3.13007 -0.30610
C 70.75340 4.09287 -1.21953
C 67.63730 4.72310 -0.91904
C 64.34880 5.50345 -0.52442
C 61.42750 6.11738 -0.07553
C 73.00960 6.70711 -1.44985
C 69.87960 6.99316 -1.27613
C 66.94690 7.87105 -0.92274
C 63.65520 8.41785 -0.69945
C 73.06900 16.94150 -1.93814
C 69.73910 16.13630 -1.75037
C 70.99380 18.88300 -1.66177
C 67.66450 18.25730 -1.55542
C 72.07800 21.91550 -1.84251
C 68.83480 21.12120 -1.74108
C 65.56230 20.54830 -1.46504
C 54.84440 11.35840 -0.28100
C 52.20140 12.97710 -0.83317
C 55.11940 14.78930 -1.08402
C 52.17620 16.28610 -1.46509
C 58.10120 16.54600 -1.02199
C 54.91370 17.98880 -1.67935
C 51.91580 19.37650 -2.01191
C 54.98080 21.08980 -2.30864
C 51.82140 22.20840 -2.52768
H 57.11990 -0.36493 2.32530
H 54.23620 0.01780 3.51260
H 55.80470 2.63311 2.45057
H 54.57190 5.71267 2.40226
H 52.41550 7.96341 2.05709
H 60.05830 -1.09732 1.81110
H 59.07470 2.03509 1.76431
H 57.92500 4.90802 1.96900
H 59.98090 7.13420 1.67176
H 56.89090 8.01710 1.79861
H 71.58830 7.70445 0.37696
H 68.44140 8.39842 0.42516
H 65.31520 9.25806 0.50465
H 61.84760 9.64621 0.78206
H 72.38920 11.99390 -1.73021
H 73.13270 14.71640 -0.84699
H 70.08970 14.05770 -0.51852
H 66.84890 13.41370 0.01745
H 64.90100 15.95030 0.09233
H 62.16120 18.77680 0.83308
H 60.87970 21.58680 1.09789
H 54.36180 10.19210 1.79228
H 51.43970 11.85810 1.14897
H 56.84970 12.12650 0.95697
H 59.61360 13.71400 0.53069
H 61.93100 15.76970 -0.08522
H 59.50920 17.02260 1.01948
H 59.55890 19.72810 -0.66338
H 56.67510 21.32830 -0.86452
H 53.64780 22.72340 -0.97651
H 51.08480 0.14329 3.48145
H 52.64380 2.81298 3.22678
H 50.89470 5.36884 2.93363
H 71.40910 -0.73880 0.44529
H 68.34420 -0.08058 0.80631
H 65.25740 0.56289 1.07535
H 62.23350 1.30180 1.28533
H 70.44380 2.42389 0.53533
H 67.39280 3.01818 0.87321
H 64.30980 3.65097 1.13827
H 61.13440 4.24072 1.53692
H 72.68900 4.74324 0.08927
H 69.51770 5.39142 0.51529
H 66.33800 6.08096 0.68663
H 63.28110 6.85574 1.27313
H 63.47290 13.05750 -0.08317
H 71.32840 17.08380 -0.09705
H 68.04240 16.38090 -0.02844
H 72.36360 20.16120 -0.16913
H 69.22710 19.43030 -0.05619
H 66.03730 18.84120 0.20468
H 70.22060 22.49840 -0.27928
H 67.12260 21.81650 -0.12275
H 63.93390 21.37130 0.12366
H 54.08350 13.47510 0.68583
H 51.25100 14.91620 0.36210
H 56.88020 15.24030 0.56012
H 53.93920 16.61160 0.21512
H 51.04780 18.06750 -0.17178
H 56.75190 18.33570 -0.07149
H 53.81930 19.73790 -0.56074
H 50.91540 21.06070 -0.59808
C 55.94250 -0.72356 4.61253
C 52.76100 -1.10266 4.78664
C 49.71710 -0.81488 5.23889
C 56.17870 4.74664 3.76748
C 52.96220 5.03755 4.26345
C 50.98730 7.62239 3.92697
C 60.71260 0.76608 3.14872
C 59.56120 3.84744 3.39276
C 58.23730 6.85166 3.45688
C 60.06370 9.41629 2.56929
C 71.43260 10.00740 -0.60494
C 69.17740 10.59640 -0.36356
C 65.27540 11.75700 1.05496
C 61.29730 12.08530 0.84652
C 71.82830 13.15220 0.62411
C 68.71830 12.79780 1.24212
C 66.66090 15.29690 1.68235
C 63.36190 14.77910 1.64068
C 64.12970 17.87060 1.51164
C 62.87770 20.63680 2.24731
C 63.91610 23.27710 1.60879
C 60.86800 23.92660 2.00546
C 54.66770 8.07284 2.91530
C 52.34170 10.32050 2.81537
C 57.85800 10.16580 2.20724
C 57.86450 13.90350 2.36430
C 60.89340 15.21230 2.10460
C 59.95730 19.34440 1.78607
C 57.74820 20.15890 1.09720
C 57.55660 23.31060 0.50365
C 57.61570 1.54670 3.70176
C 54.56440 2.17703 4.57813
C 51.14440 1.98800 5.02207
C 69.86280 96.31570 2.30261
C 66.76280 -0.58754 2.57426
C 63.68960 0.11893 2.89086
C 72.02250 1.23966 1.93502
C 68.90230 1.76732 2.36355
C 65.69400 2.45464 2.60730
C 62.78250 3.04084 2.92973
C 71.17910 4.32040 1.95838
C 67.84750 5.00297 2.29317
C 64.70350 5.65884 2.56420
C 61.68440 6.16959 2.97633
C 73.29550 6.44458 1.87240
C 69.99120 7.20729 2.14265
C 66.47910 8.06402 2.20045
C 63.40270 9.09325 2.30490
C 73.16440 16.05910 1.16051
C 69.93760 15.70310 1.36842
C 71.10640 18.86710 1.49450
C 67.91690 18.15990 1.58525
C 71.92970 21.87360 1.36178
C 68.94000 21.27210 1.41746
C 65.79600 20.77270 1.63508
C 54.98560 12.20290 2.63781
C 52.27600 13.75970 2.32108
C 54.89240 15.40860 2.07083
C 52.01570 16.84280 1.72723
C 57.30430 17.19440 2.04992
C 54.79070 18.62460 1.39861
C 51.98530 19.99940 1.06679
C 54.86680 21.54190 0.80218
C 51.74210 23.06520 0.49458
C 74.00600 28.15970 -2.00507
C 63.65200 26.05010 -0.65823
C 71.19620 29.51550 -2.65469
C 68.00590 29.28150 -2.36501
C 65.05670 28.96080 -1.72589
C 60.08410 26.17450 -1.44203
C 56.94320 26.80190 -2.07668
C 53.77330 27.58550 -2.42762
C 61.89950 29.00350 -1.50765
C 52.27640 30.27790 -1.97797
C 63.95840 32.09900 -1.46276
C 65.89590 34.44930 -1.20611
C 64.47210 37.54970 -1.57902
C 63.08380 40.66320 -1.31763
C 49.63380 42.01610 -1.11416
C 61.54170 43.59950 -1.32908
C 58.36400 43.89540 -1.33440
C 52.22870 44.07560 -1.34117
C 57.04730 47.00010 -0.82653
C 53.60580 47.01240 -1.09954
C 51.85520 25.01350 -3.51113
C 71.14740 32.51430 -1.13253
C 68.34450 32.23480 -2.90251
C 69.61880 34.70760 -0.94305
C 67.87560 37.22590 -1.26498
C 66.19070 40.38290 -1.48679
C 64.72470 43.06900 -1.41382
C 63.29550 45.99110 -1.50211
C 49.86510 46.19590 -1.49543
C 72.96810 25.00110 -2.02724
C 69.80200 24.18130 -2.00904
C 66.80480 23.43000 -1.87778
C 70.58630 27.45990 -2.20242
C 67.20980 26.45480 -1.88092
C 58.83100 29.38580 -1.89002
C 55.56340 30.04720 -2.12077
C 60.64390 32.18020 -1.64462
C 57.44520 32.56790 -1.71012
C 54.20810 33.03780 -1.72408
C 50.93110 33.37110 -1.65275
C 62.42830 34.88940 -1.62704
C 59.31400 35.26860 -1.67127
C 56.02390 35.49990 -1.65049
C 52.80880 35.83690 -1.61039
C 61.34450 37.99170 -1.43988
C 57.99170 38.19280 -1.53795
C 54.73650 38.22820 -1.69347
C 51.37980 38.55210 -1.78532
C 59.84190 40.69720 -1.40773
C 56.67820 41.07240 -1.58035
C 53.52870 41.20020 -1.73004
C 55.17750 44.14660 -1.41572
C 54.56820 24.47780 -2.39106
C 73.22830 35.21840 -2.06109
C 71.21050 37.51550 -1.35417
C 72.88990 40.31650 -1.49111
C 69.64040 40.38740 -1.63123
C 71.19110 43.12500 -1.75347
C 67.91620 43.14620 -1.64165
C 72.74300 46.04960 -1.53272
C 69.43630 46.02520 -1.61798
C 66.44510 46.04930 -1.58444
H 65.23490 24.25830 -0.20753
H 62.33130 24.14060 0.01139
H 72.07930 28.68090 -0.48902
H 65.62420 27.38100 -0.23119
H 69.65850 30.74610 -1.27698
H 66.82130 30.29470 -0.44568
H 59.41550 24.55260 0.24734
H 56.35810 25.10830 -0.76482
H 61.73300 27.43430 0.01956
H 55.36220 28.13240 -0.67789
H 52.16770 28.55840 -0.82528
H 63.68860 30.11770 -0.06889
H 50.94450 31.38800 -0.19983
H 65.30430 32.71060 0.47470
H 64.08040 35.66160 0.00747
H 62.87990 38.60600 -0.02094
H 49.92850 39.73970 -0.21294
H 61.46790 41.63120 0.27316
H 51.89580 42.40680 -0.24546
H 60.15710 44.66640 0.55201
H 56.97550 44.69540 0.18774
H 53.83060 44.98180 0.49343
H 53.28710 25.84260 -0.86489
H 51.48070 26.78820 -3.26000
H 73.00490 33.24430 -0.50025
H 69.89210 33.07020 1.04725
H 67.79350 33.32570 -1.27072
H 68.21460 35.83820 0.82278
H 66.38350 38.36880 -0.14699
H 64.80150 41.31850 0.35346
H 63.31220 44.15360 0.29715
H 48.79480 44.18860 -0.03954
H 73.33560 23.24470 -0.23589
H 71.14750 25.63430 -0.53480
H 68.10750 24.80060 -0.32577
H 68.85950 27.74880 -0.62091
H 58.48380 27.59430 -0.23471
H 60.32190 30.34660 -0.05039
H 57.27580 30.61060 -0.40762
H 54.09350 31.02750 -0.37235
H 62.22140 33.01590 -0.00613
H 59.09610 33.35480 -0.07067
H 55.86260 33.61150 -0.01883
H 52.68760 33.94390 0.03012
H 60.90620 35.95340 0.02691
H 57.71040 36.23880 -0.07836
H 54.51740 36.52010 -0.00039
H 51.22490 36.79500 -0.02827
H 59.63770 38.83570 0.21893
H 56.32990 39.17490 -0.01923
H 53.10330 39.34710 -0.15275
H 58.32610 41.84900 0.11945
H 55.10220 42.11130 -0.02184
H 50.72480 24.12200 -1.44325
H 71.32160 35.74320 0.43879
H 72.92430 38.60850 0.06334
H 69.56590 38.60720 0.03347
H 71.23780 41.32710 -0.02019
H 67.93540 41.28850 -0.03220
H 72.77760 44.07820 -0.04800
H 69.56420 44.03180 -0.09894
H 66.35200 44.10500 0.06022
C 73.96800 28.21780 1.15023
C 63.80410 26.67510 1.21213
C 72.35150 30.87810 0.44963
C 68.93730 29.72110 0.81016
C 65.54590 29.31850 1.39721
C 60.00230 26.67430 1.53630
C 56.65400 26.87090 1.02462
C 53.57860 27.44760 0.88791
C 62.02380 29.47350 1.49412
C 52.48410 30.02310 1.11493
C 63.76150 31.94640 1.67812
C 66.34390 34.87940 1.02092
C 64.58750 37.60620 1.43387
C 63.02070 40.31450 1.71425
C 49.71380 41.99380 0.81248
C 61.74270 43.33580 2.06421
C 58.66430 43.71900 1.84706
C 52.17070 44.01920 1.78828
C 57.34950 46.93930 1.06187
C 53.82470 47.04310 2.03842
C 50.97600 26.43380 -0.75892
C 71.32760 31.50240 2.22277
C 67.62020 32.24350 0.95579
C 69.97790 35.04780 2.45382
C 67.97430 37.67030 1.76332
C 66.31080 40.24950 1.58893
C 64.93980 43.15690 1.91708
C 63.41470 46.06240 1.91170
C 49.87430 46.03310 0.44746
C 72.88300 25.25080 1.19417
C 69.90440 24.36300 1.27510
C 66.91440 23.69200 1.43259
C 70.75650 27.55670 1.00649
C 67.50150 26.66100 1.12903
C 58.59820 29.39250 1.41080
C 55.59560 29.73070 1.14107
C 60.48760 32.19790 1.57230
C 57.39400 32.30720 1.37066
C 54.10070 32.66470 1.47772
C 50.90110 33.07000 1.56988
C 62.52270 34.86920 1.61865
C 59.21720 35.17030 1.55447
C 56.03000 35.50000 1.56506
C 52.82860 35.81040 1.58552
C 61.21210 37.74750 1.67911
C 57.87500 38.06980 1.58903
C 54.60700 38.43240 1.54874
C 51.32370 38.72750 1.54340
C 59.76850 40.76490 1.83328
C 56.58650 40.99400 1.61419
C 53.29250 41.26030 1.43510
C 55.51440 43.72570 1.87764
C 54.44560 24.45620 0.66624
C 73.01960 34.31200 1.62643
C 71.24670 37.82910 1.71411
C 72.77600 40.50210 1.67125
C 69.54280 40.51830 1.62913
C 71.16130 43.17950 1.59775
C 68.02710 43.16750 1.62810
C 72.76280 45.86960 1.68713
C 69.48020 45.94050 1.50978
C 66.21150 46.04100 1.54698
C 53.33340 60.83070 -1.76191
C 50.46000 61.52780 -1.84000
C 59.62160 65.14480 -0.71378
C 56.27710 64.36020 -1.05351
C 49.95880 64.09110 -2.28906
C 60.82110 68.06830 -0.53675
C 65.29410 72.03610 0.01726
C 61.94010 71.08040 -0.44136
C 67.27340 49.30180 -0.67640
C 64.14760 49.12710 -1.43851
C 72.69570 51.18350 -2.08714
C 69.97380 52.84310 -0.96358
C 73.12530 55.14210 -1.51029
C 73.61520 69.14270 -0.25986
C 52.17940 48.45730 -1.80348
C 52.56120 51.61600 -0.95350
C 51.69290 54.96910 -1.84290
C 51.30480 58.28310 -1.76965
C 60.64190 47.63590 -1.43005
C 65.00880 52.23280 -1.09468
C 61.73820 51.23800 -1.65517
C 58.55620 50.37180 -1.91886
C 70.12560 56.50860 -0.82697
C 68.01860 54.55230 1.04425
C 65.40200 55.32510 -0.63623
C 55.93680 52.98140 -1.81504
C 72.77310 58.98150 0.09531
C 53.72620 55.10150 -1.53721
C 57.81560 59.25830 -1.35435
C 54.69540 58.11610 -1.53348
C 62.13350 62.82660 -0.49765
C 59.09840 62.09140 -1.11064
C 72.19120 67.59540 -0.17597
C 63.12790 65.59610 -0.37671
C 70.70430 70.58270 0.51465
C 67.21970 69.67210 -0.04536
C 64.11540 68.87370 -0.22934
C 52.98520 63.82100 -1.36947
C 57.62270 67.54700 -0.90824
C 54.38660 67.05770 -1.45662
C 50.85310 67.12940 -1.84173
C 58.77270 70.48250 -0.69843
C 55.41770 70.07320 -1.14368
C 52.25400 70.07460 -1.41966
C 70.95170 48.84320 -1.52022
C 49.38070 49.83000 -1.92589
C 49.09270 52.99860 -1.88034
C 55.35170 49.68230 -1.63418
C 62.50090 54.46850 -1.15854
C 59.19350 53.63880 -1.70920
C 69.40360 58.37360 -0.17286
C 66.20070 58.00720 -0.24314
C 63.23030 57.44630 -0.65997
C 60.21940 56.84620 -1.26047
C 56.88250 56.03820 -1.48927
C 70.53960 61.45990 0.07441
C 67.26910 60.91400 -0.16756
C 64.13370 60.43540 -0.26535
C 61.13530 59.96480 -0.80525
C 71.54040 64.64250 0.14380
C 68.38890 63.98970 -0.11109
C 65.11800 63.33140 -0.26741
C 69.20510 67.01790 -0.17189
C 66.21160 66.34530 -0.22445
H 72.36570 56.36860 0.47697
H 54.85200 62.41420 -0.67137
H 52.02630 62.01280 -0.10396
H 49.03040 62.88770 -0.34903
H 61.14200 66.35270 0.77510
H 57.56740 65.60450 0.70160
H 62.13650 69.33260 1.21342
H 55.16190 47.97680 0.45711
H 64.62010 47.02840 -0.08936
H 69.58690 49.66200 0.40462
H 65.14580 50.12150 0.36060
H 72.16310 52.79800 -0.72546
H 51.14330 49.68050 0.07151
H 50.90450 53.26610 -0.16508
H 50.27740 56.43720 -0.42185
H 49.91540 59.69720 -0.27293
H 61.95510 49.25110 -0.06322
H 58.75160 48.65120 -0.14529
H 65.80880 53.26200 0.80988
H 62.81180 52.40280 0.18662
H 56.60530 51.02890 -0.37696
H 69.44180 56.51010 1.55468
H 66.33500 56.24380 1.39439
H 54.22820 53.27230 -0.02268
H 70.87400 59.42110 1.59573
H 54.94520 56.38190 0.22664
H 71.63890 62.71420 1.82775
H 55.87550 59.62450 0.32223
H 52.92840 59.00190 -0.04008
H 72.60770 65.71900 1.56859
H 60.15290 63.33350 0.82554
H 57.46480 62.42670 -0.12349
H 70.47460 68.32880 1.49402
H 64.36240 66.99280 1.30773
H 68.38730 70.73640 1.59391
H 65.30420 70.05470 1.55479
H 54.32630 65.38640 -0.04014
H 51.10640 65.13010 -0.46757
H 58.82420 68.67450 0.93258
H 55.68520 68.16320 0.42594
H 52.46500 67.97220 -0.21335
H 56.82840 71.14210 0.58753
H 53.69130 70.78090 0.38773
H 50.32540 70.37200 0.12922
H 71.09980 46.87060 0.04385
H 67.83650 46.99400 -0.10072
H 72.74020 49.65040 0.00310
H 59.74290 51.73730 -0.25020
H 63.43130 55.51060 0.82853
H 60.42920 54.78620 0.13758
H 57.36130 54.01220 -0.09376
H 67.61450 59.08380 1.43932
H 64.33120 58.50670 1.28136
H 61.26650 58.00820 0.68195
H 58.17460 57.24080 -0.01715
H 68.57380 62.10660 1.49619
H 65.40010 61.52300 1.41603
H 62.20280 60.99090 1.14745
H 59.11660 60.17990 0.49337
H 69.53960 65.23380 1.57447
H 66.46790 64.52750 1.38932
H 63.33140 63.91600 1.35283
H 67.47880 67.67610 1.48926
C 53.84240 61.00340 1.09237
C 50.17530 61.46910 1.35602
C 59.49720 65.22830 2.25961
C 55.84680 63.86600 1.08752
C 48.76350 65.14050 0.43734
C 60.53530 67.98550 2.51672
C 64.70670 71.79480 3.27220
C 61.67310 71.14230 2.81538
C 67.31150 49.07640 1.16835
C 63.69680 48.54180 1.64475
C 72.13180 51.60080 1.44558
C 70.10140 52.00110 1.03279
C 74.05170 54.40780 0.06767
C 74.02620 69.00010 3.18082
C 52.02390 47.91860 1.72391
C 52.58310 51.63210 0.89566
C 51.30920 55.02940 1.48873
C 51.01150 58.18300 1.28479
C 60.66660 47.16590 0.54441
C 64.24800 51.68270 2.09001
C 61.34320 50.76760 1.46209
C 58.38070 50.20960 1.27121
C 71.61500 56.05820 2.75859
C 67.90680 55.14550 2.86970
C 64.87600 54.89490 2.75842
C 55.95490 52.61350 1.46434
C 72.08870 58.22020 3.47405
C 53.43200 54.89230 1.66011
C 57.42010 58.88700 1.76045
C 54.44960 57.90780 1.72593
C 61.65670 62.77890 2.70959
C 58.53900 62.00960 2.05804
C 72.30470 67.78080 3.14864
C 62.66350 65.83370 2.67534
C 70.88650 70.57310 2.36979
C 66.97430 69.31930 3.23996
C 63.79060 68.68450 2.93769
C 52.66350 64.02190 1.04528
C 57.14400 67.32650 2.24377
C 53.85350 67.04130 1.63257
C 50.93680 66.76570 1.36787
C 58.44990 70.28410 2.32908
C 55.27720 69.92690 2.06833
C 52.01830 69.53810 1.67220
C 70.95050 48.82100 1.68393
C 49.19440 49.65610 1.27150
C 48.91490 52.83250 1.30852
C 55.35470 49.71690 1.54610
C 61.93850 53.90860 1.92973
C 59.01580 53.22740 1.54281
C 69.14600 58.30730 3.23890
C 66.00130 58.07690 2.98520
C 62.65570 57.14220 2.46525
C 59.75370 56.39760 1.81259
C 56.96720 55.68900 1.58632
C 70.40000 61.47460 3.20670
C 67.09830 60.91230 3.06231
C 63.77140 60.34530 2.87454
C 60.53550 59.69330 2.35696
C 71.09470 64.59690 3.39094
C 68.19840 63.91710 3.11680
C 65.11000 63.43520 3.03086
C 69.19150 67.04780 3.15656
C 66.02500 66.33320 3.02519
C 71.33370 86.83760 -0.83851
C 68.14160 86.74290 -0.82850
C 66.12770 87.83880 1.42221
C 62.85650 89.29070 0.87703
C 62.14280 91.84640 0.50590
C 58.95100 92.03140 1.59758
C 58.04060 95.92890 0.49966
C 49.68160 76.21500 0.78470
C 51.74380 77.67780 3.02681
C 55.98960 80.59660 0.81913
C 61.21030 84.53200 0.96936
C 49.98620 90.62230 2.63116
C 60.47340 87.35660 1.34807
C 57.76580 88.73560 1.97057
C 52.73950 91.65370 2.89302
C 59.41230 90.96400 3.54041
C 55.30840 94.38280 2.17586
C 66.32480 75.35000 0.98129
C 49.57360 72.63920 -0.44564
C 63.97120 77.43220 -0.11927
C 54.32410 75.80810 -0.08179
C 51.35590 75.57810 0.00178
C 65.22130 79.80030 -0.14394
C 62.05640 79.63660 0.25149
C 58.79410 79.13320 0.61505
C 54.71890 78.92780 0.68309
C 66.97590 83.12390 0.32020
C 63.27050 82.35010 0.26981
C 63.63190 85.68490 1.23767
C 73.50030 72.30010 -0.22719
C 70.61820 73.96900 -0.21568
C 70.48170 77.33160 -0.24797
C 68.76070 74.50560 -0.50189
C 70.55090 80.70370 -0.29976
C 70.83710 83.81570 -0.34171
C 71.17540 89.93050 -0.63018
C 68.39240 90.52260 -0.53424
C 65.26420 91.17720 0.10935
C 70.31910 92.93690 -0.80922
C 67.34380 93.61830 -0.46310
C 64.19410 94.36680 -0.14517
C 61.23740 94.90640 0.27269
C 72.37330 95.39350 -1.29436
C 49.64820 80.13670 1.60060
C 52.83860 81.51540 2.03168
C 49.76790 83.52710 1.56236
C 59.29580 82.04000 2.17464
C 55.51280 83.51860 1.51570
C 52.55940 84.90550 1.92353
C 50.03000 86.88010 1.86062
C 58.21390 85.54030 1.47604
C 55.29130 86.85110 1.96478
C 52.51680 88.30420 2.21848
C 55.18800 90.05750 2.48834
C 62.91890 74.05140 -0.36431
C 59.79060 73.63950 -0.40442
C 56.72460 73.27300 -0.64684
C 53.45630 72.88890 -0.90311
C 60.84850 76.70220 0.03891
C 57.57280 76.40880 0.13691
C 73.36760 75.59720 -0.46758
H 50.08290 94.93420 3.63883
H 69.36540 85.73000 0.41047
H 62.64070 87.50460 2.61009
H 71.14470 88.26530 1.20439
H 68.09070 88.82070 0.84571
H 64.87510 89.87780 2.22524
H 61.75620 90.65520 2.75652
H 60.95250 93.52400 1.93231
H 57.86580 94.09640 2.39078
H 51.39090 79.95180 3.38453
H 55.11830 81.94600 2.68056
H 61.68640 82.81790 2.21151
H 57.63540 83.67150 2.92085
H 60.14160 85.53890 3.02068
H 59.82420 88.48440 3.43255
H 57.16880 90.00500 4.02401
H 54.50500 91.38050 4.53640
H 50.81710 92.18440 4.44516
H 66.21790 73.04800 2.25536
H 63.18920 72.29490 1.28444
H 64.35350 75.35690 1.16756
H 51.70780 73.23920 0.60822
H 66.05610 77.93350 1.33026
H 55.93830 76.82940 1.74389
H 52.89330 75.81970 2.07660
H 66.85280 80.90430 1.57025
H 63.80240 80.44470 1.74219
H 60.54680 79.95730 2.18188
H 57.69640 80.28210 2.52254
H 64.95510 83.54610 1.74783
H 71.92170 72.51650 1.33431
H 69.22930 73.57430 1.85795
H 68.60180 76.35910 1.07167
H 69.01030 79.06890 0.96290
H 72.47170 85.30660 0.65974
H 69.25210 82.39390 0.91288
H 53.16300 94.15000 3.53613
H 70.17820 91.34060 1.08642
H 67.17060 91.90390 1.25930
H 64.03250 92.74570 1.60839
H 72.26290 93.68150 0.44783
H 69.31940 94.39160 0.85489
H 66.19690 95.05470 1.16167
H 63.18100 95.83170 1.52928
H 51.61450 83.31170 3.20469
H 54.62240 84.97880 3.43760
H 51.75290 86.54130 3.66763
H 57.25690 86.77680 3.38613
H 54.44270 88.19090 3.80546
H 51.72800 89.71350 4.04764
H 60.02850 71.70020 1.04329
H 61.21410 74.70960 1.28457
H 58.02430 74.19380 1.28514
H 54.90310 73.65020 0.94669
H 62.45980 77.65930 1.73996
H 59.27760 77.09140 1.90211
H 71.62160 75.66090 1.22938
H 71.81860 78.98220 0.92431
H 72.14150 82.19380 0.87731
C 72.37420 87.07170 2.46511
C 69.21320 87.01070 2.32129
C 66.28240 88.42670 3.32265
C 63.39580 89.23220 4.14596
C 62.60720 92.43350 3.62679
C 56.36700 94.01400 5.70328
C 58.48570 95.63310 3.62921
C 49.84300 76.71830 3.38883
C 52.39450 77.99090 4.97885
C 56.15850 80.16930 4.14341
C 61.34490 83.66660 4.19344
C 49.58230 90.15500 5.10383
C 61.31770 86.92180 4.67138
C 58.18480 88.10440 5.25396
C 52.51450 91.08590 5.95480
C 56.64700 92.47630 4.04167
C 54.23830 93.55860 5.79147
C 66.83540 74.68530 4.12243
C 49.54110 72.43930 1.43314
C 64.47250 77.01490 3.04693
C 55.08020 74.87650 3.12098
C 51.97850 73.78520 3.05801
C 65.91900 79.93600 3.12178
C 62.55480 79.37040 3.53644
C 59.11520 78.69680 3.80231
C 55.69870 78.00420 4.00451
C 67.44100 83.32610 2.19188
C 63.99070 82.41410 3.36023
C 64.25300 85.65040 2.95596
C 73.85260 72.40980 2.96316
C 71.41230 74.13620 3.13561
C 70.49740 77.46290 2.34162
C 68.64490 75.42140 3.45191
C 70.59190 80.73930 2.09607
C 70.76030 83.99020 1.81213
C 71.87440 90.24380 2.52962
C 68.53790 90.42550 2.72215
C 65.65510 91.66120 3.22542
C 70.91220 93.25540 2.41085
C 67.76700 93.90020 2.66297
C 64.74880 94.67930 3.02159
C 61.61770 95.46340 3.35968
C 73.06830 95.61840 1.82625
C 49.92530 80.41580 4.85808
C 53.16990 81.48440 3.92114
C 49.62860 83.47090 4.75265
C 58.80030 81.89270 4.09746
C 55.85850 83.26250 4.61467
C 52.75900 84.69690 4.96779
C 49.61290 86.78500 4.98559
C 58.45280 85.11210 4.74223
C 55.59300 86.41150 5.14811
C 52.63520 88.02570 5.50220
C 55.35050 89.52880 5.71703
C 63.01720 74.17660 2.85881
C 59.77140 73.43010 2.84928
C 56.62140 72.74420 2.51023
C 53.28940 72.39770 2.25028
C 61.18600 76.20880 3.21450
C 57.87370 75.62130 3.24688
C 73.62410 75.87410 2.57546
C 90.14470 2.89876 -3.31422
C 94.19600 5.68712 -3.38482
C 90.51080 5.51828 -1.74542
C 95.83070 8.52331 -3.94278
C 83.19530 0.82592 -3.40988
C 79.79450 1.55760 -3.11015
C 79.21550 4.96448 -2.02555
C 76.42450 6.02454 -1.43423
C 75.08440 9.49776 -0.63795
C 71.78870 10.81400 -4.12388
C 74.90320 14.97490 -2.69361
C 76.70730 17.27880 -1.05784
C 77.77370 20.36060 -0.89859
C 86.69560 2.72120 -2.16631
C 83.64390 3.86908 -1.49974
C 82.11450 6.13956 -2.69641
C 86.55040 6.30948 -2.48879
C 80.81090 9.13089 -2.65103
C 78.01810 10.13420 -2.64574
C 92.82540 8.52937 -2.81758
C 88.97810 8.49884 -2.88364
C 77.56150 13.20450 -2.43811
C 95.72770 10.23180 -2.61236
C 80.00740 14.96580 -2.34080
C 0.84007 12.29630 -4.03451
C 81.33600 17.57100 -1.16458
C 0.01981 15.40710 -2.44483
C 81.26350 20.55470 -2.05604
C 95.71260 18.71060 -2.01831
C 93.09670 19.50760 -1.24887
C 90.18550 20.55350 -1.58303
C 87.15770 21.84430 -0.87230
C 0.97229 20.41210 -2.25086
C 95.89880 23.26450 -2.28241
C 0.98172 0.19232 -3.91211
C 95.01630 0.01841 -3.79806
C 91.83400 0.09824 -3.69334
C 88.31750 0.06367 -3.41518
C -0.90285 3.04003 -3.82717
C 93.17380 2.90236 -3.49904
C 0.47279 6.00460 -3.94623
C 80.88680 96.19690 -2.91541
C 77.74420 -0.74813 -2.48455
C 74.52730 0.26093 -1.84382
C 76.87410 2.50856 -2.58590
C 73.82100 3.37487 -1.77280
C 74.31610 19.69210 -1.62286
C 75.40080 22.60040 -1.48712
C 83.58960 7.45910 -2.22570
C 85.97720 9.67768 -2.42679
C 83.33770 10.97540 -2.29350
C 80.41810 12.08660 -2.20080
C 91.00640 10.71420 -3.28843
C 88.33590 11.85080 -2.65772
C 85.60540 12.96200 -2.18711
C 82.94800 14.01340 -2.24257
C 93.71300 12.90570 -3.38146
C 91.01900 14.14630 -2.59783
C 87.99120 15.19870 -2.25810
C 84.85040 16.42880 -1.92678
C 93.41990 16.32400 -2.41201
C 90.52260 17.40310 -2.01875
C 87.58120 18.48040 -1.81227
C 84.54520 19.64490 -1.90473
H 90.23070 0.79321 -2.03630
H 91.80320 3.46064 -1.53152
H 88.83120 3.69585 -1.36847
H -1.28190 6.70323 -2.15866
H 92.79910 6.46446 -1.43516
H 85.93160 96.05190 -1.80934
H 84.84320 1.63063 -1.65045
H 81.80920 2.19453 -1.60075
H 78.63680 3.04492 -1.46264
H 78.28250 5.63364 0.31820
H 74.78500 7.11924 0.22349
H 76.29310 14.77440 -0.85026
H 77.48960 18.65950 0.91912
H 78.59850 21.59420 1.16168
H 85.86290 4.68325 -0.74420
H 82.93680 5.98810 -0.33024
H 80.22890 7.30787 -1.54232
H 88.53210 6.81084 -0.89691
H 76.67140 11.41890 -0.91995
H 90.91990 9.03669 -1.49581
H 79.17930 13.45140 -0.60595
H 0.91442 10.26040 -2.27357
H 93.34720 11.03100 -2.33503
H 78.97380 16.61580 -0.77228
H 80.07930 19.62540 -0.71551
H 95.51220 16.41440 -1.27270
H 83.03770 20.68930 -0.25266
H 81.01840 22.66970 -0.48398
H 94.95890 18.92870 0.36999
H 92.07700 20.28580 0.22140
H 89.52560 21.83670 -0.02227
H 0.40660 18.49570 -0.85551
H 96.16230 21.05390 -1.24730
H -0.70706 1.11645 -2.32870
H 93.46830 0.91036 -2.07289
H 0.72684 4.10529 -2.37910
H 94.92930 3.73529 -1.99421
H 74.44350 96.08450 -0.04228
H 82.90080 -0.87851 -1.63271
H 79.64930 -0.04307 -1.24882
H 76.51340 0.70115 -0.87755
H 73.50410 1.61694 0.04065
H 75.62590 3.81864 -0.68063
H 74.46600 17.71460 -0.14911
H 75.59430 20.77750 0.13112
H 77.33150 8.34705 -1.00256
H 85.61050 7.92384 -0.73276
H 82.62180 9.16315 -0.87344
H 79.67430 10.32970 -0.77198
H 88.02310 9.98904 -1.16696
H 85.17910 11.17780 -0.60357
H 82.18880 12.32260 -0.62769
H 90.47530 12.19260 -1.35138
H 87.59820 13.26610 -0.78864
H 84.65750 14.39090 -0.49482
H 81.68760 15.25100 -0.51727
H 93.09170 14.15890 -1.16232
H 89.96400 15.36600 -0.72779
H 86.93300 16.51450 -0.44873
H 83.82070 17.51310 -0.62745
H 92.36030 17.29730 -0.39943
H 89.43650 18.58640 -0.12377
H 86.27240 19.61740 0.00774
C 90.09640 2.38672 -0.09115
C 94.73580 5.55112 -0.30865
C 91.40420 5.15653 0.11890
C 95.55880 8.66448 -0.64260
C 83.62780 0.98156 -0.03795
C 80.41230 1.99049 0.11680
C 77.93610 3.88753 2.07094
C 77.13550 7.17331 1.32671
C 74.78890 9.32773 1.38173
C 72.08720 9.88554 1.52667
C 74.61400 12.84670 -0.78316
C 76.33080 16.44290 0.90861
C 76.86550 20.05270 2.28885
C 86.76420 2.82147 -0.04578
C 83.81230 4.27865 0.74134
C 80.74600 5.92745 0.61842
C 86.62900 6.29701 0.87385
C 80.73860 8.63939 0.58870
C 77.88350 10.04510 0.87638
C 92.62710 7.94594 0.01295
C 89.38010 8.45839 0.40702
C 77.21320 13.13670 0.83930
C 0.01575 9.36522 -0.00114
C 79.77560 15.14740 1.10043
C 2.43497 11.48720 -0.65889
C 79.84700 17.93180 1.18192
C -0.47105 14.39970 -1.01135
C 81.00090 20.80560 1.23052
C 95.53930 16.72300 1.22321
C 92.85930 18.50770 1.71669
C 89.99140 20.17650 1.66722
C 87.21110 21.75720 0.99925
C -0.30357 20.04500 0.89323
C 95.43180 22.51350 0.73967
C 0.88627 0.08280 -0.79978
C 95.28350 0.01369 -0.65608
C 91.94130 -0.14800 -0.50893
C 87.90630 0.05076 -1.53875
C -0.56122 2.94035 -0.62570
C 93.63090 2.58711 -0.24465
C 0.72086 5.98862 -0.72913
C 81.37390 -1.08734 0.19750
C 78.09720 -0.33494 0.67877
C 75.28860 0.43633 1.22375
C 77.35650 2.67428 0.61762
C 74.25850 3.48463 1.43846
C 74.06430 19.28130 1.46574
C 74.88140 22.62250 1.57678
C 83.81900 7.90075 0.91059
C 86.54260 9.59080 0.76006
C 83.26140 10.74330 0.84195
C 80.37380 11.95880 0.90287
C 92.06900 10.74560 -0.13993
C 88.85340 11.64800 0.47641
C 85.92460 12.90450 0.97248
C 82.89410 13.85880 1.10747
C 94.29390 12.58600 -0.42422
C 91.26400 13.70220 0.49494
C 88.15160 14.97400 0.95825
C 85.08100 16.17760 1.11239
C 93.90760 15.74220 0.57659
C 90.54670 16.88220 1.18403
C 87.46540 18.16570 1.40755
C 84.13650 19.14800 1.31917
C 82.54180 48.36420 -1.01986
C 91.90880 46.10700 -2.53325
C 0.83081 48.10500 -3.48338
C 85.52020 25.10060 -1.35060
C 81.93900 24.60270 0.90635
C 90.39650 26.97820 -1.72240
C 87.17510 27.63110 -1.54920
C 80.59310 28.07310 -0.55629
C 89.33350 29.91560 -1.56344
C 79.64800 31.43060 -1.09336
C 91.31050 32.29520 -1.73780
C 78.65210 34.54520 -1.38045
C 93.27610 34.70110 -1.72924
C 80.76770 37.09070 -1.52989
C 95.33080 37.23550 -1.85800
C 82.56280 39.64000 -1.61069
C 84.72600 41.87980 -1.94387
C -0.69665 42.50220 -2.23782
C 93.26680 43.18430 -2.19095
C 89.77430 44.08170 -1.78698
C 86.70300 44.72610 -1.36000
C 84.53050 45.23240 -1.18225
C 95.83250 45.57150 -2.42532
C 78.61560 23.24290 -0.76191
C 79.50660 26.34700 -0.86639
C 77.42060 29.02530 -1.31665
C 75.89350 31.71380 -2.52992
C 74.67000 34.60980 -3.44771
C 77.55560 37.70910 -1.44523
C 79.28280 40.28860 -1.64621
C 81.24570 43.13560 -1.00091
C 79.53260 46.24920 -1.17089
C 83.37380 22.80570 -1.48759
C 88.91590 24.27330 -0.25143
C 93.86620 25.78810 -1.05765
C 90.29610 24.97930 -1.99686
C 92.52130 29.44170 -1.70891
C 94.64600 31.92060 -1.76517
C -0.74775 34.38270 -1.82590
C 83.90230 27.93750 -1.18786
C 86.24450 30.41200 -1.25321
C 82.91700 30.84730 -1.18075
C 88.11650 32.88040 -1.52512
C 84.99340 33.28970 -1.48277
C 81.66230 33.85210 -1.44882
C 90.18030 35.42740 -1.66450
C 86.99330 35.92700 -1.56247
C 83.85360 36.52530 -1.62325
C 92.22460 37.80280 -1.88160
C 89.13320 38.32030 -1.69979
C 85.94600 38.93240 -1.64829
C 0.39026 39.63660 -1.99027
C 94.39060 40.11680 -1.89956
C 91.28610 40.86290 -1.87307
C 88.25140 41.38740 -1.93450
C 76.41730 25.50730 -1.65681
C 74.60070 37.81040 -1.57394
C 76.01000 40.44900 -1.51998
C 77.90780 43.31010 -1.61570
C 74.46590 43.16740 -1.57200
C 76.00010 46.06740 -1.58913
C -0.08318 25.97910 -1.51916
C 95.90700 28.80590 -1.71425
C 0.39024 31.52510 -1.78976
H 84.95100 47.64120 -0.85590
H 94.01860 46.71740 -1.45112
H 87.09590 25.63290 -0.00082
H 83.97620 26.02040 0.66998
H 89.02680 28.10290 0.04690
H 82.75950 29.16380 0.64836
H 79.22910 29.79810 0.31902
H 91.06420 30.50450 -0.04382
H 80.41930 35.26730 0.09217
H 95.09030 35.42210 -0.29024
H 82.44760 37.73060 0.09824
H -0.32513 37.93460 -0.36081
H 84.49880 40.18090 -0.11174
H -1.13871 40.87460 -0.37422
H 83.61810 43.21910 -0.23845
H 95.18050 43.85960 -0.75227
H 91.91090 44.50410 -0.68398
H 88.78850 45.00850 -0.12745
H 85.87620 45.19050 0.96644
H 79.43040 24.74720 1.04328
H 77.37650 27.00300 -0.01950
H 75.22910 29.34450 -0.19999
H 76.22740 33.85640 -1.60913
H 77.49750 35.95360 0.37102
H 79.32030 38.38970 -0.00938
H 81.31470 40.81140 -0.17916
H 79.23650 44.12710 0.25250
H 85.21380 23.02440 0.14443
H 94.15110 23.33530 -0.29119
H 92.39490 27.53420 -0.21242
H 94.42470 30.11990 -0.22869
H -1.06465 32.63210 -0.16702
H 85.82010 28.55330 0.32859
H 87.93470 31.13760 0.22128
H 84.70120 31.59990 0.28175
H 81.49490 32.17590 0.43626
H 78.33300 32.94210 0.64716
H 93.03850 32.92730 -0.19290
H 89.96540 33.55900 -0.05743
H 86.73020 34.10280 0.11237
H 83.59140 34.63550 -0.07440
H 91.95810 36.05680 -0.16743
H 88.78110 36.60900 0.01157
H 85.60960 37.11440 -0.04673
H 93.95880 38.42920 -0.25771
H 90.96440 39.04990 -0.18356
H 87.77340 39.68890 -0.15794
H 93.09980 41.53070 -0.33502
H 89.93100 42.08880 -0.29246
H 86.69990 42.51000 -0.48622
H 76.51150 23.89730 0.28503
H 74.39940 26.25060 -0.47482
H 74.46770 35.90490 0.12180
H 76.05610 38.67260 0.21800
H 77.73120 41.35630 -0.03399
H 74.42370 41.36730 0.18221
H 76.13490 44.09310 -0.03256
H -0.04530 23.85730 -0.26163
H 95.75450 27.09800 0.09861
H 0.19918 29.73270 -0.12640
C 84.55550 47.00310 1.72392
C 92.49880 46.42960 0.67461
C -0.36566 49.75900 -0.21820
C 85.79340 24.65760 1.97653
C 81.24660 24.52230 2.70136
C 90.60090 26.63690 1.28937
C 87.41370 27.41070 1.82399
C 80.87690 28.27890 1.47003
C 89.43280 29.78870 1.71070
C 79.83980 31.34060 2.14396
C 91.45020 32.37950 1.52602
C 78.92920 34.54380 2.00788
C 93.37550 34.80800 1.35200
C 80.69230 37.15240 1.65188
C 95.35240 37.31180 1.25346
C 82.76440 39.72620 1.58434
C 85.19990 42.03080 1.39497
C -0.73510 42.81300 1.04241
C 93.54940 43.59370 0.96463
C 90.45150 43.90930 1.24440
C 87.46260 44.50720 1.93360
C 84.25190 43.70900 2.08396
C -0.41300 45.58120 -0.66427
C 77.85810 23.22140 2.31981
C 78.30090 26.56010 2.28542
C 77.16510 29.41110 0.57758
C 75.04370 31.70360 -0.66878
C 76.04270 34.02190 0.98804
C 77.72660 37.89310 1.84775
C 79.53540 40.38530 1.44192
C 81.38650 43.16050 0.91266
C 79.69350 46.40910 0.73201
C 83.91310 22.18400 1.61204
C 91.86550 22.78830 0.43107
C 93.89920 25.71430 0.76812
C 90.89700 27.29610 2.92327
C 92.69060 29.35250 1.41350
C 94.61610 31.90070 1.36811
C -0.83712 34.47150 1.36088
C 84.18570 27.59260 2.07774
C 86.23600 30.44380 1.87213
C 82.99380 30.91470 2.01815
C 88.30720 33.08170 1.73284
C 84.99890 33.56090 1.71202
C 81.91700 34.02250 1.70947
C 90.30210 35.42950 1.52681
C 87.12890 36.02190 1.62843
C 83.94230 36.48640 1.66307
C 92.33710 37.87740 1.48032
C 89.16370 38.57980 1.48300
C 86.07590 38.97930 1.45874
C 1.01442 39.83960 0.16447
C 94.66060 40.29030 1.22387
C 91.41700 41.01740 1.31433
C 88.15040 41.65740 1.29501
C 75.85940 25.84370 1.55293
C 74.45490 37.76020 1.85662
C 76.14040 40.62250 1.74873
C 77.90560 43.28280 1.59652
C 74.47110 43.41220 1.60037
C 76.13180 45.87110 1.55592
C -0.29748 25.56330 1.51716
C 95.83210 28.68350 1.35636
C 0.44253 31.64060 1.43422
C 88.57060 47.07790 -1.39708
C 85.87120 49.02630 -2.39644
C 82.79070 50.34680 -0.92942
C 79.91770 51.66330 -0.24308
C 77.27620 53.35760 -1.52682
C 94.13310 48.34280 -2.53673
C 77.18020 56.77690 -1.60651
C 74.13560 57.82130 0.82144
C 76.96960 60.10910 -1.01823
C -0.40938 53.07480 -1.99656
C 94.01900 54.58900 -1.93712
C 91.31950 56.14640 -1.79887
C 88.56780 57.36180 -1.92126
C 76.80740 63.42570 -0.64318
C 89.03950 60.47440 -1.34839
C 85.90940 62.17550 -0.94554
C 79.40200 65.04360 -0.74531
C 85.01020 65.20820 -1.27953
C 82.31890 67.01050 -0.26246
C 86.01930 68.41040 -1.04474
C 77.87730 49.31230 -1.31556
C 75.79810 51.89740 -1.52968
C 81.92460 70.64130 -1.00863
C 79.50340 68.61150 0.02781
C 76.46380 67.05370 0.07871
C 74.00050 63.65840 2.26221
C -0.19455 56.56230 -1.03257
C 94.01970 57.70670 -1.67110
C 93.07110 60.71630 -1.69727
C 91.72200 63.51230 -1.75703
C 91.24190 66.48720 -2.73442
C 88.11140 65.72300 -1.32477
C 89.84810 69.38140 -3.01322
C 91.02230 72.41820 -1.56983
C 91.49520 49.42150 -2.24069
C 88.68030 51.02460 -2.31383
C 85.59360 52.49470 -2.01927
C 82.64470 53.50400 -1.38729
C 79.98690 55.10170 -1.43463
C 94.41590 51.33930 -1.90284
C 91.53910 52.74170 -2.13770
C 88.61050 54.21670 -2.18549
C 85.43970 55.64220 -1.85415
C 82.64270 57.01280 -1.63007
C 79.91000 58.65680 -1.29499
C 85.71800 58.80940 -1.72693
C 82.70790 60.43160 -1.41963
C 79.71820 61.87190 -1.03122
C 82.42730 63.53700 -1.06978
C 74.46600 48.81480 -1.49479
C 76.37790 70.47920 -0.37089
C -1.01811 59.99060 -1.69214
C 0.90781 62.43500 -1.72729
C 95.32210 62.91220 -1.88035
C -0.06664 65.24450 -2.17992
C 94.21760 65.83450 -2.35142
C 96.12440 68.38380 -2.67128
C 92.90480 69.01030 -2.72385
C 0.82005 70.71640 -3.20258
C 94.83200 71.47990 -3.01856
H 83.39350 49.21310 1.36431
H 90.91280 47.58400 -0.77454
H 87.83880 49.34840 -0.74473
H 82.29510 52.20160 0.72181
H 79.15760 53.57980 0.22936
H 76.41410 55.27160 -0.04307
H 0.92607 47.72340 -1.12907
H 76.37300 58.40130 0.27758
H -1.38221 51.32410 -0.40582
H 93.18860 52.87550 -0.35665
H 76.23860 61.49240 1.14800
H 93.14140 55.99790 -0.08606
H 90.15180 57.42790 -0.02331
H 87.40340 58.86130 -0.28021
H 75.95150 64.66440 1.09938
H 88.56970 61.67160 0.83480
H 81.43430 64.86870 0.76612
H 78.72590 66.48360 0.89232
H 86.93710 64.12920 -0.02674
H 84.71600 66.66690 0.33454
H 77.43430 47.03900 -0.31236
H 75.90080 50.10170 0.34825
H 85.20800 70.83170 -0.83412
H 83.03950 69.20420 0.72477
H 80.23090 70.75550 0.87847
H 77.31280 69.12860 1.04212
H 74.61950 70.77690 1.53954
H 95.89890 54.49350 -0.22806
H 95.76500 58.29870 0.04162
H 92.66770 58.98880 0.09690
H 91.76970 61.83030 0.09667
H 90.07610 64.50280 -0.11189
H 89.83970 67.31550 -1.51324
H 91.32760 70.14730 -1.18115
H 88.07300 69.83520 -1.11072
H 85.09000 50.82170 -0.74276
H 93.25840 49.62420 -0.54046
H 90.55090 51.04170 -0.64824
H 87.71890 52.56100 -0.64726
H 84.73290 53.95560 -0.19714
H 81.94520 55.38370 0.10332
H 79.07760 56.83780 0.11612
H 90.43350 54.24580 -0.52169
H 87.47410 55.67500 -0.50184
H 84.65960 57.17830 -0.10062
H 81.88600 58.64490 0.11335
H 78.99230 60.11650 0.45996
H 84.66360 60.33050 -0.01337
H 81.69400 61.74420 0.46458
H 78.78900 63.17420 0.88979
H 84.34010 63.49040 0.39332
H 74.33520 46.94800 0.17927
H 0.59188 60.74130 0.02469
H 94.89160 61.25080 -0.19412
H -0.44999 63.79460 -0.28983
H 93.77340 64.25760 -0.49868
H 95.94640 66.74000 -0.85190
H 92.90630 67.30960 -0.93085
H 0.49764 69.23460 -1.20819
H 94.69540 69.77690 -1.19132
H -0.60146 72.25590 -1.86997
C 88.80540 47.38050 0.48807
C 85.94730 49.19580 0.95081
C 83.38630 50.93030 2.69778
C 80.17510 51.72630 1.71755
C 77.23020 53.53270 1.74267
C 94.20500 47.80400 0.74696
C 77.37620 56.68140 1.93814
C 74.15710 58.35560 3.02533
C 77.26060 59.77430 2.28612
C -0.41109 52.90940 1.37319
C 94.07640 54.29770 1.47734
C 91.17170 55.64550 1.37920
C 88.39780 57.17180 1.34188
C 77.21920 63.25950 2.79657
C 90.37910 59.87050 0.44641
C 86.15740 61.99010 0.92573
C 79.54340 64.93450 2.44581
C 85.62110 65.09360 1.83492
C 82.52160 66.84390 1.63907
C 85.51170 68.98570 0.84490
C 77.81920 49.37090 0.66237
C 75.66640 52.11610 1.80470
C 82.22700 70.57700 2.38778
C 79.57300 68.55850 1.78946
C 76.54690 66.98970 1.99728
C 73.78940 62.01050 0.97265
C -0.25623 56.40270 0.92638
C 93.99670 57.57320 1.68369
C 93.28570 60.76460 1.71695
C 92.09940 63.88130 1.33524
C 91.09590 66.64080 0.57379
C 89.05620 63.28250 0.74767
C 89.47470 69.14880 0.27864
C 91.61760 72.27550 0.17928
C 91.37580 49.32080 0.94756
C 88.61970 50.86030 0.93548
C 85.92690 52.31730 1.08258
C 83.23810 54.01230 1.80524
C 80.11650 55.31100 1.76627
C 93.96150 51.10960 1.19215
C 91.21490 52.63170 1.12207
C 88.50350 54.19140 1.06076
C 85.79320 55.60500 1.31233
C 82.94660 57.03100 1.63290
C 80.07690 58.37210 1.77762
C 85.70670 58.70650 1.54274
C 83.03780 60.14850 1.77699
C 79.96980 61.57900 2.21651
C 82.70110 63.28660 2.17755
C 74.11240 48.81600 1.81138
C 76.87780 70.68800 2.81086
C -1.20872 60.22590 1.59094
C 0.91629 62.72630 1.47349
C 95.20920 63.17120 1.26255
C -0.16564 65.76750 1.04095
C 94.24760 66.25220 0.89187
C 96.17650 68.78430 0.48813
C 92.94950 69.35720 0.51018
C 0.95090 71.38050 -0.08387
C 95.37460 71.85710 0.15074
C -0.42861 94.85510 -3.89437
C 93.68870 94.88970 -3.89785
C 90.50580 94.90990 -4.00766
C 0.51329 78.07910 -4.57695
C 94.69460 78.36910 -4.86981
C 89.90070 80.63720 -5.13425
C 87.84000 83.04170 -4.64161
C 87.22690 86.29900 -5.36576
C 0.10159 89.68820 -4.05321
C 94.15630 89.77160 -4.40129
C 87.48790 89.53290 -4.51723
C 92.25400 92.31420 -3.98335
C 74.09330 88.74090 -0.80170
C 84.01420 89.56230 -4.57223
C 79.47930 90.89800 -2.43019
C 85.10420 92.66120 -3.52022
C 87.16010 94.93310 -3.76125
C 84.04200 95.32060 -3.34649
C 90.37030 75.81450 -1.62794
C 87.17810 72.29390 -1.19255
C 83.51350 70.99370 -2.56661
C 86.77930 75.47230 -2.97607
C 87.70550 78.84020 -4.02526
C 84.73790 81.14400 -3.04199
C 84.28590 84.26240 -4.44268
C 82.16790 86.29450 -3.65313
C 80.80420 88.67740 -2.48184
C 76.79920 87.19950 -1.86872
C 73.86710 85.32320 -1.37780
C -0.23625 74.07750 -3.45278
C 93.72120 73.41360 -3.74057
C 95.04200 76.23430 -5.11473
C -1.02659 81.09310 -4.86689
C 92.94540 80.88830 -5.15231
C 0.37375 84.00160 -4.67927
C 94.64830 84.09640 -4.93257
C 91.15990 83.73380 -5.20315
C 96.06700 86.86420 -4.57691
C 92.73090 86.60830 -4.89781
C 89.34340 86.45060 -4.97891
C 90.81680 89.56800 -4.55449
C 88.70640 92.22820 -4.07833
C 76.36750 91.52090 -1.86406
C 73.19350 92.21640 -1.28875
C 81.79990 93.13500 -2.86403
C 78.67370 93.83210 -2.36350
C 75.46070 94.67140 -1.76879
C 84.66380 74.21110 -1.37741
C 81.88140 73.64690 -1.20803
C 79.08290 72.12070 -0.79448
C 84.56110 77.65590 -2.74711
C 81.85660 76.30970 -1.60804
C 78.98800 75.28990 -1.13222
C 76.11650 73.74230 -0.62439
C 81.77680 79.62100 -2.28785
C 79.08300 78.42720 -1.56808
C 76.18170 76.93810 -1.02456
C 81.75430 82.66650 -2.98857
C 79.14430 81.42560 -2.14778
C 76.38040 80.07060 -1.41703
C 73.38080 78.81140 -0.93067
C 79.35680 84.89910 -2.74190
C 76.52100 83.42650 -1.80348
C 73.53920 81.93860 -1.15414
H -0.21336 93.03270 -2.00283
H 93.94590 93.03130 -2.00247
H 92.05470 95.72240 -2.26555
H 88.92890 95.58250 -2.25850
H 0.40536 76.55860 -3.02478
H 96.18420 79.29090 -3.15473
H 92.96840 79.30270 -3.24190
H 90.07910 79.14020 -3.05131
H 88.36810 81.05460 -3.29492
H 86.26960 84.81600 -3.70468
H 87.89150 87.42280 -3.27767
H 95.65320 90.36860 -2.25249
H 92.30960 90.21480 -2.73353
H 89.19640 90.11630 -2.80242
H 85.94630 89.66770 -2.87016
H 90.50350 92.95300 -2.45773
H 79.35050 89.16540 -0.58037
H 76.23920 89.81650 -0.05965
H 73.20410 90.60330 0.55420
H 83.23360 91.06600 -3.25655
H 81.30200 91.62510 -0.96473
H 87.30380 92.78020 -2.47720
H 88.21130 74.58100 -1.12608
H 85.96240 73.59380 0.71453
H 88.32680 77.27550 -2.13072
H 85.92930 79.27760 -2.39395
H 83.02830 81.55050 -1.25488
H 83.16090 84.57380 -2.06857
H 83.32570 87.91700 -2.75709
H 80.78040 86.46020 -1.52607
H 77.83380 85.26120 -0.82844
H 75.22450 86.79460 0.10127
H 93.49330 72.63760 -1.24650
H 1.85573 74.33420 -2.09012
H 94.89860 75.06510 -2.91769
H 91.31900 74.74840 -0.53460
H 95.28900 95.81660 -2.26906
H 0.32175 82.14210 -3.07474
H 94.53980 82.00390 -3.63319
H 91.32240 81.90250 -3.65590
H 95.99250 84.87520 -3.12738
H 92.72610 84.75490 -3.52036
H 89.52860 84.49940 -3.69434
H 0.07597 87.67400 -2.64267
H 94.22040 87.65780 -3.11681
H 90.95240 87.44610 -3.32308
H 78.37340 92.18500 -0.58200
H 75.24270 92.86800 -0.11158
H 83.80100 93.64660 -1.58092
H 80.65640 94.54820 -1.09382
H 77.55480 95.22190 -0.58314
H 82.85160 72.29570 0.61324
H 85.67340 76.38280 -0.99143
H 83.10470 75.32720 0.13834
H 80.17360 73.90800 0.49112
H 77.35210 72.37080 1.00115
H 83.01220 78.33160 -0.83533
H 80.20950 77.00880 0.08921
H 77.29580 75.50570 0.64244
H 74.50730 74.10400 1.17991
H 80.29090 80.16420 -0.36391
H 77.47890 78.64470 0.26039
H 74.50170 77.30460 0.72042
H 80.34100 83.35630 -1.07326
H 77.68590 81.90180 -0.23675
H 74.78210 80.41910 0.40851
H 74.89060 83.59380 0.09235
C -0.40222 94.84320 -0.70707
C 93.72570 94.69040 -0.60113
C 90.56920 94.60900 -0.66839
C 0.27479 78.56290 -1.32621
C 94.59390 78.30040 -1.58128
C 90.16350 81.29760 -1.65362
C 87.83590 83.20350 -2.52441
C 85.59080 87.12690 -2.75130
C 0.01502 89.26190 -0.65250
C 94.13660 89.37470 -1.21975
C 87.71750 88.86730 -1.27901
C 91.94000 91.75280 -0.80085
C 74.43160 88.68660 1.41647
C 82.48640 89.65470 -1.28794
C 79.81020 90.79460 0.88867
C 85.17030 91.62870 -1.66891
C 87.49950 94.43610 -0.63417
C 84.60070 95.56560 -0.09472
C 90.10750 74.94700 1.64428
C 88.57040 73.69460 1.13810
C 85.15280 71.99540 1.50662
C 87.67290 76.61220 0.24762
C 88.17840 79.62770 -1.30022
C 85.34190 81.48290 -1.25164
C 85.23220 84.34270 -1.35402
C 83.06380 86.58850 -0.63390
C 80.57720 87.35060 0.74501
C 77.47270 87.66460 -0.06943
C 74.59650 85.33400 1.92286
C -0.51643 74.73270 -1.43252
C 93.88600 74.83940 -0.55200
C 93.44660 76.92150 -2.52783
C 95.88160 81.22180 -1.72170
C 92.89820 80.90200 -2.08316
C 0.08891 83.92820 -1.41841
C 94.30490 83.76270 -1.87376
C 91.10490 83.70550 -2.02391
C 95.66250 86.62080 -1.40658
C 92.60030 86.43510 -1.71910
C 89.31870 86.21550 -1.93548
C 90.75500 88.89450 -1.38963
C 88.97820 91.65550 -0.97988
C 76.87710 91.48960 1.31236
C 73.84460 92.49830 1.91423
C 82.34770 93.43630 0.36191
C 79.15040 94.00590 0.82078
C 76.03770 94.74830 1.31616
C 85.16200 75.95170 1.33795
C 82.10770 74.21600 1.97590
C 79.43200 72.53960 2.40515
C 85.33260 78.63860 -0.13341
C 82.22150 77.33540 1.31282
C 79.44120 75.75640 1.95528
C 76.52420 74.12490 2.53166
C 82.57890 80.38200 0.57899
C 79.64250 78.93380 1.59293
C 76.53630 77.37440 2.11744
C 82.48390 83.51140 0.12134
C 79.81930 82.12090 0.98012
C 76.92780 80.54010 1.75264
C 73.86830 79.04890 2.29875
C 79.90880 85.29740 0.49439
C 77.09430 83.90840 1.15861
C 74.26800 82.18380 2.04354
