2979
Frame 105
C 12.83930 95.81190 -1.52034
C 13.81850 1.11078 -1.31901
C 11.87080 3.15506 -2.62327
C 10.81630 6.32107 -3.30115
C 8.25748 9.30746 -3.03808
C 4.73424 8.95404 -4.11346
C 2.87505 9.03116 -4.98248
C 23.93150 0.50190 0.18600
C 22.23480 4.22075 0.29509
C 24.86440 6.33935 -0.77313
C 25.05540 12.27630 -0.75741
C 19.55700 1.00549 -1.63659
C 16.10330 -0.87352 -0.07761
C 19.25080 4.46588 -1.61992
C 22.80910 9.18832 -0.42929
C 19.86810 7.97750 -1.03465
C 13.81240 5.06863 -0.93452
C 23.16370 13.05770 -1.11316
C 14.29580 8.52090 -1.79638
C 23.33300 16.43200 -1.01084
C 11.74120 10.86250 -1.99599
C 23.00530 19.94340 -0.82646
C 12.52260 13.60350 -1.40148
C 9.28988 12.95500 -1.86379
C 23.38970 23.15730 -0.39731
C 14.59760 18.13000 -0.42928
C 11.20480 16.32720 0.00695
C 14.48570 21.62020 0.45883
C 20.54670 -0.99939 -1.20499
C 5.51581 10.94190 -1.71714
C 6.47445 14.25190 -1.03005
C 3.23310 14.24130 -1.48306
C 8.04094 16.76290 -0.39484
C 2.10701 17.32870 -1.74691
C 9.64065 19.24630 -0.18733
C 11.32630 22.17440 -0.11427
C 9.36044 95.47550 -2.48749
C 10.84270 0.67063 -2.32554
C 7.39059 0.30955 -3.11186
C 4.29779 0.26765 -3.66516
C 8.93695 2.98806 -3.41333
C 5.54170 2.83348 -3.83182
C 2.29076 2.86339 -4.18147
C 7.17463 5.64720 -4.32087
C 3.96104 5.71566 -4.32244
C 16.55340 2.70466 -1.51716
C 16.89030 6.28136 -1.47208
C 20.52790 11.28580 0.12221
C 17.25790 9.66119 -1.17354
C 20.18860 14.88460 -0.97264
C 17.68030 12.86190 -0.73914
C 14.80300 11.62840 -1.26998
C 20.45060 18.15850 -0.55042
C 17.55000 16.59580 -0.53705
C 15.01730 14.88970 -0.79626
C 20.43780 21.43790 -0.42481
C 17.41220 19.70580 -0.38584
C 4.98034 17.08230 -0.93967
C 6.54148 19.58750 -0.52202
C 3.38616 19.93330 -1.01317
C 8.04152 22.36840 -0.31176
C 4.95726 22.50540 -0.59259
C 1.78281 22.70840 -1.02711
H 13.59410 -0.59236 0.53629
H 11.68540 1.90944 -0.39055
H 10.22540 4.43416 -1.82649
H 8.42112 6.92308 -2.54744
H 1.99298 6.48866 -2.84675
H 3.81437 9.23855 -1.71430
H 22.65810 2.07822 1.72895
H 24.67550 4.34551 0.80055
H 22.91860 6.66065 0.28988
H 24.90100 10.12040 0.59096
H 25.33460 15.78070 0.52117
H 20.12710 2.79142 0.13362
H 17.40730 1.27708 -0.14167
H 20.20700 5.77973 0.30140
H 14.59240 2.90676 0.11816
H 14.77190 6.54928 -0.26009
H 21.31810 13.16150 0.60206
H 12.40320 8.65529 -0.73732
H 24.04460 18.19240 0.86135
H 21.38400 16.46380 0.61780
H 9.77689 10.84320 -0.24987
H 24.14530 21.17730 1.03547
H 10.34870 13.97710 -0.10471
H 12.88440 18.08560 0.74503
H 9.52984 17.47420 1.59779
H 21.95810 -0.80338 0.72013
H 1.16969 12.81630 -1.98203
H 7.06280 12.34670 -0.59056
H 3.76225 12.12220 -0.11963
H 7.67983 14.91410 1.17440
H 6.32008 17.75150 1.08333
H 11.15430 20.30880 1.73223
H 7.99742 20.43030 1.24776
H 10.68520 -1.13399 -0.66148
H 7.37157 -1.36228 -1.23819
H 4.20958 96.05740 -1.96648
H 1.09286 95.73490 -2.45049
H 8.69624 1.50676 -1.40655
H 5.60311 1.31667 -1.87507
H 2.45255 1.07103 -2.49389
H 7.01984 4.13885 -2.33999
H 3.86469 3.92860 -2.58214
H 5.30211 6.71139 -3.06237
H 17.42620 4.44966 0.06250
H 20.63560 8.93119 0.70881
H 17.76670 7.74518 0.31482
H 18.13780 10.95050 0.78090
H 15.25350 9.68548 0.24559
H 18.38930 14.64360 0.87009
H 15.61810 13.00550 0.63302
H 12.74680 11.73920 0.12409
H 21.43060 19.69820 1.08618
H 18.54610 17.94790 1.07875
H 15.66670 16.42680 1.05268
H 13.05250 14.86200 0.66280
H 18.60310 21.21600 1.25184
H 15.74300 19.59490 1.35481
H 4.59727 15.06030 0.39514
H 1.40653 15.42530 -0.36483
H 3.17782 17.95090 0.44997
H 4.76788 20.64870 0.82193
H 1.52933 20.69950 0.33759
C 11.86450 96.08680 1.52770
C 13.13870 1.68157 1.64108
C 11.13720 4.07689 0.58591
C 10.65340 6.87329 -1.37103
C 8.24109 9.09106 -1.14012
C 4.11420 7.90950 0.05084
C 1.68794 8.29505 -2.78792
C 23.60900 0.42792 2.04295
C 23.66920 2.94170 3.92217
C 24.35960 6.26385 2.42005
C 24.55870 12.05500 2.23843
C 19.09670 1.01078 1.84110
C 15.51630 -1.02316 1.85866
C 18.97380 4.29180 1.97330
C 22.92090 8.87782 1.60132
C 19.42720 7.38137 2.13620
C 13.28000 4.84304 0.88073
C 22.86450 13.11650 2.57368
C 13.77060 8.09314 1.41317
C 23.30520 16.04120 2.18902
C 11.18070 10.07050 1.21022
C 23.22200 19.74190 2.81903
C 11.73540 13.15100 1.85885
C 8.72586 12.61320 1.37559
C 23.57680 22.79580 2.79058
C 14.57730 17.85300 2.74716
C 11.50580 16.27710 2.08466
C 14.31480 21.37180 2.43140
C 19.94360 -0.99833 1.82748
C 5.65956 11.81410 1.54951
C 5.58645 13.86560 2.24202
C 2.51987 13.92990 1.22883
C 7.55800 16.37780 2.82017
C 1.16862 17.06230 1.49224
C 9.17269 19.17420 3.13619
C 10.96110 21.92830 3.01865
C 8.82996 95.63320 0.71660
C 9.84625 0.76888 0.67736
C 6.94585 0.56903 0.07071
C 3.88294 0.40131 -0.53307
C 8.35231 3.62659 -0.31334
C 5.36490 3.34379 -0.68842
C 2.31611 3.03250 -0.95789
C 6.94202 6.27824 -1.04077
C 3.78706 6.01197 -1.15057
C 16.13760 2.88225 1.57841
C 16.33590 6.10820 1.53897
C 20.28840 11.08990 1.90751
C 17.03540 9.46727 1.99529
C 20.08630 14.90230 2.26050
C 17.46490 12.84060 2.28415
C 14.36530 11.28590 1.94550
C 20.40350 17.92330 2.43839
C 17.24870 16.30780 2.46735
C 14.76210 14.56890 2.36001
C 20.57650 21.23080 2.82989
C 17.55320 19.47910 2.79581
C 4.33345 16.71150 2.19508
C 6.14700 19.58460 2.62624
C 2.84995 19.75800 2.08220
C 7.97427 22.26850 2.86714
C 4.58846 22.38530 2.59212
C 1.28944 22.37930 2.01368
C 22.96720 26.28760 -0.41014
C 20.22640 27.99500 0.46219
C 15.10670 25.10550 0.38697
C 18.99180 29.45540 -0.44204
C 23.05310 29.44910 0.02181
C 23.75090 32.69150 -0.34771
C 23.75510 35.85540 -0.82079
C 25.68850 46.00290 -2.00000
C 22.30820 44.62890 -0.53836
C 21.18200 31.78350 1.75313
C 18.92120 33.08640 -0.58587
C 15.13470 28.30060 -0.68153
C 19.63740 35.06580 -0.33442
C 12.86910 34.37460 -0.29960
C 20.51070 38.54780 -0.66082
C 10.67830 36.56020 -0.10184
C 21.72600 41.50440 -0.68529
C 18.55770 41.23760 -0.61933
C 8.58883 38.86800 -0.15407
C 4.22942 39.40720 -1.64808
C 16.24160 43.46040 -0.80136
C 2.78672 42.75820 -1.14695
C 14.08880 45.64760 -0.78532
C 5.19838 44.50400 -1.55486
C 2.82035 47.06730 -1.50932
C 13.08870 24.67760 0.04084
C 12.01990 27.86340 0.41519
C 12.57040 31.18630 -0.17383
C 9.93269 30.45940 0.14833
C 9.50556 33.30840 1.34315
C 5.65353 33.58680 0.11088
C 7.75853 35.96930 1.93083
C 1.37856 36.28680 -0.71213
C 20.45180 24.63520 0.03148
C 17.72980 23.19190 0.05710
C 17.92750 26.32980 0.63282
C 16.07060 34.65470 -0.55246
C 17.25860 37.80640 -0.64077
C 14.09950 37.28270 -0.57902
C 15.11550 40.40170 -0.73356
C 11.87680 39.59430 -0.59995
C 12.89000 42.74000 -0.73066
C 9.86106 42.11660 -0.77192
C 6.78408 41.71620 -0.95194
C 10.89450 45.22880 -0.73560
C 8.08738 44.84540 -0.96725
C 5.90513 47.49450 -1.07857
C 9.72315 25.02960 -0.21551
C 6.66559 25.20290 -0.23659
C 3.43356 25.35600 -0.61592
C 8.44964 27.75830 -0.07487
C 5.16442 27.92920 -0.24729
C 2.12792 28.17920 -0.64321
C 6.79327 30.57420 0.02088
C 3.81482 30.75800 -0.22379
C 2.61679 33.58890 -0.20491
H 1.04846 42.95730 0.80539
H 24.22560 24.44440 0.80302
H 21.57760 26.07670 1.60047
H 15.91440 23.17840 1.70818
H 18.96000 27.57040 2.60970
H 16.13170 26.26040 2.48982
H 16.81370 28.66730 0.65463
H 24.22210 27.55530 1.30541
H 24.49300 30.82530 1.25632
H 21.62800 29.27060 2.15101
H 24.17290 40.78680 -0.77117
H 24.68180 43.93830 -0.98966
H 22.65170 42.82740 1.22334
H 20.50960 45.05160 1.26154
H 19.78550 33.89190 1.97105
H 16.87820 33.27080 0.68654
H 13.89550 32.72040 1.36665
H 20.81280 36.79800 1.20459
H 11.47240 34.83630 1.44332
H 21.77060 39.86340 1.08029
H 9.30473 37.35470 1.80737
H 19.66540 42.20590 0.68900
H 6.65841 40.20190 1.01416
H 2.53028 40.37570 -0.34823
H 17.63390 44.60180 1.11800
H 4.90658 42.77060 0.19742
H 15.44580 47.10490 0.70791
H 3.16083 45.06160 -0.12210
H 12.74770 22.99100 1.72576
H 9.63384 23.14670 1.34104
H 11.40580 25.75520 1.51466
H 13.63820 29.67620 1.03984
H 11.18340 31.59580 1.91383
H 8.26452 31.22850 1.89798
H 7.14998 34.18530 1.60281
H 3.89490 34.40870 1.85734
H 0.81709 34.52210 0.94493
H 2.65433 37.32530 0.75789
H 21.53640 22.81750 1.25451
H 18.84380 24.49360 1.89418
H 23.48560 45.58150 1.39007
H 17.64760 36.20170 0.79143
H 14.50470 35.63230 1.13073
H 18.71620 39.18440 0.86820
H 15.50420 38.61870 0.95996
H 12.38060 37.90760 1.13617
H 16.52420 41.60870 0.78296
H 13.29420 40.95440 0.91299
H 9.98996 40.50140 0.70408
H 14.41090 43.85190 0.87424
H 11.20990 43.47320 0.84103
H 8.05943 43.08780 0.66906
H 12.38730 46.53980 0.76613
H 9.22753 46.05090 0.84740
H 6.23306 45.57780 0.33856
H 6.43829 23.30300 1.27607
H 3.19454 23.41690 0.87008
H 8.21463 25.86920 1.46934
H 4.87569 26.01530 1.25235
H 1.69247 26.26740 0.77827
H 9.99959 28.57790 1.72576
H 6.70942 28.57440 1.47190
H 3.48417 28.84190 1.26735
H 5.21359 31.60200 1.61968
H 2.01626 31.63930 1.16386
C 23.56010 25.85460 2.95606
C 20.91560 27.30110 3.71749
C 15.11760 24.37700 3.88208
C 16.78270 28.71010 3.31911
C 23.80440 29.22410 3.13060
C 23.74970 32.44350 2.47122
C 23.18480 35.90030 1.15707
C 24.95500 43.57200 1.56976
C 22.16500 44.43110 3.15359
C 20.61960 30.92460 3.66795
C 17.62600 33.37620 3.12795
C 15.78270 31.04540 1.09124
C 20.86020 35.15420 3.37417
C 13.33190 34.55130 3.00639
C 20.38210 38.46180 2.66167
C 10.99400 36.80140 2.97376
C 21.17440 41.56120 2.74421
C 18.27340 40.96780 2.45372
C 8.19726 39.10680 1.74823
C 4.62192 38.90890 0.41802
C 16.34230 43.50190 2.44230
C 3.14736 41.80230 1.68849
C 14.05780 45.76880 2.35976
C 4.65853 44.51920 1.85768
C 2.51921 46.68470 1.79226
C 12.79590 24.72540 3.38749
C 12.33620 27.91530 2.20209
C 13.24020 31.04060 3.13137
C 9.91687 30.27050 3.54040
C 10.32540 33.48860 3.19872
C 5.54501 33.28700 3.46723
C 4.43559 36.28450 2.41468
C 0.93577 36.38850 2.48070
C 20.87830 24.27440 3.14580
C 17.77490 22.68830 3.18828
C 18.09330 25.62660 4.02617
C 16.42390 34.93560 2.55674
C 17.33700 38.06090 2.50231
C 14.21650 37.45320 2.71918
C 15.14600 40.47740 2.48561
C 11.69300 39.79120 2.43185
C 12.88030 42.80450 2.52027
C 9.63160 42.31870 2.32496
C 6.33644 41.99580 2.13739
C 10.89760 45.38160 2.39530
C 7.61051 44.90530 2.19206
C 5.70527 47.21020 2.01366
C 9.73808 24.85950 3.06842
C 6.39688 25.08900 2.91300
C 2.99469 25.19090 2.55611
C 8.24165 27.63740 3.18491
C 4.87564 27.79020 2.93036
C 1.59747 27.92280 2.52604
C 6.45803 30.26540 3.23936
C 3.40659 30.58650 2.94932
C 2.14577 33.52030 2.82991
C 20.15660 47.09440 -0.42339
C 17.30560 46.57050 -0.66213
C 15.01960 48.82400 -1.09764
C 16.69510 52.90970 -0.16587
C 14.20720 55.83290 0.10470
C 18.07990 56.16300 -0.71175
C 20.36060 58.46610 -0.92844
C 21.94720 61.17510 -0.90450
C 23.96500 63.84000 -0.97718
C 18.95160 61.24010 -1.17358
C 16.51250 59.64240 -0.44971
C 13.82420 58.20100 0.11052
C 10.38150 56.87750 0.38348
C 22.39730 66.47390 -1.31087
C 20.10920 64.46250 -0.57313
C 10.66410 60.44530 0.06670
C 23.18340 69.68450 -1.34261
C 11.14000 63.70010 -1.55073
C 11.51270 66.81520 -2.27770
C 8.98543 68.90230 -2.90357
C 13.50660 48.53540 -2.51472
C 6.94524 50.48190 -0.74167
C 3.66223 49.94840 -1.03179
C 11.13550 54.27010 -0.68777
C 8.04144 53.39670 -0.72193
C 4.77984 52.88110 -0.94525
C 1.55610 52.29490 -0.94992
C 7.10149 56.16950 0.57403
C 8.54657 58.20510 2.76266
C 7.02801 60.69560 -0.69607
C 8.91559 63.08560 -1.25786
C 8.14123 65.93460 -1.85693
C 6.90878 68.62770 -3.08996
C 23.30790 47.38300 -0.32349
C 21.50580 50.08230 -0.22128
C 17.80800 50.02390 0.56235
C 23.20460 52.79460 -0.13161
C 19.71300 52.86350 -0.02728
C 21.55240 55.39090 -0.36863
C 23.37510 58.14390 -0.55020
C 16.46170 63.49590 -1.33560
C 14.01670 61.67570 -0.14341
C 20.18650 68.11890 -1.59119
C 17.33480 66.57330 -1.67791
C 14.20170 65.16900 -1.58107
C 17.64160 69.82640 -2.19747
C 14.72570 68.16480 -2.39399
C 11.90490 70.10750 -2.97589
C 11.98970 48.35000 -0.87789
C 9.07449 47.79590 -0.79225
C 10.26340 51.12980 -0.54121
C 3.05721 55.71320 -0.01107
C 5.15402 58.42200 -0.40320
C 1.95902 58.86290 -0.94171
C 3.95940 61.17290 -1.16155
C 6.01310 63.64710 -1.39586
C 2.69224 64.07780 -1.89127
C 4.86343 66.37050 -2.50824
C 1.55266 67.08730 -2.62458
C 3.85536 69.38670 -3.26453
H 1.82903 50.33530 0.78282
H 18.53960 47.73340 1.24710
H 16.03190 51.40450 1.68274
H 15.79970 54.57170 1.44204
H 16.16420 57.35760 0.17191
H 21.81150 59.40980 0.79203
H 18.74180 59.47150 0.53901
H 23.45950 62.19860 0.75456
H 14.07600 57.00760 2.27904
H 12.14700 55.37920 1.24712
H 22.25660 64.82280 0.43536
H 20.28780 62.28140 0.54307
H 17.10480 61.89190 0.28208
H 14.81890 59.98190 1.46085
H 11.77360 58.60360 1.31060
H 23.55840 67.83790 0.35477
H 11.81610 62.53490 0.38881
H 12.23270 65.67510 -0.17610
H 9.71224 67.67200 -0.94965
H 10.01520 70.72140 -1.46800
H 13.43880 49.62470 0.80973
H 4.11327 47.99470 0.39133
H 11.30830 52.22170 0.91954
H 8.28058 51.62140 1.02793
H 5.05258 50.97100 0.64425
H 9.20145 54.76180 0.78770
H 6.12885 53.89970 0.89309
H 3.01999 53.31310 0.77415
H 7.30597 55.84840 3.11421
H 6.65379 59.43590 1.52681
H 8.67931 61.78670 0.77398
H 7.62901 64.59460 0.18300
H 6.44740 67.37540 -1.04940
H 5.61610 70.36090 -1.80303
H 24.87980 48.15990 1.41785
H 21.66810 48.09280 1.27073
H 23.24660 50.93310 1.42528
H 20.02480 50.82230 1.40258
H 21.56500 53.64900 1.50564
H 18.51090 53.59400 1.35421
H 23.16570 56.48390 1.26025
H 20.09610 56.57250 0.65780
H 20.58010 66.64380 0.23663
H 17.83140 64.97990 0.13507
H 14.82790 63.92090 0.49283
H 21.05810 69.75160 -0.05008
H 18.13120 68.39350 -0.23429
H 15.31150 66.90540 -0.29196
H 15.52600 70.06830 -1.02341
H 12.70960 68.77410 -1.19219
H 10.33790 49.11990 0.94022
H 7.22361 48.49800 0.68885
H 4.82412 56.83710 1.30751
H 1.52370 57.39670 0.97372
H 3.49831 59.79710 0.85493
H 5.48837 62.20780 0.49886
H 2.36771 62.59240 -0.05086
H 4.41028 65.06300 -0.46753
H 1.32739 65.67480 -0.53912
H 3.37676 67.95230 -1.32084
H 2.40588 70.92920 -1.97276
C 20.21130 47.05220 2.99215
C 16.88710 46.57590 2.71674
C 14.96830 49.09980 2.24163
C 16.77790 52.91100 3.06748
C 13.87630 54.60880 2.87040
C 17.83230 55.93060 1.24691
C 20.11990 58.45150 2.26782
C 21.76490 61.35690 2.28090
C 23.98760 64.26800 2.04831
C 18.69270 61.38380 2.07764
C 16.89690 58.81750 2.04721
C 13.49720 59.33690 3.14882
C 11.72060 56.95360 3.09952
C 22.21970 66.63320 2.00088
C 20.01090 64.55310 1.22073
C 10.66940 60.77000 1.77855
C 22.70170 69.65800 1.81746
C 11.22620 64.22430 1.70950
C 11.54300 67.67380 0.76710
C 8.98608 69.54650 0.43022
C 13.76160 52.20160 1.06210
C 6.72060 50.31530 2.30799
C 3.56964 49.66670 2.21276
C 10.69220 53.99280 2.64819
C 7.97070 53.42550 2.54539
C 4.69537 52.58990 2.50314
C 1.53124 52.17470 2.50765
C 5.34071 55.84060 3.64148
C 8.28599 57.47780 4.65770
C 6.82555 61.50000 2.51500
C 8.96995 63.78110 2.08319
C 8.36787 66.30580 0.05411
C 6.86277 69.38640 0.20302
C 23.20340 47.37200 3.03892
C 21.52840 49.90490 2.92285
C 17.98450 49.89940 2.38762
C 23.21420 52.76080 3.10205
C 19.93550 52.62190 3.03708
C 21.28990 55.73430 2.71391
C 23.38640 58.55060 2.52771
C 16.82120 63.78130 1.93090
C 13.80990 62.25290 1.89462
C 19.80530 68.40110 1.57956
C 17.16430 66.74350 1.36053
C 14.07030 65.86040 1.61690
C 16.88650 70.13680 0.94852
C 14.32480 68.79160 0.72941
C 11.92480 70.75640 0.09817
C 12.03030 48.29960 2.52553
C 8.94105 47.94950 2.35008
C 9.99629 50.84090 2.68022
C 2.74576 55.49160 1.88928
C 4.51787 58.72530 2.87501
C 1.53908 59.11310 2.23613
C 3.62607 61.91000 2.01334
C 5.83830 64.43430 1.51042
C 2.58238 64.71380 1.13622
C 4.65963 67.19990 0.62944
C 1.66335 67.84360 0.47156
C 3.85717 70.07070 -0.12356
C 9.67349 90.01670 -2.04293
C 11.32390 92.97980 -1.84425
C 7.94637 92.69470 -2.70655
C 4.84952 92.25570 -3.32625
C 1.40708 92.18280 -3.80962
C 5.02340 74.56100 -4.44539
C 9.99350 78.04780 -4.41585
C 6.69984 77.68290 -4.51923
C 3.36629 77.67450 -4.50653
C 12.33980 86.01330 -5.44585
C 10.29340 88.18020 -2.37055
C 6.80575 89.54300 -2.93713
C 3.27634 89.52930 -3.79395
C 23.07760 80.30950 -0.89911
C 20.04280 81.34970 -1.68141
C 16.86530 83.37680 -3.13220
C 14.35030 85.96740 -5.88373
C 13.36540 87.47320 -2.46998
C 12.62640 90.32580 -1.79328
C 14.93840 92.72510 -1.25431
C 17.70490 94.47530 -1.21260
C 23.31030 95.16670 -0.59653
C 23.60540 73.14070 -1.12555
C 23.84420 76.56470 -0.36692
C 21.12840 77.96050 -1.48724
C 9.46182 71.74720 -3.64458
C 15.97380 77.97750 -4.16839
C 13.30560 76.69020 -4.83084
C 8.52503 74.70090 -3.75655
C 16.16840 81.48300 -3.80422
C 6.01925 71.82850 -3.81204
C 2.58618 72.49410 -3.88924
C 6.13369 95.17600 -3.10715
C 3.01785 94.80390 -3.71053
C 8.29756 80.74790 -4.59066
C 5.01875 80.66270 -4.59675
C 1.89703 80.63080 -4.68644
C 9.85242 83.43530 -4.63047
C 6.22868 83.69970 -4.51184
C 3.15235 83.47360 -4.38803
C 8.16294 86.43480 -4.31851
C 4.93651 86.65080 -4.03071
C 1.76390 86.47230 -4.28477
C 22.42860 83.52890 -1.09356
C 19.64710 84.84230 -2.09954
C 16.44550 86.30190 -2.48223
C 21.90380 86.95130 -1.05685
C 19.02980 88.30990 -1.82520
C 15.72930 89.45790 -2.07391
C 24.27440 88.84230 -0.31383
C 21.49310 90.19040 -0.96762
C 18.38460 91.44060 -1.41634
C 23.94890 92.09110 -0.31488
C 20.91590 93.33970 -0.97200
C 20.47890 71.42210 -1.82519
C 20.97020 74.55560 -1.97765
C 18.12740 72.93250 -2.57611
C 14.91780 71.36050 -3.06681
C 18.45780 75.98630 -3.17529
C 15.60310 74.42830 -3.91237
C 12.38950 73.11890 -3.95871
C 18.70300 79.56620 -3.05400
H 10.79120 91.15860 -0.26030
H 7.66775 90.92650 -1.09412
H 12.37370 93.94990 0.12601
H 5.95425 93.38250 -1.41080
H 2.90706 92.99880 -1.94327
H 6.49909 75.98390 -2.94990
H 3.28681 76.08500 -3.19583
H 8.23849 78.90740 -2.83777
H 9.63615 81.74680 -2.51600
H 11.30840 84.32480 -3.70536
H 8.77620 88.35100 -0.43210
H 4.61318 90.30610 -1.82911
H 1.39657 90.16350 -2.29840
H 22.53200 78.40170 0.44088
H 21.62570 81.63930 0.44391
H 18.51350 83.08480 -1.24672
H 15.60420 84.32470 -1.12255
H 14.06700 85.97800 -3.38304
H 11.98060 88.20230 -0.54122
H 14.33980 90.56020 -0.33446
H 16.91050 92.57860 0.26596
H 15.10520 94.67320 -1.22918
H 19.52660 94.70390 0.04534
H 24.06380 71.09710 0.30157
H 24.08650 74.48980 1.02940
H 21.52050 75.93710 -0.14743
H 18.91200 77.80240 -1.73826
H 13.41730 74.92540 -2.88462
H 10.43310 73.71440 -2.51312
H 7.68096 72.87730 -2.33325
H 16.23930 79.50580 -2.13744
H 13.44030 78.14550 -3.22383
H 4.49965 73.22540 -2.45453
H 9.17801 93.70780 -0.80919
H 5.01280 78.80510 -2.93065
H 1.65374 78.81040 -3.09264
H 6.56804 81.74810 -3.03710
H 3.37365 81.49910 -2.92916
H 8.10889 84.50980 -3.06486
H 4.70347 84.47420 -2.69825
H 1.56023 84.48570 -2.77303
H 6.41860 87.29980 -2.58708
H 3.13455 87.45390 -2.36781
H 24.53960 80.38800 1.11195
H 23.88110 83.77630 0.93539
H 20.94640 84.91650 0.11773
H 18.11620 86.30460 -0.67764
H 15.13410 87.46870 -0.70793
H 23.37470 86.90150 0.98631
H 20.48760 88.22040 0.16178
H 17.47040 89.43410 -0.30881
H 22.84850 90.25990 1.13693
H 19.90640 91.42020 0.48760
H 22.45330 93.57060 1.09487
H 21.37380 72.87300 -0.16522
H 18.33120 71.53160 -0.55671
H 18.70090 74.69110 -0.98634
H 15.84690 73.16010 -1.76588
H 12.95490 72.01310 -1.74484
H 16.13460 76.29180 -2.40989
C 8.85759 90.44950 0.99148
C 10.59870 93.16600 1.24503
C 7.39386 92.75700 0.50813
C 4.29317 92.02410 -0.11680
C 1.26642 91.78650 -0.47275
C 4.78487 75.31670 -1.20604
C 9.93587 78.15500 -1.25863
C 6.70958 77.99310 -1.31119
C 3.32210 78.04370 -1.39804
C 13.13390 82.50860 -3.49151
C 10.11150 87.68730 1.17946
C 6.37007 88.98340 -0.64405
C 2.82421 89.03000 -0.53339
C 22.41770 80.00650 2.20580
C 19.46520 80.95410 0.07824
C 16.37300 82.26030 0.08943
C 13.30160 83.96260 -1.99281
C 13.10160 86.41910 0.40440
C 12.37900 89.92620 1.16059
C 14.49990 92.92440 0.69473
C 17.63120 94.12990 1.78472
C 22.58430 95.35190 2.62368
C 22.98120 72.85280 1.85188
C 22.75440 76.45260 1.93294
C 20.20830 77.89810 0.39380
C 9.46619 72.64430 -0.51349
C 14.37020 77.86910 -1.55047
C 11.03510 77.22980 -2.72025
C 8.56380 75.17960 -1.87052
C 14.82830 81.03590 -0.80411
C 6.19202 72.55680 -0.72095
C 2.79623 73.02110 -0.59383
C 5.44921 95.36030 0.00368
C 2.54633 94.82690 -0.56978
C 8.30097 80.95390 -1.32499
C 5.11766 80.63350 -1.37516
C 1.67303 80.65070 -1.41988
C 10.05320 84.06330 -1.39994
C 6.42007 83.55450 -1.33250
C 3.10655 83.35900 -1.20924
C 8.01384 86.12280 -1.05539
C 4.80391 86.33100 -0.96576
C 1.40518 86.23500 -1.04883
C 21.67310 83.52070 2.09416
C 18.72530 84.47650 0.89201
C 16.08340 85.55260 0.59134
C 21.26600 86.64910 1.97265
C 18.39280 87.70140 1.31772
C 15.47450 88.89720 1.17267
C 23.78280 88.55720 2.83723
C 20.71090 89.71990 2.13899
C 17.80320 90.85370 1.71219
C 23.16390 92.01750 2.88518
C 20.09560 93.29870 2.05940
C 19.90720 71.50790 1.26800
C 19.90650 74.55340 1.06429
C 17.11850 73.36820 0.41707
C 14.54360 72.07330 0.05325
C 17.26350 76.60140 -0.32487
C 14.73310 75.08080 -0.75210
C 12.08830 74.12090 -0.81512
C 17.22130 78.77430 -0.14306
C 38.43130 0.40462 2.04234
C 35.28370 0.24979 1.29759
C 39.50730 2.99422 2.31566
C 48.30050 9.35475 1.44090
C 45.18870 8.95209 1.70451
C 42.05700 8.45182 1.75596
C 42.84940 11.41900 1.33725
C 33.50470 -0.44141 2.02452
C 27.52010 0.50539 0.19786
C 35.75510 2.96858 2.36188
C 37.50800 5.67169 1.78399
C 39.06940 8.40650 1.37614
C 26.55390 9.10227 -0.46393
C 40.81690 10.98400 1.06803
C 39.92400 14.09450 0.59065
C 26.66450 15.01820 -0.36937
C 28.45180 17.69840 -0.10802
C 36.51940 19.96490 -0.17762
C 33.35060 20.27480 0.10484
C 30.21360 20.26450 0.03713
C 26.40840 20.87050 0.10852
C 49.39660 11.14420 0.92912
C 46.13050 12.14300 1.33420
C 44.73430 14.52120 -0.79814
C 43.57920 17.40440 -0.73291
C 40.48540 19.18070 -0.38032
C 40.40080 22.24380 -0.45075
C 47.73300 1.31059 3.03377
C 44.47960 0.94665 2.97627
C 41.49880 0.62537 2.75143
C 49.00800 3.95351 2.59938
C 45.78760 3.71983 2.74022
C 42.72210 3.33203 2.71345
C 47.22340 6.54213 2.22993
C 44.11950 6.10619 2.25415
C 40.73000 5.79266 2.12639
C 30.57520 0.13997 1.14241
C 32.70510 3.02313 1.32765
C 29.33960 3.22075 0.52593
C 26.26290 3.28639 -0.15000
C 34.19920 5.80587 1.36492
C 31.11480 5.97042 0.78051
C 28.08860 6.07805 0.15974
C 35.99300 8.47118 0.98364
C 32.68060 8.51390 0.60728
C 29.63080 8.68897 0.14183
C 37.70870 11.34020 0.80133
C 34.50640 11.44010 0.32898
C 31.36760 11.61300 0.09458
C 28.13780 11.78540 -0.16213
C 36.22890 14.13710 0.13302
C 33.08000 14.42090 0.13092
C 30.00810 14.55130 0.06861
C 38.23390 16.86710 0.11684
C 34.72820 17.14780 -0.11481
C 31.64100 17.44500 0.09294
C 49.28490 14.32550 0.27597
C 46.26470 15.93510 -0.07977
C 48.94880 17.45570 -0.22983
C 46.17870 19.04960 -0.49347
C 43.20840 20.78100 -0.86146
C 49.05180 20.55440 -0.76279
C 46.11190 22.23580 -1.02728
H 36.50020 0.83898 3.35264
H 40.89720 4.24708 3.95606
H 37.77660 3.83926 3.29501
H 48.70420 7.79491 3.36801
H 42.31070 6.96178 3.58787
H 46.59880 10.33870 2.92767
H 43.40150 9.90403 3.20843
H 30.30740 -1.25261 3.22413
H 27.46170 96.28070 1.84083
H 32.12980 1.39266 2.86156
H 25.74840 1.41278 1.42062
H 33.79870 4.25956 3.29220
H 38.98440 6.86804 3.31392
H 35.66460 6.92212 2.99977
H 40.38990 9.55926 3.06086
H 39.30330 12.43860 2.42161
H 26.62060 12.94670 1.10061
H 40.86380 15.59980 2.38498
H 37.89310 15.00370 1.70849
H 36.50140 18.00740 1.49191
H 26.97810 18.52220 1.09276
H 34.75360 21.24010 1.21834
H 31.72540 20.98190 1.95841
H 28.76040 21.31750 1.13484
H 48.32590 12.98710 2.01875
H 45.35290 14.46380 1.67950
H 42.83780 15.99160 -0.02439
H 42.40200 19.14300 0.65580
H 39.67560 20.97110 1.54272
H 24.52060 96.03240 1.28928
H 47.84770 -0.41138 4.69714
H 44.66120 -0.79566 4.68339
H 41.52630 -1.30156 4.19168
H 38.41880 96.01140 3.37547
H 49.26180 2.43219 4.47050
H 45.95450 2.09540 4.62618
H 42.75600 1.72776 4.60947
H 39.57290 1.24990 4.07483
H 47.37510 4.93934 4.16941
H 44.14430 4.61492 4.23346
H 45.47880 7.50943 3.74125
H 28.85410 1.43797 2.07809
H 30.68500 4.21752 2.32759
H 27.49840 4.28974 1.79051
H 32.49310 7.02611 2.57974
H 29.31480 7.06007 2.08812
H 26.20960 7.19965 1.22459
H 37.40080 9.66548 2.61645
H 34.25260 9.77403 2.07353
H 31.05910 9.86266 1.80296
H 27.97390 9.88254 1.45663
H 36.02020 12.50850 1.99518
H 32.91480 12.75060 1.68219
H 29.71240 12.71140 1.59712
H 34.72060 15.40120 1.66345
H 31.50480 15.62000 1.69976
H 28.29880 15.68460 1.42310
H 33.40280 18.29290 1.66397
H 30.01020 18.38970 1.72985
H 48.11270 16.05810 1.62957
H 45.15720 17.64000 1.26284
H 48.05940 19.32410 1.11442
H 45.12100 20.77040 0.73023
H 42.49560 22.42730 0.88050
H 47.94650 22.31780 0.50213
C 37.84000 -0.04634 5.20670
C 34.89320 -0.57361 4.38041
C 39.09860 3.36163 5.26394
C 48.41590 9.92147 4.53753
C 45.23040 9.71209 4.83353
C 41.87820 8.99539 4.86498
C 42.73760 12.03240 4.37857
C 33.32380 0.73858 4.97949
C 27.00680 0.48508 3.35016
C 35.64070 2.88150 4.10365
C 37.16960 5.85011 4.59439
C 38.63660 8.77513 4.58556
C 26.04240 9.19118 2.73643
C 40.63810 11.64520 4.30275
C 39.39520 14.71410 3.75209
C 26.43410 14.77820 2.76487
C 28.22170 17.49140 3.12676
C 37.18660 20.44590 1.60840
C 33.64440 20.18140 3.34104
C 29.61080 20.33840 3.24235
C 26.40670 20.91160 1.96110
C 49.24410 11.86390 4.04608
C 46.13700 12.68050 3.19514
C 43.11570 14.38740 2.12542
C 42.96350 17.27910 2.20833
C 40.83140 19.57760 2.75208
C 40.91830 22.87760 2.77054
C 47.81500 1.54100 6.17122
C 44.34740 1.10852 6.24115
C 41.08430 0.48537 5.86257
C 49.27960 4.52673 5.72371
C 45.87350 4.11069 5.94532
C 42.42370 3.85729 5.80743
C 47.29290 7.10988 5.36113
C 43.92540 6.78272 5.40544
C 40.54630 6.23261 5.11189
C 30.01450 0.61812 4.13977
C 31.82640 3.47933 4.41046
C 28.63950 3.43440 3.56422
C 25.45650 3.33416 2.91245
C 33.79480 6.12083 4.51972
C 30.61840 6.19971 3.93228
C 27.25350 6.27189 3.20348
C 35.52540 8.88204 4.08074
C 32.50270 9.10762 3.71956
C 29.40700 9.18028 3.36551
C 37.49480 11.80590 3.91597
C 34.21310 11.67880 3.52103
C 31.21880 11.92580 3.25650
C 27.90010 11.85810 2.99026
C 36.19000 14.54910 3.39829
C 33.12260 14.58950 3.28990
C 29.69400 14.69550 3.14158
C 38.86800 17.25470 2.06236
C 35.21800 17.38450 3.17664
C 31.76250 17.53610 3.23845
C 49.12190 14.80780 3.51118
C 46.02820 16.11250 3.02976
C 48.93540 17.90530 2.95467
C 46.03370 19.44680 2.60959
C 43.24500 20.76190 2.39477
C 48.99620 21.18690 2.46841
C 46.17790 22.45270 2.16256
C 49.14310 30.09440 0.19190
C 47.69330 33.02470 -0.05309
C 49.34360 35.71500 -0.60315
C 47.91140 38.40810 -1.25830
C 37.74360 23.74760 -0.46710
C 40.25370 26.19690 -0.11352
C 43.00060 27.31430 -0.83303
C 48.54530 27.14210 -1.67350
C 45.61690 29.15240 -1.38218
C 37.03710 25.62970 -0.84857
C 33.76160 24.21380 -0.63555
C 29.94020 23.46710 0.94209
C 40.58610 29.67640 -0.90796
C 37.59350 28.72560 -0.71522
C 28.27140 26.09810 -0.81650
C 44.24660 33.52390 -0.52304
C 41.09560 33.16570 -1.18232
C 25.66110 27.88290 -0.70631
C 41.90880 36.75040 -0.72651
C 39.26260 38.25120 -1.32873
C 37.12220 40.85340 -0.99023
C 34.37650 42.55800 -1.19627
C 31.24610 41.40950 -1.05472
C 28.00330 40.71810 -2.31350
C 24.63590 39.27520 -2.04148
C 24.20680 42.59490 -2.70110
C 31.52810 44.64920 -0.62668
C 28.24150 44.29270 -0.59975
C 32.65880 47.40140 -0.74381
C 45.97510 35.96590 -0.14153
C 44.67470 38.90650 -1.41487
C 41.72320 40.24690 -1.68329
C 46.72670 41.08580 -1.98996
C 40.86120 43.71070 -1.64958
C 37.74430 44.98480 -2.09125
C 35.07870 45.97800 -0.37044
C 46.73820 44.34360 -2.58166
C 43.10990 24.10980 -0.87111
C 48.91590 23.81030 -1.23172
C 46.02320 25.13270 -1.52384
C 34.54780 27.66010 -0.87621
C 31.46160 26.67600 -0.80022
C 38.02040 31.79040 -0.86640
C 35.09030 30.88160 -0.90071
C 31.93460 29.77330 -0.90102
C 28.99900 28.50760 -0.67418
C 38.62060 34.97080 -1.17463
C 35.62070 33.82310 -1.10915
C 32.58480 32.88570 -1.18113
C 29.31690 31.84060 -0.98130
C 26.23940 30.74240 -0.52330
C 36.21040 37.14230 -1.39024
C 33.13120 35.95690 -1.37311
C 29.76970 35.09210 -1.25355
C 26.80430 33.84940 -0.95103
C 33.98060 39.37960 -1.50101
C 30.60840 38.06280 -1.64175
C 26.94780 37.12280 -0.92789
C 29.51080 47.17920 -0.49972
C 43.82830 42.33170 -1.85211
C 43.66840 45.50730 -2.16533
C 40.65560 46.59330 -1.60652
H 47.90490 31.44190 2.07535
H 49.44390 34.23410 1.37514
H 47.95160 37.10380 0.88254
H 39.63090 24.13630 1.07981
H 42.40410 25.64650 0.85325
H 41.24030 28.27270 0.63337
H 47.58890 28.65480 0.25745
H 44.64990 29.77580 1.00117
H 38.17520 27.00440 0.82656
H 35.13330 25.97550 0.73130
H 31.97030 24.78100 0.61538
H 41.75140 31.44770 0.79306
H 38.78190 30.22320 0.82736
H 29.79600 26.95810 1.05003
H 26.78190 25.87670 0.44470
H 42.23600 34.50460 0.15897
H 39.70040 36.44500 0.28113
H 41.09740 38.80630 0.23506
H 24.85760 34.06570 0.73392
H 37.86580 41.63230 1.43818
H 31.94060 39.51700 -0.02614
H 28.96170 38.39510 -0.31724
H 24.70320 37.82860 0.16663
H 35.64910 43.76120 0.58358
H 32.69140 42.78020 0.58801
H 28.34790 42.62760 0.65092
H 33.06070 45.69440 0.96286
H 29.87180 45.29180 1.15389
H 46.12270 33.84940 1.31813
H 44.06100 37.46230 0.31820
H 46.42860 39.77460 0.10284
H 43.52650 40.66080 -0.08558
H 40.61830 41.79100 0.06481
H 38.28730 43.18950 -1.17852
H 45.99880 42.77470 -0.77609
H 45.12950 23.94200 0.43351
H 47.77440 25.54950 0.10265
H 44.98340 26.98530 -0.35561
H 35.62350 29.18490 0.76258
H 32.73400 28.13470 0.76366
H 39.28460 33.31640 0.55223
H 36.22340 32.28050 0.75769
H 33.19920 31.28660 0.60962
H 30.13400 30.18440 0.70311
H 27.18960 28.94400 0.91404
H 36.68640 35.46750 0.38802
H 33.73310 34.36940 0.35747
H 30.68340 33.33790 0.32746
H 27.63500 32.28410 0.86288
H 37.38740 38.69880 0.16953
H 34.29000 37.57100 0.08476
H 31.27970 36.41020 0.15659
H 28.08240 35.37680 0.55698
H 35.03550 40.68920 0.29956
H 26.67520 45.30950 1.33479
H 42.99290 43.89760 -0.39692
H 40.24950 45.03800 0.36154
H 37.34660 46.30670 0.04463
H 45.68730 45.87870 -0.89440
H 42.71270 47.04440 -0.39941
C 49.52770 30.91670 3.35069
C 47.70130 33.82420 3.11449
C 49.37340 36.48630 2.43077
C 48.09480 39.32800 1.86255
C 37.84510 23.94810 2.60227
C 40.30000 26.35250 1.86552
C 43.47020 27.69150 1.53739
C 47.82360 27.08230 2.15187
C 46.19570 30.19760 1.91132
C 36.87060 25.88170 2.53499
C 34.34660 23.78070 1.22908
C 31.43630 22.97690 2.56172
C 40.79730 30.06140 2.31558
C 37.46810 28.76570 2.31847
C 28.76540 25.01080 2.04693
C 44.10140 32.34020 1.18259
C 41.12420 33.52850 2.18171
C 26.33960 27.38620 2.60908
C 41.90360 36.74370 1.24695
C 39.24960 38.31970 1.78896
C 36.79550 40.35680 2.08854
C 34.50230 42.15000 2.17181
C 30.62860 41.49390 0.88294
C 28.40860 40.39630 -0.57552
C 23.46490 39.03780 1.02681
C 25.92080 42.02990 0.41285
C 31.75160 44.23020 2.38909
C 28.44750 44.11120 2.81768
C 32.93010 47.54490 2.54421
C 45.83350 36.32290 1.76923
C 44.58130 39.23350 1.64550
C 42.05110 40.32870 1.83647
C 46.51420 41.76790 1.38284
C 41.71280 43.53110 1.70005
C 38.03040 44.22050 1.16383
C 35.40810 45.97760 1.57864
C 47.22940 44.57600 0.26423
C 43.56100 24.18760 2.30225
C 48.84760 24.13100 1.75279
C 45.98650 25.97420 1.62385
C 34.49080 27.69170 2.41212
C 31.89250 26.27820 2.29006
C 38.13540 31.93290 2.32281
C 34.92890 30.96580 2.33668
C 32.05170 29.92740 2.30098
C 29.18100 28.61490 2.45496
C 38.47720 35.16840 1.97918
C 35.48470 34.08570 2.11671
C 32.50020 33.11500 2.03842
C 29.55630 32.11800 2.23039
C 26.65870 30.64260 2.55157
C 36.02360 37.37050 1.78942
C 33.11850 36.20960 1.76881
C 29.87700 35.14010 1.89491
C 26.80410 34.18180 2.38029
C 33.61970 39.24380 1.71345
C 30.50000 38.30280 1.58248
C 26.87270 37.54350 0.89938
C 29.85150 47.17670 2.72436
C 44.47910 42.44870 1.05609
C 44.09920 45.60350 0.97473
C 41.11890 46.82950 1.52091
H 37.18480 60.25080 -0.08505
H 34.57320 58.65830 0.08710
H 40.18430 63.65450 -0.23446
H 37.12060 63.11580 -0.49691
H 44.18380 68.08430 -0.46080
H 40.90270 66.84640 -0.69270
H 29.11840 62.60890 0.42413
H 44.53830 71.23680 -0.15621
H 25.46410 65.14810 0.45319
H 26.62420 68.63800 0.50410
H 27.71260 71.57270 1.11472
H 34.34500 61.80560 0.10168
H 37.87720 66.08820 -0.42547
H 34.69580 65.03710 -0.08320
H 31.80830 63.85710 0.18031
H 41.63780 70.04910 -0.58376
H 38.46690 69.12730 -0.65748
H 35.33210 68.10550 -0.19353
H 32.07250 67.07550 0.14698
H 29.06090 65.89310 0.40612
H 36.06550 71.09800 -0.19471
H 32.90110 70.15750 0.22460
H 29.73660 69.17130 0.52337
C 47.42270 65.92220 -3.67536
C 49.11090 69.42190 -1.42082
C 34.83620 50.31280 -0.02192
C 35.72130 53.36830 -1.80804
C 33.76180 56.30980 0.78531
C 31.23480 55.36050 -0.53127
C 30.39820 58.49550 -0.18666
C 27.97520 61.03600 -1.07713
C 24.94690 61.06720 -0.87553
C 36.66470 58.27780 -1.40975
C 39.00330 61.56390 -0.94239
C 35.87840 61.40860 -1.77372
C 33.16320 60.16860 -1.38055
C 42.96310 66.45150 -2.12554
C 39.47780 65.23210 -2.07104
C 30.83580 62.08310 -1.22137
C 43.57950 70.00260 -2.08591
C 27.54980 64.19140 -0.45474
C 25.38370 67.02960 -1.15378
C 26.28700 70.60560 -0.88848
C 37.79850 48.22820 -1.39238
C 37.59280 51.27850 -1.34571
C 37.11770 54.89300 -1.76946
C 39.79970 56.54900 -1.89512
C 42.14370 58.69020 -2.06306
C 48.04620 59.20720 -1.87669
C 42.05890 62.36780 -1.57586
C 47.15990 62.35160 -1.72265
C 45.35540 63.55850 -1.37989
C 26.31260 47.10420 -0.37250
C 31.09840 50.24790 -0.54223
C 27.81880 50.07460 -0.36527
C 24.80440 49.86640 -0.21547
C 32.69870 52.67140 -0.73509
C 29.55040 52.95040 -0.44173
C 26.18840 52.78210 -0.26703
C 28.08560 55.75970 -0.45138
C 24.76810 55.47560 -0.34838
C 26.43960 58.27480 -0.76356
C 36.34160 64.85810 -1.93251
C 33.47530 63.42350 -1.52843
C 40.31730 68.79940 -2.22076
C 36.96030 67.77930 -1.99453
C 33.79560 66.72990 -1.62957
C 30.72480 65.49860 -1.31700
C 37.66200 70.93510 -2.05839
C 34.54190 69.91950 -1.70595
C 31.40260 68.96150 -1.36738
C 28.39510 67.84830 -1.11566
C 32.22630 72.07600 -1.16759
C 29.16450 71.10100 -0.85787
C 46.53860 47.55340 -2.22853
C 43.40810 48.90330 -1.93388
C 40.55190 49.87830 -1.71036
C 46.09180 50.90400 -2.12908
C 43.00900 52.04610 -1.88697
C 40.05410 53.45760 -1.91940
C 45.85680 53.94590 -2.11937
C 42.59510 55.30540 -2.00316
C 48.56090 56.00010 -1.99049
C 45.40880 57.24630 -2.16684
C 44.88960 60.34220 -1.85011
H 47.38540 64.94970 -1.74243
H 49.00500 67.33850 0.01388
H 47.01860 69.58080 0.15742
H 34.43960 48.04180 0.75399
H 32.79890 50.99750 1.12399
H 34.34250 53.85780 0.36739
H 32.46080 57.95270 2.27008
H 31.51590 60.53350 0.49057
H 28.20770 59.46110 0.44937
H 26.53710 62.22530 0.46011
H 37.07960 49.54440 0.50680
H 48.26700 47.76200 -0.35475
H 39.51970 51.59160 -0.28516
H 39.07620 54.87890 -0.21342
H 36.30240 56.32060 0.21292
H 38.79540 58.05070 -0.02859
H 41.23380 60.28690 -0.80660
H 46.74270 60.44680 -0.25298
H 44.06690 61.90900 -0.05479
H 31.22240 48.29220 0.98059
H 28.07710 48.16330 1.21049
H 29.50160 51.04770 1.08677
H 26.32700 51.02240 1.43280
H 31.24900 53.80870 1.00666
H 27.93810 53.84970 1.16000
H 24.79290 53.79310 1.46775
H 29.70210 56.54550 1.24127
H 26.41000 56.63830 1.09802
H 25.01120 59.38240 0.88559
H 39.80410 48.26600 0.00482
H 45.35360 49.06670 -0.58593
H 42.39280 50.31210 -0.09277
H 47.84530 50.98800 -0.41076
H 44.91830 52.27580 -0.52642
H 41.95850 53.64150 -0.30938
H 47.60680 54.22910 -0.46226
H 44.60770 55.45720 -0.57095
H 41.65830 56.89310 -0.27292
H 47.26020 57.41730 -0.47152
H 44.14650 58.61780 -0.52603
C 46.61390 67.18510 -0.60537
C 48.38580 69.06290 1.77546
C 35.03870 50.12080 1.76248
C 36.34780 53.11340 1.85084
C 32.83770 57.98500 4.22082
C 31.21830 55.61580 2.70837
C 30.22780 58.88180 1.82679
C 27.99670 61.25100 2.06795
C 25.16650 61.33010 2.24782
C 36.76320 58.48560 1.53271
C 39.44060 60.30960 0.90849
C 36.38630 61.81020 1.56007
C 33.53360 60.23560 1.80789
C 43.10280 65.64990 -0.51649
C 39.75360 65.24280 1.10624
C 30.99850 62.19350 1.90014
C 43.43170 69.35780 1.14685
C 27.54300 64.23330 1.26508
C 25.23390 67.07180 2.04455
C 25.64960 70.45100 2.09769
C 38.19700 47.70910 1.79945
C 38.30010 50.84580 1.91613
C 37.45400 54.70060 1.83438
C 39.97990 56.40580 1.50887
C 42.20600 58.85140 1.03122
C 47.94390 58.98240 1.36091
C 41.79390 62.57720 0.38983
C 47.22860 62.01920 1.48445
C 45.45390 63.30970 1.49739
C 26.57800 47.02340 2.84139
C 31.38230 50.20130 2.58087
C 28.10140 49.97510 2.81532
C 24.79380 49.92650 3.06409
C 33.06760 53.01570 2.48530
C 29.64460 52.90770 2.66480
C 26.52910 52.88720 2.95441
C 28.02390 55.72220 2.79099
C 24.89670 55.74370 2.86542
C 26.79410 58.65270 2.39787
C 36.74270 64.81600 1.29733
C 33.74740 63.58690 1.63905
C 40.33210 68.70450 0.95374
C 37.39860 67.73950 1.14009
C 34.08830 66.80420 1.50472
C 31.03750 65.54100 1.88757
C 37.97820 70.61530 1.23481
C 34.93250 69.86030 1.55777
C 31.72290 68.81550 1.94638
C 28.40560 67.69580 2.07105
C 32.51760 71.77450 2.04601
C 29.31560 70.99470 2.32093
C 46.49330 47.43800 0.94926
C 43.60970 48.69650 1.19337
C 40.48210 50.10560 1.46558
C 45.95000 50.72500 1.12802
C 43.15190 52.14730 1.27213
C 40.23400 53.32650 1.38368
C 45.86480 54.00940 1.01805
C 42.84640 55.39100 1.19819
C 48.55390 55.97820 1.15570
C 45.34840 57.16460 1.08347
C 44.90210 60.12530 1.34317
H 41.94110 73.21270 -0.89675
H 39.60390 75.43470 -0.17816
H 37.46550 77.49160 1.05801
H 26.10530 73.16950 -1.00627
H 35.02310 79.55700 1.87536
H 32.04150 78.54300 0.81607
H 29.17520 77.57970 -0.13860
H 26.23640 76.35570 -0.61030
H 39.05750 72.10150 -0.34670
H 36.71170 74.35090 0.11217
H 33.59130 73.27800 0.38961
H 30.60230 72.36020 0.68168
H 34.49410 76.53680 0.64757
H 31.43060 75.48480 0.49349
H 28.42090 74.69250 0.34274
C 43.85120 89.48660 2.56638
C 37.58620 89.82870 1.32672
C 48.24310 93.40450 3.13722
C 45.40830 92.32060 4.32888
C 42.44830 92.50240 2.73857
C 39.66380 92.50580 1.39241
C 35.68650 92.44820 0.89077
C 34.12650 93.94890 1.09774
C 45.82420 74.78810 0.64676
C 43.18320 76.09510 3.39397
C 41.29830 78.49170 1.50416
C 38.95120 80.63860 0.28367
C 39.10320 83.54630 0.89034
C 38.91710 86.98480 1.35567
C 40.77740 88.88870 3.32868
C 46.88820 88.39490 2.93753
C 46.73960 71.62170 -1.25078
C 29.62910 95.89340 0.94084
C 25.74920 78.79660 -0.15034
C 30.15170 79.84030 -0.20034
C 28.03640 80.96540 -0.04965
C 35.74160 83.31950 1.84776
C 33.05670 85.09720 0.97347
C 35.94990 86.71700 1.43167
C 32.75060 88.48020 1.05240
C 32.06070 91.77120 2.60549
C 29.44740 92.74020 1.58070
C 43.93500 73.12500 -1.82522
C 41.38380 75.25520 -2.06509
C 38.50340 77.20520 -1.25142
C 26.80900 75.05230 -2.65344
C 37.18340 79.88090 0.38831
C 31.42180 77.22660 -1.19976
C 28.35900 75.93060 -1.80852
C 46.33520 96.07790 3.11473
C 43.47280 95.41150 2.98313
C 40.46870 95.35680 2.20558
C 37.54350 95.64780 1.13797
C 46.57480 78.35640 2.51140
C 44.00170 80.03190 2.33347
C 41.71030 81.94980 1.62567
C 46.75450 81.55300 2.57762
C 44.25520 83.45960 2.32487
C 41.54920 85.22160 1.91996
C 46.89000 85.05990 2.66562
C 44.07760 86.67910 2.57978
C 25.28280 82.12880 -0.37140
C 30.62860 83.08530 0.35943
C 27.69130 84.22210 -0.03490
C 24.83070 85.46300 -0.49844
C 30.17770 86.37750 0.47699
C 27.21100 87.55360 0.05343
C 29.69410 89.71350 0.91841
C 26.83640 91.02190 0.53373
C 26.24720 94.49830 0.73497
C 40.83400 71.81780 -2.13241
C 38.36330 74.01590 -1.72828
C 35.27470 73.13890 -1.43710
C 36.37720 76.49670 -0.98860
C 33.29160 75.28850 -1.03430
C 30.41370 74.07260 -1.06313
C 34.18820 78.75980 -0.45075
H 42.18520 90.83310 4.01240
H 38.97520 90.63000 3.04498
H 46.68980 94.33360 4.81908
H 37.49820 93.34050 2.31441
H 33.43010 93.61220 3.57488
H 35.43760 95.71120 2.23429
H 45.53400 76.93230 3.66808
H 42.58240 78.59100 3.77185
H 40.14980 80.38740 2.49496
H 37.45980 81.90190 1.81161
H 48.24890 78.35940 4.57728
H 37.59410 85.02770 2.08021
H 37.38980 87.90020 3.00828
H 40.18140 86.51590 3.43746
H 45.38850 89.83530 4.57719
H 47.70680 91.47330 4.72370
H 47.07090 72.69290 1.10492
H 25.09450 77.30450 1.72202
H 27.43800 79.20350 1.61995
H 29.67560 81.30290 1.77451
H 32.02220 83.31300 2.42768
H 34.56660 85.25620 3.12891
H 34.36230 88.40160 2.64269
H 31.27090 89.72380 2.76876
H 28.18290 90.77050 2.66068
H 25.37670 92.25060 1.60209
H 30.21490 93.15710 3.67722
H 43.37240 93.80010 4.80547
H 40.32580 93.44720 3.62391
H 45.63380 80.05730 4.19641
H 42.99140 81.83590 3.75497
H 40.32350 83.43850 3.04342
H 48.56040 81.58290 4.23170
H 45.87730 83.31960 4.14694
H 42.99500 84.91490 3.86016
H 48.72090 84.92260 4.27702
H 45.78280 86.54800 4.33470
H 42.88400 88.00300 4.24087
H 48.50420 88.26500 4.44752
H 26.80570 82.48940 1.51700
H 29.26590 84.54170 1.83936
H 26.33470 85.73580 1.45441
H 31.75230 86.57820 2.38784
H 28.74090 87.67880 1.98917
H 25.87980 88.94310 1.61119
C 43.66160 89.79350 5.78954
C 36.33870 90.02080 3.04077
C 48.48040 93.36280 6.19085
C 44.99540 93.06550 6.24559
C 41.45520 92.52680 5.67286
C 38.40730 92.08460 4.47887
C 35.17100 93.33970 5.27472
C 31.95700 95.10440 3.90353
C 46.70930 74.91340 2.55453
C 43.37100 76.68130 5.14691
C 40.58670 78.84740 4.51106
C 37.95220 80.40270 3.69505
C 38.08300 83.37840 3.86722
C 37.97880 85.91970 4.37504
C 40.66070 88.00010 5.28782
C 46.61640 88.10790 6.09977
C 45.84730 71.10830 1.98926
C 28.68350 95.25550 3.80445
C 25.42660 79.30690 3.14194
C 31.69480 80.18920 2.57997
C 27.81150 81.03650 3.29126
C 33.35680 81.32080 2.72810
C 32.80570 85.05190 4.19763
C 35.65890 87.04660 4.60303
C 32.39700 88.09270 4.29783
C 31.93820 91.65160 4.35915
C 28.70550 92.12660 4.82742
C 43.22810 72.59930 1.20959
C 41.97430 75.66990 -0.38408
C 39.36220 76.73250 2.05914
C 26.48570 73.72690 1.47884
C 36.89760 78.64060 3.32256
C 30.56470 77.18750 2.02030
C 27.50850 76.69240 1.50014
C 46.35660 96.19340 6.34505
C 42.96980 95.83570 6.14840
C 39.71650 95.15630 5.24928
C 36.40550 94.60990 4.19754
C 46.41860 78.27090 5.85478
C 43.55110 80.09450 5.46446
C 40.77130 81.56730 4.62208
C 46.61110 81.68040 5.81262
C 43.83130 83.31970 5.52440
C 40.84950 84.75650 5.03733
C 46.75610 84.89770 5.86003
C 43.77080 86.27140 5.74253
C 24.70190 82.23920 2.72393
C 30.30160 83.01500 3.58114
C 27.20520 84.24490 3.21505
C 24.27260 85.45940 2.74890
C 29.74850 86.13070 3.64436
C 26.78700 87.38080 3.37548
C 29.28720 89.03830 4.06888
C 26.05400 90.62750 3.48533
C 25.94050 94.48270 2.52276
C 41.20000 71.87760 0.96751
C 38.70680 73.76140 1.41858
C 35.64060 72.74110 1.61598
C 36.26450 75.65990 2.15955
C 33.18200 75.00030 2.09489
C 30.07750 74.26280 2.08168
C 33.73840 77.99640 2.64595
C 54.73450 96.24370 2.59792
C 52.08140 95.45070 4.00916
C 49.30470 -1.09492 2.84765
C 55.51210 4.15224 1.69886
C 52.34290 4.36041 2.38061
C 50.56640 6.88413 1.90644
C 59.93630 0.33285 1.31251
C 58.85620 3.58114 1.18292
C 57.70740 6.80153 1.41113
C 60.21250 8.65059 0.61069
C 73.57050 10.21980 -2.27263
C 68.54280 10.52100 -1.24875
C 65.30800 11.02400 0.26389
C 61.52700 11.49130 -0.01118
C 71.27670 13.25820 -1.71041
C 68.15660 12.55010 -1.09366
C 66.10820 14.91090 -0.72693
C 63.39570 14.14130 -0.75759
C 63.76370 17.51790 0.03891
C 61.51530 20.15130 -0.20909
C 63.29390 22.71070 -1.07451
C 60.33360 22.65230 -0.25067
C 54.43370 7.64087 2.36408
C 52.19150 9.54836 1.41452
C 57.64500 10.03260 2.21939
C 57.47280 13.00180 0.54021
C 60.36540 14.05980 -0.64178
C 60.39660 17.25970 0.00302
C 57.25360 19.06990 -0.88619
C 57.47480 23.06030 -0.10189
C 56.69780 1.10605 1.65525
C 53.69470 1.30590 2.62600
C 50.86670 1.51355 2.75540
C 69.06660 96.01950 0.34189
C 66.12090 -0.96506 0.76213
C 63.04700 -0.40907 1.12873
C 71.21960 0.53645 -0.34588
C 68.12780 1.34789 0.29872
C 65.17390 2.15606 0.65302
C 62.01000 2.84579 0.94813
C 70.54950 3.69042 -0.20874
C 67.29150 4.49487 0.30777
C 64.23540 5.22322 0.61120
C 61.00870 5.97538 0.91270
C 72.95710 6.38043 -0.32590
C 69.66970 6.57523 -0.25389
C 66.61170 7.39943 0.14305
C 63.44080 8.07646 0.32847
C 72.42480 16.39030 -1.53512
C 69.36840 15.75260 -1.09101
C 70.51060 18.61060 -1.09804
C 67.34490 17.91240 -0.83592
C 71.80370 21.52890 -1.37809
C 68.59550 20.83110 -1.21037
C 65.27070 20.33210 -0.90692
C 54.74530 11.21660 1.03382
C 52.09620 12.82870 0.67810
C 54.72240 14.47080 0.35103
C 51.86500 15.92800 0.03783
C 57.79920 16.21380 0.37503
C 54.52760 17.57360 -0.27789
C 51.81380 19.15350 -0.40433
C 54.59400 21.01700 -0.75989
C 51.87170 22.24490 -0.91066
H 56.82080 -0.64859 3.32365
H 54.02710 -0.11865 4.55387
H 55.67210 2.40763 3.49378
H 54.31660 5.48626 3.46951
H 52.15870 7.88523 3.18248
H 59.77630 96.24270 3.06554
H 58.65500 1.77087 2.84958
H 57.55310 4.81723 2.89199
H 59.80800 7.16699 2.67574
H 56.66960 7.95684 3.41064
H 71.39870 7.29132 1.39710
H 68.24870 7.97983 1.29410
H 65.10400 8.86965 1.61080
H 61.86710 9.53190 1.67031
H 72.07250 11.42860 -0.51406
H 72.84600 14.40160 -0.15498
H 69.81570 13.76840 0.26872
H 66.67920 12.96220 0.79964
H 64.71490 15.47360 0.82938
H 61.91180 18.44650 1.49821
H 60.75950 21.29040 1.93274
H 54.07790 9.95298 2.89511
H 51.21990 11.52940 2.66246
H 56.62150 11.82780 2.55505
H 59.29650 13.39110 1.71210
H 61.62990 15.23430 0.70139
H 59.29950 16.80150 2.18838
H 59.13690 19.41980 0.26969
H 56.37240 21.06130 0.37044
H 53.57940 22.75900 0.75570
H 50.89500 -0.20959 4.46223
H 52.43590 2.70969 4.26147
H 50.63130 5.32146 3.83165
H 71.26280 -1.12907 1.48450
H 68.05860 -0.28275 2.08877
H 64.91980 0.44605 2.37463
H 61.82410 1.10467 2.66804
H 70.23680 1.90143 1.50822
H 67.11730 2.74160 2.05301
H 63.95530 3.48487 2.32750
H 60.79360 4.18514 2.56649
H 72.45650 4.35598 1.09069
H 69.35060 4.97061 1.54835
H 66.09800 5.75468 2.00585
H 62.95520 6.50324 2.31487
H 63.38160 12.48750 0.96217
H 70.99350 16.74950 0.45921
H 67.77520 16.08190 0.77382
H 72.06490 19.78420 0.35486
H 68.86740 19.19140 0.63645
H 65.73780 18.61070 0.86608
H 70.02370 22.16890 0.19811
H 66.93510 21.64020 0.38941
H 63.61300 21.09700 0.67372
H 53.89490 13.17060 2.25030
H 51.07020 14.67440 2.01637
H 56.53800 14.84320 1.94713
H 53.73720 16.31720 1.65211
H 50.81840 17.72620 1.35526
H 56.38390 17.96260 1.27657
H 53.71750 19.54970 1.08202
H 50.82450 20.97200 0.91713
C 55.84390 -0.61173 5.60987
C 52.59080 96.22680 5.76290
C 49.51280 -1.11589 6.27844
C 55.91400 4.51327 4.82268
C 52.59120 4.91704 5.25055
C 50.56220 7.34133 5.02093
C 60.12620 0.59323 4.40284
C 59.15870 3.62460 4.33516
C 58.13380 6.65738 4.50335
C 60.43110 8.91810 3.77025
C 71.14750 9.58203 0.63804
C 68.93350 10.04730 1.01771
C 65.29570 11.32880 2.07694
C 61.12210 11.72640 1.94835
C 71.53980 13.06410 1.51446
C 68.32900 12.82940 2.19847
C 66.46480 14.82360 2.43889
C 63.24660 14.26710 2.37301
C 63.89210 17.39280 2.07032
C 62.84850 20.20770 2.91549
C 63.86390 23.00040 2.14542
C 61.07310 23.54740 2.93856
C 54.35760 7.88707 4.16682
C 51.98940 10.10850 4.30632
C 57.27830 10.05220 4.24394
C 57.69660 13.62860 3.76249
C 60.48720 15.39720 2.96995
C 59.82490 19.09610 2.68031
C 57.51190 19.81200 2.20059
C 57.42920 22.83090 1.77689
C 57.16710 1.31686 4.79052
C 54.19710 2.20668 5.52371
C 50.98460 1.74330 5.98829
C 69.77450 96.13700 3.38349
C 66.46850 -0.72733 3.88008
C 63.29880 0.06879 4.24454
C 72.05160 0.77357 2.76351
C 68.78780 1.55383 3.50426
C 65.47980 2.34969 3.86488
C 62.34620 3.06103 4.09873
C 70.96400 3.73881 2.95519
C 67.73820 4.68119 3.44096
C 64.42840 5.34809 3.82813
C 61.33650 5.96874 4.16261
C 73.11210 6.08682 2.84815
C 69.61870 6.89507 3.07827
C 66.58990 7.85210 3.26363
C 63.45770 8.64487 3.45769
C 72.96310 15.92390 1.74032
C 69.68160 15.51380 2.09594
C 70.75320 18.46140 2.08364
C 67.58990 17.96440 2.34854
C 71.76460 21.71440 1.84142
C 68.76820 21.16120 2.01782
C 65.62820 20.38970 2.04449
C 54.72790 11.83090 4.16065
C 52.14420 13.48450 3.90303
C 54.71920 15.07300 3.52525
C 51.94420 16.60000 3.27077
C 57.40580 16.76550 3.23403
C 54.62320 18.19710 2.91363
C 51.81210 19.63030 2.65363
C 54.79930 21.35080 2.28951
C 51.61800 22.98970 2.14631
C 73.79110 27.64000 -1.57213
C 63.39530 25.78560 -0.07899
C 71.09040 29.03450 -2.56210
C 67.92520 28.84640 -2.36212
C 64.81630 28.60750 -1.62569
C 59.80390 25.92760 -0.52210
C 56.65430 26.65010 -0.68927
C 53.54540 27.45680 -0.77698
C 61.75600 28.78650 -1.07097
C 52.17290 30.36850 -0.71693
C 63.65660 31.58150 -1.43013
C 65.85830 34.15950 -1.54167
C 64.46310 37.58190 -1.72024
C 63.01930 40.31590 -1.77386
C 49.77990 41.30770 -2.04722
C 61.53880 43.29610 -1.79067
C 58.63560 43.45900 -2.00627
C 52.19220 43.90770 -2.61823
C 57.07330 46.66130 -1.51984
C 53.44500 46.78730 -2.15461
C 51.56540 25.10280 -1.91620
C 71.12000 32.07590 -1.16146
C 68.27790 31.81520 -2.83133
C 69.63590 34.39240 -1.07993
C 67.91160 37.23140 -1.39566
C 66.32250 40.11760 -1.68223
C 64.72200 43.14480 -1.63883
C 63.34330 45.86410 -1.58008
C 50.38650 44.13610 -3.69125
C 72.73070 24.66640 -1.46439
C 69.59560 23.82740 -1.55513
C 66.52100 23.19170 -1.43434
C 70.60570 27.07500 -1.85314
C 66.91670 26.20810 -1.57418
C 58.63220 29.33820 -0.89970
C 55.48050 29.80000 -0.87067
C 60.52390 31.91720 -1.31489
C 57.37800 32.23080 -1.13798
C 53.92640 32.66740 -0.88877
C 50.81100 33.09530 -0.38685
C 62.55020 34.64910 -1.53090
C 59.21070 34.93950 -1.40762
C 56.06120 35.26920 -1.26548
C 52.51860 35.57050 -1.03313
C 61.15130 37.56040 -1.63781
C 57.89550 37.73070 -1.62524
C 54.59940 38.16300 -1.62867
C 51.14970 38.42750 -1.33578
C 59.78100 40.47190 -1.80929
C 56.59640 40.78750 -1.85503
C 53.38270 40.85260 -2.01080
C 55.17300 43.56810 -2.12927
C 54.59560 24.36810 -0.74782
C 72.84560 34.89760 -1.54805
C 71.03510 37.50800 -1.25197
C 72.70530 40.05510 -1.23265
C 69.57310 40.04000 -1.43904
C 71.00270 43.04760 -1.38916
C 67.81610 43.08590 -1.54228
C 72.72110 45.77400 -1.26503
C 69.48890 46.01520 -1.38414
C 66.35380 46.00240 -1.41409
H 64.95470 24.00740 0.19927
H 62.13780 23.93790 0.72223
H 71.89950 28.39420 -0.26731
H 65.47330 27.05210 0.22134
H 69.56180 30.34460 -1.29882
H 66.65570 29.87280 -0.58123
H 59.34030 24.27700 1.29798
H 56.22210 24.89450 1.06365
H 61.59880 27.13550 0.77976
H 55.29490 28.03750 0.78754
H 52.10830 28.52110 1.02551
H 63.62100 29.81340 0.21953
H 50.95380 31.31470 1.24211
H 65.25080 32.47830 0.28987
H 64.14970 35.54960 -0.39901
H 62.82030 38.52430 -0.10505
H 49.70480 39.65670 -0.05652
H 61.38850 41.38240 -0.20866
H 51.77130 42.10340 -1.07421
H 60.00200 44.33000 0.04065
H 56.84860 44.39690 -0.50729
H 53.65440 44.83090 -0.58347
H 53.23120 25.67920 0.81488
H 51.13770 26.76560 -1.32681
H 72.84410 32.82810 -0.29130
H 69.80570 32.78280 0.79995
H 67.78390 32.90310 -1.49466
H 67.98590 35.51170 0.40351
H 66.15980 38.27000 -0.07301
H 64.65660 41.17650 -0.11648
H 63.09210 43.92300 0.04545
H 48.85430 43.74980 -1.85373
H 73.08880 22.84770 0.17655
H 70.95020 25.29350 -0.19123
H 67.87870 24.62450 -0.02010
H 68.67080 27.51350 -0.50345
H 58.43170 27.57560 0.82066
H 60.50040 30.20970 0.52244
H 57.20480 30.59280 0.76407
H 54.03150 30.85270 0.73391
H 62.18640 32.77280 0.13833
H 59.15590 33.19360 0.29292
H 55.89580 33.46650 0.38768
H 52.76260 33.95390 0.83180
H 60.99540 35.85620 0.12755
H 57.75410 36.07450 0.32266
H 54.46150 36.48880 0.15800
H 51.13120 36.82430 0.60979
H 59.55510 38.71510 -0.10952
H 56.36290 38.98290 -0.13194
H 53.06290 39.39280 0.00265
H 58.25380 41.66110 -0.29594
H 54.96900 41.89610 -0.35656
H 50.69590 24.08530 0.19256
H 71.11070 35.58740 0.24468
H 72.59630 38.32290 0.49566
H 69.33670 38.35290 0.34369
H 70.99890 41.17690 0.23455
H 67.87870 41.15450 -0.10078
H 72.64260 43.86550 0.23523
H 69.37050 43.99980 0.16004
H 66.21220 43.99700 0.11534
C 73.62170 28.05270 1.54986
C 63.74970 26.28630 1.72838
C 72.10820 30.58160 0.62059
C 68.73890 29.51900 0.78856
C 65.55490 29.13310 1.54268
C 59.88910 26.34160 2.50871
C 56.63300 26.88940 2.44995
C 53.73040 27.31630 2.50873
C 62.09950 28.89650 2.02191
C 52.65150 30.38160 2.68235
C 63.79390 31.77130 1.82904
C 66.29680 34.69170 0.51873
C 64.33360 37.27780 1.37070
C 62.93320 40.39200 1.44027
C 49.35200 42.06290 -0.25816
C 61.37830 43.07200 1.65622
C 58.08850 43.45390 1.46906
C 51.78760 44.29060 0.31900
C 56.95110 46.65350 0.37349
C 53.64040 46.78210 1.02623
C 50.93500 26.30400 1.17242
C 70.77360 31.16830 2.27007
C 67.63290 31.84510 0.65571
C 69.63820 34.64230 1.99177
C 67.66600 37.46190 1.85239
C 66.26390 40.21900 1.46577
C 64.62000 42.93020 1.65992
C 62.77120 45.70880 1.69107
C 48.99890 45.86310 -0.69137
C 72.67290 24.84650 1.60537
C 69.67290 24.11590 1.56241
C 66.74460 23.64110 1.84167
C 70.50750 27.28230 1.16489
C 67.38500 26.59470 1.42105
C 58.91910 29.61000 2.30038
C 55.50970 29.87030 2.40133
C 60.68440 32.18460 1.96482
C 57.57530 32.56910 2.08312
C 54.38110 32.73740 2.23192
C 51.06010 33.46750 2.66032
C 62.71270 34.76280 1.48605
C 59.41430 35.07060 1.86805
C 55.99350 35.43430 1.86113
C 52.84330 36.14770 2.04127
C 61.09120 37.75370 1.59794
C 57.90500 38.12560 1.60134
C 54.59120 38.51420 1.61832
C 51.24680 39.02100 1.70386
C 59.67390 40.71670 1.42095
C 56.47380 40.92110 1.28055
C 52.98400 41.60530 1.06921
C 55.06800 43.87870 1.18771
C 54.48320 24.37630 2.47167
C 72.46300 33.89430 1.45664
C 70.91630 37.35050 1.91282
C 72.47190 40.21230 1.98747
C 69.30220 40.28150 1.77653
C 70.97430 43.08560 1.79627
C 67.67920 42.94750 1.66110
C 72.48720 45.68180 1.91660
C 69.31040 45.82940 1.82824
C 65.91560 45.89200 1.64928
C 53.07580 60.56720 -1.82098
C 50.35210 61.36530 -1.71167
C 59.40940 64.87140 -0.84109
C 56.05800 64.37370 -1.34541
C 49.78030 64.06980 -2.16327
C 60.53930 67.83070 -0.38219
C 64.94440 71.70920 0.30976
C 61.70970 70.91430 -0.05353
C 67.40660 49.28800 -0.36513
C 64.10170 48.88150 -1.33950
C 73.08410 51.36450 -0.90862
C 70.06120 52.86170 -0.33842
C 73.23800 54.65470 -0.50202
C 73.42690 68.57860 -0.50034
C 51.68140 47.59310 -2.26063
C 52.47870 51.36460 -1.18982
C 51.34300 54.63170 -1.73143
C 51.15390 58.03580 -1.67519
C 60.38730 47.55900 -1.67344
C 64.76020 52.04130 -0.95759
C 61.53240 50.96460 -1.46169
C 58.26910 50.36190 -1.97935
C 69.72980 56.11850 -0.11455
C 67.77900 54.18860 2.22842
C 65.42480 54.90360 -0.30684
C 56.01150 52.79250 -1.82625
C 72.42970 58.71160 0.73480
C 53.46810 54.90520 -1.54987
C 57.61810 58.59700 -1.44997
C 54.78060 57.83430 -1.37886
C 62.03690 62.32260 -0.75455
C 59.04400 61.70200 -1.38169
C 72.00910 67.34390 -0.02678
C 62.89350 65.41360 -0.46281
C 70.48350 69.95850 0.56007
C 66.90870 69.22060 -0.11817
C 63.76740 68.43560 -0.17512
C 52.78430 63.68780 -1.38560
C 57.33340 67.41570 -0.68062
C 54.15530 67.11220 -1.06368
C 50.88830 67.09170 -1.50547
C 58.48570 70.40710 -0.30844
C 55.15570 70.00040 -0.47936
C 52.10570 69.97540 -0.96384
C 70.89310 48.93270 -1.00011
C 49.23710 49.49910 -1.98733
C 48.68820 52.58370 -2.00638
C 55.16110 49.67990 -2.10651
C 62.18710 54.01990 -0.94753
C 59.00900 53.31260 -1.35697
C 69.12080 57.96930 0.44316
C 66.11190 57.57050 0.02158
C 63.08930 57.01600 -0.66032
C 59.85720 56.29410 -1.14931
C 56.69040 55.66540 -1.27287
C 70.23340 61.21610 0.33366
C 67.01400 60.43950 0.09467
C 63.95730 60.14770 -0.41302
C 60.99420 59.29510 -1.02671
C 71.24790 64.37180 0.39407
C 68.12840 63.67010 0.03929
C 65.06930 63.07490 -0.15962
C 69.07680 66.61870 0.09712
C 65.96050 66.08530 -0.19416
H 71.99950 56.02750 0.94202
H 54.75380 62.22710 -0.91252
H 51.99370 61.81280 0.05307
H 48.99030 62.68900 -0.17608
H 60.84100 66.01470 0.79953
H 57.36330 65.31020 0.64953
H 61.91770 69.00760 1.36888
H 55.07460 48.03480 -0.71281
H 64.38550 46.78370 -0.00562
H 69.58710 49.55080 0.99263
H 65.06390 49.95240 0.33878
H 72.16890 52.49550 0.59927
H 51.01420 49.41810 -0.54451
H 50.54010 52.81520 -0.23712
H 50.23540 56.24390 -0.11685
H 49.80580 59.48110 -0.16256
H 61.82690 48.94070 0.06160
H 58.49860 48.39000 -0.47132
H 65.64010 52.92630 1.36734
H 62.67350 52.08540 0.48106
H 56.48340 50.88690 -0.34692
H 69.07710 56.29310 2.30994
H 66.11110 55.87300 1.80271
H 54.05740 52.96330 -0.36632
H 70.37540 59.23270 2.10031
H 54.74480 56.02100 0.44501
H 71.39060 62.50320 2.12801
H 55.89960 59.38640 0.34807
H 52.88000 58.76680 -0.04288
H 72.54040 65.38470 1.57714
H 60.03850 62.93960 0.56023
H 57.26630 62.27770 -0.55505
H 70.32090 67.83800 1.86036
H 64.06250 66.58910 1.33145
H 68.09350 70.40280 1.41887
H 65.06570 69.59030 1.56235
H 54.19680 65.02620 0.23362
H 51.04720 65.01950 -0.22723
H 58.65260 68.42740 1.22398
H 55.48460 67.92450 0.95496
H 52.26460 67.89780 0.37410
H 56.66780 70.93180 1.30157
H 53.40440 70.63570 1.07727
H 50.22550 70.33780 0.52643
H 71.01730 46.77970 0.27864
H 67.74130 46.92360 0.20924
H 72.73310 49.33790 0.66497
H 59.48970 51.39240 -0.08943
H 63.29580 55.10140 0.91772
H 60.20030 54.41600 0.52766
H 57.16280 53.70120 0.19743
H 67.19820 58.78900 1.82335
H 64.09380 58.23600 1.24494
H 61.11090 57.44450 0.61052
H 57.89960 56.79450 0.26965
H 68.27550 61.87540 1.72486
H 65.13810 61.24670 1.50554
H 61.94430 60.53250 0.81496
H 58.99440 59.78150 0.19667
H 69.34200 64.91560 1.88259
H 66.23700 64.30290 1.52181
H 62.99380 63.60930 1.12465
H 67.21140 67.31910 1.47791
C 53.89390 60.76180 1.05756
C 50.13340 61.27870 1.51362
C 59.24240 64.66870 2.16452
C 55.72370 63.40200 1.16901
C 48.69360 64.97780 0.51826
C 60.44020 67.62760 2.67939
C 64.65220 71.18620 3.48722
C 61.54570 70.64430 3.17227
C 67.15660 49.14880 1.42931
C 63.55850 48.48740 1.75320
C 72.42300 51.28900 2.23914
C 69.78390 51.92790 1.41614
C 73.86130 54.10880 1.31609
C 73.53790 68.79230 3.05545
C 51.85260 47.71380 1.27313
C 52.33860 51.36650 0.61934
C 51.38350 54.53900 1.35380
C 51.05410 58.06320 1.48228
C 60.39030 46.87670 0.18379
C 64.39600 51.51160 2.25238
C 61.06710 50.48670 1.66152
C 58.08740 49.71130 1.17902
C 71.26600 55.82350 3.37115
C 67.47270 55.28670 3.84745
C 64.52660 54.58340 3.04871
C 55.61980 52.26980 1.45876
C 71.76140 58.11170 3.93209
C 53.37870 54.22560 1.63383
C 57.33410 58.74340 1.75234
C 54.42170 57.84780 1.85648
C 61.49470 62.28540 2.47069
C 58.35490 61.66420 1.67169
C 72.20540 67.37390 3.34267
C 62.41340 65.41980 2.65869
C 70.45950 70.13370 2.53957
C 66.79790 69.09560 3.21362
C 63.65930 68.31920 3.05554
C 52.44400 63.83750 1.38840
C 57.15910 66.91310 2.55255
C 53.61720 66.71460 2.05877
C 50.64620 66.46620 1.70501
C 58.28920 70.09420 3.04877
C 55.05970 69.60680 2.66010
C 51.68130 69.34370 2.25329
C 70.81530 48.48950 2.07582
C 49.14460 49.61080 1.19531
C 48.72970 52.67220 1.20514
C 55.19690 49.28230 1.15066
C 61.83270 53.53040 2.16547
C 58.80630 52.85350 1.79787
C 68.64160 58.25170 3.74636
C 65.45010 57.79720 3.19668
C 62.52810 56.80280 2.50901
C 59.56690 56.21500 2.04842
C 56.70850 55.43110 1.95708
C 70.08440 61.44030 3.54132
C 66.82580 60.71670 3.23539
C 63.36890 60.04570 2.78003
C 60.36290 59.21910 2.09730
C 71.08230 64.50800 3.58740
C 67.79020 63.72900 3.33804
C 64.53870 63.17770 2.94987
C 68.81740 66.84900 3.35460
C 65.77280 66.14890 3.03991
C 70.58770 86.82560 0.01930
C 67.24640 86.11600 0.64736
C 65.71570 87.66270 4.14611
C 62.74960 89.23530 2.14916
C 61.83950 91.87280 1.86900
C 58.86130 91.71870 2.75464
C 57.92700 95.66110 1.55540
C 49.33940 75.79030 0.69563
C 51.38360 77.48360 4.05918
C 55.72700 80.33210 1.75966
C 61.36280 84.40420 1.73857
C 49.63700 90.38400 3.71758
C 60.45680 87.37900 2.36860
C 57.53700 88.47410 3.05575
C 52.35240 91.43370 3.96254
C 59.26930 90.75080 4.66104
C 54.93000 94.07920 3.16281
C 65.94490 74.90570 1.41116
C 49.44330 72.63010 0.03669
C 63.55950 76.76930 0.35575
C 54.08750 75.59540 0.67427
C 51.15210 75.47960 0.51981
C 64.58200 79.22730 0.01954
C 61.50030 79.19670 0.78976
C 58.41430 78.91220 1.21854
C 54.46270 78.67710 1.71098
C 66.82270 82.47620 -0.04250
C 63.14450 82.05340 0.47673
C 64.41920 85.55440 1.71778
C 73.20130 71.82820 -0.50950
C 70.42910 73.48710 -0.17702
C 69.95640 76.86580 -0.14265
C 68.43540 74.22280 -0.32252
C 69.86920 80.32220 0.17257
C 70.16840 83.59640 0.04404
C 70.63470 89.66420 0.34659
C 67.88330 89.86570 1.78982
C 64.91480 91.15530 1.61047
C 69.93160 92.63570 0.33263
C 67.03350 93.29870 0.94680
C 63.96520 94.29520 1.19983
C 61.03210 94.78300 1.54542
C 72.12630 95.14130 -0.42592
C 49.46140 79.77610 2.80394
C 52.54910 81.28530 3.29042
C 49.60310 83.14440 2.71478
C 59.20010 81.96720 2.63093
C 55.41220 83.23510 2.58807
C 52.40510 84.70720 2.97221
C 49.77120 86.70330 2.90042
C 58.08570 85.26890 2.54594
C 55.00800 86.41680 3.12478
C 52.34820 88.29480 3.33685
C 55.03590 89.82690 3.64082
C 62.49770 73.77440 0.33346
C 59.45390 73.45540 0.26193
C 56.39230 73.09470 0.09938
C 53.22270 72.72330 -0.20686
C 60.45440 76.35890 0.69821
C 57.18420 76.21490 0.81832
C 72.84130 75.06670 -0.74527
H 49.77070 94.77170 4.52512
H 69.10070 85.39800 1.53118
H 62.43450 87.54820 4.04157
H 70.62790 88.05840 2.22810
H 67.36630 87.71670 2.75943
H 64.65280 89.73970 3.69627
H 61.59020 90.51540 3.98243
H 60.69520 93.27860 3.46096
H 57.51880 93.85890 3.33094
H 51.05580 79.82650 4.62334
H 54.95350 81.53730 3.81236
H 61.63140 82.60290 2.61194
H 57.56350 83.38150 4.00364
H 60.24000 85.37070 3.85224
H 59.63540 88.29140 4.54374
H 57.03000 89.72460 5.18096
H 54.14270 91.15310 5.61367
H 50.41370 92.05060 5.46901
H 66.14890 72.55320 2.49193
H 63.01690 71.88210 1.74003
H 64.08180 74.87960 1.84385
H 51.50440 73.16440 1.09558
H 65.67140 77.49270 1.55029
H 55.68580 76.54790 2.48273
H 52.45160 75.70600 2.74651
H 66.44190 80.34780 1.49906
H 63.45970 80.10490 2.02441
H 60.28830 79.78650 2.59671
H 57.65730 80.15730 3.19111
H 64.85810 83.05270 1.59413
H 71.60000 72.01540 1.40586
H 69.02560 73.16260 1.99342
H 68.25680 75.94720 1.48823
H 68.55470 78.60460 1.29811
H 71.94770 85.02170 0.96993
H 68.77700 82.10550 1.49691
H 52.88300 93.94340 4.45596
H 69.97390 91.12000 2.32367
H 66.89180 91.87360 2.97237
H 63.77430 92.69090 3.09299
H 72.04830 93.43960 1.36223
H 69.03890 94.23350 1.99284
H 65.93090 94.93510 2.47695
H 62.83300 95.64260 2.93321
H 51.39470 83.10550 4.49423
H 54.34090 84.56460 4.56679
H 51.56660 86.32700 4.62333
H 57.08350 86.51590 4.48933
H 54.22500 87.88290 4.99486
H 51.42850 89.50940 5.19189
H 59.83570 71.34250 1.56361
H 60.91140 74.35270 2.01786
H 57.76270 74.01510 1.95309
H 54.62160 73.45840 1.74685
H 62.09370 77.28390 2.30328
H 58.90610 76.89870 2.55125
H 71.37620 75.29260 1.18652
H 71.41820 78.56980 0.77291
H 71.65800 81.85600 0.84604
C 71.92510 86.70290 2.90088
C 69.01940 86.81180 3.74905
C 66.16430 87.50850 5.91267
C 63.12180 89.38750 5.64351
C 62.31230 92.56420 5.14753
C 55.93590 93.92870 6.73214
C 58.13600 95.44940 4.75058
C 49.44360 76.56840 4.94355
C 52.34990 77.90360 5.80070
C 56.26310 79.80490 5.04361
C 61.57090 83.72310 5.06952
C 49.18210 89.94860 6.09597
C 60.91630 86.73060 5.92389
C 58.00560 87.79860 6.41671
C 52.11760 91.06680 7.00172
C 56.41990 92.18900 5.12210
C 53.98590 93.40010 6.68497
C 66.55000 74.09750 4.44147
C 49.35380 72.27050 1.87539
C 64.16090 76.73590 3.49580
C 54.52830 74.72730 3.92985
C 51.44240 73.99960 3.41952
C 65.19170 79.15090 3.45799
C 62.15540 79.15480 3.90564
C 59.03810 78.46880 4.31525
C 55.61590 77.83730 4.81551
C 66.97100 82.39900 3.10606
C 63.87280 81.82580 3.75678
C 64.33490 86.06510 3.79940
C 73.63100 72.19470 2.74921
C 71.24210 73.80420 3.15787
C 70.32220 77.06530 2.43628
C 68.36410 74.78340 3.79638
C 70.28840 80.27690 2.08916
C 70.56430 83.47740 2.38916
C 71.67430 89.87950 3.54458
C 68.22040 90.00660 3.71251
C 65.17090 91.54810 4.79819
C 70.75070 93.10200 3.44989
C 67.57700 93.80770 4.01788
C 64.41560 94.58860 4.45452
C 61.24980 95.29890 4.75968
C 73.04530 95.32640 2.72920
C 49.51410 80.05620 6.03088
C 52.99010 81.32460 5.11117
C 49.73020 83.10860 5.82485
C 58.89760 81.77250 4.77162
C 55.68320 83.10000 5.66964
C 52.45280 84.59130 6.16107
C 49.47860 86.50800 6.02273
C 58.56950 84.87580 5.67200
C 55.30730 86.14680 6.25724
C 52.30000 87.73250 6.57214
C 55.22980 89.26920 6.85246
C 62.71690 73.58380 3.43717
C 59.50050 72.93100 3.41243
C 56.38240 72.49710 3.26534
C 52.89260 72.32410 2.87332
C 60.85500 75.95950 3.88431
C 57.54970 75.42500 3.97103
C 73.50460 75.63900 2.23775
C 89.79300 2.34975 -3.56605
C 93.88890 5.19483 -3.99391
C 90.16770 5.12128 -1.58316
C 95.25790 8.19699 -3.95553
C 82.73360 0.75793 -3.03744
C 79.52530 1.36053 -2.52957
C 78.59900 4.66975 -1.29665
C 76.05520 5.92241 -0.31229
C 74.93170 9.13937 0.40949
C 71.66850 9.79334 -2.61713
C 74.37490 14.43140 -2.16964
C 76.39220 16.67840 -0.87775
C 77.20640 19.89340 -0.72869
C 86.57980 2.50232 -2.11176
C 83.38150 3.47729 -1.11836
C 81.52970 5.61416 -2.21835
C 85.97590 5.73967 -2.35818
C 80.29200 8.53551 -2.11002
C 77.34720 9.55839 -1.77591
C 92.48850 8.08528 -2.51179
C 88.55460 7.90390 -2.47305
C 77.13550 12.62390 -1.98373
C 95.31390 9.64960 -2.31615
C 79.36600 14.79900 -1.94532
C 1.07689 11.75500 -3.82250
C 81.00600 17.27970 -0.89758
C -0.20398 14.95150 -2.21167
C 80.90460 20.05650 -2.19661
C 95.16430 18.33940 -1.60651
C 92.63750 18.85660 -1.05277
C 89.62830 20.02980 -1.48027
C 86.64520 21.45420 -1.01676
C 0.50693 20.17260 -1.86982
C 95.74500 23.07990 -1.88397
C 1.04835 -0.08015 -4.14914
C 94.79380 -0.40119 -4.26830
C 91.36540 -0.56672 -4.09558
C 88.04740 -0.34703 -3.42869
C -0.88626 2.58764 -4.28297
C 92.81020 2.46804 -3.95804
C 0.16905 5.47613 -4.27801
C 80.41380 95.94320 -2.64734
C 77.27310 -0.86756 -1.86950
C 74.12750 -0.13123 -1.09343
C 76.26850 2.12876 -1.88954
C 73.57270 3.17177 -0.93446
C 74.04410 19.30790 -1.12291
C 75.08310 22.27070 -1.11853
C 83.10230 7.08616 -2.00956
C 85.67680 9.13800 -2.24821
C 82.96930 10.41930 -2.07921
C 79.98890 11.70800 -1.93202
C 90.61140 10.02110 -2.81769
C 87.96730 11.24950 -2.41032
C 85.26360 12.65230 -2.14123
C 82.46610 13.53250 -2.17270
C 92.95420 12.32640 -2.88361
C 90.53320 13.49470 -2.32183
C 87.67190 14.82350 -2.11311
C 84.75780 15.85240 -2.05157
C 92.94160 15.80960 -2.00879
C 90.15380 16.88390 -1.62360
C 87.11190 18.08210 -1.60296
C 84.11830 19.21520 -1.97277
H 90.03220 0.29806 -2.21449
H 91.56640 3.08013 -1.94610
H 88.51630 3.19040 -1.54124
H 95.63930 6.25599 -2.54830
H 92.41090 6.18755 -2.08101
H 85.62780 95.81790 -1.76608
H 84.53050 1.28509 -1.31818
H 81.49980 1.83392 -1.04696
H 78.44610 2.66531 -0.65533
H 78.06200 5.17756 1.26346
H 74.56190 6.86848 1.50451
H 75.94660 14.23300 -0.59428
H 77.12090 18.23710 1.06937
H 78.29820 21.22710 1.16228
H 85.60050 4.31644 -0.68849
H 82.60120 5.57358 0.00068
H 79.75150 6.89261 -0.88085
H 88.08760 6.39919 -1.04128
H 76.34990 11.09960 -0.14866
H 90.51040 8.43197 -0.99077
H 78.82440 13.04760 -0.27802
H 0.71461 9.79649 -2.00085
H 92.95030 10.43320 -1.84946
H 78.73440 16.21690 -0.56341
H 79.59200 19.25850 -0.75537
H 95.02010 15.96150 -0.91566
H 82.67550 20.30810 -0.42507
H 80.56580 22.22370 -0.71931
H 94.43670 18.58900 0.81043
H 91.58140 19.83590 0.24166
H 89.03640 21.48020 0.01603
H 0.16875 18.09760 -0.48384
H 95.74640 20.72430 -0.88284
H -0.75514 0.74267 -2.72467
H 93.14860 0.42237 -2.63694
H 0.56727 3.64236 -2.61550
H 94.57800 3.30567 -2.57003
H 74.30460 95.70910 0.62977
H 82.52440 -1.17241 -1.44876
H 79.41400 -0.39263 -0.71414
H 76.27820 0.44760 -0.07840
H 73.32700 1.27743 0.72271
H 75.47580 3.51632 0.01344
H 74.15660 17.22550 0.02700
H 75.30300 20.54380 0.66465
H 77.13180 8.05665 0.26082
H 85.14310 7.48697 -0.75355
H 82.22450 8.79425 -0.52706
H 79.30350 9.99879 -0.41234
H 87.60810 9.43102 -0.76492
H 84.83990 10.80670 -0.58310
H 81.91450 11.88250 -0.46951
H 89.95360 11.59410 -1.02389
H 87.16930 12.84750 -0.64831
H 84.18050 14.03030 -0.48831
H 81.37850 14.89000 -0.43091
H 92.49940 13.63510 -0.67794
H 89.49740 14.88700 -0.54332
H 86.46170 16.11820 -0.29368
H 83.48270 17.24110 -0.35797
H 91.98560 16.75850 0.10296
H 88.90720 18.15580 0.18185
H 85.74840 19.31100 -0.02720
C 89.87920 2.04622 -0.34343
C 94.36450 5.05066 -0.78186
C 90.78310 5.20551 0.85853
C 95.36470 7.98549 -0.76688
C 83.44980 0.49255 0.22811
C 80.31870 1.49404 0.72924
C 78.10610 3.41442 2.92821
C 76.97550 6.82055 2.50420
C 74.63260 9.08084 2.60493
C 71.64640 9.53294 2.56511
C 74.29490 12.44870 0.07366
C 76.10140 16.05130 1.06132
C 76.68370 20.03600 2.68161
C 86.58370 2.23595 -0.07353
C 83.70070 3.82104 0.89184
C 80.56830 5.47841 1.20281
C 86.41650 5.98693 0.85746
C 80.36370 8.42870 1.02741
C 77.86270 10.15410 1.50471
C 91.86250 6.92542 0.37339
C 88.95530 8.05142 0.75815
C 76.94320 13.02480 1.26665
C 0.03006 8.55795 0.12260
C 79.52360 14.77380 1.26971
C 2.31664 10.98830 -0.49153
C 79.15920 17.83000 1.35615
C -0.62506 14.00030 -0.52816
C 80.74240 20.46980 1.10761
C 95.30380 16.35510 1.56938
C 92.34260 18.18870 2.10991
C 89.48740 19.95680 1.89236
C 86.62840 21.35660 0.91124
C -0.43613 19.68220 1.22786
C 95.06440 22.23510 1.08762
C 0.84874 -0.10142 -0.97359
C 94.90080 -0.35067 -1.07050
C 91.88550 -0.70124 -0.86037
C 87.73650 -0.42107 -1.50882
C -0.79400 2.52627 -0.96682
C 93.11790 2.20158 -0.84442
C 0.45716 5.56096 -1.06138
C 81.13990 96.04760 0.55842
C 77.98310 -0.75675 1.24181
C 75.02230 -0.01316 1.99853
C 77.11920 2.31501 1.43883
C 74.24700 3.11690 2.18880
C 73.86780 18.88720 1.77943
C 74.69240 22.33360 2.01690
C 83.44210 7.37316 1.08379
C 85.87080 9.15930 0.92299
C 83.14170 10.42210 1.07422
C 80.11470 11.71540 1.16408
C 91.55220 10.19270 0.25634
C 88.32300 11.24000 0.76064
C 85.34050 12.63220 0.98200
C 82.55410 13.44400 1.24055
C 93.98070 12.03190 0.02893
C 90.79000 13.18110 0.81348
C 87.74330 14.57610 1.09566
C 84.36190 15.98240 1.04896
C 93.59660 15.24510 1.10205
C 90.02160 16.33700 1.46186
C 87.00870 17.77660 1.53544
C 83.78770 19.11740 1.40181
C 82.34390 47.74340 -0.03879
C 91.73800 45.74280 -1.27720
C 0.92814 47.78730 -1.97852
C 85.02420 24.79840 -1.63646
C 81.62570 24.17390 0.41132
C 90.30190 26.68480 -1.58340
C 86.96190 27.36490 -1.66017
C 80.28900 27.91620 -0.81061
C 89.16410 29.54520 -1.53728
C 79.16380 31.06760 -1.01599
C 91.24420 31.93530 -1.49909
C 78.22330 34.23530 -1.19859
C 93.21110 34.53640 -1.21309
C 80.32260 36.82090 -1.21045
C 95.22440 36.82040 -0.97861
C 82.47500 39.45770 -1.26841
C 84.78790 41.82560 -1.18385
C -0.62848 42.13390 -0.94379
C 93.23990 42.93270 -0.87013
C 89.71380 43.70250 -0.71493
C 86.57640 44.39790 -0.30269
C 83.92240 44.92500 -0.27563
C 95.86890 45.14850 -0.99930
C 78.08040 22.88370 -0.73137
C 79.40020 26.05370 -0.83815
C 77.10620 28.52900 -1.16460
C 75.62780 31.32390 -2.26398
C 74.30330 34.72660 -3.09336
C 77.22830 37.31020 -1.07678
C 79.04030 39.93920 -1.22331
C 81.05940 42.80780 -0.64850
C 79.24100 45.93480 -1.29097
C 82.93810 22.34500 -1.78433
C 88.32600 23.89530 -0.39746
C 93.53390 25.63480 -0.84730
C 90.03190 24.66020 -1.81434
C 92.52590 28.98410 -1.30552
C 94.51550 31.46200 -1.20638
C -0.64890 33.83430 -0.90612
C 83.64140 27.53490 -1.43852
C 85.74410 30.15540 -1.54893
C 82.38150 30.71910 -1.36103
C 87.84310 32.56540 -1.47252
C 84.63440 33.20340 -1.59011
C 81.45560 33.68670 -1.25827
C 89.92310 35.13250 -1.31750
C 86.76630 35.70570 -1.26290
C 83.58370 36.20290 -1.32196
C 92.21810 37.46650 -1.07810
C 88.86100 37.98190 -1.12088
C 85.76780 38.73670 -1.19349
C 0.45712 39.27010 -0.85718
C 94.47280 39.97680 -0.81006
C 91.14360 40.55870 -0.97570
C 87.91370 40.99220 -0.98055
C 75.97580 25.20080 -1.22667
C 74.33630 37.51600 -1.07931
C 75.82190 40.20370 -1.10522
C 77.62180 43.01760 -1.33184
C 74.26760 42.88520 -1.35170
C 75.76210 45.74710 -1.39971
C 0.34202 25.63100 -1.21423
C 95.94920 28.33310 -1.15995
C 0.68679 30.92540 -0.76224
H 84.79500 47.27620 0.07418
H 93.94090 46.30840 -0.14024
H 86.56540 25.26690 -0.31013
H 83.54950 25.76380 0.40931
H 88.71930 27.67690 -0.00641
H 82.41720 28.84900 0.23205
H 78.93750 29.54210 0.36852
H 90.75260 30.13110 0.09538
H 80.04090 34.96920 0.29962
H 94.87220 34.93040 0.56827
H 82.18130 37.43260 0.26059
H -0.30968 37.45740 0.69739
H 84.32430 39.85080 0.32593
H -0.90308 40.50230 0.94320
H 83.29270 42.79490 0.52090
H 95.07360 43.43320 0.69344
H 91.76680 44.12010 0.62288
H 88.71240 44.69270 0.95079
H 85.44170 44.81970 1.91048
H 79.16170 24.31170 1.00399
H 77.27080 26.60690 -0.09153
H 74.96870 29.00240 0.21700
H 75.84450 33.60300 -1.31879
H 77.14830 35.54620 0.67904
H 78.94670 38.09170 0.46725
H 81.10730 40.46020 0.14457
H 78.98460 43.91480 0.10335
H 84.76440 22.69750 -0.16300
H 93.88850 23.15050 -0.07104
H 91.87290 27.08790 0.30741
H 94.07290 29.44370 0.24211
H 96.04470 31.97780 0.59256
H 85.49300 28.32970 0.08984
H 87.57450 30.66640 0.00982
H 84.34900 31.31120 0.00334
H 81.09130 31.88360 0.44007
H 77.94980 32.60750 0.80194
H 92.85700 32.54020 0.23336
H 89.68850 33.10930 0.10622
H 86.33250 33.73790 0.13890
H 83.30210 34.28220 0.24131
H 91.64860 35.58260 0.38960
H 88.53030 36.12000 0.45658
H 85.31680 36.84810 0.36083
H 93.84270 38.07850 0.67982
H 90.68300 38.60820 0.45831
H 87.49350 39.11040 0.58563
H 92.86840 41.11320 0.73039
H 89.67660 41.59990 0.64484
H 86.54610 42.15200 0.59683
H 76.21430 23.57610 0.61147
H 74.06750 25.95930 0.20415
H 74.13930 35.57340 0.50227
H 75.82270 38.39820 0.68974
H 77.49170 41.09780 0.43168
H 74.09570 41.16400 0.41878
H 75.87380 43.86470 0.22676
H -0.04807 23.54030 0.22659
H 95.66460 26.51760 -0.06189
H 0.24427 29.02900 0.78241
C 84.38970 46.90550 2.69899
C 92.24430 46.07840 1.87845
C -0.26022 48.74360 1.11284
C 85.34590 24.26560 1.61636
C 81.12000 24.03230 2.48440
C 89.92230 26.11810 1.52915
C 86.89760 26.98170 1.54765
C 80.71760 27.98890 1.33281
C 88.94770 29.39510 1.64244
C 79.50420 31.02970 2.17966
C 91.07170 31.89360 1.79698
C 78.61410 34.22070 2.25300
C 93.02870 34.30150 1.98659
C 80.44060 36.88100 1.92868
C 95.12340 36.65370 2.23818
C 82.46050 39.24500 1.88146
C 84.79040 41.51140 2.14547
C -0.75277 42.44110 2.58320
C 93.40020 43.07870 2.20081
C 90.19190 43.32170 2.36382
C 87.03960 43.85250 2.62724
C 83.82060 43.31800 2.98617
C -0.25765 45.16960 0.76035
C 77.63980 23.15010 2.57763
C 78.10730 26.13860 2.13415
C 76.89950 28.94760 0.75082
C 74.80280 31.35220 -0.40608
C 75.64910 33.67200 1.22449
C 77.32090 37.45640 2.29365
C 79.29170 40.16960 1.88954
C 80.98220 42.74960 1.15877
C 79.48000 46.24180 0.65589
C 83.55510 21.78200 1.41340
C 91.41320 22.40830 0.30660
C 93.56880 25.42340 0.97258
C 89.61940 26.92590 3.21289
C 92.12190 28.74750 1.75719
C 94.11710 31.18040 1.94318
C -1.08141 33.69130 2.29390
C 83.83480 27.36550 1.76554
C 85.81260 30.19760 1.66075
C 82.73640 30.72210 1.85922
C 87.81720 32.52060 1.66330
C 84.66540 32.98120 1.80235
C 81.50880 33.82370 1.90297
C 89.87960 34.74860 1.95333
C 86.61420 35.49170 1.90514
C 83.52530 36.13560 1.89344
C 92.00740 37.35330 2.14795
C 88.94280 37.93210 2.11883
C 85.64910 38.61270 2.04878
C 1.12247 39.24010 1.49635
C 94.33540 39.81750 2.38628
C 91.20940 40.37560 2.18057
C 87.93040 40.93870 2.22794
C 75.99800 25.69840 1.74755
C 74.11110 37.38210 2.17632
C 75.71510 40.31280 2.08433
C 77.54370 43.15120 1.93848
C 74.33390 43.12570 1.91469
C 76.30790 45.80760 1.66623
C -0.32982 25.30800 1.80523
C 95.32770 28.06420 1.87014
C 0.07868 30.78970 2.45486
C 88.49110 46.78230 -0.33334
C 85.94660 48.50240 -1.42979
C 82.59270 49.87840 -0.35773
C 79.82450 51.29220 -0.19787
C 76.98320 53.37200 -0.99734
C 94.35450 48.03420 -1.30474
C 76.75570 56.62760 -0.88690
C 73.72550 57.43120 1.42265
C 76.65400 60.13140 -0.81979
C -0.34848 52.72320 -0.57035
C 93.86870 54.22890 -0.62002
C 91.03950 55.57460 -0.90489
C 88.10690 56.93150 -1.31820
C 76.52750 63.22020 -0.37392
C 87.70580 60.50570 -1.42479
C 85.47020 61.79120 -0.93707
C 79.08530 64.68320 -0.72757
C 84.48050 64.86540 -1.18692
C 81.95580 66.81750 -0.09332
C 85.74040 68.03200 -0.80449
C 77.63560 48.85300 -0.97452
C 75.85140 51.61700 -0.89416
C 81.55130 70.16260 -0.96427
C 79.07600 68.20950 -0.03783
C 76.06410 66.75920 0.37447
C 73.83010 63.32880 2.36388
C -0.23416 55.95930 -0.04935
C 93.39780 57.23470 -0.94891
C 92.43470 60.10810 -1.15571
C 91.13010 63.17320 -1.54770
C 90.76910 66.22750 -2.92174
C 87.65630 65.07550 -1.51457
C 88.74700 69.49050 -2.63433
C 90.60740 72.03790 -1.35396
C 91.38220 49.17650 -1.10829
C 88.48930 50.42200 -1.14211
C 85.66370 52.10940 -1.46387
C 82.44550 53.12390 -0.94298
C 79.83820 55.07550 -1.10178
C 93.98440 51.09210 -0.84448
C 91.34350 52.49900 -0.96665
C 88.28600 53.79280 -1.26106
C 85.32370 55.25040 -1.36436
C 82.42880 56.55840 -1.28233
C 79.55930 58.35210 -1.02775
C 84.94750 58.40580 -1.57418
C 82.17890 59.91510 -1.26515
C 79.28330 61.60760 -0.74438
C 82.01050 63.12670 -1.00273
C 74.34110 48.66250 -0.93918
C 76.24810 70.13720 -0.65003
C 95.79490 59.43050 -1.20599
C 0.66291 61.79940 -1.61799
C 94.53600 62.37070 -1.64496
C -0.43207 64.90660 -2.12979
C 93.57710 65.20680 -2.21686
C 95.49100 67.77830 -2.65477
C 92.36180 68.63630 -2.63072
C 0.36909 70.25860 -3.26475
C 94.17230 71.03800 -2.88595
H 83.12630 49.03410 2.06059
H 90.80250 47.19110 0.26673
H 87.65060 49.01990 0.44018
H 82.00320 51.81710 1.04042
H 78.97920 53.31300 0.47053
H 76.20570 54.83280 0.97992
H 0.92934 47.27410 0.35006
H 75.98880 58.07530 0.67949
H 95.79910 51.03440 0.96112
H 92.93470 52.50740 0.89581
H 75.89450 61.21840 1.28323
H 92.73980 55.72560 0.92228
H 89.73390 57.00840 0.61050
H 86.98960 58.44430 -0.08061
H 75.71420 64.38820 1.14477
H 88.21340 61.39890 0.94894
H 81.14220 64.66040 0.68005
H 78.37640 66.14610 0.97314
H 86.45350 63.79060 -0.03054
H 84.42850 66.32580 0.41424
H 77.23590 46.79650 -0.32135
H 75.90180 49.74970 0.93174
H 84.86830 70.45470 -0.73593
H 82.69180 68.94050 0.95132
H 79.77960 70.38940 0.88201
H 77.03770 68.82070 1.25243
H 74.36130 70.31940 1.12622
H 95.57350 54.15640 1.18907
H 95.26470 57.68610 0.57854
H 92.32770 58.56940 0.88569
H 91.26610 61.34590 0.15425
H 89.75080 64.21790 -0.36946
H 89.13130 66.99920 -1.79345
H 90.80780 69.62620 -1.20125
H 87.67570 69.73610 -1.11787
H 84.91040 50.47680 -0.20035
H 93.12600 49.27620 0.60576
H 90.34600 50.74730 0.51876
H 87.42070 52.18490 0.34298
H 84.51220 53.56960 0.23541
H 81.69080 55.00700 0.48150
H 78.81550 56.62800 0.58004
H 89.99640 53.95540 0.56877
H 87.09640 55.34400 0.26861
H 84.32940 56.82000 0.17727
H 81.57510 58.19640 0.34471
H 78.56980 59.79970 0.69680
H 84.21000 60.00480 0.13768
H 81.32700 61.32320 0.57416
H 78.55510 63.05170 1.07718
H 83.96100 63.15470 0.49943
H 74.23900 46.62400 0.49445
H 0.36668 60.29490 0.31383
H 94.36230 60.85330 0.27055
H -0.72711 63.25010 -0.28003
H 93.15240 63.83540 -0.18516
H 95.27550 66.26990 -0.73528
H 92.21890 66.78270 -0.95003
H 0.21483 68.68400 -1.34735
H 94.26200 69.24850 -1.16585
H -0.95000 71.81230 -1.92023
C 88.70540 47.09130 1.59327
C 85.62400 49.05240 1.80163
C 82.76430 50.53810 3.14763
C 80.02230 51.23680 1.68380
C 77.28270 53.03060 2.36736
C 93.91610 47.36350 2.04105
C 76.98920 56.21430 2.29072
C 73.89800 58.00400 3.52247
C 76.90300 59.69610 2.59738
C -0.30204 52.56160 2.76805
C 93.75700 54.16550 2.57830
C 90.78640 55.51740 2.27466
C 88.09910 57.03760 1.79918
C 76.91720 62.89080 2.90154
C 89.93550 59.43770 0.79026
C 85.73540 61.68770 1.19769
C 79.51850 64.66190 2.59693
C 85.29790 64.66130 1.95888
C 82.36550 66.55750 1.72787
C 85.16280 68.66820 1.08239
C 77.77600 48.87320 1.04595
C 75.75260 51.59510 2.58034
C 81.81820 70.47010 2.39042
C 79.35610 68.21760 1.87154
C 76.30790 66.64980 2.13086
C 73.50780 61.76450 1.14578
C -0.34984 56.17020 2.00649
C 93.71900 57.34080 2.54300
C 92.66170 60.62670 2.05252
C 91.50040 63.51890 1.43362
C 90.34330 66.38360 0.48768
C 88.70140 63.02330 0.54245
C 89.36010 68.43610 0.37867
C 91.05010 71.56540 0.30907
C 91.17740 48.94850 2.00072
C 88.46950 50.71920 2.06091
C 85.48550 51.94840 1.75415
C 82.81220 53.43920 2.04781
C 79.80430 54.94110 2.13145
C 93.79270 50.73990 2.50119
C 91.02510 52.47180 2.22316
C 88.01700 53.91690 1.96283
C 85.21760 55.22690 1.80711
C 82.64510 56.69340 1.95705
C 79.81030 58.13810 2.05708
C 85.25930 58.42520 1.76717
C 82.56210 59.75260 1.98167
C 79.66620 61.24920 2.34519
C 82.20410 62.96080 2.16625
C 74.22740 48.32050 2.32135
C 76.36080 70.57760 2.79005
C 95.72140 59.72080 1.97258
C 0.55091 62.38150 1.57647
C 94.69180 62.95080 1.50342
C -0.50848 65.35390 1.03134
C 93.53590 66.00590 0.92870
C 95.82940 68.30130 0.52251
C 92.50590 68.80230 0.39908
C 0.64136 70.90120 -0.28754
C 94.69340 71.36890 0.16975
C -0.30256 94.65980 -4.18953
C 93.41740 94.34610 -4.20700
C 90.01800 94.41700 -4.12706
C 0.24322 77.69320 -4.75131
C 94.16130 77.79600 -4.91307
C 89.57720 80.70680 -5.16220
C 87.23620 82.95430 -4.52845
C 86.27110 86.05510 -5.32713
C 0.21198 89.26360 -4.31679
C 93.98300 89.43570 -4.18743
C 87.09560 89.03750 -4.53731
C 91.88530 91.85480 -4.21845
C 73.49610 88.48770 -0.13933
C 83.44610 89.05540 -4.53164
C 78.98200 90.75970 -2.07501
C 84.53510 92.19290 -3.62336
C 86.56950 94.55340 -3.78001
C 83.55450 95.11640 -3.23066
C 89.97890 75.60190 -1.86674
C 86.55930 72.06700 -1.65165
C 83.10440 70.06970 -2.38557
C 86.46390 75.38390 -3.26094
C 87.26820 78.77990 -4.21666
C 84.27750 80.90210 -3.25897
C 83.59360 83.92910 -4.44549
C 81.55290 85.98770 -3.48184
C 80.55670 88.39780 -2.06476
C 76.17730 86.67880 -1.91358
C 73.10510 84.97050 -1.11318
C -0.51533 73.74180 -3.40158
C 92.84150 72.78180 -3.29951
C 94.21620 75.67310 -4.77315
C 95.78650 80.70600 -4.90170
C 92.54990 80.79600 -5.09943
C 0.12973 83.65390 -4.60923
C 94.09930 83.57630 -4.95872
C 90.94640 83.34220 -5.07950
C 95.52580 86.61600 -4.45301
C 92.36140 86.62840 -4.71755
C 89.22020 86.14600 -4.93779
C 90.47930 89.20480 -4.43578
C 88.35730 91.71270 -4.19889
C 75.87920 91.39160 -1.43631
C 72.96610 92.05060 -0.50874
C 81.25090 92.74610 -2.66344
C 78.17840 93.57830 -1.93196
C 75.07210 94.31760 -1.27181
C 84.14490 74.04250 -1.79795
C 81.31590 73.24340 -1.39191
C 78.66800 71.60470 -0.83196
C 84.06680 77.31060 -2.99076
C 81.46850 76.14260 -2.01542
C 78.55570 74.82560 -1.41871
C 75.93100 73.42680 -0.87679
C 81.54860 79.22450 -2.48698
C 78.73500 78.06380 -2.00414
C 75.72840 76.63720 -1.29061
C 81.37300 82.46340 -3.01889
C 78.69070 81.23940 -2.36127
C 75.94430 79.91250 -1.71392
C 72.78320 78.59080 -1.01639
C 78.85340 84.85060 -2.64132
C 75.97860 83.14230 -1.85853
C 73.04060 81.69930 -1.19601
H -0.42240 92.83450 -2.26981
H 93.53190 92.56850 -2.27963
H 91.80480 95.14490 -2.57643
H 88.53220 95.06940 -2.36003
H 0.06553 76.17810 -2.66945
H 95.71940 78.86180 -3.33497
H 92.53600 78.95630 -3.25276
H 89.59950 79.14220 -3.09963
H 87.93100 80.99510 -3.34834
H 85.51020 84.55500 -3.73997
H 87.50680 86.92310 -3.29366
H 95.37450 90.09000 -2.73488
H 92.04270 89.93540 -2.68398
H 88.79220 89.66350 -2.82397
H 85.52570 89.30900 -2.95916
H 90.14840 92.44660 -2.63930
H 78.87510 88.90530 -0.30467
H 75.80550 89.54860 0.13619
H 72.80550 90.35460 1.31234
H 82.65500 90.69740 -3.13332
H 80.95500 91.25210 -0.63085
H 86.86830 92.32680 -2.62094
H 87.79730 74.27720 -1.31282
H 85.31090 73.31020 0.28488
H 87.87060 77.10690 -2.31669
H 85.44770 79.03090 -2.58735
H 82.60840 81.14550 -1.37271
H 82.64830 84.20930 -2.14375
H 82.78640 87.45470 -2.70240
H 80.30840 86.10760 -1.30174
H 77.28090 84.86500 -0.66758
H 74.72970 86.40240 0.12070
H 93.04740 72.13080 -0.93497
H 1.59232 73.83280 -2.03325
H 94.31090 74.55750 -2.49240
H 90.73500 74.17180 -0.21477
H 95.02330 95.41280 -2.62447
H 0.14574 81.62810 -3.18843
H 94.07080 81.72740 -3.41041
H 90.99970 81.63310 -3.43090
H 95.52430 84.53640 -3.08787
H 92.34560 84.52360 -3.46084
H 89.15540 84.27690 -3.72319
H -0.00243 87.28920 -2.81265
H 93.81200 87.31360 -2.76018
H 90.58060 87.10900 -3.12251
H 77.94430 91.88650 -0.17293
H 75.08990 92.63530 0.55172
H 83.41890 93.32790 -1.60871
H 80.33510 94.21240 -0.90476
H 77.18070 94.97940 -0.16103
H 82.38670 72.00890 0.45408
H 85.27180 76.12230 -1.18947
H 82.52250 75.01680 -0.20424
H 79.63950 73.57310 0.38404
H 76.98360 72.02930 0.88986
H 82.70540 78.04060 -1.02574
H 79.79500 76.65990 -0.29038
H 76.96360 75.29050 0.42374
H 74.20130 73.70330 0.82651
H 79.86130 79.82500 -0.70151
H 77.05850 78.39770 -0.12550
H 74.14850 76.95170 0.25679
H 79.83540 83.06160 -1.19986
H 77.21220 81.59200 -0.37636
H 74.36130 80.15850 0.15165
H 74.49930 83.30370 0.11447
C -0.52263 94.48390 -0.89219
C 93.54580 94.16450 -1.01884
C 90.32260 94.22120 -0.95822
C -0.01728 77.87650 -1.42829
C 94.08260 78.04190 -1.62915
C 89.58180 81.27220 -1.56037
C 87.25990 83.16570 -2.60756
C 85.13380 86.83040 -2.71600
C -0.24038 88.92440 -0.86235
C 93.63440 89.02860 -1.04544
C 87.28670 88.47110 -1.38846
C 91.62630 91.48300 -0.88322
C 74.16350 88.37520 1.58563
C 82.21770 89.22110 -1.11652
C 79.55200 90.78110 1.35793
C 84.75250 91.28640 -1.74918
C 87.09980 93.94350 -0.72001
C 84.33520 95.23970 -0.18496
C 89.37190 74.46900 1.76435
C 87.73480 73.42710 1.05225
C 84.67250 71.78710 1.51404
C 87.39000 76.42830 0.06077
C 87.61800 79.47560 -1.42841
C 84.70180 81.35690 -1.37687
C 84.62230 83.96140 -1.37327
C 82.64180 86.10750 -0.62873
C 80.30410 87.53020 0.80319
C 76.96480 87.32840 -0.19129
C 74.26510 85.07750 1.92115
C -0.77178 74.18960 -1.14062
C 93.29580 74.42610 -0.10171
C 92.97910 76.58620 -2.11480
C 95.48950 80.70530 -1.76368
C 92.54740 80.92670 -1.63505
C -0.23899 83.37330 -1.44069
C 93.78010 83.54050 -1.74657
C 90.69260 83.47430 -2.00872
C 95.45320 86.28950 -1.30352
C 92.13560 86.08760 -1.55390
C 88.93660 85.79480 -1.76366
C 90.43750 88.75290 -1.28126
C 88.56500 91.35080 -1.07591
C 76.48160 90.88630 1.62156
C 73.78010 92.16880 2.61421
C 82.15240 93.17230 0.48290
C 78.99280 93.72610 1.02946
C 75.99350 94.50420 1.99061
C 84.52100 75.50980 1.05575
C 81.67630 73.89850 1.78820
C 79.02260 72.12780 2.30210
C 84.94870 78.34450 -0.23166
C 81.83420 76.98580 1.03565
C 79.03640 75.52830 1.74531
C 76.20580 73.93240 2.29165
C 82.03430 79.82160 0.53615
C 79.10640 78.51040 1.22019
C 76.11620 77.13910 1.73640
C 82.07600 83.06540 -0.07906
C 79.34280 81.67210 0.79022
C 76.47510 80.24880 1.45897
C 73.53800 78.67070 1.98080
C 79.45220 84.79960 0.56051
C 76.62240 83.35690 1.26933
C 73.74090 81.82970 1.96114
