2979
Frame 35
C 11.07210 96.17840 -0.98188
C 11.91810 1.61722 -0.86820
C 10.13140 4.25569 -0.83286
C 8.59355 7.30639 0.21355
C 5.72433 9.37483 1.28611
C 2.49893 8.97507 -0.52948
C 0.37952 8.64959 -1.28124
C 22.05290 1.06765 0.35004
C 20.47550 4.84770 0.94313
C 22.92010 6.52872 -0.54466
C 22.84950 12.34520 -0.95952
C 17.42980 1.34807 -0.86564
C 14.40990 -0.24028 -0.07138
C 17.43200 4.76829 -0.82939
C 20.98050 9.53757 -0.48061
C 17.68030 8.06914 -0.87111
C 11.92920 5.13760 -0.33225
C 20.86570 12.94960 -0.97863
C 12.03380 8.69502 -0.21271
C 21.09340 16.19650 -1.08176
C 9.20809 10.71160 0.06244
C 21.18320 19.63900 -0.92163
C 9.83331 13.84370 0.08914
C 6.67093 12.21320 0.13213
C 21.60520 23.07520 -0.86090
C 12.75930 18.50490 0.36795
C 9.92319 17.00110 1.23034
C 12.88530 21.81840 0.97259
C 18.64160 -0.45355 -0.79147
C 3.29350 11.66520 1.00966
C 5.03337 14.62980 0.69178
C 1.78029 14.43210 0.53574
C 6.68921 17.25890 1.04331
C 0.41880 17.23740 -0.12613
C 8.23346 20.00200 0.96433
C 9.50503 22.66700 0.45159
C 7.57587 95.91020 -1.52300
C 8.79804 1.24179 -1.18573
C 5.68258 0.94986 -1.40528
C 2.46499 0.67748 -1.83363
C 7.00187 3.83887 -1.10643
C 3.77118 3.53602 -1.33201
C 0.63730 3.39275 -1.67721
C 5.09171 6.67520 -0.69876
C 2.00277 6.12658 -1.14222
C 14.73140 3.35609 -0.69281
C 14.71600 6.57539 -0.52095
C 17.98870 11.35910 -0.80707
C 15.10530 10.12160 -0.56008
C 18.24020 14.66130 -0.54663
C 15.28970 13.39460 -0.36156
C 12.55460 12.04970 -0.24094
C 18.38140 18.03160 -0.51786
C 15.55840 16.76710 -0.22315
C 12.90120 15.21320 0.04653
C 18.54200 21.42930 -0.51634
C 15.65140 19.96100 -0.01560
C 3.53683 17.33700 0.48407
C 5.04989 19.92770 0.66171
C 1.97374 20.10250 0.16624
C 6.48238 22.65180 0.64186
C 3.54465 22.95780 0.32948
C 0.58621 22.90880 -0.20107
H 12.11330 -0.16534 0.89255
H 10.08390 2.26170 0.63204
H 8.37484 4.94418 0.63553
H 6.35732 7.33649 1.26242
H 0.10447 6.68688 0.27981
H 1.85809 9.76138 1.65322
H 20.88120 2.56130 2.06561
H 22.83480 4.89228 1.36523
H 21.28470 7.27342 0.58798
H 23.14640 10.30680 0.42671
H 23.50940 15.85710 0.05071
H 18.46550 3.32491 0.57807
H 15.76550 1.64389 1.01728
H 18.45520 6.42760 0.97174
H 13.03140 3.26303 0.60007
H 13.04600 7.01524 1.35549
H 19.16300 12.83020 1.03394
H 10.22140 8.84475 1.54859
H 22.06510 18.21700 0.18573
H 19.39200 16.51320 0.79308
H 7.66237 10.92340 2.04480
H 22.23570 21.24020 0.76309
H 8.28236 13.88640 1.26355
H 11.51420 18.52830 2.64094
H 8.04716 18.04040 2.52799
H 20.23760 -0.43437 1.02225
H -0.35249 13.26930 -0.17288
H 5.01460 12.81430 1.84727
H 1.54993 12.86240 2.38177
H 6.28552 15.45210 2.93199
H 4.80156 18.24050 2.40015
H 9.61908 20.74150 2.20084
H 6.42538 20.94010 2.38847
H 9.05671 -0.78881 0.18409
H 5.76741 -1.07585 -0.00980
H 2.54416 -1.33854 -0.49761
H -0.65385 96.10910 -0.94333
H 7.01677 1.89877 0.39003
H 3.80671 1.50464 0.10353
H 0.58519 1.37418 -0.42653
H 5.15128 4.47509 0.41189
H 1.98676 4.11038 0.25757
H 3.15940 6.97355 0.79930
H 15.72840 4.96846 1.03503
H 18.74840 9.62095 0.73939
H 15.92160 8.26831 0.85311
H 16.28780 11.57260 0.97220
H 13.36680 10.21170 1.22379
H 16.46240 14.92050 1.22011
H 13.73040 13.37740 1.52345
H 10.80760 11.96330 1.49615
H 19.49780 19.73060 0.96033
H 16.70780 18.13340 1.37789
H 13.89330 16.71080 1.67738
H 11.15290 15.13900 1.80518
H 16.92060 21.51770 1.34272
H 14.17060 19.90520 1.90166
H 3.19845 15.55240 2.12724
H -0.03609 15.70560 1.82542
H 1.69026 18.28940 1.66766
H 3.28187 21.11190 1.89764
H 0.13773 21.15770 1.43360
C 10.70640 -1.33243 2.10871
C 11.84140 1.88451 2.29190
C 9.22056 3.88946 2.34792
C 8.69617 7.00437 2.10353
C 6.32564 9.21471 3.03229
C 2.67940 8.20268 2.97681
C -0.31298 8.45104 1.96078
C 21.92630 0.86191 2.24257
C 22.26000 4.05466 3.62574
C 22.70390 6.92508 2.70443
C 22.95250 12.17290 2.13496
C 17.46370 1.57266 2.41111
C 14.36500 -0.25878 1.90715
C 17.57460 4.66801 2.68080
C 20.96100 9.67335 1.39490
C 17.78180 8.23981 2.56921
C 11.85400 5.17787 1.79345
C 21.31510 13.31320 2.34610
C 12.46820 8.43467 2.83300
C 21.64090 16.42490 1.91106
C 9.88520 10.32930 3.21715
C 21.55440 19.50600 2.35031
C 9.98325 13.52190 3.23574
C 6.98131 12.96890 3.30912
C 21.76340 22.98110 2.40466
C 13.12730 18.28170 3.48154
C 9.94688 16.68200 3.38651
C 13.11400 21.88920 2.80031
C 18.34640 -0.79692 2.23697
C 3.19806 11.45990 2.94183
C 4.22418 14.15020 3.79229
C 1.41569 14.49610 3.55615
C 6.29185 17.33060 4.20098
C -0.27726 17.64540 3.00513
C 7.97486 19.94620 4.07007
C 9.63113 22.69860 3.88597
C 7.42501 95.90990 1.71964
C 8.63553 0.88419 1.96602
C 5.39870 0.62411 1.74666
C 2.01303 0.28681 1.24495
C 6.77684 3.50438 2.04033
C 3.61508 3.17232 1.82952
C 0.23378 2.88428 1.44037
C 4.89359 6.08807 2.35946
C 1.50963 5.67364 2.04432
C 14.61670 3.33053 2.48769
C 15.06920 6.74312 2.69258
C 18.29990 11.34680 2.52847
C 15.39690 9.94929 2.59547
C 18.50930 14.87170 2.55187
C 15.82230 13.12330 2.81365
C 12.70780 11.72480 3.03044
C 18.76870 18.09900 2.70742
C 15.91200 16.53750 3.04878
C 13.08400 14.99910 3.28300
C 19.05620 21.46080 2.64021
C 16.01570 19.85320 3.04837
C 2.89055 17.49180 3.62720
C 4.55415 20.18100 3.82309
C 1.33022 20.22070 3.15498
C 6.38838 22.95580 3.81211
C 3.05663 22.99940 3.49603
C -0.16229 23.11460 2.84596
C 21.43090 26.34740 -1.24159
C 18.94040 28.23700 -0.67620
C 13.53670 25.24050 -0.01461
C 16.47510 29.97110 -0.32551
C 21.78580 29.38520 -1.32977
C 21.77390 32.60510 -1.33774
C 22.59660 35.82600 -2.16082
C 23.61720 45.28510 -2.99976
C 20.40990 44.36720 -2.01333
C 19.45980 32.04250 -0.04813
C 16.60800 33.21580 -1.27589
C 13.61100 31.76020 -0.33815
C 17.77870 36.17910 -1.64189
C 11.25160 34.45580 -1.09477
C 18.69440 39.00860 -1.27197
C 8.97883 36.92830 -1.45135
C 19.69990 41.57550 -1.53468
C 16.28960 41.22510 -1.85289
C 6.65907 39.31650 -1.56770
C 2.82273 39.79740 -1.32632
C 14.40720 43.79940 -1.91836
C 0.91325 43.10670 -1.42314
C 12.24660 46.05690 -1.82838
C 3.14497 44.85360 -2.07771
C 0.85551 47.26540 -2.23820
C 11.47040 25.05900 0.53974
C 10.63160 28.17780 1.00168
C 10.86280 31.20050 -0.32278
C 8.19617 30.51420 -0.17663
C 7.70717 33.72010 -0.14003
C 4.21032 33.73150 -0.49769
C 2.33391 36.60560 -0.74429
C -0.01668 36.72020 -0.80583
C 18.76720 24.67360 -0.61574
C 16.00650 23.25790 -0.20127
C 16.28040 26.54890 -0.27058
C 14.41970 35.10050 -1.23971
C 15.30350 38.24180 -1.61992
C 12.14190 37.70140 -1.54074
C 13.18150 40.62050 -1.67120
C 10.02530 40.05410 -1.62538
C 11.25070 42.95470 -1.72144
C 8.11394 42.47460 -1.80892
C 4.69411 42.21060 -1.84634
C 9.07048 45.70480 -1.81673
C 6.06313 45.26570 -1.78061
C 3.93658 47.70290 -1.79497
C 8.34140 25.51950 0.64157
C 5.28795 25.57090 0.47085
C 1.95401 25.73430 0.07880
C 6.81862 28.07850 0.29594
C 3.71137 28.23210 0.08984
C 0.55950 28.51380 -0.25240
C 5.25093 30.77680 -0.12222
C 2.38853 31.03980 -0.26956
C 0.93770 33.83050 -0.65838
H -0.64268 43.38160 0.68646
H 22.51140 24.47910 0.36506
H 19.95440 26.41390 0.70009
H 14.39240 23.61720 1.60215
H 17.35590 28.12550 1.28881
H 14.63700 26.72020 1.76522
H 14.54220 29.58120 0.53552
H 22.81320 27.71560 0.22331
H 23.10430 30.90850 0.08849
H 20.19650 29.65200 0.58306
H 22.06800 40.57360 -1.54165
H 22.74720 43.61340 -2.13683
H 20.80730 43.10370 0.14684
H 18.55590 45.46350 -0.49188
H 18.01070 34.14280 -0.00484
H 14.96870 33.55980 0.65553
H 11.93110 33.10520 0.77220
H 18.96720 37.07390 0.43726
H 9.48444 35.28060 0.39402
H 19.75080 40.24030 0.64231
H 7.21963 37.46070 -0.22286
H 17.78090 42.57560 -0.14271
H 4.96328 40.50820 -0.04356
H 0.82688 40.77330 -0.51858
H 15.76880 44.96650 -0.71470
H 3.07064 43.13490 -0.32976
H 13.62280 47.38440 -0.13140
H 1.19618 45.46700 -0.58384
H 11.26990 23.27570 2.12439
H 8.13317 23.63570 2.19354
H 10.05340 26.16380 2.29954
H 11.62770 30.38400 1.83461
H 9.22872 32.30790 0.97625
H 6.84883 31.90870 1.28577
H 5.62678 34.83730 0.76958
H 2.49354 34.91190 0.91079
H -0.57566 35.01280 0.77825
H 1.06477 37.88970 1.03668
H 19.78170 23.04570 0.88083
H 17.23490 24.79360 1.24967
H 21.45410 45.93280 -0.40784
H 15.89390 36.52560 0.00858
H 12.59800 36.06820 0.17284
H 16.69420 39.59910 -0.07868
H 13.56930 38.99560 -0.02817
H 10.37910 38.32750 0.09994
H 14.58930 41.97220 -0.20928
H 11.43420 41.32290 -0.01713
H 8.24719 40.67100 -0.02523
H 12.64660 44.33230 -0.13636
H 9.46199 43.82210 -0.27409
H 6.29814 43.32100 -0.28686
H 10.54080 46.72590 -0.16739
H 7.41152 46.34640 -0.15374
H 4.29491 45.91750 -0.23976
H 4.90672 23.82210 2.14400
H 1.78655 23.91580 1.69281
H 6.74172 26.50030 2.21915
H 3.50823 26.54390 1.79334
H 0.25773 26.74440 1.46140
H 8.51933 29.07120 1.82605
H 5.23574 29.24440 1.73687
H 2.05442 29.36710 1.48714
H 3.85025 32.14850 1.41988
H 0.71901 32.17130 1.10342
C 21.98540 26.33020 2.10811
C 19.32760 28.13940 2.46198
C 13.87910 25.12500 3.50631
C 15.39900 29.20970 2.59245
C 22.36230 29.37320 1.90266
C 22.51460 32.75810 1.75397
C 21.20810 36.01530 0.52271
C 23.04630 44.19810 0.27069
C 20.16280 45.12050 1.54646
C 19.73600 31.73700 1.85874
C 16.60550 32.99860 1.96856
C 13.66450 31.72010 1.61049
C 17.72930 36.14710 1.68151
C 11.28320 35.09870 1.98458
C 18.39340 39.23890 1.80855
C 8.88215 37.23160 1.80827
C 19.32940 42.35010 2.00695
C 16.20800 41.37060 1.53406
C 6.62368 39.47600 1.52721
C 2.79372 39.55680 0.69463
C 14.53110 43.87580 1.33875
C 1.56035 42.11850 1.38279
C 12.17760 46.12990 1.50546
C 2.75721 44.84190 1.31760
C 0.65933 47.07490 1.29650
C 11.75540 25.01520 3.70517
C 10.68310 28.39940 3.00215
C 10.82460 32.21360 2.78587
C 8.45384 31.18340 2.95000
C 7.81568 34.07920 1.68667
C 4.29479 34.33300 2.59269
C 2.51209 36.95190 2.45539
C -0.69603 36.82060 2.34224
C 19.32580 24.85390 2.49995
C 16.34270 23.31630 3.01050
C 16.85420 26.44950 3.08264
C 14.41320 35.65290 1.79322
C 15.33630 38.35170 1.52755
C 12.22830 37.96810 1.70569
C 13.28670 40.79680 1.50775
C 10.02460 40.20610 1.65458
C 11.16990 43.23460 1.47530
C 8.00079 42.69220 1.40389
C 4.73483 42.17250 1.28870
C 9.11981 45.64630 1.42269
C 5.97638 45.13050 1.32615
C 3.79538 47.69300 1.34629
C 8.50660 25.61190 3.72086
C 4.86981 25.77250 3.64091
C 1.73843 25.81510 3.22310
C 6.81762 28.53170 3.51659
C 3.46483 28.48670 3.25320
C 0.20657 28.63380 2.91797
C 5.38505 31.29030 3.07177
C 2.16038 31.28850 2.90821
C 0.83573 34.17930 2.53074
C 18.53250 47.44900 -2.24015
C 15.05990 46.98970 -2.21444
C 13.13160 51.98670 -2.56147
C 15.36330 54.12330 -2.13721
C 12.47980 55.33380 -1.24672
C 16.83810 56.88410 -1.56209
C 19.07720 59.12950 -1.56049
C 20.74440 61.91720 -1.45179
C 22.73740 64.55320 -1.39034
C 17.73070 61.88100 -1.53443
C 15.38930 59.98850 -1.00211
C 12.02700 59.30830 -1.69256
C 9.88446 57.20810 -0.49761
C 21.19350 67.09590 -1.30943
C 18.85640 65.04580 -0.80867
C 9.20900 60.98210 -1.38164
C 21.66610 70.22080 -1.40366
C 9.67857 64.15600 -1.66077
C 10.01770 67.22250 -2.21695
C 7.57712 69.31810 -2.40399
C 11.24190 51.65040 -1.65172
C 5.16034 50.68860 -1.53513
C 1.89889 50.29530 -1.83456
C 9.43997 54.22060 -1.47160
C 6.26508 53.58670 -1.46482
C 3.02052 53.18950 -1.53592
C -0.07516 53.00450 -1.63589
C 5.47252 56.44270 -0.08492
C 7.12728 58.18410 1.37451
C 5.56139 61.11840 -1.28173
C 7.62173 63.49370 -1.77112
C 6.71039 66.39680 -1.93649
C 5.46525 69.24780 -2.42299
C 21.49360 47.72300 -2.09243
C 19.82050 50.60290 -2.02054
C 16.54740 50.20050 -1.56243
C 21.52380 53.42080 -1.92854
C 18.37300 53.74820 -1.91102
C 20.26730 56.23400 -1.64690
C 22.22200 58.89780 -1.53248
C 15.44150 63.83480 -1.65309
C 12.33420 62.45980 -1.60284
C 18.79230 68.59730 -1.65995
C 16.02260 66.90170 -1.90407
C 12.63700 65.56910 -1.91227
C 16.17500 70.29520 -2.18039
C 13.05290 68.70550 -2.37098
C 10.35670 70.55870 -2.68359
C 10.23580 48.57450 -1.71752
C 7.05878 48.12610 -1.75840
C 8.19530 51.20310 -1.48835
C 1.39506 56.01910 -0.35179
C 3.38953 58.63610 -0.99845
C 0.23900 59.18420 -1.08150
C 2.31303 61.61840 -1.29648
C 4.29564 63.91150 -1.61356
C 1.23998 64.59170 -1.61707
C 3.36328 66.91630 -1.99537
C 0.01307 67.74680 -1.78496
C 2.11358 70.06750 -2.28070
H 0.25387 50.78070 -0.49509
H 16.75490 47.93830 -0.60563
H 15.01680 52.01740 -0.77241
H 13.88630 54.89480 -0.05729
H 15.42540 57.69220 -0.06582
H 20.66520 59.98720 0.02162
H 17.53870 60.04970 0.05773
H 22.40790 62.69080 0.20022
H 12.35600 57.55460 0.06629
H 10.60080 55.05840 0.44961
H 21.04350 65.26390 0.22252
H 19.06980 62.82480 0.12723
H 15.86810 62.13840 -0.00233
H 13.22080 60.65980 -0.08707
H 10.34400 59.48910 0.20120
H 22.28410 68.40100 0.31870
H 10.49860 62.63530 0.06860
H 10.87300 65.91970 -0.18885
H 8.26811 67.84390 -0.65985
H 8.66788 71.02470 -0.98865
H 11.69060 49.85510 -0.18355
H 2.09178 48.28340 -0.28750
H 9.56642 52.32820 0.16009
H 6.46479 51.73820 0.25581
H 3.32259 51.23980 -0.00783
H 7.41821 54.79740 -0.03447
H 4.42534 54.23310 0.23791
H 1.37832 53.69720 0.25113
H 5.85156 56.00200 2.39165
H 5.15827 59.55880 0.71184
H 7.39492 61.89810 0.14252
H 6.14114 64.74930 -0.21063
H 5.15150 67.71950 -0.53191
H 4.12438 70.73260 -0.96900
H 23.09220 48.63410 -0.41804
H 19.87040 48.64680 -0.48031
H 21.49240 51.47570 -0.37098
H 18.25380 51.72310 -0.47215
H 20.07910 54.33970 -0.16367
H 16.88710 54.68200 -0.23531
H 21.91790 57.04060 0.01842
H 18.76560 57.24690 -0.00280
H 19.31720 67.19890 0.22623
H 16.59530 65.38340 -0.01174
H 13.54080 64.05450 -0.15924
H 19.56730 70.23710 -0.07081
H 16.75110 68.73330 -0.38124
H 13.89870 67.20450 -0.57171
H 14.11600 70.35220 -0.81643
H 11.14690 69.04380 -0.88584
H 8.52605 49.21690 -0.14970
H 5.38089 48.79840 -0.12104
H 3.28643 57.07620 0.89962
H -0.12797 57.63370 0.79532
H 1.98994 59.97550 0.50239
H 4.09803 62.39510 0.22117
H 0.91429 62.99090 0.13924
H 3.04102 65.36970 -0.11327
H -0.09147 65.99300 -0.07518
H 2.03231 68.38920 -0.46746
H 0.98110 71.38460 -0.53370
C 18.35900 47.54450 1.17000
C 15.24410 46.84080 1.16247
C 13.49220 49.98050 -0.13261
C 15.50950 53.17320 1.20478
C 12.32330 53.94500 1.82487
C 16.96730 56.46850 1.55222
C 19.06690 58.99950 1.60769
C 20.62280 61.78680 1.72119
C 22.80490 64.60310 1.75859
C 17.60350 61.90370 1.67033
C 15.31680 59.99030 0.97656
C 12.27960 59.44710 1.80197
C 10.22430 57.26610 1.37823
C 21.14160 67.10740 1.81822
C 18.78920 65.01620 1.04718
C 9.31318 61.09280 1.68052
C 21.23690 70.12670 1.67959
C 9.86135 64.40500 1.61218
C 10.12290 67.70950 1.01388
C 7.69654 69.75130 0.81712
C 11.53480 51.78240 1.44514
C 4.98402 50.48460 1.67654
C 1.73061 50.01830 1.41888
C 8.93195 54.01170 1.85677
C 6.22070 53.53950 1.86631
C 3.01420 52.88110 1.84834
C -0.28237 52.36400 1.48930
C 4.00303 56.25360 3.25364
C 7.25254 57.88230 3.41065
C 5.59746 61.34880 1.93535
C 7.64873 63.91650 1.57659
C 6.81045 66.81590 1.02515
C 5.68352 69.71790 0.72887
C 21.45120 47.79700 1.24031
C 19.75700 50.53680 1.12808
C 16.52910 50.25960 0.33603
C 21.62810 53.20170 1.41533
C 18.29910 53.39400 1.30861
C 20.27960 56.08720 1.57657
C 22.12860 58.91800 1.64293
C 15.43120 63.93240 1.56882
C 12.41960 62.51780 1.52038
C 18.28790 68.89000 1.54384
C 15.59400 67.23160 1.23059
C 12.82520 65.93860 1.31120
C 15.76850 70.48740 1.06885
C 12.92500 68.99060 0.86918
C 10.59400 70.99910 0.51839
C 10.52490 48.74910 1.25973
C 7.10513 48.10850 1.47882
C 8.29337 50.89420 1.65105
C 1.33895 55.86050 1.61422
C 3.32130 59.00490 2.40111
C 0.11969 59.29400 2.04763
C 2.39478 62.01820 1.85858
C 4.46601 64.36670 1.58851
C 1.36903 64.94190 1.61011
C 3.51534 67.32630 1.20755
C 0.43969 67.92850 1.34316
C 2.61124 70.41950 0.98760
C 8.00233 90.36990 -1.55864
C 9.44091 93.39940 -1.39532
C 6.27512 93.34970 -1.82849
C 3.00514 92.78200 -2.23363
C -0.17725 92.59020 -2.83592
C 3.27367 75.43910 -2.80463
C 8.26692 78.38610 -3.69670
C 5.04786 78.10270 -3.44283
C 1.86321 78.08480 -3.22803
C 10.10630 87.03260 -4.47020
C 8.76722 88.54290 -1.75198
C 5.08544 90.05970 -2.27295
C 1.85601 89.83090 -2.87455
C 22.15040 80.77520 -1.26603
C 18.73000 81.98840 -1.40712
C 15.59350 83.65100 -2.36570
C 11.99690 86.60400 -5.32309
C 11.80820 87.73040 -1.96500
C 11.11230 90.74870 -1.47000
C 13.31470 93.11260 -0.95711
C 15.96490 94.97860 -0.94373
C 21.44950 95.73670 -0.55959
C 21.97940 73.52050 -1.67870
C 22.60860 77.14780 -0.73507
C 19.59380 78.55930 -1.64305
C 7.78371 72.30040 -2.84146
C 14.35500 78.41710 -3.69733
C 11.66890 76.90070 -4.22607
C 7.01236 75.38830 -2.42572
C 14.66650 81.96610 -3.19517
C 4.37156 72.58250 -2.72241
C 1.21709 73.12140 -2.39206
C 4.46475 95.74740 -1.96450
C 1.21086 95.38910 -2.35179
C 6.49294 81.32250 -3.76631
C 3.30331 81.17650 -3.53038
C 0.37408 81.03020 -3.39705
C 7.98131 83.98670 -4.12772
C 4.76173 84.05190 -3.71747
C 1.71180 83.84990 -3.47692
C 6.66050 86.97300 -3.43062
C 3.20977 87.01020 -3.42754
C 0.11640 86.70510 -3.34942
C 21.35240 84.34760 -1.06208
C 18.13520 85.44780 -1.56543
C 14.99790 86.66670 -1.91758
C 20.58740 87.42530 -1.01882
C 17.46610 88.58170 -1.36271
C 14.30140 89.80640 -1.60793
C 23.13690 89.39910 -0.41833
C 19.77620 90.52540 -0.96047
C 16.64540 91.84090 -1.13782
C 22.25220 92.55520 -0.70209
C 19.04330 93.72540 -0.90324
C 19.03560 71.81030 -1.81803
C 19.42270 74.98210 -2.25722
C 16.40750 73.29440 -2.54821
C 13.40820 71.83100 -2.68241
C 16.66740 76.34370 -3.21333
C 13.88740 74.83580 -3.37638
C 10.68640 73.66360 -3.27666
C 16.98280 79.83110 -2.95343
H 9.31307 91.45210 0.12680
H 6.12974 91.36640 -0.42710
H 10.74910 94.21610 0.62718
H 4.32806 93.81600 -0.45308
H 1.09276 93.42390 -0.84790
H 5.00472 76.42850 -1.56840
H 1.92120 76.76820 -0.96133
H 6.64937 79.48310 -2.06272
H 8.10753 82.37930 -1.92926
H 9.63593 84.95890 -3.08174
H 7.24579 88.80260 0.20593
H 3.04184 90.68980 -0.84729
H -0.12256 90.55830 -1.49971
H 21.25920 78.97120 0.06647
H 20.59670 82.24540 0.10010
H 17.01190 83.59520 -0.21596
H 14.00850 84.72630 -0.51487
H 12.68290 86.25190 -2.98126
H 10.53340 88.62990 -0.06348
H 12.75330 90.95880 -0.02856
H 15.31930 93.02830 0.57345
H 13.37650 95.12750 -0.78279
H 17.89740 95.08750 0.38709
H 22.47060 71.59140 -0.06827
H 22.90010 74.90690 0.34477
H 20.28120 76.45250 -0.58275
H 17.33060 78.22710 -1.76666
H 11.78610 75.24260 -2.29345
H 8.91291 74.10240 -1.59989
H 6.16764 73.32530 -1.31783
H 14.62190 79.92940 -1.74779
H 11.86120 78.44710 -2.68711
H 3.15171 73.80110 -0.89914
H 7.58435 94.07610 0.11259
H 3.50284 79.30440 -1.90322
H 0.27091 79.28790 -1.72583
H 4.94851 82.20910 -2.08659
H 1.87521 82.11530 -1.77154
H 6.50820 85.01910 -2.21606
H 3.27577 84.98630 -1.96440
H 0.21522 84.84510 -1.78168
H 4.83999 87.86550 -1.79133
H 1.61778 87.76370 -1.69149
H 23.36190 81.02590 0.90683
H 22.65650 84.44890 1.07267
H 19.69090 85.52370 0.37260
H 16.57780 86.66610 -0.03189
H 13.64480 87.83550 -0.21070
H 22.05220 87.64500 0.95622
H 19.09380 88.69850 0.46557
H 16.03580 89.83230 0.18354
H 21.46170 90.76390 0.84779
H 18.40170 91.84870 0.63862
H 20.84560 93.97300 0.87954
H 19.95610 73.49200 -0.31182
H 16.94890 71.94190 -0.50950
H 17.24850 75.08210 -1.15125
H 14.37120 73.61460 -1.33474
H 11.46150 72.26570 -1.34134
H 14.60130 76.70310 -1.97548
C 7.49737 90.83970 1.57834
C 9.16406 93.27290 1.84305
C 5.80310 92.98960 1.32365
C 2.66644 92.40750 0.79837
C -0.37805 91.96170 0.51821
C 3.85665 75.75400 0.49345
C 8.51429 78.76930 -0.59547
C 5.25881 78.61770 -0.26670
C 1.98570 78.54890 -0.05176
C 11.91370 83.81610 -3.55330
C 8.69563 87.91660 1.63064
C 4.88367 89.42570 0.21482
C 1.45558 89.52540 0.19385
C 21.14480 80.53850 1.90516
C 18.11150 81.50600 0.44078
C 14.74270 82.66050 0.71146
C 11.70720 84.29680 -1.57584
C 11.56820 87.05350 1.11908
C 10.90180 90.46470 1.63597
C 12.93820 93.26430 1.01439
C 16.00440 94.52010 2.09556
C 21.23170 95.61100 2.62702
C 21.70940 73.49190 1.55329
C 21.62120 76.91540 1.39529
C 18.93420 78.33450 0.10240
C 8.03084 72.74310 0.23688
C 12.81420 78.18610 -1.08324
C 9.47246 77.70370 -2.15350
C 7.13001 75.48180 -0.62619
C 13.35250 81.30450 -0.07586
C 4.71361 72.63060 0.56319
C 1.48214 73.40990 0.81919
C 4.03837 95.50710 1.29763
C 0.78746 95.17050 0.84478
C 6.89726 81.63130 -0.62403
C 3.54669 81.20960 -0.29481
C 0.28280 81.19790 -0.19776
C 8.54532 84.67290 -0.73419
C 4.93640 84.04240 -0.45652
C 1.87304 83.96950 -0.18342
C 6.37722 86.57420 -0.26529
C 3.29930 86.72420 -0.19101
C -0.03227 86.62800 -0.14632
C 20.46590 83.82930 2.04484
C 17.48310 84.89110 1.51308
C 14.57780 86.11210 1.36989
C 19.89350 87.03930 2.13542
C 17.05660 88.20490 1.77967
C 13.99580 89.46130 1.56583
C 22.33470 89.34730 2.71731
C 19.42210 90.30040 2.26329
C 16.40410 91.35270 2.06236
C 21.89050 92.47600 2.55776
C 18.84470 93.57010 2.26888
C 18.62640 72.03750 1.26664
C 18.74540 75.22980 0.85077
C 15.90720 73.91260 0.55836
C 13.24090 72.33260 0.41126
C 16.01150 76.98870 -0.11215
C 13.24390 75.53080 -0.34793
C 10.51740 74.26000 -0.26647
C 15.90240 79.01070 0.12666
C 36.70540 -0.04424 0.77170
C 33.64530 -0.36875 0.50374
C 37.69250 2.91685 0.55949
C 46.68820 9.42014 -0.94687
C 43.39390 8.88765 -0.50392
C 40.36240 8.58486 -0.11234
C 41.17870 11.57350 -0.65613
C 31.77740 0.21075 0.10572
C 25.60540 0.91621 -0.00363
C 34.19780 2.87306 0.93470
C 35.83390 5.78494 0.20122
C 37.21910 8.58761 -0.02202
C 24.67130 9.11926 -0.77027
C 38.95710 11.30250 -0.36256
C 37.74360 14.24800 -0.81746
C 24.91350 14.76040 -1.23441
C 26.47530 17.61430 -1.05594
C 34.72410 20.40520 -1.64663
C 31.35160 20.36700 -1.35264
C 27.95810 20.27900 -1.08335
C 24.39050 20.83480 -0.27903
C 47.85240 11.13620 -1.20209
C 44.74340 12.12070 -0.99377
C 42.39590 14.02900 -2.99217
C 41.95760 17.58130 -2.80202
C 38.74610 18.90680 -2.16121
C 38.47070 22.04500 -2.25036
C 45.86980 1.00776 0.45284
C 42.87850 0.53790 0.82466
C 39.78060 0.23360 0.89287
C 47.30390 3.91865 -0.06751
C 44.11220 3.61030 0.26306
C 41.06220 3.08790 0.47658
C 45.40420 6.45544 -0.18850
C 42.31600 6.08107 0.05041
C 38.96090 5.77321 0.14986
C 28.75280 0.50238 0.37752
C 30.66460 3.23498 -0.02000
C 27.43210 3.57611 -0.08728
C 24.24880 3.68395 -0.17600
C 32.55710 5.79422 0.12798
C 29.32520 6.22094 -0.11608
C 26.15040 6.40346 -0.30319
C 34.23350 8.68916 -0.17981
C 31.12630 8.85611 -0.27038
C 27.93550 8.93231 -0.52172
C 35.97530 11.55710 -0.45222
C 32.82760 11.51410 -0.57346
C 29.62220 11.72590 -0.82655
C 26.29710 11.85110 -0.89643
C 34.54720 14.37330 -0.79248
C 31.34590 14.49480 -0.95515
C 28.08970 14.54380 -1.12237
C 36.49740 17.28260 -0.58732
C 32.81960 17.25220 -1.33756
C 29.57170 17.38050 -1.14996
C 47.53060 14.18700 -1.72127
C 44.75910 15.87750 -2.18371
C 47.35320 17.52690 -2.19422
C 44.46540 19.00670 -2.31415
C 41.55820 20.76680 -2.56097
C 47.03370 20.60850 -2.45776
C 44.24430 22.16910 -2.57467
H 35.05700 0.86784 2.04029
H 39.36050 4.14175 1.91221
H 36.22100 3.96002 1.79218
H 47.08640 7.70728 0.90165
H 40.63610 6.92121 1.63155
H 44.96580 10.24660 0.60157
H 41.91240 10.03320 1.25841
H 28.86590 -0.93108 2.57066
H 25.89190 -0.93597 1.52842
H 30.60840 1.57350 1.80759
H 23.97530 1.91109 1.50790
H 32.30810 4.29547 1.64387
H 37.46630 6.89786 1.77872
H 34.19080 7.03858 1.71734
H 38.82180 9.64446 1.46765
H 37.57290 12.59090 1.12481
H 24.72150 13.01860 0.63073
H 39.31010 15.15720 0.44835
H 36.14730 15.25760 0.89747
H 34.34990 18.37390 -0.15152
H 25.05470 18.55910 0.86110
H 32.94130 21.40070 -0.18383
H 29.81300 21.15580 0.50001
H 26.78100 21.28300 0.54190
H 46.78320 12.89850 0.19681
H 43.85690 14.37090 -0.88585
H 41.23050 15.64040 -2.13657
H 40.60490 18.99370 -1.18310
H 37.87170 20.55520 -0.21601
H 22.88890 -1.01822 1.21218
H 46.17490 -0.53920 2.30642
H 43.16290 -0.94465 2.72670
H 39.94920 96.30940 2.71896
H 36.82510 95.99040 2.65997
H 47.54110 2.24858 1.69181
H 44.34550 2.00845 2.06871
H 41.25440 1.55961 2.35110
H 38.08270 1.21944 2.36629
H 45.70990 4.83556 1.66524
H 42.53110 4.48745 1.87880
H 43.81500 7.42053 1.51448
H 27.21550 1.86688 1.62962
H 29.10760 4.45805 1.56013
H 25.82060 4.67928 1.42806
H 30.93140 7.16167 1.53834
H 27.70350 7.34893 1.42581
H 24.48710 7.49716 1.10683
H 35.73830 9.90582 1.37387
H 32.70670 9.93805 1.32561
H 29.41270 10.08200 1.01791
H 26.26940 10.14490 0.85546
H 34.33890 12.68980 0.94871
H 31.21820 12.74130 0.77549
H 27.96790 12.95740 0.53342
H 32.93130 15.56550 0.57946
H 29.70870 15.62840 0.42731
H 26.54420 15.68190 0.43951
H 31.30920 18.44080 0.26296
H 28.14460 18.44820 0.55334
H 46.52480 16.05280 -0.41023
H 43.44420 17.45790 -0.67903
H 46.26360 19.13330 -0.63926
H 43.32590 20.64890 -0.83932
H 40.52140 22.18040 -0.84687
H 46.05630 22.25120 -0.96555
C 36.44770 0.37155 3.99494
C 33.52120 -0.09404 3.74487
C 37.76750 3.34642 3.62065
C 46.71030 9.90023 2.16907
C 43.80620 9.59092 2.74792
C 40.55160 8.92272 3.04661
C 41.16820 12.09150 2.46287
C 31.77850 0.82392 3.84822
C 25.49260 0.90010 3.10669
C 34.14910 3.04343 2.73741
C 35.75840 5.93040 3.28927
C 37.20230 8.97855 3.14892
C 24.52160 9.55820 2.42896
C 39.07240 11.66640 2.83696
C 38.13480 14.75380 2.36800
C 24.87750 14.94860 2.11982
C 26.30880 17.62950 1.98306
C 35.41240 20.71360 0.25627
C 31.67570 20.33740 1.80132
C 28.30820 20.19040 2.28344
C 24.48130 20.92500 1.72021
C 47.79120 11.77120 2.10354
C 44.45120 12.65070 0.84232
C 41.59750 14.06240 0.06403
C 41.17160 16.99250 0.13533
C 38.98180 19.12910 0.88171
C 38.75460 22.29190 0.93990
C 46.20820 1.48469 3.57666
C 43.02120 1.16417 3.98260
C 39.72560 0.72240 4.06515
C 47.58530 4.23796 3.12359
C 44.26870 3.99886 3.46256
C 41.04040 3.58152 3.60576
C 45.81330 7.00282 2.91016
C 42.47150 6.47712 3.25803
C 39.10770 6.08503 3.39217
C 28.66460 0.82810 3.38275
C 30.65010 3.63912 3.31869
C 27.32490 3.80314 3.14960
C 24.15980 3.74562 3.02338
C 32.44670 6.19191 3.27357
C 29.21790 6.41040 3.14941
C 25.91340 6.66421 2.92937
C 34.16100 9.06275 3.15853
C 30.97110 9.24357 2.88043
C 27.75030 9.47071 2.71872
C 35.79920 12.00730 2.75397
C 32.67790 12.04250 2.62133
C 29.56830 12.24720 2.34598
C 26.35450 12.21530 2.22199
C 34.55580 14.74280 2.33346
C 31.34350 14.80950 2.14382
C 28.09660 14.85270 2.11801
C 36.24380 17.54340 1.40964
C 33.10180 17.72780 1.84384
C 29.89910 17.54090 2.01549
C 47.51710 14.83270 1.50525
C 44.48260 15.92530 0.95541
C 47.43140 17.79910 1.07083
C 44.36080 19.08300 0.85429
C 41.35410 20.48680 0.66612
C 47.19800 20.94570 0.73669
C 44.23510 22.41040 0.63995
C 47.49100 30.07150 -1.99759
C 45.86250 33.60870 -2.57064
C 47.82360 36.15700 -2.50038
C 46.25130 38.87250 -2.48769
C 35.74430 23.56400 -2.15958
C 38.34630 26.08380 -1.91675
C 41.09690 27.30550 -2.38253
C 46.46050 26.98300 -2.85857
C 43.82350 29.02770 -2.48693
C 35.12700 25.66100 -2.31491
C 32.52520 23.71860 -1.17857
C 28.45060 23.23530 0.15530
C 39.14860 29.91900 -2.26799
C 35.85350 28.77310 -2.27320
C 26.86730 25.47480 -1.97028
C 42.89670 34.78930 -2.80941
C 39.66930 33.39000 -2.43982
C 24.38970 27.56750 -1.66374
C 40.66260 36.98210 -1.17203
C 37.73260 38.26700 -2.60104
C 35.81070 40.77690 -1.83810
C 33.40380 42.68090 -2.10875
C 30.30000 41.29190 -2.47271
C 27.28660 40.91850 -1.86379
C 22.48610 38.93420 -2.92067
C 24.15200 41.68100 -2.70665
C 29.82720 44.57800 -1.77608
C 26.08200 44.71900 -2.52347
C 31.18070 47.44750 -2.08069
C 44.18560 36.45390 -2.24899
C 42.84890 39.22030 -2.00616
C 39.97910 40.61150 -1.98512
C 44.69910 41.72360 -2.22146
C 39.56520 43.66970 -1.86570
C 36.49740 45.06820 -2.57571
C 33.67380 45.85210 -1.59235
C 45.36760 44.33400 -1.90241
C 41.20710 23.79830 -2.52999
C 46.86540 23.87150 -2.60332
C 43.99630 25.51940 -2.70784
C 32.73530 27.62060 -2.07796
C 29.89060 26.31100 -1.83530
C 36.42790 31.88400 -2.51073
C 33.48150 30.74180 -2.31173
C 30.29220 29.59950 -2.07355
C 27.24760 28.61150 -1.77840
C 37.10290 35.02220 -2.58461
C 33.87650 33.98790 -2.41751
C 30.92010 32.87160 -2.18528
C 27.79340 31.62230 -1.99569
C 24.69440 30.63970 -1.50554
C 34.82370 37.14860 -2.40186
C 31.60420 36.03640 -2.34927
C 28.48900 34.86040 -2.28461
C 24.93170 33.97770 -1.20986
C 32.47360 39.35790 -2.32051
C 29.22940 38.10070 -2.34384
C 25.52990 37.37190 -1.68109
C 28.02650 47.43660 -2.12238
C 42.72650 42.28230 -1.82725
C 42.54260 45.59370 -1.81379
C 39.34840 46.76010 -1.72212
H 45.91160 31.67340 -0.79559
H 47.63370 34.30610 -0.92211
H 46.19010 37.00760 -0.89667
H 37.74210 23.91290 -0.80292
H 40.47540 25.44420 -0.84716
H 39.39160 28.01140 -0.73457
H 45.84360 28.56720 -1.10880
H 43.06410 30.16410 -0.75876
H 36.45420 27.01410 -0.72436
H 33.44660 25.87520 -0.46772
H 30.47260 24.73290 0.03919
H 40.34290 31.59170 -0.59062
H 37.14150 30.23310 -0.74905
H 28.07950 26.92160 -0.25117
H 25.08840 25.89680 -0.89026
H 41.15600 34.56530 -1.03870
H 38.28560 36.28170 -1.22102
H 39.32030 39.03550 -0.83150
H 22.68660 34.12400 0.01170
H 36.42330 41.57150 0.63484
H 30.53940 39.47660 -0.73380
H 27.45920 38.65740 -0.66234
H 23.09800 37.37000 -0.81424
H 34.16480 43.71390 -0.46188
H 31.16670 42.61780 -0.90997
H 25.92110 42.85730 -1.21468
H 31.52530 45.64170 -0.48165
H 27.74740 45.59430 -0.83964
H 44.38100 34.46030 -0.76661
H 42.95720 37.33750 -0.32787
H 44.84280 39.80970 -0.73164
H 41.84660 40.67820 -0.29643
H 39.05380 42.00890 0.04528
H 37.00600 43.09450 -1.82309
H 44.39560 42.90290 -0.09077
H 43.23140 23.84260 -1.11061
H 45.84010 25.46270 -1.13837
H 43.14450 27.10420 -1.05775
H 34.08020 29.10930 -0.56730
H 31.03410 27.97920 -0.36231
H 37.66430 33.26940 -0.94098
H 34.66260 32.28410 -0.81544
H 31.63340 31.12210 -0.64773
H 28.62290 30.03640 -0.28384
H 25.61580 28.92110 0.03305
H 35.25230 35.30620 -0.95940
H 32.19410 34.31920 -0.67324
H 29.09190 33.16200 -0.58798
H 26.23360 32.08760 -0.16714
H 36.03350 38.55180 -0.82011
H 32.96860 37.45090 -0.78664
H 29.79220 36.35130 -0.70054
H 26.79670 35.44820 -0.57838
H 33.63250 40.59080 -0.69940
H 24.63190 45.72710 -0.75847
H 41.47620 43.89990 -0.38897
H 38.62050 45.07670 -0.06058
H 35.76380 46.33360 -0.47279
H 44.39520 45.98400 -0.22338
H 41.30730 47.11750 -0.23002
C 47.56550 29.94760 -0.01625
C 46.03510 33.20420 0.73388
C 47.76760 36.06090 0.75148
C 46.50530 38.71190 0.76995
C 36.07240 23.78860 1.00214
C 38.44510 26.00400 0.42729
C 41.34790 27.24310 0.60782
C 46.64990 27.00350 0.52561
C 44.08020 28.71450 0.62367
C 35.32280 25.77870 1.09379
C 32.69740 23.79190 0.74699
C 29.49210 23.04220 1.83677
C 39.02610 29.89550 0.87817
C 36.03380 28.77200 0.94627
C 26.68170 25.60810 1.20304
C 42.69480 32.68560 -0.36870
C 39.63940 33.17230 0.55250
C 24.87640 27.08770 1.40093
C 40.96580 36.36950 0.71181
C 37.67830 37.79220 0.69735
C 35.40040 40.15060 1.09321
C 32.79130 42.20720 0.91739
C 29.90700 41.12980 0.73891
C 27.21700 41.00350 0.00224
C 21.85080 38.92920 0.54798
C 24.01710 41.86910 -0.82212
C 29.59800 44.26870 0.08126
C 26.15190 44.23850 0.62502
C 31.20270 47.34520 1.24877
C 44.75330 36.12450 0.93272
C 43.24780 39.09280 1.04560
C 40.13160 40.00090 1.34183
C 45.37600 41.31500 1.19544
C 40.02350 43.84620 1.57013
C 36.40030 44.16520 0.45971
C 33.68100 45.83710 0.67057
C 45.82070 44.46090 1.17168
C 41.51340 23.88240 0.65725
C 46.97710 23.99900 0.44969
C 44.10190 25.49500 0.48588
C 32.89570 27.69980 1.13977
C 29.94260 26.48610 1.38995
C 36.51580 32.02590 0.81944
C 33.55940 31.02760 0.93675
C 30.54510 29.83330 1.21867
C 27.59120 28.66150 1.45001
C 37.09650 35.05790 0.57236
C 34.03870 34.08140 0.78772
C 30.99630 32.94120 0.95080
C 27.91630 31.90950 1.23583
C 25.12860 30.74480 1.57720
C 34.81210 36.96590 0.71493
C 31.69660 36.14400 0.84955
C 28.43960 35.05260 0.96894
C 25.12770 34.10840 0.68982
C 32.36290 39.18680 0.83503
C 29.01990 38.17150 0.84360
C 25.44830 37.42300 0.21429
C 27.94730 47.09590 1.11600
C 42.47750 42.38380 1.30519
C 42.53990 45.49750 1.19365
C 39.58170 46.80140 1.48856
H 35.69300 60.16990 -0.09113
H 32.92290 58.94530 -0.36869
H 39.19000 64.17190 -0.29852
H 36.22470 63.06130 0.02798
H 43.18240 68.41160 0.45359
H 39.92950 67.35940 0.33639
H 27.96220 63.03250 0.29284
H 43.60100 71.42480 1.29400
H 24.34110 65.61580 0.18729
H 25.69430 68.78760 0.60874
H 26.60580 71.87130 0.13988
H 33.22150 62.11070 0.01565
H 36.83990 66.32220 0.10946
H 33.82670 65.18740 0.32197
H 30.80270 64.13540 0.39653
H 40.62370 70.34090 0.85089
H 37.46970 69.33900 0.46769
H 34.34000 68.36620 0.45732
H 31.24530 67.26290 0.41768
H 27.96420 66.22360 0.40048
H 35.08040 71.55920 0.63499
H 31.91220 70.45090 0.31989
H 28.85740 69.35980 0.33893
C 45.63350 67.15760 -1.87813
C 47.81480 69.18380 -0.57807
C 33.43580 50.17370 -0.96557
C 34.36650 53.14140 -2.12108
C 32.71070 55.73690 -1.81239
C 29.86360 55.65550 -1.71342
C 29.13700 58.97370 -0.92915
C 26.93860 61.68400 -1.48536
C 23.86800 61.66090 -1.47803
C 35.10660 58.20880 -1.60539
C 38.03120 62.34540 -1.48128
C 34.88730 61.88350 -1.70748
C 32.10870 60.57800 -1.64340
C 42.09270 66.51840 -0.80184
C 38.76780 65.92500 -1.50185
C 29.69780 62.64510 -1.33651
C 42.62770 70.18420 -0.72375
C 26.41000 64.60520 -0.66708
C 24.15920 67.53780 -1.12248
C 24.73190 70.64120 -0.74622
C 36.50900 48.29780 -1.67133
C 36.42050 50.98660 -1.67203
C 35.69760 54.91310 -1.95644
C 38.34280 56.59510 -1.98787
C 40.67310 58.97980 -1.23174
C 46.43020 59.29490 -1.18579
C 41.26120 62.90940 -1.36204
C 45.86260 62.45900 -0.75979
C 44.20330 63.83230 -0.42447
C 24.60290 47.87440 -2.03536
C 29.70620 50.09740 -1.97897
C 26.33610 50.35870 -1.99099
C 23.13570 50.56300 -2.00045
C 31.17660 52.74080 -1.85035
C 27.98100 52.93050 -1.90156
C 24.73230 53.18480 -1.94464
C 26.74730 55.86140 -1.90909
C 23.31090 56.08280 -1.78302
C 25.36770 58.86610 -1.68796
C 35.57250 64.91540 -1.43165
C 32.52130 64.01760 -1.39874
C 39.44720 69.21330 -1.08190
C 36.15390 68.20500 -1.31364
C 33.06850 67.02870 -1.20541
C 29.86880 65.87050 -1.14108
C 37.01320 71.36210 -0.87045
C 33.95440 70.26420 -1.10129
C 30.63520 69.04090 -1.24397
C 27.31630 68.10410 -1.14383
C 31.47280 72.30640 -1.24189
C 28.35460 71.09770 -1.35957
C 45.03080 47.72750 -1.81295
C 42.08090 48.87970 -1.79135
C 39.23890 49.79660 -1.73665
C 44.84040 50.85460 -1.73175
C 41.72640 52.00580 -1.77352
C 38.77980 53.23860 -1.91662
C 44.42710 54.13510 -1.70296
C 41.32670 55.30620 -1.72853
C 47.11490 56.06420 -1.48163
C 44.08160 57.21210 -1.58589
C 43.34880 60.44670 -0.97278
H 46.30120 65.04280 -0.67270
H 47.77030 67.35750 1.07144
H 45.93200 69.58830 0.99489
H 32.93740 47.87690 -0.39407
H 31.21050 50.88470 -0.19648
H 32.83560 53.74270 -0.33641
H 31.35340 56.41130 0.21498
H 30.32700 60.83340 0.23490
H 26.98090 59.75520 0.00998
H 25.38230 62.58760 0.15438
H 35.49440 49.50350 0.25309
H 46.84140 47.95860 -0.06382
H 38.04130 51.42690 -0.31790
H 37.66640 54.72590 -0.40922
H 34.52100 56.28520 -0.27044
H 37.22570 57.89090 -0.05240
H 39.97490 61.14040 -0.42601
H 45.28380 60.47510 0.57662
H 42.62830 62.25370 0.84880
H 29.61880 48.22650 -0.36306
H 26.44740 48.37760 -0.44588
H 28.04170 51.00510 -0.35408
H 24.78510 51.32290 -0.34277
H 29.63160 53.71960 -0.21610
H 26.43510 53.92720 -0.36785
H 23.21060 54.12340 -0.24301
H 28.32250 56.73050 -0.22063
H 25.15300 56.86890 -0.33608
H 23.83860 59.76920 0.09618
H 38.39080 48.24320 -0.04020
H 43.89760 49.17960 -0.14048
H 40.95460 50.33170 -0.14410
H 46.67550 51.08570 -0.09428
H 43.60580 52.37120 -0.17672
H 40.59150 53.46800 -0.20922
H 46.20320 54.20740 0.01174
H 43.19110 55.49290 -0.08458
H 40.19060 56.70970 -0.27534
H 45.77400 57.34470 0.20737
H 42.78400 58.54780 0.05088
C 45.48110 67.27170 0.26075
C 47.58690 69.06350 2.78090
C 33.20400 49.87920 0.96228
C 34.47940 53.04770 1.30306
C 32.69050 55.60700 1.31149
C 29.43950 55.45560 1.55259
C 29.16650 58.77930 0.87109
C 26.78550 61.46130 1.76682
C 23.89580 61.56120 1.78043
C 34.93290 58.14270 1.21677
C 37.89950 61.24090 0.13514
C 34.99570 61.80850 1.72350
C 32.29810 60.48990 1.69759
C 41.98130 66.21870 1.18055
C 38.69280 65.67280 1.68284
C 29.64500 62.51760 1.95053
C 42.34310 69.70290 2.55154
C 26.32110 64.58420 1.20341
C 24.19560 67.64590 1.83602
C 26.15760 70.70580 2.18461
C 36.48490 47.48540 1.40488
C 36.63610 50.76130 1.66943
C 35.68000 54.73180 1.21602
C 38.26100 56.54240 1.40070
C 40.49680 58.95120 0.71229
C 46.44020 58.83290 2.00254
C 40.43190 62.66230 1.60516
C 45.68150 61.81710 2.61692
C 44.00500 63.14470 2.68739
C 24.71100 47.37820 1.01608
C 29.48730 49.98720 1.38778
C 26.26480 50.17050 1.17942
C 23.09150 50.44520 1.22772
C 31.28130 52.79770 1.37765
C 27.92720 52.86770 1.29401
C 24.81810 53.08680 1.30602
C 26.70680 55.72250 1.26767
C 23.58170 55.95720 1.40208
C 25.41150 58.53490 1.52625
C 35.82100 64.74110 1.71343
C 32.66650 63.65670 1.87135
C 39.21910 68.81470 2.19508
C 36.20420 67.79500 2.00025
C 33.14780 66.74200 1.97559
C 29.91110 65.80540 1.97387
C 36.78830 70.81700 2.29321
C 33.70230 70.03510 2.05581
C 30.68700 69.00170 1.98924
C 27.67920 67.88180 2.02696
C 31.15370 72.16700 1.94480
C 28.19740 71.15430 1.86469
C 44.93560 47.68280 1.48941
C 42.02990 48.80440 1.44797
C 39.05500 49.95920 1.43077
C 44.74030 50.89140 1.45340
C 41.68700 52.05970 1.43791
C 38.67360 53.16890 1.29362
C 44.29940 54.05500 1.57185
C 41.23510 55.28040 1.43032
C 46.94030 55.85400 1.73219
C 43.85640 57.10440 1.69366
C 43.33580 60.02730 1.96950
H 41.12730 73.56220 1.17834
H 38.79760 75.60680 1.42838
H 36.34530 77.72590 1.28875
H 24.52340 73.02450 -1.78210
H 33.97220 79.82520 0.81285
H 30.88840 78.86340 1.17145
H 27.90910 78.07580 -0.01633
H 25.12360 77.07200 -1.20806
H 38.14320 72.45970 1.04449
H 35.70710 74.59450 0.85853
H 32.69020 73.55970 0.56627
H 29.51420 72.58640 0.19134
H 33.23590 76.71520 0.92851
H 30.11200 75.81400 0.75199
H 27.20510 74.87650 -0.10222
C 42.05370 89.41660 1.77159
C 35.17840 89.74570 2.35832
C 46.62610 93.22500 1.26809
C 43.82650 92.25730 2.90809
C 40.49050 92.26390 1.75683
C 37.31160 92.09910 1.47235
C 34.15720 92.45400 0.88192
C 31.58880 94.77510 1.34277
C 45.38780 74.82460 0.97547
C 42.36900 77.16050 0.16459
C 39.62870 79.02380 0.29976
C 37.10140 81.12870 0.27372
C 36.86790 83.95260 1.14665
C 37.00520 87.07290 1.90551
C 39.09520 88.92760 3.42273
C 45.15020 88.27500 1.46926
C 45.33610 71.44400 -0.52302
C 27.80870 -1.40066 0.16671
C 24.75580 79.51080 -0.37875
C 30.12470 80.88010 0.85863
C 27.09840 81.84000 0.14453
C 33.85430 83.94310 3.86715
C 31.71180 85.51810 2.05064
C 34.18740 86.81510 2.22543
C 31.45630 88.61260 1.49463
C 30.83220 91.65650 0.89888
C 28.33480 93.27470 0.57069
C 42.89140 73.31290 -0.24883
C 40.83600 75.67070 -0.09858
C 38.36500 77.54090 -0.08565
C 26.38750 73.32080 -1.88166
C 36.10230 79.53500 -0.44602
C 29.77180 77.81200 -0.84223
C 26.81270 76.54770 -1.93411
C 44.66660 95.73070 1.06416
C 41.71310 95.22620 1.38795
C 38.51870 94.99290 1.18608
C 35.36050 94.72600 1.04750
C 45.20700 78.73350 0.53660
C 42.51090 80.42050 0.69591
C 39.94080 82.27750 0.84826
C 45.35940 81.91110 1.02061
C 42.52400 83.77230 1.32214
C 39.56820 85.54490 1.65761
C 45.20820 85.17260 1.39715
C 42.20590 86.85530 1.79283
C 24.09090 83.03780 -0.34540
C 29.55780 84.10510 1.29380
C 26.54490 85.09860 0.48503
C 23.66050 86.22230 -0.25901
C 28.83530 86.98430 1.17691
C 25.97060 88.19190 0.45200
C 28.27500 90.15450 0.92288
C 25.41770 91.65800 0.07169
C 24.55720 95.14970 0.28022
C 39.94800 72.22580 -0.61591
C 37.74670 74.42380 -0.51097
C 34.61120 73.38370 -0.99632
C 35.25580 76.61840 -0.54268
C 32.11110 75.52780 -0.81765
C 29.34300 74.59480 -1.24234
C 32.81140 78.79810 -0.45211
H 40.64550 90.86990 3.40478
H 37.23920 90.56110 3.61007
H 45.13850 94.25630 2.97839
H 35.58790 93.11360 2.84502
H 32.49920 92.69400 2.38254
H 33.63270 95.65990 2.32148
H 44.27680 76.81740 2.04527
H 41.55800 78.64720 1.98942
H 38.79070 80.46900 1.97503
H 35.92600 81.84490 2.34636
H 47.13960 78.45720 2.22113
H 35.88470 85.11520 2.91707
H 35.68850 87.83070 3.76354
H 38.62780 86.55990 3.65635
H 43.76830 89.80490 3.03259
H 46.18900 91.48870 3.10155
H 46.50510 72.64170 1.40894
H 23.90750 77.81970 1.30650
H 26.19900 79.96150 1.71781
H 28.39940 82.16330 2.19679
H 30.54120 83.90540 3.63613
H 33.03750 85.76720 4.18466
H 33.07050 88.79180 3.18701
H 30.01150 90.19600 2.72312
H 26.89190 91.78220 2.27133
H 23.88790 92.88110 1.09499
H 29.70440 93.44230 2.26866
H 41.83510 93.76260 3.34169
H 38.68620 93.42200 3.04769
H 44.35470 80.17070 2.42267
H 41.65300 81.84010 2.57843
H 38.78290 83.49700 2.71456
H 47.25430 81.76370 2.64647
H 44.41970 83.35690 2.85652
H 41.43880 84.94490 3.16351
H 47.06590 85.09080 3.00212
H 44.19340 86.60890 3.11695
H 41.34450 88.04120 3.73807
H 46.81450 88.36210 2.96052
H 25.56540 83.15130 1.61534
H 27.79130 85.23460 2.55498
H 24.91690 86.44300 1.86911
H 30.27090 87.09590 3.16283
H 27.40570 88.44180 2.49329
H 24.46410 89.76700 1.55017
C 42.25150 89.83880 5.10524
C 34.86850 90.10950 4.21290
C 47.03900 93.47770 4.33961
C 43.71750 93.28330 4.78878
C 40.21950 92.81440 4.94312
C 37.09820 92.45760 4.72154
C 33.94270 92.18920 4.33583
C 31.56410 94.81530 3.25917
C 45.35330 74.53610 2.79886
C 42.12510 76.52750 3.37819
C 39.44590 78.60590 3.38612
C 36.86020 80.50040 3.59364
C 36.90160 83.33870 4.24678
C 36.69880 86.10070 5.08341
C 39.47840 88.17220 5.28950
C 45.02480 88.31980 4.69487
C 45.39640 71.05810 2.99480
C 27.01100 95.67880 3.55691
C 23.82390 79.40540 2.75459
C 29.93930 80.56250 2.75290
C 26.29380 81.31630 3.20897
C 31.62370 81.61490 3.53409
C 30.82030 85.85690 5.26484
C 33.79570 87.57550 5.29857
C 31.11000 88.90580 4.57635
C 30.62860 91.79450 3.93975
C 27.87070 93.57440 3.85449
C 43.11570 73.22460 2.88478
C 40.52090 75.09560 3.13782
C 37.85090 77.14600 3.14244
C 25.13950 73.72180 0.66493
C 35.32900 79.27530 2.92918
C 29.08280 77.53700 2.25062
C 26.08210 76.64730 1.16218
C 45.00060 96.32780 4.24825
C 41.69290 95.96160 4.49302
C 38.43020 95.46790 4.41829
C 35.12440 95.08440 4.18489
C 45.05090 78.12460 3.80259
C 42.42900 79.93560 4.00411
C 39.68230 81.60980 3.98430
C 45.43330 81.53140 4.21544
C 42.56410 83.15210 4.48775
C 39.54730 84.70150 4.74216
C 45.18640 84.90110 4.58674
C 42.56050 86.27190 4.89630
C 23.39400 82.69980 2.69636
C 28.43770 83.57040 4.27426
C 25.60940 84.74200 3.51879
C 22.64330 86.14630 2.83623
C 28.12160 86.89420 4.31100
C 25.12800 88.29750 3.46172
C 27.86400 90.27830 4.05985
C 24.88100 91.66960 3.18800
C 24.28850 95.06850 2.32205
C 39.88710 71.86290 2.65141
C 37.30660 74.10360 2.73269
C 34.28980 73.13890 2.37182
C 34.92940 76.16140 2.62912
C 31.78370 75.22620 2.29772
C 28.56940 74.23400 1.83042
C 32.49700 78.42190 2.61876
C 53.54750 96.19560 0.70281
C 50.43960 95.50320 1.91166
C 47.81450 -1.38449 0.77088
C 54.09250 4.02731 0.02244
C 51.10090 4.51638 0.59389
C 48.81940 6.74358 -0.76113
C 58.51180 0.46263 0.38800
C 57.39970 3.34607 -0.12511
C 56.22650 6.21929 -0.71134
C 58.30970 8.75018 -1.15208
C 70.15960 9.18354 -1.85562
C 66.75440 10.13400 -1.73305
C 63.71730 11.33580 -1.10866
C 59.94320 11.63840 -1.10609
C 69.92470 13.01300 -2.09434
C 66.94650 12.18980 -1.60381
C 64.97730 15.19530 -2.06636
C 61.81150 14.71800 -2.21008
C 62.70070 17.74820 -2.02140
C 60.75280 20.38510 -2.11183
C 62.02840 23.10110 -2.32420
C 58.87730 22.84050 -2.11740
C 52.69850 7.52145 -0.07105
C 50.59700 9.72900 -1.12647
C 56.13240 9.60028 -0.88308
C 55.99440 12.96130 -1.32285
C 58.30030 14.70990 -1.95507
C 59.30270 17.66510 -1.93208
C 55.76340 19.33810 -2.95437
C 55.71540 23.35620 -2.19667
C 55.44740 1.08956 0.41467
C 52.33370 1.48394 0.29685
C 49.23180 1.16257 0.37963
C 67.69940 96.27380 -0.25511
C 64.60280 -0.76945 0.08970
C 61.62150 -0.13563 0.27135
C 69.71030 0.88546 -0.76988
C 66.87740 1.51606 -0.40624
C 63.76490 2.24931 -0.21741
C 60.62110 2.77309 -0.11372
C 68.99850 3.87273 -0.90586
C 65.73560 4.52325 -0.80159
C 62.69760 5.23346 -0.75089
C 59.53080 5.66870 -0.70295
C 71.11430 6.29284 -1.36924
C 67.92030 6.95732 -1.27054
C 64.80510 7.63917 -1.34454
C 61.60660 8.35929 -1.22172
C 71.31960 16.09160 -2.47382
C 67.99850 15.53210 -2.06969
C 69.15790 18.71290 -2.32177
C 65.96840 18.14040 -2.08724
C 70.19710 21.92790 -2.55048
C 67.16270 21.20970 -2.36899
C 63.93360 20.65250 -2.16351
C 53.29560 11.44480 -1.31419
C 50.44560 12.87120 -1.47747
C 53.13160 14.55800 -1.71770
C 50.24810 15.92580 -2.00020
C 55.80230 16.06210 -2.16567
C 52.78350 17.76040 -2.30912
C 49.97270 19.23720 -2.45528
C 52.82610 21.13670 -2.81735
C 49.81370 22.46530 -2.67368
H 55.28830 -0.52198 2.31113
H 52.11620 -0.38517 1.94026
H 53.95400 2.42023 1.92634
H 53.09480 5.68252 1.54841
H 50.33870 7.81934 0.45829
H 58.30710 -1.05690 2.30965
H 57.21020 1.90737 1.85561
H 56.04770 4.78982 1.32154
H 58.12990 7.11826 0.67012
H 55.09040 7.82428 0.36511
H 69.74310 7.72815 0.18554
H 66.61360 8.52993 0.27699
H 63.30090 9.13279 -0.04658
H 60.08930 9.57328 0.42756
H 70.44360 11.44140 -0.59012
H 71.46300 14.45120 -0.69478
H 68.32540 13.91790 -0.33798
H 65.10710 13.30710 -0.43441
H 63.20310 15.90310 -0.47030
H 61.04840 18.59660 -0.45521
H 59.21250 21.05490 -0.21404
H 52.46630 9.96969 0.45771
H 49.63900 11.50120 0.42911
H 55.15400 11.77320 0.27360
H 57.89940 13.73890 0.35829
H 60.12780 15.71270 -0.66899
H 57.54870 16.66770 -0.66502
H 57.49760 19.49130 -2.00605
H 54.66960 21.21550 -1.58907
H 51.72100 22.72540 -1.12771
H 49.20980 -0.22036 2.32700
H 50.75180 2.50319 1.89270
H 48.86880 5.20269 1.30589
H 69.69110 -0.75628 1.01572
H 66.52400 0.00576 1.38679
H 63.45020 0.74286 1.64669
H 60.36890 1.28747 1.80426
H 68.73680 2.29681 0.99537
H 65.62730 3.01165 1.11328
H 62.41460 3.73617 1.20408
H 59.21560 4.25296 1.26688
H 70.79990 4.61225 0.49574
H 67.61950 5.31246 0.59011
H 64.55360 6.13954 0.64570
H 61.35230 6.68745 0.64850
H 61.86720 12.94710 -0.40099
H 69.69000 16.94120 -0.75219
H 66.39820 16.42900 -0.42032
H 70.64280 20.08340 -0.91610
H 67.47750 19.45930 -0.65979
H 64.23650 18.88420 -0.47025
H 68.56220 22.50720 -0.84677
H 65.46580 21.95030 -0.83458
H 62.30220 21.47290 -0.55839
H 52.27000 13.15620 0.15757
H 49.33630 14.63210 -0.13383
H 54.94750 14.92220 -0.16111
H 52.07910 16.38550 -0.38007
H 49.26000 17.71530 -0.59907
H 54.86020 18.04490 -1.00792
H 51.93480 19.64380 -0.97708
H 48.97850 20.89260 -0.96723
C 53.65650 -0.84870 3.84112
C 50.75090 96.19640 3.64223
C 47.75700 -1.16402 3.98671
C 54.27860 4.66801 3.08811
C 51.06030 4.86094 2.52643
C 48.99780 7.32064 2.54984
C 58.74110 0.98696 3.57001
C 57.54710 4.01087 3.06043
C 56.34430 7.02300 2.33958
C 58.77290 9.15974 2.06473
C 69.60740 10.01010 1.10489
C 67.57000 10.45570 1.62171
C 63.62850 11.54750 0.67701
C 59.66370 12.04860 0.75073
C 69.98110 13.48400 1.05488
C 66.50620 13.42790 1.34811
C 64.97560 15.30440 1.15026
C 61.61260 14.58530 1.05600
C 62.77880 17.69880 1.11819
C 61.15360 20.36050 1.28395
C 61.98020 23.30290 1.05196
C 58.59530 23.35760 0.85854
C 53.18690 8.12229 1.90088
C 50.49870 9.85979 2.00612
C 56.04990 10.12160 0.89694
C 55.79810 13.59950 1.76375
C 58.53180 15.56880 1.27949
C 58.64200 18.63630 0.17920
C 55.98680 19.93900 0.09921
C 55.58360 23.23420 -0.33282
C 55.51680 1.60978 3.61403
C 52.38070 1.48638 3.53890
C 49.20550 1.88872 3.50633
C 68.09290 -1.23701 2.82154
C 64.95220 -0.34052 3.21616
C 61.87220 0.29849 3.45271
C 70.26760 1.15465 2.48503
C 67.06610 1.94360 2.77451
C 63.96580 2.78542 2.88161
C 60.76610 3.40019 2.99602
C 69.09810 4.36275 2.32086
C 65.94210 5.05247 2.36097
C 62.92290 5.81054 2.43297
C 59.71240 6.34990 2.40280
C 71.23480 6.63240 1.89428
C 68.18120 7.34524 1.93634
C 64.95970 8.34150 1.83997
C 61.91860 8.74294 1.98620
C 71.54990 16.32160 0.81577
C 68.27360 15.99270 1.06115
C 69.35600 18.84040 0.79773
C 66.16560 18.40830 1.06098
C 70.43290 21.95770 0.66609
C 67.18670 21.24160 0.77826
C 64.14850 20.86470 0.89075
C 53.26090 11.58560 1.89097
C 50.40860 13.47150 1.75143
C 53.09500 15.10850 1.45717
C 50.19790 16.47140 1.27988
C 55.81730 16.90740 0.95519
C 53.15880 18.31460 0.75011
C 50.19260 19.59270 0.73765
C 53.13850 21.36340 0.35968
C 49.87210 22.65740 0.55353
C 72.31290 28.03270 -3.13671
C 61.84710 26.00030 -1.42298
C 69.61250 30.02800 -3.65453
C 66.47940 29.24470 -3.38916
C 63.29190 29.01590 -2.80524
C 57.80590 26.44650 -2.76306
C 54.74450 26.81640 -2.56936
C 51.92220 27.69610 -2.69775
C 60.10210 28.92200 -2.52610
C 50.76690 30.65000 -2.59382
C 61.75430 31.88320 -2.54740
C 63.47700 34.32410 -2.88563
C 63.28460 37.64140 -1.51132
C 61.45430 40.56920 -1.83199
C 48.12450 42.04090 -1.80447
C 60.08720 43.43270 -1.57599
C 56.79470 43.80590 -1.59158
C 50.67540 44.45120 -1.93942
C 56.23050 46.95750 -0.36800
C 52.47450 47.12040 -1.36611
C 49.53000 25.49410 -2.95590
C 69.24990 32.93030 -2.46038
C 66.04500 32.19920 -2.84022
C 67.80220 35.49980 -1.96163
C 66.63110 38.05730 -1.80963
C 64.94370 40.81210 -1.94514
C 63.12420 43.71130 -1.76082
C 61.46570 46.26360 -1.51039
C 48.00040 46.16710 -1.56310
C 71.16090 24.90030 -2.77001
C 68.02270 24.14350 -2.58923
C 64.90370 23.61870 -2.42443
C 69.06000 27.07990 -3.05969
C 65.56350 26.36730 -2.74515
C 56.85180 29.56120 -2.48423
C 53.72700 30.09970 -2.45098
C 58.73700 32.08050 -2.39123
C 55.65050 32.65250 -2.36535
C 52.54820 33.02480 -2.36964
C 49.23000 33.38160 -2.51215
C 60.49420 34.87320 -2.35244
C 57.55300 35.19960 -2.16502
C 54.40860 35.67000 -2.26784
C 51.16440 36.01260 -2.39541
C 59.44450 37.79760 -2.12696
C 56.37540 38.15210 -2.15668
C 52.99990 38.55600 -2.25399
C 49.66130 38.92240 -2.34142
C 58.31930 40.82990 -1.83393
C 55.11750 41.09720 -2.03676
C 51.92100 41.43310 -2.30251
C 53.73990 44.21970 -1.65501
C 52.57880 24.42440 -2.69895
C 71.20080 35.32680 -2.15960
C 69.73910 38.20970 -1.84217
C 71.41030 40.72880 -1.73662
C 68.30920 40.77710 -1.76637
C 69.80910 43.55960 -1.63245
C 66.60740 43.70570 -1.84164
C 71.50710 46.31910 -1.53192
C 68.25960 46.43800 -1.55859
C 64.91910 46.48020 -1.67507
H 63.36680 24.29080 -0.69259
H 60.48060 24.06860 -0.63104
H 70.34000 28.50340 -1.70058
H 64.02820 27.37080 -1.07914
H 67.94540 30.82760 -2.33432
H 65.06910 30.27750 -1.67720
H 57.52120 24.61890 -1.07001
H 54.38320 25.20620 -1.16755
H 59.71450 27.21130 -1.15720
H 53.43750 28.22410 -0.91396
H 50.41420 28.80030 -0.96495
H 61.90810 30.01400 -0.93132
H 49.18330 31.49280 -0.96333
H 63.47540 32.73730 -0.94284
H 62.36980 35.52650 -0.95920
H 61.15540 38.50310 -0.50053
H 48.02740 39.71350 -0.94708
H 59.93010 41.48620 -0.11991
H 50.31510 42.68950 -0.93355
H 58.51880 44.27030 0.35304
H 55.34970 44.66730 0.21611
H 52.21040 45.11870 0.05850
H 51.24850 25.88840 -1.23810
H 48.42690 27.04590 -1.29141
H 70.93500 33.28290 -0.84323
H 67.84060 33.49280 -0.50348
H 65.53110 34.48870 -2.16308
H 66.41580 36.31620 0.00712
H 64.95360 39.06590 -0.25545
H 63.21750 41.68770 -0.44637
H 61.68610 44.32770 0.15888
H 47.26650 44.20610 -0.76436
H 71.66330 23.12880 -1.08748
H 69.45030 25.51780 -1.17397
H 66.41040 24.87630 -1.00191
H 67.21100 27.79260 -1.59054
H 56.55660 27.64020 -0.97888
H 58.64890 30.19350 -0.88195
H 55.44560 30.74580 -0.76873
H 52.31780 31.20910 -0.76929
H 60.43700 32.92730 -0.78718
H 57.36000 33.28940 -0.67832
H 54.18940 33.74810 -0.68051
H 50.92940 34.11030 -0.92261
H 59.21320 35.93570 -0.52214
H 56.04850 36.31830 -0.56327
H 52.79460 36.63790 -0.69057
H 49.47960 36.89920 -0.81277
H 57.96370 38.83870 -0.37649
H 54.70400 39.15710 -0.58744
H 51.42250 39.61950 -0.63725
H 56.70320 41.74910 -0.23782
H 53.44150 42.07890 -0.47130
H 48.78760 24.03010 -1.13911
H 69.57370 36.14940 -0.46524
H 71.32440 38.87840 -0.16964
H 68.14260 39.01030 -0.14143
H 69.83580 41.65680 -0.07960
H 66.56890 41.76580 -0.31504
H 71.43170 44.42300 0.02374
H 68.18670 44.47030 -0.05838
H 64.95030 44.45370 -0.19066
C 72.14320 28.35280 0.12588
C 62.57000 26.32570 0.40316
C 69.36990 30.43720 -0.45303
C 67.01420 29.81940 -0.31923
C 63.97480 29.46350 0.35121
C 57.99210 26.33810 0.64256
C 54.86280 26.89270 0.61816
C 51.77770 27.34520 0.60728
C 60.29600 28.98880 0.65493
C 50.59320 30.59420 0.78718
C 62.03470 31.88210 0.83292
C 64.44780 34.71390 0.10624
C 63.21500 37.48260 0.35838
C 61.76320 40.39440 1.07111
C 48.13640 42.01370 0.01865
C 60.36250 42.94810 1.79795
C 57.14880 43.46380 1.58894
C 50.65230 44.30590 1.05855
C 55.96470 46.66660 1.51016
C 52.33620 46.89640 1.81359
C 49.53560 25.64340 0.45949
C 69.38410 32.05170 0.63088
C 65.82860 32.41300 -0.95784
C 68.20640 35.09440 1.32593
C 66.52090 38.20370 1.52783
C 64.91900 40.89340 1.29844
C 63.54790 43.34200 1.44479
C 61.61520 45.99580 1.47647
C 48.26760 46.27720 0.54379
C 71.24840 25.04320 0.40509
C 68.19330 24.42200 0.63148
C 65.22320 23.76970 0.75257
C 69.04820 27.55590 0.08395
C 65.97120 26.87560 0.34202
C 56.96640 29.43040 0.71293
C 53.69130 29.95490 0.80071
C 58.83630 31.97430 0.84430
C 55.58350 32.53400 0.90201
C 52.32360 33.02500 0.78280
C 49.21720 33.23280 0.62442
C 60.82140 34.78210 0.81802
C 57.50320 35.09830 0.99414
C 54.32470 35.57730 0.97392
C 51.03750 35.85130 0.80021
C 59.77290 37.79820 1.07359
C 56.19020 38.12700 1.10967
C 52.73350 38.55990 0.87887
C 49.53460 38.74890 0.82398
C 58.21390 40.58380 1.35728
C 54.87340 40.88530 1.16284
C 51.55150 41.52720 0.97317
C 53.72960 43.69740 1.45975
C 52.57490 24.59210 0.31431
C 71.13900 34.89110 0.95983
C 69.70390 37.83000 1.32813
C 71.41030 40.69200 1.48561
C 68.05500 40.81550 1.43085
C 69.72950 43.45520 1.57170
C 66.52570 43.50100 1.43864
C 71.51690 46.19920 1.76471
C 68.22050 46.24450 1.70823
C 65.01640 46.35600 1.51531
C 51.70670 60.90330 -1.14099
C 48.63660 61.54120 -0.84618
C 58.00780 65.02110 -0.47003
C 54.57170 64.48560 -0.66607
C 48.24840 64.67310 -1.62060
C 59.06870 68.30840 -0.21116
C 63.22810 71.75790 0.16501
C 60.05920 71.28440 -0.04508
C 66.10210 49.67290 -0.79903
C 62.78410 49.35400 -1.51387
C 71.76130 51.44740 -1.86242
C 68.62440 52.54210 -0.72920
C 72.00920 54.91310 -1.69200
C 72.33370 69.02050 -0.27830
C 50.68920 48.15360 -1.51545
C 51.06270 51.56660 -0.58442
C 49.99980 54.87460 -1.52158
C 49.77220 58.35690 -1.20659
C 59.83280 47.68480 -1.33631
C 63.20690 52.42460 -1.05092
C 60.14200 51.06180 -1.16067
C 57.07130 49.99010 -1.00322
C 68.43750 56.50900 -0.79485
C 66.71130 54.50750 1.43727
C 63.96210 55.26450 -0.70587
C 54.45260 52.92730 -1.25278
C 71.40020 59.56930 -0.11242
C 52.11000 55.09700 -1.17793
C 56.23370 58.94280 -0.84195
C 53.18580 58.16970 -1.02031
C 60.32110 62.75300 -0.49501
C 57.33310 62.13390 -0.78128
C 70.58830 67.82250 -0.25875
C 61.21940 65.84300 -0.25173
C 69.08190 70.71340 0.51572
C 65.43400 69.66130 -0.03681
C 62.24440 68.76840 -0.04914
C 51.26270 63.81730 -0.55199
C 55.85290 67.59600 -0.40499
C 52.67010 67.39950 -0.67201
C 49.42650 67.05620 -0.65793
C 56.82330 70.53060 -0.11284
C 53.76110 70.34050 -0.23283
C 50.68070 69.84200 -0.42672
C 69.88570 49.02350 -1.56057
C 47.87970 49.55870 -1.66934
C 47.51710 52.85930 -1.61932
C 54.04220 49.87410 -1.36557
C 60.74150 54.36860 -0.87074
C 57.77700 53.54560 -1.03363
C 67.93530 58.35070 -0.08834
C 64.81980 58.07260 -0.34193
C 61.74420 57.40610 -0.76620
C 58.39820 56.56760 -0.85175
C 55.35070 55.88200 -0.97716
C 68.94970 61.77580 -0.37770
C 65.73740 60.92440 -0.40017
C 62.53670 60.49080 -0.58321
C 59.51740 59.71040 -0.79737
C 69.49490 64.97470 -0.48995
C 66.40570 64.08870 -0.27645
C 63.54090 63.47740 -0.33535
C 67.42810 67.31270 -0.23334
C 64.26430 66.46490 -0.06318
H 70.80100 56.25650 0.06504
H 53.23180 62.48050 -0.04144
H 50.42250 61.90890 0.77182
H 47.45700 62.68410 1.11625
H 59.31310 66.25750 1.24842
H 56.06860 65.62010 0.99973
H 60.34680 69.32790 1.43273
H 54.10360 47.94760 0.37863
H 63.25740 47.22490 -0.10675
H 68.41610 50.05970 0.10378
H 63.90360 50.35330 0.12515
H 71.07170 52.87230 -0.45339
H 49.55650 49.68130 0.32451
H 49.23150 53.11720 0.15901
H 48.79670 56.34900 0.06261
H 48.29010 59.49410 0.48572
H 60.72300 49.32380 0.22349
H 57.27260 48.66000 1.06165
H 64.44220 53.37800 1.03446
H 61.37180 52.44170 0.59621
H 55.11670 50.99750 0.13144
H 68.12200 56.62930 1.77417
H 65.02230 56.25640 1.24374
H 52.65560 53.22420 0.36601
H 69.32460 59.87910 1.39124
H 53.43040 56.34100 0.64100
H 70.04840 63.04470 0.95188
H 54.37820 59.56560 0.84698
H 51.46200 59.02930 0.52006
H 70.97240 65.96140 1.47778
H 58.57370 63.25420 1.09824
H 55.77600 62.48160 0.24040
H 68.83210 68.37830 1.46318
H 62.50600 66.92850 1.57031
H 66.61990 70.73820 1.29220
H 63.58630 69.87800 1.62269
H 52.71630 65.35210 0.67974
H 49.42520 64.98400 0.63723
H 57.19780 68.68380 1.47309
H 54.05540 68.30850 1.18872
H 50.95670 67.88090 1.03459
H 55.17060 71.27920 1.57175
H 52.01990 70.86690 1.34342
H 48.90740 70.39920 1.22858
H 69.90430 47.18710 0.16943
H 66.61660 47.31570 0.07192
H 71.61210 49.77680 0.10421
H 58.21180 51.66230 0.43573
H 62.06900 55.56350 0.78716
H 58.99130 54.75320 0.75126
H 55.84670 53.97230 0.57205
H 66.12960 59.21950 1.36627
H 62.86260 58.64110 1.00975
H 59.82890 57.84490 0.68639
H 56.60800 57.11180 0.76028
H 67.03010 62.21370 1.21439
H 63.90430 61.54750 1.15172
H 60.73170 60.86340 0.99364
H 57.65420 60.16510 0.76240
H 67.82060 65.36920 1.25330
H 64.78670 64.63470 1.47282
H 61.66980 63.93340 1.19487
H 65.73450 67.70360 1.48009
C 52.40220 60.94850 1.79912
C 48.86170 60.99160 2.42925
C 57.81540 64.94340 2.72080
C 54.34510 63.88360 1.74437
C 47.20880 65.09930 1.68761
C 58.98450 68.01770 3.02312
C 63.14360 71.54970 3.37164
C 59.92320 71.03970 3.12753
C 66.09080 49.53300 1.09224
C 62.71430 48.78890 1.74081
C 71.29950 51.80230 1.54389
C 68.88270 52.22000 1.17789
C 72.84880 54.52340 0.09582
C 71.97580 69.40610 3.25895
C 50.57590 47.90000 1.94947
C 50.94660 51.56350 1.21916
C 49.87230 54.83250 1.81618
C 49.73730 57.95290 1.86985
C 58.97090 48.03300 1.72294
C 63.34010 51.91670 2.10100
C 59.97780 50.98180 2.02946
C 56.63470 50.39260 2.06679
C 70.33170 55.25410 1.92921
C 66.52530 55.46690 3.14895
C 63.49210 55.04880 2.71085
C 54.28090 52.51280 1.98160
C 71.10500 59.29820 3.11346
C 51.93500 54.80310 2.14636
C 55.97720 59.02470 2.30493
C 52.95710 57.81150 2.24203
C 60.25740 62.55470 2.68243
C 56.95470 61.90820 2.32336
C 70.63100 67.85730 3.16144
C 60.97980 65.48150 2.90866
C 68.97410 70.61980 2.41107
C 65.43570 69.45430 3.20181
C 62.03410 68.71160 3.13667
C 51.10770 63.92200 1.98674
C 55.67230 67.29940 2.83649
C 52.60890 66.80400 2.53937
C 49.60250 66.50640 2.50811
C 56.90440 70.48750 3.11112
C 53.64960 69.91320 2.95791
C 50.57360 69.54080 2.81522
C 69.95600 49.03570 1.85666
C 47.74100 49.55090 1.67964
C 47.40390 52.70890 1.67263
C 54.16440 49.43780 1.87508
C 60.82610 54.09280 2.32333
C 57.58960 53.27310 2.18972
C 67.82180 58.44950 3.06598
C 64.48160 58.07090 2.74016
C 61.41170 57.27110 2.39186
C 58.33140 56.61790 2.29481
C 55.28820 55.53650 2.19975
C 68.88000 61.67900 2.76630
C 65.60920 61.08850 2.88439
C 62.39930 60.34050 2.67785
C 59.23510 59.49430 2.43685
C 69.77190 64.82830 2.74189
C 66.64750 63.97550 2.91109
C 63.37490 63.24950 2.85438
C 67.60840 67.14180 2.98551
C 64.40380 66.42940 3.12143
C 69.76700 87.20720 -0.58265
C 67.59470 87.33120 0.25844
C 64.32020 87.92630 1.30309
C 61.30850 89.35350 1.33291
C 60.41060 92.19450 1.02833
C 57.26050 92.30950 1.96454
C 56.57970 95.52500 0.98374
C 47.91190 76.87910 0.15137
C 50.86280 78.56930 0.71502
C 54.17630 80.73300 1.01464
C 59.69300 84.71090 1.42793
C 48.15120 90.28460 2.15460
C 58.74040 87.73520 1.87551
C 56.36390 88.62230 2.28479
C 50.92540 91.44010 2.20274
C 57.67120 90.98230 3.50850
C 53.85240 93.64940 1.93000
C 64.26390 74.49860 0.36626
C 48.31060 72.36330 -0.24245
C 62.39590 77.12460 0.30103
C 52.83750 75.73770 0.09277
C 49.42250 75.49970 -0.02216
C 63.46590 80.28500 0.31592
C 60.27020 79.66040 0.67286
C 56.98930 79.39040 0.98791
C 53.65630 78.76330 0.59269
C 65.19040 83.27540 1.44990
C 61.41100 82.58720 0.98102
C 61.92700 85.83910 1.79570
C 71.91550 72.55910 -0.25108
C 69.01060 74.15870 -0.06793
C 68.62570 77.57440 0.22174
C 66.07100 75.19870 0.01121
C 69.13290 80.69140 -0.30150
C 68.84480 84.03770 0.36340
C 69.44200 90.22890 -0.22886
C 66.45310 90.65450 0.21962
C 63.36030 91.24200 0.80096
C 68.57240 93.12410 -0.23248
C 65.38660 93.79760 0.27157
C 62.53150 94.45540 0.56427
C 59.52990 95.08410 0.85277
C 70.72210 95.51140 -0.73164
C 48.16340 80.39650 0.75824
C 51.14390 82.00550 1.07958
C 48.10540 83.65620 1.23183
C 57.61870 82.19420 1.89737
C 54.10520 83.71610 1.51993
C 50.99610 85.22010 1.46247
C 48.18040 86.76420 1.53506
C 56.56250 85.55880 1.65648
C 53.73140 86.90950 1.86841
C 51.03550 88.32760 1.97855
C 53.78490 90.05480 2.33291
C 61.14100 74.18790 0.24470
C 57.93000 73.73960 0.06877
C 54.80580 73.14820 0.07616
C 51.63140 72.83960 -0.07828
C 59.14630 76.73330 0.35236
C 55.96320 76.25310 0.33595
C 71.51230 75.85280 -0.20447
H 48.25780 94.61760 2.50699
H 67.66920 85.81170 1.88970
H 60.84890 87.64370 3.01686
H 69.39520 88.50840 1.46323
H 66.43130 88.92120 1.87968
H 63.28060 89.76650 2.80086
H 60.10210 90.74020 3.06353
H 59.25040 93.75180 2.53931
H 56.01610 94.11310 3.07779
H 49.97460 80.26040 2.40908
H 52.92590 81.88700 2.89456
H 59.76240 82.84740 2.98212
H 56.05730 83.63260 3.10775
H 58.42560 85.71990 3.21645
H 58.10890 88.58710 4.08802
H 55.47310 90.11490 4.13547
H 52.57670 91.35820 4.14912
H 49.02190 92.09960 3.68661
H 64.41180 72.76580 2.23054
H 61.44300 72.25380 1.70442
H 62.58770 75.21860 1.95425
H 49.87170 73.37000 1.42764
H 63.85530 78.04510 1.70173
H 54.20250 76.79700 2.11996
H 51.10320 76.26110 1.67766
H 65.18260 80.77260 2.29343
H 61.93740 80.51030 2.26907
H 58.75510 80.15570 2.52794
H 55.89600 80.64350 2.74372
H 62.95710 83.57120 2.50350
H 70.13650 72.69380 1.57581
H 67.29230 73.90140 1.96808
H 66.72220 76.99560 1.80612
H 67.53910 79.79190 0.91989
H 70.72020 85.53530 0.84358
H 67.59300 82.68550 2.12564
H 51.35960 93.88780 2.61897
H 68.41340 91.44350 1.61882
H 65.39300 92.05800 2.01077
H 62.37110 92.84400 2.35152
H 70.48310 93.86430 1.08672
H 67.43770 94.50600 1.44118
H 64.37320 95.34090 1.94806
H 61.41690 95.96990 2.13593
H 49.96490 83.40380 2.80831
H 52.82790 84.98830 3.13464
H 49.89280 86.51660 3.31565
H 55.50950 86.73200 3.55959
H 52.80460 88.18940 3.72682
H 49.98830 89.65600 3.66184
H 58.22620 71.76240 1.47092
H 59.39440 74.75610 1.82322
H 56.24350 74.24730 1.77526
H 53.07730 73.83360 1.66448
H 60.65700 77.69290 2.08370
H 57.45440 77.15770 2.08164
H 69.88960 75.93850 1.42223
H 70.30000 79.08870 1.21504
H 70.41390 82.31940 1.15273
C 70.59300 87.17190 2.68680
C 68.05650 87.54730 3.33982
C 64.64310 87.80210 3.22275
C 61.59790 89.41640 4.58453
C 60.68500 92.52900 4.18480
C 56.89910 93.34550 5.34813
C 56.71130 -1.36913 4.15871
C 47.80020 76.26970 3.36519
C 50.83210 78.51500 2.55368
C 54.19140 80.13800 4.36712
C 59.81970 84.27240 4.75374
C 47.71410 90.11540 4.51307
C 59.34520 87.24860 4.97999
C 56.12320 88.18610 5.49052
C 50.73480 91.29640 5.36363
C 55.57030 91.82240 6.00141
C 53.57350 93.61240 3.95356
C 64.14560 74.64200 3.82278
C 48.42000 72.09550 2.98521
C 62.50290 76.97010 3.68530
C 52.56600 75.47170 3.50593
C 49.49630 75.12530 3.21540
C 63.89470 79.89730 3.77149
C 60.56430 79.30880 3.92138
C 57.15600 78.88690 3.81947
C 53.58450 78.19850 4.20012
C 65.41930 83.11540 3.37293
C 61.81650 82.09190 4.18744
C 62.31260 85.73110 3.64655
C 71.90970 72.70940 3.03441
C 69.05820 74.32790 3.23243
C 68.50320 77.83120 2.15421
C 66.05230 75.33140 3.76514
C 69.21970 80.78720 2.64526
C 69.53530 84.19010 2.54948
C 70.13700 90.32420 2.89549
C 66.95190 90.72470 3.44813
C 63.85520 91.53830 3.96035
C 69.01550 93.41630 2.99525
C 65.86740 94.04030 3.37591
C 62.82810 94.79580 3.74108
C 59.81960 95.70680 3.95045
C 71.33570 95.71410 2.43134
C 48.03190 79.67360 3.91463
C 50.81740 81.50440 4.32398
C 48.05930 83.26770 4.40780
C 57.66340 81.91470 3.80691
C 54.06710 83.36050 4.59757
C 50.92620 84.70070 4.68449
C 47.75740 86.74340 4.64814
C 56.72920 84.99400 4.85975
C 53.68690 86.32530 5.07175
C 50.77650 87.95440 5.18905
C 53.50160 89.51290 5.66044
C 61.07490 73.96930 3.39572
C 57.94720 73.39220 3.28275
C 54.71470 72.95410 3.24776
C 51.60880 72.43890 3.07948
C 59.27460 76.41930 3.63170
C 55.94230 75.88020 3.64191
C 71.84880 75.98910 2.91882
C 88.51560 2.65286 -2.37421
C 92.65290 5.60419 -1.79675
C 88.80660 5.41116 -0.83123
C 93.99910 8.46560 -1.72575
C 81.54950 1.26787 -2.48866
C 78.38810 1.81960 -2.15088
C 77.47590 5.08378 -1.74162
C 74.44110 5.74222 -1.53245
C 73.77660 7.41431 -2.35481
C 72.03380 10.01930 -2.00078
C 73.15890 13.12540 -1.90395
C 74.90630 16.74020 -2.38128
C 75.58960 20.27800 -2.38581
C 85.21220 2.74080 -1.14734
C 82.08510 3.98477 -0.62453
C 79.61240 5.42534 -2.03166
C 84.79930 6.21359 -1.95417
C 79.23800 9.17544 -2.67128
C 76.03950 10.28940 -2.65816
C 90.45730 7.86547 -2.03106
C 87.48630 8.45623 -2.00371
C 76.02800 13.62700 -2.64283
C 94.27980 10.24300 -0.78987
C 78.42450 15.22460 -2.72766
C -0.20146 11.90290 -1.73759
C 80.41280 17.45820 -2.49611
C 95.47340 14.97750 -0.77546
C 80.00230 20.59650 -3.46682
C 94.38110 18.73440 -0.70289
C 91.59030 19.51220 -0.62525
C 88.86920 20.65230 -1.56846
C 85.59500 21.94950 -1.39158
C -0.39198 20.03460 -0.64147
C 95.23040 23.32730 -1.37366
C -0.74904 0.52986 -2.26380
C 93.44680 0.24918 -2.48930
C 90.26830 -0.00955 -2.60402
C 86.36840 -0.02504 -1.87511
C 94.81420 3.11983 -2.03709
C 91.64880 2.75867 -2.16991
C -1.13841 5.80675 -1.63713
C 79.25270 -1.20015 -2.24831
C 75.98730 -0.54788 -1.84198
C 72.85420 0.22345 -1.24783
C 75.24850 2.66689 -1.63008
C 72.17740 3.28369 -1.12488
C 72.52710 19.40730 -2.43729
C 73.43400 22.55350 -2.68385
C 81.92190 7.53027 -2.05871
C 84.61660 9.56703 -2.01298
C 81.84030 11.05670 -2.25923
C 78.93620 12.39640 -2.62675
C 89.85280 11.03440 -2.30172
C 87.14580 11.91020 -2.03487
C 84.21330 13.03640 -2.18338
C 81.36770 14.19970 -2.47024
C 92.59780 13.12360 -1.86980
C 89.66220 14.20190 -1.88075
C 86.71300 15.25030 -2.05785
C 83.68960 16.25750 -2.33392
C 92.05500 16.37960 -1.26372
C 89.30770 17.55270 -1.44312
C 86.21580 18.60000 -1.97321
C 83.09580 19.35040 -2.71000
H 88.51910 0.61011 -0.98797
H 89.97510 3.30510 -0.50662
H 87.13480 3.61063 -0.49405
H 94.36530 6.47529 -0.18038
H 91.04000 6.36954 0.04779
H 84.42940 96.29550 -1.16801
H 83.25720 1.80011 -0.69201
H 80.20080 2.28503 -0.51960
H 77.11880 3.08113 -0.34812
H 76.17440 6.12028 0.30743
H 72.97750 6.97754 0.09771
H 74.64440 14.78220 -1.00528
H 75.79330 18.75740 -1.15502
H 76.88100 21.59550 -0.55423
H 84.31650 4.87423 0.08116
H 81.02440 6.23651 0.01863
H 78.41640 7.58707 -1.44440
H 86.89630 6.94077 -0.53472
H 75.19270 11.99100 -1.08199
H 89.51360 9.29934 -0.54983
H 77.73520 13.71030 -1.05096
H -0.91513 10.11130 0.09613
H 92.04550 11.32430 -0.93793
H 77.14570 16.65080 -1.06447
H 78.83450 19.24620 -1.47207
H 93.77350 16.48710 0.17792
H 81.52100 20.73720 -1.49260
H 79.01310 22.32230 -2.49954
H 93.23310 19.42760 1.48912
H 90.47250 20.49120 0.58799
H 87.92600 22.15740 -0.22782
H 96.15320 18.50260 0.95171
H 94.93900 21.19910 -0.12813
H 94.91890 1.05665 -0.72854
H 91.75340 0.72107 -0.79691
H 96.25000 3.82487 -0.23214
H 93.08260 3.61213 -0.39538
H 72.70750 96.11990 0.46375
H 81.22800 -0.59015 -0.90959
H 77.99450 -0.02679 -0.50963
H 74.87280 0.74151 -0.07602
H 71.72650 1.51656 0.53874
H 73.92780 3.88768 0.07729
H 72.90680 17.41320 -1.03017
H 73.71880 20.90830 -0.85135
H 75.51510 8.79902 -1.21188
H 83.86010 8.04687 -0.50008
H 80.90810 9.37615 -0.74584
H 78.00910 10.72240 -1.20990
H 86.49480 10.19860 -0.46248
H 83.57610 11.33830 -0.54168
H 80.60970 12.55850 -0.87320
H 88.92660 12.39060 -0.42444
H 85.97380 13.46290 -0.54273
H 83.04180 14.59570 -0.69045
H 80.06030 15.58260 -0.95154
H 91.24810 14.33070 -0.03798
H 88.33530 15.57860 -0.26162
H 85.32750 16.73290 -0.55495
H 82.26790 17.77070 -0.94976
H 90.72830 17.44470 0.57656
H 87.74390 18.85640 0.05635
H 84.55290 19.88770 -0.75420
C 88.40530 2.16617 1.00386
C 92.73850 5.24169 1.47384
C 89.34620 5.12173 1.06263
C 93.98660 8.08932 1.75412
C 82.07770 1.04425 0.82318
C 78.75300 1.76126 1.10349
C 77.81490 4.58264 1.57087
C 74.58200 5.74781 1.74461
C 73.43790 9.07728 0.55127
C 70.59140 10.22340 2.58745
C 73.25870 13.00850 -0.02333
C 74.95320 16.84040 0.29571
C 75.39720 20.19630 0.88626
C 85.15720 2.79625 0.90844
C 82.15160 4.50430 1.35341
C 78.66800 6.56062 0.92347
C 84.98570 6.62170 1.33071
C 78.86250 9.27641 0.52526
C 76.33420 10.59090 0.56034
C 90.87770 8.01418 1.30352
C 87.74370 8.79539 1.14121
C 76.02810 13.55930 0.56247
C 94.34080 10.14850 1.24200
C 78.28160 15.25180 0.67225
C 0.07784 11.54650 1.80894
C 80.06400 17.71680 0.24929
C 95.33690 14.74050 1.20299
C 79.34130 20.85890 -0.39556
C 94.34910 17.61670 2.41337
C 90.91030 18.89930 2.57653
C 88.15670 20.62780 1.85509
C 85.47260 21.90370 0.47714
C 95.48070 20.46690 2.20058
C 94.17020 23.01980 1.62488
C -1.00083 0.04628 0.85172
C 93.40850 -0.24689 0.69994
C 90.11360 -0.42499 0.60831
C 86.39550 -0.30080 0.00947
C 94.68790 2.61273 1.17290
C 91.59340 2.32452 1.04503
C 95.98130 5.37979 1.57844
C 79.62840 -1.27106 0.85549
C 76.46050 -0.46146 1.38076
C 73.43990 0.27824 1.87214
C 75.42740 2.55465 1.46642
C 72.39930 3.44903 1.95014
C 72.45490 19.37120 0.56200
C 73.38100 22.78600 0.66905
C 81.88280 8.03732 1.16928
C 84.63060 9.83931 1.12373
C 81.56570 11.14710 0.87060
C 78.67500 12.23750 0.53362
C 90.41740 11.11320 1.02872
C 87.10590 12.02990 1.13917
C 84.03800 13.08090 0.97074
C 81.10330 14.23150 0.78744
C 91.98940 12.57150 1.44178
C 89.27980 14.00350 1.38396
C 86.25720 15.25380 1.13634
C 83.27550 16.50690 0.83496
C 91.98000 15.79430 1.85916
C 88.49130 17.13030 1.63774
C 85.53880 18.61970 1.12206
C 82.46750 19.76770 0.51606
C 81.25350 48.54460 -0.76780
C 91.05700 46.46040 -1.16422
C -0.96579 47.51930 -2.99305
C 83.89240 24.79440 -2.31597
C 80.27100 24.43070 -2.69955
C 88.97000 27.11710 -2.24548
C 85.56750 27.37900 -2.35252
C 79.50550 29.23040 -2.91093
C 88.11320 30.20120 -1.80929
C 78.76690 31.85430 -2.55972
C 90.17630 32.53130 -1.38850
C 77.47090 34.86750 -2.05755
C 92.10680 34.74250 -1.17233
C 79.44540 37.65170 -1.56565
C 94.02200 37.26380 -1.13013
C 81.52730 40.09960 -1.28244
C 83.66470 42.34510 -0.93946
C 95.27310 42.49660 -1.19386
C 91.94700 43.36400 -1.13213
C 88.63900 44.35570 -0.82006
C 85.56420 44.94490 -0.48117
C 82.86570 45.56270 -0.39110
C 93.42800 44.96470 -1.72286
C 76.63750 23.18790 -2.53509
C 77.54110 26.38000 -2.68648
C 75.74130 29.53520 -2.11836
C 72.44960 31.70920 -2.06940
C 74.36700 35.20600 -2.11666
C 76.18540 37.91500 -1.70725
C 78.18310 40.54780 -1.46994
C 80.08470 43.36430 -0.65058
C 77.76990 45.29830 -1.86494
C 82.44220 22.26940 -2.55218
C 88.02570 24.04380 -2.00975
C 93.26660 26.05050 -1.18356
C 89.66190 25.17250 -1.67275
C 91.10140 28.92040 -0.49081
C 93.34150 31.78360 -0.95151
C 95.42080 34.20390 -0.89653
C 82.42350 27.88260 -2.38427
C 84.78850 30.71010 -2.22235
C 81.74830 31.75430 -2.56601
C 86.98120 33.23630 -1.72006
C 83.73050 34.01980 -1.86103
C 80.64930 34.69290 -2.01027
C 88.99330 35.61900 -1.38806
C 85.75560 36.29650 -1.51348
C 82.65980 36.96450 -1.50398
C 90.98580 37.86820 -1.10578
C 87.76210 38.71540 -1.28590
C 84.62990 39.33140 -1.21414
C 96.38240 39.67300 -1.06816
C 93.12920 40.35350 -1.09358
C 89.97570 40.98950 -1.04122
C 86.83730 41.68790 -1.02652
C 74.37440 25.51030 -2.85392
C 72.94990 38.10880 -1.78750
C 74.76560 40.70220 -1.69041
C 76.49920 43.53190 -1.47923
C 72.93870 43.52140 -1.66539
C 74.69650 46.17050 -1.65144
C -1.16915 26.06830 -0.49066
C 94.79340 28.91520 -0.73913
C -0.83028 31.30530 -0.60098
H 83.62450 47.91780 -0.01274
H 93.25070 46.74710 0.05539
H 85.04620 25.90600 -0.14608
H 82.03520 25.60010 -1.28292
H 87.33380 28.06940 -0.58388
H 81.23630 29.88940 -1.84325
H 77.94530 30.04010 -0.90033
H 89.54630 30.66770 0.19123
H 79.12410 35.57870 -0.32281
H 93.74650 35.37160 0.43007
H 81.17890 38.06100 0.18404
H 95.72250 37.83410 0.42642
H 83.25140 40.37530 0.52536
H 94.91500 40.82150 0.57784
H 82.31910 43.42980 0.40297
H 93.86440 43.74380 0.35507
H 90.77500 44.66990 0.48753
H 87.57680 45.21450 0.84408
H 84.37310 45.49690 1.76417
H 77.73460 24.65220 -0.74429
H 75.77560 27.08700 -1.43124
H 73.33960 29.45790 -1.33036
H 74.10460 33.50100 -1.28157
H 75.95220 35.92090 -0.38037
H 77.82500 38.53720 0.10970
H 80.10710 41.04450 0.00361
H 78.00370 44.23800 0.40239
H 83.58200 23.10370 -0.43242
H 93.24420 23.88300 0.37283
H 91.56520 26.62560 0.52552
H 93.10650 29.88710 0.76736
H 94.98260 32.45880 0.75941
H 84.23520 28.89720 -1.02903
H 86.38710 31.25200 -0.33577
H 83.33810 31.96500 -0.63230
H 80.21010 32.61100 -0.75406
H 77.12260 33.11990 -0.98722
H 91.72170 32.93520 0.46611
H 88.58490 33.69960 0.08755
H 85.45450 34.30720 -0.12987
H 82.24730 34.97110 -0.14640
H 90.64630 35.99730 0.40450
H 87.50790 36.74040 0.19606
H 84.35200 37.38450 0.24597
H 92.69670 38.56810 0.46765
H 89.51310 39.07730 0.47612
H 86.36750 39.73600 0.44269
H 91.76230 41.52300 0.54887
H 88.65930 42.24170 0.60499
H 85.48930 42.83200 0.65886
H 74.77570 23.82670 -1.09898
H 72.58060 26.32380 -1.32656
H 72.73920 36.10190 -0.42245
H 74.58070 38.75890 -0.02091
H 76.32740 41.45450 -0.09526
H 73.04140 41.58350 -0.09341
H 74.69080 44.21860 -0.01024
H 96.27450 23.96490 0.77568
H 94.65160 26.88170 0.70634
H -1.15477 29.60630 1.12102
C 82.86930 47.42820 2.46653
C 91.61030 46.55560 1.90263
C 95.78140 49.56820 0.74538
C 82.84710 24.98930 1.02883
C 80.08130 24.04200 -0.83778
C 88.26990 26.65980 1.29566
C 85.17350 27.43210 0.82404
C 78.99980 28.13560 0.29208
C 87.50720 29.79410 1.37022
C 78.42960 31.55910 0.75153
C 89.66560 32.22370 1.80740
C 77.39870 34.60290 1.14527
C 91.96960 34.69300 2.06095
C 79.30750 37.20210 1.56225
C 94.00890 37.21640 1.97399
C 81.21130 39.92850 1.81930
C 83.67810 42.20310 2.14443
C 95.35340 42.76350 2.14051
C 92.18110 43.34390 2.05871
C 89.22300 44.00780 2.25946
C 85.94820 44.35520 2.60817
C 82.65800 43.92450 2.78179
C 95.40430 45.55190 0.57667
C 76.46750 23.77640 0.80140
C 77.34470 26.87970 0.53748
C 75.55610 29.37980 -0.23281
C 72.56530 31.61340 -0.25573
C 74.25920 34.80540 0.99522
C 76.01780 37.54010 1.55002
C 78.11840 40.51830 1.45807
C 79.98230 43.25340 1.22938
C 78.24990 46.14650 1.25363
C 81.97680 21.81890 0.69455
C 89.39570 23.65170 1.21768
C 92.80260 25.88740 2.15517
C 89.62770 25.42700 0.31949
C 90.88750 28.86830 1.36523
C 93.07130 31.63580 2.17532
C 95.07970 34.25410 2.18649
C 82.04500 27.89440 -0.46266
C 84.42070 30.39640 0.92184
C 81.41160 30.86620 0.43788
C 86.70120 32.88980 1.47611
C 83.57810 33.44530 1.24681
C 80.40090 34.08290 1.18754
C 88.80560 35.38140 1.85927
C 85.77500 35.90830 1.69944
C 82.49170 36.61200 1.66237
C 90.98980 37.77750 2.01945
C 87.71390 38.37640 2.00991
C 84.59350 39.09230 2.07946
C -0.55150 39.67610 1.30647
C 93.17930 40.27810 2.14786
C 90.01570 40.82120 2.12130
C 86.90790 41.46520 2.17608
C 74.34230 25.84410 0.28400
C 72.81190 37.69930 1.40508
C 74.65860 40.58820 1.55296
C 76.42570 43.31400 1.61965
C 73.06830 43.41290 1.61693
C 74.99880 46.11520 1.44729
C 95.96810 25.68370 2.51005
C 94.51930 28.65700 2.44460
C 96.40760 31.58040 2.58375
C 87.63860 47.44360 -0.25247
C 84.51410 49.56440 -1.15214
C 81.62600 50.56650 -0.35352
C 78.81700 51.62310 -0.09181
C 76.31600 53.48720 -1.38059
C 93.97080 48.71510 -0.95847
C 76.13410 56.83330 -1.28729
C 72.57230 57.86130 0.60112
C 75.59700 60.15730 -0.92231
C 95.53240 53.21800 -1.10428
C 92.77130 54.73940 -1.02702
C 89.90490 56.02330 -1.01555
C 86.83560 57.33910 -0.95391
C 75.58100 63.68480 -0.61599
C 87.08360 60.88560 -0.67097
C 84.56390 62.68460 -0.19862
C 78.25480 65.25060 -0.26764
C 83.19730 65.41030 -0.52331
C 80.64260 67.26440 0.67188
C 83.57240 68.87500 0.35877
C 77.07120 49.21320 -1.03749
C 74.91530 51.98560 -1.48633
C 80.43370 70.59460 0.07322
C 77.80810 68.71530 0.46337
C 74.98260 67.27380 0.24431
C 72.31750 63.89940 0.52720
C 95.68480 56.80650 -0.85328
C 92.56650 57.63730 -1.05973
C 91.40270 60.75980 -1.20166
C 90.13510 63.59200 -1.08093
C 89.27490 66.35130 -0.95540
C 86.19370 66.62500 -0.87745
C 87.96430 69.51600 -0.69914
C 89.72560 72.36940 0.61442
C 90.53020 49.60310 -1.07524
C 87.50780 51.08710 -1.03368
C 84.49440 52.61780 -0.83109
C 81.42930 53.86160 -0.60606
C 79.03680 55.54180 -0.98822
C 93.11120 51.55790 -0.96559
C 90.06870 52.96060 -1.05308
C 87.20280 54.33780 -0.84733
C 84.39960 55.74250 -0.75096
C 81.53860 57.24670 -0.80369
C 78.63920 58.87630 -0.85219
C 84.13810 59.06470 -0.82718
C 81.30430 60.64590 -0.82976
C 78.33460 61.98340 -0.62389
C 80.99200 63.88060 -0.41827
C 73.33560 48.99550 -1.45341
C 74.81330 70.85110 -0.41911
C 94.56340 59.87110 -1.09918
C -0.90573 62.29020 -1.38512
C 93.36970 63.01630 -1.28446
C 95.45510 65.37060 -1.51926
C 92.33550 65.89590 -1.26335
C 94.36130 68.46040 -1.55790
C 91.19130 69.06460 -1.09762
C -1.03115 70.83820 -1.93791
C 93.14160 71.57310 -1.25379
H 81.31570 49.24140 1.83813
H 89.91720 47.84070 0.62657
H 86.44880 49.44420 0.54687
H 80.82730 52.37510 1.22882
H 77.97590 53.81070 0.53484
H 75.25120 55.37260 -0.00027
H -1.11858 47.62160 -0.49964
H 74.92710 58.55900 0.36359
H 94.91930 51.74590 0.78801
H 91.93600 53.03190 0.57862
H 74.69460 61.71360 1.04584
H 91.64190 56.13070 0.66406
H 88.73620 57.53750 0.68796
H 86.12460 58.99990 0.69647
H 74.53440 64.87640 1.03138
H 86.92420 62.12450 0.73778
H 80.01940 65.10730 1.44859
H 77.09020 66.60900 1.49679
H 85.53410 64.91120 0.43996
H 82.94530 66.79650 1.43300
H 76.43880 46.93580 -0.52119
H 74.81460 50.10110 0.32266
H 84.00570 71.23320 1.13875
H 81.45460 69.33180 1.56253
H 78.44030 70.89700 1.56177
H 75.62100 69.35980 1.41445
H 72.83830 70.91260 1.30042
H 94.73820 54.94530 0.52709
H 94.22930 58.14280 0.66605
H 91.17170 59.00240 0.56010
H 90.05350 61.79980 0.69282
H 88.78510 64.63270 0.94731
H 88.00970 67.46610 0.79435
H 89.96940 69.99310 0.80683
H 86.84860 70.37070 1.09972
H 83.74790 50.97830 0.79412
H 92.31790 49.85160 0.58276
H 89.29620 51.13300 0.47335
H 86.45160 52.62680 0.64927
H 83.41920 54.13830 0.84596
H 80.64510 55.64590 0.85621
H 77.87520 57.03110 0.57831
H 89.12870 54.39720 0.66991
H 86.23350 55.77990 0.90002
H 83.37990 57.33910 0.81379
H 80.58130 58.86910 0.72371
H 77.53270 60.20830 0.87483
H 83.35800 60.64320 0.50720
H 80.24280 62.03550 0.94080
H 77.39930 63.43570 1.13021
H 82.82640 63.68390 1.17897
H 73.14290 47.10120 0.12293
H -1.16365 60.59980 0.33324
H 93.20200 61.22480 0.39891
H 95.22930 63.59440 0.13651
H 92.00860 64.15570 0.41137
H 94.23910 66.60740 0.11333
H 91.14010 67.16980 0.45973
H -1.20681 69.09840 -0.11005
H 93.19420 69.56520 0.24253
H 95.25220 72.20680 -0.28098
C 87.61150 47.51740 1.62294
C 84.56260 49.12930 2.10180
C 82.12530 50.73560 2.68238
C 78.61010 51.75550 1.87541
C 75.88280 53.72270 1.97257
C 93.19890 48.32120 2.17087
C 75.93670 56.87920 2.07389
C 72.26790 57.64680 2.65960
C 75.51990 60.13170 2.48942
C 95.77220 53.46250 2.37897
C 92.81310 54.64670 2.17789
C 89.88760 55.99410 2.36845
C 86.90680 57.52020 2.48368
C 75.57810 63.27860 2.85524
C 88.36180 60.01880 0.90054
C 84.67360 62.25360 1.90103
C 78.00650 65.10620 2.98850
C 84.00420 65.35830 2.56007
C 80.85170 67.20380 2.53347
C 83.70760 68.99670 2.20067
C 76.68380 49.16770 0.90179
C 74.59920 52.07680 1.95654
C 80.32090 70.80070 3.11644
C 77.85450 68.72020 2.40668
C 74.78540 67.19650 2.16876
C 72.25000 62.17040 1.53667
C 95.55390 56.73300 2.19935
C 92.45550 57.73080 2.31651
C 91.68440 60.86690 2.26400
C 90.55690 63.64060 2.39368
C 89.71000 66.66730 2.38473
C 86.91090 65.88130 2.34095
C 88.05320 69.45610 2.37802
C 90.37330 71.95430 2.29083
C 90.33580 49.43990 2.15968
C 87.36130 50.85350 2.14732
C 84.66750 52.63990 2.34482
C 81.52890 54.05210 2.55088
C 78.64940 55.30950 2.23873
C 93.06310 51.55280 2.26826
C 90.05410 52.74630 2.22158
C 87.34050 54.14470 2.35616
C 84.32550 55.78150 2.46509
C 81.54450 57.31820 2.39572
C 78.75400 58.63190 2.31886
C 84.28950 59.11840 2.24956
C 81.56770 60.43520 2.23946
C 78.42700 61.71490 2.54729
C 81.08720 63.42970 2.86597
C 73.10470 48.92790 1.88710
C 74.92420 70.89410 2.93853
C 94.67850 60.16090 2.03739
C -0.86528 62.55730 1.76156
C 93.67920 63.08360 1.88000
C 95.72700 65.42980 1.65888
C 92.69650 65.99670 1.94261
C 94.78880 68.43060 1.72974
C 91.61770 68.96850 2.09712
C -0.64453 71.05600 1.33431
C 93.88850 71.45580 1.74670
C 95.40420 95.23330 -2.77394
C 92.11100 94.93460 -2.90663
C 88.80140 94.99140 -2.91266
C 96.23340 78.15560 -3.28606
C 93.02920 78.04010 -3.35163
C 88.68010 80.34040 -3.38590
C 86.36470 82.85270 -3.36206
C 86.18670 86.06660 -4.61182
C 96.09190 89.57670 -3.38324
C 92.97500 89.60090 -3.47817
C 86.33040 89.24490 -3.89124
C 90.59450 92.05640 -3.54591
C 72.46990 88.90240 -0.47920
C 80.57300 89.94790 -2.59632
C 77.63990 91.00990 -2.00026
C 83.10820 93.06530 -3.18718
C 85.61910 94.87730 -2.86400
C 82.69290 96.04610 -2.64020
C 88.93030 75.85430 0.76816
C 85.88700 72.83870 1.50782
C 82.80050 72.04080 -0.30754
C 85.96900 75.81180 -0.12218
C 86.39770 78.76480 -1.85393
C 83.20920 81.06470 -1.84877
C 82.81260 83.98250 -3.60747
C 80.74720 86.40570 -2.95153
C 77.73890 87.99310 -2.38084
C 75.30510 87.24900 -1.48609
C 72.22690 85.52330 -1.13739
C 95.21000 74.20890 -1.95964
C 91.82850 73.16200 -1.47198
C 92.79230 75.98710 -3.12763
C 94.67110 80.88710 -3.46540
C 91.64730 81.07550 -3.62713
C 96.18950 83.88210 -3.45466
C 93.20110 83.77780 -3.63991
C 90.01920 83.49360 -3.78190
C 94.58850 86.78140 -3.50643
C 91.41650 86.52400 -3.72365
C 88.10450 86.10400 -3.93957
C 89.58240 89.29780 -3.68303
C 86.94820 92.07640 -2.73887
C 74.62720 91.55600 -1.32120
C 71.55460 92.53290 -0.71479
C 80.09850 93.30530 -2.33866
C 76.80610 94.07840 -1.90682
C 73.76250 94.71190 -1.27147
C 83.19570 74.81260 0.39296
C 80.35200 73.92030 -0.11337
C 77.69000 72.30050 -0.19912
C 83.28540 77.68340 -0.86666
C 80.39650 76.74960 -0.46926
C 77.45220 75.49300 -0.40147
C 74.59740 74.15300 -0.31991
C 80.43680 79.67100 -1.16449
C 77.55380 78.55410 -0.87117
C 74.63120 77.16850 -0.50880
C 80.35680 82.61890 -2.19177
C 77.57360 81.58520 -1.44325
C 74.72700 80.35720 -1.01338
C 71.94010 78.85430 -0.50661
C 77.73690 84.78040 -2.18978
C 74.84610 83.53660 -1.52473
C 71.86470 82.15560 -0.79926
H 95.42690 93.20740 -1.07176
H 92.34360 93.07370 -1.83966
H 90.43380 95.64680 -1.16682
H 87.23590 95.43220 -1.11591
H 96.18350 76.56470 -1.18400
H 94.57740 79.23460 -1.74173
H 91.48900 79.19310 -1.79330
H 88.76160 79.31270 -1.01062
H 87.04660 81.12990 -1.75925
H 84.74060 84.75360 -2.95863
H 86.52740 87.24200 -2.44636
H 94.18520 90.53500 -1.89243
H 91.06270 90.18420 -1.96611
H 87.84610 89.92320 -2.09063
H 84.76010 89.67650 -1.78654
H 89.13300 92.81690 -1.74011
H 77.62110 89.28810 -0.11154
H 74.58710 89.91200 0.48413
H 71.53630 90.79710 0.91657
H 82.62210 91.13750 -1.48419
H 79.71260 91.50490 -0.76039
H 84.96480 92.98640 -1.58983
H 86.86440 75.05670 2.21240
H 83.89520 74.01280 2.51360
H 87.08810 77.48430 0.23001
H 84.43390 79.44240 -0.52285
H 81.44170 81.67640 -0.20228
H 81.56130 84.65530 -1.45006
H 81.95290 88.16700 -1.34457
H 79.06540 86.63620 -1.13063
H 76.13860 85.34410 -0.35681
H 73.51130 86.93510 0.30897
H 92.21420 72.47810 0.86890
H 0.14886 74.26680 -1.15107
H 93.25320 75.07100 -0.76798
H 90.04570 74.50480 1.90476
H 93.66690 95.87560 -1.16547
H 96.22370 82.03280 -1.91255
H 93.08800 82.03210 -1.98173
H 89.98120 81.82060 -2.05040
H 94.55970 84.87000 -1.90979
H 91.42290 84.69680 -2.13738
H 88.11290 84.31720 -2.46511
H 95.97890 87.68140 -1.74404
H 92.79720 87.56640 -1.99330
H 89.59350 87.27920 -2.25750
H 76.67670 92.34880 -0.18160
H 73.67050 93.03600 0.43083
H 82.09560 94.13140 -1.19125
H 78.91590 94.60910 -0.64258
H 75.81140 95.40970 -0.09787
H 81.17170 72.42460 1.52587
H 84.20130 76.89890 1.34604
H 81.20820 75.55440 1.48914
H 78.39490 74.08740 1.35382
H 75.64200 72.55980 1.18874
H 81.53340 78.60240 0.69673
H 78.52060 77.28000 0.94950
H 75.68780 75.75590 1.21723
H 72.79470 74.32710 1.32053
H 78.68110 80.35710 0.43007
H 75.70900 78.97830 0.68533
H 72.91410 77.40070 1.26523
H 78.81100 83.45030 -0.45099
H 75.95140 82.13050 0.22669
H 73.01910 80.62000 0.75341
H 73.27050 83.81350 0.31117
C 95.18090 94.68830 0.41568
C 92.15140 94.59750 0.27015
C 88.84320 94.40210 0.23489
C 96.22670 78.27550 0.00086
C 93.10000 78.47910 0.08432
C 88.65620 81.66820 -0.03209
C 86.18690 83.40130 -1.33541
C 84.13590 87.16530 -2.38801
C 95.71970 89.43080 -0.03230
C 92.60760 89.25260 -0.23239
C 86.25950 88.79440 -0.46564
C 90.66960 91.81560 -0.13935
C 72.71660 88.79670 1.71382
C 81.27890 90.00200 0.42401
C 78.34420 91.27390 1.27109
C 83.37330 92.82660 0.35125
C 85.45960 94.52250 0.26542
C 82.74740 95.81540 0.53002
C 88.95980 74.83160 3.80578
C 85.69240 74.72400 4.19439
C 82.96800 72.40970 3.19927
C 86.21310 77.44770 2.64600
C 86.66890 79.98580 0.39298
C 83.55480 81.85280 -0.04319
C 83.46440 84.73590 -0.59731
C 81.34690 86.73180 0.05036
C 79.18040 88.21400 0.88466
C 75.79980 87.71470 0.48566
C 72.83420 85.44400 2.11107
C 95.57170 74.57730 0.36156
C 92.64310 74.69140 1.75744
C 91.75290 77.00670 -0.37931
C 94.60620 81.17750 -0.26327
C 91.52580 81.22590 -0.31189
C 96.08130 83.90610 -0.26320
C 92.96170 83.87530 -0.38554
C 89.57500 83.75810 -0.70464
C 94.28920 86.69820 -0.26037
C 91.13900 86.48960 -0.52041
C 87.95680 86.14620 -0.83455
C 89.49250 88.98480 -0.48332
C 87.07450 91.86620 -0.81937
C 75.24370 91.50000 1.68701
C 72.19560 92.58400 2.37117
C 80.59870 93.35530 0.60946
C 77.39570 94.18050 1.27742
C 74.37330 94.92360 1.79396
C 82.87530 76.23940 3.19611
C 80.17270 74.03180 3.07124
C 77.35460 72.62150 2.99448
C 83.66010 79.27860 1.81128
C 80.39310 77.54840 2.60324
C 77.60000 75.91150 2.74928
C 74.70700 74.23070 2.85078
C 80.72600 80.65610 1.80263
C 77.60050 79.12640 2.27307
C 74.98530 77.56710 2.61958
C 80.85270 83.83870 0.81785
C 78.02240 82.37690 1.61819
C 75.05550 80.84270 2.13623
C 72.20670 79.29840 2.66285
C 78.28500 85.42820 0.89467
C 75.38580 84.07770 1.59813
C 72.33100 82.49850 2.24165
