2979
Frame 80
C 12.71700 -1.09297 -1.83758
C 13.79730 1.93135 -2.04644
C 11.87260 3.80848 -3.25829
C 10.49220 7.19966 -3.70183
C 7.72400 10.06930 -3.14208
C 4.20609 9.49623 -3.99144
C 2.23579 9.39001 -4.83982
C 23.86810 1.17632 -0.45949
C 22.25890 5.17097 -0.12478
C 24.86720 6.90422 -1.26152
C 24.67850 12.57540 -1.16216
C 19.36850 1.77506 -2.13833
C 16.07930 0.08812 -1.17784
C 19.43150 5.03137 -2.11067
C 22.82430 9.79513 -1.43439
C 19.77900 8.49406 -1.98639
C 13.89820 5.64399 -1.74307
C 23.04270 13.63670 -1.66844
C 14.17260 9.11540 -2.30946
C 22.83980 16.96600 -1.70074
C 11.39340 11.62330 -2.37510
C 22.82560 20.26980 -1.45681
C 12.30490 14.37060 -1.74791
C 8.99673 13.66090 -2.09973
C 22.88010 23.62510 -0.96858
C 14.48580 18.91000 -1.03917
C 11.01700 17.01910 -0.54131
C 14.13540 22.10950 -0.00699
C 20.35490 -0.27230 -1.54500
C 5.22840 11.49830 -1.80332
C 5.98321 14.97360 -1.09353
C 2.79671 14.84000 -1.31523
C 7.56678 17.38680 -0.66633
C 1.40515 17.81490 -1.33640
C 9.32433 20.04710 -0.59620
C 10.83580 22.68190 -0.45197
C 9.25378 96.14860 -2.70431
C 10.62140 1.47927 -2.81636
C 7.31341 1.01977 -3.34027
C 3.96223 0.84385 -3.53026
C 8.74498 3.77203 -3.81647
C 5.22700 3.51631 -3.85239
C 1.85878 3.41763 -3.61997
C 6.87643 6.31610 -4.41198
C 3.56346 6.11288 -4.13123
C 16.54810 3.68572 -2.06898
C 17.02040 7.04569 -2.07119
C 20.05840 11.72640 -1.56535
C 17.14780 10.46480 -1.84144
C 20.23670 15.04920 -0.96183
C 17.44600 13.73250 -1.38705
C 14.62860 12.39480 -1.83360
C 19.97590 18.92680 -1.38491
C 17.29790 17.32590 -1.31655
C 14.71680 15.50650 -1.37272
C 20.13380 22.15590 -0.97715
C 17.19400 20.46110 -0.99164
C 4.48490 17.64380 -0.82624
C 6.20787 20.22410 -0.59996
C 3.15243 20.33600 -0.87257
C 7.74416 22.86500 -0.57609
C 4.62714 22.90260 -0.75992
C 1.44614 23.17970 -1.21098
H 13.69370 0.40780 -0.01961
H 11.74600 2.68273 -0.99036
H 10.17760 5.13660 -2.25841
H 8.16074 7.71679 -2.72821
H 1.77534 7.02836 -2.49172
H 3.44467 9.72437 -1.56502
H 22.65370 2.81668 1.02629
H 24.57310 5.12791 0.48233
H 23.03870 7.59389 -0.15240
H 24.54450 10.54580 0.31003
H 25.03870 16.43590 -0.24237
H 20.22820 3.67578 -0.56088
H 17.52030 1.96654 -0.44488
H 20.24940 6.67670 -0.21867
H 14.64750 3.58008 -0.44725
H 14.96600 7.26833 -0.71975
H 21.40670 12.94400 -0.06649
H 12.27510 9.42064 -1.29551
H 23.74320 18.87570 -0.14450
H 21.05690 17.21680 0.03680
H 9.55358 11.54960 -0.45029
H 23.85780 21.97400 0.19428
H 10.08290 14.69430 -0.50422
H 12.81500 18.71680 0.12583
H 9.28415 18.13170 0.97807
H 21.98580 -0.22266 0.21423
H 0.77928 13.39940 -1.75884
H 6.71022 13.03910 -0.75630
H 3.47534 12.67560 -0.19639
H 7.45012 15.51580 1.07296
H 6.01463 18.35150 1.01853
H 10.79750 20.84260 1.41243
H 7.71712 20.94660 1.03294
H 10.51260 -0.32409 -1.01263
H 7.14347 -0.74171 -1.59299
H 3.98395 -1.00454 -1.83576
H 0.84649 -1.33756 -1.82820
H 8.63979 2.34412 -1.80903
H 5.53023 1.92655 -2.01407
H 2.24135 1.58466 -1.96483
H 6.83696 4.72735 -2.49919
H 3.66840 4.42198 -2.22389
H 4.98035 7.26897 -2.97913
H 17.48940 5.22712 -0.44980
H 20.71940 9.76419 -0.05712
H 17.86350 8.62908 -0.35990
H 18.07650 11.79780 0.07683
H 15.19980 10.51630 -0.35420
H 18.09730 15.49620 0.24805
H 15.49440 13.69740 0.10729
H 12.64390 12.40550 -0.32609
H 21.06010 20.35870 0.31000
H 18.28090 18.74080 0.43905
H 15.49050 17.08500 0.33458
H 12.90340 15.61150 0.29267
H 18.32150 21.85580 0.72741
H 15.53990 20.27660 0.79641
H 4.22791 15.65510 0.54522
H 1.10306 15.88520 0.15045
H 2.75285 18.46670 0.64187
H 4.44411 21.15610 0.93360
H 1.21068 21.29690 0.37532
C 11.82980 -0.75076 1.17684
C 13.07050 2.30391 1.04790
C 11.42730 4.77572 -0.07335
C 10.55920 7.61812 -1.79459
C 7.96813 9.84698 -1.01009
C 4.10956 8.34379 0.24057
C 1.39119 8.88288 -2.65282
C 23.77100 1.01160 1.34473
C 23.83920 4.20321 2.68921
C 24.38210 7.05473 1.99185
C 24.60720 12.44630 1.89477
C 19.08920 2.01845 1.19613
C 16.01750 0.21064 0.76635
C 19.12000 5.01575 1.38478
C 22.54630 9.48470 1.55914
C 19.45220 8.27352 1.54206
C 13.30860 5.42354 0.09461
C 22.68670 12.93660 2.13625
C 13.72070 8.83678 0.78345
C 22.95820 17.00880 1.46574
C 11.16080 10.75530 0.83076
C 22.99620 20.25150 1.88382
C 11.64680 13.84840 1.38565
C 8.57047 13.29290 1.13024
C 23.11390 23.20310 2.28458
C 14.45400 18.45700 2.05796
C 11.37200 17.04670 1.56784
C 13.98020 21.78580 1.94672
C 20.09240 -0.21604 1.56113
C 5.39259 12.33890 1.36023
C 5.55114 14.37280 2.15288
C 2.37920 14.27080 1.45758
C 7.55609 17.07180 2.57440
C 1.13842 17.32950 2.05680
C 8.99703 19.77660 2.83476
C 10.67420 22.49210 2.67952
C 8.56639 -1.21081 0.31099
C 9.83984 1.77486 0.22599
C 7.01903 1.32807 -0.20235
C 3.98275 1.00684 -0.36666
C 8.40734 4.43044 -0.60575
C 5.43855 3.91433 -0.64153
C 2.24291 3.56780 -0.42587
C 6.82355 6.82592 -1.16744
C 3.66282 6.60578 -0.91219
C 16.25320 3.66888 1.12157
C 16.65750 7.01280 1.09184
C 20.01630 11.48160 1.65165
C 17.02170 10.22610 1.36292
C 20.37520 15.01660 1.04642
C 17.54130 13.75770 1.59556
C 14.35190 11.97350 1.42708
C 20.24870 18.65060 1.92552
C 17.32680 17.08380 1.99187
C 14.75400 15.28150 1.84006
C 20.28980 21.73000 2.22488
C 17.33600 20.14880 2.31373
C 4.21940 17.36950 2.27963
C 5.95099 20.20870 2.61587
C 2.58859 20.34700 2.16203
C 7.61176 22.89750 2.55261
C 4.31195 23.13890 2.45292
C 0.88895 23.11540 1.84836
C 22.71200 26.83780 -0.84591
C 20.19050 28.76350 -0.24195
C 14.94350 25.39770 -0.08595
C 18.42170 30.23990 -0.10749
C 22.66230 30.03570 -0.59516
C 24.03460 32.71000 -1.56719
C 23.60840 36.26880 -1.93707
C 25.36700 46.53690 -3.21531
C 22.21030 45.07130 -1.72277
C 20.85310 32.39350 0.77063
C 18.25740 32.95760 -1.76255
C 14.54450 28.43140 -1.30739
C 19.24800 35.82080 -1.79593
C 12.62550 35.16520 -1.92693
C 20.23520 38.86290 -1.62085
C 10.32480 37.16080 -1.53370
C 21.39470 41.98970 -1.77418
C 18.01980 41.54350 -1.82437
C 8.34757 39.55170 -1.63117
C 3.84445 40.04730 -2.52108
C 16.23070 44.13170 -1.75963
C 2.62696 43.30020 -1.90204
C 13.97660 46.45450 -1.72823
C 5.11865 45.08540 -2.06925
C 2.71296 47.66400 -2.19103
C 12.94150 25.26880 -0.29185
C 11.67820 28.42130 -0.41840
C 11.88490 31.71650 -1.70049
C 9.32996 30.63080 -1.03885
C 9.07267 34.02450 0.01847
C 5.43875 34.35750 -0.72999
C 7.47283 36.61880 0.57302
C 1.27509 37.11220 -1.29191
C 20.08500 25.30950 -0.66060
C 17.31320 23.67980 -0.54416
C 17.40600 27.00960 -0.09382
C 16.02270 35.54370 -2.07007
C 17.15490 38.53350 -1.92135
C 13.83620 38.16840 -2.03684
C 14.98780 41.14220 -1.86742
C 11.70300 40.41740 -1.96112
C 12.76670 43.45600 -1.81220
C 9.63266 42.85570 -1.91955
C 6.41876 42.25950 -1.98812
C 10.69080 45.90250 -1.69566
C 7.75787 45.40400 -1.67098
C 5.64379 48.02800 -1.60299
C 9.51269 25.68830 -0.56140
C 6.16802 25.66380 -0.72141
C 3.11184 25.67910 -1.00124
C 7.78373 28.18890 -0.75615
C 4.74440 28.47170 -0.97841
C 1.43331 28.64510 -1.23194
C 6.41733 31.07060 -0.89771
C 3.48329 31.42310 -1.09080
C 2.50017 34.29320 -0.95580
H 0.82281 43.54130 -0.10627
H 23.78930 25.18710 0.97200
H 21.13160 26.83640 0.94948
H 15.58690 23.54560 1.22532
H 18.45320 28.41000 1.59939
H 15.82820 26.76840 2.00024
H 16.02310 29.23630 -0.03839
H 23.89470 28.33080 0.65925
H 24.29280 31.41010 0.67201
H 21.37470 30.01610 1.45612
H 23.82910 41.25530 -1.93137
H 24.58200 44.37940 -2.09538
H 22.54120 43.33380 0.04161
H 20.31520 45.73130 -0.03638
H 19.32410 34.31620 0.39460
H 16.42870 33.72150 -1.00858
H 13.35800 33.32120 -0.31629
H 20.61190 37.19830 -0.14450
H 11.13630 35.48380 0.08692
H 21.46240 40.32850 0.03735
H 8.92696 37.97340 0.30279
H 19.47470 42.87630 -0.26979
H 6.40221 40.52610 -0.09857
H 2.40539 41.05280 -0.84239
H 17.44320 45.18720 -0.32776
H 4.68343 43.25850 -0.53075
H 15.38680 47.64540 -0.20030
H 2.93717 45.58720 -0.83168
H 12.42080 23.45870 1.21347
H 9.28154 23.79710 1.07540
H 11.17700 26.41420 1.13013
H 13.10810 30.31270 -0.01220
H 10.61810 32.19330 0.35639
H 8.06613 31.89190 0.72153
H 6.84311 34.87470 0.62615
H 3.71731 35.10280 1.11116
H 0.66192 35.24240 0.33840
H 2.33151 38.02030 0.23029
H 21.11210 23.56890 0.81196
H 18.39090 25.13410 1.11402
H 23.39500 46.06700 0.24290
H 17.44230 36.74980 -0.38255
H 14.25080 36.22640 -0.50093
H 18.39410 39.76050 -0.13231
H 15.33400 39.23490 -0.39242
H 12.10110 38.53290 -0.37668
H 16.38690 42.20970 -0.10496
H 13.12350 41.57550 -0.34362
H 9.85692 40.98680 -0.44299
H 14.33670 44.55680 -0.17863
H 11.00500 44.01320 -0.16460
H 7.80411 43.47940 -0.32334
H 12.17180 47.07230 -0.14661
H 9.10789 46.58510 0.07495
H 6.02190 46.16620 -0.06502
H 6.07966 23.86600 0.90736
H 2.88587 23.91260 0.67647
H 7.74239 26.47100 1.01779
H 4.55563 26.67900 0.69928
H 1.37422 26.78080 0.31344
H 9.52557 29.12670 0.67124
H 6.28256 29.31630 0.77354
H 3.10974 29.49650 0.43284
H 5.00180 32.27370 0.64407
H 1.69907 32.34770 0.29784
C 23.26250 26.41260 2.14371
C 20.30030 28.22780 2.86469
C 14.89450 24.66440 3.25035
C 16.35670 29.27930 2.56576
C 23.38570 30.00530 2.48031
C 23.29840 33.14320 1.56005
C 23.00620 36.33200 0.07991
C 24.87770 44.08150 0.42829
C 21.94070 44.93860 1.87979
C 20.06580 31.73560 2.59761
C 17.11150 33.57670 1.47061
C 15.14720 31.58510 -0.88868
C 18.91280 36.09900 1.56757
C 13.22460 35.18400 1.41853
C 19.99170 39.08450 1.56502
C 10.98580 37.33270 1.58344
C 21.15680 41.92100 1.61545
C 18.04020 41.61260 1.53024
C 7.94062 39.60590 0.31380
C 4.27969 39.33990 -0.54949
C 15.98620 43.99800 1.56587
C 2.88344 42.30820 0.94446
C 14.01700 46.37440 1.43018
C 4.36976 44.98770 1.21192
C 2.23245 47.29390 1.02385
C 12.74000 25.11410 2.87662
C 11.84140 28.75720 1.50152
C 12.61130 31.96330 1.77711
C 9.75726 30.91940 2.26730
C 10.15030 34.22660 1.81565
C 5.52688 33.91370 2.49447
C 4.06255 37.00770 1.88866
C 0.52846 37.18900 1.81236
C 20.38310 25.10730 2.56699
C 17.57880 23.29800 2.57256
C 17.60220 26.50930 3.07832
C 16.08080 35.28330 0.96447
C 16.94040 38.49940 1.30246
C 13.87600 37.93740 1.18206
C 14.84500 40.94060 1.33511
C 11.61090 40.34370 1.22574
C 12.82290 43.36080 1.36730
C 9.47752 42.70280 1.29426
C 6.18082 42.31470 1.20891
C 10.91160 45.78040 1.53259
C 7.61845 45.23180 1.43718
C 5.45521 47.88900 1.52061
C 9.51306 25.77520 2.61728
C 5.90070 25.79870 2.48697
C 2.80093 25.85140 2.11426
C 7.87871 28.47560 2.41174
C 4.56480 28.58000 2.22728
C 1.35790 28.58930 1.95529
C 6.49736 31.21280 2.32740
C 3.28113 31.41640 1.98410
C 1.88393 34.04090 2.13896
C 20.22330 47.87370 -1.55515
C 17.21860 47.32190 -1.82465
C 15.01320 49.50990 -1.82275
C 16.20040 53.41000 -1.47151
C 14.06850 56.64200 -1.26277
C 17.91570 57.04510 -1.91698
C 20.20950 58.94440 -1.75009
C 21.76060 61.68250 -1.76709
C 23.71580 64.33260 -1.95441
C 18.72760 61.61580 -1.82434
C 15.95010 60.41410 -1.45362
C 13.10350 59.24000 -1.06100
C 10.35680 57.37070 -0.28148
C 22.13420 66.95290 -2.19003
C 19.87810 64.83360 -1.47052
C 10.20160 60.98710 -0.82788
C 22.99430 70.42090 -1.50130
C 10.97750 64.28880 -1.99271
C 11.46610 67.51880 -2.74059
C 8.80755 69.57150 -3.39454
C 13.63760 49.08260 -3.33688
C 6.75957 50.88350 -1.54753
C 3.52804 50.69080 -1.62854
C 10.89700 54.54830 -1.71404
C 7.74711 53.80330 -1.64478
C 4.53103 53.47920 -1.49090
C 1.43761 53.00300 -1.39525
C 7.08357 56.70510 -0.33357
C 8.42185 58.74470 1.73432
C 6.98484 61.38020 -1.47544
C 8.72904 63.74690 -1.84209
C 7.98219 66.64610 -2.63367
C 6.79435 69.48560 -3.65116
C 23.09490 47.84950 -1.43753
C 21.35190 50.56860 -1.26081
C 17.59940 50.52330 -0.26633
C 22.91290 53.27860 -1.35452
C 19.62940 53.34750 -1.37150
C 21.51060 56.09970 -1.50584
C 23.22050 58.75250 -1.56834
C 16.35910 63.86030 -2.03890
C 13.57080 62.44250 -1.74025
C 19.73960 68.74820 -2.21972
C 16.93000 67.09180 -2.37288
C 13.81120 65.57370 -2.27157
C 17.38440 70.36750 -2.53487
C 14.41530 69.00260 -2.81139
C 11.78140 70.68370 -3.41433
C 11.85730 48.87840 -1.77748
C 8.79832 48.43790 -1.55510
C 10.07040 51.49250 -1.51923
C 3.13440 56.34590 -0.76254
C 5.01511 59.14250 -1.24806
C 1.63315 59.51130 -1.70709
C 3.65664 61.87790 -1.87360
C 5.70159 64.33330 -2.22220
C 2.52883 64.90730 -2.53310
C 4.48933 67.23380 -3.03993
C 1.22459 67.98450 -3.17426
C 3.56359 70.11980 -3.78136
H 1.83513 51.01840 0.30174
H 18.46970 48.25940 0.14893
H 15.67040 51.98690 0.49612
H 15.45220 55.18870 0.24957
H 16.17410 58.01530 -1.17649
H 21.71860 59.92010 -0.07860
H 18.62470 59.88340 -0.13678
H 23.36970 62.62890 -0.19065
H 13.94820 57.89180 0.90010
H 12.16590 55.74360 0.00745
H 22.04160 65.18510 -0.48120
H 20.15320 62.71700 -0.21912
H 16.97040 62.29850 -0.27336
H 14.19320 61.05600 0.16785
H 11.58030 59.42500 0.44853
H 23.33910 68.13580 -0.82437
H 11.67290 62.84020 -0.28943
H 11.96810 66.23260 -0.57508
H 9.50185 68.24560 -1.54393
H 9.86806 71.28890 -1.96212
H 13.31550 50.01960 -0.11266
H 3.90566 48.63950 -0.22430
H 11.35720 52.58960 -0.25880
H 8.22314 52.08430 0.04746
H 5.05982 51.67260 0.04233
H 9.08970 55.25090 -0.15416
H 6.10206 54.46780 0.13541
H 2.95945 54.01220 0.33779
H 7.34515 56.33420 2.27718
H 6.52530 60.06200 0.68965
H 8.47052 62.43160 0.22979
H 7.35466 65.24370 -0.74836
H 6.31148 68.07960 -1.81834
H 5.39032 71.07780 -2.37257
H 24.89370 48.68650 -0.02222
H 21.60610 48.64780 0.35285
H 23.05620 51.48590 0.34156
H 19.85680 51.48730 0.39654
H 21.35460 54.28640 0.26340
H 18.17300 54.10150 0.07389
H 23.06890 57.05460 0.20589
H 19.88100 57.06440 -0.18679
H 20.26930 67.06880 -0.58850
H 17.62750 65.37550 -0.72168
H 14.54150 64.18820 -0.31056
H 20.72440 70.22360 -0.58517
H 17.78000 68.73610 -0.68297
H 14.94000 67.35070 -1.02272
H 15.31690 70.64090 -1.24161
H 12.42750 69.32960 -1.43106
H 10.20750 49.55620 0.01259
H 7.07511 49.13510 0.10203
H 4.86136 57.37010 0.55969
H 1.40571 58.00030 -0.07390
H 3.30328 60.36730 -0.00126
H 5.34242 62.82250 -0.32808
H 2.20586 63.35570 -0.56546
H 4.19702 65.79560 -0.99708
H 1.12990 66.37210 -1.21290
H 3.15530 68.79360 -1.76356
H 2.30172 71.67930 -2.40485
C 20.03890 47.51060 1.92077
C 16.85510 46.95890 1.53916
C 15.01540 49.61300 1.33567
C 16.41990 53.34350 1.92280
C 13.94150 55.51430 1.75101
C 17.51620 56.56690 0.44354
C 20.12050 58.90630 1.48413
C 21.68800 61.86860 1.45784
C 23.75970 64.65500 1.17175
C 18.62780 61.72050 1.42086
C 16.29980 60.02730 0.21734
C 13.32510 59.92180 2.10121
C 11.68060 57.39870 1.77264
C 22.04570 67.07740 1.02157
C 19.77760 65.00030 0.49744
C 10.29380 61.28520 1.18603
C 22.87330 70.12520 0.54300
C 10.88050 64.69930 1.17399
C 11.06440 68.20760 0.36094
C 8.68085 70.13270 -0.25104
C 13.40970 52.56000 -0.45994
C 6.74491 50.93800 1.68625
C 3.58606 50.38130 1.61313
C 10.83490 54.37570 1.44931
C 8.01458 53.89910 1.64307
C 4.78699 53.28960 1.87774
C 1.38510 52.94280 2.03923
C 5.39689 56.39050 2.91558
C 8.10279 58.38620 3.64685
C 6.53735 61.90990 1.69666
C 8.71658 64.59450 1.17344
C 8.13940 66.87490 -0.82710
C 6.72199 70.06630 -0.52986
C 23.46130 47.85700 1.83179
C 21.39220 50.52000 1.92712
C 18.08240 50.20250 1.58774
C 23.00180 53.36900 1.85817
C 19.72090 53.42100 1.99365
C 21.29880 56.21130 1.70703
C 23.25060 59.01760 1.61430
C 16.54410 64.20400 1.14924
C 13.43220 62.99660 1.47264
C 19.63490 68.78170 0.94201
C 16.62810 67.08900 0.75649
C 13.95110 66.23510 0.97705
C 16.93640 70.61380 0.64017
C 14.12660 69.23720 0.34588
C 11.68570 71.37030 -0.30216
C 11.93580 48.76340 1.58846
C 8.86842 48.36910 1.67640
C 10.09590 51.45680 1.54321
C 2.67673 56.17520 1.09574
C 4.38136 59.30970 1.97853
C 1.37939 59.53930 1.42142
C 3.53863 62.43180 1.30560
C 5.69748 64.95320 0.84866
C 2.48600 65.46820 0.67904
C 4.73500 67.93520 -0.04396
C 1.36571 68.54570 -0.11248
C 3.73690 70.90080 -0.57903
C 9.53736 90.65900 -2.16332
C 10.96620 93.63890 -2.18009
C 7.75042 93.42250 -2.85613
C 4.31090 92.78400 -3.04045
C 1.31460 92.71610 -3.35959
C 5.02176 75.66890 -4.59427
C 9.85354 78.82180 -4.10808
C 6.53073 78.65820 -4.27401
C 3.21944 78.67700 -4.40359
C 11.83480 86.87680 -5.10616
C 10.26350 88.71170 -2.20958
C 6.48449 89.93110 -2.75581
C 3.13975 90.16600 -3.33797
C 22.90740 80.89610 -1.59215
C 19.85950 82.14170 -2.00545
C 16.77350 84.00040 -3.11841
C 13.46340 86.08310 -5.80698
C 13.32390 88.24590 -2.51872
C 12.73030 91.28250 -1.78346
C 15.05940 93.45500 -1.54804
C 17.63370 95.12780 -1.48020
C 23.23970 95.77330 -1.22216
C 23.49050 73.58280 -1.81652
C 23.73610 77.17070 -1.18280
C 21.09850 78.40990 -2.44225
C 9.28960 72.66400 -3.91712
C 15.94570 78.64010 -4.00465
C 13.20940 77.30090 -4.63617
C 8.48529 75.69250 -3.60251
C 15.98210 82.23140 -3.73010
C 6.02448 72.67270 -4.17715
C 2.66857 73.20500 -4.23620
C 5.74174 95.80390 -3.33734
C 2.46385 95.41650 -3.35054
C 8.05934 81.50490 -4.35596
C 4.79790 81.45360 -4.39113
C 1.72486 81.49120 -4.31208
C 9.50172 84.33530 -4.43865
C 6.22489 84.39520 -4.14788
C 3.00794 84.27450 -4.05277
C 7.80230 86.97840 -3.89430
C 4.66316 87.33880 -3.76499
C 1.51045 87.26440 -3.81918
C 22.31460 84.05930 -1.63007
C 19.24720 85.77330 -2.44770
C 16.33910 87.05070 -2.47620
C 21.91550 87.62400 -1.78227
C 18.87180 88.91290 -1.96067
C 15.89320 89.95370 -2.16055
C 24.26600 89.50670 -1.13540
C 21.32660 91.01590 -1.46036
C 18.12610 92.18080 -1.54911
C 24.05270 92.87630 -0.89915
C 20.74550 93.97430 -1.34315
C 20.32540 71.91660 -2.28404
C 20.72700 74.96440 -2.59664
C 17.93190 73.55180 -2.90040
C 14.97110 72.06060 -3.24839
C 18.27810 76.75800 -3.26917
C 15.36370 75.13210 -3.84536
C 12.12890 74.03900 -3.98230
C 18.66920 80.47360 -3.03708
H 10.64290 91.93300 -0.45776
H 7.55943 91.61580 -1.28024
H 12.19510 94.66940 -0.14366
H 5.80500 94.08590 -1.56224
H 2.61235 93.74780 -1.51412
H 6.42481 76.71420 -2.80645
H 3.19166 76.89700 -3.08586
H 8.14600 79.74080 -2.56904
H 9.62096 82.53940 -2.50142
H 11.11250 85.05940 -3.62894
H 8.78646 89.15090 -0.27628
H 4.53017 90.92030 -1.38141
H 1.33435 90.74270 -1.81151
H 22.28780 78.93270 -0.31362
H 21.55400 82.26110 -0.04136
H 18.36520 83.81970 -1.15755
H 15.51220 85.04880 -1.16217
H 13.96630 86.66520 -3.40873
H 12.06170 89.14010 -0.58931
H 14.53770 91.28280 -0.58258
H 16.87780 93.39620 0.22563
H 14.99580 95.44230 -1.37008
H 19.46560 95.39480 -0.04004
H 24.26720 71.96660 -0.15110
H 24.10260 75.08930 0.16175
H 21.39300 76.52200 -0.86928
H 18.97290 78.34640 -1.75985
H 13.15570 75.56610 -2.71072
H 10.23280 74.36130 -2.41038
H 7.52071 73.68000 -2.53218
H 16.25120 80.13140 -2.15613
H 13.32550 78.75840 -3.05854
H 4.47555 74.04310 -2.82524
H 8.96561 94.40210 -1.01478
H 4.86118 79.68340 -2.71979
H 1.61949 79.62180 -2.67078
H 6.37517 82.43180 -2.77690
H 3.26067 82.36260 -2.55711
H 7.97884 85.26230 -2.58726
H 4.61622 85.29130 -2.44095
H 1.45935 85.24420 -2.37887
H 6.30219 88.00730 -2.11579
H 2.97741 88.09090 -2.01347
H 24.45950 81.07290 0.36594
H 23.88170 84.40780 0.31782
H 20.88870 85.65590 -0.54758
H 17.97330 86.97580 -0.68698
H 15.04570 88.16810 -0.71402
H 23.32740 87.69010 0.23357
H 20.48470 88.96890 -0.25240
H 17.47460 90.15460 -0.27050
H 22.94940 90.94020 0.31067
H 19.91300 92.09930 0.23746
H 22.47000 94.18570 0.49742
H 21.33800 73.44170 -0.66963
H 18.19560 71.98940 -0.95799
H 18.60310 75.19750 -1.32495
H 15.75710 73.82620 -1.80625
H 12.81010 72.48300 -2.11850
H 15.99360 76.85280 -2.29208
C 8.70301 91.41850 0.83528
C 10.39820 93.98960 0.99479
C 7.18570 93.35230 0.29534
C 4.31761 92.86180 0.04028
C 1.29652 92.37900 0.03305
C 4.95735 75.95210 -1.28492
C 9.87459 79.05020 -0.91224
C 6.59783 78.71300 -1.21606
C 3.22919 78.66260 -1.12713
C 12.89370 83.51470 -3.40186
C 10.29940 88.79260 1.27539
C 6.43304 89.74400 -0.29641
C 2.90683 89.73270 -0.10150
C 22.24210 80.58350 1.47159
C 19.45460 81.71920 -0.04732
C 16.21000 82.87850 -0.07745
C 13.10200 84.80570 -1.80981
C 12.99980 87.32790 0.46081
C 12.46720 91.18630 0.80816
C 14.42830 93.61900 0.32722
C 17.50950 94.96560 1.65842
C 22.93310 95.82530 1.93843
C 22.83780 73.18710 1.31520
C 22.71200 76.97450 1.09789
C 20.09520 78.16910 0.44343
C 9.03251 73.12710 -0.64600
C 14.33020 78.45210 -1.36820
C 10.91110 78.02810 -2.41108
C 8.42595 75.86340 -1.70432
C 14.67030 81.68320 -0.90011
C 5.83762 73.10310 -0.93648
C 2.68226 73.83950 -1.13461
C 5.52698 95.94190 -0.03970
C 2.48485 95.69910 -0.09534
C 8.28529 81.90880 -1.20953
C 4.96566 81.49590 -0.99295
C 1.46417 81.51660 -1.07659
C 10.11380 84.83120 -1.26941
C 6.33298 84.25230 -1.06733
C 3.06926 84.17730 -0.84785
C 7.97289 86.79720 -0.66630
C 4.64590 86.95440 -0.59676
C 1.29469 86.94000 -0.56723
C 21.58260 83.98190 1.28739
C 18.77820 85.04950 0.72978
C 15.94750 86.24440 0.60269
C 21.17370 87.19480 1.35143
C 18.51520 88.41200 1.12308
C 15.43160 89.76510 1.11238
C 23.63980 89.32870 2.03581
C 20.95690 90.44620 1.72956
C 17.89100 91.61800 1.65977
C 23.45370 92.57010 2.08861
C 20.44170 93.88030 1.82587
C 19.97540 71.90970 0.79560
C 20.10090 75.12370 0.63449
C 17.19530 73.91550 0.18584
C 14.39790 72.52660 -0.18820
C 17.26430 77.03910 -0.36845
C 14.63410 75.64210 -0.65266
C 11.97630 74.38600 -0.75526
C 17.24170 79.42950 -0.14702
C 38.43030 0.83725 0.55011
C 35.37890 0.83759 -0.10733
C 39.67620 3.64032 0.67902
C 48.16550 10.10640 0.26648
C 44.99770 9.64111 0.29926
C 42.03350 9.04737 0.41471
C 42.71000 12.15860 0.02160
C 33.64460 0.13018 0.63540
C 27.46380 1.14255 -0.68166
C 35.85520 3.69122 0.95104
C 37.46020 6.17046 0.27314
C 38.98300 8.99321 -0.00252
C 26.15460 9.65010 -1.10003
C 40.63240 11.65890 -0.26486
C 39.34500 14.69490 -0.67194
C 26.43950 15.52390 -1.17934
C 28.27210 18.27860 -0.99096
C 36.71470 20.83670 -1.03355
C 33.28530 20.99030 -0.91149
C 29.88390 20.89130 -0.79130
C 26.16180 21.42170 -0.54905
C 49.32650 11.72320 -0.23738
C 46.10030 12.88880 0.21752
C 44.81980 15.10300 -1.97443
C 43.47670 18.02170 -1.90840
C 40.43920 19.39770 -1.56005
C 40.24380 22.82160 -1.94749
C 47.67360 1.74755 1.42568
C 44.54840 1.27645 1.63607
C 41.66370 0.98110 1.19753
C 48.93280 4.70993 0.99904
C 45.87940 4.20035 1.19212
C 42.79800 3.72507 1.15846
C 47.05160 7.14190 0.79067
C 43.91360 6.60309 0.77311
C 40.72800 6.26684 0.62568
C 30.54740 0.84623 0.01378
C 32.56990 3.67491 -0.11907
C 29.26860 3.76487 -0.64894
C 25.96860 3.87012 -1.03739
C 34.15370 6.38742 -0.17869
C 30.90300 6.62434 -0.58584
C 27.89860 6.71392 -0.89210
C 35.75420 9.02769 -0.23920
C 32.64810 9.38402 -0.66147
C 29.42010 9.57154 -0.85276
C 37.53940 11.90940 -0.53264
C 34.31080 12.14530 -0.70051
C 31.21430 12.40440 -0.93873
C 27.94970 12.45630 -1.12014
C 36.08760 14.85400 -0.81628
C 32.77130 15.11940 -0.90087
C 29.64430 15.29670 -1.05275
C 38.08920 17.57620 -0.99523
C 34.56040 17.61390 -1.12821
C 31.38480 18.00760 -0.85203
C 49.18500 14.81670 -0.84084
C 46.07020 16.54860 -1.30927
C 48.91050 17.87830 -1.45738
C 46.06460 19.51200 -1.72183
C 43.14520 21.33430 -2.08330
C 48.84480 21.09010 -2.02750
C 45.89060 22.49950 -2.43111
H 36.54080 1.48591 1.92365
H 40.99300 4.68351 2.45845
H 37.91220 4.43203 2.03063
H 48.64350 8.57317 2.29885
H 42.15090 7.49966 2.24267
H 46.49760 11.00120 1.70774
H 43.33040 10.63630 1.88468
H 30.49270 -0.66988 2.06967
H 27.61030 -0.75660 0.91215
H 32.25770 1.98969 1.61026
H 25.78160 2.11167 0.63086
H 33.82780 4.84266 1.78282
H 38.95420 7.34713 1.90046
H 35.72790 7.47951 1.42431
H 40.29520 10.18960 1.67869
H 39.06950 13.01500 1.11178
H 26.38160 13.53480 0.43232
H 40.63670 16.30490 1.04380
H 37.60270 15.79860 0.69317
H 36.35700 18.77720 0.20432
H 26.70620 19.04670 0.35297
H 34.79560 21.71340 0.51637
H 31.58960 21.53140 1.11941
H 28.51990 21.86530 0.55202
H 48.32870 13.50270 1.06977
H 45.10420 15.10370 0.49236
H 42.74550 16.40690 -1.19182
H 42.33020 19.69690 -0.38291
H 39.62950 21.40090 0.03508
H 24.69450 -0.97915 0.45600
H 47.71130 0.09690 3.19650
H 44.58040 -0.42803 3.45359
H 41.54250 -0.79470 2.92266
H 38.50060 -1.17974 1.92981
H 49.18140 3.06648 2.82891
H 46.02860 2.60990 3.12758
H 42.83280 2.15227 3.03582
H 39.75370 1.82628 2.39590
H 47.32520 5.58175 2.69685
H 44.16040 5.08899 2.66523
H 45.26590 8.08263 2.22272
H 28.92770 2.11450 1.10517
H 30.72990 4.85289 1.11140
H 27.55450 4.82363 0.64517
H 32.47660 7.62748 1.12865
H 29.26700 7.77596 0.86235
H 26.25430 7.81334 0.64841
H 37.28810 10.22560 1.28592
H 34.14510 10.43520 0.99177
H 30.99710 10.59580 0.72526
H 27.73690 10.65440 0.55032
H 35.89530 13.02500 0.89814
H 32.74510 13.29100 0.75707
H 29.54700 13.37300 0.54004
H 34.47310 15.96030 0.69853
H 31.25690 16.13230 0.68187
H 28.10430 16.25780 0.55151
H 33.20240 18.86450 0.53568
H 29.89190 18.98380 0.83419
H 48.01160 16.61280 0.28933
H 44.99090 18.15550 0.09924
H 47.86980 19.77270 -0.11765
H 45.00730 21.29460 -0.46756
H 42.24970 23.03180 -0.51736
H 47.68700 22.90890 -0.79159
C 38.07530 0.57764 3.63841
C 35.08600 0.07032 3.16467
C 39.30440 3.75358 3.91541
C 48.25500 10.75620 3.44839
C 45.07310 10.16170 3.55893
C 41.79490 9.56236 3.51542
C 42.57320 12.66150 3.16998
C 33.43320 1.26641 3.80789
C 27.09520 1.04487 2.42044
C 35.71320 3.55732 2.82856
C 37.11970 6.41648 3.27981
C 38.59640 9.45163 3.19213
C 26.13880 9.74088 2.17983
C 40.54440 12.25170 3.02067
C 39.31280 15.21320 2.43470
C 26.21520 15.50280 1.96058
C 28.18080 18.06150 2.29629
C 37.27920 21.11610 0.72915
C 33.45400 20.52090 2.48933
C 29.64000 20.75600 2.59919
C 26.08380 21.41400 1.37167
C 49.44220 12.43040 2.96925
C 46.10060 13.38930 1.97223
C 42.81340 15.11710 1.16121
C 42.82340 17.71620 1.08115
C 40.76970 20.40660 1.63745
C 40.65760 23.33400 1.31323
C 47.84820 2.04846 4.63474
C 44.46210 1.67652 4.80265
C 41.09220 1.16061 4.34463
C 49.17990 5.11646 4.22843
C 45.85010 4.71207 4.41727
C 42.56150 4.27322 4.29264
C 47.10580 7.76691 3.92381
C 43.82300 7.16894 3.97838
C 40.40880 6.70263 3.74298
C 30.20240 1.57325 3.14320
C 31.98930 4.05797 3.15911
C 28.92330 4.08664 2.55705
C 25.83350 3.93752 2.20794
C 33.93620 6.71598 3.01896
C 30.77540 6.83753 2.61881
C 27.60280 6.69289 2.31866
C 35.46470 9.56227 2.80469
C 32.38460 9.70471 2.52595
C 29.21610 9.81932 2.32625
C 37.36420 12.18870 2.74284
C 34.17930 12.37710 2.49955
C 30.98620 12.49810 2.29686
C 27.63800 12.66860 2.07632
C 36.06520 15.02450 2.35407
C 32.80600 15.17670 2.33351
C 29.57520 15.21690 2.20681
C 38.74020 17.96970 0.75338
C 35.12610 18.06090 1.96245
C 31.57340 18.04980 2.25082
C 49.09290 15.50530 2.28961
C 45.98140 16.64770 1.80873
C 48.89320 18.42740 1.70366
C 45.88540 19.99200 1.43653
C 43.14310 21.53850 1.15487
C 48.71650 21.75140 1.09285
C 45.80150 23.20350 0.72417
C 49.13720 30.75820 -1.71369
C 47.54560 33.49310 -1.63702
C 49.25060 36.33330 -1.65419
C 47.86990 39.03110 -2.02824
C 37.30960 24.02750 -1.68021
C 39.88300 26.55950 -1.63080
C 42.63680 28.03940 -2.58771
C 48.50140 27.35910 -3.41708
C 45.88700 29.43580 -3.46782
C 36.70020 25.95550 -1.79871
C 33.68630 24.53670 -1.50529
C 29.67970 24.08190 0.23348
C 40.22430 30.41580 -2.42782
C 37.32940 29.15440 -2.03393
C 27.86410 26.14800 -1.73470
C 43.71980 33.96310 -2.05280
C 40.76350 33.46470 -2.35139
C 25.33380 28.53840 -1.37379
C 41.73970 37.19040 -1.81932
C 38.89210 38.76640 -2.29123
C 36.96400 41.34800 -1.79119
C 34.09260 43.05000 -1.91828
C 30.98250 41.89030 -1.78125
C 27.81030 40.99420 -2.33600
C 24.54210 39.64890 -3.25762
C 24.41800 43.15880 -3.80752
C 31.57550 45.06810 -1.60543
C 28.13650 44.88970 -1.86784
C 32.45750 47.90140 -1.71660
C 45.59530 36.42590 -1.44319
C 44.43710 39.49420 -2.14932
C 41.54060 41.03840 -2.34859
C 46.72400 41.68440 -2.25964
C 40.82160 44.21990 -2.17485
C 37.62850 45.53410 -2.68068
C 35.00790 46.38240 -1.32431
C 46.85400 44.80350 -2.58572
C 42.88340 24.48640 -2.47594
C 48.75870 24.10190 -2.68006
C 45.87460 25.57350 -3.27291
C 34.22260 27.96800 -1.98015
C 31.03910 27.05340 -1.89957
C 37.84050 32.42660 -2.18747
C 34.72890 31.15450 -2.13241
C 31.62910 30.26270 -1.95282
C 28.46280 29.17280 -1.66108
C 38.38610 35.39000 -2.33386
C 35.24270 34.28680 -2.28835
C 32.19600 33.33440 -2.14316
C 29.06700 32.29180 -1.87972
C 25.74090 31.33140 -1.27589
C 35.94900 37.62280 -2.23781
C 33.00140 36.51480 -2.19903
C 29.74460 35.36090 -2.14990
C 26.76570 34.41220 -1.89287
C 33.64750 39.84800 -2.11787
C 30.63680 38.59860 -2.32641
C 26.89910 37.61720 -1.77534
C 29.64930 47.84950 -1.62809
C 43.73650 42.78340 -2.33819
C 43.78770 46.04580 -2.43320
C 40.81090 47.13810 -2.08880
H 47.57550 31.63740 0.17316
H 49.15780 34.50870 0.06420
H 47.63190 37.34860 -0.12042
H 39.36640 24.53810 -0.37771
H 42.17690 26.17380 -1.04713
H 40.88710 28.70550 -1.03008
H 47.75600 29.14230 -1.80356
H 44.57030 30.28270 -1.34039
H 38.02120 27.51160 -0.36942
H 34.87960 26.43630 -0.12923
H 31.79790 25.35390 -0.11595
H 41.60630 31.76020 -0.61023
H 38.58410 30.69190 -0.56599
H 29.39160 27.46880 -0.14090
H 26.34590 26.44500 -0.21579
H 42.05330 34.96990 -0.90923
H 39.53330 36.92870 -0.88304
H 40.84170 39.23660 -0.85824
H 24.70040 34.48990 -0.30675
H 37.65340 42.05220 0.58111
H 31.78790 39.97110 -0.55876
H 28.79090 39.01320 -1.13294
H 24.52110 38.32660 -0.93092
H 35.47920 44.24190 -0.16560
H 32.36070 43.18940 -0.06571
H 28.08200 43.09130 -0.66909
H 32.93990 46.26230 0.02610
H 29.72970 45.87210 -0.13193
H 45.85040 34.21730 -0.47778
H 43.80660 37.93630 -0.63812
H 46.21230 40.01920 -0.47747
H 43.31290 41.08740 -0.67038
H 40.49440 42.39410 -0.35996
H 38.28370 43.61410 -1.87365
H 45.75790 43.20490 -0.98726
H 44.96120 24.41800 -1.24061
H 47.66850 25.98400 -1.58257
H 44.96620 27.30370 -2.37185
H 35.47070 29.50980 -0.41182
H 32.34300 28.55090 -0.44601
H 39.06590 33.82420 -0.59983
H 36.03580 32.68900 -0.66600
H 33.02790 31.67170 -0.45750
H 29.90300 30.62120 -0.23772
H 26.92570 29.56590 0.22074
H 36.53880 35.80700 -0.72545
H 33.51390 34.74960 -0.57685
H 30.54870 33.69590 -0.50064
H 27.38360 32.75490 -0.11612
H 37.06350 39.13520 -0.63366
H 34.12880 37.96170 -0.57954
H 31.10440 36.80880 -0.66015
H 28.08730 35.88190 -0.34162
H 34.86870 41.17610 -0.54900
H 26.54890 45.79920 -0.02904
H 42.85930 44.36130 -0.82176
H 40.07820 45.57460 -0.29109
H 37.21080 46.73970 -0.45493
H 45.69090 46.33150 -0.95329
H 42.82330 47.55110 -0.73396
C 49.00050 30.74950 1.52966
C 47.28300 33.74690 1.51913
C 49.09750 36.52120 1.49934
C 47.90740 39.47810 1.22258
C 37.66470 24.40890 1.42001
C 40.19060 26.74770 0.22938
C 43.24710 28.31730 -0.75110
C 48.55820 28.00430 -0.47380
C 46.00590 30.49050 -0.45299
C 36.88390 26.45090 1.49172
C 34.19270 24.11550 0.40660
C 31.34690 23.61900 1.90811
C 40.67130 30.38020 0.81842
C 37.39690 29.40790 1.13309
C 28.42860 25.78160 1.43456
C 43.96700 32.64030 -0.36637
C 41.11020 34.00820 0.77254
C 25.99010 27.95100 1.90287
C 41.65300 37.18330 0.19612
C 38.91920 38.76800 0.63433
C 36.52410 40.71760 1.24217
C 34.56490 42.93440 1.24254
C 31.31540 41.71310 1.25916
C 28.79180 41.42200 -0.73702
C 23.14360 39.55570 -0.01442
C 25.77400 42.42240 -0.78781
C 31.48240 44.98370 1.48503
C 28.35400 44.51390 1.35500
C 32.74060 48.04640 1.69584
C 45.38010 36.49000 0.59888
C 44.25190 39.59700 1.00037
C 41.69030 40.53640 1.02037
C 46.18840 41.96080 1.05811
C 41.47380 44.24650 1.21512
C 37.92380 44.60170 0.46946
C 35.15760 46.44340 0.90091
C 47.02670 44.73440 0.46276
C 43.41180 24.84310 0.59085
C 48.35480 24.87670 0.44137
C 45.71290 26.50200 -0.16819
C 34.10760 28.14550 1.26418
C 31.44820 27.08060 1.37028
C 37.96970 32.63060 0.88295
C 34.96050 31.29560 1.07255
C 31.87530 30.34690 1.21149
C 28.95770 29.07200 1.50454
C 38.42110 35.66840 0.82166
C 35.35200 34.40970 0.98081
C 32.34180 33.42950 1.12332
C 29.32570 32.43450 1.32818
C 26.49130 31.38460 1.80035
C 36.00160 37.55740 0.94611
C 32.88470 36.56290 1.00290
C 29.75800 35.50920 1.05484
C 26.60320 34.68910 1.29542
C 33.64640 39.69440 1.03342
C 30.30160 38.60110 0.86593
C 26.77050 37.93380 0.13447
C 29.62140 47.70240 1.59604
C 44.04570 42.79890 0.72336
C 43.93270 45.88780 0.72420
C 41.16670 47.32010 1.07396
H 37.10420 60.73580 -1.07696
H 34.35180 59.10840 -1.52453
H 40.24170 64.17100 -0.87070
H 37.22520 63.56050 -1.26343
H 44.13480 68.75860 -1.59840
H 40.83110 67.27960 -1.12999
H 29.09840 62.76250 -0.77545
H 44.46680 71.83020 -1.16389
H 25.33230 65.66050 -0.59269
H 26.25350 69.30110 -0.48654
H 27.55850 72.05790 0.18595
H 34.24250 62.19240 -1.14215
H 37.79250 66.36060 -1.07156
H 34.67350 65.37750 -1.00704
H 31.73920 64.09000 -0.82551
H 41.53520 70.47320 -1.46613
H 38.44280 69.49010 -1.14872
H 35.30010 68.35860 -0.77653
H 32.10670 67.27750 -0.56763
H 29.03110 66.01850 -0.47278
H 35.94590 71.44060 -0.57915
H 32.96550 70.48310 -0.45734
H 29.86100 69.81510 -0.24931
C 47.29010 66.36010 -4.71971
C 48.82640 69.99150 -2.28258
C 34.90200 50.62020 -1.13636
C 35.60130 53.64990 -3.04711
C 33.62250 56.76850 -1.91450
C 30.64620 56.01270 -1.58041
C 30.21070 59.22210 -1.61850
C 27.68020 61.27170 -2.05332
C 24.81250 61.46880 -1.81257
C 36.65080 58.83860 -2.52539
C 39.10640 62.01570 -1.66486
C 35.99000 62.07170 -2.81130
C 33.38190 60.50360 -2.75905
C 42.86790 66.97940 -2.76364
C 39.54160 65.86030 -2.73170
C 30.82370 62.44120 -2.48880
C 43.39040 70.74330 -3.10803
C 27.41870 64.39070 -1.36312
C 25.24770 67.68520 -2.20432
C 26.01290 71.32780 -1.78485
C 37.85610 48.66740 -1.89599
C 37.80160 51.49930 -1.86677
C 37.18860 54.93040 -2.96144
C 39.79620 56.93840 -2.77096
C 41.87100 59.28710 -2.36187
C 47.99220 59.63090 -2.42987
C 42.05950 62.89040 -2.37518
C 47.00090 62.92580 -2.55862
C 45.26460 64.15160 -2.27861
C 26.37810 47.61550 -1.70236
C 31.08580 50.52700 -1.72534
C 27.78340 50.46160 -1.59786
C 24.61520 50.62810 -1.44094
C 32.44760 53.25220 -2.02965
C 29.23290 53.27800 -1.68348
C 26.10120 53.23930 -1.46799
C 27.80860 56.07680 -1.48712
C 24.65670 56.09100 -1.45044
C 26.44090 58.72080 -1.58223
C 36.40330 65.27770 -2.76275
C 33.49610 63.95270 -2.58503
C 40.17780 68.98270 -2.83797
C 36.96410 68.10720 -2.61195
C 33.82180 67.16500 -2.41602
C 30.78690 65.94050 -2.26679
C 37.54300 71.31280 -2.56901
C 34.56890 70.22060 -2.21005
C 31.59800 69.11840 -1.98061
C 28.34020 68.26030 -1.43137
C 32.36300 72.27110 -1.75237
C 29.25880 71.72680 -1.73318
C 46.29240 48.09540 -2.58656
C 43.61920 49.31720 -2.30741
C 40.62090 50.24740 -2.23055
C 46.24400 51.26720 -2.41512
C 43.27960 52.40420 -2.39436
C 40.24830 53.69920 -2.55048
C 45.96250 54.37140 -2.38053
C 42.71580 55.51630 -2.54088
C 48.50490 56.56320 -2.24825
C 45.19820 57.60430 -2.52401
C 44.62240 60.95800 -2.46063
H 47.30450 65.50220 -2.69502
H 48.86370 67.80690 -1.03928
H 47.00840 70.12810 -1.22805
H 34.27010 48.45630 -0.18566
H 32.76340 51.43610 -0.22162
H 34.08830 54.39140 -1.10548
H 32.20650 57.33610 0.10400
H 31.60110 60.69610 -0.93919
H 28.14420 59.76990 -0.23129
H 26.39040 62.49700 -0.31660
H 37.01970 49.89640 -0.02008
H 48.18630 48.30440 -1.05177
H 39.56740 52.05260 -0.88819
H 38.94240 55.22590 -1.19547
H 36.13540 56.61320 -1.41493
H 38.62560 58.36830 -0.96417
H 41.29960 60.95290 -0.89933
H 46.59980 61.07360 -1.04542
H 43.93710 62.68420 -0.68944
H 31.11690 48.83990 0.07054
H 27.99620 48.62750 0.00129
H 29.48500 51.44730 -0.09076
H 26.27730 51.40150 0.13050
H 30.97360 54.30550 -0.31241
H 27.78960 54.15880 0.04480
H 24.57540 54.23660 0.15938
H 29.27270 56.90270 0.27301
H 26.24640 56.95500 0.15488
H 24.86210 59.81120 -0.04757
H 39.87960 48.68900 -0.49547
H 45.45010 49.56260 -0.72732
H 42.46510 50.72450 -0.73849
H 48.02480 51.43980 -0.75483
H 45.01160 52.71490 -0.76901
H 42.02790 53.94510 -0.77940
H 47.59360 54.69450 -0.88579
H 44.56040 55.86400 -0.87629
H 41.56740 57.13460 -1.01357
H 47.02600 57.93280 -0.84525
H 44.05710 59.15230 -1.02980
C 46.47010 67.70450 -1.60477
C 48.33300 69.35370 0.80735
C 34.78780 50.50960 0.93229
C 36.01250 53.43930 0.39728
C 33.52520 58.60260 1.74965
C 31.23940 55.98830 1.51036
C 30.39350 58.97320 0.36527
C 28.10010 61.65560 1.20575
C 24.94070 61.71480 1.44116
C 36.29140 58.69460 0.02054
C 39.23420 60.63320 0.15600
C 36.06150 62.23050 0.47104
C 33.65000 60.34020 0.43594
C 43.02820 66.36570 -1.10764
C 39.66140 65.70180 0.51870
C 30.98760 62.37510 0.70683
C 43.46970 69.89450 0.07414
C 27.10230 64.70940 0.60003
C 25.01740 67.64340 0.93205
C 25.70170 70.82390 1.48401
C 38.12030 48.01360 1.23129
C 38.34850 51.27680 1.23812
C 37.07430 55.20220 0.46853
C 39.52680 57.03840 0.52729
C 42.20490 58.93430 0.55071
C 47.79740 59.72790 0.77134
C 41.98070 62.90580 0.67826
C 46.97960 62.85850 0.59312
C 45.26420 64.17980 0.75549
C 26.37650 47.64030 1.60545
C 31.14720 50.71680 1.57272
C 28.07780 50.53090 1.59831
C 24.65280 50.44850 1.70208
C 32.83700 53.43250 1.10683
C 29.57690 53.34760 1.48750
C 26.24990 53.27740 1.67664
C 27.87180 55.98420 1.71910
C 24.67760 56.08200 1.79117
C 26.61980 58.97460 1.44008
C 36.55240 65.04080 0.55218
C 33.64480 63.82040 0.59134
C 40.43960 68.98080 0.31414
C 37.37950 68.08640 0.57021
C 33.92930 66.95590 0.75050
C 30.75690 65.68980 0.91215
C 38.05740 71.29480 0.56730
C 34.85230 69.91800 1.01246
C 31.65790 69.16250 1.17981
C 28.19120 68.15520 0.59254
C 32.50490 72.11640 1.33211
C 29.19750 71.53380 1.54680
C 46.49630 47.87950 0.74229
C 43.65120 49.25770 0.86954
C 40.50590 50.56150 0.83973
C 46.18730 51.30010 0.86555
C 43.19000 52.44920 0.82515
C 40.02120 53.98310 0.67512
C 45.72220 54.54640 0.77344
C 42.69510 55.79600 0.73238
C 48.19010 56.44810 0.83351
C 45.14250 57.65020 0.70100
C 44.77000 60.82830 0.69625
H 41.96220 73.62760 -2.00351
H 39.59510 75.72630 -1.01032
H 37.32400 77.79320 0.19568
H 26.04490 73.93420 -1.79933
H 34.83010 79.93320 1.02348
H 31.92950 79.04990 -0.01490
H 29.10040 78.12850 -1.04802
H 26.18840 77.07750 -1.45672
H 39.04070 72.60230 -1.31081
H 36.61350 74.59430 -0.61159
H 33.65850 73.64230 -0.18170
H 30.63630 72.80280 -0.03454
H 34.25570 76.92090 -0.24283
H 31.30680 76.02330 -0.34171
H 28.28380 75.29550 -0.50143
C 43.68780 90.09250 1.07680
C 37.28900 90.10260 -0.02021
C 48.18280 93.90560 1.74141
C 45.25830 92.70340 3.03036
C 42.31020 92.95380 1.28267
C 39.38750 92.92900 0.23366
C 35.58310 92.95340 -0.19446
C 34.25640 94.60090 0.05709
C 46.14700 75.32600 0.87667
C 43.26670 76.70580 1.68413
C 41.07930 78.71140 0.41229
C 38.88720 80.76810 -0.86394
C 38.73500 83.97170 -0.59518
C 38.69560 87.30950 -0.18552
C 40.68470 89.34140 1.85174
C 46.60320 88.84200 1.35111
C 46.53380 72.27330 -2.41669
C 29.69910 -1.29094 -0.25365
C 25.71010 79.49510 -1.00866
C 30.10760 80.40630 -1.01694
C 27.96400 81.57640 -0.88636
C 35.51770 83.75410 1.00855
C 32.94860 85.70280 0.05477
C 35.65090 87.06840 0.14212
C 32.55800 88.77480 0.02215
C 32.55760 92.24480 1.31943
C 29.52850 93.34870 0.72248
C 43.86990 73.59940 -2.93150
C 41.12000 75.56420 -3.05868
C 38.78910 77.53480 -2.04544
C 26.51770 75.75740 -3.54756
C 36.86070 80.14230 -0.70620
C 31.36300 77.77610 -2.02866
C 28.25240 76.40880 -2.73112
C 46.19270 -1.28977 1.78537
C 43.43750 95.95480 1.64099
C 40.59640 95.80360 0.89156
C 37.35910 95.73880 -0.15462
C 46.40570 78.80430 1.07821
C 43.90800 80.43400 0.81694
C 41.44840 82.14310 0.09040
C 46.75200 82.18490 0.95970
C 44.07560 83.78090 0.72813
C 41.44030 85.50950 0.32355
C 46.73790 85.74770 1.09036
C 44.06240 87.15250 1.00676
C 25.07510 82.87400 -1.16413
C 30.56410 83.88960 -0.43546
C 27.62440 84.98100 -0.70491
C 24.77800 86.20730 -1.11707
C 29.97320 86.97370 -0.20496
C 27.29570 88.23080 -0.52967
C 29.68040 90.29070 0.10872
C 26.87960 91.46890 -0.38059
C 26.39000 95.05380 -0.17212
C 40.64810 72.13090 -3.16713
C 38.10270 74.49680 -2.55054
C 35.16880 73.24710 -2.06701
C 36.25250 76.80620 -1.72450
C 33.23490 75.52050 -1.75772
C 30.28220 74.49640 -1.84360
C 34.04770 79.13690 -1.32052
H 42.02640 91.24460 2.67085
H 38.76340 90.96190 1.90960
H 46.56380 94.67610 3.48706
H 37.24660 93.61890 1.34488
H 33.34300 94.34770 2.47727
H 35.52500 -1.33586 1.09632
H 45.50530 77.37700 2.41869
H 42.60360 79.04750 2.45029
H 40.04190 80.66110 1.30488
H 37.38720 82.21210 0.70326
H 48.16030 79.03470 3.08322
H 37.38790 85.40760 0.81343
H 37.21540 88.23320 1.57554
H 40.09290 86.97330 1.76887
H 45.21400 90.28350 3.08635
H 47.63680 91.91790 3.16526
H 47.03510 73.12140 0.04173
H 25.00610 77.92340 0.80478
H 27.39920 79.81150 0.82417
H 29.81720 81.92920 0.86074
H 32.05820 83.89550 1.62468
H 34.54710 85.83030 2.06949
H 34.28670 88.88590 1.47156
H 31.28430 90.19670 1.70772
H 28.18090 91.49820 1.74725
H 25.45920 92.93620 0.69051
H 30.13760 93.86400 2.66101
H 43.28880 94.23510 3.28676
H 40.21890 93.84170 2.40645
H 45.56300 80.65440 2.58923
H 42.85910 82.19950 2.18434
H 40.22880 83.82090 1.43325
H 48.52590 82.16260 2.70926
H 45.81610 83.89710 2.46343
H 43.03610 85.34300 2.31163
H 48.53870 85.51280 2.60499
H 45.62790 87.04290 2.87429
H 42.79600 88.40810 2.65832
H 48.44460 88.78690 2.79791
H 26.82790 83.15200 0.61944
H 29.20310 85.18950 1.19875
H 26.25610 86.46460 0.89438
H 31.61500 87.08270 1.62886
H 28.75670 88.42800 1.38428
H 25.78480 89.59350 0.86193
C 43.57110 90.05820 4.36899
C 36.24730 90.48840 1.73335
C 48.44140 93.66800 4.77809
C 44.91400 93.44030 4.92497
C 41.34210 93.03950 4.37218
C 38.32850 92.45870 3.44100
C 34.98440 94.59820 4.26536
C 32.06450 95.58030 2.78658
C 46.92820 75.40270 2.67406
C 43.17030 76.97800 3.49268
C 40.77140 79.58610 3.56392
C 37.95780 80.69860 2.65478
C 38.05260 83.84990 2.60195
C 38.05030 86.35390 2.97775
C 40.53870 88.42650 3.64415
C 46.54470 88.64310 4.48991
C 46.04340 71.46890 0.78228
C 28.84720 96.09200 2.97256
C 25.40700 79.85330 2.35441
C 31.59500 80.63110 1.81623
C 27.89840 81.67230 2.39750
C 33.27710 81.74870 1.73904
C 32.83340 85.68990 3.33404
C 35.61420 87.65950 3.38098
C 32.38910 88.67140 3.29817
C 31.89330 92.22410 3.07867
C 28.64010 92.88370 3.86538
C 43.19450 73.31630 0.14577
C 41.96600 76.01770 -1.54365
C 39.58030 77.21120 1.00237
C 26.42000 74.23180 0.75750
C 36.78930 78.98170 2.42389
C 30.44830 77.78400 1.11781
C 27.47890 77.34570 0.66741
C 46.41590 -1.02176 4.96097
C 42.85650 96.07470 4.85267
C 39.63270 95.66300 3.94740
C 36.54070 95.24860 3.05254
C 46.17520 78.96360 4.38993
C 43.60760 80.75680 4.00401
C 40.68360 82.09680 3.25211
C 46.48860 82.22500 4.18990
C 43.84160 83.63560 3.90585
C 40.95930 85.24690 3.33754
C 46.77100 85.33720 4.24958
C 43.61250 86.75280 4.24251
C 24.79300 82.80810 2.02619
C 30.28350 83.56250 2.87102
C 27.11020 84.83840 2.48689
C 24.10420 86.16870 2.06326
C 29.64340 86.78640 3.04268
C 26.62400 88.06550 2.59530
C 29.27840 89.98180 3.22840
C 26.15590 91.36520 2.57482
C 26.11590 95.12920 1.66543
C 41.16130 72.36290 -0.03421
C 38.63550 74.18510 0.61388
C 35.61080 73.15130 1.13548
C 35.97840 76.05060 1.27200
C 32.97150 75.41700 1.28010
C 30.00610 74.61760 1.20759
C 33.63840 78.36640 1.67910
C 55.02560 -0.73830 1.49682
C 51.92000 95.94500 2.35373
C 49.25920 -0.73089 1.47174
C 55.82840 4.82241 0.64047
C 52.62860 5.34284 1.37532
C 50.43630 7.71487 0.48870
C 59.95080 1.04600 0.17503
C 59.07910 4.08560 0.10531
C 57.97630 6.91965 -0.40471
C 60.02250 9.65883 -0.75102
C 71.69960 10.82510 -3.98923
C 68.69390 11.17160 -1.99447
C 65.40830 11.90770 -1.12300
C 61.66010 12.32290 -0.94442
C 71.44370 14.13230 -2.59190
C 68.35000 13.25270 -2.12597
C 66.41470 15.67790 -1.89902
C 63.46050 14.87970 -1.89804
C 64.21470 18.17380 -1.79939
C 62.34980 20.73450 -1.92131
C 63.55830 23.28640 -2.27555
C 60.47900 23.44300 -1.74853
C 54.29950 8.18406 1.00080
C 52.30140 10.47500 -0.07938
C 57.67140 10.38060 0.03838
C 57.60600 13.46350 -0.61902
C 59.98900 15.22720 -1.50703
C 60.88620 18.08820 -1.54979
C 57.27220 19.73180 -2.28117
C 57.29540 23.78500 -1.61514
C 56.92780 1.81331 0.66551
C 53.77520 2.15799 1.27435
C 50.71730 2.10095 1.25120
C 69.25490 -1.22631 -1.20301
C 66.16640 -0.60595 -0.74627
C 63.05570 0.31966 -0.29563
C 71.46330 1.24404 -1.80377
C 68.23200 1.72877 -1.33498
C 65.18420 2.68414 -0.89531
C 62.03540 3.38395 -0.33171
C 70.42010 4.28971 -1.73499
C 67.39460 5.07233 -1.35527
C 64.26400 5.71176 -1.09159
C 61.11550 6.26652 -0.60667
C 73.01790 6.66617 -1.95412
C 69.75330 7.41738 -1.54701
C 66.61380 8.15219 -1.46489
C 63.42140 9.04404 -1.19950
C 73.03380 17.02480 -2.25352
C 69.60700 16.24980 -2.07335
C 70.87020 19.06860 -2.29470
C 67.50020 18.46110 -2.13577
C 72.04000 21.96770 -2.61370
C 68.80640 21.48530 -2.51307
C 65.45180 20.93510 -2.11335
C 54.95850 11.95760 -0.29875
C 52.03440 13.53480 -0.65632
C 54.66800 15.08690 -0.96610
C 51.68570 16.60130 -1.18578
C 57.35470 16.71180 -1.54883
C 54.47870 18.10230 -1.73811
C 51.58380 19.70510 -1.83279
C 54.39010 21.37260 -2.29744
C 51.60710 22.90110 -2.28766
H 57.02430 0.15574 2.43706
H 53.96210 0.56214 3.34107
H 55.81840 3.10641 2.41124
H 54.78910 6.19867 2.49521
H 51.95730 8.67737 1.69484
H 59.88880 -0.57838 2.03889
H 58.91620 2.45396 1.93346
H 57.85980 5.53612 1.69585
H 59.94770 7.80188 0.84318
H 56.74740 8.49618 1.19207
H 71.44040 7.86555 -0.29467
H 68.40690 8.65282 0.35544
H 65.24820 9.61472 0.02604
H 62.08250 10.26790 0.58711
H 72.32700 12.18420 -1.74600
H 73.10240 14.96860 -0.89242
H 69.95310 14.35950 -0.55841
H 66.77440 13.78350 -0.28537
H 64.76350 16.24730 -0.28161
H 62.65570 19.04460 -0.14479
H 60.93540 21.52710 0.05539
H 54.16510 10.61190 1.59062
H 51.27050 12.11050 1.28682
H 56.64860 12.42280 1.46624
H 59.54940 14.14770 0.93116
H 61.86600 16.07170 -0.40921
H 59.21170 17.10410 -0.05510
H 59.06050 19.86090 -1.46428
H 56.28130 21.61400 -0.92471
H 53.49150 23.15290 -0.78761
H 50.85140 0.38251 2.99893
H 52.45710 3.20346 2.64462
H 50.50600 5.94375 2.35544
H 71.26610 -0.52685 -0.06445
H 68.13660 0.17356 0.43044
H 65.12640 0.93241 0.83215
H 61.93750 1.68010 1.46618
H 70.26560 2.50831 -0.10678
H 67.22850 3.30626 0.34493
H 64.07290 4.10720 0.77982
H 61.02210 4.80645 1.41436
H 72.47150 4.79390 -0.53014
H 69.36410 5.57088 0.11025
H 66.17840 6.48306 0.32306
H 63.10530 7.19536 0.54166
H 63.53970 13.24280 -0.11476
H 71.18460 17.30870 -0.58334
H 67.93420 16.83030 -0.33414
H 72.37020 20.35180 -0.73598
H 69.10120 19.72660 -0.77797
H 65.91270 19.25190 -0.40177
H 70.28590 22.75370 -1.10025
H 67.11340 22.21240 -0.88330
H 63.95850 21.78530 -0.39247
H 53.83450 13.83570 0.98954
H 51.01940 15.23690 0.76870
H 56.63030 15.43400 0.47025
H 53.66280 16.95670 0.26414
H 50.75220 18.41770 0.12344
H 56.38880 18.53180 -0.29349
H 53.49900 20.00430 -0.38290
H 50.66710 21.56280 -0.41846
C 55.58410 -0.10744 4.46987
C 52.39450 -1.00359 4.27641
C 49.44250 -0.57395 4.78990
C 56.36070 5.25670 3.71619
C 52.80750 5.55150 3.43657
C 50.69070 8.05670 3.74666
C 60.46540 1.34815 3.42501
C 59.44170 4.39990 3.26712
C 58.44340 7.68345 2.85182
C 60.92850 9.73826 2.28303
C 71.58820 10.30400 -0.38560
C 69.46560 10.88430 0.17187
C 65.40810 12.02090 0.88385
C 61.33080 12.58290 0.93258
C 71.61630 13.44620 0.48908
C 68.38500 13.55910 1.23497
C 66.55730 15.71330 1.35395
C 63.36820 14.84660 1.24897
C 64.48390 18.18460 1.25250
C 62.89740 20.81340 1.56632
C 63.97610 23.79110 0.97425
C 60.60820 23.76850 1.33125
C 54.92420 8.70539 2.97507
C 52.23230 10.73380 3.11973
C 57.83220 10.75550 2.04133
C 57.64850 14.42760 2.52723
C 60.50140 15.96250 1.72145
C 60.30160 19.15410 0.71280
C 57.55970 20.43080 0.72086
C 57.34370 23.64430 0.18734
C 57.46850 2.08567 3.86550
C 54.30710 2.84673 4.35265
C 50.97670 2.36007 4.41677
C 69.78310 -0.87648 1.90686
C 66.72890 -0.12369 2.42235
C 63.69890 0.60308 2.84516
C 71.92620 1.37913 1.31026
C 68.76740 2.09207 1.78851
C 65.65300 2.90876 2.20293
C 62.53900 3.74915 2.74228
C 70.99160 4.27589 1.42793
C 67.67600 5.25511 1.84010
C 64.56650 6.13056 2.15753
C 61.65730 6.97428 2.45048
C 73.03590 6.49890 1.31079
C 70.08100 7.29598 1.73585
C 66.90670 8.44451 1.76327
C 63.78040 9.14686 1.98074
C 72.98460 16.49910 0.93147
C 69.76960 16.18220 1.07252
C 70.89800 19.10450 0.85518
C 67.75380 18.79790 1.09366
C 72.00090 22.26970 0.64414
C 68.95420 21.63840 0.63049
C 65.87760 21.28310 0.99360
C 54.94130 12.55470 2.87639
C 52.04620 14.08720 2.64411
C 54.80150 15.78800 2.12289
C 51.86740 17.20490 1.93354
C 57.43600 17.46650 1.60157
C 54.69090 18.82760 1.45196
C 51.74570 20.25190 1.36001
C 54.60040 21.78780 0.92648
C 51.62920 23.36810 0.83172
C 73.71280 28.19030 -2.97665
C 63.43200 26.34550 -1.16254
C 70.99760 29.74180 -3.90535
C 67.82190 29.52310 -3.50122
C 64.78850 29.39840 -2.65908
C 59.60750 26.69340 -1.93533
C 56.49470 27.44360 -2.11348
C 53.05250 28.06350 -1.87150
C 61.54040 29.21390 -1.90944
C 52.11220 30.62810 -1.62867
C 63.12160 32.06300 -2.27158
C 64.86390 34.54210 -2.78723
C 64.55130 38.02990 -1.36732
C 62.80550 41.04180 -1.62309
C 49.45160 42.22080 -1.66962
C 61.12020 44.21930 -1.02831
C 58.11840 44.18640 -1.45809
C 52.06000 44.46030 -1.82062
C 56.94400 47.21530 -1.22585
C 53.59720 47.16840 -1.85427
C 51.20270 25.67230 -3.02746
C 70.69190 33.14680 -2.70263
C 67.65970 32.56750 -2.76717
C 69.33700 35.79590 -1.96820
C 67.82060 38.52440 -1.56275
C 66.10600 41.08650 -1.56791
C 64.56180 43.87580 -1.32457
C 63.29510 46.35130 -1.22456
C 49.50890 46.52300 -2.22292
C 73.06040 25.24480 -2.78025
C 69.80330 24.40350 -2.83426
C 66.62790 23.76350 -2.72195
C 70.51320 27.49250 -3.24366
C 66.91450 26.71760 -2.79212
C 58.42760 29.95680 -1.88639
C 55.18880 30.52610 -1.86501
C 59.94790 32.47500 -1.87835
C 57.01370 33.03630 -1.76726
C 53.90210 33.53240 -1.63040
C 50.70950 33.66700 -1.67561
C 61.69510 35.07240 -2.31178
C 58.76440 35.56470 -1.82023
C 55.83930 35.95930 -1.65489
C 52.44900 36.25550 -1.67624
C 60.84680 38.31850 -1.91987
C 57.56920 38.50690 -1.80362
C 54.40170 38.69940 -1.75979
C 50.97090 39.02800 -1.77735
C 59.54560 41.31750 -1.64120
C 56.35530 41.61370 -1.59953
C 53.25950 41.62910 -1.72126
C 55.16400 44.41910 -1.52263
C 54.08470 24.97560 -2.31019
C 72.74540 35.80950 -2.28412
C 71.08290 38.46400 -1.74776
C 72.74400 41.03110 -1.52027
C 69.49100 41.19030 -1.29878
C 71.26140 43.74240 -1.51282
C 68.00390 43.71350 -1.54234
C 72.93440 46.42420 -1.49622
C 69.57940 46.67340 -1.45298
C 66.33630 46.55920 -1.49712
H 65.14410 24.64150 -1.02005
H 62.13520 24.35550 -0.56502
H 71.78440 28.91820 -1.68059
H 65.51550 27.71170 -0.95785
H 69.55890 30.99070 -2.65490
H 66.58280 30.62700 -1.61688
H 59.10490 24.96860 -0.29294
H 55.95580 25.50860 -0.81002
H 61.46800 27.56530 -0.37565
H 55.02820 28.50590 -0.43199
H 51.91900 28.90580 0.19021
H 63.40750 30.38260 -0.75119
H 50.63930 31.81930 -0.06271
H 64.86660 33.07130 -0.74463
H 63.63830 35.85380 -1.01452
H 62.49830 38.95770 -0.21272
H 49.52070 40.07500 -0.53034
H 61.27950 41.91660 0.05405
H 51.58690 42.90630 -0.46941
H 59.91670 45.00070 0.24771
H 56.67460 45.18380 0.26863
H 53.48890 45.44690 0.07611
H 53.03200 26.12180 -0.47962
H 50.57490 27.54960 -1.97557
H 72.61490 33.61720 -1.11818
H 69.46880 33.77770 -0.63996
H 66.91350 34.85900 -2.09496
H 67.97600 36.46460 0.05761
H 66.36980 39.15920 -0.03385
H 64.50920 41.76590 0.14567
H 63.08000 44.55210 0.54043
H 48.65680 44.46410 -1.02817
H 73.34510 23.42040 -1.11204
H 71.12040 25.83380 -1.47760
H 68.06310 25.15160 -1.30757
H 68.70820 28.02680 -1.78461
H 58.17280 27.97700 -0.32108
H 60.14920 30.65950 -0.23210
H 57.00160 31.14440 -0.26979
H 53.76100 31.61920 -0.13699
H 61.86950 33.36990 -0.54496
H 58.80070 33.77480 -0.19551
H 55.65210 34.18390 -0.05027
H 52.30680 34.45480 -0.01078
H 60.64050 36.32120 -0.52353
H 57.45620 36.75700 -0.09051
H 54.18910 36.95310 -0.10089
H 50.90370 37.19020 -0.07447
H 59.31430 39.30710 -0.21339
H 56.04140 39.60020 -0.17261
H 52.81660 39.74340 -0.18478
H 58.03880 42.23370 0.10044
H 54.75430 42.54310 0.08437
H 50.43580 24.57430 -0.92388
H 71.17330 36.41780 -0.43102
H 72.77160 39.02900 0.04992
H 69.55610 39.16850 0.11851
H 71.36030 41.90470 0.21876
H 67.88570 41.87280 0.11652
H 72.88060 44.61180 0.05781
H 69.61560 44.67000 0.11006
H 66.38880 44.61520 0.07465
C 73.61200 28.85440 -0.01708
C 63.72180 27.00070 0.64057
C 71.68570 31.32670 -1.33600
C 68.70580 30.11610 -0.53322
C 65.49150 29.72450 0.47727
C 59.71540 26.79860 1.27941
C 56.64250 27.18300 0.98897
C 53.67240 27.51800 1.37812
C 61.93750 29.54380 1.14112
C 52.18510 30.76450 1.61920
C 63.36410 32.14240 0.99563
C 65.71030 35.27230 0.19702
C 64.39870 37.69880 0.48890
C 62.77600 40.64890 1.59703
C 49.27840 42.41560 0.27149
C 61.32620 43.56580 1.94503
C 58.18160 44.03950 1.86829
C 51.87560 44.75220 1.30348
C 57.21960 47.17780 0.62132
C 53.59780 47.42260 1.59610
C 50.88040 26.60590 0.32550
C 71.06300 32.28980 0.40659
C 67.29700 32.76190 -0.54020
C 69.81970 35.25950 1.31553
C 67.92230 38.37720 1.79139
C 66.30210 40.86670 1.71866
C 64.98040 43.61870 1.82716
C 63.10830 46.30820 1.81971
C 49.82340 46.52170 -0.32271
C 72.84980 25.42150 0.32280
C 69.84650 24.64190 0.34094
C 66.88850 24.16520 0.58438
C 70.52340 27.78680 -0.09604
C 67.43310 27.08440 0.12690
C 58.43610 29.86320 1.29239
C 55.25360 30.28030 1.27028
C 60.37950 32.55700 1.25186
C 57.18260 32.99870 1.44475
C 53.95800 33.42360 1.53672
C 50.77950 33.56540 1.66615
C 62.33080 35.26970 0.94735
C 59.12880 35.70230 1.27346
C 55.76550 36.02150 1.50573
C 52.44790 36.37160 1.52296
C 60.81320 38.04880 1.27835
C 57.54830 38.62170 1.46424
C 54.37610 38.78050 1.47225
C 50.89460 39.20250 1.33290
C 59.40930 41.07410 1.54405
C 56.27840 41.33890 1.60471
C 52.76380 41.74000 1.30678
C 54.96530 44.33090 1.81084
C 54.39450 24.70450 0.91849
C 72.73580 34.97070 0.85579
C 71.15590 37.93740 1.49530
C 72.94550 40.76140 1.74351
C 69.60360 41.02750 1.70683
C 71.26330 43.85510 1.77354
C 68.13600 43.71700 1.73816
C 72.78160 46.42230 1.69151
C 69.52110 46.76340 1.58907
C 66.11420 46.48100 1.75186
C 53.11300 61.23060 -2.49902
C 50.23630 61.63910 -2.28538
C 59.43720 65.46630 -1.64518
C 56.06570 64.89230 -1.91236
C 49.68580 64.57060 -2.93695
C 60.17980 68.65710 -1.11768
C 64.42390 72.27270 -0.72675
C 61.34580 71.54040 -0.71175
C 67.37180 49.87580 -0.82248
C 64.12960 49.22010 -1.60591
C 73.16610 52.06280 -1.81633
C 70.21330 53.40030 -1.13982
C 73.49410 55.36690 -1.28368
C 73.67890 69.21370 -0.72330
C 52.01110 48.46450 -2.15798
C 52.19980 51.97810 -1.40255
C 51.40370 55.43530 -2.07621
C 51.11620 58.53520 -2.01639
C 60.43930 48.19920 -1.67063
C 64.68310 52.51200 -1.33923
C 61.50880 51.40400 -1.66250
C 57.97640 50.50550 -1.64519
C 70.08670 56.95650 -1.04141
C 67.80050 54.80360 0.93828
C 65.24650 55.50150 -0.97962
C 55.73050 52.93100 -1.77756
C 72.58800 59.32740 -0.11408
C 53.42460 55.04510 -2.01197
C 57.56680 59.32230 -2.01520
C 54.67960 58.61150 -2.23580
C 61.73750 63.13500 -1.64175
C 58.74080 62.20230 -2.07538
C 71.96950 68.09720 -0.82887
C 62.42360 66.24360 -1.36890
C 70.13840 70.93620 -0.15405
C 66.83960 70.04020 -0.82261
C 63.50560 69.27430 -0.99043
C 52.63470 64.36170 -2.09222
C 57.21500 67.88850 -1.38612
C 53.97780 67.82330 -1.95473
C 50.83440 67.45580 -2.42077
C 58.16370 70.94000 -0.78814
C 55.10630 70.73730 -1.15407
C 51.98060 70.43610 -1.64256
C 71.18500 49.32760 -1.65711
C 49.23680 50.04030 -2.45275
C 48.98390 53.19020 -2.33683
C 54.95570 49.95960 -1.59576
C 62.14810 54.48080 -1.53753
C 58.92240 53.69600 -1.89780
C 69.17310 58.71220 -0.46267
C 66.15240 58.09890 -0.83751
C 63.02200 57.58550 -1.43239
C 59.79610 56.81120 -1.78134
C 56.76560 56.08890 -2.10270
C 70.29980 61.63170 -0.61651
C 66.90140 61.18350 -0.94333
C 63.96830 60.67420 -1.37309
C 60.80770 59.94120 -1.84668
C 70.91820 64.95680 -0.90632
C 67.91140 64.27020 -0.98264
C 64.78140 63.66650 -1.16831
C 68.92480 67.47630 -0.92666
C 65.76480 66.76690 -1.15663
H 72.15530 56.81070 0.26793
H 54.54220 62.98290 -1.44710
H 51.91070 62.43770 -0.74427
H 48.87540 63.21560 -1.02016
H 60.59360 66.63780 0.22055
H 57.42670 65.83050 -0.00727
H 61.68780 69.51070 0.65382
H 55.05270 48.28350 -0.26155
H 64.58780 47.33830 0.04031
H 69.76330 50.24370 0.20097
H 65.09020 50.56040 -0.00499
H 72.41830 53.28890 -0.15458
H 50.81420 50.01140 -0.45523
H 50.63020 53.62770 -0.64886
H 50.10780 56.88240 -0.25363
H 49.65940 60.03380 -0.50290
H 62.03490 49.44560 -0.07199
H 58.54810 48.95220 -0.22442
H 65.48090 53.67500 0.85152
H 62.60410 52.71360 0.11154
H 56.31750 51.35350 0.08472
H 69.15430 56.87460 1.30841
H 66.05650 56.57430 1.04353
H 53.93450 53.48850 -0.18796
H 70.49490 59.85070 1.32888
H 54.84900 56.64720 -0.58383
H 71.42080 63.02810 0.75550
H 55.74020 59.91290 -0.25340
H 52.79150 59.42300 -0.81059
H 72.15690 66.10370 0.96465
H 59.82850 63.54080 -0.18538
H 57.01960 62.70100 -1.03942
H 70.19120 68.66890 0.87228
H 63.89140 67.25790 0.34776
H 67.95520 70.91780 1.32745
H 64.91790 70.28980 0.72668
H 54.06400 65.77060 -0.70431
H 50.81560 65.47970 -0.95702
H 58.42090 68.91040 0.62606
H 55.34220 68.52300 0.04146
H 52.07830 68.25790 -0.44116
H 56.46930 71.39980 0.80179
H 53.23640 71.04700 0.41263
H 50.08270 70.66660 -0.19936
H 71.31150 47.51060 0.02852
H 67.83740 47.56030 0.26478
H 72.95170 50.14790 -0.06044
H 59.50040 51.99480 -0.29513
H 63.16700 55.80980 0.22612
H 60.18090 55.01250 -0.12831
H 57.09670 54.34920 -0.38740
H 67.16260 59.49900 0.83347
H 64.10330 58.89380 0.30880
H 61.04010 58.12720 -0.18425
H 57.89360 57.51130 -0.40479
H 68.25000 62.48670 0.69305
H 65.02450 61.88570 0.53149
H 61.98060 61.24370 -0.07623
H 58.93160 60.43920 -0.32284
H 69.13910 65.59840 0.67749
H 66.02630 64.91810 0.50245
H 62.85490 64.36150 0.18160
H 67.02470 67.99130 0.55594
C 53.79770 61.42820 0.32643
C 50.01970 62.08060 0.81151
C 59.06600 65.16440 1.56316
C 55.59290 64.20990 0.45698
C 48.48380 65.51080 -0.28051
C 60.19400 68.16920 2.12624
C 64.52530 71.89480 2.57569
C 61.37630 71.15180 2.47860
C 67.31860 49.88650 1.05073
C 63.80350 49.06980 1.61446
C 72.82910 52.10370 1.58602
C 69.94510 52.72790 0.70559
C 74.11340 55.03970 0.47122
C 73.82710 68.96910 2.73699
C 51.84590 48.49700 1.49429
C 52.17660 51.89600 0.37953
C 51.13150 55.21550 1.25621
C 51.16890 58.77920 1.04278
C 60.56870 47.42780 0.12635
C 64.32170 52.09390 1.99659
C 61.15670 51.02950 1.38133
C 58.28330 50.70130 1.46633
C 71.28990 56.57270 2.60023
C 67.60330 55.54060 2.64521
C 64.37290 55.46370 2.34290
C 55.77840 53.32730 1.44029
C 71.64110 58.72140 3.18614
C 53.37180 55.27430 1.11314
C 57.26430 59.34000 1.21533
C 54.11560 58.41330 1.07348
C 61.35010 62.99540 1.61959
C 58.17120 62.19350 1.14735
C 71.96730 68.16080 2.61583
C 62.37810 66.07350 1.90691
C 70.44750 70.99920 1.94169
C 66.78450 69.75770 2.33253
C 63.53110 68.90950 2.18011
C 52.43390 64.37330 0.53631
C 56.80510 67.40440 1.78823
C 53.61120 67.21250 1.20339
C 50.36840 67.14460 0.75886
C 58.22750 70.58230 2.39749
C 54.83390 70.01920 1.95885
C 51.51620 69.66830 1.49835
C 71.16390 49.42010 1.69854
C 48.93350 49.76080 0.92714
C 48.72270 53.19420 0.83170
C 55.14330 50.17080 1.53068
C 61.78160 54.33020 1.64430
C 58.75680 53.58930 1.33461
C 68.53650 58.78050 2.75712
C 65.40560 58.52810 2.30472
C 62.52690 57.55450 1.67382
C 59.59260 56.85520 1.32489
C 56.55070 56.17930 1.22363
C 69.93900 61.78670 2.48023
C 66.67500 61.42680 2.27165
C 63.37110 60.64480 1.86520
C 60.52360 59.88230 1.43381
C 70.92700 65.01630 2.35683
C 67.73790 64.39590 2.25239
C 64.48950 63.77270 2.01124
C 68.73520 67.51790 2.25561
C 65.51340 66.79860 2.06413
C 70.95890 87.31100 -0.77696
C 67.72650 86.77230 -0.79860
C 65.78050 88.42690 1.08919
C 62.68670 89.73020 0.61637
C 61.82360 92.39970 0.39008
C 58.68540 92.63080 1.52919
C 57.95440 -1.21902 0.65265
C 49.29600 76.21090 0.72982
C 51.23340 77.87060 3.17900
C 55.55990 80.69560 0.35846
C 60.73010 85.05840 0.11736
C 49.60720 90.88530 2.02569
C 60.35560 87.97640 0.75184
C 57.28690 89.12890 1.61033
C 52.39030 92.00760 2.34069
C 59.04480 91.36490 3.15554
C 55.09590 95.00180 2.09829
C 65.93700 75.69380 0.13670
C 49.51680 73.01940 -0.69978
C 63.42350 77.13630 -0.30653
C 53.86460 75.99570 -0.01238
C 50.98620 75.83650 0.18096
C 64.93000 79.81160 -0.52258
C 61.75150 79.62520 -0.14522
C 58.41850 79.41900 0.12907
C 54.30220 79.20180 0.44671
C 66.67430 83.12940 -0.18219
C 62.81540 82.40480 -0.41087
C 63.92580 85.88410 0.27882
C 73.29530 72.39080 -0.76577
C 70.48050 74.31770 -0.87761
C 70.37920 77.72810 -0.73486
C 68.61030 74.98600 -1.29881
C 70.48770 81.06490 -0.75091
C 70.50280 84.29360 -0.48316
C 70.83940 90.15110 -0.59629
C 67.95740 91.01400 -0.54332
C 64.93210 91.69630 0.17284
C 70.23890 93.18130 -0.80791
C 67.02170 94.10980 -0.50507
C 64.03210 94.87800 -0.10399
C 60.91030 95.52600 0.33656
C 72.38400 95.59790 -1.61056
C 49.51170 80.32620 1.30769
C 52.37180 81.67010 1.74461
C 49.28410 83.78500 1.00645
C 59.00020 82.49040 0.88193
C 55.37950 83.94270 0.81658
C 52.16640 85.22640 1.18319
C 49.58040 87.18830 1.16697
C 58.00450 86.05750 0.95338
C 55.15530 87.04730 1.48066
C 52.40110 88.88790 1.68903
C 54.88100 90.43570 2.10847
C 62.29800 74.51400 -0.33566
C 59.29420 73.98150 -0.49519
C 56.27690 73.50480 -0.49386
C 53.01130 73.25550 -0.81494
C 60.30900 77.03640 -0.01633
C 57.10800 76.73020 0.01286
C 73.29330 75.95030 -0.87068
H 49.66120 95.19740 3.22374
H 69.09880 86.12560 0.50351
H 62.30320 88.00600 2.42215
H 71.06960 88.56470 1.39037
H 68.01470 89.08280 0.44894
H 64.46180 90.29610 2.25330
H 61.37090 91.02760 2.42439
H 60.70140 94.06680 1.95747
H 57.60070 94.69590 2.54606
H 51.03680 80.29300 3.34165
H 54.76120 82.21500 2.10173
H 61.27580 83.23610 1.46154
H 57.54880 83.96570 2.16320
H 60.01470 86.08080 2.32545
H 59.42560 88.89270 2.86871
H 56.85680 90.30120 3.70124
H 54.11150 91.74320 4.06890
H 50.38390 92.50560 3.77288
H 65.88990 73.15870 0.80276
H 62.70720 72.55350 1.05956
H 63.84570 75.39880 1.37645
H 51.38890 73.54570 0.66835
H 65.36500 78.07020 0.99381
H 55.47320 77.22440 1.58638
H 52.50570 76.08600 2.27828
H 66.56590 80.93420 1.28665
H 63.37530 80.72000 1.26646
H 60.17160 80.45300 1.43089
H 57.52300 80.85800 1.85370
H 64.54060 83.62890 1.09173
H 71.64400 72.73070 0.65345
H 68.86010 73.94110 1.11752
H 68.22690 76.84730 0.35003
H 68.83040 79.52880 0.39048
H 72.10640 85.70530 0.63719
H 69.02300 82.63620 0.49499
H 52.89390 94.44660 2.85483
H 69.87280 91.49760 0.98242
H 66.90140 92.45850 1.29015
H 63.76210 93.30150 1.72488
H 72.15390 94.15770 0.40246
H 69.12380 94.77680 0.65006
H 66.05090 95.58120 1.23205
H 62.96060 -1.32878 1.57619
H 51.25810 83.71680 2.53940
H 54.23540 85.30730 2.70171
H 51.41800 86.96010 2.84244
H 57.10690 87.04890 2.97217
H 54.22740 88.42750 3.33677
H 51.39030 90.06800 3.48532
H 59.63290 71.96830 0.92260
H 60.63150 74.98900 1.28037
H 57.58060 74.57100 1.22175
H 54.51240 73.93790 1.13828
H 62.00740 77.88870 1.55467
H 58.74320 77.59650 1.76635
H 71.47070 75.95910 0.68222
H 71.73020 79.35220 0.54582
H 71.90500 82.56850 0.52750
C 72.28850 87.05600 2.76021
C 69.03180 87.76680 2.44343
C 65.79510 88.35590 3.04690
C 62.82280 89.77050 4.10924
C 62.26040 93.02960 3.67462
C 55.98290 94.19060 5.50307
C 58.39040 -1.35190 3.91386
C 49.49750 77.11290 3.90365
C 52.19400 78.58960 4.84089
C 55.98850 80.56670 3.67704
C 61.61030 84.47380 3.43994
C 49.17240 90.47140 4.50696
C 60.76890 87.28740 4.35874
C 57.92250 88.49080 4.85792
C 51.98530 91.54450 5.40507
C 56.31230 92.77600 3.76259
C 53.80670 93.97850 5.20568
C 65.82040 74.85610 2.80174
C 49.23430 72.55850 1.24562
C 63.86420 77.22560 2.98476
C 54.40270 75.38770 3.18387
C 51.52950 73.88160 3.09441
C 65.30230 80.12140 2.83585
C 61.91770 79.83380 2.99759
C 58.92330 79.31990 3.17167
C 55.30300 78.65650 3.75078
C 67.03720 83.48440 1.61789
C 63.35630 82.69550 2.82904
C 63.70830 85.99150 2.10201
C 73.44780 72.63380 2.39028
C 70.63160 74.22550 2.39637
C 70.20410 77.75760 1.72077
C 67.74680 75.73190 2.64452
C 70.39510 81.03810 1.71549
C 70.40760 84.20730 1.54668
C 71.64410 90.44600 2.45640
C 68.15320 90.62920 2.49125
C 65.33350 92.14490 3.31763
C 70.59760 93.48260 2.18781
C 67.62430 94.22220 2.57643
C 64.54800 95.21800 3.14000
C 61.42550 96.02830 3.50945
C 72.80220 96.10710 1.55511
C 49.35260 80.76260 4.65939
C 52.79820 82.02790 3.56304
C 49.46330 83.87970 4.20596
C 59.29400 82.35910 2.59311
C 55.75030 83.69110 3.82908
C 52.34940 85.16680 4.28338
C 49.44930 87.09240 4.35952
C 58.44230 85.25240 4.02882
C 55.30490 86.63090 4.58992
C 52.24400 88.23320 4.79747
C 54.99120 89.75580 5.24996
C 62.32190 74.18590 2.81879
C 59.23720 73.58720 2.70137
C 56.19730 73.00490 2.60711
C 52.97100 72.62860 2.33430
C 60.58550 76.67120 3.10065
C 57.41860 76.26110 3.11803
C 73.36160 75.88390 2.27048
C 90.22550 2.87896 -2.87356
C 93.98790 5.70706 -2.98257
C 90.53770 5.53687 -1.07880
C 95.15620 8.76352 -3.66800
C 83.16840 1.12544 -3.07602
C 79.87210 1.95339 -2.99929
C 78.95180 5.16413 -2.32516
C 76.28000 6.34016 -1.59641
C 74.98730 9.82114 -0.81875
C 73.57770 11.19240 -3.72999
C 74.64770 15.26490 -2.84750
C 76.58380 17.33120 -1.51324
C 77.56400 20.57160 -1.57352
C 86.73470 2.81378 -1.67376
C 83.61050 3.94338 -1.28326
C 82.06810 6.24556 -2.90049
C 86.57310 6.19038 -2.32220
C 80.76080 9.10189 -2.88449
C 77.72020 10.19960 -2.79745
C 92.08860 8.11603 -2.63181
C 89.03040 8.61121 -2.67010
C 77.32560 13.35030 -2.78157
C 95.45020 10.37330 -2.33383
C 79.82750 15.33540 -2.75972
C 0.45511 12.56880 -3.58386
C 81.46370 17.86870 -1.76117
C -0.56627 15.51490 -1.63533
C 81.33870 20.80920 -2.72767
C 95.76230 18.65350 -1.26963
C 92.85410 19.53600 -0.86012
C 89.94520 20.73970 -1.38091
C 87.02810 22.21800 -1.09146
C 0.22995 20.98680 -1.93563
C 95.83390 23.49090 -2.04928
C 0.61670 0.49856 -3.54823
C 94.96430 0.22039 -3.38757
C 91.87270 0.10364 -3.29994
C 88.60970 -0.08460 -3.36829
C 96.11360 3.20343 -3.36298
C 93.01000 2.85487 -2.84266
C -0.15585 6.02301 -3.69777
C 80.87920 -1.21314 -2.89585
C 77.67210 -0.52049 -2.65032
C 74.45960 0.29665 -2.20058
C 76.64500 2.47479 -2.85098
C 73.88360 3.49307 -2.24292
C 74.29470 19.87710 -2.15311
C 75.42870 22.84240 -2.26368
C 83.46780 7.48711 -2.44306
C 86.17600 9.60402 -2.46170
C 83.27520 10.92260 -2.60813
C 80.19060 12.16240 -2.66043
C 91.35270 11.16280 -2.95843
C 88.35120 11.97560 -2.47849
C 85.66000 12.97800 -2.42156
C 82.80470 14.14600 -2.72878
C 93.74050 13.39040 -2.69584
C 90.81180 14.33330 -2.22934
C 88.06330 15.36090 -2.16472
C 85.04680 16.38890 -2.49470
C 93.40130 16.39090 -1.79061
C 90.46950 17.60910 -1.53864
C 87.51240 18.64400 -2.06021
C 84.54470 19.69200 -2.35138
H 90.15550 0.79789 -1.61551
H 91.68830 3.42409 -0.87640
H 88.72670 3.79595 -0.99636
H 95.79240 6.94227 -1.97881
H 92.82550 6.41190 -0.82611
H 85.93360 96.06210 -1.68934
H 84.82940 1.77388 -1.30721
H 81.76500 2.31772 -1.30930
H 78.64720 3.15045 -1.54969
H 78.21740 5.80401 0.11705
H 74.56080 7.46173 -0.04270
H 76.18070 14.88920 -1.19408
H 77.43520 18.93270 0.29966
H 78.54020 21.95710 0.35814
H 85.76330 4.84546 -0.39252
H 82.73720 6.13090 -0.51913
H 80.04900 7.37845 -1.86481
H 88.54150 6.95978 -0.76851
H 76.61320 11.72960 -1.05868
H 90.94100 9.30485 -1.22738
H 79.08550 13.68200 -1.04473
H 0.39737 10.40130 -1.95650
H 93.21640 11.45420 -1.89312
H 79.06190 16.96440 -1.54992
H 80.02530 19.92860 -1.45845
H 95.27250 16.45790 -0.13906
H 83.01170 20.92700 -0.81798
H 80.93540 22.88410 -1.24203
H 94.64480 19.23620 0.93684
H 91.67880 20.44750 0.53726
H 89.22270 22.09040 0.19119
H -0.14058 18.57950 0.41104
H 95.91700 21.19570 -0.89408
H -1.01383 1.27559 -1.94982
H 93.46900 0.83251 -1.56515
H 0.26784 4.20921 -1.93227
H 94.75530 3.90076 -1.37235
H 74.30010 -1.31967 -0.37931
H 82.79070 -0.68139 -1.48626
H 79.60880 0.17365 -1.27616
H 76.52070 0.90031 -1.02958
H 73.44270 1.72479 -0.54223
H 75.60810 4.04120 -1.14389
H 74.41120 17.90830 -0.56303
H 75.49710 21.17960 -0.40920
H 77.22010 8.56820 -1.01923
H 85.49350 7.95430 -0.99592
H 82.47560 9.19686 -1.07333
H 79.55420 10.46920 -1.23941
H 88.07420 10.10090 -0.95580
H 85.05120 11.22670 -0.90148
H 82.12870 12.43330 -1.08880
H 90.25510 12.34930 -1.04211
H 87.36730 13.43150 -0.73462
H 84.46360 14.52770 -0.98778
H 81.65310 15.48730 -0.94577
H 92.63200 14.41520 -0.58151
H 89.60650 15.59100 -0.42785
H 86.64120 16.74920 -0.65324
H 83.71570 17.81670 -0.80239
H 92.21290 17.38560 0.22589
H 89.01850 18.84090 -0.05363
H 86.11600 19.93850 -0.48275
C 89.86310 2.31302 0.42222
C 94.99460 5.79658 0.21434
C 91.23190 5.24130 0.74683
C 95.33630 8.90575 -0.42172
C 83.49290 1.09607 0.19839
C 80.20460 2.11926 0.15340
C 77.62210 4.25499 1.73483
C 76.77420 7.43167 1.28911
C 74.55050 9.64095 1.25827
C 72.38700 10.32660 1.61007
C 74.53320 13.00940 -0.77518
C 76.29730 16.69000 0.48207
C 76.70110 20.75970 1.74835
C 86.70340 2.78625 0.23659
C 83.62760 4.22032 0.64934
C 80.66290 6.12551 0.36182
C 86.46130 6.52626 0.90205
C 80.46080 8.76591 0.20848
C 77.94140 10.47620 0.56688
C 92.57580 8.17921 0.51358
C 89.40470 8.61729 0.66282
C 77.27880 13.50270 0.58824
C -0.41680 9.42902 0.31478
C 79.60630 15.51380 0.51263
C 2.00942 11.58090 -0.43657
C 79.38700 18.44790 0.59606
C -0.87400 14.48490 -0.08461
C 80.95540 21.12000 0.52283
C 96.00620 17.47480 2.01818
C 92.49920 18.82960 2.25244
C 89.51710 20.30080 1.93199
C 86.77010 21.92420 0.81673
C -0.88770 20.58270 1.42244
C 95.42500 22.92880 0.98983
C 0.73691 0.65437 -0.32303
C 95.34580 0.07346 -0.18440
C 91.81810 -0.24560 -0.12032
C 87.83150 0.08841 -1.45139
C -0.93336 3.00327 -0.09764
C 93.62430 2.46780 0.26443
C 0.29404 6.32881 -0.60332
C 81.21990 -0.99279 0.22832
C 78.02060 -0.15087 0.54865
C 75.08060 0.60651 0.86855
C 77.16220 2.93192 0.42768
C 74.16530 3.60884 0.90006
C 74.08040 19.73560 0.98966
C 74.71070 23.13500 0.92227
C 83.55080 7.74675 0.60041
C 86.27210 9.69490 0.60732
C 83.14710 10.89010 0.52738
C 80.18690 12.24400 0.42318
C 91.81050 11.06430 0.26206
C 88.57530 11.85630 0.65532
C 85.57310 13.07260 0.68026
C 82.73720 13.99130 0.67967
C 93.65810 12.39640 0.51989
C 90.69890 13.88060 0.92650
C 87.62960 15.20100 0.96476
C 84.45080 16.49530 0.53421
C 93.55150 15.69370 1.39326
C 90.11360 17.21120 1.45549
C 86.95030 18.32990 1.24866
C 84.01050 19.69790 0.94390
C 82.71890 48.53180 -0.62638
C 92.02710 46.32160 -1.82440
C 0.75948 47.81720 -2.81427
C 85.62050 25.20860 -1.89447
C 81.86810 24.98610 -0.29111
C 90.62150 27.19790 -1.72338
C 87.34550 27.82210 -1.96401
C 80.49610 28.80660 -2.18623
C 89.40000 30.15430 -1.74477
C 79.58240 32.11530 -1.87652
C 91.32070 32.62110 -1.50683
C 78.64190 34.93760 -1.85583
C 93.22790 34.88760 -1.49713
C 80.93880 37.49970 -1.68806
C 95.25210 37.60240 -1.63233
C 82.86800 40.01430 -1.22768
C 85.09790 42.23750 -0.97830
C -0.73315 42.80740 -1.44804
C 93.65620 43.40420 -1.43084
C 90.01990 44.15440 -1.20075
C 86.95820 44.78640 -0.55250
C 84.51780 45.49930 -0.56132
C 95.97400 45.71460 -1.56373
C 78.57550 23.64120 -1.60834
C 79.58960 26.64280 -1.82010
C 77.18100 29.46770 -1.86272
C 75.16410 32.25360 -3.56296
C 75.45960 35.86890 -2.84797
C 77.53050 38.07140 -1.79650
C 79.47700 40.81090 -1.29367
C 81.60820 43.35960 -0.64719
C 79.82210 46.54750 -0.23451
C 83.33820 23.00790 -2.07885
C 88.60890 24.46690 -0.28056
C 93.75900 26.01390 -0.90732
C 90.22330 25.22210 -1.86014
C 92.68660 29.45860 -1.51317
C 94.62610 31.79070 -1.40634
C -0.86879 34.58810 -1.38032
C 84.16740 27.96630 -2.11400
C 86.12440 30.82360 -1.90209
C 82.93670 31.27540 -1.99036
C 88.15220 33.24230 -1.51186
C 85.07260 33.66140 -1.69672
C 81.95350 34.26870 -1.83023
C 90.11950 35.64370 -1.21079
C 87.12580 36.18670 -1.26097
C 84.11510 36.96850 -1.39370
C 92.14480 38.16720 -1.29021
C 89.07350 38.61320 -1.03593
C 86.06550 39.17180 -1.06072
C 0.18192 40.04040 -1.30176
C 94.60370 40.59540 -1.27173
C 91.41850 40.91990 -0.99182
C 88.17200 41.52660 -1.10376
C 76.29820 25.93680 -2.27560
C 74.36310 38.34420 -1.75275
C 76.07530 40.93990 -1.53379
C 77.92630 43.63010 -1.33135
C 74.55170 43.73700 -1.50252
C 76.27240 46.59730 -1.21948
C -0.05514 26.04570 -1.56839
C 95.89890 28.65080 -1.37090
C 0.10967 31.48960 -1.34415
H 85.16600 47.94210 -0.30188
H 94.16970 47.01630 -0.75617
H 87.01710 25.81630 -0.51801
H 83.90630 26.31390 -0.15780
H 89.01440 28.30450 -0.21225
H 82.51440 29.40140 -0.67786
H 79.18520 30.05980 -0.46231
H 91.11220 30.69960 -0.04829
H 80.39240 35.45530 -0.33338
H 94.99110 35.69950 -0.02657
H 82.49530 37.93140 0.18078
H -0.61106 38.10770 -0.11380
H 84.65950 40.32430 0.53815
H -1.26808 41.13440 0.34290
H 83.78140 43.38960 0.39634
H 95.37920 44.05470 0.16363
H 92.12720 44.71010 0.00602
H 89.01280 45.26380 0.71504
H 85.84610 45.53020 1.66019
H 79.42370 25.07950 0.16501
H 77.45390 27.30140 -0.83997
H 74.72450 29.73610 -1.30250
H 76.25230 34.20620 -2.29637
H 77.45910 36.23560 -0.10766
H 79.27810 38.60170 -0.21256
H 81.46930 40.96000 0.28059
H 79.39570 44.27370 0.09721
H 85.01610 23.32320 -0.27389
H 94.08400 23.62490 -0.03665
H 92.17080 27.65810 0.09686
H 94.36310 29.97630 0.16028
H 96.26940 32.73170 0.18153
H 85.83000 28.83600 -0.45116
H 87.82210 31.20800 -0.18246
H 84.64140 31.82600 -0.19649
H 81.39930 32.37360 -0.29466
H 78.13320 33.10270 0.04662
H 93.10540 33.04200 0.09340
H 89.86970 33.64100 0.22789
H 86.67840 34.30650 0.07750
H 83.62330 34.87650 -0.13637
H 91.93250 36.18640 0.20760
H 88.75460 36.73110 0.50958
H 85.68950 37.27830 0.44766
H 94.00300 38.71270 0.14788
H 90.86170 39.20290 0.58788
H 87.78690 39.77930 0.69081
H 93.25730 41.80360 0.41028
H 89.94120 42.28740 0.33211
H 86.93200 42.76200 0.65302
H 76.50030 24.19570 -0.42853
H 74.14700 26.64290 -1.05974
H 74.43460 36.21760 -0.52228
H 76.01380 38.92090 -0.04129
H 77.70120 41.60500 0.27774
H 74.42970 41.83530 0.10773
H 76.05610 44.52850 0.15861
H -0.34616 24.10460 -0.12421
H 95.83950 26.98130 -0.01967
H -0.13421 29.67780 0.34054
C 84.38710 47.31150 2.24047
C 92.85540 46.65410 1.36836
C -0.48583 49.82990 0.78397
C 85.61280 25.05330 1.39240
C 81.36170 24.86300 1.68162
C 90.25890 26.89440 1.37578
C 87.17260 27.53980 1.21009
C 80.44610 28.43600 0.85708
C 89.23160 30.15280 1.42246
C 79.69740 31.55030 1.41382
C 91.27790 32.39670 1.71422
C 78.73850 34.74560 1.42145
C 93.40340 34.86550 1.67610
C 80.52790 37.20340 1.41182
C 95.47870 37.46510 1.64189
C 82.75460 39.65200 1.95976
C 85.18610 42.16280 2.12238
C -0.70995 43.03900 1.86118
C 93.54180 43.77790 1.78184
C 90.52210 44.20070 1.84512
C 87.38850 44.43670 2.46180
C 84.20910 43.87960 2.77668
C -0.47202 45.73460 0.09540
C 77.81060 23.97220 1.66428
C 78.86780 27.15130 1.22037
C 76.92330 29.62090 -0.03548
C 74.62210 32.21680 -1.54676
C 75.86910 34.36510 0.24948
C 77.66460 38.04940 1.55964
C 79.42140 40.28830 1.63965
C 81.40600 43.23090 1.18158
C 79.64610 46.32490 1.70293
C 83.61730 22.45430 1.12880
C 91.60220 22.95730 0.48990
C 93.73230 26.00820 0.86071
C 90.42930 27.54960 3.08458
C 92.40980 29.28700 1.56992
C 94.54430 31.63570 1.65231
C -1.27081 34.67370 1.72726
C 83.98720 28.06540 1.06654
C 85.99750 30.49890 1.33548
C 82.75780 30.93130 1.24126
C 87.98800 32.90600 1.58123
C 84.81660 33.57810 1.56512
C 81.74050 34.02230 1.23869
C 90.33510 35.39790 1.86210
C 86.97480 35.85660 1.96351
C 83.75980 36.48950 1.75105
C 92.46250 37.97670 1.91991
C 89.19670 38.38070 2.21306
C 85.96500 38.99340 2.15028
C 0.79906 39.90210 0.71369
C 94.59400 40.32850 1.85640
C 91.43270 41.19560 1.96172
C 88.48690 41.60640 2.14685
C 75.88330 26.27020 0.72469
C 74.33820 37.70670 1.38108
C 76.03180 40.69540 1.69604
C 77.63250 43.52800 1.82793
C 74.38980 43.67360 1.79840
C 76.01430 46.35190 1.97168
C -0.34826 25.80450 1.64777
C 95.73600 28.70900 1.78082
C -0.01621 31.57520 1.89828
C 88.89090 47.29240 -0.76195
C 86.13640 49.30060 -1.76430
C 82.98260 50.61350 -0.72189
C 80.18220 52.15740 -0.79697
C 77.25600 54.13520 -1.46270
C 94.16000 48.61900 -1.98686
C 77.25380 57.08180 -1.45655
C 74.02940 58.15250 0.73303
C 76.83080 60.33650 -1.28643
C -0.54453 53.25610 -1.28443
C 94.21530 54.62060 -1.38945
C 91.52020 55.98470 -1.63929
C 88.44080 57.46970 -1.92684
C 77.00960 63.62670 -0.91880
C 87.78400 61.43530 -1.69054
C 85.69980 62.73200 -1.24199
C 79.65810 65.47420 -0.88779
C 84.94880 65.75660 -1.19356
C 82.43450 67.54390 -0.00197
C 86.04640 69.05620 -0.29812
C 77.96420 49.70860 0.00499
C 76.31140 52.30290 -1.73297
C 82.12050 71.04230 -0.44240
C 79.39620 68.95000 -0.02877
C 76.36320 67.34680 0.18829
C 73.72170 64.07040 0.33412
C -0.46352 56.76050 -0.98781
C 93.94810 57.90820 -1.58388
C 92.89420 60.80030 -1.95755
C 91.60520 63.72280 -2.15935
C 90.87320 66.64620 -2.67175
C 87.98910 65.86260 -1.27488
C 89.37950 70.15980 -2.93809
C 90.94310 72.81840 -1.75448
C 91.65950 49.49220 -1.36581
C 88.75620 51.06030 -1.55291
C 85.81760 52.73580 -1.56695
C 82.85580 54.03030 -1.20311
C 80.16680 55.69970 -1.37267
C 94.38850 51.58430 -1.34748
C 91.60000 52.78460 -1.40390
C 88.82050 54.40960 -1.60673
C 85.69380 55.98380 -1.61287
C 82.90320 57.45690 -1.49266
C 79.95260 58.95870 -1.50453
C 85.59370 59.28320 -1.69534
C 82.52410 60.87960 -1.51949
C 79.76120 62.25830 -1.20623
C 82.52170 64.01040 -1.16710
C 74.53040 49.26820 -1.46814
C 76.37920 70.87030 -0.47702
C 96.11790 60.07250 -1.79108
C 0.48889 62.57160 -2.14244
C 94.94290 63.13960 -2.18032
C -0.67445 65.46360 -2.61658
C 93.72540 66.00260 -2.53476
C 95.62480 68.36500 -3.12599
C 92.63350 69.26210 -2.97387
C 0.27715 71.17390 -3.79572
C 94.50510 71.67000 -3.45471
H 83.38200 49.60720 1.74525
H 91.15610 47.74100 0.05720
H 87.94240 49.53480 0.14387
H 82.30230 52.62620 0.75472
H 79.28790 54.21970 -0.09119
H 76.41360 55.66220 0.52652
H 0.82971 47.87400 -0.22361
H 76.28850 58.73770 0.28081
H 96.23780 51.64490 0.42619
H 93.39270 53.08610 0.30500
H 76.12370 61.87670 0.79167
H 93.16280 56.24380 0.11600
H 90.24250 57.55230 -0.10668
H 87.75460 59.26040 -0.38099
H 76.04300 64.93210 1.00454
H 88.48780 61.95780 0.71974
H 81.53260 65.33500 0.74202
H 78.67280 66.80470 0.93571
H 86.79840 64.52990 -0.09060
H 84.82440 67.08160 0.50723
H 77.64860 47.23240 0.91232
H 76.16520 50.59440 0.10605
H 85.31100 71.41330 0.29338
H 83.05450 69.60390 1.29937
H 80.08960 71.00670 1.11924
H 77.29610 69.40600 1.22311
H 74.41040 70.91980 1.14281
H 96.03120 54.83110 0.27555
H 95.59050 58.36870 -0.06886
H 92.50340 59.27590 0.01633
H 91.59890 62.02170 -0.28121
H 90.37250 65.00020 -0.71589
H 89.47330 67.95480 -1.40857
H 91.32440 70.43510 -1.29242
H 88.05300 70.59980 -0.68354
H 85.20150 51.19450 -0.31458
H 93.50260 49.89120 0.19248
H 90.66520 51.33110 0.08227
H 87.82310 52.85950 -0.01222
H 84.89800 54.43520 0.12573
H 82.04070 55.89050 0.29635
H 79.08550 57.37500 0.15009
H 90.59290 54.49860 0.08477
H 87.64360 56.02140 -0.09516
H 84.82620 57.63810 0.03280
H 81.94960 59.06370 0.05301
H 78.91430 60.51930 0.13691
H 84.64880 60.81200 -0.23463
H 81.70810 62.17940 0.33190
H 78.91970 63.66020 0.70071
H 84.31250 63.96360 0.43590
H 74.48210 47.42900 0.24921
H 0.14951 60.92600 -0.28040
H 94.67340 61.49420 -0.37361
H -0.90790 63.94220 -0.66671
H 93.50400 64.40910 -0.68385
H 95.61110 66.92320 -1.19266
H 92.58630 67.59110 -1.08931
H -0.02423 69.42140 -2.05682
H 94.58480 69.99880 -1.62231
H -1.08422 72.56770 -2.37446
C 88.97490 47.58460 1.31936
C 85.94930 49.66220 1.54913
C 82.87040 51.19490 2.89067
C 80.08210 52.03670 1.05840
C 77.50610 53.75950 1.71325
C 94.55510 48.08130 1.45154
C 77.32860 56.93610 1.92526
C 74.15950 58.82410 2.66147
C 77.24390 60.39420 2.07852
C -0.66204 53.30250 2.05467
C 94.23960 54.84470 1.82849
C 91.32690 56.20530 1.71434
C 88.29430 57.77050 1.50510
C 77.05390 63.81300 2.35920
C 90.08060 60.05830 0.05128
C 86.03360 62.45240 1.11391
C 79.80890 65.22160 2.40640
C 85.69910 65.40650 1.92039
C 82.69560 67.24250 1.82242
C 85.49100 69.24880 1.60458
C 77.71560 49.31850 1.95586
C 75.99560 52.28830 1.95870
C 81.89510 70.79750 2.90305
C 79.62040 68.81590 1.93817
C 76.55060 67.24730 2.09427
C 73.65970 62.21980 1.30825
C -0.46582 56.68620 0.84054
C 93.90010 57.96530 1.67567
C 93.12410 61.16360 1.52456
C 91.85770 64.00290 1.12593
C 90.89740 67.00770 0.64769
C 88.98950 63.50570 0.40138
C 89.48340 69.93010 0.41064
C 91.60850 72.45010 0.03519
C 91.58330 49.66640 1.62910
C 88.80350 51.38130 1.69047
C 85.97820 52.75800 1.57119
C 83.18590 54.41030 2.01134
C 80.04200 55.62450 1.70914
C 94.18080 51.49950 1.92647
C 91.41010 52.96440 1.76698
C 88.69270 54.53700 1.54653
C 85.91130 56.08430 1.63483
C 82.96390 57.42550 1.71729
C 80.08190 58.98560 1.70977
C 85.96810 59.37240 1.31896
C 83.06870 60.59340 1.64996
C 79.91820 61.87070 1.98256
C 82.59140 63.63060 2.12589
C 74.44350 49.41110 1.76844
C 76.41520 70.85760 2.84353
C 95.99310 60.31690 1.31201
C 0.45321 62.77580 1.09802
C 95.08050 63.46660 1.00789
C -0.48767 65.96660 0.57925
C 94.04420 66.47970 0.60351
C 96.30490 69.07330 -0.04741
C 93.13090 69.61490 0.26551
C 0.48219 71.49440 -0.76199
C 95.17740 72.01700 -0.28239
C -0.64458 95.14730 -3.45282
C 93.82890 94.99860 -3.55762
C 90.49960 94.91760 -3.68800
C 0.07947 78.35310 -4.21112
C 94.55300 78.73990 -4.48548
C 89.40250 81.01800 -4.40038
C 87.52650 83.58860 -3.68243
C 86.21210 86.65030 -4.50783
C -0.14418 89.94700 -3.66535
C 94.28270 89.89950 -4.08749
C 87.50440 89.65740 -3.97646
C 92.07600 92.36550 -4.02716
C 73.86330 89.33230 -0.92730
C 84.08980 89.46920 -3.93057
C 79.30070 91.13920 -2.20655
C 85.11500 92.67630 -3.22738
C 87.27500 94.79670 -3.56879
C 83.98160 95.69490 -3.25738
C 89.94100 76.09770 -1.26661
C 87.27710 73.00960 0.08952
C 83.71860 71.49310 -1.66657
C 86.65070 75.76870 -1.39457
C 87.27500 79.41610 -2.91421
C 84.75140 81.63280 -2.10433
C 83.99910 84.51550 -3.63119
C 82.11300 86.53220 -2.93562
C 80.93480 89.00500 -1.83159
C 76.64050 87.46160 -1.74582
C 73.44020 85.48930 -1.37413
C -0.72283 74.61110 -3.95860
C 93.31160 73.35230 -3.99765
C 94.46100 76.72960 -5.10607
C 96.19260 81.33740 -4.50241
C 92.80920 81.13510 -4.72605
C 0.07951 84.38430 -4.29471
C 94.44700 84.31290 -4.57652
C 91.13460 84.03860 -4.68948
C 96.08880 87.16430 -4.18111
C 92.66940 87.00420 -4.36283
C 89.39320 86.94860 -4.49776
C 90.72160 89.71690 -4.15492
C 88.89350 92.19550 -3.78136
C 76.10600 91.80210 -1.78852
C 73.03030 92.69180 -1.33708
C 81.65460 93.03490 -2.71387
C 78.54320 94.07180 -2.35032
C 75.36820 94.76720 -1.96249
C 84.47700 75.12060 -0.51644
C 81.81510 74.14550 -0.44139
C 78.97120 72.50810 -0.52381
C 84.39000 77.98920 -1.48709
C 81.80520 77.07410 -0.79376
C 78.99760 75.54540 -0.66489
C 76.17070 74.01020 -0.63058
C 81.88000 79.84420 -1.29142
C 79.05950 78.81600 -1.00733
C 76.32790 77.32950 -0.97389
C 81.68430 83.08530 -2.19631
C 78.98740 81.96760 -1.50585
C 76.21370 80.50680 -1.05853
C 73.50910 79.25100 -0.95864
C 79.20480 85.13320 -2.13720
C 76.42210 83.85310 -1.47801
C 73.49430 82.32940 -1.07285
H -0.54530 93.25240 -1.63788
H 93.90380 93.28660 -2.47999
H 92.06890 95.77360 -1.97026
H 88.93070 95.61130 -1.98575
H 0.02549 76.92640 -2.91295
H 96.10980 79.58350 -2.71199
H 92.74850 79.45170 -2.71221
H 89.73680 79.64470 -2.19249
H 88.20310 81.61730 -2.34764
H 85.84620 85.21620 -2.81741
H 87.81850 87.54680 -2.74931
H 95.58180 90.71720 -1.99062
H 92.43280 90.46630 -2.52153
H 89.23520 90.25340 -2.36490
H 85.96890 89.88100 -2.16598
H 90.56110 93.01540 -2.19190
H 79.08530 89.41640 -0.23158
H 76.00200 90.20540 0.10957
H 72.88030 91.09770 0.43021
H 83.27900 91.13820 -2.86230
H 81.10520 91.77210 -0.66537
H 87.33670 92.86970 -2.07926
H 88.21770 75.19390 0.42141
H 85.49700 74.19730 1.58084
H 88.07910 77.81460 -1.05083
H 85.68590 79.89910 -1.11051
H 82.84700 81.90970 -0.45843
H 83.03030 84.91200 -1.32118
H 83.30410 88.06920 -1.93941
H 80.56530 86.80720 -0.97824
H 77.56390 85.60980 -0.37724
H 74.77230 87.17530 -0.14934
H 93.39720 72.93780 -1.61415
H 1.41718 74.59440 -2.49920
H 94.72290 75.25400 -3.18347
H 91.33930 74.91370 -0.42772
H 95.36180 95.99220 -1.86645
H -0.04068 82.44520 -2.82206
H 94.35320 82.30760 -3.13436
H 91.18610 82.12950 -3.15433
H 95.90580 85.16720 -2.80138
H 92.67440 84.99660 -2.99648
H 89.51120 84.93000 -3.08975
H -0.24376 87.97990 -2.19262
H 94.22240 87.81980 -2.74150
H 90.95110 87.70600 -2.76888
H 78.14080 92.47810 -0.52364
H 75.06760 93.25880 -0.05983
H 83.63720 93.89070 -1.60530
H 80.64260 94.69270 -1.20596
H 77.36380 95.52520 -0.80161
H 82.60900 72.69250 1.37026
H 85.59490 77.03990 0.39692
H 82.76050 75.82990 1.08093
H 79.92570 74.19520 1.13260
H 77.17910 72.56770 1.17575
H 83.06920 78.86100 0.46031
H 79.98310 77.34190 0.72684
H 77.08270 75.83650 0.89461
H 74.32270 74.19490 0.65541
H 80.10530 80.62720 0.33520
H 77.23360 78.98970 0.67338
H 74.39310 77.54130 0.64811
H 80.20440 83.75090 -0.36408
H 77.39400 82.35960 0.32490
H 74.59900 80.80120 0.65114
H 74.67400 84.10450 0.25178
C -0.64451 95.01170 -0.27856
C 93.79220 94.94940 -0.39852
C 90.51890 94.70190 -0.43368
C -0.02889 78.71520 -0.98706
C 94.37650 78.39020 -1.22948
C 90.10730 81.92440 -0.93280
C 87.62240 83.83600 -1.76315
C 85.56300 87.42080 -1.70751
C -0.25464 89.55010 -0.31579
C 94.14740 89.52850 -0.97410
C 87.84360 89.05800 -0.80875
C 92.34760 92.18150 -0.72112
C 74.00750 89.05210 1.15317
C 82.51940 90.03090 -0.70627
C 79.44580 91.11910 1.13505
C 85.11660 92.00020 -1.43573
C 87.47380 94.37460 -0.42051
C 84.47560 95.72170 -0.06024
C 90.64800 75.12910 1.63422
C 87.61160 75.13810 2.76090
C 84.79450 72.31730 2.63010
C 87.71920 77.44900 1.48284
C 87.99660 80.24050 -0.34884
C 85.12500 82.31240 -0.25035
C 85.03350 84.63540 -0.45953
C 82.73140 86.84260 0.12716
C 80.20790 87.75590 1.31822
C 77.04180 88.03350 0.13427
C 74.10920 85.96660 1.87220
C -0.93894 74.90120 -1.56661
C 93.66850 75.26880 -0.81759
C 93.17130 76.90010 -2.08733
C 95.84040 81.43460 -1.34546
C 92.81500 81.16740 -1.52963
C -0.28097 84.21040 -1.03463
C 94.20230 84.06260 -1.39037
C 91.02210 83.94650 -1.47230
C 95.56570 86.77710 -0.98928
C 92.59960 86.70480 -1.27361
C 89.44270 86.57060 -1.20233
C 91.00380 89.28780 -0.97341
C 89.01860 91.88000 -0.64970
C 76.60080 91.85390 1.32869
C 73.67440 92.89490 1.85548
C 82.28400 93.66640 0.36941
C 79.04760 94.41510 0.58409
C 75.82780 95.21240 1.14453
C 84.64650 76.37520 2.50971
C 81.75790 74.48840 2.86573
C 79.12920 72.45670 2.73345
C 85.30080 79.34030 1.26136
C 81.89470 77.84180 2.23201
C 78.99780 75.97840 2.49695
C 76.02710 74.31570 2.45707
C 82.18780 80.91060 1.61793
C 79.34000 79.38040 2.03412
C 76.11300 77.56850 2.38769
C 82.33320 83.92640 0.80689
C 79.47890 82.62440 1.66019
C 76.61720 80.89490 2.16808
C 73.47390 79.27490 2.26535
C 79.58550 85.70860 0.99581
C 76.75360 84.38690 1.59673
C 73.77830 82.69270 2.07140
