2979
Frame 151
C 12.60910 95.83620 -2.00146
C 13.80880 1.23248 -1.56771
C 11.61210 3.14855 -2.90150
C 10.63010 6.35614 -3.46252
C 8.53702 9.15499 -3.99923
C 4.22731 8.59616 -4.59827
C 2.31399 8.44309 -5.43120
C 23.88800 0.81004 -0.99672
C 22.19530 4.18955 -0.33893
C 25.01940 6.25602 -1.82187
C 24.64980 11.91540 -1.40142
C 19.28930 1.10021 -1.96098
C 15.86170 -0.73580 -0.28603
C 19.06240 4.26829 -2.06843
C 22.79630 8.69548 -1.90573
C 19.66070 7.68627 -1.98911
C 13.70450 5.08715 -1.43972
C 23.00590 12.90630 -2.10671
C 14.44600 8.38934 -2.32609
C 22.87020 16.19950 -1.43601
C 11.87370 10.35710 -2.80341
C 22.98280 19.51050 -1.14623
C 12.22860 13.64150 -2.44363
C 9.24129 12.47690 -3.29476
C 23.04920 22.95750 -0.99159
C 14.63270 17.94250 -1.24510
C 11.17410 16.24520 -1.10382
C 14.44530 21.63480 -0.03646
C 20.40210 -0.67013 -2.03095
C 5.33605 10.62020 -2.50939
C 6.46970 14.34070 -2.18620
C 3.27178 14.26070 -2.60435
C 8.14652 16.95460 -1.34818
C 1.97267 17.22330 -2.81350
C 9.75746 19.47760 -1.10445
C 11.09660 21.98780 -0.65073
C 9.19021 95.51740 -2.95175
C 10.51700 0.85580 -2.65423
C 7.19439 0.53939 -3.38889
C 3.91568 0.08011 -3.79292
C 8.48956 3.19288 -3.57530
C 5.22025 2.92613 -3.96584
C 1.85047 2.64643 -4.21069
C 6.57194 5.64689 -4.51848
C 3.14445 5.39306 -4.61753
C 16.35410 2.86878 -1.86361
C 16.92670 6.35627 -1.99046
C 20.73480 10.97710 -0.59985
C 17.47150 9.92539 -1.78404
C 20.21420 14.79190 -1.63729
C 17.70530 13.10780 -1.69507
C 14.86880 11.49860 -2.12105
C 20.00640 18.25510 -1.15521
C 17.50410 16.57120 -1.31981
C 14.88230 14.96960 -1.67307
C 20.12660 21.41410 -0.95658
C 17.25820 19.70930 -0.98360
C 5.05074 17.02490 -1.95735
C 6.43837 19.57010 -1.41571
C 3.37903 19.85110 -1.99417
C 8.17673 22.41620 -1.06002
C 4.93596 22.42090 -1.42845
C 1.75364 22.68390 -1.97479
H 13.36270 -0.55666 0.14493
H 11.56810 1.89678 -0.69837
H 9.99877 4.43727 -1.95259
H 8.26583 6.91949 -2.96167
H 1.62840 6.34201 -2.91510
H 3.43697 9.14086 -2.22362
H 22.75870 2.00509 0.94965
H 24.70170 4.36697 -0.15831
H 23.00940 6.67915 -0.27276
H 24.58310 9.70279 -0.29005
H 25.04690 15.60900 -0.00923
H 20.01060 2.83361 -0.17758
H 17.22460 1.39064 -0.34657
H 20.20260 5.82640 -0.27029
H 14.49660 3.06872 -0.09266
H 14.94810 6.61341 -0.61979
H 21.29750 13.01230 -0.14040
H 12.29730 8.58251 -0.97286
H 23.70880 18.13780 0.07677
H 21.02280 16.39030 0.22944
H 9.76514 10.83460 -1.45495
H 23.88140 21.17000 0.58806
H 10.22820 13.94990 -1.38809
H 12.91350 17.89590 -0.21194
H 9.43467 17.47670 0.23921
H 22.07440 -0.67426 -0.39955
H 1.31356 12.74880 -3.21131
H 7.01605 12.48260 -1.84333
H 3.73749 12.18930 -1.26127
H 7.62030 14.83840 0.17189
H 6.25882 17.68740 0.12802
H 11.09260 20.02550 1.11787
H 7.95769 20.41200 0.31734
H 10.43380 -1.04970 -1.08565
H 7.15272 96.18230 -1.69518
H 3.92647 95.78290 -2.00447
H 0.73323 95.37270 -2.37543
H 8.45168 1.59585 -1.61927
H 5.23702 1.26390 -2.15788
H 2.03669 0.96276 -2.44173
H 6.69061 4.21071 -2.39864
H 3.43486 3.84086 -2.74210
H 4.91909 6.53125 -3.26661
H 17.37680 4.55641 -0.26125
H 20.92640 9.04034 -0.31305
H 17.84450 7.93719 -0.32620
H 18.27660 11.22300 -0.06075
H 15.31550 9.75139 -0.44516
H 18.32870 14.75090 0.10521
H 15.65850 13.05340 -0.30754
H 12.70450 11.73310 -0.89419
H 21.11890 19.68710 0.52911
H 18.39940 17.99740 0.45827
H 15.66810 16.29260 0.32608
H 12.93960 14.75100 -0.34317
H 18.32760 21.23940 0.76151
H 15.55960 19.51840 0.58734
H 4.54505 15.16490 -0.75636
H 1.33083 15.25630 -1.36546
H 3.07424 17.85810 -0.68188
H 4.66892 20.53280 0.04765
H 1.47802 20.58940 -0.67559
C 11.70960 95.96150 1.07797
C 12.99140 1.65858 1.32679
C 10.93990 4.01018 0.33637
C 10.50710 6.86072 -1.58470
C 8.52630 9.33473 -1.95784
C 3.95880 7.75278 -0.41259
C 1.25211 8.20660 -3.20638
C 23.88650 0.41909 0.74599
C 24.00270 2.99727 2.91521
C 24.53650 6.09508 1.69936
C 24.54900 11.54800 1.65243
C 18.97260 1.00364 1.45175
C 15.32110 -1.01560 1.67772
C 18.98850 4.46024 1.55906
C 22.71360 8.72864 1.34766
C 19.64150 7.66112 1.38590
C 13.24080 4.98928 0.37335
C 22.98510 12.98480 1.82438
C 14.01060 8.23953 1.04603
C 22.98260 16.19340 1.68840
C 11.41390 9.95921 0.30841
C 23.01690 19.44020 2.13222
C 11.48840 13.04180 0.72992
C 8.67118 12.50360 0.11775
C 23.20460 22.80510 2.20733
C 14.47240 17.72620 1.96873
C 11.40330 16.20940 0.92739
C 14.33170 21.21610 1.83393
C 20.16980 -0.80241 1.04779
C 5.62063 11.96030 0.32104
C 5.54273 13.80230 1.05399
C 2.59123 14.00750 0.15891
C 7.74038 16.69820 1.89630
C 1.08216 16.90390 0.37966
C 9.38889 19.25410 2.01511
C 10.83510 22.12470 2.74192
C 8.56470 95.42150 0.18490
C 9.75700 0.87268 0.35704
C 6.79830 0.67503 -0.26125
C 3.59837 0.34392 -0.62171
C 8.08030 3.73897 -0.44934
C 4.96970 3.28621 -0.91553
C 2.02105 2.92828 -1.00212
C 6.72444 6.52227 -1.34558
C 3.50146 5.89137 -1.31818
C 16.07000 3.16288 1.36119
C 16.56820 6.40653 1.16466
C 20.30330 11.01360 1.22644
C 17.01780 9.58925 1.34327
C 20.22790 14.51380 1.71985
C 17.37160 12.91070 1.51266
C 14.31440 11.46500 1.02600
C 20.29470 17.90700 2.02936
C 17.50160 16.23330 1.94604
C 14.52620 14.42050 1.46584
C 20.28520 21.16380 2.30049
C 17.43930 19.45810 2.25071
C 4.26184 16.72520 1.13990
C 6.11740 19.54970 1.74687
C 2.71741 19.48220 1.04803
C 7.75497 22.06060 2.14008
C 4.60562 22.30110 1.78388
C 1.23021 22.21750 1.06973
C 22.65540 26.32140 -1.03718
C 19.90840 28.34270 -0.44323
C 14.85110 25.00920 0.00949
C 18.69000 29.55430 -1.34552
C 22.96360 29.50250 -0.48928
C 23.33780 32.55130 -0.40389
C 23.58980 35.73620 -1.68719
C 25.73000 46.03270 -2.60704
C 22.15990 44.44130 -1.36973
C 20.19670 31.49280 1.61599
C 19.09060 33.04320 -0.91958
C 14.83880 28.13870 -1.40373
C 19.44390 35.05900 -0.92593
C 12.64760 34.39520 -1.07659
C 20.19120 38.25760 -1.37180
C 10.56930 36.50410 -0.92016
C 21.46620 41.52700 -1.57281
C 18.22740 41.10980 -1.26624
C 8.40350 38.95020 -0.91580
C 3.99638 38.88970 -1.73207
C 16.19280 43.38830 -1.23377
C 2.55772 42.56240 -1.40736
C 14.12150 45.65100 -1.47688
C 4.78576 44.27480 -1.91025
C 2.61221 46.83440 -1.97735
C 12.91420 24.41730 -0.58107
C 11.81930 27.75880 -0.43024
C 12.56600 31.26950 -1.10297
C 9.62001 30.40850 -0.73604
C 9.29928 33.32960 0.61228
C 5.64420 33.58090 -0.19343
C 7.68736 35.98550 1.27462
C 1.32919 36.23850 -0.48117
C 20.30900 24.65370 -0.58500
C 17.46280 23.15920 -0.51405
C 17.65770 26.38560 -0.08895
C 16.07240 34.79120 -1.39093
C 17.13490 38.00960 -1.41287
C 13.91660 37.17680 -1.24736
C 14.97030 40.36390 -1.23678
C 11.66220 39.69750 -1.21965
C 12.84960 42.78320 -1.30837
C 9.72498 42.19420 -1.27586
C 6.49055 41.72710 -1.39170
C 10.78670 45.14430 -1.42278
C 7.82018 44.81880 -1.52300
C 5.72176 47.28940 -1.66035
C 9.79768 24.90840 -0.79146
C 6.49105 25.15280 -1.04850
C 3.32679 25.39180 -1.33686
C 8.19514 27.76360 -0.80729
C 4.96338 28.03640 -0.85465
C 1.63070 28.34110 -1.05019
C 6.56631 30.57690 -0.61494
C 3.52291 30.75300 -0.58536
C 2.48793 33.58120 -0.36721
H 0.68358 42.83750 0.39586
H 23.90700 24.35830 0.14096
H 21.38740 26.14320 1.07692
H 15.72070 23.21630 1.30912
H 18.80500 27.77870 1.81368
H 16.05670 26.36480 2.01122
H 16.52500 28.69890 -0.20887
H 24.00680 27.52400 0.65990
H 24.54810 30.73050 1.08377
H 21.50650 29.45450 1.12515
H 23.93090 40.80830 -1.67977
H 24.62670 43.99110 -1.63511
H 22.46670 42.69920 0.40593
H 20.23760 45.00160 0.31837
H 19.56110 33.95890 1.47997
H 16.77760 33.24000 0.11334
H 13.70680 32.79460 0.59623
H 20.77610 36.67850 0.59845
H 11.25510 34.83720 0.76215
H 21.60250 39.70920 0.20112
H 9.02944 37.28760 0.99241
H 19.51540 42.08500 -0.10307
H 6.56279 40.02500 0.70549
H 2.43874 40.23050 -0.41513
H 17.28910 44.56170 -0.06239
H 4.71314 42.54000 -0.13552
H 15.39370 47.07490 -0.19070
H 2.92852 44.83620 -0.41419
H 12.60780 22.73390 1.13108
H 9.54511 23.07060 0.89192
H 11.37040 25.66140 0.91805
H 13.40620 29.67480 0.13131
H 11.03640 31.65710 0.82416
H 8.18731 31.21070 1.12365
H 7.11875 34.19190 1.18585
H 3.90805 34.22510 1.67268
H 0.85795 34.48700 1.23357
H 2.50796 37.26260 1.07149
H 21.20370 22.81390 0.74045
H 18.62850 24.56710 1.22916
H 23.24920 45.46980 0.60443
H 17.57030 36.18210 0.22975
H 14.38050 35.43850 0.32439
H 18.54750 39.11420 0.20546
H 15.38930 38.54260 0.33361
H 12.18360 37.88740 0.41895
H 16.42180 41.54530 0.41905
H 13.16440 40.92470 0.33426
H 9.92582 40.35500 0.51429
H 14.28250 43.92080 0.30179
H 11.17870 43.44550 0.35562
H 7.93865 43.00100 0.19241
H 12.29130 46.55590 -0.04668
H 9.10883 46.03110 0.17247
H 5.95410 45.45780 -0.09861
H 6.41858 23.18840 0.36871
H 3.16381 23.32530 0.01924
H 8.12233 25.86020 0.73977
H 4.80969 25.99810 0.46601
H 1.57352 26.12800 0.15455
H 9.87106 28.59330 0.87853
H 6.61153 28.61270 0.82413
H 3.27775 28.75900 0.78784
H 5.13339 31.49220 1.10038
H 1.96257 31.64650 0.99268
C 23.50160 25.77570 2.30455
C 20.61810 27.76350 2.98163
C 14.83530 24.46590 3.30189
C 16.58100 28.88340 2.40409
C 23.65300 29.08460 2.58899
C 23.48160 32.70270 1.53431
C 23.12450 35.89800 0.16792
C 24.75310 43.50380 0.88709
C 21.78660 44.29230 2.27108
C 19.58960 31.18150 3.34834
C 17.35240 33.52040 2.61154
C 15.53070 31.04980 0.26174
C 20.84300 35.11060 2.77144
C 13.10060 34.60800 2.27336
C 20.27140 38.21840 1.84863
C 10.74720 36.82770 2.25070
C 20.98490 41.39270 1.93535
C 18.31840 40.87230 1.84327
C 8.45506 39.34070 2.38131
C 4.39721 38.66090 0.38290
C 16.05280 43.38740 1.94101
C 2.88692 41.72050 1.39605
C 14.12430 45.95540 1.57201
C 4.52821 44.36200 1.52690
C 2.18501 46.76590 1.17674
C 12.67890 24.49430 2.75637
C 12.28890 27.90050 1.41587
C 12.96960 31.08730 2.23427
C 9.95523 30.32100 2.62446
C 10.27050 33.29080 2.45712
C 5.74726 32.96570 2.99244
C 4.40664 36.10940 2.49169
C 0.81200 36.31910 2.78666
C 20.63470 24.38950 2.60621
C 17.59220 22.77070 2.64504
C 17.83170 25.82330 3.30262
C 16.26560 34.95550 1.93066
C 17.18870 38.01910 1.94159
C 14.01140 37.28700 1.94105
C 15.00410 40.36270 1.94191
C 11.81790 39.72110 2.06066
C 12.90950 42.73700 1.97036
C 9.59802 42.37720 1.97260
C 6.27232 41.67920 1.65441
C 10.93270 45.46800 1.75485
C 7.52152 44.89780 1.66309
C 5.54621 47.22070 1.52784
C 9.60048 24.96850 2.50904
C 6.29139 24.93100 2.09466
C 3.10608 25.02760 1.82967
C 8.17772 27.66280 2.41585
C 4.89331 27.65150 2.26203
C 1.47807 27.61640 2.09885
C 6.60244 30.27320 2.58473
C 3.41076 30.50240 2.54146
C 1.96594 33.14980 2.94424
C 20.30700 47.12100 -1.26199
C 17.26630 46.57420 -1.67989
C 15.02930 48.89300 -1.85465
C 16.59420 52.50670 -1.23616
C 14.00140 55.72710 -1.15115
C 17.18560 56.37710 -2.92170
C 20.06700 58.30710 -1.46788
C 21.72870 61.03530 -1.23740
C 23.72900 63.62910 -1.31306
C 19.01650 61.02800 -1.97043
C 16.31330 59.76300 -1.90928
C 13.53580 58.37980 -1.92196
C 10.19540 56.79930 -0.61569
C 22.24100 66.40440 -1.71266
C 19.97600 64.40890 -1.16219
C 10.58840 60.36090 -1.49617
C 22.99610 69.65270 -1.74918
C 11.11430 63.70590 -2.38484
C 11.34780 67.01150 -2.89528
C 8.92438 68.84620 -3.63502
C 13.72740 48.24540 -3.26444
C 6.83805 50.22290 -1.50860
C 3.51596 49.79210 -1.64063
C 11.09830 54.16870 -1.66136
C 7.84462 53.08930 -1.63545
C 4.66438 52.66230 -1.74159
C 1.46428 51.99540 -1.67720
C 7.18630 56.11520 -0.38797
C 8.81268 58.05790 1.47347
C 7.20549 60.57930 -1.85867
C 9.02545 63.11440 -2.40317
C 7.89489 66.07720 -2.90524
C 6.78186 68.93540 -3.53674
C 23.30550 47.30990 -1.04158
C 21.60320 49.95460 -0.92104
C 17.92490 49.88700 -0.48186
C 23.02550 52.65700 -0.75512
C 19.72140 52.88950 -0.97747
C 21.52770 55.47500 -1.10024
C 23.11080 58.23930 -0.91156
C 16.66980 63.69360 -2.42570
C 13.85140 61.70010 -1.91852
C 19.91480 68.05600 -2.15361
C 17.07450 66.76800 -2.37670
C 13.90010 65.35690 -2.59238
C 17.45270 69.80740 -2.77772
C 14.41450 68.37570 -2.97043
C 12.08180 69.96360 -3.54363
C 11.89770 48.25060 -1.70391
C 8.80654 47.82570 -1.49493
C 10.02550 50.91450 -1.56298
C 3.01689 55.61440 -0.92014
C 5.23377 58.35680 -1.47941
C 1.92514 58.52640 -1.60245
C 3.94516 61.09330 -2.05656
C 5.85979 63.64000 -2.37593
C 2.88875 64.16780 -2.73163
C 4.64864 66.51970 -3.02365
C 1.57724 67.24290 -3.38806
C 3.60748 69.65920 -3.74906
H 1.81794 50.22800 0.25240
H 18.36670 47.59180 0.32019
H 16.04310 51.13440 0.60895
H 15.27380 54.11540 0.22388
H 15.89720 57.35140 -1.54719
H 21.33550 59.30840 0.47636
H 18.19870 59.28430 -0.33458
H 23.14050 62.06120 0.50264
H 14.21490 57.02170 0.96734
H 12.05460 55.34400 0.27923
H 22.03170 64.69600 0.03144
H 19.87340 62.25020 -0.08789
H 16.97110 61.84620 -0.80246
H 14.45460 59.93880 -0.27272
H 11.77280 58.47950 -0.34617
H 23.25870 67.82640 -0.02756
H 11.89430 62.26370 -0.62901
H 12.04360 65.55370 -0.92872
H 9.48303 67.45360 -1.69763
H 9.97757 70.58350 -2.30675
H 13.33800 49.56050 -0.07972
H 3.92651 47.89390 -0.13631
H 11.22920 52.11210 -0.04556
H 8.19303 51.45540 0.17437
H 5.03217 50.84600 -0.01444
H 9.12288 54.61420 -0.17957
H 6.10134 53.91420 -0.08836
H 2.90996 53.21190 -0.09564
H 7.33327 55.85260 2.18085
H 6.77089 59.21260 0.42878
H 8.72766 61.64260 -0.43945
H 7.60641 64.61560 -0.91022
H 6.35876 67.50820 -1.65967
H 5.43789 70.51130 -2.23724
H 24.76970 48.14830 0.72310
H 21.57030 48.02740 0.62254
H 23.02990 50.83030 0.91079
H 19.90960 50.89530 0.61165
H 21.40350 53.72500 0.67468
H 18.22530 53.48230 0.46792
H 22.86940 56.43030 0.75324
H 19.54420 56.43670 0.32114
H 20.32750 66.63340 -0.29402
H 17.67040 65.08580 -0.62358
H 14.71850 63.77370 -0.86559
H 20.78690 69.70800 -0.53235
H 17.93490 68.42140 -0.76520
H 15.01030 66.91620 -1.02377
H 15.36140 70.10570 -1.62137
H 12.45470 68.75800 -1.50079
H 10.25230 49.02110 0.09174
H 7.07182 48.41530 0.06516
H 4.86888 56.70790 0.26468
H 1.47770 57.27440 -0.06330
H 3.56081 59.67680 -0.09297
H 5.65495 62.02670 -0.54364
H 2.42692 62.64800 -0.82000
H 4.40490 65.09650 -1.02523
H 1.29341 65.59930 -1.54933
H 3.29715 68.14940 -1.89224
H 2.29312 71.10150 -2.26548
C 19.91430 46.86510 2.15993
C 16.82680 46.36330 1.76617
C 14.93020 49.00550 1.38679
C 16.34680 52.78820 2.14377
C 13.78400 54.84720 2.02290
C 17.16220 55.76040 -0.02564
C 19.36750 58.63650 1.76630
C 21.13770 61.47070 1.78868
C 23.76550 64.19890 1.67353
C 18.18650 61.13490 1.27124
C 16.14590 58.45530 0.72599
C 13.14380 59.12450 1.67646
C 11.85930 57.30190 1.78713
C 21.89090 66.60010 1.53913
C 19.66260 64.58150 0.61595
C 10.60680 60.42180 0.53382
C 22.40760 69.72450 1.31650
C 10.98550 64.04360 0.81245
C 11.20170 67.31660 0.14521
C 8.99600 69.43360 -0.40433
C 13.81300 52.04490 -0.04182
C 6.74851 50.23960 1.68744
C 3.56249 49.67990 1.64237
C 10.56300 53.98800 1.67806
C 7.87125 53.42010 1.63273
C 4.76257 52.72830 1.60347
C 1.51352 52.22070 1.84691
C 5.31805 55.65100 2.67663
C 8.78879 57.46380 3.37100
C 7.01462 61.20450 1.41579
C 8.99216 63.69450 0.90481
C 7.88446 66.55490 0.05044
C 6.81683 69.54280 -0.37247
C 23.12420 47.21550 2.32338
C 21.12160 49.91620 2.24816
C 17.92770 49.69030 1.46031
C 22.80570 52.78820 2.44131
C 19.81440 52.70190 2.27591
C 20.76120 55.80020 2.00719
C 22.79830 58.45340 2.27940
C 16.50780 63.68020 0.86936
C 13.97150 62.10410 0.82559
C 19.47530 68.37580 1.09478
C 16.76220 66.90450 0.74141
C 13.95250 65.47620 0.72943
C 16.95820 70.22670 0.26261
C 14.21330 68.85300 0.15510
C 11.65500 70.63420 -0.39328
C 11.95250 48.26560 1.68410
C 8.83022 47.93570 1.73546
C 10.00040 50.85830 1.75982
C 2.79219 55.44980 0.91278
C 4.68644 58.52740 1.79787
C 1.77196 59.06350 1.47234
C 3.78873 61.83270 1.11373
C 5.83182 64.13690 0.72151
C 2.46771 64.81800 0.43850
C 4.63779 67.30300 -0.00258
C 1.54704 67.65550 -0.26656
C 3.70452 70.12970 -0.52325
C 9.49177 89.75980 -2.64407
C 11.08460 92.92300 -2.47102
C 7.68157 92.67300 -3.20980
C 4.48534 91.96200 -3.41491
C 1.18441 91.89940 -3.72446
C 4.79751 74.90930 -4.62478
C 9.83315 77.79950 -4.45900
C 6.44927 77.85210 -4.84513
C 3.33457 77.92210 -5.05415
C 13.71880 83.92780 -6.03430
C 10.28920 87.83030 -2.72865
C 6.47695 89.35240 -3.27652
C 2.98969 89.33440 -3.82815
C 23.09670 80.29850 -1.55499
C 19.88720 81.27760 -2.26500
C 16.84170 83.35650 -3.49013
C 13.45450 85.86240 -6.43803
C 13.34510 87.27050 -3.09355
C 12.53200 90.42560 -2.44094
C 14.88780 92.76660 -1.96703
C 17.49630 94.70300 -1.81812
C 23.08290 95.18530 -2.00773
C 23.55560 72.99370 -1.77907
C 23.72930 76.65400 -1.00096
C 21.30350 77.73820 -2.52303
C 9.10497 71.89830 -4.10989
C 15.47860 78.24940 -4.45096
C 12.65280 76.25290 -4.71144
C 8.45689 74.94610 -3.84826
C 15.81600 81.61960 -4.10427
C 5.71717 72.02760 -4.05145
C 2.54495 72.77340 -4.04184
C 5.79956 95.05970 -3.47043
C 2.54089 94.57630 -3.69864
C 8.23312 80.71930 -4.99612
C 4.71663 80.77730 -5.13137
C 1.56595 80.70970 -5.12431
C 10.03380 83.98500 -4.70434
C 6.09972 83.53440 -5.00353
C 3.00032 83.67560 -4.83730
C 7.69039 86.48730 -4.78921
C 4.46655 86.58850 -4.53078
C 1.32281 86.40130 -4.44589
C 22.30010 83.28960 -1.72513
C 19.44800 85.07390 -2.69938
C 16.55540 86.33250 -3.05001
C 21.77750 86.90260 -1.95840
C 18.98070 88.29210 -2.32138
C 15.78850 89.45950 -2.64949
C 24.21810 88.74600 -1.54005
C 21.24650 90.25840 -1.99089
C 18.27310 91.46360 -2.12907
C 23.85900 92.07790 -1.70610
C 20.69240 93.46400 -1.86578
C 20.52500 71.19870 -2.48372
C 20.75620 74.43780 -2.71540
C 17.96520 73.10870 -3.25898
C 14.79360 71.50820 -3.57460
C 18.14790 76.33620 -3.53507
C 15.44730 74.65920 -4.23360
C 12.04400 72.95220 -4.22642
C 18.55150 79.98850 -3.34119
H 10.61010 91.08360 -0.93501
H 7.58773 90.82370 -1.62880
H 12.18850 93.80980 -0.36869
H 5.76280 93.24770 -1.75773
H 2.58851 92.70970 -2.08330
H 6.36145 76.07620 -3.17211
H 3.25128 76.26860 -3.28209
H 8.03675 78.90440 -3.16142
H 9.64117 81.70850 -3.44833
H 12.35330 83.19420 -3.99929
H 8.73383 88.25850 -0.80373
H 4.41515 89.99210 -1.85462
H 1.19513 89.86390 -2.28534
H 22.22320 78.44670 -0.31704
H 21.50060 81.56340 -0.02802
H 18.45440 83.15300 -1.63501
H 15.62380 84.49650 -1.53356
H 14.33850 85.63500 -4.06289
H 12.10560 88.27720 -1.17686
H 14.54590 90.60420 -1.13751
H 16.87220 92.67620 -0.39024
H 14.89340 94.77710 -1.74539
H 19.50730 94.81520 -0.62383
H 23.98840 71.03030 -0.19585
H 23.93940 74.52670 0.29954
H 21.39870 75.92460 -0.90973
H 18.83140 77.86240 -2.21206
H 13.17210 74.92350 -3.17273
H 10.21220 73.68600 -2.75332
H 7.48300 73.04020 -2.57798
H 16.05430 79.66240 -2.49329
H 13.18660 78.38320 -3.11537
H 4.38101 73.50790 -2.59610
H 8.98971 93.61260 -1.37677
H 4.85007 78.97170 -3.44193
H 1.55299 78.76640 -3.65984
H 6.40651 81.63280 -3.49780
H 3.17146 81.66220 -3.51490
H 7.84090 84.65570 -3.56922
H 4.66600 84.47050 -3.19633
H 1.44331 84.36090 -3.04660
H 6.12760 87.28380 -2.88430
H 2.89459 87.10060 -2.67993
H 24.50690 80.43390 0.48172
H 23.92810 83.68360 0.19166
H 20.98800 84.91260 -0.66622
H 18.04560 86.35980 -1.10882
H 15.16250 87.44450 -1.40640
H 23.32860 86.96020 0.04279
H 20.44810 88.37700 -0.42937
H 17.50410 89.54580 -0.85023
H 22.94090 90.29890 -0.15581
H 19.98060 91.57860 -0.34750
H 22.57840 93.62180 -0.22015
H 21.29450 72.80850 -0.94713
H 18.31710 71.54920 -1.37908
H 18.53150 74.69420 -1.64182
H 15.74210 73.27820 -2.17489
H 12.83720 71.91060 -2.12422
H 15.81000 76.49270 -2.71166
C 8.73943 90.38420 0.45444
C 10.32030 92.99380 0.64291
C 7.30893 92.53200 0.03658
C 4.14718 91.93120 -0.35885
C 1.15435 91.50240 -0.46657
C 4.66199 75.55500 -1.35473
C 9.57005 78.38150 -1.32784
C 6.35401 78.09550 -1.66970
C 3.19119 78.29480 -1.89332
C 12.11560 80.65590 -3.48854
C 10.24430 87.51180 0.48189
C 6.34917 88.85800 -0.92462
C 2.91734 88.77350 -0.77636
C 22.35750 79.98730 1.60815
C 19.40230 81.06430 -0.39967
C 16.29340 82.50590 -0.28474
C 13.40600 83.74640 -2.43861
C 13.18710 86.53490 -0.19942
C 12.51530 90.21950 0.30715
C 14.46070 92.85880 -0.01215
C 17.66060 94.17970 1.12564
C 23.08160 95.22170 1.23389
C 22.80910 72.87100 1.12578
C 22.57970 76.46290 1.18159
C 19.95620 77.65510 0.04840
C 9.17601 72.43650 -0.88024
C 14.30430 78.00660 -1.43258
C 10.87720 77.23960 -2.63770
C 8.42849 75.23600 -2.08753
C 14.74190 81.18400 -0.96937
C 5.87873 72.57130 -0.87179
C 2.57560 73.20000 -0.85997
C 5.46014 95.13770 -0.19745
C 2.24976 94.56940 -0.61868
C 8.20169 81.08330 -1.78946
C 4.77947 80.83290 -1.88585
C 1.66954 80.55800 -1.99907
C 10.18190 84.12280 -2.72864
C 6.47028 83.48020 -1.84688
C 3.21211 83.31100 -1.67758
C 7.90910 86.09940 -1.57343
C 4.69896 86.09180 -1.31879
C 1.25109 86.00010 -1.21615
C 21.67290 83.42820 1.32506
C 18.69650 84.39600 0.33540
C 16.08040 86.00870 0.34441
C 21.04300 86.62810 1.14140
C 18.29940 87.88090 0.77121
C 15.44040 89.02410 0.43972
C 23.77020 88.71240 1.61967
C 20.94570 89.98850 1.36607
C 18.01100 90.97990 1.03716
C 23.48560 92.06920 1.51737
C 20.49880 93.21870 1.20349
C 19.77310 71.54490 0.59459
C 19.97110 74.44080 0.34585
C 17.18770 73.26720 -0.16206
C 14.55950 72.06220 -0.37303
C 17.16200 76.58360 -0.75946
C 14.53880 75.15880 -1.09056
C 11.92410 73.94360 -1.15130
C 17.14990 78.72120 -0.53165
C 38.64640 0.22495 1.12577
C 36.82620 0.07198 -0.02543
C 39.53110 3.11840 1.73721
C 48.09500 9.41136 1.65992
C 45.05000 8.90402 1.81393
C 42.01560 8.39780 1.53545
C 42.83610 11.38610 1.32451
C 33.82000 -0.32986 0.77694
C 27.79060 0.68224 -1.23881
C 35.86370 3.01104 1.35166
C 37.52330 5.57261 1.15877
C 39.04060 8.39885 1.05160
C 26.33840 9.04705 -1.39536
C 40.92840 10.90990 0.85203
C 39.70270 13.76940 -0.17484
C 26.36270 14.78300 -1.07734
C 28.35940 17.34370 -1.03126
C 36.54780 20.13100 -0.62742
C 33.16850 20.14960 -0.73016
C 29.82200 20.12650 -0.74251
C 26.03330 20.65010 -0.42188
C 49.24190 11.03430 0.69236
C 46.21590 12.00400 1.38600
C 43.06350 13.52810 -2.03861
C 42.49350 17.05640 -1.08771
C 39.80520 19.50520 -1.12581
C 40.23230 22.17810 -1.27421
C 47.50350 1.09294 2.97499
C 44.41020 0.73273 2.77474
C 41.60270 0.52721 2.16763
C 48.76360 4.04815 2.73465
C 45.70410 3.60434 2.56156
C 42.59980 3.18907 2.46898
C 46.99420 6.58379 2.24631
C 43.88390 5.99168 2.18621
C 40.67100 5.74674 1.81406
C 30.88930 0.26197 -0.32915
C 32.77270 2.91612 0.25513
C 29.64810 3.21586 -0.90336
C 26.48390 3.27201 -1.58868
C 34.33800 5.78279 0.52207
C 31.30800 6.05772 -0.39521
C 28.21640 6.22086 -1.07650
C 36.02450 8.39438 0.46038
C 32.80540 8.56827 -0.06852
C 29.59600 8.93552 -0.67217
C 37.79900 11.20410 0.21842
C 34.53780 11.23760 -0.25834
C 31.22560 11.37500 -0.54877
C 27.90820 11.83320 -1.01910
C 36.20510 13.89280 -0.50357
C 32.86370 14.29310 -0.72523
C 29.68820 14.50070 -0.94894
C 38.16540 16.65890 -0.78342
C 34.74150 16.97920 -0.87682
C 31.52270 17.28670 -0.85382
C 49.20720 14.01550 0.20668
C 46.12120 15.34870 -0.14953
C 48.86220 17.23800 -0.66372
C 45.89130 18.76920 -1.02384
C 43.06470 20.54680 -1.44071
C 48.73550 20.38560 -1.15580
C 45.87690 22.03880 -1.53190
H 36.68100 0.92697 2.32145
H 40.62660 4.17054 3.73839
H 37.56950 3.85003 2.96351
H 48.52580 7.87363 3.74297
H 42.04080 6.93211 3.44678
H 46.60290 10.36760 3.19575
H 43.33810 9.82064 3.11535
H 30.48170 96.08380 1.52718
H 27.64130 96.07260 0.16913
H 32.16480 1.21944 1.68351
H 25.91120 1.52931 0.00699
H 33.77850 4.10788 2.28811
H 38.79360 6.79929 2.93230
H 35.63020 6.79041 2.33909
H 40.29450 9.55540 2.76805
H 39.24340 12.31040 1.92550
H 26.35030 12.73780 0.45900
H 40.78940 15.25300 1.08381
H 37.76120 14.95280 0.98072
H 36.51860 17.93650 0.64974
H 26.66720 18.35130 0.66944
H 34.58400 21.03130 1.00863
H 31.45160 20.51700 1.18806
H 28.47150 21.13620 0.38241
H 48.31320 12.79680 2.07735
H 45.37460 14.30570 2.02555
H 43.62930 14.87990 -0.47223
H 42.12750 19.10260 -0.19275
H 39.43530 20.67700 0.77882
H 24.72840 96.02890 -0.41873
H 47.64280 -0.55182 4.73018
H 44.53520 -1.02488 4.45805
H 41.45590 96.14170 3.73189
H 38.57240 95.71910 2.50838
H 48.91420 2.39573 4.53043
H 45.77810 2.00881 4.40596
H 42.63740 1.52063 4.23124
H 39.55320 1.23224 3.25608
H 47.01480 4.92322 4.14185
H 43.94030 4.47616 4.06832
H 45.19800 7.37764 3.74531
H 29.09860 1.45564 0.74214
H 30.80960 4.21914 1.07811
H 27.77320 4.24952 0.28509
H 32.51270 6.90776 1.72612
H 29.46730 7.05695 0.90040
H 26.24550 7.07112 0.21259
H 37.31140 9.71518 2.14880
H 34.22410 9.68323 1.62098
H 31.05470 9.72994 1.20550
H 27.84560 9.88088 0.61527
H 36.02460 12.35750 1.37235
H 32.80380 12.49480 0.97108
H 29.52700 12.63300 0.70195
H 34.58190 15.17900 0.86781
H 31.30880 15.38890 0.75847
H 28.11570 15.50110 0.60080
H 33.17810 18.06120 0.73386
H 29.81600 18.12190 0.74386
H 48.00650 15.92120 1.27283
H 45.01550 17.39030 0.98446
H 47.80380 19.01240 0.59021
H 44.92140 20.58030 0.28314
H 42.17330 22.25140 0.17912
H 47.65590 22.20430 0.09896
C 37.74130 -0.11917 4.12997
C 34.84540 -0.44823 2.90876
C 38.82990 2.92149 4.90828
C 48.45000 10.24840 4.71256
C 45.23400 9.64982 4.75041
C 41.66990 8.93014 4.71046
C 42.46410 11.90210 4.15337
C 33.19800 0.55550 3.80940
C 27.12310 0.38885 1.78484
C 35.33970 2.76603 3.26876
C 36.93390 5.89761 4.26104
C 38.47090 8.80646 4.17292
C 25.91540 8.92621 1.82488
C 40.29940 11.58900 4.05846
C 39.17170 14.52470 2.97853
C 26.39580 14.69580 2.11232
C 27.83450 17.46000 2.09924
C 37.02810 20.46240 1.24522
C 33.54710 19.84740 2.52283
C 29.38470 19.89530 2.44584
C 26.17900 20.74410 1.51705
C 49.40560 11.82230 4.01856
C 46.07500 12.69710 3.10599
C 42.93680 14.21580 1.98818
C 42.66020 16.86160 0.90913
C 41.14660 19.45650 2.07583
C 40.55160 22.71150 2.01719
C 47.31830 1.39653 6.13733
C 44.26150 0.91787 5.94507
C 40.64960 0.44771 5.26667
C 48.62590 4.37453 5.92148
C 45.49200 4.00977 5.79586
C 42.15210 3.56849 5.52946
C 46.97500 7.06258 5.49998
C 43.53290 6.48990 5.34635
C 40.21020 6.26977 4.91635
C 30.05130 0.48385 2.80018
C 31.82770 3.22639 3.14980
C 28.88000 3.32184 2.29622
C 25.77560 3.23597 1.74924
C 33.68840 5.96751 3.70172
C 30.53690 5.94728 2.80528
C 27.55710 6.01401 2.01082
C 35.50110 8.88561 3.55730
C 32.40280 8.92404 3.11154
C 29.14690 8.95940 2.49526
C 37.31700 11.83460 3.36693
C 34.22330 11.74740 2.91788
C 31.01320 11.71230 2.49542
C 27.77200 11.78130 2.24207
C 36.11230 14.41840 2.67073
C 32.85740 14.50770 2.47829
C 29.55300 14.56510 2.31702
C 38.97420 17.10670 1.04924
C 34.97600 17.22820 2.29067
C 31.55480 17.33580 2.30680
C 49.02870 14.70420 3.17324
C 46.09260 15.94870 2.94688
C 48.82840 17.86690 2.53079
C 45.80660 19.09680 2.18484
C 42.90460 20.47810 1.68316
C 48.70520 20.93930 1.91177
C 45.74690 22.39970 1.60598
C 49.09110 29.78210 -0.06872
C 47.71420 32.55000 -0.35321
C 49.53720 35.37580 -0.76031
C 48.25140 38.42620 -1.46747
C 37.30090 23.51110 -1.09916
C 39.97550 25.93140 -0.95346
C 42.80950 27.33480 -1.43502
C 48.62000 26.99780 -1.85503
C 45.56240 29.13410 -1.88357
C 36.56130 25.52640 -1.42550
C 33.74460 23.97690 -0.88906
C 29.67090 23.38670 0.48656
C 40.43200 29.63610 -1.68951
C 37.27440 28.63200 -1.44933
C 28.10800 25.75500 -1.46045
C 44.12510 33.47800 -1.28429
C 40.94980 33.06310 -1.89118
C 25.57320 27.70580 -1.22975
C 41.83190 36.73250 -1.11606
C 39.06620 38.26230 -1.40187
C 36.95030 40.69940 -1.04436
C 34.48270 42.42550 -1.32829
C 31.19500 41.41030 -1.30716
C 27.63900 40.30500 -2.59122
C 24.67400 39.36900 -3.00499
C 24.22760 42.85340 -3.42116
C 31.60270 44.63080 -0.87917
C 28.26870 44.40120 -1.10756
C 32.72510 47.45580 -0.71813
C 45.94790 35.91470 -0.79051
C 44.67160 38.94950 -1.69113
C 41.52560 40.35040 -1.66914
C 47.06880 41.24080 -2.05332
C 40.83240 43.66680 -1.40757
C 37.80620 44.99240 -1.63652
C 35.09080 45.84110 -0.39307
C 46.76220 44.45770 -2.01831
C 42.87170 23.77870 -1.55838
C 48.65280 23.49970 -1.76111
C 45.97100 24.95330 -2.15983
C 34.17660 27.59960 -1.30490
C 31.28950 26.24100 -1.19890
C 37.90890 31.80650 -1.57814
C 34.82020 30.66140 -1.43385
C 31.68440 29.52710 -1.44491
C 28.73570 28.31140 -1.19150
C 38.54710 35.03350 -1.60544
C 35.47630 33.76530 -1.68191
C 32.33210 32.66070 -1.64489
C 29.14880 31.43740 -1.47361
C 25.92940 30.52250 -0.99285
C 36.15700 37.18980 -1.67333
C 32.95600 35.99490 -1.73314
C 29.86870 34.85520 -1.68155
C 26.78620 33.57090 -1.58353
C 33.60950 39.31790 -1.54123
C 30.66710 38.13720 -1.86507
C 27.14210 36.84180 -1.61972
C 29.62710 47.24010 -0.78860
C 43.76390 42.35380 -2.11183
C 43.60380 45.53290 -1.64893
C 40.58110 46.52920 -1.03009
H 47.72240 31.07550 1.74388
H 49.19110 33.83660 1.20352
H 48.07810 36.58120 0.21480
H 39.32540 23.91770 0.27926
H 42.12890 25.47340 0.04360
H 40.87130 28.09290 -0.16764
H 47.40170 28.51310 -0.17306
H 44.35560 29.68950 0.26981
H 37.92210 26.84620 0.15120
H 34.87910 25.85440 0.37616
H 31.86120 24.66330 0.56129
H 41.73230 31.35210 -0.06312
H 38.63310 30.12640 0.06126
H 29.48510 26.70740 0.47468
H 26.56830 25.65420 0.05616
H 42.19970 34.44270 -0.24813
H 39.63570 36.40050 0.06972
H 41.03450 38.73430 0.07959
H 24.97150 34.16550 -0.10285
H 37.81840 41.34060 1.35959
H 31.73850 39.40310 0.08919
H 28.78790 38.40930 -0.69108
H 24.71810 37.73310 -0.91471
H 35.68350 43.60170 0.55204
H 32.56830 42.59900 0.23736
H 28.24970 42.60180 0.10402
H 33.01730 45.55220 0.85421
H 29.75660 45.32670 0.77437
H 46.09150 33.70870 0.49178
H 44.00150 37.35900 -0.08333
H 46.53910 39.53180 -0.22147
H 43.50680 40.66350 -0.31088
H 40.59370 41.76970 0.37835
H 38.32430 42.97160 -1.08396
H 45.93320 42.60810 -1.11648
H 44.88560 23.84290 -0.20694
H 47.60090 25.30420 -0.41663
H 44.80770 26.84980 -1.01685
H 35.50920 29.03450 0.27643
H 32.39820 27.90800 0.30782
H 39.22110 33.24900 -0.10313
H 36.07010 32.10150 0.09567
H 32.97370 31.03820 0.13136
H 29.99190 29.91770 0.19343
H 27.04730 28.85640 0.40383
H 36.53890 35.20290 -0.13722
H 33.55760 34.17580 -0.10879
H 30.46790 33.06260 -0.10755
H 27.46460 32.00780 0.26215
H 37.20890 38.51190 0.13253
H 34.23020 37.42350 -0.10854
H 31.10180 36.31920 -0.14048
H 28.00240 35.14940 -0.04467
H 34.86900 40.53160 0.18166
H 26.48980 45.24500 0.72905
H 42.94240 43.71470 -0.22995
H 40.19970 44.87410 0.69289
H 37.28840 46.13290 0.57139
H 45.60670 45.79020 -0.22603
H 42.67380 46.91160 0.19100
C 48.99260 30.50230 3.05598
C 47.25310 33.35280 2.68705
C 49.26640 36.09640 2.23227
C 47.87180 38.69050 1.58903
C 37.62510 23.76150 2.14071
C 40.05180 26.20610 1.09481
C 43.05660 27.56430 0.74758
C 47.56920 27.02500 1.44638
C 45.87930 29.94290 1.41829
C 36.73510 25.67580 2.03234
C 34.16910 23.57480 0.96627
C 31.19180 22.63440 1.99385
C 40.68480 30.02200 1.50872
C 37.51860 28.67800 1.72147
C 28.43760 24.80880 1.67198
C 44.02890 32.23060 0.46392
C 41.20780 33.51010 1.43281
C 26.08670 27.38250 2.01498
C 41.86830 36.58740 0.95991
C 39.12850 38.25260 1.57216
C 36.47950 40.05610 2.06675
C 34.30440 42.14510 1.95644
C 30.40540 41.34710 0.57055
C 28.23300 40.34820 -0.72663
C 23.44030 38.88780 0.07346
C 25.79680 42.06400 -0.43613
C 31.49810 43.99730 2.01752
C 28.20820 44.05080 2.29168
C 32.70020 47.30780 2.55128
C 45.79520 36.11620 1.12514
C 44.52190 39.06190 1.32089
C 42.14000 40.12780 1.70098
C 46.76330 41.48690 0.98642
C 41.76400 43.52200 1.97250
C 37.99580 43.93000 1.28709
C 35.25330 45.69820 1.85182
C 47.60270 44.44160 -0.22064
C 43.19770 24.01290 1.59809
C 48.48220 23.99660 1.41963
C 45.70770 25.76200 1.01732
C 34.27480 27.64420 1.90290
C 31.38520 26.37660 2.04095
C 38.06340 31.87380 1.58503
C 34.81380 30.77770 1.80970
C 31.77460 29.68500 1.84300
C 28.93630 28.46500 1.89409
C 38.37120 34.91560 1.48863
C 35.31990 33.87370 1.60337
C 32.24430 32.92060 1.54890
C 29.42510 31.71070 1.72329
C 26.50560 30.62770 2.14340
C 35.98430 36.93250 1.57242
C 32.89980 35.99490 1.49685
C 29.62060 34.89810 1.39462
C 26.48190 33.93020 1.59044
C 33.43920 39.09140 1.63944
C 30.03580 38.02130 1.34989
C 26.82020 37.27420 0.44214
C 29.50620 46.93650 2.52460
C 44.67560 42.28170 0.94357
C 44.05060 45.23490 1.41303
C 41.14170 46.62810 2.15328
H 37.06850 60.12100 0.95047
H 34.58490 58.51740 0.99640
H 40.07700 63.61980 0.65547
H 37.03220 62.90850 0.94211
H 44.22050 67.84140 0.67793
H 40.79890 66.73680 0.70812
H 29.03480 62.47160 1.27139
H 44.51840 71.04810 0.60374
H 25.24250 65.09950 0.12150
H 26.26970 68.60730 -0.03291
H 27.48440 71.55740 0.72570
H 34.15870 61.62790 0.95173
H 37.81380 65.76800 0.68820
H 34.62670 64.84650 0.76246
H 31.72020 63.62350 0.86110
H 41.58120 69.75450 0.08647
H 38.49980 68.90740 0.43158
H 35.30610 67.92040 0.57015
H 32.12670 66.96510 0.78144
H 29.23120 65.57170 0.80133
H 36.02960 70.98820 0.47754
H 32.90190 70.04280 0.63895
H 29.88930 69.34960 0.76935
C 47.63350 65.87680 -2.17112
C 48.92050 68.94840 -0.28735
C 34.80560 50.12450 0.35352
C 35.77500 53.41070 -1.14304
C 33.60870 56.19320 1.20085
C 31.14840 55.60530 -0.08285
C 29.84220 58.65330 0.07721
C 27.72630 61.21750 -0.42778
C 24.93770 61.11850 -0.81191
C 36.68530 58.22620 -0.51020
C 38.98080 61.42700 0.30877
C 35.91490 61.45220 -0.77357
C 33.11810 59.91990 -0.56049
C 42.77140 66.32410 -0.79368
C 39.70450 65.05100 -0.85745
C 30.60290 61.91060 -0.56812
C 43.64200 69.58070 -1.19607
C 27.40200 64.50010 -0.65174
C 25.29180 67.23150 -1.44538
C 26.21480 70.66490 -1.39434
C 37.80800 48.10110 -0.72580
C 37.60480 51.19460 -0.34977
C 37.20910 54.96090 -0.88241
C 39.94610 56.38230 -0.71697
C 42.26350 58.46540 -0.50729
C 47.88010 58.88350 -0.58241
C 41.95720 62.01400 -0.01894
C 47.21630 62.07780 -0.36405
C 45.40680 63.38310 -0.14352
C 26.33340 47.14120 -0.93897
C 31.21270 50.05370 -0.60478
C 27.90580 49.89990 -0.65271
C 24.73830 50.11020 -0.72244
C 32.71160 52.82880 -0.48435
C 29.30780 52.76150 -0.50442
C 26.34500 52.82770 -0.58550
C 27.97740 55.50950 -0.42710
C 24.65230 55.52910 -0.79389
C 26.45160 58.31860 -0.62607
C 36.41540 64.50420 -0.86269
C 33.49620 63.27740 -0.74883
C 40.24470 68.29090 -1.16521
C 37.18330 67.45350 -0.95442
C 33.92620 66.52040 -0.90092
C 30.97430 65.33930 -0.78350
C 37.67180 70.45650 -1.25599
C 34.58190 69.60560 -1.04968
C 31.58410 68.69600 -0.93263
C 28.51210 67.62460 -0.38815
C 32.44500 71.82550 -1.01007
C 29.23750 70.96620 -1.00411
C 46.06810 47.67750 -1.71208
C 43.31030 48.78710 -1.24321
C 40.43820 49.86000 -0.92218
C 46.02240 50.79460 -1.26277
C 43.11330 51.92450 -0.86069
C 40.00880 53.25630 -0.61240
C 45.85370 53.79820 -0.90294
C 42.71530 55.15600 -0.60073
C 48.39960 55.78740 -0.94203
C 45.33580 57.04180 -0.74753
C 44.94530 60.13530 -0.46218
H 47.51350 64.69580 -0.32825
H 49.04060 67.02930 1.36483
H 46.88870 69.31780 1.34534
H 34.44280 47.79080 0.92142
H 32.64770 50.91500 1.21919
H 34.22590 53.78000 0.83643
H 32.12030 57.68730 2.59362
H 31.32060 60.40090 1.09167
H 27.73440 59.38990 1.21138
H 26.10200 62.11400 1.14799
H 36.93000 49.27020 1.29250
H 48.10440 47.78940 -0.26894
H 39.42780 51.27740 0.82696
H 39.03180 54.64310 0.92804
H 36.20010 56.19940 1.03900
H 38.76060 57.85690 0.95565
H 41.51710 59.78190 1.08784
H 46.78030 60.22190 1.13014
H 44.09890 61.73990 1.26618
H 31.06170 48.18680 1.01010
H 27.93740 48.00000 0.90406
H 29.42080 50.85340 0.96399
H 26.30110 50.93060 0.99275
H 30.90800 53.78980 1.01355
H 27.77230 53.71450 1.23522
H 24.58250 53.69080 0.92984
H 29.21640 56.58840 1.31721
H 26.11000 56.47550 0.98669
H 24.60540 59.25630 0.77610
H 39.80820 48.08420 0.69680
H 45.24920 48.98470 0.24757
H 42.33960 50.10480 0.64443
H 47.95530 50.89630 0.19872
H 45.01870 52.04350 0.60408
H 42.01990 53.26400 0.86798
H 47.66090 54.04420 0.67524
H 44.70200 55.19910 0.84807
H 41.68660 56.55740 1.11915
H 47.21190 57.08050 0.87262
H 44.22590 58.30720 1.03166
C 46.64370 66.86020 0.77866
C 48.49750 68.64460 3.19727
C 34.67630 49.92830 2.08780
C 36.00880 52.93790 2.55590
C 32.83110 57.51740 4.45793
C 30.63460 55.48820 2.91048
C 29.84650 58.77750 2.30575
C 27.62700 61.25820 2.88295
C 24.26080 61.06380 2.42499
C 36.68330 58.27150 2.47784
C 39.27670 60.14830 1.98328
C 35.92980 61.45070 2.66063
C 33.28590 59.99610 2.55604
C 42.86320 65.61460 1.06692
C 39.64240 65.18210 2.35777
C 30.94700 62.19650 2.77712
C 43.37920 69.16700 1.80223
C 27.29050 64.18350 1.24978
C 24.98550 67.17000 1.62294
C 25.46910 70.30230 1.71338
C 38.09460 47.25740 2.25956
C 38.03520 50.56760 2.90253
C 37.20910 54.58280 2.73703
C 39.81180 56.24470 2.69442
C 42.39490 58.41930 2.72667
C 47.91150 58.69830 2.62637
C 41.79140 62.21760 1.90295
C 47.09490 61.85690 2.93299
C 45.48030 63.24640 2.82958
C 26.22750 47.06290 2.43033
C 31.14850 50.11720 2.64432
C 27.91250 49.81620 2.56020
C 24.61080 49.89040 2.46347
C 32.52940 52.94800 2.68800
C 29.37790 52.64510 2.71089
C 26.05670 52.73530 2.67480
C 27.52870 55.63230 2.80399
C 24.35410 55.57370 2.50979
C 26.03480 58.36960 2.61535
C 36.38320 64.85920 2.46877
C 33.57610 63.47210 2.49536
C 40.43030 68.51560 1.97448
C 37.22380 67.69390 2.10526
C 33.80480 66.69550 2.19078
C 30.81200 65.42390 2.33385
C 37.95730 70.77840 1.99525
C 34.72210 69.75120 2.17411
C 31.45810 68.82520 2.30348
C 28.14590 67.73430 1.41313
C 32.29460 71.89800 2.14435
C 29.03010 71.28800 2.19756
C 46.50510 47.23770 1.52023
C 43.58460 48.45840 1.90618
C 40.57440 49.68490 2.36573
C 46.26300 50.40230 1.95086
C 43.26490 51.70490 2.35643
C 40.04390 52.99660 2.48278
C 45.88240 53.54540 2.29845
C 42.90440 54.88270 2.48180
C 48.41680 55.53130 2.42730
C 45.45090 56.84570 2.55630
C 44.90200 59.97310 2.74960
H 42.01550 72.89950 -0.62332
H 39.56540 75.11610 -0.45234
H 37.41950 77.26460 1.01384
H 26.08410 73.25290 -1.47316
H 34.87370 79.34400 1.67145
H 32.02250 78.43840 0.60039
H 29.07000 77.58710 -0.49051
H 26.16580 76.37430 -1.07491
H 39.04580 71.90580 0.11660
H 36.67200 74.11250 0.34964
H 33.63550 73.16220 0.60366
H 30.56000 72.39930 0.47941
H 34.31870 76.27370 0.61328
H 31.32970 75.37250 0.33472
H 28.32240 74.66110 0.10297
C 43.70110 89.17390 2.21069
C 37.39190 89.37380 0.52858
C 47.99340 92.98200 3.21768
C 45.18570 91.92620 4.27918
C 42.60070 92.27440 2.18184
C 39.75510 91.78370 0.81683
C 35.95250 92.10500 -0.41687
C 34.65780 93.78890 -0.43083
C 45.97000 74.68070 1.45282
C 43.05980 75.93400 3.04221
C 41.14170 78.13270 1.17023
C 38.92430 80.23520 -0.13464
C 38.92770 83.29900 0.17527
C 38.93720 86.66040 0.84294
C 40.62190 88.66750 2.81316
C 46.75820 88.18660 2.84819
C 46.71410 71.18970 -0.49657
C 29.76280 95.79330 -0.85193
C 25.86880 78.82200 -0.74757
C 30.20580 79.77040 -0.49665
C 28.15770 80.86060 -0.36852
C 35.55150 83.20850 1.53229
C 33.22030 84.85700 0.23544
C 35.88820 86.34390 0.64216
C 32.70750 88.19380 -0.14226
C 32.24830 91.66580 0.63133
C 29.31930 92.76140 -0.31425
C 43.90500 72.46500 -1.45251
C 41.20480 74.75720 -2.20461
C 38.19110 76.78230 -1.38723
C 25.91540 74.75070 -3.06060
C 37.03790 79.48990 0.08399
C 31.33330 77.11160 -1.34401
C 28.52820 76.11650 -1.99212
C 46.34150 95.62470 3.15568
C 43.50140 95.16210 2.67487
C 40.64860 95.09220 1.58939
C 38.17420 94.75540 0.19958
C 46.69850 78.27660 1.85886
C 43.88280 79.77170 1.64201
C 41.54770 81.70460 0.86933
C 46.76200 81.51000 2.10365
C 44.11050 83.30990 1.80691
C 41.35510 85.13860 1.43223
C 46.82110 84.95880 2.42133
C 43.93840 86.58710 2.14941
C 25.40940 82.24030 -0.98964
C 30.63010 82.92260 -0.17962
C 27.69340 84.13220 -0.73730
C 24.69090 85.58060 -1.31689
C 30.18410 86.10420 -0.43456
C 27.25330 87.37840 -0.99223
C 29.73190 89.28630 -0.63003
C 26.86000 90.61300 -1.27681
C 26.34670 94.37380 -1.00388
C 40.60260 71.23940 -1.68780
C 38.25510 73.64820 -1.54307
C 35.33700 72.75550 -1.15047
C 36.32430 76.10530 -0.91036
C 33.33990 75.02100 -1.01575
C 30.23900 73.99740 -1.29906
C 34.13200 78.34730 -0.62361
H 42.03490 90.55250 3.55258
H 38.69700 90.25630 2.60728
H 46.42860 93.93730 4.88165
H 37.56230 92.96450 1.28883
H 33.44530 93.58740 1.82669
H 35.75010 95.60590 0.89786
H 45.48630 76.70260 3.03150
H 42.61250 78.37060 3.27458
H 40.14240 80.08060 1.93906
H 37.33550 81.66340 1.32288
H 48.18330 78.19240 3.97132
H 37.52320 84.77920 1.52238
H 37.15320 87.62730 2.24375
H 39.83090 86.31220 3.07241
H 45.01710 89.45780 4.39907
H 47.43970 91.10310 4.83686
H 47.07620 72.44050 1.70791
H 24.90950 77.37650 1.06666
H 27.27500 79.20100 1.32694
H 29.72520 81.21880 1.49913
H 32.17190 83.25940 1.39103
H 34.52560 85.19740 2.38456
H 34.30780 88.21610 1.53809
H 31.22440 89.55500 1.37623
H 28.28690 90.71500 0.73614
H 25.51370 92.17420 0.12249
H 30.35860 92.86480 1.75073
H 43.19630 93.44310 4.36607
H 40.34490 93.07370 2.92545
H 45.50010 79.86290 3.47696
H 42.89880 81.57000 2.99145
H 40.22820 83.21720 2.34968
H 48.41040 81.36320 3.94986
H 45.74030 83.07270 3.62924
H 42.85810 84.67440 3.37423
H 48.38210 84.55370 4.35346
H 45.48650 86.32550 3.97182
H 42.58530 87.70250 3.83796
H 48.26170 87.95590 4.43469
H 26.90410 82.52060 0.98293
H 29.20740 84.51010 1.14235
H 26.34840 85.68410 0.59747
H 31.71610 86.48090 1.42762
H 28.79350 87.61470 0.87753
H 25.82300 88.94470 0.25455
C 43.16770 89.37380 5.55278
C 36.20020 89.84720 2.05774
C 48.12440 93.01590 6.33366
C 44.58600 92.72590 6.10383
C 41.13630 92.21560 5.12676
C 38.20950 91.95090 3.64152
C 34.92710 93.38920 3.89240
C 32.04090 94.78200 2.17961
C 46.48590 74.47300 3.23451
C 43.50930 76.62850 4.76111
C 40.70250 78.89840 4.19883
C 38.00770 80.29430 3.26157
C 38.01550 83.23760 3.32642
C 37.66620 85.75640 3.76565
C 40.33300 87.98390 4.75553
C 46.20390 87.75530 5.88307
C 45.63370 71.10420 2.85206
C 28.80930 94.93600 2.07665
C 25.05740 79.27550 2.60622
C 31.72980 80.28720 2.25964
C 27.68400 81.18920 2.92531
C 33.40990 81.31170 2.19718
C 32.78030 85.02880 3.17650
C 35.25630 87.03380 3.67276
C 32.26060 88.14350 3.17851
C 32.30470 91.39620 2.53398
C 28.75940 91.67400 3.04705
C 43.22340 72.67850 1.64483
C 42.04500 75.32960 -0.79615
C 39.57070 76.57670 1.63813
C 26.23120 73.72440 1.08068
C 36.80720 78.58410 3.15714
C 30.45130 77.19510 1.62220
C 27.36280 76.69510 1.10304
C 46.05100 95.92970 6.29466
C 42.67000 95.43290 5.74036
C 39.56590 94.77770 4.53377
C 36.42490 94.47480 2.97252
C 46.33010 78.09070 5.12288
C 43.57400 80.04210 4.92311
C 40.77930 81.40650 3.97761
C 46.36420 81.34940 5.25296
C 43.65640 82.97280 4.90750
C 40.64400 84.41010 4.39951
C 46.43120 84.59080 5.54088
C 43.43760 86.02100 5.38377
C 24.83030 82.28740 2.08901
C 30.29940 83.19180 2.94845
C 27.14980 84.39080 2.54342
C 24.17400 85.45530 1.83078
C 29.65000 86.32970 2.80994
C 26.68080 87.57860 2.12404
C 29.26320 89.38750 2.59923
C 26.12880 90.78660 1.94692
C 25.90130 94.52410 1.03038
C 41.17750 71.66060 1.42743
C 38.78250 73.81110 1.54664
C 35.59790 72.80690 2.07714
C 36.06110 75.65790 2.18316
C 32.90020 74.96380 2.09437
C 29.76700 74.28120 1.86621
C 33.55790 77.82590 2.48695
C 54.83220 96.06550 3.60296
C 51.83400 95.15460 4.45222
C 49.20030 96.18220 3.03291
C 55.25170 3.94179 2.34633
C 52.08290 4.19953 2.89727
C 50.22550 6.65647 2.22539
C 59.86840 0.43183 2.51152
C 58.78010 3.32283 2.11525
C 57.64370 6.22055 1.63635
C 60.11030 7.80223 0.81208
C 73.57570 9.88709 -1.95148
C 68.41020 10.33400 -0.88647
C 65.22750 10.88570 0.73100
C 61.34480 11.04320 0.28814
C 71.30860 13.13690 -1.36609
C 68.12770 12.33540 -0.72878
C 66.22710 14.73050 -0.62823
C 63.18390 13.93130 -0.57458
C 63.63460 17.53410 0.49421
C 61.61980 19.97220 0.08472
C 63.28680 22.52580 -0.42721
C 60.46020 22.74180 0.02463
C 54.10740 7.35531 2.47917
C 51.98240 9.24119 1.53452
C 57.39210 9.43397 1.83415
C 57.24320 12.78350 0.47981
C 60.16740 13.93270 -0.34859
C 60.50720 17.23570 -0.01366
C 57.28330 19.14180 -0.92467
C 57.57370 22.91790 -0.16981
C 56.85910 0.98467 2.80882
C 53.66120 1.25785 3.31616
C 50.66010 1.48528 3.07395
C 68.84570 95.52860 1.16830
C 65.95050 -1.17630 1.86407
C 62.94840 -0.25661 2.20032
C 71.20190 0.58687 0.69583
C 68.20960 1.30924 1.24890
C 65.08630 1.95293 1.65178
C 62.07840 2.53552 1.88370
C 70.50280 3.57953 0.83097
C 67.39220 4.33872 1.07148
C 64.17720 4.90609 1.24931
C 60.94070 5.70323 1.51475
C 72.80880 6.04761 0.36882
C 69.65910 6.42399 0.46409
C 66.66740 7.39983 0.65687
C 63.33890 7.79886 0.71848
C 72.63860 16.38140 -1.04293
C 69.32560 15.55770 -0.80330
C 70.41640 18.50650 -0.67574
C 67.24190 17.79590 -0.41208
C 71.71560 21.63260 -0.85592
C 68.48400 20.61580 -0.65629
C 65.16840 20.01320 -0.42169
C 54.63390 10.92970 0.92221
C 52.00680 12.68100 0.45898
C 54.43940 14.39620 0.22951
C 51.94050 15.97650 -0.14804
C 57.50190 15.95170 0.06771
C 54.41410 17.47550 -0.51658
C 51.60280 19.02010 -0.87451
C 54.49440 20.85170 -1.08262
C 51.57920 22.13250 -1.33282
H 56.78540 -0.51660 4.70134
H 53.75930 -0.11199 5.48733
H 55.45330 2.42779 4.32740
H 54.03260 5.41151 4.04530
H 51.88350 7.86684 3.58487
H 59.78480 -1.24993 4.31233
H 58.70640 1.87926 4.11095
H 57.33320 4.67279 3.53325
H 59.50330 6.90775 3.11428
H 56.37010 7.64445 3.18134
H 71.38360 7.20973 2.02591
H 68.25560 7.87999 1.77668
H 65.02430 8.79040 2.18315
H 61.47480 9.12266 1.97572
H 72.20250 11.28860 -0.32628
H 72.87820 14.28300 0.22744
H 69.76600 13.61830 0.64130
H 66.52670 12.94680 1.15074
H 64.55010 15.31730 0.98344
H 61.69730 18.31730 1.79357
H 60.61560 21.18760 2.06094
H 53.98650 9.78289 2.89876
H 51.10530 11.39990 2.36927
H 56.56810 11.67670 2.31624
H 59.21040 13.38400 2.12498
H 61.46210 15.14460 0.90587
H 59.02350 16.72120 1.98458
H 59.11090 19.33160 0.18084
H 56.24980 21.10810 0.41934
H 53.33820 22.55630 0.36145
H 50.64070 -0.27571 4.72265
H 52.14870 2.57618 4.84219
H 50.30530 5.20925 4.29148
H 70.95460 96.16890 2.30472
H 68.00960 -0.50176 2.99823
H 64.87820 0.38329 3.53962
H 61.77010 1.11859 3.85315
H 70.16250 1.75922 2.63918
H 67.07730 2.68096 2.97247
H 63.90610 3.38958 3.18917
H 60.76870 4.05504 3.37680
H 72.34970 4.16630 1.95274
H 69.28240 4.94686 2.48872
H 66.07870 5.74182 2.60808
H 62.89450 6.32626 2.71198
H 63.29260 12.39910 1.16164
H 70.94300 16.61230 0.75198
H 67.70040 15.91080 1.02018
H 72.05680 19.70460 0.65346
H 68.86120 18.97240 1.16625
H 65.66610 18.43370 1.35913
H 69.87740 22.14620 0.65907
H 66.77910 21.42420 0.82273
H 63.60810 20.85450 1.24343
H 53.80370 12.96330 2.06860
H 51.04810 14.55410 1.71320
H 56.33690 14.69780 1.79864
H 53.64500 16.34240 1.60024
H 50.71320 17.65000 0.94080
H 56.26410 17.87960 1.00316
H 53.49410 19.39150 0.69674
H 50.58840 20.78220 0.47280
C 55.30650 -0.80551 6.76921
C 52.21360 95.93030 6.25826
C 49.19010 -1.23816 6.42606
C 55.75760 4.72341 5.48969
C 52.29480 4.86670 5.84092
C 50.48400 7.54871 5.43133
C 60.21780 0.68829 5.66232
C 59.10520 4.04522 5.16170
C 57.81530 6.74940 4.86145
C 59.82500 9.19135 3.87997
C 71.30840 9.42877 1.04737
C 69.17530 9.96599 1.28953
C 65.16410 11.28360 2.43234
C 61.01950 11.61330 2.10241
C 71.51490 12.84730 1.72100
C 68.30000 12.64140 2.49260
C 66.20960 14.87290 2.70705
C 63.12900 14.13440 2.61769
C 63.76220 17.25780 2.34114
C 62.52800 20.04470 3.29132
C 63.70840 22.69680 2.73782
C 60.71900 23.25540 3.09155
C 54.19990 7.83857 4.42635
C 52.12370 10.20410 4.39232
C 57.54280 9.82906 3.62867
C 57.59670 13.55280 3.65194
C 60.57990 15.28670 3.25106
C 59.48040 19.03690 2.65789
C 57.41420 19.68500 2.11159
C 57.40810 22.95040 1.90577
C 57.10360 1.54276 5.94739
C 54.06500 2.13926 6.35547
C 50.64840 1.71742 6.21941
C 69.60840 95.70040 4.31777
C 66.42640 -0.78354 4.89734
C 63.23810 0.02886 5.42947
C 71.89100 0.40495 3.79592
C 68.57120 1.37098 4.53309
C 65.44750 2.37082 4.82501
C 62.30860 3.15012 5.06341
C 70.87380 3.74867 3.87690
C 67.54110 4.73401 4.28934
C 64.42000 5.47220 4.38622
C 61.17880 6.22669 4.52367
C 72.79010 5.90695 3.68338
C 69.61650 7.00830 3.76246
C 66.46620 7.98862 3.66611
C 63.09550 8.57491 3.80159
C 72.81010 15.70360 2.13657
C 69.68110 15.35550 2.40977
C 70.67550 18.45640 2.37317
C 67.48170 17.75830 2.73489
C 71.49550 21.32860 2.39654
C 68.63710 21.01740 2.44134
C 65.55890 20.22500 2.63979
C 54.79270 11.79260 4.04448
C 51.95220 13.39700 3.63706
C 54.48680 14.91310 3.38629
C 51.67270 16.55410 2.98548
C 56.99860 16.69510 3.12358
C 54.52900 18.34360 2.67684
C 51.68040 19.51510 2.27373
C 54.42030 21.19650 2.07505
C 51.39340 22.76500 1.71748
C 73.72170 27.80090 -0.68777
C 63.37350 25.61990 0.08877
C 71.13360 29.29240 -1.52627
C 67.64600 29.16210 -1.28842
C 64.78790 28.56920 -0.81326
C 59.83990 26.01410 -0.32933
C 56.72610 26.59860 -0.68199
C 53.59530 27.26250 -1.00717
C 61.67570 28.54000 -0.41681
C 52.19650 30.18840 -0.65737
C 63.84800 31.50510 -0.34438
C 65.78010 33.92370 -0.12145
C 64.52460 37.31850 -0.29869
C 63.03580 40.10250 -0.18526
C 50.18980 40.90440 -1.79636
C 61.55600 42.93300 -0.29701
C 58.29380 43.18700 -0.76442
C 52.42520 43.60750 -2.23341
C 56.95900 46.48300 -0.23720
C 53.51850 46.69180 -0.99129
C 51.31080 24.85610 -2.38489
C 71.05180 32.24510 0.14833
C 68.34110 32.01720 -1.86399
C 69.46280 34.37380 0.33653
C 67.76500 36.89220 0.03258
C 66.31820 40.03520 -0.27292
C 64.67070 42.84110 -0.30916
C 63.36450 45.56560 -0.28473
C 50.60830 44.19740 -3.21733
C 72.88860 24.53500 -0.80145
C 69.59230 23.97620 -0.98802
C 66.22360 23.15470 -0.86106
C 70.58830 26.93410 -0.97846
C 66.94670 26.17210 -0.96798
C 58.67560 29.18800 -0.53775
C 55.30880 29.77560 -0.61680
C 60.33780 31.76490 -0.42831
C 57.41270 32.26420 -0.52146
C 54.02370 32.61080 -0.47647
C 50.81430 32.82070 -0.40600
C 62.29240 34.50120 -0.53988
C 59.28320 34.73940 -0.41544
C 55.98790 35.19300 -0.50895
C 52.82140 35.33740 -0.62008
C 61.21790 37.44770 -0.27440
C 58.10290 37.66740 -0.52646
C 54.89900 37.71130 -0.76741
C 51.32290 38.06230 -1.13123
C 59.88890 40.22040 -0.40021
C 56.74760 40.40250 -0.76507
C 53.68550 40.62100 -1.47679
C 55.19530 43.40160 -1.08297
C 54.39110 24.34270 -0.97764
C 73.13170 34.90770 -0.65168
C 71.11910 37.11190 0.01653
C 72.69410 39.99190 -0.02547
C 69.57990 39.96550 -0.16110
C 71.15780 42.78690 -0.20359
C 67.97180 42.80480 -0.32564
C 72.75550 45.55040 -0.36735
C 69.54880 45.49110 -0.42676
C 66.19820 45.61230 -0.51767
H 64.79650 23.87240 0.94172
H 62.22850 23.88200 1.26358
H 71.76020 28.25870 0.68450
H 65.32880 26.93150 0.72061
H 69.59990 30.39600 -0.31968
H 66.58380 29.83470 0.49280
H 59.21720 24.29400 1.35735
H 56.00040 24.65170 0.78889
H 61.63150 26.92930 1.19161
H 55.21060 27.76390 0.75404
H 52.09920 28.21540 0.78116
H 63.49180 29.57360 1.06620
H 50.76650 30.95960 1.19660
H 65.09620 32.28800 1.65460
H 64.11960 35.24470 1.00689
H 62.83440 38.20090 1.42099
H 49.84910 39.35690 0.24531
H 61.32270 41.10110 1.39497
H 51.99300 41.72990 -0.81916
H 60.09920 44.01640 1.02521
H 56.82350 44.14790 0.64829
H 53.71160 44.58240 0.57550
H 52.98260 25.53250 0.63541
H 51.24210 26.55050 -1.75994
H 72.78210 32.82700 0.74284
H 69.61880 32.58110 2.19901
H 67.55750 32.95190 -0.19073
H 67.94710 35.43010 2.08282
H 66.16980 38.14640 1.37116
H 64.64500 40.98520 1.31292
H 63.19040 43.77720 1.47824
H 49.88440 44.04570 -0.97454
H 72.94440 22.79840 0.97667
H 70.97980 25.14310 0.67244
H 67.75720 24.49120 0.53865
H 68.66070 27.46050 0.21555
H 58.32160 27.31410 1.10647
H 60.34560 29.88680 1.18730
H 57.15180 30.39440 0.96628
H 53.85490 30.70280 1.10978
H 62.15010 32.54450 0.99830
H 58.99520 32.98820 1.28247
H 55.78850 33.28810 1.06079
H 52.49180 33.65280 1.12374
H 60.92100 35.55920 1.25251
H 57.67290 35.84520 1.12318
H 54.41010 36.17720 1.09618
H 51.21160 36.45680 0.75707
H 59.56300 38.42030 1.32436
H 56.36120 38.65050 0.92461
H 53.11570 39.00210 0.35683
H 58.26320 41.37980 0.97232
H 54.94310 41.56000 0.50155
H 50.36290 23.91840 -0.19178
H 71.08430 35.35760 1.83761
H 72.66520 38.18040 1.62030
H 69.38690 38.14720 1.43947
H 71.05370 40.96870 1.58429
H 67.88600 41.00440 1.33152
H 72.73430 43.77870 1.37015
H 69.52940 43.75380 1.32703
H 66.34000 43.79050 1.22238
C 73.56500 27.83630 2.32316
C 63.60780 25.71630 1.92360
C 71.96330 30.46050 1.48093
C 68.68680 29.41450 1.65168
C 65.37380 28.77060 2.36170
C 59.83210 26.27520 2.74939
C 56.46790 26.45150 2.42749
C 53.61240 27.06980 2.42488
C 61.92110 28.80200 2.80818
C 52.27240 29.81030 2.70832
C 63.66250 31.46860 2.71356
C 66.14070 34.39720 2.43314
C 64.44560 37.02800 2.82902
C 63.03350 40.15380 2.99191
C 49.55420 41.74730 -0.15834
C 61.42810 42.95760 3.03001
C 58.09380 43.33040 2.58421
C 51.85080 43.95120 0.18257
C 56.87660 46.41230 1.71321
C 53.26680 46.50420 2.23134
C 50.63720 26.16530 0.73211
C 71.02300 30.98360 3.36274
C 67.41100 31.64600 2.00124
C 69.56970 34.25760 3.64279
C 67.82710 37.20150 3.21164
C 66.28510 40.06550 2.99453
C 64.84410 42.84120 2.97799
C 63.37250 45.65530 3.08350
C 49.37330 46.33530 -0.96100
C 72.71050 24.78630 2.41374
C 69.49770 24.05120 2.26397
C 66.64930 23.38660 2.36290
C 70.43270 27.24990 1.98269
C 67.41430 26.45320 2.00690
C 58.55070 29.23700 2.70176
C 55.46260 29.46510 2.48544
C 60.54300 31.82650 2.71610
C 57.14870 32.16210 2.75475
C 54.05500 32.60490 2.66244
C 50.69470 32.95050 2.69584
C 62.54150 34.34120 2.64750
C 59.07710 34.91400 2.84447
C 55.88990 35.09660 2.68089
C 52.55620 35.68900 2.59029
C 61.09100 37.40120 2.93604
C 57.68300 37.68770 2.75912
C 54.34480 38.23200 2.32016
C 51.14640 38.67760 1.89222
C 59.51160 40.36600 2.86891
C 56.24600 40.72370 2.26942
C 52.69350 41.14900 1.40512
C 54.93360 43.45390 2.19003
C 54.31680 24.12430 2.14904
C 72.83840 33.91990 2.93111
C 70.90380 37.36550 3.27042
C 72.70210 40.08130 3.24197
C 69.40140 40.03020 3.08888
C 71.07410 42.95100 3.04237
C 67.89520 42.89020 2.91952
C 72.51680 45.71900 2.90255
C 69.47860 45.75950 2.76098
C 66.35710 45.71460 2.75053
C 53.04970 60.50020 -0.67178
C 50.20550 61.19790 -0.33224
C 59.46800 64.48330 0.61794
C 55.98460 63.95660 0.09782
C 49.78660 63.60940 -0.59727
C 60.30670 67.47040 1.06801
C 64.89810 71.39750 1.35283
C 61.60660 70.57840 1.07376
C 67.45180 48.62500 -0.00828
C 64.09000 48.79670 0.34837
C 72.51520 51.12470 -0.42934
C 69.57320 52.96050 0.29447
C 73.78660 54.12070 1.75474
C 73.38680 68.51940 0.62471
C 52.11330 48.10930 -1.61715
C 52.45990 51.22630 -0.66866
C 51.53260 54.55960 -1.03139
C 51.00570 57.92080 -0.67510
C 60.58440 47.39390 -0.53984
C 64.59000 51.91510 0.87813
C 61.53820 50.94400 0.02802
C 58.40700 50.07450 -0.75080
C 70.28090 55.72020 2.67311
C 67.59050 53.28750 4.05090
C 65.38730 54.45240 1.51788
C 56.01990 52.49990 -0.79366
C 72.69540 58.58480 2.90979
C 53.60680 54.64230 -0.92881
C 57.84140 58.45570 -0.03726
C 54.80890 57.77750 -0.56425
C 61.98970 62.04730 0.83604
C 59.13490 61.36700 0.16045
C 72.23020 66.85680 1.26237
C 62.76450 65.08450 1.06480
C 70.53000 69.91450 1.74500
C 66.88760 68.68780 1.08075
C 63.72290 68.16470 1.16205
C 52.87000 63.47420 0.10183
C 57.35120 66.96960 0.82444
C 54.11250 66.74110 0.32446
C 50.97170 66.77430 -0.09653
C 58.45540 69.92460 1.09002
C 55.31530 69.59160 0.71131
C 52.12310 69.48870 0.37523
C 70.86930 48.54770 -0.36521
C 48.98730 49.68700 -1.69608
C 48.91710 52.79620 -1.07601
C 55.39210 49.54200 -1.05840
C 62.20080 53.72170 0.65613
C 59.15740 53.05000 -0.11024
C 69.25970 57.61020 2.59427
C 66.19600 57.15410 1.77805
C 63.13190 56.68980 1.08352
C 60.13800 56.01230 0.23551
C 56.86730 55.41240 -0.34892
C 70.36270 60.75280 2.01130
C 67.06840 60.07170 1.83046
C 64.06840 59.54010 1.31604
C 61.08340 58.99720 0.59826
C 71.24230 63.88600 1.32179
C 68.10490 63.08610 1.52121
C 65.02610 62.51220 1.39342
C 69.10190 66.24830 1.20547
C 65.81370 65.53310 1.17147
H 72.23770 56.27680 4.06672
H 54.72160 61.83800 0.63350
H 51.95500 61.52400 1.30352
H 48.85500 62.38960 1.33966
H 60.78760 65.63980 2.49087
H 57.39820 64.86940 1.99246
H 61.83320 68.65910 2.65526
H 54.95480 47.70210 0.76401
H 64.65330 46.55420 1.18544
H 69.58530 49.36350 1.27768
H 64.83220 49.56090 2.00644
H 71.94110 52.37540 1.32340
H 50.84010 49.40050 0.11808
H 50.65830 52.65070 0.26845
H 50.17270 55.95060 0.61643
H 49.72140 59.18480 1.04690
H 61.62320 48.78980 1.32152
H 58.51830 48.12460 0.76575
H 65.34610 52.48820 3.30198
H 62.45500 51.76370 2.14410
H 56.40250 50.53060 0.63787
H 69.11160 56.39170 4.92805
H 66.29600 55.45890 3.60908
H 54.01000 52.70930 0.55299
H 70.51770 59.11890 4.13939
H 54.81670 55.84600 1.04063
H 71.50840 62.16030 3.14916
H 55.78480 59.07020 1.54030
H 52.89550 58.53150 0.88777
H 72.57650 65.11300 3.09525
H 59.98940 62.64860 2.17721
H 57.25140 61.94160 1.07985
H 70.43650 67.62660 2.82844
H 64.10130 66.32060 2.80199
H 68.18180 69.94590 2.99947
H 65.15940 69.34550 2.76182
H 54.15810 64.77230 1.68486
H 50.97900 64.68610 1.19843
H 58.58940 68.11580 2.77652
H 55.37360 67.68880 2.25216
H 52.28190 67.47120 1.80093
H 56.61550 70.56040 2.61468
H 53.50830 70.29310 2.18947
H 50.02910 69.92800 1.69650
H 71.10880 46.58750 1.12392
H 67.88880 46.50880 1.00690
H 72.73210 49.20470 1.20033
H 59.42420 51.13770 1.26975
H 63.22670 54.75860 2.63324
H 60.14200 54.16430 1.82812
H 57.11370 53.45800 1.16999
H 67.17410 58.52500 3.62849
H 64.12380 57.78460 3.01009
H 61.04310 57.19020 2.21364
H 58.11240 56.53750 1.50185
H 68.33750 61.55710 3.39375
H 65.11610 60.88110 3.07049
H 62.03920 60.22980 2.50762
H 59.02140 59.51560 1.80686
H 69.44760 64.53930 2.95683
H 66.27320 63.89870 2.98236
H 63.02640 63.26560 2.68768
H 67.24500 66.89790 2.71131
C 53.70370 60.36240 2.44712
C 50.06900 60.87580 2.81097
C 59.16650 64.25670 3.81302
C 55.61370 63.14280 2.66272
C 48.65680 64.70490 1.98247
C 60.38530 67.34110 4.25655
C 64.73110 71.15540 4.44456
C 61.49370 70.34030 4.41660
C 67.25460 48.82670 2.08963
C 63.21230 47.73000 2.91313
C 72.42710 51.05620 2.97565
C 69.30950 51.78450 1.84379
C 73.46760 54.20890 3.86702
C 74.15220 68.20720 3.95748
C 51.41790 47.28250 1.55317
C 52.33470 51.00090 1.29019
C 51.20380 54.17290 2.07737
C 51.14290 57.57500 2.34717
C 60.47130 46.55510 1.30688
C 63.90620 50.95590 4.07203
C 60.82580 50.06910 3.08622
C 57.87230 49.51380 2.39601
C 71.13640 55.98610 6.42042
C 67.51860 54.53860 5.60972
C 64.47870 54.44550 4.77981
C 55.44380 52.05550 2.32305
C 71.65830 58.06410 6.02564
C 53.22050 54.18590 2.25304
C 57.25030 58.29600 3.09075
C 54.20150 57.23730 2.71104
C 61.48170 62.10660 4.02752
C 58.32820 61.32120 3.33995
C 72.38120 67.26430 4.44302
C 62.53230 65.06400 4.27835
C 70.63100 69.98820 3.67273
C 67.03140 68.79560 4.35683
C 63.62420 68.19490 4.32063
C 52.25590 63.44820 2.78537
C 56.94970 66.53580 3.83591
C 53.71520 66.35470 3.50221
C 50.81800 66.40730 2.99489
C 58.31210 69.76320 4.28269
C 54.97580 69.35700 4.04153
C 51.66510 69.20900 3.42554
C 70.90030 48.49070 2.70396
C 48.91370 49.16380 1.70862
C 48.87490 52.40370 1.93694
C 55.00650 49.27680 2.32986
C 61.52180 53.33450 3.72642
C 58.57830 52.66730 2.96900
C 68.52750 58.50720 5.74691
C 65.48550 57.38560 5.00581
C 62.40420 56.47890 4.13769
C 59.42640 55.79930 3.45038
C 56.59280 55.06190 2.79860
C 70.10040 61.35240 5.20889
C 66.67500 60.61090 4.93747
C 63.46370 59.69650 4.42121
C 60.36610 58.94870 3.75687
C 71.08380 64.14800 4.79482
C 67.95790 63.60790 4.75898
C 64.68250 62.81950 4.52828
C 69.06530 66.59260 4.40126
C 65.82340 65.88520 4.47343
C 70.73000 86.41980 0.62272
C 66.70640 85.00950 1.87886
C 65.65730 87.32210 5.13607
C 62.19420 88.65700 3.37762
C 61.69970 91.64760 2.92218
C 58.63420 91.83030 3.80167
C 57.81690 95.39300 2.96529
C 49.16190 75.66190 1.75054
C 51.31970 77.39830 3.93472
C 55.67910 80.34380 1.83329
C 62.01910 84.41470 0.90669
C 49.47820 90.12060 3.90568
C 60.54850 87.09080 3.67912
C 57.56990 88.29650 3.85232
C 52.31690 91.10880 4.39309
C 59.06720 90.67990 5.83541
C 54.93600 93.97220 3.93357
C 66.05920 74.73660 2.36168
C 49.51270 72.19750 0.82926
C 63.80170 76.50180 0.85625
C 54.47870 75.20990 1.31225
C 51.05170 75.04870 1.31231
C 64.98010 78.98650 0.59800
C 61.80730 79.09310 1.26898
C 58.52410 78.82340 1.51931
C 55.21730 78.35880 1.48293
C 67.09340 81.95160 0.26948
C 63.70000 81.46290 0.73092
C 63.52910 84.65150 2.12415
C 73.11510 71.76390 0.57284
C 70.42410 73.22810 0.96295
C 70.24540 76.54600 0.73971
C 68.47390 73.75020 0.80066
C 70.35000 79.96530 0.69689
C 70.42390 83.22670 0.62357
C 70.56890 89.38190 0.87610
C 67.54820 89.40430 2.43295
C 64.49150 90.80170 2.50672
C 69.61570 92.33840 1.06662
C 66.64480 92.99960 1.84596
C 63.89270 93.93320 2.34574
C 60.95690 94.84080 2.63170
C 71.78530 94.82430 0.39151
C 49.48650 79.84550 2.43847
C 52.63880 80.91880 3.16831
C 49.77310 83.05310 2.78816
C 59.60050 81.92640 2.46564
C 55.51690 83.57330 2.95242
C 52.38330 84.71070 3.11305
C 49.53520 86.38970 3.05187
C 58.12730 85.29760 3.43927
C 55.16560 86.52140 3.50250
C 52.35690 87.90330 3.59956
C 55.01500 89.75900 4.20045
C 62.64540 73.44380 1.11310
C 59.49520 72.91850 1.10498
C 56.49380 72.49600 1.12553
C 53.40750 72.30080 0.70897
C 60.80850 75.95570 1.07040
C 57.51780 75.52050 1.16409
C 73.08880 74.88770 0.44576
H 49.50710 94.36800 4.71583
H 69.01200 84.86810 1.95479
H 62.38660 87.17360 5.43186
H 70.42570 87.62190 2.71152
H 67.30910 87.15370 3.40451
H 64.41280 89.36340 4.58184
H 61.42990 90.29030 5.06228
H 60.64320 93.26590 4.53311
H 57.43260 93.83600 4.54623
H 50.93990 79.62630 4.50873
H 54.81670 81.67590 3.81326
H 62.05240 82.49840 2.57283
H 57.36830 83.35990 4.71762
H 59.90470 85.11470 5.23670
H 59.42380 88.20090 5.63101
H 56.82560 89.60280 5.80546
H 53.94040 90.85100 6.23270
H 50.23780 91.68280 5.77881
H 66.10560 72.32890 3.48429
H 62.89560 71.60910 2.77047
H 64.14030 74.69510 2.44926
H 51.58720 72.81910 2.09832
H 65.80040 77.31920 2.39988
H 56.00430 76.35490 3.04864
H 52.84360 75.54780 3.27915
H 66.75010 80.12650 2.08589
H 63.78000 79.80580 2.58654
H 60.54170 79.61770 2.75872
H 57.73690 80.42680 3.32988
H 65.26580 82.74040 1.92195
H 71.77790 71.83230 2.44429
H 69.11700 72.88670 3.19837
H 68.33490 75.73600 2.25825
H 68.78380 78.34980 1.93881
H 72.08800 84.68900 1.76638
H 68.97640 81.68140 1.83829
H 52.68630 93.60140 5.05817
H 69.68860 90.68440 2.81264
H 66.64830 91.47740 3.53623
H 63.61690 92.43060 4.19550
H 71.78990 93.02910 2.09397
H 68.81480 93.82860 2.88958
H 65.89250 94.62440 3.65501
H 62.88570 95.51810 3.96351
H 51.28150 82.80280 4.18170
H 54.21930 84.64410 4.82787
H 51.26220 86.02830 4.92805
H 56.90490 86.41710 5.28362
H 54.09860 87.74780 5.32262
H 51.21190 89.15980 5.41311
H 59.80100 71.09250 2.74526
H 60.92830 74.12580 2.71737
H 57.82260 73.72630 2.78040
H 54.76410 73.17110 2.66699
H 62.25580 77.10180 2.69127
H 59.12180 76.69650 2.65452
H 71.48400 75.00750 2.30817
H 71.66300 78.24540 1.83949
H 71.87150 81.58900 1.72489
C 71.88030 86.50930 3.45365
C 68.84990 86.29780 4.18372
C 66.39570 87.13370 6.73762
C 62.87940 88.88110 6.70838
C 62.21320 92.07320 6.24545
C 55.64380 93.54390 7.66900
C 58.21990 95.45220 6.12793
C 49.54350 76.22160 4.09537
C 51.85250 77.76230 5.93640
C 56.08130 79.91070 5.06471
C 61.29330 83.92380 4.53031
C 48.94400 89.60330 6.24594
C 60.60350 86.63880 7.18864
C 57.55020 87.74740 7.24920
C 51.76000 90.51860 7.40180
C 56.13230 91.98570 5.96969
C 53.63120 93.03510 7.43886
C 66.47460 74.15490 5.32788
C 49.29960 72.03950 2.76653
C 64.18900 76.57050 4.16659
C 54.58600 74.81040 4.58198
C 51.68620 73.63520 4.50537
C 65.54000 79.22210 4.15647
C 62.31220 78.96900 4.30986
C 59.00040 78.52380 4.38133
C 55.07090 78.06270 4.62719
C 67.24060 82.20980 3.51369
C 63.94390 81.83750 4.02811
C 64.32920 85.61570 5.19459
C 73.78700 71.87260 3.87666
C 71.01260 73.43670 4.25837
C 70.32750 76.88780 3.41061
C 68.36180 74.87200 4.68770
C 70.42750 80.06450 2.92487
C 70.53120 83.17220 2.99324
C 71.46200 89.51740 4.07051
C 67.98890 89.55440 4.24718
C 65.19210 91.14680 5.65310
C 70.47650 92.52830 4.21557
C 67.52570 93.29690 4.96332
C 64.36090 94.32520 5.57810
C 61.33150 95.00970 5.87922
C 72.62700 94.84030 3.48461
C 49.09850 79.85460 5.78353
C 52.75660 81.06160 5.19384
C 49.40560 82.78700 5.75080
C 58.76480 81.90290 5.21609
C 55.20870 82.91310 6.01265
C 52.05440 84.24590 6.10320
C 49.06590 86.21810 6.13054
C 57.88230 84.72360 6.75636
C 54.97720 85.93970 6.78845
C 52.19750 87.44580 6.83304
C 54.94260 89.04300 7.35086
C 62.81210 73.65870 4.18496
C 59.48770 72.98150 4.39094
C 56.38620 72.32580 4.28093
C 53.09220 72.01130 3.94497
C 60.86360 75.98140 4.32729
C 57.61550 75.67000 4.41814
C 73.60450 75.07530 3.50694
C 89.35000 2.27417 -3.10146
C 93.70870 5.11013 -3.85864
C 90.13980 4.88326 -0.99690
C 95.09570 8.04555 -4.06277
C 82.68570 0.42709 -2.51525
C 79.04140 1.07135 -1.89917
C 78.46970 4.44909 -0.83228
C 75.88870 5.51131 0.19426
C 74.76790 8.96718 1.06092
C 71.83830 9.72804 -2.39064
C 74.56060 14.41080 -1.68002
C 76.44890 16.73710 -0.14723
C 77.19050 19.78250 0.13312
C 86.33940 2.42632 -1.48305
C 83.10270 3.37421 -0.60926
C 81.40980 5.60082 -1.97797
C 85.87940 5.63312 -1.80407
C 80.32060 8.46455 -1.68812
C 77.41020 9.39695 -1.33690
C 92.34110 7.80484 -2.31448
C 88.45540 7.64656 -2.09323
C 77.12400 12.41970 -1.35037
C 95.02410 9.53541 -2.48693
C 79.49670 14.46190 -1.51068
C 0.56591 11.57250 -4.58548
C 81.08030 17.13290 -0.08030
C -0.27118 14.72010 -3.28410
C 80.31150 20.19180 -1.30648
C 95.04020 18.44670 -2.49627
C 92.39680 18.57730 -1.38247
C 89.37060 19.59950 -1.40488
C 86.10750 21.39440 -0.25354
C 0.43817 20.12920 -2.88918
C 95.26000 23.17110 -2.23330
C 0.64376 -0.27747 -4.05572
C 94.46520 -0.51557 -3.99772
C 91.10830 -0.56864 -3.60276
C 87.92140 -0.73493 -3.34675
C 95.75700 2.38872 -4.13571
C 92.34880 2.17647 -3.66957
C -0.25859 5.34380 -4.28069
C 80.22160 95.70880 -1.93063
C 76.88590 -1.17903 -1.03218
C 74.03030 -0.31089 -0.14631
C 76.32240 2.03817 -0.73543
C 73.50230 2.85479 0.14679
C 74.11830 19.38780 -0.67065
C 74.91720 22.31960 -0.32610
C 82.94350 6.97123 -1.55862
C 85.58920 8.90725 -1.75869
C 82.84090 10.22810 -1.61572
C 79.88770 11.50000 -1.32501
C 90.37060 10.06550 -2.47308
C 87.95050 11.23390 -1.85609
C 85.21160 12.33420 -1.62444
C 82.53260 13.33350 -1.57147
C 92.77190 12.06520 -2.97100
C 90.45470 13.26570 -2.00643
C 87.52570 14.54830 -1.54888
C 84.58370 15.80050 -1.21211
C 93.12350 15.36470 -2.09896
C 90.14320 16.50260 -1.50372
C 87.08920 17.72640 -1.19236
C 83.82090 19.09570 -0.95576
H 89.64290 0.23665 -1.75585
H 91.29220 2.79032 -1.51369
H 88.32060 3.09950 -0.91111
H 95.52300 6.10427 -2.57433
H 92.33570 5.91136 -1.77127
H 85.32870 95.43650 -1.37870
H 84.28310 1.20342 -0.72557
H 81.23480 1.68535 -0.68296
H 78.15170 2.38853 -0.04570
H 77.94280 5.04923 1.63421
H 74.46170 6.61755 2.07699
H 76.01240 14.21760 0.01715
H 77.07770 18.01650 1.87943
H 78.13110 21.08380 2.14987
H 85.34610 4.16897 0.12442
H 82.43330 5.52558 0.33279
H 79.60240 6.64074 -0.61130
H 88.04300 6.20846 -0.61865
H 76.38620 10.83300 0.49045
H 90.44490 8.31057 -0.75631
H 78.83020 12.95420 0.30757
H 0.31456 9.83958 -2.52224
H 92.75370 10.24890 -1.78645
H 78.74770 16.02240 0.15983
H 79.65770 19.14250 0.22678
H 95.19940 15.91670 -1.89963
H 82.82340 19.83090 1.33706
H 80.69450 22.08080 0.60704
H 94.61650 18.29470 0.04927
H 91.59670 19.63130 0.02284
H 88.65370 20.85200 0.13421
H 0.06358 18.08590 -1.55184
H 95.71870 20.70150 -1.49967
H -1.10428 0.58069 -2.50309
H 92.98860 0.26719 -2.24585
H 0.21887 3.49174 -2.62982
H 94.22700 3.14355 -2.43458
H 73.99050 95.31840 1.46788
H 82.36390 96.07580 -0.81029
H 79.09860 -0.60938 -0.05889
H 76.19660 0.15484 0.89758
H 73.22760 0.97954 1.81448
H 75.27840 3.40192 1.23032
H 74.14680 17.16470 0.59520
H 75.17720 20.42080 1.22143
H 76.91970 7.75428 0.53224
H 84.99490 7.29102 -0.18926
H 82.12850 8.58411 0.02731
H 79.26940 9.69476 0.19300
H 87.58060 9.30382 -0.39373
H 84.71070 10.52080 -0.05825
H 81.83800 11.68300 0.05877
H 89.96580 11.43900 -0.48666
H 87.10360 12.64420 -0.15816
H 84.22390 13.73570 0.08632
H 81.35100 14.68890 0.13451
H 92.54070 13.29730 -0.60674
H 89.52560 14.52870 -0.10218
H 86.59120 15.81340 0.33646
H 83.57160 16.82960 0.32545
H 92.09880 16.48220 -0.07771
H 89.05230 17.69960 0.33521
H 85.88220 19.01860 0.44485
C 89.67550 1.84191 0.19323
C 94.35510 4.89516 -0.67379
C 91.01200 5.27097 1.25230
C 95.37000 7.92634 -0.80284
C 83.16760 0.44005 0.77081
C 80.09730 1.35978 1.19701
C 78.07730 3.39680 3.49851
C 76.98820 6.62134 2.89214
C 74.71860 8.73422 3.28168
C 71.89650 9.39586 2.79701
C 74.37830 12.38850 0.49139
C 75.90160 15.89030 1.82075
C 76.43240 19.46450 3.22570
C 86.42460 1.96563 0.41552
C 83.45450 3.57873 1.53229
C 80.40930 5.40305 1.50243
C 86.39130 5.88732 1.34507
C 80.34870 7.90714 1.46510
C 77.69470 9.62842 2.09191
C 92.01210 7.02101 0.63202
C 88.99790 7.92070 1.10369
C 77.00120 12.82950 1.89374
C -0.05388 8.66137 -0.20672
C 79.63760 14.56790 2.01034
C 2.04124 11.16040 -1.25311
C 79.02120 17.59890 2.25457
C -0.54521 13.74340 -1.71907
C 80.51820 20.23390 2.38911
C 95.36500 15.96240 0.70293
C 92.64860 18.01020 1.75529
C 89.81410 19.52530 1.96773
C 86.52920 21.23440 1.57531
C -0.37538 19.49510 0.44535
C 95.43380 22.26470 0.67839
C 0.54521 -0.18696 -0.82407
C 94.80330 -0.49835 -0.73708
C 91.60340 -0.70689 -0.49758
C 87.38270 -0.50376 -1.42368
C -1.14839 2.45244 -0.90871
C 92.96350 2.12972 -0.51290
C 0.30787 5.49185 -1.11864
C 80.95020 95.75130 1.11297
C 77.94630 -1.07833 2.06193
C 74.92710 -0.37516 2.91935
C 77.14810 2.10005 2.22215
C 73.90960 2.83235 3.28239
C 73.65800 18.81450 2.32379
C 74.64020 22.18340 2.72852
C 83.34220 7.22807 1.67116
C 85.95020 8.99849 1.35183
C 82.93410 10.21800 1.61697
C 80.04760 11.43600 1.71453
C 91.62080 9.98264 0.48796
C 88.27840 11.01450 1.18746
C 85.38150 12.25390 1.50201
C 82.51400 13.23930 1.74183
C 94.04430 11.71490 -0.01269
C 90.90310 12.94540 1.24017
C 87.84700 14.16010 1.63632
C 84.80180 15.25460 1.91402
C 93.47990 14.92460 1.17110
C 90.33120 16.11710 1.62701
C 87.22740 17.56570 2.02722
C 84.12500 18.45150 2.31678
C 82.47440 47.49800 0.93836
C 91.45320 45.64980 -0.91079
C 0.72427 47.30680 -2.62776
C 84.30160 24.46270 -0.40867
C 81.59480 24.18930 1.64288
C 89.91220 26.42960 -0.91857
C 86.67090 26.95180 -0.50155
C 80.46450 27.81360 0.34947
C 88.86160 29.45280 -0.57859
C 79.41100 31.20890 0.03864
C 90.99230 31.84170 -0.72514
C 78.27230 34.21310 -0.10189
C 93.12440 34.23210 -0.61804
C 80.43470 36.81050 -0.29698
C 95.14210 36.61440 -0.64182
C 82.41420 39.25910 -0.38978
C 84.49640 41.64420 -0.40943
C -0.80205 41.88600 -0.98999
C 92.95770 42.70160 -0.81154
C 89.35660 43.42620 -0.39715
C 86.33300 44.26470 0.52592
C 84.21110 44.80500 0.59039
C 95.42230 44.95140 -1.14068
C 78.30550 22.80080 0.23222
C 79.41770 25.88060 0.02573
C 77.14990 28.59200 -0.11354
C 75.45800 31.21620 -1.32366
C 74.78250 34.71570 -1.98984
C 77.14020 37.28750 -0.12099
C 79.16490 40.10910 -0.16348
C 81.12960 42.62020 0.28094
C 79.48960 45.79980 -0.06633
C 82.74460 21.87750 -0.43504
C 88.74240 23.47580 0.26933
C 93.51790 25.64390 -0.84050
C 89.96710 24.21210 -1.24111
C 92.14660 28.72700 -0.96767
C 94.35480 31.25880 -0.59444
C -0.76410 33.84780 -0.49111
C 83.68610 27.35590 0.01126
C 85.60370 29.82950 -0.23253
C 82.57340 30.46600 -0.00741
C 87.84010 32.23780 -0.45990
C 84.71110 32.90950 -0.33137
C 81.47890 33.43630 -0.17200
C 89.87310 34.66290 -0.52330
C 86.73750 35.44630 -0.40659
C 83.69650 35.97440 -0.32031
C 91.96190 37.17450 -0.61526
C 88.88360 37.70300 -0.52142
C 85.65220 38.41020 -0.41937
C 0.25326 39.09360 -0.65681
C 94.18560 39.60060 -0.69174
C 90.96080 40.25380 -0.59568
C 87.70060 40.99930 -0.42434
C 76.04960 25.06020 -0.59491
C 74.34210 37.50820 0.02273
C 75.93690 40.01630 0.04959
C 77.57450 42.85700 -0.24862
C 74.43240 42.70560 -0.15334
C 75.97060 45.66970 -0.23622
C 0.01019 25.70550 -1.73461
C 95.58540 28.43060 -1.14639
C 0.33096 31.11370 -0.68927
H 84.88640 47.11460 1.02992
H 93.66480 46.10310 -0.05980
H 86.65730 25.03720 0.61328
H 83.65230 25.58600 1.82079
H 88.65450 27.51010 0.95767
H 82.48720 28.72370 1.68594
H 79.01210 29.46740 1.39308
H 90.79950 29.92230 0.80391
H 80.19600 34.95130 1.26879
H 94.83680 34.84200 1.00514
H 82.32050 37.36240 1.24712
H -0.39219 37.31620 0.88459
H 84.30510 39.70490 1.14194
H 95.98360 40.31830 0.89766
H 83.32660 42.79400 1.26453
H 94.86260 43.22670 0.53667
H 91.51790 43.86110 0.78248
H 88.54550 44.44360 1.65289
H 85.42900 44.69670 2.82643
H 79.11580 24.34080 2.03126
H 77.26930 26.55150 0.76666
H 74.92660 28.94160 1.18326
H 75.85930 33.39470 -0.25261
H 77.13770 35.58520 1.61088
H 78.98020 38.06530 1.22126
H 81.10300 40.39310 1.46287
H 79.05090 43.75170 0.93172
H 84.56340 22.61810 1.23535
H 94.04380 23.23070 -0.50913
H 91.80410 26.92990 0.47749
H 94.01930 29.43760 0.55417
H 96.05890 31.96380 1.11130
H 85.54580 28.05620 1.48727
H 87.51210 30.42430 1.16922
H 84.39580 31.20880 1.42795
H 81.24150 31.79920 1.63105
H 78.09530 32.58450 1.92945
H 92.73870 32.39360 0.91455
H 89.64240 32.87810 1.03121
H 86.56030 33.55930 1.15095
H 83.38350 34.13510 1.21860
H 91.65510 35.41190 0.96997
H 88.52150 35.95050 1.12549
H 85.44640 36.61230 1.32368
H 93.72870 37.86710 0.97041
H 90.65710 38.42970 1.09990
H 87.50830 39.02550 1.06916
H 92.79940 40.90050 0.91463
H 89.62000 41.48100 1.10992
H 86.39840 42.08360 1.15652
H 76.22260 23.52190 1.36106
H 74.10600 25.88430 0.73728
H 74.21180 35.45870 1.50240
H 75.86850 38.24500 1.72017
H 77.53000 40.96010 1.46109
H 74.22870 40.98210 1.56821
H 75.92070 43.75750 1.44962
H 0.01924 23.47560 -0.71287
H 95.67090 26.29010 0.16166
H 0.05751 29.02940 0.60407
C 84.43490 46.67370 3.54071
C 92.29680 45.85020 2.08095
C -0.48829 49.06080 0.72707
C 85.50010 24.18930 2.88362
C 80.89190 23.94920 3.61526
C 90.15620 25.85340 2.04094
C 87.16860 26.61590 2.65711
C 80.74490 27.83550 2.36834
C 89.11920 29.08800 2.49479
C 79.56080 30.74570 3.16465
C 91.01650 31.60240 2.55811
C 78.61890 34.23190 3.13138
C 93.05180 34.17350 2.54177
C 80.55020 36.86600 2.78553
C 95.21470 36.64600 2.51167
C 82.69300 39.15660 2.94903
C 84.72240 41.51660 2.83653
C -0.97966 42.21500 2.35116
C 93.25910 42.86330 2.28923
C 90.11090 43.31180 2.73813
C 87.19260 43.81230 3.69967
C 83.82610 43.09180 3.75802
C -0.58853 45.02190 0.48240
C 77.54320 22.82650 3.35563
C 77.90320 26.13890 3.15344
C 76.83040 28.87390 1.71075
C 74.68290 31.19970 0.63314
C 75.75350 33.64170 2.24487
C 77.57620 37.39610 3.20553
C 79.31470 39.90000 2.91904
C 81.00090 42.80540 2.10720
C 79.69770 45.99460 1.72340
C 83.24520 22.03860 2.73219
C 92.44080 22.00860 -0.39464
C 93.52380 25.15010 0.95250
C 90.50400 26.26580 3.74504
C 92.29190 28.57230 2.20495
C 94.16620 30.96010 2.36990
C -0.94652 33.70920 2.68630
C 83.84520 27.16560 3.11234
C 85.83980 29.89590 2.93867
C 82.71690 30.44260 3.13434
C 87.94710 32.26190 2.69471
C 84.88130 33.12440 2.84270
C 81.60570 33.57020 2.89775
C 89.93190 34.74820 2.61954
C 86.82900 35.36150 2.83988
C 83.67790 35.99060 2.84059
C 92.15230 37.13470 2.64142
C 88.90660 37.79750 2.66996
C 85.76700 38.57430 2.76520
C 0.95352 39.20140 1.46104
C 94.24870 39.67890 2.53101
C 91.12460 40.25960 2.67797
C 87.85460 40.85440 2.65825
C 75.87360 25.56690 2.54878
C 74.27680 37.32540 3.21828
C 75.94730 40.22060 3.09793
C 77.73880 42.97030 2.89032
C 74.30470 42.90690 3.10197
C 75.90350 45.83180 2.86346
C -0.16874 24.83610 1.39166
C 95.45050 28.04800 2.01081
C 0.21266 30.65640 2.43961
C 88.38370 46.53120 0.37720
C 85.73740 48.30190 -0.65381
C 82.52470 49.50830 0.77259
C 79.90300 51.20670 1.22027
C 77.05530 52.98770 -0.18680
C 94.20190 47.65540 -1.26770
C 76.75870 56.40520 0.29859
C 74.26990 57.44640 3.70705
C 76.34540 59.54710 0.59570
C -0.47878 52.30010 -1.38585
C 93.90550 53.74320 -1.23705
C 90.79250 55.17620 -1.34269
C 87.86700 56.67730 -1.33680
C 76.39760 62.83330 0.33713
C 87.42170 60.23940 -1.75520
C 85.56220 61.33590 -1.32247
C 78.94420 64.33010 -0.57342
C 84.49680 64.25640 -1.87413
C 81.92000 66.39060 -0.69757
C 85.58970 67.93070 -1.70290
C 78.20630 48.81560 0.12330
C 75.69190 51.53900 -0.46375
C 81.38200 70.02200 -1.29552
C 79.20060 67.98700 0.11641
C 76.03370 66.42660 1.10662
C 74.12970 64.24020 3.03166
C -0.21578 55.72610 -0.99595
C 93.46900 56.85910 -1.77645
C 92.79210 60.06780 -2.07262
C 91.41700 62.78880 -2.51032
C 90.63500 65.80080 -3.59066
C 87.53300 64.94090 -1.94370
C 88.93580 68.92710 -3.75611
C 90.49590 71.84070 -2.47293
C 91.33220 48.83470 -0.84889
C 88.33770 50.31120 -0.82495
C 85.55140 51.86960 -0.63411
C 82.55580 52.71890 0.04037
C 79.76660 54.77940 -0.16622
C 94.03420 50.60630 -1.02614
C 91.14160 52.12970 -0.95961
C 88.19890 53.51300 -0.96383
C 85.40380 54.86230 -0.82514
C 82.32670 56.25800 -0.67895
C 79.52580 58.02990 -0.25863
C 84.88060 57.96650 -1.31631
C 82.17520 59.53010 -0.99209
C 79.23730 61.12590 -0.40740
C 81.95470 62.72030 -1.16920
C 74.30550 48.31680 -0.47917
C 76.00390 70.06630 0.07742
C 96.00510 59.37830 -2.01775
C 0.70551 61.70060 -2.30320
C 94.80920 62.29800 -2.38905
C -0.40348 64.56490 -2.96177
C 93.74730 65.07910 -3.11421
C 95.69060 67.76270 -3.47158
C 92.37200 68.35950 -3.67363
C 0.56118 70.39370 -3.85960
C 94.30930 70.77890 -3.98244
H 83.31140 48.84130 3.06833
H 90.70910 47.23720 0.90592
H 87.71020 48.79450 0.92356
H 82.20390 51.66290 2.10391
H 79.06550 53.05690 1.52949
H 76.22120 54.69540 1.48881
H 0.81282 47.01270 -0.06537
H 76.21870 57.77460 2.55355
H 95.88400 50.82900 0.42427
H 93.02280 52.28520 0.61127
H 75.97330 61.01140 2.16323
H 92.73630 55.44950 0.15903
H 89.91130 56.91270 0.27834
H 87.07200 58.31030 -0.20093
H 76.00750 64.23090 2.36021
H 88.36160 61.20390 0.51223
H 81.17680 64.34510 0.51480
H 78.48260 65.95030 1.20176
H 86.53290 63.45290 -0.72374
H 84.36640 66.09650 -0.38211
H 77.40380 46.60010 1.03751
H 75.91830 49.55000 1.11393
H 84.86620 70.34920 -1.34370
H 82.78550 68.61980 0.26283
H 80.02370 70.12440 0.82743
H 77.15020 68.56800 1.45342
H 74.44650 70.10630 2.19682
H 95.59700 53.98900 0.11052
H 95.29240 57.52040 -0.44701
H 92.38720 58.48500 -0.17674
H 91.43970 61.32570 -0.42477
H 89.69710 63.83830 -1.06513
H 89.23490 66.67790 -2.34642
H 90.89010 69.44900 -2.18768
H 87.64220 69.43160 -2.00560
H 84.86290 50.24640 0.71251
H 93.21600 49.12280 0.72063
H 90.31460 50.52150 0.62296
H 87.53880 51.94780 0.80231
H 84.69950 53.44170 1.09963
H 81.83990 54.82470 1.21592
H 78.99130 56.35840 1.51313
H 90.10280 53.75530 0.55036
H 87.34370 55.16960 0.64304
H 84.40070 56.61800 0.72001
H 81.67830 58.04990 0.91905
H 78.72260 59.61260 1.47762
H 84.32390 59.83470 0.17720
H 81.45150 61.21240 0.70887
H 78.72050 62.73580 1.32822
H 83.99650 62.96980 0.19018
H 74.21060 46.57970 1.32941
H 0.49449 60.20270 -0.37524
H 94.53560 60.69530 -0.51931
H -0.68521 63.22430 -0.90714
H 93.29180 63.72300 -1.15102
H 95.44500 66.13430 -1.65209
H 92.31910 66.64950 -1.89296
H 0.22056 68.73000 -2.05502
H 94.15050 69.15810 -2.10107
H -1.11453 71.76860 -2.66353
C 88.64960 46.84040 2.20200
C 85.83720 48.84240 2.53830
C 83.11080 50.45350 4.15920
C 80.09370 51.25420 3.09449
C 77.22000 52.80060 3.11829
C 94.25470 47.36250 2.07504
C 77.44980 56.05680 3.51138
C 74.80740 58.67200 5.11421
C 77.58160 59.56480 3.71103
C -0.38948 52.67780 1.84432
C 93.91290 54.18990 1.91355
C 91.05420 55.54410 2.01565
C 88.27770 57.21860 1.75946
C 77.32490 62.99180 3.45382
C 90.04110 59.33970 0.07823
C 85.87000 61.59960 0.82217
C 79.80630 64.57500 2.60043
C 85.56000 64.63930 1.19457
C 82.38050 66.38480 1.24234
C 85.29720 68.37210 0.32612
C 78.18240 48.77120 1.99984
C 75.72430 51.35250 2.91720
C 82.16320 70.06450 2.16090
C 79.53420 67.99260 1.98558
C 76.74130 66.56950 2.86061
C 73.73210 61.64460 3.29409
C -0.45406 56.06390 0.99244
C 93.67980 57.31380 1.54280
C 92.94210 60.32610 1.36713
C 91.59330 63.44940 0.67188
C 90.56580 66.07330 -0.24098
C 88.72380 62.73610 0.01508
C 89.18480 68.65360 -0.49764
C 91.14420 71.44950 -0.70835
C 91.25240 48.90380 2.29562
C 88.65410 50.44480 2.43005
C 85.74720 51.81520 2.45271
C 83.02980 53.43400 3.04364
C 80.11930 54.62340 3.00856
C 94.19070 50.81730 2.24444
C 91.17440 52.23780 2.19422
C 88.36970 53.68190 2.30922
C 85.65780 55.30390 2.40172
C 82.79530 56.56000 2.57911
C 80.06530 58.01270 2.86428
C 85.56230 58.46910 1.79449
C 82.82060 59.79130 2.19476
C 80.06760 61.22780 2.76017
C 82.47130 63.00710 2.08704
C 74.38310 48.46360 2.92832
C 76.79660 70.13420 3.34300
C 95.91880 59.40800 1.12955
C 0.65102 62.28060 0.90869
C 94.80850 62.90540 0.66769
C -0.38672 65.33690 0.26567
C 93.64760 65.81380 0.03993
C 95.63090 68.28940 -0.36462
C 92.43030 68.62570 -0.40140
C 0.27181 70.89800 -0.82735
C 94.36580 71.31190 -0.81466
C -0.76566 94.28130 -3.97633
C 93.14380 94.20730 -3.94989
C 89.92740 93.92660 -3.66950
C 0.41874 78.04680 -5.80423
C 94.00900 78.35760 -6.42985
C 89.57880 79.44450 -4.44636
C 87.14540 82.47470 -3.92248
C 86.35460 85.52510 -4.68985
C -0.19743 89.12960 -4.20103
C 93.77410 89.12790 -3.81211
C 86.87010 88.81510 -3.85402
C 91.58860 91.47060 -3.75206
C 73.72440 88.28840 0.53821
C 83.26380 88.91620 -3.42664
C 78.74180 90.16060 -0.93759
C 84.39740 91.93630 -2.82434
C 86.35160 94.10100 -3.38295
C 83.20480 94.66360 -2.68760
C 89.70950 76.01370 -2.19378
C 86.65550 71.93460 -2.13135
C 82.87250 70.49090 -2.87592
C 85.91400 75.44620 -3.62001
C 86.50050 79.13860 -4.03635
C 84.58180 81.24700 -2.14490
C 83.61950 83.63820 -3.51913
C 81.50480 85.62800 -2.46154
C 80.50850 88.03330 -1.07204
C 76.49350 86.53720 -0.51251
C 73.49840 84.49810 -0.23492
C -0.49280 73.62460 -4.22578
C 93.25770 72.66470 -4.72915
C 93.68250 76.23910 -6.73157
C 95.56220 81.01680 -5.29491
C 92.43520 80.51020 -5.17556
C -0.23936 83.75060 -4.72077
C 93.83210 83.36940 -4.64284
C 90.74600 83.14890 -4.75144
C 95.32170 86.30120 -4.32046
C 92.16300 86.10010 -4.23541
C 88.95170 85.77500 -4.36089
C 90.24740 88.70380 -3.82277
C 88.23850 91.43200 -3.51620
C 75.82110 90.73120 -0.41894
C 72.83600 91.64020 0.27736
C 81.12570 92.28430 -1.81200
C 77.95410 93.08650 -1.06933
C 74.87750 93.87460 -0.34008
C 84.12420 73.80900 -1.90554
C 81.23060 73.04060 -1.17071
C 78.59890 71.54710 -0.45826
C 83.80190 77.60030 -2.61008
C 81.22070 76.00890 -1.44600
C 78.61150 74.72910 -0.65781
C 75.96440 73.19440 -0.04655
C 81.13540 79.23780 -1.85013
C 78.60670 77.81350 -0.90581
C 75.99960 76.39270 -0.32107
C 81.25500 82.39030 -2.02276
C 78.76090 81.03220 -1.12086
C 75.86810 79.64950 -0.37056
C 73.30310 78.09000 0.09076
C 78.83690 84.28450 -1.32427
C 76.23800 82.84370 -0.66392
C 73.38160 81.34530 -0.11376
H -0.70037 92.55590 -1.99385
H 93.35830 92.36800 -2.00957
H 91.53710 94.99970 -2.20426
H 88.36930 94.71800 -2.06417
H -0.23562 76.19830 -4.03916
H 95.67640 78.99070 -4.67060
H 92.65220 78.44140 -4.18086
H 90.24530 78.49680 -2.21798
H 88.04110 80.52290 -2.81993
H 85.62750 84.19300 -2.90736
H 87.37640 86.68760 -2.66138
H 95.15320 89.86070 -2.45942
H 91.93940 89.55370 -2.15630
H 88.62200 89.34190 -2.12366
H 85.45380 89.04070 -2.14092
H 90.10030 92.12960 -1.92949
H 78.96590 88.37340 0.82017
H 75.88530 89.08270 1.17849
H 72.64010 89.93720 2.05712
H 82.61040 90.36300 -2.13966
H 80.79780 90.89360 0.29981
H 86.75890 92.10610 -2.01509
H 87.73070 74.32300 -2.10690
H 85.60880 73.12990 -0.07403
H 87.54410 77.19800 -2.82519
H 85.55910 79.07360 -1.69394
H 82.56270 81.00270 -0.70364
H 82.84740 84.03720 -1.13362
H 82.86100 87.22620 -1.59483
H 80.39780 85.81190 -0.23451
H 77.45780 84.55850 0.65380
H 74.77660 86.11750 1.10508
H 92.93430 72.01730 -2.33686
H 1.22388 74.05820 -2.30853
H 94.41000 74.56200 -3.51266
H 90.63710 73.92510 -1.00553
H 94.78900 95.15500 -2.34464
H -0.00639 81.58000 -3.47743
H 93.96330 81.32350 -3.34237
H 90.92290 81.17580 -3.37830
H 95.39800 84.26680 -2.89646
H 92.18370 84.04660 -2.94127
H 88.98410 83.81190 -3.19770
H -0.30054 87.13570 -2.76645
H 93.71680 86.98250 -2.52372
H 90.46670 86.63080 -2.49242
H 77.85330 91.49770 0.83237
H 74.91090 92.16590 1.43786
H 83.27320 93.01820 -0.82888
H 80.11410 93.85950 -0.27935
H 77.04870 94.51380 0.69530
H 82.57610 71.58150 0.26632
H 85.09930 75.98830 -1.38174
H 82.67000 74.65690 -0.05534
H 79.85930 73.22100 0.80850
H 77.19910 71.80580 1.57676
H 82.58220 77.84730 -0.41674
H 79.94270 76.41220 0.61354
H 77.17330 74.92200 1.23944
H 74.45060 73.38120 1.93751
H 79.94320 79.47630 0.28633
H 77.11800 78.08170 1.08102
H 74.48470 76.55720 1.62577
H 80.08740 82.71900 0.17368
H 77.31030 81.19850 0.90229
H 74.37800 79.80020 1.53289
H 74.69440 82.94230 1.26446
C -0.74279 94.02190 -0.84354
C 93.26330 94.05810 -0.71923
C 90.12660 94.09180 -0.45698
C 1.30713 76.37980 -3.23825
C 94.68900 77.13710 -3.25327
C 89.86280 80.85110 -1.26247
C 87.19670 82.63360 -1.96326
C 85.09190 86.52840 -2.06204
C -0.35766 88.63620 -0.82009
C 93.65580 88.60630 -0.65735
C 87.17970 88.03070 -0.61337
C 91.72190 91.17490 -0.29556
C 73.99420 88.03400 2.44619
C 82.11140 88.97170 -0.11665
C 79.49230 90.30160 2.29500
C 84.69290 91.04670 -0.94636
C 86.98540 93.75130 -0.25305
C 84.23110 94.97790 0.48759
C 89.49040 74.19630 1.12269
C 88.20600 73.08060 0.05179
C 85.00990 71.43770 1.05002
C 87.36970 76.13100 -0.46937
C 87.93030 78.87500 -1.05655
C 84.97970 80.97870 -0.25327
C 85.00680 84.39190 -0.47176
C 82.65030 85.86590 0.53031
C 80.26810 87.18540 2.01759
C 77.03790 86.93090 1.20112
C 74.18960 84.61370 2.99958
C -1.19860 74.05000 -1.54888
C 92.73750 74.40660 -1.67990
C 92.64810 75.95470 -4.88781
C 95.71690 79.93790 -2.32576
C 92.45200 79.83250 -2.08296
C -0.09734 83.08140 -1.56637
C 93.90090 82.93850 -1.50558
C 90.42460 82.84510 -1.59794
C 95.46780 85.96690 -1.13845
C 92.25420 85.71730 -1.08888
C 88.74370 85.29680 -1.25931
C 90.37690 88.22260 -0.73339
C 88.47470 91.11550 -0.42645
C 76.38910 90.68590 2.76417
C 73.44930 91.77480 3.41898
C 81.95520 92.97140 1.14065
C 78.90630 93.45010 1.88775
C 75.80870 94.02920 2.76686
C 84.98940 74.92480 0.86782
C 82.05490 73.35010 1.90251
C 79.45110 71.69100 2.63402
C 84.98560 77.75300 0.27319
C 82.18250 76.42320 1.59349
C 79.26390 74.95990 2.42765
C 76.52520 73.55880 3.18688
C 82.16890 79.55320 1.29464
C 79.23150 78.13600 2.18763
C 76.55490 76.54180 2.92577
C 82.39880 82.83410 0.97309
C 79.47540 81.22950 2.02822
C 76.49800 79.80800 2.70525
C 73.63990 78.20320 3.29034
C 79.71450 84.56720 1.75906
C 76.80820 83.06300 2.49752
C 73.84040 81.57200 3.14489
