2979
Frame 78
C 12.73910 -1.06114 -2.26641
C 13.89300 2.07761 -2.56749
C 11.59790 4.33647 -3.56294
C 10.48030 7.54918 -3.67935
C 7.73805 10.23690 -3.09213
C 4.51473 9.67485 -4.43441
C 2.74255 9.76966 -5.24341
C 23.86710 1.12877 -0.44428
C 22.16580 5.08628 0.56714
C 24.85650 6.62918 -0.85744
C 24.76400 12.41250 -0.83797
C 19.60170 1.94280 -1.91416
C 16.19860 0.17549 -1.40833
C 19.48470 5.11134 -1.90923
C 22.90990 9.46192 -1.06838
C 20.08360 8.46511 -1.51958
C 14.06350 5.83258 -2.17857
C 22.97960 13.16310 -1.16530
C 14.71910 9.37527 -2.50716
C 22.92000 16.96460 -0.90670
C 11.78960 11.12210 -2.39493
C 22.88720 20.31270 -1.25047
C 12.23950 14.23580 -2.13216
C 9.44988 13.44780 -2.58914
C 22.77550 23.52890 -1.31441
C 14.32100 18.78720 -1.19855
C 11.01000 17.02660 -0.86430
C 14.26690 22.16010 -0.29816
C 20.44350 -0.10467 -1.66925
C 5.26549 12.00180 -2.17215
C 6.17323 15.17250 -1.21244
C 3.02786 15.07460 -1.57854
C 7.63966 17.41790 -0.95563
C 1.42759 18.34730 -1.35025
C 9.28915 20.16460 -0.96618
C 10.96430 22.85500 -0.95737
C 9.09944 -1.14527 -3.00447
C 10.60140 1.52613 -3.14422
C 7.34583 1.13922 -3.51016
C 3.89570 0.97064 -3.82179
C 8.64337 3.93737 -3.93489
C 5.24975 3.82651 -4.13218
C 1.95038 3.64608 -4.11021
C 7.04118 6.66994 -4.54407
C 3.31766 6.33229 -4.50163
C 16.47440 3.95052 -2.15285
C 17.12730 7.27264 -2.06523
C 20.24020 11.70430 -1.10277
C 17.34170 10.48730 -1.62718
C 20.15520 15.02530 -0.23189
C 17.42310 13.60620 -1.28722
C 14.81970 12.46980 -1.81896
C 20.18710 18.70980 -1.00320
C 17.44520 17.13380 -1.14375
C 14.91350 15.61350 -1.43454
C 20.17950 21.84390 -1.12454
C 17.30720 20.25020 -1.14033
C 4.46774 17.88100 -1.05745
C 6.14985 20.38210 -0.81765
C 3.05707 20.57470 -0.99023
C 7.78067 22.93810 -0.74850
C 4.73307 23.13680 -0.86215
C 1.41529 23.37890 -1.26143
H 13.81640 0.50620 -0.54415
H 11.81730 2.83364 -1.43750
H 10.02390 5.42299 -2.54650
H 8.12137 7.94575 -2.70864
H 1.73794 7.37857 -2.85981
H 3.75673 10.12510 -1.99830
H 22.66280 2.60119 1.25626
H 24.55420 4.98794 0.94077
H 23.00110 7.49874 0.59928
H 24.74030 10.31870 0.40713
H 25.04720 16.35310 0.60567
H 20.16260 3.61258 0.07000
H 17.45770 2.14422 -0.49414
H 20.18690 6.52615 0.11389
H 14.71900 3.70641 -0.94861
H 15.14430 7.55205 -1.00856
H 21.41120 13.00550 0.86035
H 12.34050 9.38340 -1.34503
H 23.71550 18.82210 0.73964
H 21.04630 17.19450 0.82256
H 9.72415 11.56220 -0.79471
H 23.83550 21.88960 0.23440
H 10.08970 14.73910 -0.84455
H 12.67190 18.77370 -0.21321
H 9.40670 18.36190 0.54871
H 21.98730 -0.31212 0.13421
H 0.93276 13.64160 -1.79941
H 7.13990 13.37310 -1.31757
H 3.69454 13.00450 -0.41572
H 7.69049 15.69530 0.83068
H 6.11667 18.43350 0.68178
H 10.98070 21.00300 0.90757
H 7.81979 21.13180 0.85263
H 10.64850 -0.20338 -1.34124
H 7.21693 -0.42420 -1.60184
H 3.98056 -0.73326 -2.02977
H 0.85925 -1.08097 -2.13609
H 8.71028 2.40268 -1.93606
H 5.47953 2.15164 -2.35506
H 2.26885 1.96737 -2.38038
H 6.83406 5.01122 -2.69592
H 3.60368 4.72139 -2.61872
H 4.92308 7.50438 -3.27774
H 17.52000 5.45069 -0.41705
H 20.86900 9.75497 0.37716
H 18.04600 8.63238 -0.14952
H 18.24730 11.90660 0.30207
H 15.22420 10.63700 -0.37257
H 18.10780 15.37440 0.23902
H 15.47400 13.79260 0.18230
H 12.71010 12.47260 -0.49075
H 21.08790 20.38780 0.55209
H 18.29720 18.71670 0.61789
H 15.45430 17.17040 0.37735
H 12.86250 15.57590 -0.17108
H 18.27130 21.88720 0.49849
H 15.51460 20.29380 0.50090
H 4.33976 15.88880 0.23735
H 1.23614 16.16880 -0.28696
H 2.89881 18.69160 0.55323
H 4.56590 21.35160 0.79921
H 1.32253 21.54120 0.40678
C 12.03820 -0.77563 0.73612
C 13.26400 2.30304 0.55586
C 11.47260 4.85396 -0.45351
C 10.45000 7.79967 -1.59042
C 7.94088 10.05180 -0.99917
C 4.00104 8.73325 -0.28908
C 1.52755 9.19662 -2.86416
C 23.65360 0.88798 1.41859
C 23.85720 3.88589 3.09427
C 24.59270 6.86362 2.53395
C 24.71780 12.30900 2.02262
C 19.04160 1.64371 1.42812
C 15.91810 0.33086 0.67658
C 18.73650 5.11420 1.67789
C 22.77890 9.75534 1.92852
C 19.51170 8.28156 1.83031
C 13.74710 5.56534 -0.20090
C 23.13330 13.63020 2.39935
C 13.87190 8.81480 0.69354
C 23.00100 16.87330 2.35275
C 11.25060 10.77130 0.68367
C 23.02360 20.41330 2.12072
C 11.54440 13.94820 1.06134
C 8.72187 13.35090 0.73800
C 23.04660 23.59820 2.01334
C 14.22170 18.70130 1.94743
C 11.33020 16.98430 1.13211
C 14.07350 22.04860 1.45767
C 19.85960 -0.41719 1.32845
C 5.80075 12.73200 0.85023
C 5.67968 14.54080 1.73895
C 2.48541 14.62380 1.16260
C 7.78293 17.27410 2.19608
C 1.29416 17.38760 1.81408
C 9.22422 19.87200 2.46589
C 11.09410 22.68050 2.25981
C 8.83306 -1.10487 0.14349
C 10.12050 1.79963 -0.00089
C 6.91806 1.68595 -0.41421
C 3.91528 1.29153 -0.66529
C 8.46650 4.48600 -0.81258
C 5.29805 4.20427 -0.97147
C 2.10571 3.87180 -0.83508
C 6.60642 7.02874 -1.25835
C 3.50211 6.89513 -1.26857
C 16.33710 3.66788 0.93431
C 16.54550 7.14561 1.07047
C 20.13050 11.60710 2.03334
C 17.05470 10.41600 1.36739
C 20.13420 15.07160 1.67764
C 17.30840 13.67860 1.83572
C 14.22540 12.08620 1.39288
C 20.24110 18.73640 2.22726
C 17.28970 16.91490 2.00344
C 14.41120 15.39590 1.72930
C 20.07640 22.05260 2.14018
C 17.20070 20.34300 2.15208
C 4.45155 17.50910 2.07750
C 6.13018 20.23570 2.36107
C 2.69724 20.46820 2.13628
C 7.99418 23.00540 2.43328
C 4.41009 23.22730 2.34240
C 0.92732 23.58050 1.67100
C 22.72290 26.77500 -1.03793
C 20.13890 28.91310 -0.37860
C 15.07820 25.62950 -0.55338
C 18.43120 30.49340 -0.05214
C 22.71720 30.04710 -0.81008
C 23.53460 32.93840 -1.56640
C 23.67900 36.47830 -2.19093
C 25.57280 46.74290 -3.32781
C 22.11120 45.26120 -1.82110
C 20.93190 32.55010 1.21000
C 18.89600 33.80720 -1.93128
C 14.69790 29.00450 -1.89149
C 19.07900 36.02330 -1.66227
C 12.79340 35.25100 -1.50194
C 20.33450 38.88150 -1.53452
C 10.59720 37.37560 -1.13890
C 21.36800 42.20190 -1.90645
C 18.16710 41.85950 -1.54753
C 8.69744 39.52850 -1.37401
C 3.83625 39.91590 -2.53646
C 16.23780 44.21910 -1.57493
C 2.54840 43.30470 -2.02293
C 14.10940 46.53130 -1.67852
C 4.94975 44.92080 -2.57327
C 2.65918 47.65700 -2.68876
C 13.02950 25.46710 -0.92699
C 11.61540 28.55150 -0.84109
C 12.26130 32.12960 -1.78315
C 9.54938 30.99140 -1.20701
C 9.24033 34.19750 0.21329
C 5.51611 34.29720 -0.46678
C 7.61322 36.48260 1.30386
C 1.40878 37.15300 -1.27579
C 20.18250 25.44080 -0.88906
C 17.45110 23.77340 -0.82024
C 17.58930 27.11110 -0.34325
C 15.92150 35.93920 -1.82654
C 17.21570 38.76020 -1.62668
C 13.91490 38.06390 -1.48420
C 15.10340 41.25910 -1.46077
C 12.00500 40.42020 -1.58626
C 13.10490 43.32130 -1.67208
C 9.98211 42.89430 -1.99939
C 6.56467 42.42720 -2.16311
C 10.83410 45.90720 -1.84830
C 7.82897 45.43630 -2.14006
C 5.88223 48.10930 -2.30162
C 9.74996 25.68920 -0.89793
C 6.42570 25.79740 -0.84954
C 3.18323 25.97940 -1.06172
C 8.02593 28.41700 -1.00333
C 5.01806 28.51100 -0.96637
C 1.65391 28.89830 -1.23826
C 6.34921 31.28640 -0.89950
C 3.55852 31.52740 -0.93851
C 2.58983 34.39350 -0.84838
H 0.96485 43.61750 0.06203
H 23.76870 25.08010 0.67182
H 21.13300 26.94460 0.83824
H 15.71120 23.75110 0.87927
H 18.48900 28.52030 1.46712
H 15.86510 26.85690 1.55602
H 16.14010 29.29540 -0.45489
H 23.95160 28.34050 0.44427
H 24.26090 31.51290 0.49179
H 21.38470 30.13180 1.27056
H 23.72860 41.50970 -2.27699
H 24.45490 44.61620 -2.34319
H 22.48050 43.50380 -0.07167
H 20.27850 45.85430 -0.13575
H 19.46640 34.46950 0.54091
H 16.53060 34.05450 -1.01707
H 13.60320 33.43240 -0.04388
H 20.69940 37.40300 -0.21259
H 11.28380 35.60730 0.45525
H 21.63450 40.50360 -0.08435
H 8.98250 37.95270 0.70686
H 19.47510 42.93430 -0.25497
H 6.69350 40.71770 -0.19029
H 2.38700 41.06170 -1.17323
H 17.39940 45.37140 -0.12187
H 4.70075 43.28970 -0.72638
H 15.39930 47.90060 -0.17505
H 2.87639 45.67780 -1.24508
H 12.62500 23.67730 0.59124
H 9.49731 23.82700 0.70329
H 11.29520 26.49100 0.53006
H 13.18680 30.43840 -0.32003
H 10.86570 32.42620 0.24083
H 8.11188 32.05120 0.50233
H 7.09026 34.82980 1.23460
H 3.76709 35.23370 1.24579
H 0.72084 35.37420 0.40342
H 2.54937 38.26290 0.25123
H 21.06100 23.56570 0.44546
H 18.45790 25.24500 0.82923
H 23.35730 46.11510 0.18839
H 17.45390 36.87620 -0.10289
H 14.33970 36.23600 0.06481
H 18.58470 39.91080 -0.05017
H 15.42410 39.31330 0.01957
H 12.19730 38.68270 0.24327
H 16.41840 42.38540 0.19983
H 13.27470 41.66190 0.09546
H 10.03520 41.09770 -0.29839
H 14.26920 44.65700 -0.03456
H 11.21740 44.11560 -0.18202
H 8.03835 43.65840 -0.66086
H 12.16130 47.20480 -0.32161
H 9.06219 46.68790 -0.38566
H 5.95066 46.26660 -0.75599
H 6.28606 24.00700 0.89371
H 2.98232 24.15900 0.55705
H 8.10770 26.64200 0.70150
H 4.79206 26.71340 0.73863
H 1.40121 26.98970 0.32093
H 9.70005 29.29820 0.47807
H 6.51819 29.41450 0.71764
H 3.32083 29.60980 0.45103
H 5.03492 32.30010 0.89948
H 1.98302 32.54680 0.68829
C 23.04130 27.03620 2.34779
C 20.28990 28.43890 2.71727
C 14.77960 24.91100 2.81633
C 16.24380 29.29110 2.18534
C 23.50510 29.90040 2.37389
C 23.52170 33.40460 1.46505
C 23.17620 36.58200 -0.32142
C 24.79090 44.09230 0.20911
C 21.84010 44.99610 1.82958
C 20.37890 31.76320 2.86237
C 17.35190 33.48840 1.46680
C 15.37890 31.80740 -0.52312
C 19.19920 36.13670 1.56006
C 13.19190 35.05050 1.86412
C 20.31880 39.20200 1.56824
C 10.82070 37.51120 2.04978
C 21.16440 42.28970 1.65999
C 18.20610 41.62190 1.62945
C 8.20372 39.62300 0.51625
C 4.43164 39.68720 -0.47389
C 15.90030 44.23320 1.74140
C 3.13754 42.29890 0.83427
C 13.95460 46.67680 1.38875
C 4.32790 45.12380 0.76010
C 2.48789 47.40800 0.62834
C 12.88660 25.37220 2.22727
C 12.05680 28.78760 1.05709
C 12.78070 31.87130 1.68299
C 9.82806 31.16280 2.02615
C 10.25360 34.19810 1.92028
C 5.33261 33.89050 2.76544
C 4.49449 37.18740 1.67792
C 0.75033 37.29480 1.86129
C 20.48230 25.21480 2.20083
C 17.49160 23.52170 2.33136
C 17.58230 26.52600 2.77277
C 16.27430 35.19010 1.18405
C 17.28220 38.63340 1.57072
C 14.00650 38.07060 1.68949
C 15.08540 41.01900 1.69617
C 11.58240 40.64180 1.57373
C 12.86090 43.54020 1.60414
C 9.54646 43.05520 1.26923
C 6.40985 42.48540 1.00333
C 10.65870 46.03560 1.28260
C 7.53774 45.51030 0.96223
C 5.56566 48.04800 0.93977
C 9.79303 25.67740 2.26424
C 6.44342 25.93120 2.43296
C 2.86514 26.05380 2.14090
C 8.15075 28.48010 2.30234
C 4.79792 28.64030 2.24307
C 1.47122 28.79240 1.99671
C 6.63345 31.34330 2.35334
C 3.30498 31.29870 2.29192
C 2.07655 34.51810 2.32621
C 20.26240 48.09010 -1.60757
C 17.22230 47.33600 -1.79773
C 15.01400 49.74940 -1.87016
C 16.33670 53.79080 -1.35514
C 14.20270 56.67650 -1.14741
C 17.80320 56.90780 -1.53871
C 20.21090 58.91040 -1.75851
C 21.81890 61.80350 -1.80582
C 23.85030 64.56040 -1.95336
C 18.72480 61.70480 -1.97577
C 15.91990 60.47960 -1.45359
C 13.10560 59.33000 -1.14922
C 10.44230 57.45800 -0.22927
C 22.22560 67.01330 -2.25182
C 19.94870 64.92390 -1.56163
C 10.22260 61.14930 -1.14801
C 23.13920 70.45680 -1.47354
C 11.06170 64.20760 -2.28069
C 11.49650 67.73070 -2.98287
C 8.92417 69.74310 -3.39005
C 13.81630 49.34060 -3.40800
C 6.89510 51.23550 -1.91164
C 3.78844 50.76050 -2.18902
C 11.10030 54.72660 -1.77857
C 8.10001 53.98910 -1.85464
C 4.71350 53.61170 -2.01377
C 1.62286 53.06540 -2.03281
C 7.37747 56.83410 -0.54297
C 8.47254 58.77900 1.60744
C 7.04462 61.66410 -1.68671
C 8.99340 63.98150 -1.94510
C 7.97286 66.84440 -2.60934
C 6.86125 69.93260 -3.55802
C 23.30070 47.88690 -1.37143
C 21.36030 50.64940 -1.29310
C 17.61860 50.67630 -0.23683
C 22.97680 53.31850 -1.39741
C 19.74530 53.36240 -1.37741
C 21.46110 56.06380 -1.57549
C 23.29110 58.90230 -1.71495
C 16.50210 63.98540 -2.18055
C 13.64540 62.44740 -1.81262
C 19.99030 68.86290 -2.50584
C 17.09890 67.06590 -2.54013
C 14.08640 65.78290 -2.54147
C 17.52780 70.55810 -3.07278
C 14.57200 68.90880 -2.94102
C 11.93310 70.71320 -3.38558
C 11.89650 49.02870 -1.87742
C 8.90688 48.50510 -1.98132
C 10.10750 51.60290 -1.78953
C 3.18612 56.49470 -1.23324
C 5.14603 59.12060 -1.53368
C 1.77612 59.82350 -2.19266
C 3.93404 62.02230 -2.19285
C 5.96886 64.47090 -2.33382
C 2.66890 65.10100 -2.67881
C 4.53208 67.45450 -3.13650
C 1.41621 68.22530 -3.08721
C 3.62362 70.61270 -3.38107
H 1.94881 51.07370 -0.39111
H 18.48790 48.43250 0.06817
H 15.75480 52.18480 0.22294
H 15.51810 55.37320 0.53694
H 16.21480 58.09690 -0.89726
H 21.72300 60.02180 -0.09319
H 18.72230 60.01300 -0.20129
H 23.52390 62.75290 -0.24908
H 13.79510 58.06400 0.88761
H 12.27240 55.82460 0.02964
H 22.06310 65.30500 -0.52695
H 20.14370 62.82010 -0.34638
H 16.98560 62.35590 -0.39309
H 14.19110 61.10380 0.18115
H 11.40120 59.64980 0.37570
H 23.26230 68.18670 -0.64721
H 11.74210 62.90320 -0.33483
H 12.18710 66.18680 -1.13224
H 9.59388 68.37930 -1.53087
H 9.98765 71.51220 -1.99487
H 13.30380 50.15360 -0.08177
H 4.00939 48.70510 -0.87658
H 11.45170 52.72950 -0.29646
H 8.31776 52.20390 -0.14418
H 5.06885 51.80190 -0.40130
H 9.27592 55.27950 -0.20211
H 6.22921 54.61440 -0.26438
H 3.11417 54.14410 -0.22709
H 7.26700 56.43580 2.06887
H 6.62779 60.20280 0.47407
H 8.48408 62.53730 0.00152
H 7.47055 65.39580 -0.69108
H 6.40963 68.24550 -1.92337
H 5.53402 71.40800 -1.96810
H 24.95990 48.69800 0.25076
H 21.66060 48.69170 0.31946
H 23.08650 51.46640 0.29823
H 19.95000 51.45800 0.22530
H 21.49920 54.27690 0.12404
H 18.26610 54.22820 0.37912
H 23.07890 57.04730 -0.04517
H 19.89520 57.15510 -0.02265
H 20.27660 67.15230 -0.86293
H 17.67460 65.45560 -0.83299
H 14.66460 64.36200 -0.55762
H 20.79290 70.37280 -0.80864
H 17.87090 68.97590 -1.20968
H 15.14520 67.48790 -1.08399
H 15.49280 70.84390 -1.75687
H 12.61110 69.35850 -1.48774
H 10.16040 49.68400 -0.24317
H 7.11311 49.26830 -0.49817
H 5.09280 57.46320 -0.00199
H 1.41365 58.15020 -0.67185
H 3.38016 60.51290 -0.36899
H 5.35985 62.95640 -0.45151
H 2.31612 63.42390 -0.93001
H 4.35581 65.92090 -1.17999
H 1.22686 66.55620 -1.30654
H 3.31540 68.94500 -1.60456
H 2.35679 72.01600 -1.81035
C 20.06700 47.60570 1.83466
C 16.84570 47.26530 1.66006
C 14.83510 49.92970 1.20889
C 16.36310 53.43050 1.98629
C 13.89060 55.77630 1.94747
C 17.63450 56.63700 0.72291
C 20.15490 58.99620 1.52441
C 21.77510 62.10450 1.34215
C 23.74640 64.83140 1.10155
C 18.80900 62.02790 1.22150
C 16.40050 60.14260 0.43852
C 13.16180 60.14310 2.05785
C 11.45430 57.47390 1.54717
C 21.96540 67.31760 0.86484
C 19.80160 65.10300 0.29352
C 10.35950 61.55850 1.25568
C 23.00650 70.40240 0.29768
C 11.02470 64.84810 0.79750
C 11.28360 68.17530 0.16773
C 8.90415 70.28330 -0.13051
C 13.43560 52.61900 -0.62325
C 6.69902 50.95270 1.21490
C 3.57775 50.37420 0.98909
C 10.81940 54.38740 1.44466
C 7.94241 53.98950 1.43988
C 4.78660 53.50580 1.40136
C 1.49872 52.91530 1.35040
C 5.18497 56.34320 2.38947
C 7.75981 58.48960 3.50720
C 6.57847 62.13400 1.62455
C 8.91837 64.63580 1.08420
C 8.17598 67.11310 -0.72232
C 6.79414 70.12950 -0.39078
C 23.37650 47.84370 1.92332
C 21.49090 50.51300 1.91773
C 18.15410 50.41520 1.51637
C 23.05510 53.47000 1.75020
C 19.75180 53.43670 1.76359
C 21.28900 56.28330 1.58629
C 23.37430 58.99640 1.45848
C 16.51720 64.23870 1.01375
C 13.54580 63.14130 1.29757
C 19.49300 68.84740 0.64026
C 17.01940 67.39470 0.48940
C 13.88990 66.35230 0.70768
C 17.10350 70.87880 0.12136
C 14.39290 69.53710 0.12002
C 11.91720 71.37920 -0.30753
C 11.75380 48.96770 1.43143
C 8.61027 48.52450 1.23841
C 10.05730 51.53370 1.42335
C 2.83277 56.47370 0.52469
C 4.44741 59.35290 1.57305
C 1.36778 59.65530 0.86597
C 3.47827 62.32320 1.00539
C 5.64522 65.08020 0.76552
C 2.59765 65.44570 0.42579
C 4.94970 67.95170 -0.04300
C 1.74261 68.54000 0.14217
C 3.71681 70.99400 -0.23885
C 9.56443 90.79340 -2.55018
C 11.13140 94.08970 -2.53732
C 7.69923 93.75300 -3.15476
C 4.35437 93.27460 -3.42562
C 1.25673 92.97400 -3.76111
C 5.00546 76.01930 -4.09361
C 9.69548 78.95560 -4.28890
C 6.38385 78.85760 -4.22722
C 3.05320 78.61190 -3.86982
C 11.96190 87.20240 -5.65295
C 10.20970 88.68060 -2.56837
C 6.42835 90.70300 -3.33287
C 3.12874 90.37010 -3.66244
C 22.91960 81.09790 -1.98010
C 19.64840 82.33000 -2.27896
C 16.88720 84.13860 -3.26978
C 13.77920 86.52330 -6.35405
C 13.23200 88.23460 -2.87399
C 12.65570 91.14740 -2.43318
C 14.91770 93.63320 -1.98180
C 17.56750 95.24710 -2.05919
C 23.20140 95.92070 -1.37773
C 23.57950 73.73350 -2.09900
C 23.68770 77.29690 -1.56068
C 20.99120 78.53780 -2.74923
C 9.31900 72.76470 -3.95984
C 15.64760 78.84380 -4.35378
C 13.05870 77.42990 -4.73602
C 8.49862 75.79600 -3.69050
C 16.08350 82.38520 -4.04543
C 5.87922 73.08500 -3.85975
C 2.68098 73.72890 -3.62598
C 5.86025 96.34530 -3.37805
C 2.59028 95.95420 -3.74818
C 7.98318 81.70360 -4.50632
C 4.53421 81.64040 -4.13296
C 1.66888 81.72490 -3.93506
C 9.41618 84.45740 -4.82931
C 6.11931 84.60730 -4.40692
C 2.98805 84.46410 -3.88301
C 7.84241 87.38960 -4.14711
C 4.69312 87.37570 -4.01207
C 1.58556 87.32920 -3.87600
C 22.39560 84.38650 -1.96913
C 19.45060 85.63430 -2.62548
C 16.36040 87.22790 -2.92800
C 21.92330 87.64540 -1.95589
C 18.98120 89.14790 -2.39312
C 15.90320 90.21420 -2.59943
C 24.41190 89.69940 -1.39245
C 21.44440 90.93150 -1.72728
C 18.27910 92.30080 -2.06131
C 23.79820 92.96640 -1.17587
C 20.88190 94.03280 -1.67170
C 20.50130 72.12820 -2.61446
C 20.87650 75.14960 -2.80368
C 17.91550 73.80030 -3.34190
C 14.84100 72.30770 -3.61922
C 18.21130 77.02960 -3.65012
C 15.41030 75.50100 -4.09275
C 12.32740 74.11300 -4.13088
C 18.55270 80.72110 -3.37369
H 10.77180 92.14200 -0.99117
H 7.62411 92.02690 -1.64023
H 12.23940 94.92550 -0.51210
H 5.76128 94.50890 -1.74656
H 2.66960 94.09680 -2.06633
H 6.48381 76.88150 -2.75930
H 3.31558 77.23120 -2.48110
H 8.14642 79.94280 -2.72176
H 9.51644 82.89260 -2.66446
H 11.05550 85.31750 -4.11624
H 8.75025 89.49290 -0.61352
H 4.50326 91.30630 -1.81354
H 1.31603 91.10350 -2.19097
H 22.34410 79.13540 -0.71882
H 21.60510 82.59890 -0.35662
H 18.32070 84.00650 -1.15578
H 15.46600 85.30280 -1.45647
H 14.02350 86.74420 -3.85145
H 11.97190 89.20460 -0.99352
H 14.40840 91.46840 -0.98772
H 16.85070 93.48900 -0.39405
H 15.02400 95.62360 -1.80056
H 19.47280 95.48110 -0.47413
H 24.44850 72.12180 -0.51949
H 24.07590 75.21150 -0.07684
H 21.35890 76.74710 -1.06088
H 18.92830 78.63400 -2.10339
H 13.24090 75.63450 -2.82700
H 10.36160 74.56580 -2.70865
H 7.62022 73.81790 -2.46038
H 16.19090 80.38750 -2.35150
H 13.25580 78.89820 -3.09660
H 4.59660 74.40700 -2.19115
H 9.06178 94.83580 -1.36449
H 4.81329 79.88980 -2.62536
H 1.63406 79.91190 -2.28555
H 6.43795 82.71430 -2.86089
H 3.24160 82.70600 -2.22910
H 7.91550 85.54910 -3.00026
H 4.72951 85.48270 -2.56248
H 1.54405 85.48050 -2.20361
H 6.26710 88.44380 -2.36804
H 3.18043 88.29290 -2.28168
H 24.55600 81.31610 -0.08325
H 23.93810 84.71980 -0.07426
H 20.90360 85.84380 -0.59867
H 18.11970 87.15980 -1.24697
H 15.09530 88.39960 -1.19625
H 23.39060 87.87150 -0.01571
H 20.48400 89.00850 -0.46145
H 17.55770 90.33600 -0.77054
H 22.94540 90.98720 0.07808
H 19.94870 92.21310 -0.23386
H 22.37460 94.32650 0.38834
H 21.36560 73.54960 -0.98556
H 18.36690 72.25510 -1.43568
H 18.61290 75.44480 -1.75881
H 15.77540 74.00060 -2.17028
H 12.86550 72.64250 -2.16628
H 15.99130 77.19720 -2.54764
C 8.89970 91.72310 0.47855
C 10.56600 94.16460 0.54535
C 7.26799 93.78760 -0.01578
C 4.22850 93.25800 -0.28646
C 0.91518 93.03760 -0.58803
C 5.08060 76.38390 -0.79139
C 10.10230 79.32570 -1.26163
C 6.73238 78.97190 -1.33819
C 3.35258 79.13690 -0.73188
C 12.82110 83.37680 -3.77328
C 10.15900 88.78680 0.81426
C 6.34955 90.21590 -0.59382
C 3.04534 90.19940 -0.64183
C 22.42530 80.79530 1.09114
C 19.32070 81.81060 -0.31436
C 16.15560 83.24450 -0.14278
C 13.07700 84.88170 -2.34770
C 13.08370 87.60710 0.11139
C 12.38790 91.12240 0.53936
C 14.38690 93.81820 -0.14658
C 17.33170 95.09890 1.08709
C 22.78030 95.80580 1.80428
C 22.99450 73.49610 0.99646
C 22.80570 77.23190 0.86977
C 20.09690 78.55600 0.13746
C 9.41191 73.30940 -0.76557
C 14.27760 78.69910 -1.49486
C 10.82460 78.10510 -2.58513
C 8.55666 75.99820 -1.88513
C 14.80310 81.93550 -0.98461
C 6.11346 73.45650 -0.53097
C 2.79346 74.03940 -0.49321
C 5.46929 96.43960 -0.17144
C 2.51191 95.97600 -0.41320
C 8.33597 82.08840 -1.33931
C 5.01574 81.76440 -1.00780
C 1.58826 81.76500 -0.63904
C 10.08470 85.27020 -1.71284
C 6.46277 84.47850 -1.23148
C 3.27667 84.69940 -0.73682
C 7.87055 87.21900 -1.10214
C 4.60906 87.29890 -0.78045
C 1.43616 87.47530 -0.70183
C 21.76820 84.21810 1.12582
C 18.69070 85.43560 0.49747
C 16.12010 86.58280 0.18930
C 21.28960 87.44300 1.20674
C 18.36190 88.63970 0.72209
C 15.50460 90.05100 0.62040
C 23.82590 89.43340 1.85724
C 20.81740 90.62210 1.39650
C 17.88480 91.82720 1.11758
C 23.34650 92.61680 1.88966
C 20.14640 94.02480 1.48008
C 19.93770 72.00220 0.46148
C 20.05320 75.21690 0.24469
C 17.34260 73.99620 -0.22293
C 14.63740 72.72720 -0.44277
C 17.45750 77.33620 -0.62276
C 14.83510 75.82060 -0.90190
C 11.98140 74.59220 -0.93264
C 17.22770 79.58210 -0.37099
C 38.61810 0.87257 0.49745
C 35.28540 0.75206 0.00178
C 39.73960 3.64245 0.99977
C 48.27480 10.18110 0.75159
C 45.16300 9.54575 0.76602
C 42.14380 8.96733 0.51252
C 42.87990 12.11050 0.19185
C 33.59570 0.03895 0.85904
C 27.57620 1.18261 -0.61305
C 35.95260 3.52657 1.06903
C 37.69360 5.97215 0.47832
C 38.95100 8.84778 0.29094
C 26.27120 9.36518 -0.80353
C 40.72320 11.67910 -0.04716
C 39.54750 14.61810 -0.60750
C 26.32470 15.37390 -0.78623
C 28.08740 18.02520 -0.83209
C 36.68600 20.65020 -1.19233
C 33.02280 20.49230 -1.10752
C 29.82580 20.64540 -0.83463
C 26.09390 21.33860 -0.72444
C 49.39640 11.75630 0.33415
C 46.23390 12.85770 0.70786
C 44.78950 14.92110 -1.63285
C 43.55920 17.95020 -1.82561
C 40.29980 19.60250 -1.47658
C 40.13080 22.64000 -1.85572
C 47.74610 1.77655 1.88317
C 44.57350 1.26938 1.74632
C 41.65130 1.04262 1.20866
C 48.98410 4.50882 1.56470
C 45.86130 4.33082 1.55759
C 42.84690 3.91773 1.41038
C 47.33500 7.25058 1.30967
C 44.11080 6.64854 1.20576
C 40.85580 6.22097 0.93954
C 30.69420 0.70182 0.14496
C 32.54710 3.40364 0.07857
C 29.18030 3.77053 -0.27937
C 26.10560 3.86007 -0.57378
C 34.25310 6.17907 -0.14106
C 30.87410 6.49226 -0.28656
C 27.85460 6.44248 -0.45393
C 35.84760 8.91623 -0.18513
C 32.53970 9.13088 -0.46858
C 29.34370 9.30167 -0.53103
C 37.53620 11.80440 -0.30363
C 34.33830 11.89950 -0.55944
C 31.03740 12.03190 -0.65847
C 27.88300 12.27620 -0.78504
C 35.89970 14.60950 -0.89272
C 32.69680 14.81260 -0.86801
C 29.58970 15.11550 -0.81029
C 38.05820 17.19320 -1.09295
C 34.45560 17.62500 -1.16607
C 31.33970 17.77570 -0.92746
C 48.99670 14.83850 -0.15393
C 46.15120 16.44290 -0.83932
C 48.79420 17.91530 -0.84818
C 45.94550 19.54610 -1.47842
C 43.20160 21.36760 -2.01691
C 48.65400 21.18440 -1.52056
C 45.92500 22.65270 -2.05970
H 36.72820 1.36962 1.89818
H 41.02760 4.72959 2.79864
H 37.92430 4.35900 2.34791
H 48.62010 8.53613 2.59432
H 42.26920 7.55496 2.45631
H 46.53730 10.96670 2.17465
H 43.33420 10.50880 2.10106
H 30.36490 -0.80266 2.12973
H 27.54070 -0.93004 0.66291
H 32.25460 1.81057 1.91013
H 25.76260 1.94155 0.78858
H 33.87820 4.67415 1.83018
H 38.99770 7.30690 2.23305
H 35.81030 7.28398 1.54762
H 40.38910 10.10560 1.81572
H 39.04110 12.91890 1.24173
H 26.41880 13.35790 0.83264
H 40.53320 16.12850 1.20375
H 37.56060 15.50250 0.62705
H 36.26090 18.46720 0.14771
H 26.73090 19.01950 0.47579
H 34.59220 21.49020 0.10326
H 31.57290 21.27200 0.99996
H 28.46250 21.72700 0.19543
H 48.36460 13.43240 1.74319
H 45.09210 15.04460 0.94659
H 42.81240 16.26220 -0.98422
H 42.24710 19.68420 -0.43114
H 39.48330 21.43780 0.25631
H 24.56120 -1.03901 0.37912
H 47.82390 0.04929 3.60074
H 44.71680 -0.49139 3.50797
H 41.67300 -0.83884 2.76950
H 38.61410 -1.20853 1.89061
H 49.19860 2.95453 3.43648
H 45.99960 2.61314 3.27659
H 42.79740 2.18269 3.05797
H 39.70810 1.72245 2.51939
H 47.37030 5.50128 3.10635
H 44.15330 5.11306 3.11383
H 45.46420 8.05497 2.73968
H 28.98900 1.88366 1.30643
H 30.78080 4.64844 1.39698
H 27.59310 4.72031 1.22554
H 32.58650 7.38323 1.28587
H 29.30130 7.53591 1.22482
H 26.24080 7.56985 0.89599
H 37.26100 10.09880 1.45987
H 34.14350 10.07700 1.14951
H 30.97340 10.28380 1.06328
H 27.78310 10.44400 0.91401
H 35.84960 13.01280 1.04167
H 32.73090 13.09300 0.87226
H 29.50710 13.22440 0.80147
H 34.40860 15.81860 0.59643
H 31.27120 15.98720 0.73372
H 28.10180 16.12430 0.86425
H 33.05680 18.64200 0.59093
H 29.85060 18.77750 0.78583
H 47.84170 16.66250 1.06249
H 44.88700 18.21180 0.27887
H 47.65310 19.79620 0.26763
H 44.90540 21.39100 -0.25041
H 42.15310 22.96720 -0.46063
H 47.59840 22.94610 -0.24719
C 38.15680 0.29457 3.67387
C 35.23960 -0.04519 3.10741
C 39.43100 3.53457 4.17157
C 48.20910 10.63190 3.88062
C 45.04620 10.18000 3.90033
C 41.85290 9.51112 3.81028
C 42.53350 12.50410 3.34851
C 33.51040 1.10064 3.81011
C 27.13280 0.66309 2.36983
C 35.75610 3.38677 2.98812
C 37.13640 6.44723 3.53892
C 38.66350 9.49121 3.38804
C 25.99610 9.50691 2.39635
C 40.39880 12.05680 3.21517
C 39.17950 15.16460 2.57263
C 26.50980 15.14340 2.52725
C 28.19560 17.99400 2.40869
C 37.09180 20.89810 0.58985
C 33.75280 20.46790 2.19250
C 29.47370 20.64110 2.34193
C 26.07090 21.44320 1.22666
C 49.18180 12.32330 3.56680
C 46.10520 13.33290 2.52905
C 42.75590 14.74840 1.29538
C 42.59320 17.80370 1.09612
C 40.57050 20.26920 1.52716
C 40.54590 23.47840 1.34925
C 47.65890 2.02067 5.02194
C 44.43760 1.39212 4.77197
C 41.17010 0.98984 4.38092
C 49.23980 5.05242 4.73224
C 45.77820 4.58146 4.75617
C 42.50910 4.06448 4.58253
C 47.17300 7.57820 4.41404
C 43.85670 7.12954 4.31909
C 40.52150 6.78396 4.00938
C 30.19070 0.97373 3.26461
C 32.08290 3.89630 3.37482
C 29.00940 3.74279 2.87571
C 25.79290 3.61671 2.51396
C 34.02810 6.61012 3.20066
C 30.82610 6.57286 2.88797
C 27.56530 6.60590 2.74222
C 35.62870 9.23590 3.00674
C 32.55750 9.30618 2.77961
C 29.23270 9.54830 2.68551
C 37.35570 12.23170 2.82904
C 34.18310 12.06750 2.63150
C 31.06100 12.30750 2.47120
C 27.96540 12.34820 2.50911
C 36.01850 15.11940 2.35933
C 32.87590 15.06980 2.36233
C 29.74290 15.11050 2.37955
C 38.60350 17.76670 0.77292
C 34.80820 17.76790 2.08211
C 31.46210 17.92310 2.33019
C 48.86470 15.47810 2.98013
C 45.58700 16.90070 2.28786
C 48.71930 18.61140 2.20487
C 45.58630 19.99850 1.64761
C 42.94790 21.44080 1.25395
C 48.56370 21.65730 1.58212
C 45.65260 23.27430 1.13637
C 48.91850 30.80810 -1.06546
C 47.27870 33.50460 -0.97488
C 49.28930 36.09930 -1.23859
C 47.83980 38.84760 -1.45579
C 37.41410 24.14250 -1.97880
C 39.88140 26.64520 -1.65839
C 42.65540 28.06280 -2.45339
C 48.37260 27.70550 -2.95450
C 45.73030 29.61510 -2.91873
C 36.75910 26.19430 -2.26547
C 33.59610 24.46840 -1.88596
C 29.66270 23.94620 -0.11886
C 40.36680 30.55410 -2.38148
C 37.36120 29.19960 -2.07203
C 27.86590 26.25390 -1.81060
C 44.09810 33.98060 -1.43075
C 40.80260 33.46250 -2.20416
C 25.29990 28.31080 -1.63727
C 41.68470 37.20650 -1.20264
C 39.05970 38.86270 -1.62551
C 36.92570 41.26730 -1.11855
C 34.07500 42.85040 -1.40911
C 31.17400 41.71670 -1.65543
C 28.05500 41.04310 -2.55459
C 24.16940 39.94010 -3.54448
C 24.05900 43.46160 -4.18420
C 31.45650 44.88520 -1.44994
C 28.10660 44.89120 -1.95602
C 32.48150 47.74860 -1.54815
C 45.50020 36.43930 -0.63499
C 44.40780 39.54470 -1.62776
C 41.24690 40.94100 -1.53604
C 46.63740 41.40090 -2.06340
C 40.69880 44.04190 -1.64486
C 37.72200 45.25370 -2.08701
C 34.89360 46.17260 -1.03257
C 46.72350 44.63530 -2.53003
C 42.91480 24.42410 -2.30539
C 48.64080 24.08770 -2.11138
C 45.76410 25.79610 -2.93180
C 34.21400 28.22840 -2.13788
C 31.10350 26.73470 -1.84613
C 37.80590 32.41580 -2.05570
C 34.84330 31.27820 -2.07071
C 31.68190 30.13070 -2.02256
C 28.56630 29.09000 -1.75131
C 38.34430 35.57480 -1.88425
C 35.40870 34.36330 -1.94299
C 32.36090 33.45620 -2.05205
C 29.14990 32.17490 -1.96069
C 25.71670 31.27750 -1.53666
C 36.04630 37.70190 -1.70213
C 33.05060 36.54960 -1.82300
C 29.64940 35.63580 -1.99070
C 26.72670 34.41530 -2.14171
C 33.82400 39.70800 -1.67018
C 30.94000 38.48090 -2.10122
C 27.05120 37.77550 -2.01319
C 29.54630 47.85580 -1.57075
C 43.53400 42.58810 -1.99383
C 43.56630 45.85720 -2.16948
C 40.51000 46.93990 -1.57127
H 47.49740 31.62570 0.74527
H 49.07190 34.46110 0.55493
H 47.70220 37.18340 0.35058
H 39.30890 24.56240 -0.43555
H 42.13550 26.19770 -0.89062
H 40.86400 28.72920 -0.89391
H 47.54020 29.21820 -1.26682
H 44.57920 30.40280 -0.68627
H 37.93690 27.46820 -0.47605
H 34.77760 26.32750 -0.63469
H 31.75700 25.26980 -0.28035
H 41.64760 31.74480 -0.51212
H 38.58690 30.70600 -0.53058
H 29.38470 27.44210 -0.15837
H 26.43930 26.40390 -0.31129
H 42.05970 34.91050 -0.60444
H 39.45630 36.88360 -0.21777
H 40.85630 39.16620 0.02383
H 24.73420 34.58430 -0.57224
H 37.71860 42.00140 1.25025
H 31.81990 39.90750 -0.25357
H 28.87700 39.06860 -1.09037
H 24.66220 38.54050 -1.33573
H 35.41910 44.10760 0.21620
H 32.23140 43.07660 0.28227
H 27.95250 43.11490 -0.81116
H 32.77110 46.07670 0.21882
H 29.65010 45.80900 -0.08258
H 45.83710 34.20610 0.41394
H 43.75660 37.87040 0.07002
H 46.18580 40.00740 -0.00877
H 43.20980 41.06960 -0.11288
H 40.43430 42.49020 0.44123
H 38.22310 43.53770 -1.33735
H 45.73210 43.07470 -0.93691
H 44.92950 24.52550 -0.89716
H 47.56540 26.10310 -1.23278
H 44.88120 27.50880 -2.09290
H 35.47160 29.54500 -0.41148
H 32.36350 28.47070 -0.47697
H 39.08190 33.73450 -0.41525
H 36.03780 32.64360 -0.36899
H 32.98780 31.60050 -0.49355
H 29.95150 30.55510 -0.28879
H 26.83970 29.61810 -0.08671
H 36.55690 35.78560 -0.19205
H 33.62360 34.75320 -0.34221
H 30.50050 33.74600 -0.54810
H 27.32960 32.72210 -0.38276
H 37.17700 39.10560 -0.06914
H 34.16800 37.89910 -0.12749
H 31.15460 36.82820 -0.25270
H 28.02150 35.86490 -0.59973
H 34.77450 41.06000 0.12031
H 26.47210 45.84140 -0.16960
H 42.80520 44.28070 -0.46146
H 39.99360 45.48450 0.31398
H 37.04410 46.66020 -0.02358
H 45.69520 46.32030 -0.94506
H 42.68690 47.46200 -0.50875
C 48.89110 30.77800 2.13106
C 47.22670 33.70890 2.10620
C 49.39320 36.46290 1.96013
C 47.82380 39.19220 1.66575
C 37.54110 24.22340 1.26492
C 40.08290 26.75800 0.36277
C 43.20810 28.34190 -0.34562
C 48.40150 27.95440 0.21534
C 46.03790 30.54360 0.24021
C 36.64640 26.18300 1.19711
C 33.94770 23.98300 0.07542
C 31.18750 23.48040 1.51759
C 40.65400 30.35440 0.90907
C 37.48170 29.23440 1.13205
C 28.51560 25.53540 1.18275
C 43.91180 32.71750 0.13251
C 41.11830 33.75140 1.08472
C 26.09050 28.13530 1.73874
C 41.63980 36.99370 0.82549
C 38.89070 38.61700 1.44779
C 36.55670 40.61880 1.80679
C 34.31690 42.96690 1.73421
C 31.20150 41.56400 1.60724
C 28.91510 41.35980 -0.82698
C 23.36480 39.75750 -0.34670
C 25.66270 42.64500 -1.12346
C 31.21520 45.00000 1.68909
C 28.06660 44.49230 1.30406
C 32.46340 47.91320 1.73046
C 45.51070 36.48240 1.25111
C 44.31490 39.52040 1.53279
C 41.66850 40.65840 1.78594
C 46.37910 41.82860 1.15698
C 41.67200 44.36350 1.77660
C 37.78860 44.56270 0.96824
C 34.97520 46.34100 1.25012
C 47.00310 44.73390 0.51276
C 43.14390 24.86550 0.76716
C 48.19270 24.95820 0.87447
C 45.63000 26.61090 0.13860
C 34.23000 28.04600 1.12919
C 31.33800 27.10150 1.35118
C 37.90130 32.33710 1.19417
C 34.72750 31.25930 1.21004
C 31.82350 30.24920 1.24772
C 28.83880 29.23720 1.40856
C 38.39420 35.39170 1.31753
C 35.29840 34.24130 1.32199
C 32.33000 33.39450 1.11845
C 29.37710 32.38630 1.13982
C 26.52310 31.40850 1.56283
C 35.91960 37.52500 1.38562
C 32.96070 36.38690 1.33616
C 29.73980 35.37940 1.13005
C 26.66550 34.57400 1.11974
C 33.47330 39.57340 1.51543
C 30.10210 38.63810 1.00035
C 26.81920 37.93820 -0.05000
C 29.62620 47.54400 1.57157
C 44.20930 42.78290 1.00820
C 44.07730 45.94400 0.86088
C 41.17960 47.40250 1.49792
H 37.22520 60.76260 -0.91442
H 34.40390 59.09500 -0.64859
H 40.28250 64.25570 -1.07121
H 37.25250 63.64040 -1.26962
H 44.22700 68.58290 -1.79433
H 40.92660 67.40910 -1.25272
H 29.12990 63.05350 -0.54420
H 44.43900 71.65250 -1.50712
H 25.40400 65.44580 -0.54812
H 26.53040 69.67190 -0.51785
H 27.72900 72.49710 -0.26391
H 34.50310 62.38780 -0.79417
H 37.92200 66.64180 -1.15259
H 34.92490 65.57780 -0.86562
H 31.94280 64.38940 -0.66341
H 41.57660 70.50300 -1.82858
H 38.59220 69.64320 -1.36505
H 35.38200 68.69090 -0.92808
H 32.33980 67.61670 -0.92715
H 29.16520 66.27020 -0.75518
H 36.09360 71.83760 -0.90444
H 33.03490 70.84800 -0.73853
H 29.95230 70.23950 -0.80250
C 46.95780 67.26850 -3.75969
C 48.81950 69.94440 -2.30267
C 34.75940 50.45330 -0.75851
C 35.67450 53.69260 -2.37851
C 33.86360 56.83610 -1.40183
C 30.79340 56.10850 -1.33693
C 30.44880 59.23630 -1.72559
C 28.03030 61.41220 -1.94002
C 24.98990 61.71950 -1.91979
C 36.47920 58.73170 -1.99634
C 39.09380 62.11270 -1.88107
C 36.06870 61.96870 -2.68575
C 33.70960 60.60930 -2.33721
C 42.92260 66.70150 -2.70232
C 39.64190 66.04200 -2.81870
C 30.82790 62.86060 -2.30115
C 43.48390 70.45340 -3.40089
C 27.50700 64.55960 -1.58496
C 25.34240 67.64610 -1.64597
C 26.22620 71.54220 -2.12724
C 37.77540 48.34540 -1.42370
C 37.73450 51.62350 -1.52224
C 36.92660 55.22830 -2.46799
C 39.73620 56.83450 -2.54787
C 42.12220 59.42100 -1.88051
C 47.92460 59.45010 -2.42754
C 42.40230 63.27430 -2.37993
C 47.30700 62.68090 -2.21049
C 45.67040 64.00780 -2.18099
C 26.35110 47.74020 -1.69295
C 31.15460 50.66520 -1.53266
C 27.94780 50.57930 -1.47139
C 24.73420 50.51480 -1.31060
C 32.48970 53.46600 -1.63318
C 29.30330 53.43440 -1.44073
C 26.32910 53.28100 -1.43733
C 27.95450 56.16030 -1.34374
C 24.79440 56.08010 -1.55189
C 26.65040 58.74230 -1.55305
C 36.52230 65.46860 -2.74223
C 33.51180 64.07600 -2.30982
C 40.23720 68.91070 -3.05901
C 37.06850 68.30780 -2.76012
C 33.91630 67.22590 -2.44289
C 30.88990 66.02110 -2.28083
C 37.64300 71.44830 -2.86149
C 34.78860 70.48830 -2.45244
C 31.69730 69.50140 -2.39024
C 28.42900 68.50630 -1.71052
C 32.47250 72.73280 -2.24733
C 29.36480 71.82540 -2.14175
C 46.37500 48.15290 -2.58682
C 43.39610 49.13940 -2.16085
C 40.42260 50.12320 -1.80911
C 46.02870 51.20210 -2.28908
C 43.04490 52.21170 -2.16674
C 40.03970 53.62300 -2.21407
C 45.66510 54.16930 -2.28890
C 42.60020 55.70230 -2.38172
C 48.29890 56.14610 -2.41283
C 45.50120 57.38920 -2.52610
C 44.71360 60.76950 -2.24437
H 47.80160 65.24080 -2.59654
H 48.95910 67.82850 -0.93542
H 46.96760 70.13230 -1.27946
H 34.21690 48.28220 0.05790
H 32.70400 51.59060 0.10754
H 34.08610 54.39490 -0.56195
H 32.20660 57.14980 0.46790
H 31.66460 61.06040 -0.90106
H 28.43150 59.90550 -0.12295
H 26.59300 62.64350 -0.38928
H 36.97610 49.96420 0.38350
H 48.19960 48.22430 -1.25505
H 39.48210 51.93580 -0.31725
H 38.98730 55.27740 -1.00527
H 36.24350 56.68680 -0.62621
H 38.74240 58.45850 -0.85872
H 41.32380 61.48010 -0.90340
H 46.73040 60.83100 -0.84847
H 44.15740 62.70050 -0.59298
H 31.11110 48.81800 0.07275
H 27.99460 48.66360 0.06771
H 29.53870 51.53890 0.09662
H 26.38420 51.45670 0.23754
H 30.95430 54.28840 0.16450
H 27.78740 54.26950 0.19984
H 24.68670 54.25620 0.10612
H 29.31370 57.01250 0.47053
H 26.22760 57.00020 0.18684
H 25.01100 59.90740 -0.22064
H 39.75980 48.65990 0.02882
H 45.32220 49.44250 -0.68003
H 42.40270 50.54840 -0.41133
H 47.94600 51.37240 -0.80505
H 44.90780 52.60200 -0.60080
H 42.03800 53.91550 -0.66743
H 47.54980 54.51220 -0.68076
H 44.58550 55.80040 -0.85100
H 41.63320 57.11200 -1.02449
H 47.23540 57.71300 -0.83887
H 44.33020 58.78990 -0.91732
C 46.65210 67.66200 -1.59568
C 48.30180 69.43840 0.80313
C 34.65260 50.43990 1.14458
C 35.91200 53.69020 1.05361
C 33.80740 57.83690 1.55504
C 30.89910 55.90710 1.99981
C 30.70320 59.05210 0.32442
C 28.14510 61.71080 1.28903
C 25.10440 61.87360 1.33994
C 36.58840 58.87850 0.48924
C 39.35080 60.62000 0.35487
C 36.40710 62.38800 0.74541
C 33.45670 60.80260 0.81656
C 42.92340 66.47110 -0.83392
C 39.75890 65.92950 0.43181
C 30.97140 62.69540 0.90322
C 43.37000 69.85810 -0.17320
C 27.57110 64.72080 0.39165
C 25.41600 67.73650 0.41873
C 26.02410 71.16640 1.14237
C 38.00760 48.16030 1.69364
C 37.92720 51.44870 1.75497
C 37.23770 55.16960 0.85244
C 39.68380 57.13900 0.58347
C 42.13830 59.24330 0.07789
C 47.95950 59.46470 0.72649
C 42.05930 63.32440 0.73216
C 47.34920 62.34150 1.06591
C 45.80610 63.86260 0.95421
C 26.55960 47.47200 1.67855
C 31.23760 50.68990 1.68324
C 28.09190 50.45750 1.72244
C 24.73150 50.49850 1.85700
C 32.84690 53.62970 1.55034
C 29.37940 53.30220 1.71894
C 26.21270 53.34070 1.78420
C 27.72280 56.01750 1.89840
C 24.53160 56.08620 1.71265
C 26.72410 59.04770 1.43592
C 36.85500 65.26990 0.57896
C 33.90860 64.12980 0.84600
C 40.57750 69.39360 0.10949
C 37.42830 68.42990 0.42972
C 34.23290 67.32720 0.72314
C 31.11090 66.26850 0.82395
C 38.18070 71.51320 0.24171
C 34.85250 70.48780 0.75413
C 31.74360 69.34200 0.71930
C 28.53410 68.51070 0.31272
C 32.57500 72.57930 0.88442
C 29.70110 71.80280 1.16914
C 46.66330 47.84390 0.67635
C 43.63880 49.04360 1.10465
C 40.56870 50.49400 1.39567
C 46.19200 51.09830 0.92414
C 42.98490 52.52900 1.00263
C 40.07810 54.00800 0.85485
C 45.66070 54.35690 0.90397
C 42.70460 55.85030 0.74189
C 48.37460 56.28870 0.81502
C 45.44010 57.45480 0.83969
C 44.79160 60.65200 0.70969
H 42.15780 73.62740 -2.36828
H 39.84540 75.96850 -1.50524
H 37.62210 77.99300 -0.12708
H 26.14260 74.16610 -2.09178
H 35.10030 80.24900 0.49860
H 32.13550 79.25690 -0.28159
H 29.21500 78.38600 -1.24893
H 26.17770 77.31640 -1.85182
H 39.21250 72.78150 -1.62478
H 36.86640 74.91920 -0.91472
H 33.77450 73.94220 -0.78647
H 30.69830 73.26270 -0.58998
H 34.54020 77.14430 -0.48478
H 31.53800 76.24390 -0.74763
H 28.47570 75.55210 -0.82272
C 44.21560 90.32570 1.02506
C 37.31460 90.27170 -0.22294
C 48.30560 94.13390 2.05356
C 45.54150 92.92050 2.69219
C 42.79080 93.17330 1.03356
C 39.75170 93.19510 -0.22525
C 35.73220 93.12360 -0.41861
C 34.27980 94.73590 -0.17720
C 46.26880 75.51490 0.62141
C 43.53770 76.71470 1.39916
C 41.35970 78.87510 -0.22351
C 39.20430 81.00940 -1.44124
C 38.91520 84.14790 -0.92165
C 38.90700 87.74560 -0.22210
C 40.94440 89.50010 1.54519
C 47.02430 88.95600 1.17264
C 46.51070 72.36130 -2.54243
C 29.74580 -1.27507 -0.28834
C 25.79170 79.77090 -1.52171
C 30.40640 80.61130 -1.39063
C 28.07170 81.88410 -1.26566
C 35.77630 84.08370 0.45034
C 33.15740 85.78840 -0.39741
C 35.83150 87.35250 0.01793
C 32.79070 89.04450 -0.18473
C 32.36560 92.42520 1.13508
C 29.41450 93.52980 0.38475
C 43.97890 72.78330 -3.63641
C 41.70760 75.87910 -3.24974
C 39.00940 77.79780 -2.42037
C 26.76350 75.87240 -3.90631
C 37.20340 80.17970 -1.14271
C 31.48050 78.02510 -2.35836
C 28.32730 76.79670 -3.02194
C 46.53810 -1.29822 2.05126
C 43.69540 96.17740 1.56896
C 40.69480 95.91030 0.73804
C 37.62970 96.07170 -0.31419
C 46.86660 78.85150 0.87864
C 44.28580 80.83670 0.29053
C 41.76970 82.54590 -0.27744
C 47.08160 82.33190 0.75339
C 44.27370 84.07020 0.40227
C 41.45770 85.88440 0.18062
C 46.96500 85.80830 0.86105
C 44.22290 87.21720 0.69019
C 25.24110 83.18410 -1.48081
C 30.49890 83.95930 -1.04155
C 27.63250 85.10960 -1.12173
C 24.82360 86.40970 -1.44350
C 30.22770 87.32180 -0.48863
C 27.40740 88.40190 -0.86314
C 29.76620 90.27580 -0.23168
C 27.08690 91.57100 -0.69352
C 26.24310 95.19360 -0.46479
C 40.73790 72.10470 -3.52462
C 38.35350 74.67760 -2.95103
C 35.50540 73.63720 -2.47810
C 36.43550 76.99830 -2.09057
C 33.44290 75.92920 -2.23572
C 30.35040 74.89800 -2.36123
C 34.14700 79.26890 -1.73929
H 42.27030 91.36640 2.30653
H 39.10560 91.12640 1.25818
H 46.67950 94.74600 3.74802
H 37.60080 93.89180 0.96279
H 33.64600 94.21350 2.32128
H 35.59720 96.32810 1.00560
H 45.71480 77.56740 2.17903
H 42.93850 79.20900 1.76142
H 40.41900 80.96750 0.65997
H 37.57810 82.47250 0.04279
H 48.35710 79.20450 3.10932
H 37.64800 85.75940 0.51128
H 37.36310 88.45530 1.54395
H 40.19570 87.17610 1.82506
H 45.45630 90.45170 2.62739
H 47.79000 92.07920 3.31403
H 46.81130 73.08520 -0.07871
H 25.05150 78.21180 0.36828
H 27.43080 80.05170 0.43392
H 29.83300 82.13300 0.55623
H 32.27710 84.10700 0.69911
H 34.72790 85.89080 1.78053
H 34.46730 89.09310 1.33629
H 31.43170 90.24520 1.62984
H 28.44430 91.41150 1.43975
H 25.38630 92.96250 0.36680
H 30.46980 93.64720 2.28599
H 43.54780 94.32130 3.13849
H 40.59610 93.91890 2.01103
H 45.87680 80.74950 2.22076
H 43.13960 82.39330 1.84012
H 40.33520 84.01960 1.17507
H 48.66280 82.28670 2.67417
H 45.93510 83.97650 2.22553
H 43.11950 85.49460 2.03841
H 48.70250 85.60990 2.53891
H 45.81560 87.19400 2.60468
H 43.00520 88.50970 2.30710
H 48.62670 88.93270 2.70590
H 26.87630 83.29380 0.34055
H 29.26870 85.35180 0.63150
H 26.40500 86.60760 0.45104
H 31.90450 87.22000 1.27142
H 28.82800 88.48560 1.08316
H 25.88860 89.79140 0.55748
C 43.42330 90.10050 4.11484
C 36.50780 90.69550 1.54900
C 48.35330 93.68630 5.15276
C 44.93140 93.28990 4.68064
C 41.64720 93.04220 4.07464
C 38.71710 92.51670 2.94471
C 35.49910 93.83290 3.88921
C 32.17410 95.46160 2.74990
C 46.90180 75.41320 2.64090
C 43.32000 77.21060 3.12709
C 40.92790 79.90220 2.94824
C 38.23730 81.05100 1.89313
C 38.14460 83.99690 2.14574
C 38.00340 86.52370 2.84298
C 40.78300 88.83540 3.29179
C 46.64890 88.85980 4.20160
C 45.73480 71.45120 0.60158
C 28.85010 95.69070 2.56100
C 25.42090 80.09010 1.95976
C 31.78130 80.99510 1.43710
C 27.97370 81.94270 2.11172
C 33.61110 82.16400 1.29392
C 33.00750 85.50550 2.79123
C 35.69470 87.67620 3.22219
C 32.65580 88.70520 3.13208
C 32.27580 92.12270 2.98455
C 29.10400 92.57690 3.61996
C 43.27150 73.24590 -0.15479
C 42.31590 76.07740 -1.43625
C 39.81360 77.42730 0.59254
C 26.52720 74.60860 0.41986
C 37.07360 79.45580 1.89659
C 30.74100 78.00170 0.82186
C 27.44040 77.52520 0.29065
C 46.40230 -1.09453 5.20531
C 42.97600 96.17730 4.70748
C 39.92850 95.65760 3.71514
C 36.73840 95.23840 2.87804
C 46.33020 79.14130 4.10651
C 43.87510 80.82410 3.60002
C 40.98540 82.18650 2.79567
C 46.56500 82.35650 3.98165
C 43.93160 83.78520 3.64479
C 40.98630 85.29190 3.21702
C 46.65390 85.57830 4.00193
C 43.80950 86.89000 3.96243
C 24.76690 83.11060 1.62328
C 30.33420 83.86520 2.29192
C 27.23240 84.93490 2.04117
C 24.31560 86.37580 1.70247
C 29.98970 86.83050 2.56588
C 26.68170 88.28660 2.25839
C 29.46830 89.78850 3.04429
C 26.25050 91.52240 2.33477
C 25.97930 95.10500 1.44957
C 41.36750 72.35170 -0.34160
C 38.98350 74.43250 0.26066
C 35.64160 73.59890 0.76142
C 36.43200 76.45260 1.01094
C 33.18730 75.61370 0.87837
C 30.14510 75.08760 0.93372
C 33.86860 78.60480 1.43738
C 54.91410 -0.86354 2.00082
C 52.05380 96.06650 3.34214
C 49.46920 -0.70898 1.98889
C 55.71400 4.88017 1.42226
C 52.76010 5.18003 2.23093
C 50.40640 7.49684 1.05772
C 60.14200 1.13570 0.58012
C 58.98750 4.32736 0.63263
C 57.71030 7.08707 0.50030
C 59.73640 9.47896 0.05950
C 71.77530 11.07600 -3.83369
C 68.41790 11.30690 -2.20580
C 65.34090 11.84090 -0.30264
C 61.60260 12.18100 -0.41831
C 71.34920 14.18160 -2.50935
C 68.17700 13.38560 -1.94240
C 66.31020 15.77460 -1.55274
C 63.21850 14.93600 -1.47504
C 63.85010 18.21130 -1.40944
C 62.10460 20.71650 -1.47985
C 63.16820 23.33300 -2.03453
C 60.10550 23.28070 -1.52716
C 54.27370 8.20164 1.88901
C 52.37900 10.52980 0.81557
C 57.66150 10.34560 0.74687
C 57.24490 13.51360 0.08550
C 59.50500 15.34230 -0.92273
C 60.58630 18.09990 -0.92538
C 56.99190 19.85610 -1.49179
C 57.24810 23.67180 -0.91652
C 56.85150 2.05155 1.16813
C 53.77830 1.87865 2.00233
C 50.81310 2.04095 1.94358
C 69.04610 -1.05346 -1.02680
C 66.06090 -0.32300 -0.23956
C 63.13070 0.49919 0.24185
C 71.54970 1.45400 -1.43369
C 68.27560 2.15033 -0.75194
C 65.26590 2.81394 -0.22162
C 62.07180 3.50115 0.25444
C 70.57440 4.51897 -1.25102
C 67.34040 5.19050 -0.64149
C 64.16850 5.91852 -0.24540
C 61.12990 6.45311 0.06041
C 73.00460 6.97960 -1.51327
C 69.62320 7.31560 -1.26740
C 66.60620 8.36844 -0.70368
C 63.18620 8.92007 -0.36142
C 72.93760 17.19540 -2.05067
C 69.52670 16.35230 -1.81110
C 70.80850 19.35660 -1.88375
C 67.43570 18.57540 -1.67316
C 71.71650 22.16250 -1.99333
C 68.56560 21.43350 -2.11172
C 65.32150 20.95890 -1.86132
C 54.80970 11.92570 0.64101
C 51.93550 13.49510 0.25023
C 54.46600 15.09700 -0.03130
C 51.74920 16.47750 -0.45945
C 57.08040 16.61830 -0.73023
C 54.10290 18.08850 -0.77180
C 51.56360 19.63260 -1.16367
C 54.26260 21.37260 -1.47327
C 51.39420 22.80390 -1.72587
H 56.92160 0.05089 2.54961
H 54.09190 0.49040 4.01400
H 55.69600 3.05757 3.05382
H 54.81480 6.17571 3.37837
H 51.84070 8.55950 2.37447
H 60.02140 -0.64878 2.27259
H 58.93310 2.50436 2.27557
H 57.85320 5.48010 2.45076
H 59.83900 7.73223 1.64102
H 56.70900 8.52207 1.98897
H 71.53980 8.02555 0.17357
H 68.35170 8.73788 0.36431
H 65.15060 9.66367 1.06111
H 61.89240 10.23900 1.39220
H 72.21120 12.29550 -1.58922
H 73.01410 15.07420 -0.86534
H 69.90730 14.42210 -0.43336
H 66.73420 13.81410 0.06001
H 64.64400 16.31630 0.06131
H 62.46300 19.15770 0.38152
H 60.69890 21.68260 0.45251
H 54.09980 10.56740 2.58188
H 51.11980 11.99850 2.05997
H 56.73130 12.47890 2.18695
H 59.38680 14.20690 1.32026
H 61.63450 16.09760 0.10284
H 59.00550 17.18680 0.65362
H 58.80020 19.92980 -0.80362
H 56.13970 21.69580 0.09698
H 53.25650 23.19000 -0.13939
H 50.83900 0.32292 3.69192
H 52.32620 3.14763 3.52323
H 50.48000 5.82776 2.97591
H 71.19990 -0.43849 0.18517
H 68.16320 0.26703 0.87637
H 65.12330 1.08779 1.55468
H 62.01810 1.76767 2.01208
H 70.36290 2.62519 0.41913
H 67.30210 3.43100 1.13739
H 64.08960 4.13305 1.44150
H 60.95530 4.87414 1.98801
H 72.57540 5.02886 -0.03802
H 69.44910 5.67790 0.61915
H 66.24730 6.53989 1.10504
H 63.04490 7.20790 1.48026
H 63.47300 13.40230 0.46362
H 71.15870 17.50340 -0.30651
H 67.93280 16.83670 0.06791
H 72.20560 20.46750 -0.18904
H 69.04090 19.85220 -0.20577
H 65.70100 19.23590 -0.09039
H 70.01020 22.83430 -0.64117
H 66.88790 22.29590 -0.55936
H 63.77160 21.86830 -0.13895
H 53.76320 13.72590 1.92589
H 50.80870 15.21570 1.45331
H 56.45060 15.46080 1.33679
H 53.47950 16.92540 1.29021
H 50.66360 18.29990 0.67814
H 56.11700 18.53350 0.44111
H 53.36240 20.07260 0.47388
H 50.47880 21.43900 0.08906
C 56.27010 0.25888 4.97142
C 52.55730 -0.82976 5.06546
C 49.34540 -0.62497 5.37681
C 56.39350 5.08477 4.46221
C 52.65780 5.61624 4.11128
C 50.31230 7.91994 4.33484
C 60.44110 1.15133 3.76065
C 59.47270 4.27198 3.87347
C 58.40770 7.57426 3.61844
C 60.87790 9.46866 3.16017
C 71.31930 10.33050 -0.54857
C 69.09740 10.78700 -0.14082
C 65.30410 12.11690 1.54955
C 61.22740 12.55550 1.44857
C 71.73930 13.55040 0.64690
C 68.44850 13.35500 1.39020
C 66.39130 15.75490 1.71910
C 63.24190 15.08720 1.83544
C 64.34030 18.20780 1.70851
C 62.61810 21.08260 1.95042
C 63.62400 23.85500 1.26339
C 60.53520 23.96500 1.65495
C 55.01550 8.59623 3.84119
C 52.01950 10.59860 3.92231
C 57.86980 10.77550 2.70963
C 57.49730 14.20360 3.23005
C 60.29530 15.83600 2.27215
C 60.13110 19.29350 1.31680
C 57.30620 20.51750 1.39100
C 57.30510 23.71800 0.88384
C 57.39050 1.76841 4.14841
C 54.33060 2.80828 5.06559
C 50.87480 2.35941 5.10402
C 69.85210 -1.05652 2.15892
C 66.73050 -0.18343 2.90451
C 63.49110 0.60188 3.39149
C 71.92850 1.29848 1.86651
C 68.96830 2.13982 2.40090
C 65.67450 2.98765 2.96719
C 62.61260 3.74343 3.36966
C 71.22700 4.48493 1.90523
C 67.95440 5.36021 2.53928
C 64.67820 6.01992 2.93097
C 61.56640 6.90425 3.25218
C 73.24620 6.80807 1.70256
C 69.97190 7.62386 2.00435
C 66.97640 8.47515 2.42902
C 63.84640 9.20926 2.78896
C 72.93600 16.56610 1.09659
C 69.88160 16.19130 1.36420
C 70.83480 19.23460 1.41171
C 67.61580 18.77910 1.53856
C 71.73010 22.45690 1.13932
C 68.63060 21.85510 1.11303
C 65.70870 21.30140 1.28111
C 54.80710 12.35710 3.72671
C 51.74060 13.98150 3.36087
C 54.70180 15.69020 3.02959
C 51.53760 17.21570 2.70672
C 57.29680 17.57660 2.30647
C 54.51180 18.86500 2.28432
C 51.55790 20.21600 1.97564
C 54.41430 21.98970 1.69552
C 51.40070 23.31720 1.45738
C 73.86250 28.19360 -3.22723
C 63.21770 26.41400 -1.31612
C 70.88040 29.78160 -4.28116
C 67.85090 29.39340 -3.69328
C 64.50480 29.41680 -2.72997
C 59.50750 26.62440 -1.85904
C 56.35690 27.37110 -1.76839
C 52.80400 28.27320 -1.35000
C 61.47310 29.32830 -2.03559
C 52.02280 30.58560 -1.06536
C 63.02480 32.14400 -2.47610
C 64.86260 34.87010 -3.13005
C 64.46380 38.26200 -1.75984
C 62.90740 41.26780 -2.03292
C 49.34700 42.02750 -1.47018
C 61.31180 43.94780 -1.86135
C 58.31370 44.06600 -1.86860
C 51.83450 44.36300 -2.14581
C 56.97090 47.19190 -1.60852
C 53.52380 47.22640 -1.99557
C 51.35850 25.84890 -2.17657
C 70.66780 33.13450 -3.13786
C 67.60360 32.47380 -3.27585
C 69.25880 35.80540 -2.42739
C 68.03420 38.29560 -2.12919
C 66.25380 41.21600 -2.01469
C 64.57490 43.83560 -1.85189
C 63.39270 46.31720 -2.01834
C 49.27890 46.31140 -2.42801
C 72.72330 25.03010 -2.56623
C 69.48820 24.41190 -2.46184
C 66.42280 23.93160 -2.37964
C 70.53190 27.28820 -3.22165
C 66.91890 26.73650 -2.63854
C 58.36290 29.97780 -1.96366
C 55.08500 30.45890 -1.66975
C 60.06310 32.57980 -1.99946
C 56.84940 33.04370 -1.68407
C 53.79280 33.34220 -1.43162
C 50.61570 33.58420 -1.14051
C 61.72490 35.12670 -2.48145
C 58.68770 35.52830 -1.95374
C 55.69010 35.84330 -1.65263
C 52.45840 36.16630 -1.41457
C 60.71370 38.35780 -2.26323
C 57.49860 38.49290 -1.74429
C 54.41780 38.67070 -1.62334
C 51.06480 38.90810 -1.59319
C 59.52520 41.23490 -1.96040
C 56.33290 41.28290 -1.60699
C 53.28750 41.45990 -1.92846
C 54.97540 44.08380 -1.91310
C 54.20160 24.85460 -1.67450
C 72.58190 35.70560 -2.80304
C 71.22390 38.56430 -2.30033
C 72.79930 41.30550 -2.22070
C 69.44250 41.21370 -2.02905
C 71.28160 44.03060 -1.94386
C 67.81960 44.08550 -1.91924
C 73.03480 46.63430 -1.91592
C 69.62310 46.57390 -1.96902
C 66.49580 46.70570 -1.99093
H 64.83340 24.66170 -0.80443
H 61.94910 24.48070 -0.35275
H 71.77910 28.83190 -2.06233
H 65.36030 27.84340 -0.95708
H 69.51730 30.99700 -2.84601
H 66.57350 30.59590 -1.97289
H 59.11160 25.08300 -0.07096
H 55.93660 25.56920 -0.04091
H 61.29900 27.65110 -0.34377
H 54.89860 28.61000 -0.20994
H 51.85450 28.98240 0.84312
H 63.37270 30.43420 -0.71950
H 50.59280 31.75510 0.51017
H 64.87960 33.23450 -1.17090
H 63.63200 36.00470 -1.25655
H 62.45310 39.21040 -0.75062
H 49.48610 39.98450 0.00807
H 61.25670 42.04090 -0.33537
H 51.56060 42.80960 -0.72484
H 59.92580 45.05970 -0.06593
H 56.71230 44.98140 -0.35804
H 53.52340 45.33870 -0.31358
H 52.87870 26.22870 -0.18792
H 50.37900 27.65260 -1.44825
H 72.59240 33.52570 -1.45955
H 69.45770 33.73460 -1.01823
H 66.96230 34.82480 -2.81625
H 67.99460 36.56370 -0.41591
H 66.42100 39.31220 -0.50644
H 64.61900 41.93660 -0.27001
H 63.01110 44.64390 -0.17816
H 48.60680 44.32660 -0.97496
H 73.12760 23.62620 -0.56918
H 70.96770 25.92250 -1.17076
H 67.90170 25.30630 -0.88030
H 68.72720 28.15830 -1.79670
H 58.20240 28.11390 -0.38154
H 60.16530 30.74510 -0.42955
H 56.97000 31.10630 -0.22363
H 53.80870 31.48620 0.19703
H 61.92630 33.47790 -0.67825
H 58.76190 33.68330 -0.26686
H 55.55890 34.10990 0.10252
H 52.37790 34.41060 0.26784
H 60.54860 36.43020 -0.64902
H 57.46260 36.66870 -0.15484
H 54.26010 36.91900 0.04553
H 50.93450 37.18510 0.22086
H 59.35810 39.34420 -0.39948
H 56.04240 39.52030 0.04272
H 52.81490 39.87830 -0.05641
H 58.07560 42.23200 -0.18508
H 54.74000 42.41940 -0.09260
H 50.30860 24.57020 -0.35156
H 71.12160 36.45520 -0.95309
H 72.83270 39.27870 -0.86757
H 69.60860 39.28460 -0.48232
H 71.21470 42.02120 -0.39657
H 67.86360 42.08070 -0.37523
H 72.84290 44.69650 -0.34770
H 69.58740 44.81020 -0.26935
H 66.28530 44.74030 -0.41096
C 73.48980 28.85460 -0.14096
C 63.59910 27.19010 0.64440
C 71.64290 31.20280 -1.50118
C 68.65950 30.27040 -0.68046
C 65.70780 30.13800 0.18948
C 59.58720 27.10300 1.39817
C 56.52440 27.46110 1.30752
C 53.69780 27.54330 1.62902
C 61.97950 29.74370 0.99264
C 52.28010 30.72910 2.01922
C 63.62460 32.40100 0.80031
C 65.93590 35.40080 -0.47915
C 64.50440 37.95610 0.00441
C 62.93240 40.86120 1.11966
C 49.29330 42.37640 0.39769
C 61.49030 43.61750 1.46680
C 58.41220 44.22630 1.41845
C 51.90660 44.67490 1.07016
C 57.14020 47.26040 0.33920
C 53.79340 47.51340 1.06466
C 50.77060 26.68180 0.82054
C 70.88220 32.27290 0.20635
C 67.26950 32.82370 -1.11311
C 69.73860 35.28350 0.77700
C 67.97000 38.03690 1.04673
C 66.33770 40.96530 1.27150
C 64.78040 43.88570 1.31143
C 62.94900 46.24180 1.05459
C 49.83030 46.31360 -0.64272
C 72.62130 25.72860 0.61862
C 69.75760 24.93320 0.68034
C 66.67370 24.28050 0.85929
C 70.52920 28.02580 -0.09779
C 67.50590 27.48470 0.25162
C 58.60320 29.98440 1.22919
C 55.40880 30.30200 1.48040
C 60.44030 32.57900 1.11131
C 57.21510 32.82180 1.42397
C 53.90770 33.36250 1.79117
C 50.80150 33.69220 2.04935
C 62.51210 35.51560 0.62041
C 59.18730 35.59890 1.24272
C 55.90620 36.01570 1.62490
C 52.52570 36.34570 1.74818
C 61.05550 38.16310 1.03107
C 57.75660 38.63950 1.35756
C 54.19920 38.86800 1.56373
C 50.95870 39.32350 1.53383
C 59.58470 41.13470 1.27684
C 56.40800 41.48830 1.48916
C 52.76590 41.97300 1.28429
C 55.04700 44.36310 1.41170
C 54.13670 24.94490 1.43292
C 72.72670 34.99090 0.32260
C 71.34620 38.10540 0.80627
C 73.03150 40.92860 0.93953
C 69.50580 41.04850 1.18122
C 71.18860 43.75840 1.31033
C 67.86110 43.90570 1.25492
C 72.79890 46.57850 1.32782
C 69.42640 46.72090 1.21716
C 66.18700 46.69090 1.06164
C 53.03270 61.21120 -2.72259
C 50.08210 61.77940 -2.33706
C 59.12820 65.47710 -1.94324
C 55.93300 65.01030 -2.35428
C 49.72210 64.53220 -3.23179
C 60.28450 68.63900 -1.61577
C 64.42110 72.24300 -1.24539
C 61.25560 71.62510 -1.08663
C 67.33490 49.91740 -1.05613
C 63.98680 49.38830 -1.95910
C 73.10480 52.11970 -2.39477
C 70.10750 53.42600 -1.43638
C 73.66070 55.65560 -1.94615
C 73.57130 69.47920 -1.30875
C 51.95510 48.38620 -2.29740
C 52.40510 51.85100 -1.66988
C 51.36270 55.07860 -2.47786
C 50.91480 58.46960 -2.44119
C 60.41940 47.91270 -1.86934
C 64.66950 52.36700 -1.62078
C 61.54160 51.52210 -2.08238
C 58.20660 50.67580 -2.42841
C 70.05230 56.69860 -1.64750
C 67.97520 55.01920 0.54455
C 65.38390 55.32610 -1.52339
C 55.75120 53.15060 -2.26751
C 72.55500 59.40070 -1.02460
C 53.29590 55.35090 -2.17981
C 57.60080 59.30090 -2.36819
C 54.47240 58.48080 -2.37525
C 61.93600 63.08090 -1.98569
C 58.84310 62.34180 -2.36204
C 71.93060 68.27920 -1.29309
C 62.55130 66.12010 -1.57382
C 70.21270 70.94780 -0.57978
C 66.62330 69.96390 -1.44716
C 63.44130 69.16760 -1.37446
C 52.70210 64.30580 -2.23577
C 57.06700 67.93880 -1.75850
C 54.08080 67.76140 -2.07074
C 50.86370 67.37580 -2.37142
C 58.13040 71.16090 -1.20167
C 55.05630 70.67450 -1.40836
C 51.93740 70.35910 -1.78504
C 71.48290 49.28830 -2.03705
C 49.14910 50.09940 -2.54011
C 48.86110 53.21480 -2.32826
C 55.00410 49.97260 -2.18185
C 62.24230 54.44740 -1.93010
C 58.93710 53.75930 -2.21795
C 69.20480 58.68180 -1.16501
C 66.18790 58.28200 -1.52663
C 62.92050 57.58530 -1.90267
C 59.81360 56.90390 -2.25309
C 56.64260 56.13190 -2.23766
C 70.27080 61.90630 -1.42192
C 67.13080 61.34570 -1.64793
C 63.93170 60.66340 -1.89290
C 60.84220 59.98220 -2.18131
C 70.97740 65.31040 -1.54420
C 67.97180 64.36850 -1.55529
C 64.79600 63.77630 -1.75956
C 68.86910 67.58970 -1.40796
C 65.66450 66.87730 -1.56344
H 72.16040 56.92280 -0.62516
H 54.65720 62.88560 -1.72026
H 51.92320 62.39300 -0.86287
H 48.99490 63.07450 -0.40428
H 60.54080 66.64020 -0.20253
H 57.29470 65.90770 -0.38175
H 61.67800 69.60960 0.28394
H 55.24180 48.50400 -0.70232
H 64.53380 47.49250 -0.56020
H 69.70540 50.13720 -0.23244
H 65.13340 50.50660 0.00196
H 72.36930 53.58070 -0.99698
H 50.94360 49.99950 -0.61500
H 50.59840 53.32470 -0.81245
H 50.24430 56.53600 -0.88781
H 49.75640 59.94780 -0.79767
H 61.83260 49.53250 -0.54807
H 58.49850 48.95650 -0.73612
H 65.75260 53.63130 0.44460
H 62.68370 52.70400 -0.20578
H 56.53760 51.36790 -0.74199
H 69.32640 57.11090 0.75002
H 66.22180 56.68440 0.32318
H 54.02350 53.51890 -0.70964
H 70.53180 60.06500 0.42189
H 54.79540 56.68170 -0.52767
H 71.49850 63.35080 -0.07959
H 55.85200 59.95240 -0.63924
H 52.80000 59.36490 -1.13800
H 72.25130 66.32670 0.46516
H 60.00140 63.62150 -0.54490
H 57.15550 62.95890 -1.43265
H 70.14050 68.71610 0.42318
H 63.86710 67.30740 0.11078
H 67.87900 70.97600 0.62555
H 64.88300 70.29290 0.27881
H 54.08860 65.71540 -0.76339
H 50.79280 65.34770 -1.07599
H 58.44510 69.09000 0.02785
H 55.32150 68.60770 -0.08882
H 52.21870 68.25720 -0.44458
H 56.37710 71.61600 0.49720
H 53.27720 71.18360 0.14146
H 50.14840 70.72060 -0.25718
H 71.26820 47.45940 -0.34742
H 67.89370 47.58010 -0.54940
H 72.86820 50.32120 -0.55892
H 59.54610 51.91850 -0.72992
H 63.34010 55.84340 -0.23895
H 60.27910 55.05930 -0.60077
H 57.16370 54.39440 -0.56247
H 67.33240 59.66200 0.11174
H 64.16070 58.91180 -0.29535
H 61.03770 58.17190 -0.51995
H 57.99000 57.48140 -0.72623
H 68.38770 62.61770 0.08723
H 65.19750 61.93880 -0.23324
H 62.00100 61.21690 -0.38965
H 58.94170 60.46600 -0.67986
H 69.19180 65.67000 0.15155
H 66.08750 64.98630 -0.07124
H 63.02510 64.24510 -0.15665
H 67.02110 68.08150 0.03576
C 53.83540 61.30050 0.09970
C 50.53040 61.64750 0.93744
C 59.07330 65.15850 1.21443
C 55.62990 64.11960 0.27477
C 48.50620 65.50670 -0.16565
C 60.18650 68.23210 1.65995
C 64.63200 71.94530 2.02655
C 61.29160 71.30080 2.10127
C 67.29590 49.66320 0.72125
C 63.73810 49.23970 1.14353
C 72.28160 52.39670 0.87376
C 69.86360 52.52410 0.45748
C 74.11780 55.30110 -0.11335
C 73.54060 69.42520 2.00284
C 51.99640 48.45280 1.21013
C 52.42980 51.94020 0.21645
C 51.26110 54.93630 0.85003
C 51.13190 58.13440 0.39641
C 60.40650 47.55230 0.07228
C 64.40340 52.38080 1.64645
C 61.19620 51.02320 0.94309
C 58.21230 50.51300 0.93072
C 71.49490 56.70250 1.79393
C 67.73040 56.12060 2.24998
C 64.68270 55.59210 1.84311
C 55.86010 53.02330 0.91620
C 71.67730 58.97090 2.33302
C 53.31310 55.23510 0.93988
C 57.34110 59.33630 0.88353
C 54.20050 58.35230 0.78946
C 61.42320 62.99580 1.24769
C 58.31810 62.35730 0.73079
C 71.87960 68.18590 2.22526
C 62.33910 65.94180 1.41747
C 70.35780 71.02870 1.30342
C 66.71590 69.74730 1.87915
C 63.52920 68.95460 1.83320
C 52.39870 64.41920 0.46024
C 56.99640 67.59270 1.44012
C 53.71610 67.13430 1.15102
C 50.55490 67.04200 0.78143
C 58.04340 70.57730 1.98363
C 54.80860 70.14450 1.74394
C 51.64970 69.89110 1.40213
C 71.23440 49.38610 1.21882
C 49.15050 49.66700 0.67504
C 48.79710 53.01160 0.83898
C 55.75530 50.02000 1.13438
C 61.97740 54.28400 1.13313
C 58.91960 53.63890 0.92400
C 68.76790 59.13390 2.04028
C 65.69110 58.70610 1.61911
C 62.74120 57.67220 1.21562
C 59.68920 56.77320 0.98072
C 56.66820 56.24330 1.04734
C 70.17210 62.16410 1.74823
C 66.81300 61.55170 1.58308
C 63.64460 60.68330 1.27078
C 60.52390 59.91320 1.10509
C 71.00810 65.14340 1.77133
C 67.72220 64.33310 1.63670
C 64.66910 63.62570 1.45189
C 68.67410 67.42180 1.81467
C 65.68340 66.73730 1.64268
C 71.03790 87.56870 -1.64394
C 67.96460 87.75970 -1.60156
C 65.51200 88.42510 0.35651
C 62.34670 89.83370 0.75249
C 61.84260 92.57550 0.56509
C 58.79110 92.87580 1.58843
C 58.01970 -1.27286 0.96452
C 49.48810 76.67090 0.23895
C 51.46760 78.16310 2.94836
C 55.86890 81.03150 0.19614
C 61.08010 85.22420 0.39538
C 49.78770 91.07930 2.37568
C 60.50210 88.22100 1.01105
C 57.49400 89.20350 1.66688
C 52.52790 92.22000 2.92360
C 59.21730 91.55200 3.31022
C 55.11420 95.03190 2.63031
C 65.78910 75.94270 -0.16576
C 49.32270 72.98120 -0.79997
C 63.32150 77.34880 -0.65674
C 53.97010 76.13320 -0.29314
C 51.01160 75.94100 -0.10805
C 64.68670 80.34170 -0.59070
C 61.60300 79.88520 -0.19734
C 58.65150 79.48960 0.10418
C 54.61080 79.31030 0.36899
C 66.41280 83.19390 -0.32342
C 62.76300 82.84460 -0.14119
C 63.46630 86.00320 0.17322
C 73.11870 72.86810 -1.23397
C 70.22200 74.51010 -1.29783
C 70.05590 77.99320 -1.10347
C 68.26320 75.19950 -1.51141
C 70.25710 81.26390 -1.26800
C 70.24370 84.37720 -1.18255
C 70.84170 90.38960 -1.19038
C 67.71960 91.11100 -0.69096
C 64.85270 91.94190 0.10171
C 69.94980 93.53000 -1.17840
C 66.91380 94.29750 -0.45175
C 63.97860 95.16610 0.17913
C 61.11830 95.91100 0.40942
C 72.27700 96.08670 -1.69986
C 49.72120 80.53870 1.32703
C 52.62050 81.93680 1.82334
C 49.75640 83.87910 1.12613
C 59.15590 82.61020 0.95925
C 55.38500 84.11920 0.82415
C 52.40090 85.43550 1.35184
C 49.86840 87.45810 1.27482
C 57.93990 86.05980 1.05306
C 55.19040 87.35650 1.55324
C 52.51820 88.96580 1.86947
C 55.06190 90.67740 2.38506
C 62.36490 74.58680 -0.65604
C 59.29970 74.14530 -0.64597
C 56.36390 73.74660 -0.77231
C 53.11200 73.31860 -1.10398
C 60.26710 76.94070 -0.14341
C 57.28580 76.73850 -0.13464
C 72.99390 76.13330 -1.21776
H 49.70560 95.29160 3.77174
H 68.99900 86.46530 -0.51413
H 62.46890 88.07310 2.65480
H 70.90600 88.65900 0.66602
H 67.67910 89.29490 0.51224
H 64.51540 90.31100 1.87189
H 61.54710 91.22260 2.65721
H 60.81730 94.25850 2.08390
H 57.67540 94.67180 2.92571
H 51.23850 80.48480 3.35913
H 54.96260 82.40990 2.09529
H 61.32800 83.28780 1.88547
H 57.61110 84.09980 2.00136
H 60.07180 86.20390 2.37460
H 59.54510 89.03250 3.14949
H 57.02940 90.43690 3.73727
H 54.31620 91.72390 4.57228
H 50.40270 92.62480 4.22185
H 65.76390 73.39460 0.12218
H 62.71940 72.56890 0.60208
H 63.74500 75.59110 1.00322
H 51.32630 73.61900 0.45799
H 65.20570 78.27230 0.89527
H 55.60530 77.18380 1.42161
H 52.53860 76.29770 1.88366
H 66.36160 81.12670 1.29378
H 63.22340 80.86860 1.31105
H 60.17200 80.56510 1.64673
H 57.61780 80.92360 1.76578
H 64.41180 83.81580 1.09515
H 71.45420 72.94660 0.17699
H 68.70930 74.14100 0.83724
H 68.02080 77.09820 0.18443
H 68.67820 79.78950 0.16334
H 71.96500 85.83500 -0.23630
H 68.81970 82.82880 0.03674
H 52.98400 94.55510 3.82620
H 69.82800 91.77030 0.58112
H 66.91560 92.56220 1.28587
H 63.82340 93.36770 1.86178
H 72.03070 94.19340 -0.11120
H 69.02270 94.94060 0.63124
H 66.10490 95.67530 1.43973
H 62.98830 -1.31174 1.92020
H 51.44810 83.83740 3.06280
H 54.44430 85.43310 2.83562
H 51.56160 86.97540 3.08540
H 57.10120 87.23400 3.08871
H 54.33300 88.58300 3.49057
H 51.57190 90.08900 3.76905
H 59.48860 72.06670 0.61392
H 60.73890 74.94410 1.11570
H 57.66140 74.60970 1.12437
H 54.54370 74.04600 0.83039
H 61.97200 77.98560 1.27145
H 58.79070 77.59220 1.72542
H 71.18330 76.21820 0.18344
H 71.48900 79.60020 0.13460
H 71.68740 82.79950 -0.01879
C 72.18900 86.95190 1.91567
C 68.98800 87.56590 1.80464
C 65.92100 88.49650 2.29884
C 63.32230 90.08450 4.03824
C 62.23970 93.02080 3.79296
C 56.16150 94.26090 6.16464
C 58.34550 96.26350 3.87859
C 49.70680 77.19430 3.40616
C 52.25960 78.52280 4.81455
C 56.00590 80.63460 3.51451
C 61.45440 84.57780 3.74500
C 49.23140 90.44970 4.51394
C 60.89620 87.35020 4.47664
C 57.91020 88.52460 5.03992
C 52.10710 91.51030 5.66674
C 56.53280 92.84720 4.36791
C 54.11350 93.74410 6.06366
C 65.66530 74.68660 2.39279
C 49.05500 72.65060 1.02023
C 64.00560 77.42810 2.62954
C 54.24720 75.42670 2.91202
C 51.40590 74.23950 2.88124
C 65.22450 80.28630 2.64458
C 61.97950 79.67160 2.99213
C 58.78410 79.24080 3.14540
C 55.18540 78.71500 3.45521
C 66.97100 83.60270 1.48852
C 63.45780 82.66390 3.00584
C 63.88430 86.10630 2.04738
C 73.12830 72.80490 2.01503
C 70.53570 74.52110 1.93917
C 70.08460 78.02340 1.44166
C 67.51750 75.83990 2.41543
C 70.28940 81.37320 1.42277
C 70.21260 84.56280 0.86039
C 71.52530 90.41660 1.84302
C 68.33820 90.81690 2.35212
C 65.45490 92.16310 3.26468
C 70.63380 93.54980 1.92245
C 67.76030 94.45760 2.69894
C 64.59780 95.19730 3.26499
C 61.53870 95.96760 3.80157
C 72.81510 95.99990 1.50704
C 49.48640 80.99120 4.67442
C 53.14440 82.14230 3.71359
C 49.41240 84.04090 4.35675
C 59.24740 82.46210 2.70377
C 55.99100 83.84690 3.86918
C 52.69710 85.26020 4.58246
C 49.45670 87.16160 4.34729
C 58.42990 85.34200 3.96318
C 55.32680 86.71350 4.75300
C 52.45100 88.22460 5.04239
C 55.20210 89.85880 5.46276
C 62.58220 74.14980 2.48600
C 59.38290 73.55760 2.60612
C 56.17920 73.13530 2.47739
C 52.95260 72.68800 2.09200
C 60.79570 76.61640 2.88244
C 57.37140 76.13110 3.07035
C 73.12240 76.43340 1.86196
C 89.95790 3.11012 -3.72825
C 93.90740 6.14310 -3.75767
C 90.32140 5.91352 -2.22007
C 95.51720 9.00390 -4.22870
C 83.26600 1.18221 -3.31860
C 79.88560 1.93607 -3.16178
C 78.85110 5.43863 -2.36853
C 76.15730 6.51709 -1.52989
C 74.96340 9.84966 -0.95042
C 73.66920 11.79070 -3.67616
C 74.72500 15.24460 -2.71506
C 76.44980 17.48570 -1.38695
C 77.28410 20.61490 -1.33101
C 86.68120 3.20406 -2.68202
C 83.47530 4.20526 -1.85552
C 81.74380 6.57449 -3.27515
C 86.32550 6.71537 -3.17992
C 80.60710 9.55548 -2.97513
C 77.78300 10.44990 -2.79703
C 91.92600 8.58769 -3.30608
C 88.94210 9.05470 -3.32628
C 77.20790 13.49040 -2.66267
C 95.42160 10.70390 -2.88991
C 79.85850 15.28930 -2.78479
C 0.57169 12.82980 -3.74096
C 81.13620 17.98160 -1.53842
C -0.59010 15.64650 -1.81917
C 81.01360 20.75040 -2.69363
C 95.61330 19.02540 -1.30597
C 92.80550 20.00730 -0.92817
C 90.00340 20.94520 -1.70707
C 86.84880 22.22860 -1.36890
C 0.57070 21.47040 -1.98020
C 95.77210 23.54670 -2.23166
C 0.64857 0.73276 -3.84930
C 95.05320 0.58238 -3.90878
C 91.78210 0.19907 -3.91106
C 88.32770 0.13416 -3.75106
C 96.03940 3.55486 -3.86194
C 92.94820 3.12801 -3.77975
C 0.04021 6.30960 -4.29303
C 80.62920 -1.32989 -2.98779
C 77.53690 -0.40770 -2.58019
C 74.35280 0.60547 -1.92900
C 76.83070 2.78219 -2.61927
C 73.80620 3.64943 -1.80552
C 74.06990 19.99580 -1.77380
C 74.96120 22.82100 -1.89134
C 83.33470 7.96027 -2.84599
C 85.99450 10.05930 -2.91683
C 83.14430 11.44300 -2.77034
C 80.25140 12.60050 -2.58158
C 91.15630 11.77050 -3.42283
C 88.34030 12.46630 -2.84287
C 85.48160 13.49580 -2.62930
C 82.70130 14.36720 -2.54504
C 94.01840 13.90120 -2.90437
C 90.84820 14.80220 -2.53197
C 87.76860 15.76250 -2.32058
C 84.86770 16.70280 -2.45528
C 93.26740 16.85820 -1.94368
C 90.45950 17.92620 -1.90414
C 87.20440 18.94850 -1.91744
C 84.22510 20.02990 -2.40918
H 90.08610 0.97472 -2.29153
H 91.48420 3.81770 -1.90281
H 88.55170 4.13521 -2.29124
H 95.72970 7.15634 -2.57415
H 92.61790 6.76802 -1.63616
H 85.69940 -1.17779 -1.91695
H 84.72790 2.00757 -1.93237
H 81.76450 2.43704 -1.51856
H 78.54870 3.30295 -1.56160
H 78.14360 6.04502 0.16749
H 74.69010 7.60586 0.25510
H 76.12500 15.02910 -0.97381
H 77.21900 18.96830 0.56341
H 78.31850 22.14910 0.45878
H 85.67350 5.19476 -1.39302
H 82.73730 6.46922 -0.96567
H 79.95860 7.68047 -1.91605
H 88.45330 7.29997 -1.75112
H 76.47950 11.78870 -1.06543
H 90.91560 9.74302 -1.88546
H 78.98890 13.86760 -1.01242
H 0.54047 10.61470 -2.20098
H 93.27070 11.97380 -2.30708
H 78.85210 16.98940 -1.17895
H 79.71630 20.04990 -1.18723
H 95.15190 16.73350 -0.32327
H 82.72400 20.97560 -0.82737
H 80.63150 23.01080 -1.36153
H 94.53020 19.61850 0.98226
H 91.59740 20.86240 0.37056
H 89.15840 22.31390 -0.29143
H -0.13895 18.84830 0.46433
H 95.83840 21.51190 -0.87133
H -0.97005 1.64736 -2.26740
H 93.32070 1.27642 -2.32884
H 0.39033 4.61425 -2.38923
H 94.50660 4.25255 -2.20156
H 74.36410 -1.39191 -0.37328
H 82.61340 -0.54328 -1.65563
H 79.53380 0.22107 -1.39333
H 76.41080 0.97674 -0.91937
H 73.46420 1.91773 0.05211
H 75.61150 4.22247 -0.79483
H 74.30620 18.07510 -0.24800
H 75.33560 21.22340 -0.05725
H 77.21680 8.76545 -1.02896
H 85.40180 8.25801 -1.40971
H 82.45730 9.58295 -1.33432
H 79.51690 10.80260 -1.15940
H 87.97510 10.48190 -1.45652
H 84.97180 11.53210 -1.22417
H 82.02410 12.67350 -0.97474
H 90.27030 12.77960 -1.26543
H 87.29270 13.69210 -1.01362
H 84.36800 14.77670 -0.83224
H 81.38530 15.65750 -0.83021
H 92.64620 14.73720 -0.86902
H 89.61360 15.90160 -0.69188
H 86.55250 16.93670 -0.60163
H 83.61890 17.90890 -1.06268
H 92.06770 17.82270 -0.00566
H 89.05050 19.06290 -0.25367
H 85.91440 20.08700 -0.53274
C 89.67560 2.72940 -0.59187
C 94.58220 6.04304 -0.47411
C 90.84440 5.67441 -0.40990
C 95.18390 9.11720 -1.02308
C 83.33330 1.12778 0.06815
C 80.26950 2.21069 0.02323
C 77.99720 4.30920 1.79414
C 77.00610 7.66697 1.34286
C 74.50220 9.98431 1.14716
C 71.87390 10.23730 1.35216
C 74.47490 13.13980 -0.82980
C 76.12820 16.75370 0.76002
C 76.78360 20.88630 2.02173
C 86.70040 3.32499 -0.63798
C 83.73120 4.70214 0.15437
C 80.70980 6.19600 0.11126
C 86.71190 6.87393 0.16843
C 80.59330 9.03899 0.11385
C 77.83150 10.65950 0.59952
C 92.39700 8.43639 -0.24230
C 89.43130 9.00132 -0.04457
C 77.19140 13.40140 0.58715
C -0.51280 9.76621 -0.05232
C 79.50490 15.50360 0.76704
C 2.19132 11.70730 -0.59152
C 79.26800 18.56500 0.88512
C -0.75023 14.78450 -0.18823
C 80.76340 21.45960 0.60818
C 95.69870 17.55830 1.98269
C 92.32580 19.16570 2.11956
C 89.34380 20.70300 1.58672
C 86.76760 22.13860 0.55236
C -0.78135 20.96000 1.46427
C 95.16850 23.25360 0.92405
C 0.74779 0.93795 -0.67952
C 95.02720 0.44781 -0.71952
C 91.79680 0.23564 -0.65481
C 87.70070 0.36262 -1.83665
C -1.05057 3.52536 -0.72360
C 93.26060 3.01895 -0.51958
C 0.27093 6.73621 -1.02025
C 81.04190 -0.88826 0.22201
C 78.09120 -0.09161 0.56347
C 75.15280 0.47557 1.14353
C 77.26160 2.89507 0.52630
C 74.39880 3.87062 1.33927
C 73.99970 19.59020 1.30537
C 74.72600 23.22130 1.17549
C 83.70320 8.30544 0.35576
C 86.29230 10.00850 0.17886
C 83.19550 11.10950 0.42201
C 80.12800 12.42860 0.53755
C 91.90040 11.39960 -0.19020
C 88.57160 12.11010 0.37671
C 85.53560 13.11870 0.57017
C 82.62110 14.33880 0.80873
C 93.58840 12.74840 0.21956
C 90.74320 14.23950 0.67217
C 87.69240 15.36370 0.79729
C 84.58740 16.53820 0.86195
C 93.23660 16.02940 1.17537
C 89.98250 17.34370 1.25184
C 87.01950 18.63920 1.11655
C 83.88900 19.65760 0.84778
C 82.48740 48.78870 -1.01610
C 91.92460 46.59460 -2.23097
C 0.68231 48.07930 -3.17690
C 85.49400 25.37910 -2.23897
C 81.59480 25.11630 -0.38191
C 90.39970 27.44440 -2.06482
C 87.26140 28.09720 -2.14514
C 80.74960 28.78540 -1.42057
C 89.27810 30.36140 -1.74048
C 79.52940 31.96740 -1.95233
C 91.38530 32.80270 -1.64327
C 78.76320 35.04240 -2.26631
C 93.31240 35.16840 -1.67703
C 80.83770 37.67230 -2.10597
C 95.33000 37.53620 -1.66062
C 82.86440 40.13680 -2.09076
C 85.02940 42.44740 -2.00885
C -0.60056 42.81580 -1.79287
C 93.46480 43.61560 -1.91550
C 89.85890 44.39170 -1.68465
C 86.66680 45.29880 -1.13897
C 84.52770 45.75070 -1.08325
C 96.06710 45.80350 -2.01258
C 78.22180 23.78800 -1.52675
C 78.90550 26.45350 -1.82551
C 77.37790 29.60580 -1.87938
C 75.57730 32.24660 -3.89978
C 75.49310 35.97210 -3.48464
C 77.56830 38.24260 -2.33568
C 79.51530 40.92280 -2.10068
C 81.53750 43.61800 -1.32796
C 79.84940 46.96040 -0.06874
C 83.11800 23.00090 -2.22169
C 88.42930 24.67590 -0.56843
C 93.68260 26.20950 -1.29083
C 90.10230 25.46350 -2.24894
C 92.58250 29.76460 -1.75642
C 94.61210 32.26820 -1.48096
C -0.84109 34.69110 -1.30424
C 84.24800 28.29990 -2.34181
C 86.11860 31.00830 -1.83246
C 82.80210 31.49180 -2.08241
C 88.24390 33.37270 -1.66973
C 85.02950 33.83080 -1.71899
C 81.94000 34.35340 -1.92819
C 90.07190 35.67320 -1.75299
C 86.96670 36.15950 -1.79328
C 83.93950 36.89250 -1.94144
C 92.29650 38.34820 -1.74076
C 89.17100 38.75220 -1.71218
C 86.10180 39.48320 -1.84778
C 0.28111 39.94400 -1.51221
C 94.50360 40.77050 -1.65606
C 91.27310 41.40090 -1.66815
C 88.20110 41.76440 -1.79293
C 76.03010 25.92300 -2.36722
C 74.45880 38.46870 -2.39613
C 76.22350 41.04770 -2.23001
C 77.97430 44.09120 -1.98645
C 74.58230 44.06030 -2.00939
C 76.58440 46.84760 -1.44211
C -0.02420 26.24560 -1.65953
C 95.81200 29.26980 -1.55924
C 0.42380 31.83460 -1.13933
H 84.81180 48.16540 -0.53732
H 94.14710 47.10410 -1.17558
H 86.77220 26.00610 -0.81276
H 83.71610 26.48470 -0.54688
H 88.85820 28.39820 -0.33009
H 82.53860 29.58040 -0.97912
H 79.12620 30.38410 -0.06708
H 91.03990 30.89460 -0.11197
H 80.46010 35.74710 -0.63149
H 94.89300 35.87580 0.00982
H 82.59790 38.22720 -0.45090
H -0.46350 38.14540 -0.02627
H 84.59920 40.68110 -0.34840
H -1.18869 41.23840 0.04110
H 83.76890 43.68770 -0.35865
H 95.31100 44.15650 -0.38755
H 91.99020 44.89890 -0.43875
H 88.84540 45.55190 0.04245
H 85.81650 45.70590 1.16527
H 79.17490 25.14170 0.36930
H 77.20330 27.46750 -0.73785
H 74.82270 29.68170 -1.45398
H 76.47370 34.29290 -2.70691
H 77.46010 36.40380 -0.61122
H 79.29370 38.87420 -0.67252
H 81.39710 41.26100 -0.46629
H 79.39020 44.71620 -0.38315
H 84.88980 23.42790 -0.71675
H 93.85190 23.79810 -0.36697
H 92.12690 27.87760 -0.31097
H 94.15720 30.31030 0.05503
H 96.20550 32.87010 0.34226
H 85.66560 29.07830 -0.40494
H 87.82170 31.49060 -0.08498
H 84.51410 31.94290 -0.18932
H 81.34420 32.57930 -0.30655
H 78.23330 33.45610 -0.23129
H 93.02370 33.42400 -0.00003
H 89.86730 33.91630 -0.01642
H 86.63690 34.53010 0.01580
H 83.52180 35.08350 -0.22497
H 91.85270 36.47330 -0.19949
H 88.69300 36.90250 -0.13645
H 85.63280 37.60420 -0.32378
H 93.98030 38.94760 -0.16617
H 90.88250 39.51150 -0.15150
H 87.79950 39.98890 -0.16173
H 93.01750 41.97140 -0.07094
H 89.78980 42.53960 -0.05991
H 86.72220 43.02830 -0.18261
H 76.19530 24.40070 -0.40957
H 74.01630 26.62520 -1.23476
H 74.38270 36.27600 -1.14540
H 76.13250 39.15090 -0.59571
H 77.76360 41.91630 -0.60958
H 74.59150 42.01850 -0.61472
H 76.18490 44.67930 -0.30149
H -0.41287 24.42150 -0.28652
H 95.63990 27.44090 -0.33708
H 0.03043 29.90780 0.32651
C 84.27050 47.38060 1.93569
C 92.81430 46.83530 0.95393
C -0.26592 49.62570 0.01241
C 85.35770 25.12790 1.01352
C 81.30300 24.94710 1.55715
C 90.32580 26.76170 0.91674
C 87.04970 27.66240 1.11805
C 79.98060 28.58020 1.43456
C 89.21740 30.07320 1.38707
C 79.64120 31.90410 1.47277
C 91.28630 32.55500 1.50698
C 78.76390 35.25260 1.20178
C 93.11820 35.29480 1.56163
C 80.69050 37.65290 0.96689
C 95.13330 37.69360 1.51253
C 82.59950 40.27790 1.11562
C 84.95720 42.41610 1.39250
C -0.74359 43.22180 1.52429
C 93.57090 43.96950 1.26903
C 90.49330 44.44010 1.44641
C 87.48330 45.47080 2.24221
C 84.13420 44.18380 2.04730
C -0.26515 45.85890 -0.25141
C 77.41580 24.21740 1.77424
C 78.39830 27.21920 1.46329
C 76.85600 29.93740 0.01393
C 74.75490 32.23740 -1.96822
C 75.85860 34.59660 -0.12554
C 77.64710 38.24510 1.08308
C 79.38250 40.73850 0.93736
C 81.43290 43.54820 0.50845
C 79.52760 46.41700 1.74495
C 83.65870 22.58610 0.85929
C 91.40080 23.40790 0.14166
C 93.70950 26.23670 0.67369
C 90.26360 27.13470 2.71099
C 92.33560 29.27110 1.36319
C 94.24580 31.88560 1.56175
C -1.32315 34.81160 1.80040
C 83.71320 28.12900 0.91937
C 85.95900 30.69420 1.39225
C 82.54430 31.03850 1.10742
C 88.09670 33.35070 1.58764
C 84.79510 33.71590 1.45569
C 81.56310 34.51340 1.21999
C 90.18840 35.84840 1.49571
C 86.91440 36.46410 1.51881
C 83.89380 36.99100 1.25889
C 92.24070 38.24550 1.43903
C 89.17930 38.81570 1.44872
C 85.91100 39.46420 1.25896
C 0.86089 40.05400 0.54436
C 94.53190 40.75390 1.54016
C 91.25720 41.33410 1.48391
C 88.06620 41.79760 1.48494
C 75.53350 26.49970 0.76016
C 74.32990 37.83960 0.56474
C 76.14470 40.97160 1.07015
C 77.86920 43.67510 1.23488
C 74.46640 43.72390 1.22428
C 75.96640 46.40480 1.61811
C -0.65355 26.17870 1.48521
C 95.55770 29.05600 1.61094
C 0.12368 31.64290 2.05072
C 88.73740 47.77970 -1.12351
C 85.75860 49.59410 -2.00917
C 82.60650 50.84650 -0.89359
C 79.90800 52.25680 -0.80653
C 77.58650 54.24710 -1.88659
C 94.55730 48.64480 -2.20561
C 77.33520 57.44770 -2.06117
C 74.01110 58.56350 -0.09101
C 77.11390 60.59580 -1.65325
C -0.29002 53.32960 -2.00052
C 94.19510 54.91850 -1.82866
C 91.21070 56.23340 -1.79630
C 88.38270 57.63450 -1.76553
C 77.05470 63.82970 -1.40923
C 87.58410 60.52700 -2.21838
C 85.75390 62.88400 -1.17908
C 79.53290 65.65030 -1.17822
C 84.68000 65.99810 -1.19071
C 82.15390 67.88170 0.10177
C 85.87480 69.34990 -0.10295
C 77.90650 49.82160 -0.21924
C 76.22630 52.68430 -2.16396
C 81.96840 71.22500 -0.36375
C 79.31440 69.28060 -0.17500
C 76.45540 67.58280 -0.57931
C 73.87160 64.39520 -0.37419
C -0.52002 56.87800 -1.38211
C 93.59890 58.08240 -2.02919
C 92.66740 61.10780 -2.42884
C 91.87920 63.71040 -2.58284
C 90.41250 67.24380 -2.68571
C 87.62500 66.70210 -0.94141
C 88.96330 70.46150 -2.22031
C 90.92070 73.01420 -0.83706
C 91.56640 49.58980 -1.98413
C 88.40190 51.31700 -1.92901
C 85.55270 52.94680 -1.68819
C 82.67420 54.06850 -1.37382
C 80.09060 55.93070 -1.70041
C 94.01760 51.73490 -1.94472
C 91.19050 53.03680 -1.84173
C 88.54780 54.67460 -1.76908
C 85.60490 55.98040 -1.65368
C 82.78930 57.62700 -1.69796
C 80.01810 59.28340 -1.70401
C 85.74700 59.52330 -1.64973
C 82.71870 61.12620 -1.57858
C 79.88810 62.63170 -1.39418
C 82.39310 64.35130 -1.18704
C 74.77710 49.47100 -1.85717
C 76.25860 71.31300 -1.13466
C 95.87810 60.35790 -2.24990
C 0.66668 62.71970 -2.65821
C 94.79980 63.32430 -2.61956
C -0.41868 65.89070 -2.95478
C 93.77990 66.37370 -2.91751
C 95.63430 69.06930 -3.01442
C 92.23850 69.72770 -2.59444
C 0.40781 71.34220 -3.29331
C 94.32970 72.09350 -2.85293
H 83.07490 49.70100 1.42366
H 91.02840 47.97180 -0.32466
H 87.57740 49.82500 -0.23724
H 82.07480 52.80980 0.61030
H 79.17210 54.35960 0.06090
H 76.49060 55.89080 -0.23908
H 0.86032 48.00220 -0.73533
H 76.30620 59.09090 -0.58690
H 96.08740 51.67510 -0.34183
H 93.11120 53.25060 -0.24557
H 76.04840 62.12010 0.13222
H 93.03310 56.45090 -0.22886
H 90.19450 57.78480 -0.05095
H 87.62650 59.25540 -0.03788
H 75.86200 65.26170 0.32411
H 88.15110 62.16950 -0.44563
H 81.39060 65.60810 0.52743
H 78.55650 67.03230 0.50953
H 86.64840 64.89950 -0.14509
H 84.55500 67.35440 0.53549
H 77.48770 47.46540 0.78860
H 76.03960 51.08690 -0.24388
H 85.13200 71.70480 0.51465
H 82.77590 69.90510 1.50265
H 79.81930 71.34110 1.06541
H 77.01290 69.72640 0.57929
H 74.24860 71.23970 0.49612
H 95.85530 54.84520 -0.32871
H 95.38770 58.60310 -0.38586
H 92.25880 59.57340 -0.46700
H 91.31870 62.22610 -0.65119
H 90.44670 65.15760 -1.24106
H 89.33260 68.11150 -1.14404
H 91.14420 70.63320 -0.95491
H 88.02800 70.86860 -0.23807
H 84.87320 51.36130 -0.50618
H 93.36880 50.01860 -0.31151
H 90.44000 51.32120 -0.44441
H 87.58650 52.97290 -0.26756
H 84.67930 54.55580 0.02808
H 81.89000 56.00400 -0.03179
H 79.09900 57.54850 -0.23771
H 90.35220 54.64580 -0.16775
H 87.50010 56.05310 -0.09727
H 84.74640 57.76460 -0.15960
H 81.93630 59.30350 -0.10618
H 78.98700 60.81230 -0.03676
H 84.68290 61.03030 -0.11043
H 81.67460 62.42360 0.23859
H 78.74530 63.86420 0.37521
H 84.25970 64.08020 0.36000
H 74.48110 47.51180 -0.24266
H 0.18947 61.12930 -0.76447
H 94.42380 61.70380 -0.82563
H -0.78222 64.11360 -1.33163
H 93.57150 64.75020 -1.11317
H 95.60310 67.16740 -1.40084
H 92.46160 67.63500 -1.30431
H 0.22111 69.58680 -1.51601
H 94.40670 70.16300 -1.30220
H -0.88530 72.80050 -1.87463
C 88.71350 47.90120 0.75800
C 85.63500 49.86070 1.31157
C 82.81340 51.29350 2.58773
C 79.90360 52.04500 1.16558
C 77.13650 54.08430 1.45799
C 94.42290 48.30630 1.02696
C 77.05710 57.32970 1.21299
C 73.77170 59.22170 2.01058
C 76.88490 60.65440 1.40331
C -0.56083 53.32350 1.49367
C 94.03730 54.92690 1.37753
C 91.27570 56.12760 1.50409
C 88.30160 57.59330 1.60689
C 76.64220 64.05530 1.73765
C 89.86000 60.24480 -0.10165
C 86.18610 62.72080 0.94692
C 79.36620 65.57850 2.09920
C 85.41100 65.59460 1.89325
C 82.48950 67.40110 1.89289
C 85.20980 69.47440 1.87264
C 77.45630 49.74200 1.57971
C 75.64360 52.77100 1.51955
C 81.34550 71.26190 3.03211
C 79.06060 69.15180 1.75624
C 76.25010 67.51980 1.34089
C 73.76620 62.27960 0.38217
C -0.47968 56.87240 0.51952
C 93.53220 58.27190 1.34080
C 92.84840 61.47430 1.09314
C 91.91750 64.26690 0.55631
C 90.86780 66.96900 0.47128
C 88.93570 64.12910 -0.75913
C 89.61350 69.67030 0.84538
C 91.60410 72.40450 0.72692
C 91.44030 49.81250 1.25845
C 88.66700 51.40370 1.33332
C 85.72990 52.82010 1.33227
C 82.88390 54.56740 1.73262
C 79.91700 55.93160 1.54281
C 94.03930 51.67310 1.36231
C 91.21700 52.95840 1.29619
C 88.46430 54.40800 1.40849
C 85.66420 56.16200 1.52142
C 82.95010 57.69230 1.45237
C 79.98610 59.13300 1.43469
C 85.71270 59.41200 1.53701
C 82.83560 60.69670 1.57048
C 79.80700 62.15400 1.83595
C 82.49260 63.94890 2.00383
C 74.41670 49.51400 1.19652
C 76.16420 71.09120 2.23774
C 95.79490 60.48640 0.89577
C 0.44421 63.09870 0.56788
C 95.05970 63.65310 0.46281
C -0.50741 65.91040 0.23764
C 93.97910 66.67780 0.33240
C 96.02370 69.00220 0.19385
C 92.77930 69.42590 0.39542
C 0.53241 71.67860 -0.14013
C 95.13580 72.00050 0.26838
C -0.44946 95.57870 -3.89553
C 93.58080 95.69310 -4.11161
C 90.35700 95.11720 -3.91913
C 0.08724 78.81040 -3.93780
C 94.21290 78.99880 -4.04191
C 89.67250 80.97200 -3.43008
C 87.60740 83.49360 -3.20074
C 86.72360 86.53970 -4.34808
C -0.01741 90.08260 -4.08920
C 94.08000 90.13730 -4.02522
C 87.50440 89.73650 -4.07090
C 92.04330 92.65630 -4.00285
C 73.92780 89.39000 -1.71553
C 83.89250 89.70830 -4.14683
C 79.22030 91.25090 -2.27806
C 84.97060 92.95580 -3.29828
C 86.87100 95.14180 -3.73648
C 83.63830 95.81920 -3.35577
C 90.03460 76.25580 -0.31015
C 87.16600 73.21840 0.60914
C 83.78390 71.83750 -1.45040
C 86.84380 76.13110 -0.85636
C 87.67890 79.40990 -1.96638
C 84.75700 81.67760 -1.76357
C 84.28420 84.45130 -3.47792
C 82.17490 86.55460 -3.01418
C 80.68890 89.02280 -2.11443
C 76.70530 87.66830 -2.05493
C 73.59400 85.64830 -2.04936
C -0.89608 74.81320 -3.42262
C 93.02090 73.89310 -2.95431
C 94.02040 76.88350 -4.18207
C 96.05190 81.55110 -4.00642
C 92.65270 81.67380 -4.09762
C 0.15702 84.50380 -4.02034
C 94.38990 84.43870 -4.14114
C 90.94130 84.11850 -4.03232
C 95.84610 87.26160 -4.10852
C 92.47980 87.13320 -4.09718
C 89.47230 86.79970 -4.09449
C 90.78820 89.75340 -3.97463
C 88.80530 92.51680 -3.80467
C 76.37310 91.71640 -2.04743
C 73.11180 92.80460 -1.82860
C 81.58720 93.32080 -2.74956
C 78.44370 94.26470 -2.38479
C 75.50800 95.17230 -2.13914
C 84.46070 75.13880 -0.25988
C 81.52340 74.34300 -0.45207
C 78.88850 72.76480 -0.76832
C 84.62650 78.43850 -1.30124
C 81.74470 77.21680 -0.89897
C 78.81900 75.79330 -0.96736
C 75.89380 74.42800 -1.04663
C 81.81250 80.23520 -1.42098
C 79.00220 79.00760 -1.45335
C 76.06550 77.45940 -1.30818
C 81.85410 83.18060 -2.25373
C 79.05390 82.09480 -1.85404
C 76.26220 80.74120 -1.64113
C 73.27720 79.37890 -1.43619
C 79.35700 85.41420 -2.39528
C 76.44030 83.97690 -1.93792
C 73.49390 82.47450 -1.63537
H -0.59010 93.68380 -2.05736
H 93.75010 93.52920 -2.64319
H 91.92320 96.09980 -2.29178
H 88.70190 95.93720 -2.29371
H 0.05274 77.18150 -2.73403
H 95.79670 79.80950 -2.30749
H 92.58720 79.92090 -2.29418
H 90.01310 79.94850 -1.03936
H 88.28010 81.73390 -1.60713
H 86.05560 85.31650 -2.68907
H 87.87320 87.81500 -2.55524
H 95.51770 90.96340 -2.53872
H 92.34250 90.75990 -2.35479
H 89.08320 90.54500 -2.36120
H 85.82850 90.10920 -2.46673
H 90.44030 93.36550 -2.13955
H 78.94200 89.52930 -0.39112
H 75.94930 90.14680 -0.77509
H 72.90280 91.03280 -0.12352
H 83.09030 91.35100 -3.02202
H 81.10090 91.86680 -0.80171
H 87.13690 93.15060 -2.15646
H 88.16980 75.27980 1.09504
H 85.32150 74.40660 2.04647
H 88.22150 78.02990 0.14163
H 85.82570 80.06960 -0.60513
H 82.77320 82.17370 -0.19355
H 83.08150 85.09610 -1.31519
H 83.18130 88.32520 -2.18662
H 80.66900 86.94730 -1.03297
H 77.56330 85.76280 -0.69602
H 74.72180 87.29010 -0.71337
H 93.42440 73.02930 -0.65443
H 1.50791 74.79080 -2.53988
H 94.50480 75.66500 -2.02353
H 91.31030 74.91440 0.73760
H 95.13690 96.39460 -2.38708
H 0.08297 82.66670 -2.39126
H 94.32570 82.55660 -2.53808
H 91.21510 82.45440 -2.31966
H 95.89490 85.38120 -2.53929
H 92.65150 85.22780 -2.67459
H 89.34660 85.01990 -2.46263
H -0.11902 88.27740 -2.38084
H 94.09210 88.11680 -2.56138
H 90.89270 87.88940 -2.38165
H 78.16480 92.62070 -0.57436
H 75.18510 93.30670 -0.52773
H 83.54190 94.10030 -1.51224
H 80.50650 94.85490 -1.11849
H 77.47840 95.73990 -0.69882
H 82.35180 72.92660 1.46133
H 85.34110 77.20460 0.76896
H 82.57110 76.01490 1.08509
H 79.61050 74.39810 0.93849
H 76.90200 72.89970 0.63575
H 82.80400 79.04960 0.37524
H 79.74490 77.57940 0.44453
H 76.95610 76.07170 0.57130
H 74.03060 74.56110 0.47472
H 79.90820 80.75570 0.05056
H 77.08460 79.27020 0.09272
H 74.20050 77.76980 0.22984
H 80.17840 83.86960 -0.64689
H 77.28050 82.44400 -0.15631
H 74.44970 80.98520 0.07204
H 74.62420 84.21650 -0.25759
C -0.75939 95.78590 -0.50077
C 93.64060 95.35120 -0.67352
C 90.27730 95.25050 -0.61327
C 0.06557 78.86810 -0.72399
C 94.23480 78.87800 -0.67320
C 90.09680 82.34560 -0.15131
C 87.54730 83.85750 -1.23243
C 85.51500 87.65740 -2.09405
C -0.34672 90.01590 -0.68359
C 93.94410 89.82550 -0.76131
C 87.52210 89.50180 -0.81492
C 92.16020 92.65180 -0.66705
C 73.83390 89.23920 0.14714
C 82.36790 90.12100 -0.96038
C 79.49710 91.34910 1.07857
C 84.92400 92.13380 -1.45993
C 87.24350 94.96240 -0.51226
C 84.36040 96.14660 -0.19368
C 90.34060 74.88410 2.46993
C 87.27580 75.29380 3.44978
C 84.39950 72.51900 2.89817
C 87.24990 77.16920 2.37753
C 87.95900 80.53890 0.48383
C 85.05460 82.39880 0.07705
C 84.97610 85.06110 -0.36521
C 82.81460 87.16670 -0.03729
C 80.06010 88.07880 1.13061
C 76.97000 88.08240 -0.21665
C 73.91370 86.07960 1.19371
C -0.57046 75.15980 -1.09643
C 93.85650 75.16050 0.42755
C 93.00550 77.54420 -1.44351
C 95.90520 81.75960 -0.81613
C 92.89230 81.82090 -0.71041
C -0.13690 84.46540 -0.74797
C 94.23920 84.47400 -0.96720
C 91.05870 84.44800 -0.99190
C 95.65090 87.15730 -0.92479
C 92.63880 87.04750 -0.98521
C 89.25990 86.88580 -0.80636
C 90.83430 89.71880 -0.77558
C 88.79250 92.22750 -0.55838
C 76.41630 91.72960 0.95971
C 73.66390 92.82650 1.28761
C 82.19400 93.75660 0.38549
C 78.98750 94.46310 0.76939
C 75.88740 95.07490 1.06022
C 84.18570 76.60440 2.83096
C 81.29510 74.75790 2.70746
C 78.56450 72.82460 2.50358
C 84.93560 79.49980 1.52413
C 81.57510 78.07550 2.10207
C 78.74890 76.28900 2.24877
C 75.82280 74.60850 2.13966
C 81.71270 80.94300 1.67551
C 78.86040 79.45900 1.79750
C 76.05890 77.88760 1.89629
C 82.17500 84.29860 0.79593
C 79.21030 82.73150 1.31627
C 76.35500 81.09160 1.62456
C 73.21520 79.53960 1.75313
C 79.40540 85.80730 0.77148
C 76.66180 84.40700 1.20649
C 73.63070 82.87800 1.50854
