2979
Frame 169
C 12.78110 95.33450 -2.06724
C 14.07700 1.04428 -2.03397
C 12.05290 2.87261 -3.48124
C 10.72470 6.42703 -3.93065
C 8.08252 9.23942 -3.56375
C 4.85496 8.66615 -4.56785
C 2.98692 8.78227 -5.49987
C 24.03650 0.45122 0.29883
C 22.28930 4.17800 0.67346
C 25.26150 5.98334 -0.55428
C 24.89130 11.73950 -0.62117
C 19.92560 0.88487 -1.61483
C 16.11860 -0.98298 -0.48414
C 19.55030 4.19790 -1.60567
C 22.89320 8.70932 -0.82264
C 19.93030 7.44677 -1.38227
C 14.16920 4.57990 -1.78222
C 23.48880 13.41830 -0.14224
C 14.43040 8.34520 -2.51166
C 23.14520 16.24760 -1.12340
C 11.77320 10.50340 -2.54761
C 22.96510 19.67170 -1.03285
C 12.66980 13.59160 -1.97938
C 9.48060 12.73760 -2.43912
C 23.21420 22.76250 -0.89212
C 14.50430 17.71580 -0.89015
C 11.29300 16.09760 -0.52361
C 14.56600 21.31590 -0.16912
C 20.80550 -0.96874 -1.33751
C 5.69097 10.80740 -2.23347
C 6.66536 14.24060 -1.77436
C 3.56967 14.15440 -2.37283
C 8.23523 16.76790 -1.11909
C 2.24784 17.10580 -2.59142
C 9.73382 19.22080 -0.81190
C 11.32300 21.86670 -0.74778
C 9.49801 94.88110 -2.90155
C 10.81700 0.46909 -2.97948
C 7.47192 0.15394 -3.72009
C 4.14127 -0.09940 -3.92338
C 8.81449 2.86892 -4.04521
C 5.60875 2.75188 -4.26828
C 2.23657 2.50910 -4.17701
C 7.17434 5.53211 -4.70092
C 3.91666 5.35869 -4.66403
C 16.84390 2.58376 -1.85767
C 17.22450 6.13619 -1.90146
C 20.60640 11.01790 -0.12198
C 17.50290 9.45996 -1.58605
C 20.65410 14.36460 -0.79770
C 17.86020 12.77170 -1.13792
C 14.96020 11.50400 -1.86193
C 20.41970 17.89210 -0.84156
C 17.76910 16.07150 -0.85341
C 15.14040 14.74370 -1.26402
C 20.37920 21.13850 -0.79105
C 17.49050 19.39310 -0.75344
C 5.21160 17.05120 -1.72644
C 6.69449 19.60370 -1.16507
C 3.49455 19.79900 -1.73661
C 8.21048 22.15870 -0.85217
C 5.10778 22.42510 -1.17137
C 2.12728 22.54550 -1.59359
H 13.62390 -0.56826 -0.14125
H 11.89890 1.79791 -1.16575
H 10.38750 4.26670 -2.56839
H 8.40115 6.88623 -2.92951
H 2.02179 6.34928 -3.07391
H 3.81479 9.10290 -2.24760
H 22.70730 1.92706 1.90774
H 24.69440 4.25106 1.17707
H 23.09990 6.63169 0.74471
H 24.61410 9.62494 0.89434
H 25.19470 15.39180 0.34657
H 20.30150 2.65276 0.31339
H 17.62120 1.04348 -0.45715
H 20.31260 5.64883 0.39706
H 14.81930 2.64175 -0.32094
H 15.18890 6.45246 -0.95450
H 21.45730 13.04060 1.30001
H 12.55920 8.41020 -1.39000
H 23.98300 17.95350 0.67404
H 21.38640 16.26800 0.66156
H 9.88132 10.70130 -0.65737
H 24.06860 21.00660 0.72947
H 10.46040 13.78130 -0.78010
H 12.93500 17.87470 0.21556
H 9.66308 17.45870 0.75122
H 22.15460 -1.00037 0.72876
H 1.53256 12.79360 -2.98257
H 7.24031 12.22230 -1.19616
H 3.92655 12.16380 -0.91056
H 7.81716 14.82420 0.50928
H 6.45322 17.64960 0.30304
H 11.21600 20.07820 1.19771
H 8.10741 20.28240 0.72752
H 10.67810 96.11570 -1.06805
H 7.40329 95.74240 -1.92873
H 4.20413 95.47360 -2.12396
H 0.98126 95.10600 -2.22816
H 8.84096 1.37482 -2.03717
H 5.62310 1.10127 -2.37775
H 2.46589 0.82947 -2.36536
H 7.05034 3.98368 -2.77465
H 3.82313 3.69304 -2.77258
H 5.24143 6.49883 -3.31547
H 17.59610 4.31431 -0.13986
H 20.79070 8.65607 0.56086
H 17.92010 7.58275 -0.01207
H 18.21190 10.81270 0.38170
H 15.38400 9.51631 -0.41327
H 18.58330 14.57420 0.53353
H 15.76900 12.84410 0.06856
H 12.90610 11.57130 -0.54753
H 21.30940 19.47950 0.79805
H 18.57120 17.76190 0.85972
H 15.76340 16.20300 0.67965
H 13.13080 14.64330 0.16198
H 18.52010 21.07570 0.84716
H 15.76710 19.35740 0.60252
H 4.75031 15.02600 -0.42977
H 1.64288 15.20410 -1.19502
H 3.31048 17.82040 -0.46060
H 4.89883 20.42340 0.16423
H 1.70763 20.57010 -0.26264
C 11.81250 95.52670 1.09869
C 13.07750 1.47626 1.00657
C 11.50620 4.01559 -0.27853
C 10.74910 6.78676 -1.98482
C 8.15683 9.09839 -1.51787
C 4.31630 7.74246 -0.45503
C 1.75021 8.26949 -3.45238
C 23.74570 0.22862 2.09271
C 23.63580 2.84584 4.08164
C 24.36630 6.04174 2.91818
C 24.73550 11.68510 2.47028
C 18.87790 0.95809 1.81411
C 15.36970 -1.22419 1.38626
C 18.91930 4.14515 1.94152
C 22.65050 8.67309 2.26175
C 19.28930 7.31270 2.01539
C 13.58850 4.66686 0.07036
C 23.16780 12.85850 3.14329
C 13.97540 7.82092 0.77075
C 23.30600 15.88600 2.15113
C 11.43540 9.80641 0.69275
C 23.08060 19.63200 2.49359
C 11.84560 12.89810 1.20134
C 8.81023 12.57850 0.78273
C 23.29990 22.83860 2.23866
C 14.62700 17.80630 2.21778
C 11.60000 16.02410 1.41489
C 14.43250 21.13790 1.72620
C 20.04150 -1.04085 1.80142
C 5.74289 11.81430 0.78289
C 5.74253 13.72670 1.35273
C 2.78572 13.87740 0.53075
C 7.74158 16.35140 2.01319
C 1.32137 16.84150 0.57334
C 9.21215 19.08260 2.55419
C 11.23370 21.82610 2.56557
C 8.71763 95.19280 0.11295
C 10.10080 0.86540 0.14310
C 7.15309 0.46122 -0.52379
C 4.09529 0.13715 -0.67711
C 8.53482 3.52413 -0.86930
C 5.49619 3.12839 -1.06432
C 2.40944 2.87664 -0.97484
C 7.02765 6.19103 -1.45569
C 3.86019 5.82429 -1.34787
C 16.24610 2.70999 1.26255
C 16.45800 6.02113 1.16253
C 20.33290 10.86310 1.74202
C 16.99450 9.33691 1.53602
C 20.39230 14.63860 2.35471
C 17.53160 12.71900 1.83147
C 14.50260 11.05410 1.27219
C 20.49880 17.79640 2.41202
C 17.61310 16.06210 2.32978
C 14.90640 14.41360 1.87165
C 20.36830 21.12670 2.38298
C 17.52690 19.33820 2.38353
C 4.50018 16.65000 1.31546
C 6.20449 19.34480 1.96493
C 3.01299 19.36490 1.35471
C 8.03830 22.10560 2.35586
C 4.74714 22.11600 1.98130
C 1.51182 22.23140 1.49452
C 22.87700 26.05060 -1.13277
C 20.18890 28.16420 -0.54287
C 15.25880 24.85940 -0.21326
C 18.76880 29.56950 -1.30347
C 23.13490 29.12300 -0.96993
C 24.14370 32.08520 -1.69371
C 23.76480 35.55340 -1.97003
C 25.92300 45.84350 -2.95522
C 22.43470 44.35650 -1.55273
C 21.33820 31.78840 0.74560
C 19.16440 32.90070 -1.70556
C 15.03490 27.90350 -1.72491
C 19.46270 34.99880 -1.57690
C 13.16340 34.16370 -1.47564
C 20.41300 38.26860 -1.55569
C 10.74240 36.41460 -1.10923
C 21.67390 41.44840 -1.67835
C 18.47350 41.01150 -1.51650
C 8.97888 38.86450 -1.55718
C 4.37954 38.71970 -2.45916
C 16.31310 43.39090 -1.48262
C 2.89990 42.36780 -1.93956
C 14.19390 45.55230 -1.62947
C 5.27364 44.11070 -2.39254
C 3.03539 46.53560 -2.60685
C 13.28510 24.49240 -0.68412
C 12.01180 27.67920 -0.62310
C 12.55270 31.23150 -1.39382
C 9.86339 30.21330 -0.94428
C 9.53308 33.23270 0.30546
C 5.83480 33.42590 -0.51044
C 7.82399 36.09460 0.93429
C 1.65205 35.98030 -1.05914
C 20.46080 24.41010 -0.65613
C 17.74510 22.87150 -0.58191
C 17.87090 26.13020 -0.20642
C 16.24260 34.81280 -1.79006
C 17.19420 38.08370 -1.57838
C 14.24280 37.29570 -1.42251
C 15.19580 40.39180 -1.42439
C 12.06700 39.49240 -1.50047
C 13.10630 42.69500 -1.55952
C 9.88188 42.13080 -1.77731
C 6.86571 41.57210 -2.03201
C 11.06320 45.17050 -1.76332
C 8.01916 44.57760 -1.87874
C 6.05657 47.20310 -2.10993
C 9.91109 24.77210 -0.80711
C 6.70100 24.98480 -0.90894
C 3.46123 25.13170 -1.10656
C 8.30494 27.57720 -0.89745
C 5.04694 27.82280 -0.91453
C 1.93030 28.06140 -0.96133
C 6.77291 30.47910 -0.83808
C 3.75953 30.66610 -0.72354
C 2.69765 33.37370 -0.70462
H 1.08386 42.68680 -0.08543
H 24.10810 24.15630 0.14147
H 21.59040 25.91820 1.03344
H 15.96920 22.93200 1.06226
H 18.96410 27.59640 1.59905
H 16.25480 26.12550 1.86262
H 16.71250 28.39310 -0.44753
H 24.35700 27.44400 0.35211
H 24.61800 30.58650 0.39298
H 21.76340 29.27030 1.13503
H 24.06120 40.59810 -1.85192
H 24.86820 43.77970 -1.88307
H 22.72090 42.63740 0.22022
H 20.50510 44.99360 0.06027
H 19.87740 33.84640 0.66302
H 16.96550 33.11450 -0.54600
H 14.00870 32.57730 0.23307
H 20.89140 36.66970 -0.20889
H 11.58910 34.65680 0.41700
H 21.76370 39.71300 0.17643
H 9.17314 37.46800 0.57735
H 19.76750 42.16060 -0.11242
H 6.99929 39.79910 -0.11696
H 2.78459 40.09420 -0.96281
H 17.52220 44.54680 -0.14203
H 5.02452 42.41650 -0.61013
H 15.47490 46.98050 -0.15821
H 3.22077 44.68520 -0.98748
H 12.86230 22.73150 0.89128
H 9.75137 22.90440 0.84167
H 11.49330 25.61490 0.70225
H 13.64890 29.56300 -0.11709
H 11.21320 31.44860 0.68363
H 8.37994 31.15760 0.83852
H 7.22753 34.05420 0.84275
H 4.05414 34.23730 1.17859
H 0.97569 34.36700 0.67749
H 2.82299 37.16940 0.42580
H 21.35240 22.69310 0.79460
H 18.76380 24.32350 1.12568
H 23.55040 45.36250 0.39459
H 17.73370 36.15160 -0.11461
H 14.60790 35.43910 0.06574
H 18.71890 39.09040 0.09076
H 15.58430 38.56860 0.24642
H 12.39060 37.74440 0.16680
H 16.65870 41.54400 0.21003
H 13.36010 40.89480 0.15100
H 10.25260 40.38780 -0.05905
H 14.44120 43.87740 0.12071
H 11.24840 43.35400 -0.19716
H 8.11215 42.82350 -0.32632
H 12.41990 46.41520 -0.13132
H 9.31213 45.85230 -0.20611
H 6.18217 45.36690 -0.51358
H 6.56660 23.09090 0.63964
H 3.37985 23.22680 0.40067
H 8.26188 25.80190 0.76469
H 5.03723 25.90540 0.59559
H 1.83223 26.04900 0.47643
H 10.00440 28.43070 0.66417
H 6.74170 28.55360 0.65980
H 3.54016 28.74040 0.80590
H 5.36978 31.43870 0.89263
H 2.17398 31.59500 0.89752
C 23.65870 25.82330 2.15704
C 20.83010 27.59130 2.80803
C 15.04460 24.17770 3.01887
C 16.66110 28.65020 2.19838
C 23.76140 29.02740 2.18508
C 23.50300 32.46470 1.54087
C 23.16030 35.62830 -0.10713
C 25.00020 43.37410 0.67216
C 22.07740 44.24180 2.00177
C 20.71680 31.02400 2.40097
C 17.83430 33.23580 1.90067
C 15.83050 30.89370 -0.31218
C 20.77240 35.17220 1.98857
C 13.52880 34.34220 1.95157
C 20.42230 38.24110 1.71793
C 11.08700 36.56770 1.93394
C 21.35560 41.45740 1.90170
C 18.41210 40.87220 1.72479
C 8.88823 39.18850 1.72886
C 4.79203 38.52270 -0.42003
C 16.17020 43.39840 1.77323
C 3.27867 41.59510 0.97448
C 14.12320 45.80410 1.55858
C 4.66998 44.18240 1.01034
C 2.34534 46.56850 0.52953
C 12.98240 24.44160 2.44335
C 12.39270 27.89660 1.22024
C 13.23100 30.97910 1.99436
C 10.01300 30.18340 2.41417
C 10.47090 33.27410 2.16707
C 5.64848 33.06850 2.71353
C 4.68929 36.03670 1.90175
C 1.05713 36.27530 2.11715
C 20.68640 24.24980 2.58563
C 17.77030 22.67590 2.64408
C 18.05620 25.65960 3.13346
C 16.54610 34.60870 1.44552
C 17.39450 37.80910 1.75831
C 14.21670 37.20800 1.74595
C 15.14710 40.43850 1.81500
C 11.89090 39.60770 1.67606
C 12.79620 42.79740 1.60562
C 9.72048 42.31260 1.39267
C 6.57927 41.54080 1.15459
C 11.02810 45.19200 1.41583
C 7.75086 44.70070 1.21425
C 5.68714 47.14680 1.05718
C 9.82486 24.81230 2.40819
C 6.56008 24.91040 2.22722
C 3.37798 24.96770 2.09375
C 8.33104 27.66570 2.31538
C 5.16113 27.63590 2.28617
C 1.74320 27.83380 2.25765
C 6.78434 30.21840 2.46913
C 3.73617 30.58240 2.45316
C 2.12959 33.38820 2.54149
C 20.34060 47.05450 -1.57695
C 17.27330 46.56300 -1.77885
C 15.13840 48.82410 -1.82041
C 16.56420 52.34330 -1.48930
C 14.11440 55.61570 -1.03863
C 17.03330 56.91670 -3.53006
C 20.17080 58.12010 -1.72304
C 21.88140 60.96100 -1.37048
C 23.91300 63.70780 -1.11544
C 18.92190 61.00550 -1.90350
C 16.44050 59.60020 -1.80164
C 13.65670 58.06530 -1.63144
C 10.37360 56.66120 -0.43036
C 22.23720 66.28200 -1.36958
C 19.89690 64.15830 -0.89623
C 10.62320 60.13450 -1.16744
C 23.05580 69.41650 -1.29088
C 11.29690 63.37160 -2.22542
C 11.50970 66.75370 -2.84864
C 9.03092 68.69000 -3.49286
C 13.69350 48.43440 -3.33446
C 7.19949 50.25440 -1.83146
C 3.83683 49.65810 -2.21848
C 11.16260 53.99930 -1.53478
C 8.07511 53.12530 -1.66741
C 4.96312 52.66160 -1.95535
C 1.63808 51.94330 -2.18727
C 7.24846 55.94360 -0.36886
C 8.44828 57.96740 1.69019
C 7.14963 60.47610 -1.93086
C 9.23219 62.87340 -2.19858
C 8.16647 65.80580 -2.82761
C 6.87353 68.58590 -3.70492
C 23.48510 47.17910 -1.26001
C 21.64790 49.69450 -1.33532
C 17.95190 49.71160 -0.56515
C 23.27640 52.44880 -1.29861
C 19.82250 52.50590 -1.42410
C 21.65680 55.21190 -1.57444
C 23.35060 58.14840 -1.27388
C 16.59480 63.46700 -2.16026
C 14.02720 61.38050 -1.30381
C 20.01870 67.86180 -1.75917
C 17.15670 66.46840 -2.07960
C 14.05500 65.18040 -2.32596
C 17.59220 69.68110 -2.33912
C 14.59860 68.13190 -2.72314
C 11.99990 69.89780 -3.44358
C 12.16820 48.25630 -1.71829
C 9.20589 47.79030 -1.77976
C 10.41100 50.98270 -1.41835
C 3.29124 55.41230 -1.27892
C 5.22822 58.16560 -1.70885
C 1.98783 58.59790 -2.25846
C 3.85091 61.10980 -2.31017
C 6.09535 63.43230 -2.56444
C 2.79399 63.98250 -2.84963
C 4.85837 66.26830 -3.28623
C 1.55173 67.12180 -3.46271
C 3.74966 69.33350 -3.97743
H 1.96887 50.09150 -0.46506
H 18.60890 47.43650 0.10353
H 16.23660 51.01460 0.53656
H 15.49360 53.94330 0.13102
H 16.04460 57.13150 -1.58929
H 21.55750 59.06630 0.17918
H 18.45280 59.14270 -0.33202
H 23.30020 61.79030 0.40865
H 14.51240 56.74500 1.14026
H 12.19760 55.13600 0.38439
H 21.99530 64.43390 0.23501
H 20.04620 61.93510 0.05668
H 16.92890 61.64200 -0.63820
H 14.78730 59.44070 -0.00439
H 11.86810 58.29240 0.07976
H 23.28790 67.45850 0.25966
H 11.85840 61.98580 -0.38138
H 12.07030 65.37450 -0.77108
H 9.57363 67.33640 -1.51041
H 9.96689 70.44200 -2.12696
H 13.53370 49.48900 -0.02252
H 4.17117 47.74970 -0.72611
H 11.45780 52.01210 0.08492
H 8.34996 51.37260 0.05756
H 5.21485 50.70100 -0.40291
H 9.24251 54.50400 -0.01407
H 6.23366 53.72870 -0.07707
H 3.13119 53.03710 -0.46103
H 7.28874 55.57330 2.19414
H 6.74794 59.07640 0.18115
H 8.69282 61.46550 -0.31560
H 7.67256 64.32290 -0.88047
H 6.53483 67.18480 -1.76466
H 5.49911 70.20470 -2.45037
H 25.03220 47.98230 0.43762
H 21.73990 47.86930 0.28140
H 23.21300 50.65170 0.34576
H 20.05270 50.63680 0.26114
H 21.56500 53.42240 0.13377
H 18.41690 53.21560 -0.09778
H 23.11990 56.20600 0.21493
H 19.87410 56.17970 0.09766
H 20.30790 66.31420 0.04674
H 17.64200 64.79850 -0.34968
H 14.70740 63.62300 -0.57762
H 20.85540 69.42180 -0.09885
H 17.96210 68.11810 -0.51146
H 15.08300 66.72890 -0.72638
H 15.43970 69.85340 -1.22186
H 12.51020 68.56890 -1.44128
H 10.43540 48.93260 0.01780
H 7.31720 48.33810 -0.34195
H 4.91201 56.55890 0.20053
H 1.59508 57.08260 -0.76103
H 3.54078 59.44090 -0.48341
H 5.58124 61.94620 -0.73045
H 2.48052 62.52390 -0.90848
H 4.47773 64.86170 -1.34311
H 1.36262 65.48350 -1.60599
H 3.45410 67.83130 -2.04560
H 2.33866 70.80110 -2.58245
C 20.17700 46.83470 1.91088
C 17.02760 46.40870 1.65068
C 15.07840 48.95340 1.41360
C 16.87240 52.63860 1.82424
C 13.96390 54.49030 1.98439
C 17.43090 55.45460 -0.29029
C 19.69400 58.28170 1.63146
C 21.44760 60.96160 1.77155
C 23.50710 63.73300 1.95748
C 18.19350 60.99190 1.32597
C 16.55680 58.02290 0.77393
C 13.42820 58.81700 1.92679
C 12.25140 56.90490 2.11711
C 21.87040 66.21590 1.84395
C 19.65060 64.19010 0.84066
C 10.52260 60.21820 0.75327
C 22.53780 69.31940 1.68649
C 11.15350 63.73950 1.00040
C 11.28010 67.27050 0.32855
C 8.88685 69.25510 -0.25224
C 13.99740 51.95120 0.19245
C 6.75322 50.02420 1.35943
C 3.46637 49.47110 0.97752
C 10.74450 53.83330 1.82440
C 7.97141 53.14670 1.65362
C 4.75406 52.33330 1.35657
C 1.56850 51.89850 1.21355
C 5.18114 55.45430 2.49718
C 7.97486 57.57690 3.65476
C 6.75968 61.00060 1.24718
C 8.98911 63.43810 1.04640
C 7.97871 66.30210 0.09189
C 6.84812 69.30020 -0.58977
C 23.30510 47.13710 2.00755
C 21.43190 49.76510 1.87962
C 18.06810 49.57810 1.29227
C 22.99370 52.52930 1.90590
C 19.91050 52.56300 1.76293
C 21.20310 55.36370 1.67609
C 22.92050 58.01970 1.95462
C 16.43590 63.27190 1.11705
C 14.03820 61.65730 0.71496
C 19.46910 68.07190 1.41788
C 16.78100 66.61530 1.01693
C 13.91090 65.32640 0.93659
C 16.91690 69.92380 0.73854
C 14.09580 68.62100 0.43744
C 11.66250 70.51410 -0.31005
C 12.10730 48.12640 1.60217
C 8.91221 47.65960 1.39239
C 10.05950 50.68820 1.74412
C 2.81608 55.28430 0.49302
C 4.60497 58.48880 1.60525
C 1.62162 58.64110 0.91770
C 3.76462 61.46700 0.87432
C 5.70610 63.97290 0.57775
C 2.66038 64.57420 0.27810
C 4.74707 66.97840 -0.15701
C 1.73600 67.58240 -0.33293
C 3.75665 69.89810 -0.79378
C 9.69963 89.26430 -2.34832
C 11.21820 92.48970 -2.35453
C 8.02025 92.15380 -3.04953
C 4.72617 91.60760 -3.42650
C 1.41148 91.53490 -3.89027
C 4.84122 74.71700 -4.75575
C 10.07530 77.56960 -4.14850
C 6.81779 77.66800 -4.77059
C 3.60739 77.64610 -5.14347
C 13.75270 83.36680 -4.87577
C 10.53200 87.33540 -2.36083
C 6.66991 89.09770 -3.13841
C 3.19685 88.99410 -3.80817
C 23.23620 79.97770 -0.80037
C 20.11360 80.87490 -1.41295
C 16.86380 82.86420 -2.64180
C 13.33510 85.26390 -5.45465
C 13.68240 86.83770 -2.44705
C 12.80460 89.67680 -2.15127
C 15.07260 92.26740 -1.68824
C 17.70510 94.10330 -1.61878
C 23.52300 94.77240 -0.68919
C 23.57090 72.78980 -1.24702
C 23.92450 76.24660 -0.42461
C 21.10430 77.70350 -1.38854
C 9.32148 71.62900 -4.25261
C 15.63970 77.90740 -3.66624
C 13.03460 76.07910 -4.45687
C 8.48637 74.67870 -3.92895
C 15.78250 81.13630 -3.17298
C 5.85424 71.78480 -4.38015
C 2.56019 72.60460 -4.23645
C 5.97659 94.54450 -3.55091
C 2.74440 94.29010 -3.73665
C 8.35168 80.54520 -4.64605
C 5.14678 80.56440 -4.91690
C 1.86558 80.45670 -5.25263
C 10.31730 83.72020 -3.74652
C 6.56145 83.31520 -4.71951
C 3.38072 83.41960 -4.95474
C 7.94249 86.13220 -3.99781
C 4.91011 86.41530 -4.17563
C 1.64206 86.25010 -4.55803
C 22.55790 83.07090 -0.99540
C 19.65070 84.33710 -1.76315
C 16.77930 85.77240 -2.10330
C 22.09750 86.34280 -1.07481
C 19.20390 87.71240 -1.65496
C 16.05490 88.81570 -2.13750
C 24.51830 88.45290 -0.36521
C 21.63110 89.64180 -0.99644
C 18.55370 90.94380 -1.64613
C 24.08320 91.66380 -0.44262
C 21.05460 92.83120 -1.20145
C 20.55540 71.07960 -1.89109
C 20.87160 74.32730 -2.06680
C 18.16690 72.72120 -2.67774
C 14.97550 71.24170 -3.17589
C 18.19440 75.85220 -3.10629
C 15.60970 74.30120 -3.75208
C 12.26730 72.78580 -4.15380
C 18.41520 79.30500 -2.63930
H 10.91660 90.63900 -0.74935
H 7.77834 90.41310 -1.39787
H 12.38680 93.46210 -0.28133
H 6.02474 92.86440 -1.73844
H 2.86572 92.45900 -2.05663
H 6.43681 75.78410 -3.16710
H 3.30247 76.01610 -3.29133
H 8.23245 78.66350 -2.91339
H 9.77812 81.42350 -2.68258
H 12.53850 82.89750 -2.70636
H 8.86804 87.87080 -0.50178
H 4.67215 89.70590 -1.74025
H 1.38281 89.71990 -2.26773
H 22.61980 78.03540 0.50986
H 21.73270 81.32660 0.59195
H 18.60650 82.65900 -0.83753
H 15.73050 83.96630 -0.74245
H 14.52660 85.40430 -3.25203
H 12.18820 87.66720 -0.63969
H 14.50040 90.18440 -0.65749
H 17.04440 92.18130 -0.10038
H 15.10720 94.28830 -1.62935
H 19.73120 94.34190 -0.12253
H 23.95920 70.74560 0.19875
H 24.11390 74.11990 0.87587
H 21.60240 75.62550 -0.19930
H 18.73970 77.57660 -1.51704
H 13.31270 74.66880 -2.85483
H 10.35440 73.44190 -2.91176
H 7.54054 72.63750 -2.90804
H 16.02570 79.27050 -1.50506
H 13.20440 77.98710 -2.49047
H 4.50259 73.17500 -2.84931
H 9.18824 93.21410 -1.16535
H 4.99276 78.64460 -3.37165
H 1.73695 78.49660 -3.85246
H 6.60497 81.44310 -3.13871
H 3.32400 81.38250 -3.47240
H 8.03209 84.23420 -2.88582
H 4.84933 84.19610 -3.12818
H 1.64142 84.15970 -3.35420
H 6.29907 86.86120 -2.14497
H 3.05104 86.96390 -2.64306
H 24.72150 80.07140 1.14493
H 24.01730 83.44340 0.98615
H 21.14510 84.50420 0.24480
H 18.27730 85.83230 -0.21638
H 15.33590 87.08840 -0.56836
H 23.48280 86.63260 0.95929
H 20.65070 87.84170 0.31604
H 17.66970 89.05530 -0.25176
H 23.04420 89.91380 1.01229
H 20.06420 91.03680 0.35263
H 22.56790 93.05740 0.92245
H 21.31350 72.62030 -0.24122
H 18.40610 71.27790 -0.65012
H 18.62020 74.44500 -1.05730
H 15.87970 72.96580 -1.68985
H 12.87970 71.70410 -2.02832
H 15.94200 76.10040 -2.06319
C 9.00798 90.07230 0.68300
C 10.65140 92.61330 0.79244
C 7.47645 92.23060 0.17160
C 4.45436 91.61500 -0.26658
C 1.29580 91.36820 -0.44526
C 4.67009 75.18990 -1.43500
C 9.64987 77.83960 -1.05861
C 6.38575 77.72950 -1.52044
C 3.16264 78.02490 -1.90835
C 12.13780 80.26870 -2.54682
C 10.21930 87.17990 1.03386
C 6.48078 88.58740 -0.41424
C 3.02639 88.49260 -0.65734
C 22.53690 79.66310 2.24433
C 19.61600 80.62050 0.47321
C 16.52380 82.10940 0.58226
C 13.76660 83.69040 -1.40947
C 13.30320 86.11930 0.57295
C 12.38950 89.73590 0.79829
C 14.63780 92.56290 0.27842
C 17.65670 93.69930 1.47833
C 22.88680 94.79180 2.58840
C 22.89990 72.50900 1.74777
C 22.82860 76.06680 1.86933
C 20.33180 77.60570 0.43139
C 9.11789 72.38020 -1.01573
C 14.17090 77.49610 -0.89722
C 10.92570 76.80000 -2.33267
C 8.45166 74.79070 -2.08459
C 14.90710 80.70700 -0.03388
C 5.90027 72.24680 -1.07889
C 2.73562 72.80180 -1.07342
C 5.67725 94.86390 -0.33497
C 2.65573 94.37380 -0.53169
C 8.18985 80.72510 -1.29928
C 4.82898 80.51470 -1.73825
C 1.63031 80.16360 -2.11435
C 10.27110 83.84220 -1.81410
C 6.31732 83.21620 -1.42530
C 3.12902 83.09600 -1.67490
C 7.99201 85.63400 -0.79160
C 4.70256 85.77240 -1.13263
C 1.33189 85.69600 -1.39897
C 21.79870 82.84850 2.03382
C 18.96210 83.99320 1.27390
C 16.19400 85.50370 1.07829
C 21.32180 86.14690 2.00496
C 18.51640 87.48530 1.49790
C 15.64230 88.76440 1.13541
C 23.68440 88.34270 2.76800
C 20.87290 89.50380 2.12911
C 18.01160 90.61610 1.63617
C 23.33270 91.60920 2.79306
C 20.29550 92.85230 1.95144
C 19.89470 71.24960 1.28697
C 19.98240 74.29460 1.01819
C 17.15760 73.11560 0.41837
C 14.38870 71.75220 -0.12874
C 17.17860 76.24760 -0.05990
C 14.51050 74.67070 -0.68071
C 11.82910 73.61980 -1.04611
C 17.28010 78.44020 0.36723
C 38.44130 0.36495 1.61296
C 36.45750 0.19144 0.75738
C 39.63610 3.21203 1.92434
C 48.18330 9.27412 2.29062
C 45.36810 9.11591 2.39065
C 42.41650 8.57723 2.14364
C 43.14640 11.68000 2.05137
C 33.72320 -0.55570 2.07881
C 27.72570 0.34823 0.40173
C 35.90480 2.94809 2.15838
C 37.73700 5.74294 1.47771
C 39.36620 8.46154 1.45430
C 26.26270 8.77521 -0.28908
C 41.03160 11.10230 1.42745
C 39.79130 13.76830 0.44587
C 26.87010 14.38280 -0.72762
C 28.39120 17.22750 -0.47873
C 36.74900 19.81950 -0.33855
C 33.42770 19.90500 -0.27043
C 30.13500 19.73760 -0.54583
C 26.26040 20.43700 -0.26347
C 49.38110 10.96500 1.78621
C 46.32300 12.08690 2.28664
C 43.17250 13.40740 -1.07883
C 42.84120 16.88730 -0.84261
C 40.17520 18.97400 -0.97604
C 40.29950 22.00990 -1.18142
C 47.74580 1.28876 3.56133
C 44.68360 0.80698 3.14359
C 41.69590 0.51108 2.44100
C 49.08040 4.01933 3.27901
C 45.90220 3.65857 3.08283
C 42.90200 3.33749 2.64152
C 47.23010 6.40631 2.75499
C 44.10130 6.18466 2.59922
C 41.04770 5.95679 2.10944
C 30.77290 0.10983 1.26617
C 32.59100 2.84038 1.34446
C 29.44650 3.00112 0.65956
C 26.40920 3.02779 -0.06928
C 34.24650 5.59829 1.20796
C 31.14730 5.75305 0.81948
C 28.01170 5.81119 0.26148
C 36.11180 8.47537 0.90120
C 32.85370 8.41598 0.70360
C 29.59250 8.57092 0.21989
C 37.88250 11.22550 0.83159
C 34.61410 11.14720 0.38788
C 31.37980 11.32420 0.10871
C 28.30360 11.45410 -0.24803
C 36.12800 13.78890 -0.00614
C 33.03100 14.10350 -0.09769
C 30.00320 14.31300 -0.28320
C 37.97830 16.45470 -0.39150
C 34.84440 16.89940 -0.36865
C 31.65240 17.12570 -0.25997
C 49.14860 13.99610 1.01567
C 46.18790 15.32340 0.45025
C 48.92740 17.01960 0.00747
C 46.02990 18.58630 -0.61068
C 43.14060 20.43060 -1.18727
C 48.95240 20.08200 -0.86406
C 45.99610 21.72330 -1.47020
H 36.66350 0.84129 3.14106
H 40.96210 4.19655 3.79938
H 37.90730 3.91326 3.11649
H 48.77470 7.81915 4.16826
H 42.27870 6.99952 3.99250
H 46.74880 10.31620 3.96350
H 43.53880 10.01650 3.80521
H 30.56610 95.77790 3.18477
H 27.67490 95.76920 1.95691
H 32.25600 1.18893 3.06353
H 25.84490 1.30597 1.58785
H 33.92750 4.07812 3.13630
H 39.09390 6.81157 3.25155
H 35.85810 6.72732 2.73114
H 40.54810 9.60411 3.29989
H 39.30210 12.43390 2.63562
H 26.55410 12.55210 0.98628
H 40.79010 15.26990 1.60728
H 37.79790 14.86980 1.42546
H 36.57020 17.80600 1.19610
H 26.87930 18.12860 0.74611
H 34.70610 20.80220 0.96195
H 31.62280 20.53540 1.41498
H 28.64450 20.88850 0.56909
H 48.41660 12.83790 2.99853
H 45.43360 14.49280 2.74346
H 43.72150 14.81550 0.22354
H 42.09890 19.05300 0.07652
H 39.54670 20.73290 0.97647
H 24.76260 95.58210 1.21092
H 47.74540 -0.45358 5.24364
H 44.67380 -0.87474 4.94661
H 41.63010 95.99190 4.05320
H 38.67510 95.70630 2.96480
H 49.06740 2.48582 5.19092
H 45.87600 2.04256 4.87787
H 42.78160 1.60946 4.36810
H 39.68920 1.31925 3.50265
H 47.32460 4.90968 4.67483
H 44.10630 4.55275 4.42473
H 45.46270 7.43780 4.18574
H 28.94710 1.25703 2.32451
H 30.71440 4.05509 2.53740
H 27.62910 4.03590 1.87985
H 32.56970 6.82919 2.59048
H 29.31790 6.92037 2.09770
H 26.20580 6.96739 1.52872
H 37.49000 9.52657 2.57631
H 34.35460 9.57698 2.24864
H 31.09980 9.68530 1.96974
H 27.85550 9.72271 1.49494
H 36.07380 12.29350 1.99142
H 32.94430 12.40190 1.70107
H 29.71320 12.59540 1.44114
H 34.68030 15.15500 1.43146
H 31.49300 15.29660 1.41409
H 28.28900 15.33460 1.18101
H 33.32500 17.95320 1.28065
H 29.96740 18.03900 1.28498
H 48.04640 15.95680 1.95825
H 45.05650 17.44540 1.49852
H 47.83460 18.96370 1.02370
H 45.02900 20.47960 0.47634
H 42.25940 22.27950 0.28511
H 47.85690 22.03320 0.05570
C 38.11770 -0.05447 4.79949
C 34.86990 -0.58041 3.83800
C 39.14160 3.13676 5.06736
C 48.56730 10.05750 5.41801
C 45.20180 9.51365 5.56981
C 41.82650 8.98442 5.27769
C 42.65020 12.01510 5.04501
C 33.50880 0.62231 5.04702
C 26.99730 0.25620 3.49471
C 35.85380 2.89140 4.06971
C 37.28120 5.81961 4.57720
C 38.65720 8.80671 4.61369
C 26.05300 8.92704 2.97247
C 40.56320 11.65310 4.63258
C 39.13730 14.68630 3.57269
C 26.37970 14.50200 2.51005
C 28.24740 17.16950 2.81110
C 37.20100 20.29330 1.50273
C 33.40290 19.79480 2.99201
C 29.67160 19.98100 2.77932
C 26.34010 20.53830 1.59332
C 49.38320 11.86050 4.98094
C 46.25840 12.64120 4.26262
C 42.89350 14.20350 2.66194
C 42.65650 16.94120 1.31211
C 40.82490 19.42500 2.30054
C 40.57860 22.82280 2.07386
C 47.41900 1.46480 6.64698
C 44.17940 1.11811 6.29741
C 40.92220 0.57050 5.49336
C 48.91170 4.55202 6.51369
C 45.68070 4.04597 6.25066
C 42.35920 3.55613 5.78429
C 47.27850 7.10132 5.84785
C 43.90320 6.54293 5.81483
C 40.38860 6.13468 5.25297
C 30.23560 0.61815 4.35188
C 32.06880 3.30158 4.51605
C 28.78600 3.14300 3.82677
C 25.57670 3.12200 3.15986
C 34.08130 5.82185 4.39329
C 30.67600 6.07890 4.02696
C 27.44020 5.97025 3.38307
C 35.68270 8.61428 4.09820
C 32.59290 8.96190 3.84769
C 29.28210 9.01321 3.46961
C 37.42800 11.59600 3.97291
C 34.33440 11.66830 3.59250
C 31.14980 11.76200 3.32449
C 27.89470 11.76960 2.88944
C 36.19690 14.39630 3.18942
C 33.01380 14.41830 3.10910
C 29.74900 14.61100 2.96646
C 38.96450 17.04880 1.34331
C 35.18460 17.16570 2.84696
C 31.58290 17.25910 2.89472
C 48.97950 15.00170 4.02372
C 46.11590 16.27730 3.62482
C 48.72250 17.97420 3.11790
C 45.80330 19.25590 2.60363
C 42.95110 20.58810 1.86442
C 48.71170 20.98950 2.14301
C 46.00760 22.43180 1.64047
C 49.13170 29.68350 -0.67492
C 47.67860 32.56980 -0.69664
C 49.62320 35.58590 -0.66367
C 48.05350 38.08520 -1.06571
C 37.62180 23.44040 -1.45897
C 39.98260 25.87330 -1.12267
C 42.80950 27.15720 -1.81960
C 48.77500 26.71140 -2.20280
C 45.80010 28.55860 -2.41276
C 36.75320 25.42110 -1.68624
C 33.92800 23.70880 -1.26873
C 29.96020 23.05530 0.30721
C 40.50980 29.64610 -1.89895
C 37.48860 28.55230 -1.64846
C 28.32880 25.54530 -1.64368
C 44.24710 32.98970 -1.20164
C 41.09730 32.86490 -1.92341
C 25.70050 27.55360 -1.71830
C 42.11550 36.61700 -1.16282
C 39.35460 38.19470 -1.53434
C 37.20050 40.75050 -1.09520
C 34.60210 42.33250 -1.56656
C 31.35640 41.26370 -1.52708
C 27.78930 40.21640 -2.83693
C 24.73330 38.96670 -3.14930
C 24.46750 42.63790 -3.60747
C 31.75840 44.58080 -1.16497
C 28.42950 44.16730 -1.34783
C 32.92410 47.31820 -1.08347
C 46.01510 35.71190 -0.38208
C 44.96160 39.05530 -1.35092
C 41.80320 40.38600 -1.49315
C 47.29910 41.11960 -1.31593
C 41.18560 43.47340 -1.22156
C 38.13770 44.96360 -1.76046
C 35.20630 45.67130 -0.72255
C 47.01350 44.40980 -1.36971
C 42.98490 23.62180 -1.64242
C 48.78690 23.24090 -1.85833
C 45.87770 24.78070 -2.31596
C 34.40710 27.42790 -1.56456
C 31.46280 26.03790 -1.41705
C 38.02250 31.71500 -1.71655
C 35.14020 30.50060 -1.59219
C 32.00070 29.44260 -1.67808
C 29.01480 28.19220 -1.60711
C 38.59950 34.81530 -1.82896
C 35.58020 33.67900 -1.69382
C 32.64480 32.49540 -1.64206
C 29.41380 31.57770 -1.78108
C 26.14590 30.45940 -1.52216
C 36.32070 37.01790 -1.64928
C 33.33340 35.75330 -1.75867
C 30.21510 34.69280 -1.90622
C 26.91850 33.69750 -1.94018
C 33.85370 39.17670 -1.64125
C 30.94470 37.90890 -1.97216
C 27.18480 36.77030 -1.69604
C 29.80460 47.04780 -1.09721
C 44.27880 42.16330 -1.40405
C 43.93050 45.43220 -1.25741
C 40.95360 46.47180 -0.99652
H 47.81200 30.82840 1.23958
H 49.30730 33.64090 0.89376
H 48.00070 36.57040 0.92667
H 39.37470 23.88060 0.17262
H 42.19240 25.37460 -0.21501
H 40.94340 27.97260 -0.39802
H 47.54930 28.25010 -0.65815
H 44.57340 29.47990 -0.25466
H 38.01150 26.79400 -0.06166
H 35.01440 25.65290 0.05707
H 32.00040 24.47720 0.03824
H 41.81440 31.08460 -0.08118
H 38.74180 29.99270 -0.12020
H 29.66900 26.66160 0.23210
H 26.69580 25.54940 -0.24524
H 42.34100 34.21470 -0.59319
H 39.84970 36.15310 -0.24944
H 41.21240 38.54520 0.05404
H 24.83420 33.71810 -0.32709
H 37.91400 41.35450 1.34272
H 31.95320 39.26670 -0.07593
H 29.01230 38.14090 -0.81371
H 24.81590 37.54330 -0.92653
H 35.76950 43.52280 0.32043
H 32.73230 42.56670 0.02896
H 28.35360 42.40640 -0.17731
H 33.15940 45.53820 0.57424
H 29.94990 45.16150 0.50760
H 46.07180 33.39830 0.62714
H 44.16450 37.20970 0.16071
H 46.62070 39.39980 0.36679
H 43.60110 40.40960 0.17716
H 40.75560 41.61070 0.56739
H 38.57520 42.96270 -1.05747
H 46.25320 42.50450 -0.01662
H 45.01090 23.61930 -0.27238
H 47.71370 25.09990 -0.69369
H 44.93150 26.51570 -1.39661
H 35.66700 28.81710 0.10554
H 32.55950 27.76630 0.07870
H 39.31220 33.11230 -0.16943
H 36.28440 31.99370 -0.06283
H 33.23290 30.89890 -0.09196
H 30.13830 29.82400 -0.13695
H 27.18270 28.67380 -0.09278
H 36.82520 35.12710 -0.13565
H 33.75350 34.05080 -0.04021
H 30.69200 32.99800 -0.15432
H 27.57410 31.95340 -0.21349
H 37.41600 38.49470 0.01345
H 34.41930 37.28020 -0.10713
H 31.38690 36.13140 -0.24589
H 28.30130 34.98020 -0.33312
H 35.04670 40.48490 0.05191
H 26.74820 45.06210 0.38886
H 43.16900 43.63070 0.22340
H 40.32800 44.77200 0.77366
H 37.33750 46.12130 0.35091
H 45.79520 45.67510 0.36574
H 42.87930 46.79450 0.51261
C 49.30310 29.91810 2.38919
C 47.29670 33.08080 2.39514
C 49.48900 35.45460 2.51797
C 48.10600 38.39340 2.06909
C 37.63650 23.71730 1.87737
C 40.13520 26.08810 0.88991
C 43.24160 27.47300 0.31701
C 47.79070 27.02770 0.88667
C 46.00970 29.67880 0.73666
C 36.83810 25.54040 1.69766
C 34.30120 23.35920 0.66233
C 31.26420 22.69880 1.83772
C 40.79770 29.69580 1.37833
C 37.65080 28.57220 1.56757
C 28.64870 24.83190 1.48087
C 44.10860 31.87890 0.61639
C 41.21450 33.10620 1.42145
C 26.37750 27.28460 1.75228
C 42.00930 36.34600 0.83796
C 39.24840 37.83500 1.44539
C 36.68720 40.10130 1.87609
C 34.40960 42.13840 1.80398
C 30.57460 41.25160 0.27970
C 28.37100 40.03760 -1.02553
C 23.61970 38.74380 0.03668
C 25.92000 41.74030 -0.58579
C 31.73310 44.01450 1.81102
C 28.38010 43.83850 1.96016
C 32.88170 47.25330 2.28970
C 45.74570 35.71460 1.44634
C 44.62330 38.68770 1.69062
C 42.01030 39.77940 1.98598
C 46.46550 41.16510 2.03594
C 41.76610 43.41460 2.27322
C 38.03280 43.93770 1.26629
C 35.35980 45.53320 1.66021
C 47.38220 44.18460 1.46739
C 43.35980 24.15210 1.48312
C 48.61750 24.00820 1.26655
C 45.82730 25.74180 0.71470
C 34.36090 27.43250 1.70912
C 31.57890 26.20720 1.76801
C 38.12890 31.75390 1.48647
C 35.02250 30.67200 1.59424
C 31.95180 29.64650 1.56374
C 28.97840 28.45150 1.64958
C 38.68040 34.86030 1.46448
C 35.64080 33.75220 1.49136
C 32.51990 32.59530 1.49969
C 29.41440 31.56730 1.44433
C 26.50600 30.40160 1.54788
C 36.23700 36.83510 1.52229
C 33.11890 35.86850 1.51762
C 30.07230 34.78130 1.43399
C 26.79150 33.75360 1.30014
C 33.58250 39.06620 1.48485
C 30.37790 37.85390 1.23134
C 26.96970 37.02860 0.26364
C 29.75060 47.00830 2.16587
C 44.47960 42.04990 1.66479
C 44.04180 45.18470 1.98037
C 41.18730 46.57450 2.32148
H 37.17250 60.01040 0.63279
H 34.64710 58.47380 0.43521
H 40.40820 63.36030 0.58813
H 37.26390 62.74030 0.53672
H 44.37060 67.86250 0.65425
H 41.09780 66.51230 0.70099
H 29.08740 62.16100 0.73515
H 44.64170 71.01560 0.51565
H 25.25400 64.84050 0.41252
H 26.25580 68.30010 0.29123
H 27.74330 71.16560 0.84866
H 34.41450 61.45580 0.61319
H 38.05370 65.61860 0.57860
H 34.87620 64.70630 0.56619
H 31.88140 63.40860 0.52646
H 41.76630 69.64590 0.18187
H 38.71210 68.70670 0.40901
H 35.54120 67.69080 0.43314
H 32.26750 66.62740 0.64000
H 29.35030 65.30940 0.37417
H 36.14220 70.84560 0.30949
H 33.12610 69.84600 0.77752
H 30.04590 68.97960 0.82243
C 47.69590 65.61960 -2.44222
C 49.00010 68.89330 -0.42245
C 35.03890 49.92420 -0.04730
C 35.86590 53.37550 -1.88973
C 33.71510 56.11360 0.76059
C 31.25260 55.47140 -0.71594
C 30.20080 58.43700 -0.31599
C 27.88210 60.94630 -1.05518
C 24.96290 60.73100 -1.08315
C 36.80380 58.20890 -0.85600
C 39.17450 61.25160 0.16759
C 36.13850 61.30750 -1.10110
C 33.38800 60.00350 -1.10336
C 43.26230 65.83540 -0.42482
C 39.87630 64.83660 -0.90837
C 30.75850 61.89010 -1.07712
C 43.78450 69.54240 -1.22178
C 27.46190 64.41780 -0.86074
C 25.29850 66.91800 -1.17155
C 26.12350 70.38870 -1.04997
C 38.09050 48.03260 -0.93074
C 37.88220 51.07770 -0.65858
C 37.35070 54.67200 -1.31099
C 39.94670 56.47050 -1.01623
C 42.12640 58.59890 -0.75076
C 48.10560 59.02580 -0.65268
C 42.25770 61.95970 -0.59199
C 47.30820 62.15820 -0.37178
C 45.52760 63.37120 -0.13955
C 26.54620 46.96270 -1.28927
C 31.41350 49.89580 -1.00564
C 28.15460 49.75020 -1.16744
C 24.91080 49.79810 -1.20532
C 32.74250 52.61400 -1.05817
C 29.58820 52.52050 -1.00347
C 26.49790 52.57260 -1.12067
C 28.15370 55.41460 -0.86606
C 24.92360 55.29810 -1.20624
C 26.34790 58.08580 -1.01435
C 36.62880 64.43780 -1.07952
C 33.75190 63.14620 -1.00133
C 40.49940 68.03450 -1.20588
C 37.39790 67.27810 -1.12024
C 34.06970 66.34100 -1.04520
C 30.97950 65.18440 -1.02479
C 37.93100 70.29150 -1.33284
C 34.69340 69.37080 -1.10668
C 31.81380 68.50020 -0.88159
C 28.50830 67.48630 -0.41531
C 32.59060 71.64040 -0.81591
C 29.57930 70.72760 -0.88062
C 46.44010 47.54270 -1.10405
C 43.52940 48.68550 -0.90967
C 40.70430 49.67700 -0.90126
C 46.21220 50.54900 -0.93051
C 43.06470 51.88580 -0.83977
C 40.26380 53.24310 -0.92143
C 45.89730 53.77550 -0.96230
C 42.75370 55.12790 -0.90485
C 48.60700 55.80700 -0.71318
C 45.47490 57.01670 -0.91233
C 44.94660 60.26240 -0.57133
H 47.63430 64.72900 -0.47201
H 49.13840 67.02360 1.31588
H 47.24470 69.38420 0.85966
H 34.60090 47.63640 0.62154
H 32.90420 50.81500 0.75135
H 34.28750 53.68070 0.20493
H 32.25270 57.59090 2.25817
H 31.58230 60.22290 0.56651
H 27.97640 59.12070 0.47839
H 26.27020 61.77870 0.68339
H 37.18030 49.26170 0.99950
H 48.18030 47.69130 0.66460
H 39.63170 51.33680 0.52068
H 39.09820 54.69100 0.56538
H 36.28840 56.07450 0.51176
H 38.81440 57.80370 0.66380
H 41.37890 60.13200 0.66091
H 46.83210 60.26460 1.04934
H 44.15260 61.88060 1.25871
H 31.33160 48.05570 0.58196
H 28.17250 47.89120 0.47386
H 29.65330 50.67910 0.55419
H 26.52060 50.65030 0.40431
H 31.13930 53.51540 0.68978
H 27.98580 53.52720 0.66562
H 24.75690 53.44050 0.43666
H 29.54270 56.37600 0.93207
H 26.33570 56.23520 0.59688
H 24.72880 59.00930 0.61148
H 39.96060 47.94340 0.69560
H 45.38090 48.85590 0.66236
H 42.46480 50.14230 0.80624
H 48.03670 50.81870 0.72413
H 45.03360 52.03390 0.64229
H 42.09380 53.45580 0.77292
H 47.67650 54.00030 0.72168
H 44.68500 55.22260 0.64595
H 41.71590 56.61010 0.76350
H 47.27810 57.23920 0.79268
H 44.19870 58.37110 0.71449
C 46.74890 66.87920 0.62670
C 48.64350 68.80210 2.94476
C 34.90930 49.73970 1.78102
C 36.15800 52.70820 1.64868
C 32.77510 57.12530 4.20425
C 30.77560 55.35060 2.47765
C 30.05970 58.64680 1.77612
C 27.77890 60.77240 2.32791
C 24.66070 60.82870 2.23862
C 36.66630 58.12840 2.00391
C 39.25390 59.95980 1.88382
C 36.15270 61.40810 2.29612
C 33.44380 59.89020 2.17828
C 43.31430 65.66300 1.45460
C 39.74150 65.05220 2.33221
C 30.99820 61.89720 2.29350
C 43.68460 69.09240 1.81583
C 27.42330 63.89890 1.07669
C 25.03170 66.83610 1.90530
C 25.65080 70.13060 1.92835
C 38.14880 47.37970 2.26833
C 38.36120 50.56060 2.58564
C 37.18390 54.42430 2.17642
C 39.88240 56.26330 2.33749
C 42.22580 58.49320 2.31675
C 47.99000 58.80430 2.60383
C 42.06230 62.51600 1.42063
C 47.33590 61.76780 2.91116
C 45.60980 63.04540 2.93410
C 26.56080 46.70510 1.92285
C 31.42170 49.93530 2.18448
C 28.03760 49.68640 2.11698
C 24.83700 49.85770 1.99299
C 32.90530 52.75130 2.29657
C 29.52840 52.48920 2.23376
C 26.26420 52.45890 2.08606
C 27.75100 55.32850 2.33977
C 24.53330 55.36950 1.98996
C 26.44470 58.16290 2.13399
C 36.68890 64.42450 2.25068
C 33.74070 63.22900 2.12898
C 40.61300 68.43400 2.04326
C 37.42800 67.49080 2.09636
C 34.14290 66.49910 2.12853
C 31.03410 65.05860 2.15808
C 38.12650 70.63800 1.83237
C 35.15810 69.46440 2.07875
C 31.60380 68.51250 2.24494
C 28.32490 67.28750 1.40604
C 32.55050 71.61370 2.34995
C 29.17020 70.81980 2.27250
C 46.27550 47.24070 2.22945
C 43.49870 48.46830 2.22814
C 40.44550 49.72350 2.25236
C 46.17560 50.56210 2.30024
C 43.16940 51.92270 2.34309
C 40.11650 53.13070 2.20527
C 45.76950 53.71810 2.33147
C 42.83980 55.09470 2.34487
C 48.31980 55.67900 2.50888
C 45.40140 56.89860 2.33497
C 44.93710 59.90040 2.57662
H 42.17870 72.79430 -0.44450
H 39.67670 75.04000 0.00108
H 37.51800 77.10990 1.17551
H 26.10420 72.96580 -1.18874
H 35.02970 79.11380 2.11172
H 32.09540 78.23850 1.14903
H 29.27290 77.31520 0.05879
H 26.35800 76.07280 -0.56564
H 39.26150 71.79220 0.04341
H 36.77660 73.91520 0.48839
H 33.82350 72.94830 0.75904
H 30.76490 72.10020 0.77806
H 34.53540 76.10930 0.89912
H 31.54290 75.16140 0.65126
H 28.48660 74.34080 0.43007
C 44.27920 89.18570 2.77809
C 37.39950 89.37870 1.06279
C 48.44380 93.04930 3.88141
C 45.39970 91.88140 4.62043
C 42.75660 92.09500 2.49714
C 39.91070 91.90860 1.10979
C 35.86580 92.05450 0.39911
C 34.59410 93.80230 0.50934
C 46.05640 74.52500 1.86889
C 43.08810 75.71280 3.23572
C 41.15040 78.15780 1.43886
C 39.02720 80.29290 0.35176
C 38.99910 83.19420 0.84192
C 38.79320 86.49780 1.16323
C 40.90350 88.62740 3.02108
C 47.09030 87.88740 3.13751
C 46.83430 71.54350 -0.51115
C 29.84390 95.57710 0.79132
C 26.06260 78.50590 -0.13901
C 30.27980 79.59550 0.12184
C 28.15880 80.64260 0.24919
C 35.63390 83.01790 1.90812
C 33.08550 84.82690 1.19348
C 35.79910 86.22390 1.42543
C 32.76510 88.00680 1.08858
C 32.33720 91.39420 1.91275
C 29.43360 92.52880 1.24497
C 44.11270 72.52390 -1.55804
C 41.44630 74.78710 -1.73026
C 38.47370 76.69560 -1.15678
C 26.11850 74.55680 -2.65223
C 37.05730 79.40880 0.40863
C 31.53730 76.98610 -0.96227
C 28.64420 75.95220 -1.63599
C 46.48620 95.52090 3.59540
C 43.70760 95.05150 3.10143
C 40.79920 95.02650 1.95285
C 38.01500 94.79310 0.76097
C 46.55300 78.06650 2.32218
C 43.95290 79.66030 2.07475
C 41.63590 81.64640 1.46926
C 46.73170 81.28010 2.62229
C 44.13690 82.97170 2.19800
C 41.50860 84.83740 1.82671
C 46.87950 84.67790 2.83584
C 44.17040 86.27700 2.52944
C 25.46690 81.92480 -0.25163
C 30.66990 82.82790 0.71041
C 27.85570 83.91010 0.25521
C 24.99470 85.24700 -0.43208
C 30.17010 85.90770 0.75438
C 27.23280 87.19420 0.22577
C 29.72420 89.15700 0.66211
C 26.90040 90.38080 0.13366
C 26.52070 93.93770 0.82129
C 40.84150 71.06210 -1.65980
C 38.35720 73.54550 -1.40361
C 35.38790 72.64320 -1.07014
C 36.37140 75.96310 -0.73036
C 33.46870 74.78330 -0.80235
C 30.50420 73.73330 -1.02675
C 34.13480 78.26950 -0.18757
H 42.31800 90.45070 3.82698
H 39.01380 90.20050 2.72999
H 46.63970 93.89070 5.39471
H 37.70350 92.94830 1.78201
H 33.65910 93.31000 2.92393
H 35.77030 95.48540 1.76298
H 45.58410 76.43630 3.51427
H 42.63750 78.17860 3.53375
H 40.18330 79.97310 2.51262
H 37.41250 81.50640 1.86717
H 48.21270 78.08810 4.35855
H 37.52730 84.63410 2.17381
H 37.28430 87.55320 2.81981
H 40.10100 86.28440 3.25981
H 45.40710 89.36710 4.50096
H 47.64940 91.11620 5.34364
H 47.31440 72.33120 1.82756
H 25.14970 76.96810 1.63473
H 27.51050 78.85990 1.83372
H 29.80860 81.01880 2.10811
H 32.16720 83.02470 2.71265
H 34.57070 84.92640 3.35653
H 34.38120 88.05410 2.61196
H 31.27030 89.35560 2.60852
H 28.32970 90.45330 2.18800
H 25.55200 91.81710 1.58358
H 30.46340 92.55800 3.22474
H 43.48500 93.41780 4.54597
H 40.55590 93.00120 3.28062
H 45.53360 79.66180 4.02459
H 42.88480 81.33570 3.51528
H 40.24630 83.07680 2.95434
H 48.43940 81.27960 4.46852
H 45.65940 82.94080 4.17065
H 42.97910 84.52260 3.73990
H 48.51800 84.56640 4.70913
H 45.71980 86.18950 4.42587
H 42.84620 87.63120 4.10553
H 48.36580 87.87240 4.93954
H 26.92570 82.18050 1.72206
H 29.27090 84.18460 2.22142
H 26.40630 85.38730 1.60970
H 31.71890 86.26610 2.65427
H 28.79050 87.41540 2.13453
H 25.85750 88.71160 1.64493
C 43.25170 89.31090 5.86814
C 36.33920 89.76480 2.77256
C 48.34800 92.94060 6.92451
C 44.77270 92.75730 6.52815
C 41.50120 92.16130 5.38957
C 38.43900 91.78990 4.03788
C 35.22920 93.08910 4.63558
C 32.14030 94.46480 3.58992
C 46.84780 74.20890 3.50549
C 43.47770 76.34800 5.00999
C 40.73310 78.58060 4.60813
C 38.08770 79.91890 3.73448
C 38.02860 82.99000 3.94392
C 37.93550 85.71840 4.32627
C 40.51110 87.98810 4.80618
C 46.22730 87.77110 6.27530
C 46.02310 70.86370 2.66809
C 28.95870 94.60040 3.74590
C 25.37290 78.88870 3.19787
C 31.77100 79.80490 2.96451
C 27.85590 80.75700 3.49513
C 33.46770 80.93210 2.94351
C 32.72670 84.84090 4.49093
C 35.73150 86.87120 4.58993
C 32.43080 87.96070 4.33919
C 32.47440 91.18840 3.77103
C 29.08730 91.29410 4.57265
C 43.28340 72.50850 1.86985
C 42.16590 75.33750 -0.07961
C 39.69040 76.60180 1.98270
C 26.39020 73.26470 1.40362
C 36.99740 78.17520 3.44792
C 30.63110 76.88280 2.17087
C 27.56530 76.35750 1.58354
C 46.17660 95.77770 6.80618
C 42.89220 95.30320 6.07898
C 39.76300 94.72340 4.87590
C 36.68120 94.39280 3.60208
C 46.45360 77.89250 5.60983
C 43.61720 79.78110 5.30735
C 40.72640 81.25030 4.55729
C 46.38730 81.20550 5.81835
C 43.52360 82.77690 5.38503
C 40.79530 84.54830 4.85073
C 46.42080 84.44160 6.02734
C 43.56160 85.92080 5.62585
C 24.75210 81.92590 2.77331
C 30.41010 82.71440 3.94937
C 27.19680 83.92420 3.43910
C 24.25950 85.11280 2.76887
C 29.61490 85.93650 3.92794
C 26.65560 87.11760 3.34096
C 29.29550 89.10550 3.96399
C 26.20550 90.33040 3.45775
C 25.99150 94.09660 2.60918
C 41.24520 71.44810 1.54019
C 38.88440 73.56650 1.72625
C 35.74200 72.46520 2.14268
C 36.30880 75.38500 2.40386
C 33.19710 74.65820 2.33252
C 30.16820 73.98650 2.25185
C 33.77730 77.42760 2.89780
C 54.82710 95.75570 3.64375
C 52.01110 95.32660 5.14265
C 49.54960 -1.17034 3.76791
C 55.52820 4.18188 2.80639
C 52.34160 4.35424 3.24603
C 50.64990 6.77947 2.78926
C 59.80960 0.40664 2.47783
C 58.87710 3.54537 2.38569
C 57.66780 6.56985 2.34809
C 60.38100 7.90478 1.37097
C 73.59940 11.05330 -2.53524
C 68.33160 10.26810 -0.81478
C 65.24530 10.80770 0.83449
C 61.28540 11.16020 0.66742
C 71.17530 13.13440 -1.17483
C 67.97680 12.38890 -0.54097
C 66.17570 14.72010 -0.13412
C 63.37780 14.20010 -0.20286
C 63.63760 17.45890 0.85951
C 61.65060 20.07270 0.49358
C 63.30890 22.55730 0.17579
C 60.66980 22.72140 0.47872
C 54.38970 7.52775 3.18809
C 52.17050 9.48370 2.08916
C 57.61370 9.89438 3.03075
C 57.47560 12.92790 1.24012
C 60.11640 14.07210 -0.11087
C 60.45270 17.15170 0.47354
C 57.34760 18.99460 -0.38412
C 57.71660 22.90430 0.18200
C 56.68620 1.13289 2.88806
C 53.64600 1.27149 3.56204
C 50.71640 1.47910 3.73967
C 69.05520 95.19370 1.43561
C 66.02730 96.05290 1.90404
C 62.96940 -0.45523 2.19703
C 71.18110 0.38088 0.77858
C 68.22580 0.96605 1.26015
C 65.05130 1.90821 1.63691
C 61.97420 2.76245 2.03550
C 70.41300 3.40064 0.70453
C 67.23960 4.07101 1.01389
C 64.14950 4.91165 1.40307
C 61.00570 5.91491 1.83146
C 72.71190 5.84567 0.28498
C 69.53430 6.27276 0.38346
C 66.64160 7.22006 0.71909
C 63.52910 7.91083 1.04000
C 72.68310 16.15450 -0.65445
C 69.28770 15.48450 -0.43899
C 70.55810 18.29110 -0.48734
C 67.26720 17.75220 -0.17818
C 71.61630 21.37130 -0.66516
C 68.44010 20.68440 -0.43308
C 65.17540 20.08460 0.04171
C 54.87950 11.09210 1.73620
C 51.90150 12.73650 1.32896
C 54.69260 14.43850 0.98128
C 51.78220 15.79650 0.57056
C 57.57980 16.11580 0.73814
C 54.53030 17.43600 0.09731
C 51.71860 18.73450 -0.28272
C 54.66260 20.59790 -0.71754
C 51.84270 21.80670 -1.10589
H 56.70990 -0.56098 4.70082
H 53.71840 -0.28291 5.46808
H 55.53410 2.41277 4.60120
H 54.21350 5.47218 4.51927
H 52.13090 7.94533 4.03101
H 59.69390 -1.17459 4.27960
H 58.72040 1.83811 4.15007
H 57.59090 4.77560 4.03843
H 59.71800 7.04035 3.65308
H 56.62190 7.81922 4.18529
H 71.32730 7.17094 1.90082
H 68.24650 7.74259 1.89139
H 65.22800 8.75499 2.31089
H 61.80570 9.28088 2.41250
H 72.01490 11.21930 -0.47968
H 72.68500 14.02850 0.58551
H 69.68180 13.41460 0.85482
H 66.51800 12.87110 1.45665
H 64.59190 15.35510 1.59659
H 61.76950 18.33320 2.13214
H 60.58840 21.19320 2.49847
H 54.01150 9.88712 3.63473
H 51.22890 11.42810 3.35626
H 56.57390 11.86330 3.35510
H 59.27900 13.26320 2.30004
H 61.57060 15.08370 1.25592
H 59.15290 16.68170 2.52975
H 59.18800 19.31030 0.73923
H 56.31280 21.00150 0.71234
H 53.53010 22.43490 0.57747
H 50.72720 -0.06692 5.58728
H 52.35400 2.70527 5.14681
H 50.55930 5.24066 4.78429
H 71.10840 95.94320 2.55149
H 68.07230 -0.56881 3.09478
H 64.91170 0.29922 3.46331
H 61.82840 1.06652 3.75786
H 70.18280 1.74457 2.51196
H 67.08590 2.46352 2.89365
H 63.97100 3.36714 3.34232
H 60.85780 4.21811 3.69265
H 72.39800 4.03474 2.00194
H 69.21880 4.81129 2.32498
H 66.16830 5.58136 2.58904
H 63.00610 6.41243 2.96418
H 63.28420 12.33630 1.43995
H 70.92590 16.43020 1.10422
H 67.72070 15.89400 1.39427
H 72.00730 19.56940 0.97380
H 68.92910 18.91400 1.23496
H 65.77890 18.37640 1.68479
H 69.95270 22.05690 0.97573
H 66.82940 21.37050 1.29060
H 63.62300 20.84130 1.76203
H 53.79820 13.04300 2.79894
H 50.94650 14.65230 2.57934
H 56.52200 14.88050 2.59037
H 53.62770 16.32260 2.17557
H 50.70420 17.69510 1.66510
H 56.32230 17.96910 1.72119
H 53.55070 19.39750 1.22467
H 50.67680 20.74910 0.74133
C 55.44550 -0.93409 6.83597
C 52.22620 95.87330 6.92351
C 49.21210 96.11150 7.09571
C 55.84240 4.58289 5.85376
C 52.56620 4.90650 6.27695
C 50.60060 7.43003 5.88412
C 60.31130 0.69224 5.68502
C 59.28570 3.86317 5.55915
C 58.10070 6.70939 5.56095
C 60.18240 9.06256 4.46508
C 71.19080 9.08831 0.42400
C 69.16880 9.83646 1.14595
C 65.19080 11.23850 2.76363
C 60.99150 11.59980 2.59101
C 71.28330 12.37090 1.82219
C 68.29060 12.34620 2.72531
C 66.15450 14.83610 3.02545
C 63.07370 13.95520 3.02738
C 63.83390 17.29470 2.81120
C 62.46480 20.03330 3.76949
C 63.74040 22.71330 3.27027
C 60.63510 23.36170 3.60513
C 54.34210 7.93461 5.06851
C 52.07590 10.17070 5.14615
C 57.27630 9.93399 4.92485
C 57.80240 13.71900 4.40257
C 60.37900 15.33120 3.50230
C 59.63000 18.96250 3.19109
C 57.44120 19.81190 2.55510
C 57.35470 22.89850 2.02307
C 57.26420 1.36283 6.09349
C 54.12950 1.88122 6.62486
C 50.72530 1.96735 6.89595
C 69.71350 95.63980 4.55471
C 66.51090 -0.84115 4.94126
C 63.35540 0.03422 5.36529
C 71.81500 0.56230 3.93252
C 68.63040 1.45536 4.42514
C 65.58820 2.25499 4.80993
C 62.42520 3.02725 5.18902
C 70.77970 3.73820 3.83321
C 67.64500 4.48211 4.18160
C 64.64960 5.43041 4.49964
C 61.64700 6.18152 4.97799
C 72.90020 5.98067 3.52834
C 69.70080 6.78006 3.71138
C 66.55000 7.78379 3.81666
C 63.32490 8.64488 4.05808
C 72.75760 15.49830 2.50388
C 69.58900 15.09830 2.69227
C 70.78420 18.23760 2.68975
C 67.76160 17.69470 3.03138
C 71.75650 21.44430 2.53101
C 68.79080 20.76550 2.68638
C 65.62830 20.26620 3.15765
C 54.61800 11.88280 4.84417
C 52.03140 13.50490 4.47627
C 54.58520 15.01200 4.07250
C 51.68090 16.68630 3.70932
C 57.12660 16.95140 3.82680
C 54.45540 18.33320 3.28231
C 51.63840 19.73760 2.71992
C 54.60890 21.26670 2.47130
C 51.42120 22.84790 1.76204
C 73.73590 27.50260 -1.04133
C 63.38290 25.41980 0.41442
C 70.87710 28.72590 -1.82039
C 67.61840 28.62870 -1.46096
C 64.65780 28.48830 -0.76159
C 59.99030 25.81070 -0.13374
C 56.83020 26.54360 -0.76795
C 53.79570 27.12120 -1.19069
C 61.81010 28.50800 -0.31018
C 52.44980 30.13630 -1.10775
C 63.53910 31.53760 -0.55740
C 65.82520 34.45700 -0.25751
C 64.38550 37.22040 -0.28474
C 62.92890 40.11880 -0.28204
C 50.64090 40.06140 -1.89421
C 61.54360 42.96610 -0.39503
C 58.30590 43.37920 -0.71400
C 51.96560 43.27970 -2.08430
C 56.86840 46.48310 -0.10651
C 53.50590 46.57710 -0.73931
C 51.75010 24.62580 -2.50559
C 70.97630 31.79170 -0.44451
C 68.01270 31.53990 -2.10752
C 69.40370 34.18550 -0.19491
C 67.60400 37.15590 -0.34323
C 66.11360 39.93810 -0.19948
C 64.63740 42.73980 -0.24275
C 63.17450 45.59560 -0.31701
C 49.91420 43.69250 -2.58250
C 72.58070 24.29970 -0.96669
C 69.32760 23.67240 -0.73848
C 66.22330 23.04900 -0.31548
C 70.32810 26.80460 -1.15133
C 66.83680 25.91920 -0.61701
C 58.86310 28.98180 -0.60088
C 55.72370 29.63820 -0.80469
C 60.47140 31.72900 -0.42741
C 57.46180 32.26630 -0.58016
C 54.33630 32.62330 -0.77758
C 50.98060 32.92670 -0.80285
C 62.58480 34.54200 -0.29623
C 59.25930 34.71690 -0.38291
C 56.15230 35.16230 -0.54165
C 52.79850 35.37470 -0.68044
C 61.08850 37.55180 -0.25974
C 58.08880 37.66750 -0.46333
C 54.83990 37.87400 -0.86069
C 51.45010 38.07500 -1.00414
C 59.77080 40.22000 -0.43836
C 56.69770 40.48420 -0.86566
C 53.68170 40.42200 -1.33825
C 54.99360 43.64730 -1.09038
C 54.62880 23.98390 -0.97585
C 72.67870 34.71070 -0.61311
C 70.97820 37.21620 -0.23757
C 72.62550 40.06340 -0.15567
C 69.41520 39.92090 -0.16356
C 70.99700 42.71160 -0.13426
C 67.77460 42.74120 -0.19208
C 72.65840 45.28860 -0.16715
C 69.51030 45.44660 -0.30430
C 66.18910 45.46980 -0.29252
H 64.85370 23.86100 1.47145
H 62.21530 23.88160 1.84569
H 71.82310 28.11180 0.39518
H 65.22050 26.95500 0.89734
H 69.39810 30.10800 -0.58971
H 66.53140 29.82520 0.31036
H 59.23830 24.30460 1.72661
H 56.20300 24.75200 0.78103
H 61.63560 26.82740 1.40738
H 55.23150 27.75290 0.66655
H 52.21890 28.15310 0.45884
H 63.49290 29.73860 1.11039
H 50.86000 30.91060 0.59748
H 65.14410 32.46160 1.16138
H 64.18050 35.38610 1.39917
H 62.79740 38.25670 1.38377
H 49.78270 39.16250 0.35050
H 61.30780 41.12710 1.28627
H 51.71540 41.59990 -0.40083
H 59.90350 44.14940 1.29645
H 56.72880 44.15330 0.59014
H 53.55590 44.58680 0.70596
H 53.18870 25.40750 0.41978
H 51.39660 26.44060 -1.97505
H 72.89990 32.65220 0.68015
H 69.67120 32.45850 1.52857
H 67.50600 32.61760 -0.63902
H 67.61080 35.22200 1.22178
H 66.05910 38.02350 1.36874
H 64.53950 40.95250 1.38334
H 63.07020 43.73140 1.40760
H 49.30310 43.79960 -0.24127
H 73.05290 22.66780 0.80186
H 70.83810 25.08230 0.53787
H 67.78680 24.36930 1.03185
H 68.56480 27.32790 0.40273
H 58.38990 27.23280 1.06733
H 60.35110 29.86770 1.16251
H 57.31810 30.29850 0.83532
H 54.03910 30.65350 0.66309
H 62.09640 32.56820 1.15920
H 59.04270 32.89600 1.19329
H 55.83570 33.24270 0.97806
H 52.67800 33.46960 0.85417
H 60.94880 35.57280 1.23678
H 57.72870 35.84720 1.21448
H 54.46560 36.21130 0.91696
H 51.25660 36.37870 0.97520
H 59.44850 38.50690 1.37419
H 56.31430 38.73710 0.84338
H 53.12160 38.95460 0.55465
H 58.14830 41.44310 0.89909
H 54.91610 41.65600 0.39981
H 50.54540 23.78540 -0.30476
H 70.98590 35.30920 1.20861
H 72.54320 38.15190 1.42028
H 69.25360 37.99490 1.39116
H 70.97950 40.85140 1.51367
H 67.69520 40.82880 1.40312
H 72.60870 43.50790 1.53660
H 69.35500 43.64110 1.42664
H 66.21050 43.68070 1.42467
C 73.65900 27.67800 2.05381
C 63.62250 25.74040 2.32576
C 72.00360 30.38590 1.07895
C 68.63220 29.41080 1.56770
C 65.45450 28.92300 2.35142
C 59.70920 26.24110 2.99176
C 56.49250 26.60350 2.43844
C 53.56230 26.99060 2.25996
C 61.89820 28.83590 2.81846
C 52.36740 29.88160 2.26578
C 63.55480 31.49600 2.84079
C 66.00980 34.26880 2.78752
C 64.35060 37.20210 3.00820
C 62.80610 40.10090 2.97965
C 49.33530 41.51420 0.52595
C 61.40640 42.94640 3.02628
C 58.21360 43.41130 2.52837
C 51.55460 43.91340 0.80418
C 56.98430 46.24820 1.83968
C 53.45570 46.23560 2.63424
C 50.80910 26.08300 0.51472
C 70.85410 30.91150 2.84918
C 67.46160 31.68750 1.70063
C 69.36950 34.40990 2.88018
C 67.63430 36.99790 2.98734
C 66.04210 39.88990 3.02080
C 64.60090 42.80550 3.06042
C 63.11070 45.62370 3.10597
C 49.18300 46.11380 0.45745
C 72.61870 24.59690 2.25829
C 69.72240 23.98040 2.47006
C 66.65680 23.23610 2.87702
C 70.54120 27.12310 1.92292
C 67.26340 26.42900 2.27745
C 58.63530 29.12220 2.62494
C 55.49080 29.55270 2.27806
C 60.47650 31.73230 2.77111
C 57.24360 32.03550 2.55796
C 54.16260 32.36100 2.47180
C 50.81620 32.71510 2.31614
C 62.42400 34.36100 2.84105
C 59.19100 34.72660 2.79866
C 55.88390 35.07340 2.61135
C 52.75980 35.35560 2.52072
C 61.06770 37.42100 2.93602
C 57.59820 37.78560 2.76865
C 54.50000 38.12120 2.41507
C 51.25810 38.55800 2.13580
C 59.40660 40.55400 2.80135
C 56.21390 40.72620 2.26102
C 52.92720 41.12480 1.71286
C 54.76940 43.56010 2.05962
C 54.30650 24.16620 2.21220
C 72.47050 33.66840 2.39720
C 70.94060 37.04560 2.94659
C 72.66360 39.98980 3.07395
C 69.32010 39.86160 3.02758
C 70.90350 42.73230 3.12337
C 67.79110 42.61860 3.03660
C 72.65690 45.43310 3.07213
C 69.32380 45.54560 2.98103
C 66.15220 45.61150 2.91060
C 53.20930 60.48090 -0.40058
C 50.41780 61.26890 -0.37498
C 59.54340 64.48090 0.89477
C 56.32340 64.12140 0.21969
C 50.00670 63.77730 -0.60786
C 60.83090 67.56060 1.18071
C 65.07180 71.24710 1.97228
C 61.72760 70.51180 1.53367
C 67.54410 48.75400 0.28918
C 63.86810 48.71840 0.16262
C 72.49330 50.87220 -0.27948
C 69.40380 52.37680 0.81208
C 73.58440 54.03710 2.02850
C 73.51200 67.57740 1.58321
C 51.60740 47.33270 -0.86363
C 52.29410 51.13800 -0.08737
C 51.37430 54.65910 -0.54000
C 51.20680 57.80500 -0.35818
C 60.52110 47.33260 -0.13913
C 64.59920 51.55410 0.99964
C 61.44480 50.75970 0.05496
C 58.21250 49.91810 -0.59672
C 70.04750 55.68900 2.95532
C 67.44530 53.30120 3.97068
C 65.21080 54.39600 1.73089
C 55.82710 52.40470 -0.61397
C 72.39790 58.47480 3.20454
C 53.54440 54.65470 -0.57165
C 57.73090 58.65360 0.10518
C 54.66140 57.73600 -0.24820
C 62.14570 62.12700 1.19092
C 59.10610 61.50260 0.29394
C 71.82770 66.42070 1.87783
C 62.96660 65.07720 1.49764
C 70.65380 69.68990 2.50809
C 66.94530 68.63830 1.98492
C 63.85300 68.09840 1.75561
C 52.99420 63.55500 0.10454
C 57.48400 67.00520 0.78424
C 54.33400 66.94630 0.17698
C 51.08550 66.61930 -0.17549
C 58.66870 70.02040 1.07445
C 55.45500 69.74320 0.56927
C 52.03730 69.55060 0.17872
C 70.96890 48.23060 -0.16806
C 49.11610 49.36530 -0.97271
C 48.92070 52.55610 -0.89441
C 55.09840 49.37050 -0.62622
C 62.11320 53.74280 0.70807
C 59.10740 53.04130 -0.07994
C 69.13530 57.58310 3.05417
C 66.21130 57.18590 2.15158
C 63.20980 56.69650 1.21415
C 59.99280 56.14920 0.36256
C 56.81770 55.45800 -0.32676
C 70.11160 60.65860 2.71938
C 67.10970 60.19610 2.34709
C 64.08820 59.67900 1.62858
C 61.19740 59.10250 0.84976
C 70.89190 63.57640 2.26381
C 68.01730 63.00510 2.29461
C 64.99490 62.64570 1.98002
C 68.89320 66.07870 2.14207
C 66.01520 65.69910 2.04387
H 72.08070 56.23500 4.40364
H 54.90800 62.00090 0.54151
H 52.00970 61.71400 1.32962
H 49.03650 62.42440 1.24549
H 60.86690 65.65430 2.68029
H 57.49390 64.92770 2.31314
H 61.90490 68.64490 3.18926
H 54.94650 47.48420 1.17572
H 64.46560 46.53760 1.25892
H 69.57770 49.07600 1.92243
H 64.76260 49.62130 1.92107
H 71.92080 52.07280 1.44869
H 50.94110 49.16010 0.80513
H 50.63160 52.78860 0.87266
H 50.17680 56.07460 1.24706
H 49.84910 59.32990 1.05934
H 61.65320 48.76110 1.51713
H 58.41110 48.09440 0.98573
H 65.15280 52.47480 3.40281
H 62.36430 51.76700 2.12638
H 56.23690 50.43540 0.91772
H 68.86600 56.07770 5.14718
H 66.07750 55.37220 3.83229
H 53.92530 52.77090 0.92853
H 70.35560 58.95260 4.65464
H 54.83320 56.06060 1.11284
H 71.37720 62.00670 4.04233
H 55.76990 59.14380 1.67394
H 52.84280 58.62880 1.30424
H 72.32020 64.98140 3.90542
H 60.05620 62.60600 2.37910
H 57.31340 61.95680 1.12092
H 70.35870 67.49290 3.66350
H 64.04330 66.27230 3.33987
H 68.21360 69.87920 3.37164
H 65.07230 69.29940 3.52031
H 54.41280 64.88840 1.58591
H 51.18630 64.70010 1.33275
H 58.80740 68.05380 2.58287
H 55.55640 67.81050 2.14376
H 52.44090 67.54240 1.68400
H 56.72280 70.73480 2.45191
H 53.56290 70.43170 1.96961
H 50.31110 69.95850 1.49099
H 71.03900 46.31210 1.38307
H 67.79900 46.47230 1.22962
H 72.67760 48.96400 1.46797
H 59.38200 51.04980 1.35287
H 63.04050 54.81410 2.74085
H 60.03330 54.20430 1.93379
H 57.02750 53.51820 1.27708
H 67.09500 58.44990 4.10732
H 64.09670 57.80130 3.19203
H 61.05390 57.19800 2.35243
H 57.93770 56.62640 1.52773
H 68.21040 61.45170 4.14800
H 65.04200 60.83500 3.56697
H 62.05470 60.28020 2.78985
H 59.04250 59.58180 1.91902
H 69.22840 64.44810 3.87780
H 66.16590 63.89880 3.69183
H 63.00470 63.25930 3.14852
H 67.21570 66.92200 3.79044
C 53.85190 60.62330 2.40629
C 50.26540 61.03820 2.82993
C 59.26020 64.31240 3.99694
C 55.76320 63.13310 2.71773
C 48.77740 64.69480 1.87085
C 60.28550 67.29180 4.48032
C 64.59860 71.11110 5.19632
C 61.40740 70.52760 4.73057
C 67.03810 48.69500 2.25632
C 63.36820 47.91030 3.12767
C 72.59430 50.84810 3.18320
C 69.51220 51.50350 2.64637
C 73.28150 54.09590 4.15299
C 74.08390 67.75080 3.84918
C 51.66650 47.19850 2.45160
C 52.25600 51.13030 1.84613
C 51.25570 54.33140 2.71552
C 50.97400 57.92020 2.76389
C 60.37180 46.60560 1.69076
C 63.90030 50.94610 3.96095
C 60.73400 50.26070 3.28126
C 57.86470 49.44740 2.63716
C 70.85600 55.79110 6.66437
C 67.32960 54.28440 5.77724
C 64.10930 54.24660 4.88675
C 55.53160 52.09330 2.66210
C 71.46840 57.69770 6.48464
C 53.35560 54.41430 2.55701
C 57.19890 58.42920 3.20032
C 54.22640 57.50570 3.00717
C 61.36150 62.04170 4.37030
C 58.26600 61.36020 3.43325
C 72.31520 67.18960 5.08814
C 62.35970 65.08640 4.61224
C 70.52850 69.83380 4.53166
C 66.74860 68.87840 5.25700
C 63.50980 68.05140 4.94245
C 52.62660 63.55270 2.85620
C 57.05370 66.75560 3.87985
C 53.88090 66.46240 3.41091
C 50.75860 66.40910 3.10086
C 58.21480 69.80250 4.25480
C 54.97120 69.61700 3.78259
C 51.79790 69.31370 3.28645
C 70.97670 48.15210 3.12303
C 49.28050 49.25940 2.34220
C 48.68730 52.49970 2.43863
C 54.91490 48.99750 2.61574
C 61.38640 53.31060 3.77720
C 58.49350 52.60790 3.05192
C 68.42530 58.03030 6.16386
C 65.35080 57.23170 5.24214
C 62.35490 56.60470 4.35888
C 59.31570 55.90900 3.51696
C 56.39940 55.27300 2.90950
C 69.86920 60.88620 5.90665
C 66.49110 60.37780 5.48375
C 63.34370 59.55130 4.73954
C 60.32240 58.97370 3.88729
C 70.90230 64.00140 5.66228
C 67.73640 63.46420 5.51957
C 64.51420 62.74120 5.01634
C 69.05870 66.48120 5.36170
C 65.65000 65.79130 5.17787
C 70.60280 86.14380 1.24096
C 67.01360 84.81230 2.41714
C 65.65510 87.08260 5.49595
C 62.51920 88.51980 3.58065
C 61.76860 91.38230 2.90845
C 58.71660 91.51880 4.01998
C 57.79430 95.40320 2.90555
C 49.48680 75.74160 1.85852
C 51.48310 77.23920 4.24202
C 55.67320 80.37470 2.22254
C 62.33980 84.12930 1.24925
C 49.64990 89.95920 4.43676
C 60.58120 86.97920 3.98495
C 57.68190 88.16060 4.41966
C 52.45730 91.25480 4.97762
C 59.13290 90.54120 5.93609
C 55.06470 93.72960 4.29274
C 66.10440 74.51030 2.88238
C 49.71150 72.24990 0.87107
C 63.93390 76.37090 1.52941
C 54.32860 75.34360 1.39257
C 51.34730 75.22070 1.24835
C 65.06140 78.79850 1.33972
C 62.04660 78.88500 1.78195
C 58.67080 78.86160 1.91183
C 54.74920 78.51270 2.19576
C 67.20280 81.81530 1.07147
C 64.11160 81.36230 1.36080
C 63.71660 84.54330 2.47681
C 73.43500 71.24960 1.78261
C 70.65510 72.88480 1.75516
C 70.30480 76.30650 1.63755
C 68.68640 73.45600 1.49911
C 70.36760 79.61230 1.56769
C 70.50750 82.98700 1.36907
C 70.59350 89.09640 1.58702
C 67.73790 89.37740 2.86099
C 64.82100 90.50320 2.73758
C 69.89420 92.05270 1.62488
C 66.99190 92.88790 2.07615
C 63.96940 93.74770 2.47523
C 60.91540 94.60620 2.70759
C 72.08820 94.43050 0.87673
C 49.50400 79.76050 2.78849
C 52.54780 81.22190 3.71596
C 49.61100 82.94360 3.12143
C 59.76300 81.85810 2.87254
C 55.46170 83.39070 3.26001
C 52.33580 84.52200 3.68057
C 49.70520 86.35240 3.45576
C 58.01660 85.04840 3.88019
C 55.08420 86.40770 4.23505
C 52.54310 87.82960 4.22062
C 55.04890 89.55570 4.82186
C 62.73750 73.33690 1.57118
C 59.67760 73.06020 1.45765
C 56.63080 72.79140 1.04992
C 53.36170 72.54150 0.67762
C 60.84610 76.05280 1.71038
C 57.54770 75.85640 1.64965
C 73.26700 74.64730 1.25104
H 49.78470 94.36010 5.47836
H 69.13820 84.69990 2.72373
H 62.44220 87.13040 5.76356
H 70.66600 87.38000 3.48179
H 67.39590 87.08640 3.88555
H 64.59310 89.22200 4.92728
H 61.42450 90.19350 5.08992
H 60.65250 93.09680 4.29964
H 57.59030 93.69960 4.87058
H 51.01920 79.48610 4.73419
H 54.83580 81.56160 4.34019
H 62.22150 82.39770 2.92145
H 57.40830 83.32120 4.95179
H 59.98700 85.11810 5.57232
H 59.60430 88.07980 6.04282
H 56.96390 89.48820 6.40816
H 54.10200 90.87140 6.72542
H 50.34170 91.63230 6.21168
H 66.17980 72.21370 4.11685
H 63.05180 71.61160 3.28698
H 64.24620 74.53110 3.05286
H 51.68930 72.97230 2.05521
H 65.89620 77.09740 3.06331
H 55.97230 76.39900 3.14473
H 52.78530 75.61900 3.41415
H 66.80710 79.92080 2.85088
H 63.87550 79.73230 3.24702
H 60.73600 79.59910 3.15629
H 57.80470 80.37160 3.50835
H 65.40850 82.70080 2.73404
H 71.90510 71.59190 3.52567
H 69.19180 72.63120 3.86982
H 68.46280 75.36640 3.09297
H 68.85440 78.04570 2.87709
H 72.09200 84.54980 2.40063
H 69.09070 81.47550 2.59964
H 52.96730 93.67890 5.70970
H 69.85740 90.48590 3.50551
H 66.75330 91.42060 4.02102
H 63.72730 92.14010 4.22916
H 71.98350 92.78850 2.69749
H 69.01630 93.62380 3.27412
H 65.97650 94.42440 3.68399
H 62.93850 95.26950 4.07869
H 51.16580 82.86950 5.12929
H 54.31440 84.63160 5.17554
H 51.30330 86.05610 5.42334
H 57.00360 86.28350 5.83088
H 54.13400 87.69510 6.16172
H 51.44670 89.20890 5.93202
H 59.85320 71.11730 2.97662
H 61.07250 74.11490 3.23350
H 57.98000 73.72060 2.91718
H 54.81760 73.31170 2.62527
H 62.43190 76.99800 3.36921
H 59.25140 76.81180 3.34669
H 71.60740 74.72900 3.05097
H 71.77630 77.97420 2.72485
H 71.91830 81.25410 2.41795
C 72.05040 86.23410 4.32351
C 68.89690 86.15830 4.85931
C 66.38880 87.33410 7.16567
C 62.83770 88.98120 6.83710
C 62.13980 92.07950 6.12450
C 55.89920 93.49690 8.15737
C 58.22900 95.35070 6.17471
C 49.66720 76.16880 4.23846
C 51.98780 77.49410 6.25909
C 56.28330 79.79940 5.49653
C 61.37010 83.74710 4.87915
C 49.11670 89.53160 6.66119
C 60.79820 86.43100 7.55223
C 57.76000 87.62250 7.75086
C 51.92680 90.64340 7.88964
C 56.35530 91.94930 6.41157
C 53.90150 93.03710 8.04547
C 66.55630 73.88730 6.11090
C 49.53330 71.99760 2.77783
C 64.21640 76.21910 4.82768
C 54.78780 74.70050 4.68957
C 51.77680 73.60860 4.48011
C 65.51040 78.87760 4.83672
C 62.34240 78.88030 4.92246
C 59.23950 78.75080 4.93292
C 55.64150 77.84280 5.28148
C 67.39180 82.05500 4.27301
C 63.91420 81.74080 4.66844
C 64.33950 85.50620 5.63540
C 74.06780 71.73460 4.84321
C 71.28380 73.35550 5.12688
C 70.47950 76.50250 4.20878
C 68.38280 74.42760 5.46506
C 70.48940 79.78360 3.71761
C 70.70900 82.97570 3.68238
C 71.62350 89.34040 4.80181
C 68.00930 89.44910 4.76110
C 65.20730 91.16340 6.00632
C 70.63120 92.46480 4.70500
C 67.52620 93.35230 5.25227
C 64.42220 94.11460 5.56207
C 61.22790 95.01800 5.84090
C 72.76350 94.74100 3.95421
C 49.34930 79.61840 6.18346
C 52.73280 81.05940 5.66642
C 49.31330 82.75830 6.35062
C 59.09330 81.96420 5.18951
C 55.45650 82.82800 6.46041
C 52.40320 84.28640 6.75550
C 49.11870 86.11140 6.58664
C 58.07930 84.47980 7.08286
C 55.05630 85.78350 7.26378
C 52.07120 87.38980 7.48066
C 54.95560 89.22360 8.01546
C 62.89110 73.52610 4.77912
C 59.51110 72.89920 4.67715
C 56.37680 72.39450 4.25665
C 53.14600 72.05570 3.82843
C 60.95810 75.87840 4.96092
C 57.98900 75.54810 4.72355
C 73.70990 75.06220 4.28836
C 89.31210 2.30478 -3.23417
C 93.58770 4.88614 -3.67031
C 90.18590 4.89207 -0.92029
C 95.05540 7.79641 -4.06027
C 82.47000 0.38580 -2.21469
C 79.41480 1.02072 -1.55563
C 78.55090 4.30170 -0.61281
C 75.96450 5.45147 0.16697
C 74.68540 8.88607 1.01837
C 72.06580 9.96265 -2.73544
C 74.08840 14.64300 -1.34392
C 76.23760 16.41710 0.17051
C 77.17650 19.52920 0.21651
C 86.19290 2.13131 -1.65070
C 83.23090 3.13887 -0.48865
C 81.53380 5.31596 -1.68948
C 85.93760 5.53861 -1.79958
C 80.26020 8.27936 -1.68032
C 77.29210 9.47874 -1.30075
C 92.38380 7.79273 -2.39623
C 88.51070 7.65136 -2.07495
C 76.89440 12.48150 -1.22428
C 95.11620 9.52066 -2.72225
C 79.22040 14.37440 -1.42793
C 1.05426 11.78160 -4.62311
C 80.89600 16.89130 -0.29529
C 0.05567 14.84890 -3.11768
C 80.17360 20.17220 -1.37704
C 95.13350 18.38310 -2.51569
C 92.38330 18.51560 -1.51407
C 89.20420 19.66180 -1.34215
C 86.10380 21.16000 -0.26793
C 0.94878 20.10160 -2.55963
C 95.63220 22.97090 -2.33037
C 0.92048 -0.34654 -3.90536
C 94.45660 -0.51064 -3.92326
C 91.09340 -0.51598 -3.75349
C 87.80660 -0.49655 -3.23234
C 95.74910 2.31200 -3.97860
C 92.62740 2.16019 -3.71103
C 0.13251 5.17810 -4.35703
C 80.07040 95.37190 -1.58730
C 76.95020 96.05380 -0.47923
C 74.07810 -0.52199 0.24139
C 76.41720 1.76086 -0.60262
C 73.49220 2.67407 0.17148
C 73.87740 18.89800 -0.49081
C 74.98910 21.92480 -0.53868
C 82.98470 6.68625 -1.36292
C 85.54790 8.86275 -1.78445
C 82.76660 10.21710 -1.52393
C 79.87620 11.42190 -1.35866
C 90.36720 9.98583 -2.58494
C 87.85320 11.16780 -1.93431
C 85.10210 12.22230 -1.49291
C 82.50170 13.04200 -1.47654
C 92.96610 12.15870 -3.07678
C 90.42400 13.28850 -2.10792
C 87.44040 14.39180 -1.56135
C 84.44950 15.46640 -1.30035
C 93.12760 15.37980 -2.18321
C 89.98140 16.38240 -1.64685
C 86.89990 17.59750 -1.28226
C 83.84570 18.82790 -1.16978
H 89.68760 0.23147 -1.86785
H 91.33180 2.78977 -1.71511
H 88.36970 3.08013 -1.06319
H 95.50340 5.95242 -2.52011
H 92.41550 5.75984 -1.59891
H 85.40060 95.16770 -1.27556
H 84.28230 0.91518 -0.60159
H 81.38680 1.49036 -0.15817
H 78.21360 2.31452 0.22977
H 77.92550 5.16949 1.83702
H 74.45750 6.54095 1.90239
H 75.79990 13.94350 0.26335
H 77.11930 17.83430 2.01479
H 78.17520 20.94550 2.10612
H 85.48560 4.10358 -0.20729
H 82.45520 5.28552 0.61018
H 79.68200 6.51305 -0.49425
H 88.11170 6.22208 -0.51828
H 76.24270 10.74440 0.51917
H 90.52480 8.31489 -0.80651
H 78.76140 12.69940 0.34519
H 0.79189 9.81796 -2.78371
H 92.83250 10.28260 -1.87555
H 78.61560 15.86070 0.06369
H 79.63560 18.95740 0.23020
H 94.98590 15.88420 -1.90602
H 82.70630 19.66550 1.02536
H 80.67660 21.92220 0.58207
H 94.49240 18.31090 0.00874
H 91.49530 19.58770 -0.05704
H 88.56030 20.79340 0.32126
H 0.35107 18.03860 -1.34723
H 95.72560 20.65260 -1.41192
H -0.76281 0.50679 -2.32890
H 92.87640 0.23524 -2.23148
H 0.56137 3.46366 -2.57349
H 94.32590 3.10648 -2.14874
H 74.16030 95.05020 2.02567
H 82.31310 95.76540 -0.63414
H 79.18380 -0.66248 0.32356
H 76.16200 0.17792 1.30372
H 73.25190 0.96575 1.98274
H 75.34240 3.26720 1.25316
H 74.08410 17.03420 1.10125
H 75.07860 20.19990 1.25182
H 76.87470 7.69843 0.48000
H 85.07560 7.22457 -0.14080
H 82.11170 8.44362 -0.04744
H 79.23020 9.64522 0.21863
H 87.57340 9.28535 -0.44431
H 84.67150 10.35050 -0.06166
H 81.75140 11.51460 0.22885
H 89.96290 11.41080 -0.61017
H 87.03890 12.49930 -0.09467
H 84.11020 13.58320 0.27880
H 81.26290 14.47350 0.14353
H 92.51830 13.36340 -0.73680
H 89.47540 14.48280 -0.14256
H 86.43540 15.65420 0.25872
H 83.41220 16.72570 0.16853
H 91.94820 16.46570 -0.25033
H 88.93480 17.63290 0.17991
H 85.81770 18.76570 0.43472
C 89.71120 1.83781 0.09089
C 94.10900 5.03411 -0.54053
C 90.99510 5.33145 1.39888
C 95.49490 7.89929 -0.85618
C 83.26880 0.13971 1.03166
C 80.14690 1.28665 1.54124
C 78.18370 3.51911 3.64664
C 76.81280 6.64349 2.94310
C 74.41890 8.74981 3.03994
C 72.25690 9.08826 3.21174
C 74.15180 12.08430 0.59682
C 75.93310 15.66330 1.98573
C 76.39330 19.45150 3.26721
C 86.43650 2.01249 0.24901
C 83.73540 3.58297 1.49906
C 80.40360 5.34439 1.75113
C 86.41950 5.80585 1.35125
C 80.38180 7.93976 1.51871
C 77.66400 9.54165 2.11554
C 91.99290 6.97503 0.64184
C 89.00270 8.01613 1.07395
C 77.01140 12.56550 2.05556
C 0.46183 8.60622 -0.44478
C 79.40790 14.41720 1.90425
C 2.38911 11.03320 -1.28167
C 79.00390 17.32630 2.18786
C -0.31336 13.82230 -1.55463
C 80.54450 20.09330 2.35301
C 95.08900 15.91460 0.66261
C 92.54770 17.97630 1.58213
C 89.59220 19.45900 1.79784
C 86.30660 20.89300 1.66573
C -0.19847 19.41140 0.62604
C 95.29180 22.06660 0.77325
C 0.99115 -0.24941 -0.72937
C 94.67560 -0.67244 -0.80153
C 91.45400 -0.88124 -0.54729
C 87.38890 -0.55828 -1.31294
C -0.68866 2.41977 -0.74268
C 93.23560 1.79196 -0.37838
C 0.59882 5.49656 -1.09830
C 81.05540 95.38620 1.43172
C 78.02210 -0.91098 2.48235
C 74.90700 -0.25261 3.40688
C 77.24040 2.13951 2.48496
C 74.03560 2.88083 3.41558
C 73.66260 18.63270 2.61781
C 74.61160 22.08550 2.66896
C 83.30030 7.06704 1.61990
C 85.99920 8.91264 1.35426
C 82.96240 9.97480 1.60940
C 79.97300 11.25890 1.86576
C 91.70500 10.05100 0.43766
C 88.42570 10.92070 1.19665
C 85.40170 12.01210 1.58841
C 82.39190 13.08360 1.92339
C 94.06770 11.98840 -0.20909
C 90.90000 12.94100 1.09896
C 87.84380 14.09870 1.59700
C 84.60070 15.31560 1.90853
C 93.26790 14.98230 1.02241
C 90.27590 16.12150 1.51854
C 87.22120 17.31030 1.91870
C 84.02500 18.37870 2.19384
C 82.02240 47.68870 0.39503
C 91.24050 45.31270 -1.86809
C 1.23894 46.97960 -3.46311
C 84.88310 24.36030 -0.49537
C 81.54840 24.15780 1.39678
C 89.82430 26.21380 -1.06928
C 86.77430 27.13250 -0.76611
C 80.49950 27.51880 0.15820
C 88.86690 29.29920 -0.78953
C 79.32610 31.02100 -0.31121
C 90.90210 31.59680 -0.98291
C 78.25520 34.08310 -0.41210
C 92.98440 34.17000 -1.10909
C 80.26370 36.72110 -0.48020
C 94.98260 36.43890 -1.25296
C 82.46180 39.05340 -0.75785
C 84.57940 41.28370 -0.84713
C -0.71734 41.73920 -1.70313
C 93.01310 42.48530 -1.58258
C 89.38380 43.35180 -0.97979
C 86.24360 44.08410 -0.33912
C 84.12890 44.59950 -0.15592
C 95.47870 44.73290 -1.99504
C 78.32130 22.66320 0.20322
C 79.27950 25.69770 -0.10859
C 77.08240 28.44490 -0.55429
C 75.33370 31.22390 -1.74938
C 74.30270 34.65870 -2.03641
C 77.20430 37.08000 -0.23107
C 79.03270 39.63620 -0.40812
C 81.09150 42.38100 -0.16226
C 79.58120 45.62950 0.01100
C 82.90230 21.74680 -0.54780
C 88.68890 23.40100 0.61596
C 93.33050 25.47810 -0.90207
C 89.62960 24.10610 -1.25207
C 92.06790 28.80400 -1.15674
C 94.22610 31.17900 -1.15310
C -0.65113 33.63560 -0.96638
C 83.55080 27.45590 -0.26961
C 85.70290 29.80310 -0.58803
C 82.43160 30.38740 -0.21813
C 87.71910 32.22320 -0.77052
C 84.67690 32.83360 -0.62606
C 81.38100 33.32630 -0.46387
C 89.79080 34.71750 -0.87888
C 86.72160 35.30820 -0.76047
C 83.60090 35.79870 -0.69938
C 91.84300 37.25640 -1.09197
C 88.76020 37.68880 -0.84607
C 85.73470 38.18290 -0.76877
C 0.60914 38.86670 -1.30372
C 94.17490 39.50960 -1.34494
C 90.83430 40.16730 -1.00184
C 87.80920 40.65060 -0.92364
C 75.90360 24.84370 -0.79390
C 74.16570 37.24950 -0.14284
C 75.83250 39.80720 -0.19518
C 77.51410 42.64500 -0.46384
C 74.19010 42.66540 -0.17801
C 75.95360 45.49180 -0.29152
C 0.29059 25.53660 -1.46446
C 95.70090 28.34550 -1.23055
C 0.73442 30.84810 -0.90340
H 84.45280 47.06730 0.27071
H 93.52570 45.90250 -1.18024
H 86.66590 24.99330 0.76573
H 83.60730 25.59310 1.59145
H 88.66190 27.42540 0.79731
H 82.39810 28.66600 1.54704
H 79.01800 29.32840 0.83287
H 90.75750 29.81950 0.67033
H 80.06950 34.76720 0.99665
H 94.70920 34.73560 0.52567
H 82.24520 37.11670 0.86102
H -0.16914 37.10680 0.17715
H 84.32180 39.43760 0.80311
H -0.90164 40.17450 0.21175
H 83.34880 42.49650 0.71963
H 94.89960 43.15100 -0.13193
H 91.61970 43.77100 0.01542
H 88.49430 44.45960 0.69692
H 85.45730 44.57180 2.04924
H 79.04020 24.28960 1.98328
H 77.13360 26.45700 0.52267
H 74.89550 28.73330 0.76167
H 75.80030 33.37480 -0.51546
H 77.19240 35.28440 1.45395
H 78.95710 37.81680 1.25086
H 81.16240 40.10800 0.80238
H 79.06360 43.49030 0.80754
H 84.51710 22.49220 1.23748
H 93.98810 23.04870 -0.31651
H 91.71260 26.89480 0.32606
H 93.99210 29.18410 0.32503
H 95.88580 31.76210 0.56587
H 85.51820 28.04380 1.12905
H 87.53790 30.45960 0.88882
H 84.43520 31.10340 1.10702
H 81.09920 31.66040 1.42305
H 77.99330 32.41280 1.53532
H 92.73950 32.25970 0.50623
H 89.59910 32.85800 0.67972
H 86.48830 33.52190 0.85487
H 83.26490 34.06620 0.99566
H 91.62370 35.43760 0.53758
H 88.50210 35.91810 0.79987
H 85.36150 36.47910 0.89887
H 93.68680 37.81350 0.38836
H 90.54230 38.41170 0.68046
H 87.43320 38.95230 0.79014
H 92.82550 40.82050 0.27874
H 89.56300 41.44710 0.69127
H 86.47950 41.90240 0.68806
H 76.15500 23.26280 1.12746
H 73.98140 25.65350 0.55198
H 74.12510 35.30190 1.33983
H 75.83490 38.02610 1.55231
H 77.53400 40.76130 1.28644
H 74.30490 40.80110 1.42771
H 75.89410 43.54810 1.30235
H 0.22212 23.36160 -0.32448
H 95.45930 26.26130 0.15407
H 0.29286 28.94370 0.59095
C 84.05190 46.34460 2.82337
C 92.38670 45.86410 1.12169
C -0.38815 48.95110 -0.16658
C 85.37120 24.09810 2.92453
C 80.82130 23.99540 3.48025
C 90.21490 25.99420 2.10682
C 87.07370 26.83890 2.60269
C 80.55330 27.71040 2.15802
C 89.05830 29.25510 2.38596
C 79.35020 30.68000 2.89498
C 91.07650 31.61050 2.22102
C 78.76830 34.26190 3.04932
C 92.99630 34.14290 2.12795
C 80.57340 36.61350 2.55623
C 95.11490 36.69260 1.92123
C 82.56290 38.99750 2.46575
C 84.78050 41.31620 2.35847
C -0.35544 42.22200 1.58423
C 93.32920 42.90540 1.61569
C 90.25690 43.38830 2.06841
C 87.28270 44.16810 2.94506
C 83.88540 42.96620 3.06142
C -0.25089 44.89620 -0.30844
C 77.48210 22.71160 3.23079
C 77.85000 25.96170 2.92219
C 76.78620 28.82010 1.35794
C 74.76270 31.08210 0.21631
C 75.71770 33.47410 2.05616
C 77.46860 37.06460 3.07857
C 79.41930 39.80630 2.59697
C 81.07090 42.41980 1.69818
C 79.83680 45.69700 1.84324
C 83.19000 21.71550 2.68430
C 92.32940 21.66590 -0.50466
C 93.35260 25.14440 0.94749
C 90.80060 26.86960 3.66542
C 92.32910 28.49760 2.06860
C 94.12800 30.91400 2.05628
C 96.10000 33.62430 2.16567
C 83.98170 27.26130 2.96753
C 85.91860 29.89110 2.62315
C 82.77640 30.42230 2.89413
C 87.96100 32.31800 2.41345
C 84.84690 33.04710 2.57765
C 81.47050 33.62770 2.68753
C 89.99060 34.66360 2.25914
C 86.83730 35.34790 2.44267
C 83.61340 35.94290 2.54479
C 92.04970 37.23820 2.15560
C 88.88470 37.74620 2.36507
C 85.74470 38.32250 2.44228
C 1.20167 39.06260 0.76056
C 94.28320 39.67370 1.91310
C 91.24870 40.31530 2.05708
C 87.89010 40.78180 2.36943
C 75.81600 25.35410 2.32261
C 74.14960 37.10100 3.03578
C 76.00570 39.92440 3.04417
C 77.72900 42.74190 2.75736
C 74.39100 42.62910 3.00911
C 76.10650 45.46560 2.92698
C 0.06379 24.89640 1.62727
C 95.41990 27.73660 1.84432
C 0.34771 30.64070 2.26032
C 88.20030 46.58230 -0.57532
C 85.05550 48.42780 -1.29118
C 82.25270 49.67460 0.31661
C 79.58040 51.34530 0.96784
C 76.93430 53.02760 0.09938
C 93.68720 47.52700 -2.28080
C 76.40240 56.43260 0.73000
C 74.04180 57.56310 4.04933
C 76.25140 59.61240 1.04215
C -0.36507 52.28320 -2.37054
C 93.59370 53.83490 -2.02606
C 90.55800 55.25380 -1.81929
C 87.46200 56.51820 -1.95427
C 76.37320 63.09230 1.21448
C 86.93040 60.16070 -2.08372
C 85.06570 61.38270 -1.40138
C 78.87460 64.50270 0.45900
C 84.10590 64.49660 -1.54237
C 81.80730 66.50010 0.26757
C 85.57870 67.68840 -1.12207
C 78.20810 48.55130 0.68358
C 75.70440 51.34470 0.26529
C 81.51580 70.01880 -0.35165
C 79.28340 67.93020 1.27984
C 76.40680 66.40870 2.35639
C 74.07970 64.07430 3.60704
C -0.31146 55.82370 -1.69368
C 93.32410 56.90400 -2.22527
C 92.57710 59.92850 -2.49893
C 91.15870 62.81410 -2.71446
C 90.49580 66.01800 -3.69979
C 87.23820 65.00560 -1.99147
C 88.79790 69.00190 -3.64583
C 90.32070 71.73040 -2.23903
C 90.90090 48.53430 -1.68403
C 87.96650 50.17930 -1.37168
C 85.17590 51.73530 -1.00794
C 82.00710 52.90110 -0.19838
C 79.35830 54.91400 0.00683
C 93.60580 50.58940 -2.02919
C 90.73320 51.89430 -1.74620
C 87.90850 53.33800 -1.49676
C 84.84360 54.86320 -1.15874
C 81.95670 56.35550 -0.56994
C 79.06770 58.09680 0.09991
C 84.44820 57.90020 -1.57810
C 81.71680 59.62540 -0.76307
C 79.00930 61.32700 0.26838
C 81.57000 62.85600 -0.66426
C 74.33810 48.21510 -0.14204
C 76.03150 69.76440 1.47907
C 95.59550 59.41520 -2.45764
C 0.91081 61.70870 -2.54356
C 94.47410 62.35750 -2.70479
C -0.43058 64.66880 -3.03389
C 93.49230 65.10730 -3.09843
C 95.25900 67.67420 -3.30178
C 92.09770 68.44760 -3.38378
C 0.45989 70.00750 -3.90366
C 94.08080 70.77080 -3.68347
H 83.03360 48.66040 2.61551
H 90.60810 46.94470 -0.10313
H 87.21120 48.68500 0.11745
H 81.93260 51.60420 1.89466
H 78.88260 53.15080 1.63323
H 76.05860 54.66310 1.91270
H 1.05067 46.99300 -0.90768
H 76.01150 57.81970 2.92124
H 95.68270 50.73260 -0.54342
H 92.74020 52.19020 -0.31314
H 75.93650 61.06850 2.81614
H 92.61710 55.43650 -0.36183
H 89.63750 56.61360 -0.57626
H 86.75970 58.09060 -0.63248
H 76.15420 64.18320 3.40134
H 88.05160 60.95850 0.06000
H 81.18870 64.32410 1.26564
H 78.78270 65.84210 2.49268
H 86.19920 63.40650 -0.71564
H 84.28460 66.01810 0.15256
H 77.48870 46.29000 1.38814
H 75.89390 49.25010 1.74979
H 84.80450 70.11070 -0.88895
H 82.93050 68.57240 1.12146
H 80.20370 70.06600 1.93589
H 77.50320 68.52080 2.87156
H 74.77530 70.12240 3.76764
H 95.43760 53.90630 -0.71328
H 95.13710 57.65650 -0.71735
H 92.18760 58.40030 -0.53231
H 91.12150 61.10900 -0.86462
H 89.37030 63.69340 -1.25967
H 89.03020 66.72120 -2.31563
H 90.67730 69.40420 -2.02610
H 87.48950 69.32660 -1.59617
H 84.50010 50.28370 0.33735
H 92.94500 48.98940 -0.32658
H 90.11000 50.29280 -0.04065
H 87.32180 51.88300 0.35676
H 84.26110 53.34150 0.66826
H 81.51420 54.78780 1.28205
H 78.67720 56.36750 1.85237
H 89.95470 53.54380 -0.07728
H 86.95140 54.98640 0.06527
H 84.17110 56.53260 0.53328
H 81.34870 58.02240 1.13655
H 78.60670 59.55580 1.95099
H 84.03830 59.65110 -0.01223
H 81.35320 61.15280 1.13976
H 78.62960 62.72720 2.15294
H 83.81310 62.81080 0.24883
H 74.27620 46.28840 1.39760
H 0.45791 60.03080 -0.82224
H 94.23190 60.71230 -0.89662
H -0.65296 63.04890 -1.16835
H 92.97340 63.61140 -1.21629
H 95.13730 66.00640 -1.50486
H 92.05520 66.53320 -1.73672
H 0.27399 68.47220 -1.95804
H 93.96370 69.08550 -1.79944
H 96.01680 71.50120 -2.42704
C 88.53850 46.85650 1.18614
C 85.52790 48.71960 1.93173
C 82.89930 50.29140 3.81316
C 79.94690 51.23610 2.87292
C 77.14200 52.81650 3.41476
C 93.96830 47.12170 0.89941
C 77.17330 56.16860 3.86842
C 74.72550 58.50540 5.56782
C 77.46900 59.53740 4.18526
C -0.40299 52.48460 1.12608
C 93.72280 53.87770 1.19523
C 90.76330 55.39730 1.30362
C 87.92510 56.93490 1.22973
C 77.43420 62.80120 4.33945
C 89.78770 59.08760 -0.22935
C 85.69750 61.40790 0.70890
C 80.16790 64.12020 3.50357
C 85.35020 64.48020 1.35803
C 82.58090 66.27260 1.98921
C 85.34150 68.23660 0.74502
C 78.17540 48.40890 2.56549
C 75.87540 51.23940 3.49305
C 82.46000 70.06400 3.03872
C 79.87830 67.93120 3.07013
C 77.07320 66.37250 4.09225
C 73.70410 61.78620 3.89994
C -0.36821 55.97890 0.29994
C 93.59890 57.13880 1.16607
C 92.64620 60.37170 0.95793
C 91.23420 63.16900 0.46381
C 90.30280 65.80330 -0.19428
C 88.39050 62.52400 -0.27585
C 88.94370 68.59050 -0.39238
C 90.85340 71.35730 -0.51729
C 91.26740 48.73710 1.44685
C 88.39590 50.13020 1.76796
C 85.53630 51.68130 2.03459
C 82.91720 53.34720 2.81809
C 79.96770 54.69910 3.17708
C 93.79650 50.56070 1.26776
C 91.00900 51.98690 1.48984
C 88.24420 53.61510 1.71585
C 85.44610 55.02330 2.00742
C 82.79970 56.52000 2.51843
C 79.96830 57.86020 3.20409
C 85.44490 58.33630 1.53952
C 82.91990 59.59340 2.22038
C 80.00820 61.05850 3.22622
C 82.76600 62.77580 2.43594
C 74.45060 48.13970 3.09674
C 77.24690 70.18000 4.57926
C 95.58580 59.58520 0.81657
C 0.67736 61.97050 0.59936
C 94.44320 62.69040 0.46009
C -0.29135 65.05890 0.17534
C 93.39680 65.58510 0.12029
C 95.49400 68.06270 -0.21113
C 92.14480 68.46920 -0.26627
C 0.67476 70.57450 -0.78492
C 94.49770 71.13060 -0.45966
C -0.44897 94.14120 -4.03447
C 93.06630 94.07210 -4.15824
C 89.75430 93.93480 -3.93543
C 0.52149 77.81200 -5.95565
C 93.69030 77.91710 -6.38947
C 89.34210 79.05670 -4.54181
C 87.07730 82.14220 -4.06234
C 86.46590 85.30830 -4.99169
C -0.09695 89.03960 -4.20619
C 93.46660 88.77590 -4.43448
C 86.85220 88.44140 -4.34757
C 91.58970 91.20660 -4.22807
C 73.58110 87.93550 1.16141
C 83.16650 88.62780 -3.72696
C 78.64010 89.94130 -0.95944
C 84.25150 91.75440 -2.95514
C 86.34590 93.99300 -3.42696
C 83.21960 94.61960 -2.63147
C 89.59810 75.74090 -2.26556
C 86.47340 71.72540 -1.87104
C 82.73850 69.93590 -2.16530
C 85.78440 75.04480 -3.20334
C 85.98240 78.67370 -3.71320
C 84.26290 80.88960 -1.99983
C 83.62690 83.53980 -3.78720
C 81.42940 85.48410 -2.68845
C 80.55910 87.83330 -1.00690
C 76.21470 86.18270 -0.29942
C 73.36430 84.36410 0.27486
C -0.49156 73.32210 -4.11629
C 93.12870 72.53450 -4.30369
C 93.38170 75.73510 -6.42023
C 95.50910 80.72410 -5.54574
C 92.23830 80.42180 -5.45065
C 0.04865 83.48190 -5.02650
C 93.85850 83.17730 -5.01961
C 90.48650 82.84800 -4.99878
C 95.31180 86.04550 -4.61284
C 92.04090 85.83880 -4.78627
C 88.77110 85.52340 -4.71320
C 90.13980 88.56560 -4.43882
C 88.04750 91.28060 -3.94136
C 75.75220 90.29710 0.10453
C 72.83680 91.42060 0.83484
C 80.92110 92.02580 -1.85561
C 77.89080 92.90340 -0.69374
C 75.03870 93.61430 0.19414
C 83.89610 73.65860 -1.31101
C 81.20580 72.89320 -0.40997
C 78.64650 71.34620 0.54332
C 83.73420 77.35610 -2.18255
C 81.24740 75.83070 -0.92696
C 78.56180 74.47720 0.05772
C 75.96440 72.97340 0.92742
C 81.28120 79.04560 -1.61570
C 78.59770 77.55710 -0.54926
C 75.88870 76.05650 0.46880
C 81.17340 82.13420 -2.11246
C 78.61220 80.73130 -1.01295
C 75.96040 79.33420 -0.06728
C 73.21490 77.81040 0.81734
C 78.73570 84.16990 -1.34341
C 76.09310 82.63320 -0.41269
C 73.30370 81.04300 0.40962
H -0.45447 92.23350 -2.23386
H 93.25910 92.12130 -2.46164
H 91.51650 94.74440 -2.36315
H 88.37300 94.58770 -2.08875
H -0.08834 75.84710 -4.26352
H 95.60240 78.70180 -4.95659
H 92.51080 78.20270 -4.17101
H 90.09210 78.23480 -2.20392
H 87.83640 80.07670 -2.93878
H 85.59460 83.93580 -3.23676
H 87.31760 86.43960 -2.96423
H 94.93820 89.51600 -2.43398
H 91.76450 89.26550 -2.75444
H 88.54350 89.14460 -2.69847
H 85.39010 88.76990 -2.32927
H 89.98050 91.87350 -2.47206
H 78.95460 88.17290 0.92987
H 75.87070 88.84750 1.62370
H 72.72940 89.77000 2.62513
H 82.50510 90.11640 -2.32805
H 80.75450 90.58240 0.11493
H 86.66940 91.82670 -2.27112
H 87.60110 74.03070 -2.00615
H 85.66730 72.88570 0.25079
H 87.43770 76.94790 -2.71104
H 85.48320 78.82250 -1.26541
H 82.58100 80.71140 -0.70348
H 82.72750 83.80310 -1.41910
H 82.79980 86.99440 -1.84402
H 80.42660 85.57090 -0.32194
H 77.40900 84.27690 0.80054
H 74.75080 85.86770 1.67067
H 92.74680 71.90340 -1.90813
H 1.33579 73.82990 -2.37559
H 94.28270 74.42000 -3.17416
H 90.44510 73.81810 -0.88018
H 94.68540 94.85160 -2.51029
H 0.18394 81.36900 -3.72241
H 93.79290 81.09930 -3.71171
H 90.69190 80.85500 -3.60049
H 95.31500 84.02670 -3.21129
H 92.11530 83.81510 -3.43455
H 88.88870 83.58730 -3.31531
H -0.17143 86.91030 -2.97269
H 93.51870 86.73740 -3.01273
H 90.35060 86.51270 -3.15912
H 77.86850 91.17480 1.02921
H 74.99650 91.88830 1.92831
H 83.12540 92.74560 -1.00784
H 80.17030 93.53410 0.02146
H 77.20800 94.31940 1.27257
H 82.77770 71.59510 1.08896
H 85.09270 75.74900 -0.91731
H 82.68940 74.55580 0.62645
H 79.95320 73.09860 1.54601
H 77.26570 71.62570 2.56825
H 82.56630 77.63780 0.01838
H 79.88880 76.25670 1.07611
H 77.24160 74.74450 2.09429
H 74.54610 73.20620 2.86517
H 79.93670 79.33610 0.47566
H 77.19600 77.87980 1.44773
H 74.56240 76.42160 2.42240
H 80.00610 82.51310 0.02710
H 77.30240 81.05290 1.04913
H 74.54240 79.56870 1.93952
H 74.64990 82.71870 1.58675
C -0.65722 93.71320 -0.92534
C 93.18300 93.51610 -0.99206
C 90.13410 93.61040 -0.72682
C 1.34348 76.11730 -3.41524
C 94.63210 76.94600 -3.40512
C 89.64730 80.64380 -1.42550
C 87.15740 82.31180 -2.15170
C 85.00010 86.25510 -2.34775
C -0.13762 88.39650 -0.90849
C 93.55040 88.49420 -1.24584
C 87.07870 87.96930 -1.02242
C 91.61510 90.87100 -0.91973
C 74.19720 87.84590 3.11128
C 82.26950 88.76160 -0.25077
C 79.61240 89.86040 2.22784
C 84.63380 90.80960 -1.22132
C 87.05230 93.36530 -0.35996
C 84.20310 94.54730 0.44896
C 89.49020 74.26010 1.32312
C 88.20250 72.93070 0.26896
C 85.25840 71.19970 1.45122
C 87.38650 76.01260 -0.33519
C 87.92350 78.64730 -0.94095
C 85.03350 80.88660 -0.16697
C 84.85080 83.84560 -0.79481
C 82.75900 85.64150 0.21509
C 80.35860 86.30410 2.06595
C 77.04910 86.66900 1.40244
C 74.29420 84.31920 3.49085
C -0.96553 73.72170 -1.27265
C 92.51210 74.36990 -1.41028
C 92.38130 75.68710 -4.45094
C 95.59110 79.79800 -2.64499
C 92.34820 79.52920 -2.38599
C 0.09274 82.93390 -1.82725
C 93.67130 82.75520 -1.89041
C 90.54250 82.63720 -1.93267
C 95.11190 85.72170 -1.48683
C 91.97470 85.45140 -1.67682
C 88.95550 85.24820 -1.56757
C 90.25810 88.07570 -1.27834
C 88.54340 90.78240 -0.86454
C 76.69880 90.58250 3.15083
C 73.68210 91.62990 3.99917
C 82.07830 92.39320 1.17130
C 78.99430 93.07980 2.20187
C 75.93590 93.79630 3.25283
C 85.06740 74.66980 1.32668
C 82.07730 73.36770 2.66398
C 79.60580 71.62500 3.49501
C 84.91580 77.55880 0.75322
C 82.13260 76.45370 2.08159
C 79.47140 74.92400 3.08944
C 76.67950 73.49690 4.09224
C 82.21750 79.54550 1.40997
C 79.35540 78.16450 2.55245
C 76.72970 76.65010 3.52769
C 82.31550 82.68090 0.75019
C 79.54430 81.21600 2.01031
C 76.69910 79.70410 3.02651
C 73.79950 78.26350 3.93012
C 79.70350 84.36120 1.72247
C 76.87280 82.84120 2.67889
C 73.98540 81.33510 3.54880
