2979
Frame 86
C 13.13240 96.09140 -2.03467
C 14.25320 1.52851 -2.33088
C 12.25610 3.88622 -3.30205
C 10.99290 7.05380 -3.75694
C 8.49151 9.75391 -3.62762
C 4.80331 9.30554 -4.40872
C 2.75844 9.24369 -5.07706
C 24.12200 1.03723 0.48125
C 22.41970 4.71307 1.30841
C 25.11480 6.19196 -0.10579
C 24.96620 12.03080 -0.38416
C 19.87230 1.41311 -1.14430
C 16.57770 -0.30740 -0.78763
C 19.90160 4.80863 -1.19061
C 23.20300 8.94824 -0.46517
C 20.16000 7.98100 -1.02201
C 14.35800 5.23066 -1.82342
C 23.22200 13.09300 -0.48345
C 14.49020 8.98904 -1.97209
C 23.08850 16.40260 -0.94370
C 12.16350 10.99180 -2.54716
C 22.91010 20.17360 -1.06465
C 13.00170 14.14830 -1.85607
C 9.81264 13.18350 -2.58416
C 23.05670 23.44700 -1.12144
C 14.74610 18.27360 -0.77314
C 11.40110 16.59990 -0.45378
C 14.68370 21.97230 -0.02716
C 20.96590 -0.43605 -1.10256
C 5.83688 11.45030 -2.25656
C 6.78019 14.60740 -1.29274
C 3.60095 14.67350 -1.62468
C 8.35913 17.06540 -0.79032
C 2.10944 17.31980 -1.71568
C 9.70028 19.66510 -0.73249
C 11.42450 22.38630 -0.83457
C 9.59795 96.03870 -2.84979
C 10.98680 0.98173 -2.96503
C 7.57645 0.82461 -3.60556
C 4.12733 0.56777 -3.68831
C 9.13946 3.66698 -4.01336
C 5.58382 3.32055 -4.00550
C 2.28670 3.24644 -3.79133
C 7.49742 6.10980 -4.62112
C 3.75590 5.95188 -4.29822
C 17.13230 3.36464 -1.71822
C 17.22460 6.83894 -1.57634
C 20.65060 11.10770 -0.73344
C 17.67030 10.06320 -1.33676
C 20.51650 14.75170 0.00969
C 18.01270 13.26350 -1.01723
C 15.12580 11.94540 -1.56813
C 20.33950 18.46150 -0.74421
C 17.63120 16.81100 -0.73889
C 15.33550 15.32040 -1.02221
C 20.32000 21.68990 -0.72788
C 17.49600 20.06410 -0.58271
C 5.18735 17.34470 -1.17157
C 6.59505 19.84430 -0.87354
C 3.49458 20.13490 -1.31997
C 8.20910 22.52800 -0.86510
C 4.95131 22.77630 -1.01920
C 1.85965 22.86340 -1.45533
H 14.12050 0.02218 -0.28789
H 12.14670 2.35477 -1.28471
H 10.47110 4.96907 -2.36886
H 8.64529 7.35335 -3.22757
H 2.14697 6.98288 -2.50454
H 4.03897 9.62755 -1.98633
H 22.85480 2.32944 2.25026
H 24.74540 4.82406 1.88186
H 23.18220 7.14012 1.28061
H 24.62040 10.12030 1.33058
H 25.42810 16.05150 0.38766
H 20.35820 3.29746 0.66161
H 17.75620 1.65656 0.19256
H 20.44340 6.27772 0.89989
H 15.13990 3.15380 -0.70813
H 15.31200 7.07869 -0.62770
H 21.39510 12.64140 1.21265
H 12.69620 8.92771 -1.04644
H 24.00130 18.72290 -0.04208
H 21.43440 16.94970 0.91388
H 10.12420 11.12770 -0.83683
H 24.21290 21.75870 0.42760
H 10.64890 14.26180 -0.88543
H 13.08540 18.36000 0.21386
H 9.82265 17.94430 1.03948
H 22.28980 -0.51528 0.90514
H 1.54298 13.37470 -2.26198
H 7.54048 12.84250 -1.21874
H 4.23013 12.46370 -0.54413
H 8.15631 15.13830 0.92353
H 6.62904 17.92380 0.69017
H 11.38560 20.60940 1.04737
H 8.16739 20.75160 0.89424
H 11.06140 -0.65689 -1.06009
H 7.63234 -0.80558 -1.74205
H 4.32588 -1.07376 -1.95017
H 1.23727 96.15630 -1.97717
H 9.05048 2.07570 -2.06713
H 5.78468 1.64666 -2.23295
H 2.57748 1.50796 -2.04569
H 7.27764 4.53830 -2.68687
H 4.03653 4.28962 -2.39532
H 5.37263 6.99624 -3.31925
H 17.75870 4.98625 0.07918
H 21.08490 9.39049 0.84798
H 18.12560 8.29324 0.29232
H 18.48400 11.49170 0.58406
H 15.54260 10.11800 0.02199
H 18.51230 15.15800 0.53684
H 15.90730 13.41560 0.29486
H 12.99050 12.12770 -0.47595
H 21.32790 20.07460 0.87235
H 18.56520 18.41600 0.97536
H 15.76500 16.79500 0.90466
H 13.27450 15.24470 0.28355
H 18.64190 21.72420 1.00834
H 15.79990 19.95550 0.81412
H 5.00710 15.34340 0.22492
H 1.80467 15.46960 -0.01135
H 3.34641 18.23230 0.18817
H 4.90889 20.83380 0.61287
H 1.69713 21.03270 0.12048
C 12.35560 -1.17543 0.98061
C 13.50220 1.85935 0.78441
C 11.80790 4.40413 -0.20650
C 10.88620 7.35287 -1.79837
C 8.48665 9.52881 -1.73707
C 4.66157 8.51925 -0.11562
C 1.82180 8.81441 -2.85926
C 23.80420 0.71566 2.33020
C 23.91110 3.73815 3.98895
C 24.65510 6.87516 3.27399
C 24.87480 12.32190 2.40402
C 19.16500 1.42465 2.20680
C 16.16920 -0.14146 1.10223
C 18.94590 4.77878 2.27753
C 22.93580 9.42741 2.59577
C 19.51710 8.12621 2.35099
C 13.89090 5.10566 0.01517
C 23.09300 12.96920 3.03183
C 14.09050 8.38224 1.04285
C 23.38140 17.08460 1.99414
C 11.71690 10.40510 0.92360
C 23.48880 20.12800 2.10836
C 11.90210 13.55620 1.24720
C 9.24534 12.88510 0.80723
C 23.59380 23.35260 1.96707
C 14.55830 18.35130 2.34829
C 11.73140 16.56120 1.65260
C 14.57340 21.91030 1.83632
C 20.16680 -0.65749 1.94252
C 6.16056 12.15590 0.95403
C 6.10127 14.02090 1.94191
C 3.07293 14.07140 1.14739
C 8.05783 16.75850 2.41681
C 1.46991 17.21780 1.40110
C 9.46759 19.74120 2.70339
C 11.22730 22.39690 2.49194
C 9.00798 96.25630 0.19367
C 10.33020 1.41910 0.03377
C 7.39356 1.21056 -0.42810
C 4.34854 0.83993 -0.43106
C 8.74909 4.09010 -0.73166
C 5.84766 3.64847 -0.90612
C 2.66584 3.43410 -0.54409
C 7.09498 6.60340 -1.38286
C 4.19911 6.46830 -1.05407
C 16.34910 3.44312 1.44537
C 16.64920 6.73555 1.41377
C 20.17910 11.20240 2.53853
C 17.07940 9.92597 1.92149
C 20.55390 14.90750 1.99714
C 17.68410 13.36730 2.01174
C 14.53240 11.74590 1.48346
C 20.40830 18.53700 2.60664
C 17.75800 16.60670 2.39304
C 14.86640 14.84860 2.07085
C 20.67030 21.76380 2.53221
C 17.36980 20.10190 2.46756
C 4.66587 17.09580 1.92205
C 6.36292 19.73320 2.31868
C 2.99804 19.90580 1.90942
C 8.17768 22.57520 2.40283
C 4.74863 22.74400 2.24085
C 1.11184 22.91310 1.58405
C 22.70280 26.66650 -1.30252
C 20.06770 28.69980 -0.64402
C 15.20230 25.56540 -0.17572
C 18.68760 29.76580 -1.69270
C 23.10300 29.83000 -1.23128
C 23.98450 32.82880 -1.95509
C 23.69490 36.22040 -2.40383
C 25.36180 46.37660 -3.72937
C 22.14100 44.86170 -1.95165
C 21.63450 32.34830 0.29765
C 18.62010 32.97340 -1.65202
C 15.03530 28.55460 -1.46975
C 19.25820 35.64250 -1.62808
C 12.91290 34.86620 -1.00244
C 20.47480 38.65130 -1.71761
C 10.62840 36.80670 -0.58557
C 21.35060 41.86480 -1.89082
C 18.15840 41.21830 -1.67265
C 8.71505 39.19840 -0.79459
C 4.46081 39.38180 -1.82519
C 16.17780 43.69700 -1.55209
C 2.85055 42.95810 -1.49221
C 14.23690 46.20180 -1.53779
C 5.21007 44.69700 -1.86745
C 2.83599 47.28950 -1.93046
C 13.22080 25.00460 -0.75144
C 11.97590 28.24650 -0.59942
C 12.72890 31.53450 -1.09918
C 9.81582 30.79580 -0.91233
C 9.54253 33.74460 0.49121
C 5.90121 34.08560 -0.27114
C 7.77281 36.29850 1.41119
C 1.62626 36.77730 -0.88505
C 20.54330 24.97670 -0.62183
C 17.73630 23.40030 -0.48235
C 17.89180 26.74950 -0.16751
C 16.19860 35.30900 -1.39258
C 17.24510 38.31540 -1.55349
C 14.02180 37.68580 -1.20376
C 15.07620 40.68370 -1.44327
C 12.05080 39.98640 -1.24029
C 13.05630 43.20070 -1.38882
C 10.03570 42.46300 -1.26060
C 6.85856 42.01810 -1.35793
C 10.89850 45.61030 -1.32556
C 8.13753 45.25150 -1.38078
C 5.99063 47.79320 -1.44556
C 9.97376 25.32800 -0.90867
C 6.57443 25.44920 -0.88536
C 3.33746 25.51320 -1.00707
C 8.30682 27.92880 -0.89290
C 5.16457 28.12440 -0.97505
C 1.94365 28.35100 -1.19701
C 6.70441 30.93200 -0.85147
C 3.71880 31.16810 -0.80213
C 2.71956 34.04390 -0.63332
H 0.99591 43.30600 0.30288
H 23.99110 24.82240 -0.24417
H 21.54400 26.63230 0.92279
H 15.98440 23.71230 1.18238
H 19.00630 28.17220 1.61148
H 16.19150 26.88260 1.87192
H 16.71610 29.03100 -0.38910
H 24.23320 28.05420 0.06028
H 24.65380 31.27810 -0.00425
H 21.69570 29.75880 0.77718
H 23.75870 41.07350 -2.42501
H 24.53330 44.28350 -2.49038
H 22.63490 43.16070 -0.21459
H 20.43540 45.40450 -0.08972
H 19.88570 34.18510 0.36917
H 16.83900 33.48640 -0.55370
H 13.97580 33.13850 0.45129
H 20.92920 37.10830 -0.25040
H 11.60140 35.14260 1.07695
H 21.83550 40.14140 -0.15941
H 9.20322 37.62420 1.31123
H 19.63630 42.57610 -0.01016
H 6.83341 40.44340 0.66686
H 2.72423 40.66890 -0.57058
H 17.65660 44.91790 -0.12289
H 4.92480 42.92170 -0.12290
H 15.57980 47.48530 -0.22500
H 3.14026 45.29410 -0.58321
H 12.89240 23.27310 0.87914
H 9.82454 23.40000 0.71768
H 11.49240 26.13400 0.62070
H 13.58780 30.07440 0.00492
H 11.19570 32.01520 0.77012
H 8.32842 31.62300 0.94864
H 7.28756 34.59420 1.21363
H 4.02025 34.77050 1.49260
H 0.90551 34.99980 0.70570
H 2.70093 37.78810 0.80473
H 21.43510 23.31920 0.75072
H 18.79360 24.94250 1.15728
H 23.52590 45.92430 -0.17140
H 17.81820 36.52950 0.09208
H 14.62040 35.94360 0.44320
H 18.78960 39.51100 -0.01259
H 15.60360 38.91470 0.21102
H 12.32540 38.23370 0.56724
H 16.59090 41.92460 0.17555
H 13.39090 41.37620 0.21958
H 10.22540 40.79870 0.27630
H 14.53390 44.36210 0.26177
H 11.37470 43.89060 0.31727
H 8.23289 43.43170 0.21023
H 12.40200 46.95370 0.09461
H 9.33688 46.46910 0.42762
H 6.15812 45.85930 -0.01033
H 6.55795 23.54660 0.70208
H 3.22073 23.66070 0.48788
H 8.29360 26.21990 0.67628
H 4.94643 26.33920 0.70500
H 1.57942 26.50400 0.44113
H 9.97753 28.95020 0.64944
H 6.71937 29.00170 0.67932
H 3.49079 29.11840 0.57036
H 5.32896 31.94260 0.88758
H 2.13980 32.10340 0.81113
C 23.53980 26.43830 1.83204
C 20.95100 28.25370 2.69228
C 14.92010 24.97200 3.03139
C 16.90140 29.42010 2.19981
C 23.95600 29.81400 1.79652
C 23.72520 33.22530 1.07460
C 23.30340 36.24660 -0.49301
C 24.93790 43.88270 0.04617
C 22.28710 44.84000 1.63481
C 21.03960 31.42830 1.89789
C 17.88760 33.31020 1.75726
C 15.68380 31.34830 0.17446
C 19.62940 35.75140 1.65033
C 13.63580 34.71750 2.38459
C 20.56070 38.93520 1.62439
C 11.36270 37.08160 2.60919
C 21.64550 41.80550 1.64622
C 18.33390 41.18100 1.74007
C 8.40845 39.45470 1.09413
C 4.65337 39.14790 0.29185
C 16.30270 43.73880 1.83028
C 3.08658 41.97270 1.28421
C 14.26460 46.32830 1.63361
C 4.53919 44.69870 1.44955
C 2.58854 46.82190 1.36495
C 12.94510 25.03270 2.40869
C 12.33870 28.31410 1.20435
C 13.15760 31.31700 2.05947
C 10.09240 30.63100 2.45312
C 10.51970 33.72180 2.45817
C 5.66328 33.40640 2.92438
C 4.38275 36.53760 2.41564
C 0.72758 36.84100 2.28185
C 20.76440 24.90890 2.55224
C 17.78910 23.34020 2.71529
C 17.99700 26.30590 3.10776
C 16.69590 35.01030 1.51398
C 17.47920 38.33690 1.67848
C 14.29900 37.72730 2.01391
C 15.20760 40.75880 1.83814
C 11.92760 40.21830 1.95296
C 13.10960 43.16190 1.92412
C 9.84313 42.69210 1.89420
C 6.48415 42.31550 1.77065
C 11.18010 45.85190 1.89833
C 7.69665 45.25810 1.80156
C 5.74629 47.57710 1.71954
C 9.93679 25.32880 2.26210
C 6.60959 25.41890 2.30273
C 3.11651 25.48760 2.15583
C 8.36589 28.09360 2.31026
C 4.95601 28.20370 2.28553
C 1.65519 28.30650 2.02585
C 6.68008 30.67250 2.50708
C 3.52002 30.95830 2.29821
C 1.98193 33.76930 2.62251
C 20.23220 47.45840 -1.74550
C 17.42440 46.97650 -1.81010
C 15.24380 49.38100 -1.76875
C 16.59470 53.41700 -1.06152
C 14.28500 56.28390 -0.60739
C 17.85580 56.47780 -1.61376
C 20.25810 58.71840 -1.94816
C 21.94320 61.57190 -1.94562
C 24.22080 64.45850 -2.06071
C 19.00870 61.62700 -2.16395
C 16.46130 60.03130 -1.20373
C 13.91910 58.49500 -0.63857
C 10.34750 57.16240 -0.11648
C 22.58930 66.95620 -2.22626
C 20.27010 64.90110 -1.57599
C 10.89560 60.85270 -0.54214
C 23.46200 70.14550 -1.87670
C 11.50210 64.07380 -1.59175
C 11.78830 67.41030 -2.36025
C 9.22746 69.33580 -3.05536
C 13.71990 49.05320 -3.11005
C 7.02985 50.68950 -1.28007
C 3.65835 50.18080 -1.44195
C 11.22010 54.67170 -1.18019
C 7.90298 53.64130 -1.25798
C 4.96272 53.23630 -1.29335
C 1.75239 52.70810 -1.18490
C 7.34290 56.47100 0.24589
C 8.77624 58.49740 2.41262
C 7.34079 60.82400 -1.22371
C 9.09664 63.29500 -1.53872
C 8.41905 66.39980 -2.03132
C 6.95336 69.27680 -3.17404
C 23.24050 47.80980 -1.83916
C 21.33730 50.36880 -1.62859
C 17.85250 50.28730 -0.25912
C 23.07400 53.15040 -1.94605
C 19.73430 53.24640 -1.41238
C 21.41190 56.03600 -1.77368
C 23.39770 58.67770 -2.01157
C 16.58180 63.94280 -2.11094
C 14.11620 62.14480 -0.73947
C 20.36280 68.67100 -2.43476
C 17.32310 66.98840 -2.42626
C 14.14180 65.69940 -2.08040
C 17.67080 70.41990 -2.82900
C 14.83600 68.73520 -2.74418
C 12.19160 70.45110 -3.07581
C 11.92960 48.78280 -1.49131
C 8.95797 48.31700 -1.19707
C 10.30050 51.48830 -1.20172
C 3.36594 56.04420 -0.30057
C 5.41832 58.64130 -0.90911
C 1.99080 59.10700 -1.27965
C 4.13604 61.54710 -1.63932
C 6.15655 63.97280 -1.88304
C 2.79132 64.54400 -2.18298
C 4.88958 66.99010 -2.64810
C 1.87222 67.58110 -2.59165
C 4.03518 69.95900 -3.03069
H 1.95611 50.66090 0.35951
H 18.65940 47.99110 0.05747
H 16.09320 51.90720 0.67850
H 15.80080 54.95150 0.87157
H 16.26680 57.66340 -0.61692
H 21.86190 59.64900 -0.31858
H 18.80230 59.86180 -0.45954
H 23.69000 62.56500 -0.53209
H 14.23420 57.46220 1.58313
H 12.30040 55.79570 0.67960
H 22.43790 65.14000 -0.61265
H 20.42810 62.71620 -0.45583
H 17.24850 62.21330 -0.57525
H 14.83450 60.35990 0.66357
H 11.87040 58.89030 0.53177
H 23.75490 68.00060 -0.69546
H 11.97340 62.96420 0.11952
H 12.44560 66.12240 -0.38103
H 9.89639 68.19630 -1.04726
H 10.20700 71.10660 -1.67206
H 13.51410 49.86340 0.09717
H 4.09616 48.24090 0.01405
H 11.51620 52.50900 0.18557
H 8.40241 51.88120 0.39656
H 5.17068 51.33010 0.14542
H 9.22887 54.96450 0.39580
H 6.29848 54.24340 0.49576
H 3.25606 53.68000 0.48392
H 7.65944 56.07190 2.76120
H 6.95435 59.63880 1.04620
H 8.88066 61.93570 0.43755
H 7.71407 64.86340 -0.16131
H 6.73461 67.85340 -1.31334
H 5.78288 70.92230 -1.59664
H 25.01010 48.50030 -0.37278
H 21.72970 48.48810 -0.05509
H 23.24340 51.27520 -0.36818
H 20.10950 51.30030 0.17353
H 21.67080 54.13570 -0.13619
H 18.51710 54.05570 0.47086
H 23.28160 56.88760 -0.34338
H 19.99600 56.94860 -0.19975
H 20.72130 67.04820 -0.69826
H 18.04490 65.34460 -0.71817
H 15.05850 64.35360 -0.27825
H 21.24920 70.16680 -0.75177
H 18.33720 68.76730 -1.05835
H 15.45500 67.33060 -0.84510
H 15.79200 70.49270 -1.37038
H 12.95390 69.15830 -1.16557
H 10.39470 49.52660 0.38180
H 7.19740 48.89810 0.36144
H 5.11516 57.12770 1.06067
H 1.57777 57.50480 0.57153
H 3.75965 59.96970 0.27839
H 5.80328 62.38920 -0.03096
H 2.61525 62.95400 -0.31648
H 4.61936 65.44120 -0.70981
H 1.51506 66.00730 -0.74908
H 3.65169 68.47020 -1.13326
H 2.58784 71.31200 -1.54467
C 20.39400 47.38840 1.69443
C 17.10870 46.85690 1.60204
C 15.24570 49.40770 1.39060
C 16.92260 53.20450 2.38660
C 14.07460 55.09060 2.33381
C 17.81880 56.39690 0.84228
C 20.17550 58.90690 1.33029
C 22.03020 61.71500 1.09952
C 24.10340 64.51510 1.01927
C 18.87780 61.74380 1.13588
C 16.85700 59.45420 0.98854
C 13.54560 59.74970 2.31000
C 11.92150 57.41500 2.46201
C 22.39920 66.95210 0.96542
C 20.20790 64.98330 0.30968
C 10.98780 61.03770 1.32652
C 23.14600 69.98620 0.65059
C 11.25230 64.71590 1.46582
C 11.65900 67.94670 0.62402
C 9.24866 70.01240 0.37428
C 13.72530 52.44480 -0.26678
C 6.78979 50.74350 1.86847
C 3.64286 50.06460 1.66850
C 10.95980 54.25650 1.98158
C 8.10070 53.60630 2.07554
C 4.71324 52.93510 1.97170
C 1.63622 52.49970 2.01926
C 5.73977 55.90400 3.28311
C 8.17775 58.19240 4.17327
C 6.92588 61.66540 2.11052
C 9.07938 63.99160 1.77311
C 8.69144 66.80190 -0.18864
C 7.05860 69.70880 0.14178
C 23.55980 47.78360 1.46808
C 21.76400 50.46640 1.50629
C 18.56150 50.04220 1.54936
C 23.37110 53.12100 1.29582
C 20.10750 53.33920 1.72963
C 21.75140 55.97490 1.40661
C 23.41760 58.76320 1.27753
C 17.07000 64.02670 1.08654
C 14.15740 62.71670 1.19191
C 19.95370 68.69860 0.80413
C 17.43320 67.23230 0.65773
C 14.51730 66.06240 1.04956
C 17.55720 70.52560 0.38005
C 14.75170 69.25450 0.48885
C 12.06360 71.06300 -0.12190
C 12.21460 48.67550 1.84828
C 8.92968 48.37080 1.98033
C 10.14570 51.26990 2.01165
C 3.05463 55.81630 1.62861
C 4.82051 59.01870 2.41378
C 1.85777 59.04510 1.77654
C 3.98759 61.97260 1.57181
C 5.81534 64.49130 1.26125
C 2.88980 65.08890 1.01188
C 5.17522 67.52810 0.50657
C 1.95829 68.04450 0.61822
C 4.16706 70.49400 0.20167
C 9.91458 90.39580 -2.15917
C 11.42250 93.32110 -2.27251
C 8.14905 93.13050 -2.92247
C 4.91291 92.45430 -3.12927
C 1.85680 92.40460 -3.85901
C 5.21087 75.34620 -4.07271
C 10.19080 78.43210 -4.13669
C 6.95343 78.35680 -4.21504
C 3.59899 78.14420 -4.10214
C 12.42510 86.88970 -5.31169
C 10.73070 88.63600 -2.19465
C 6.93637 90.15710 -2.95806
C 3.60000 89.78430 -3.57249
C 23.54510 80.92730 -2.06580
C 20.10450 81.94930 -2.30737
C 17.30750 83.61420 -3.14626
C 14.31880 86.35840 -5.94418
C 13.70640 88.25300 -2.50190
C 13.24770 91.00140 -1.06470
C 15.55400 93.17280 -1.78829
C 18.13320 94.91430 -1.53552
C 23.66470 95.76820 -0.69355
C 23.88280 73.27670 -2.15091
C 24.34210 76.81420 -1.65180
C 21.65470 78.26530 -2.77384
C 9.57765 72.35280 -3.68295
C 16.00780 78.33650 -4.44130
C 13.32000 77.01270 -4.87475
C 8.80169 75.35410 -3.32231
C 16.39400 82.00310 -4.11494
C 6.14998 72.36610 -3.67699
C 2.93724 72.76950 -3.51150
C 6.15584 95.74060 -3.40540
C 2.97937 95.20430 -3.50877
C 8.22406 81.25840 -4.45066
C 5.20139 81.05790 -4.23705
C 2.00790 81.02810 -4.30638
C 9.79614 84.31980 -4.78549
C 6.63304 83.97460 -4.19733
C 3.69487 83.91420 -4.26301
C 8.21506 86.87110 -4.15934
C 5.07833 87.08370 -3.98947
C 1.88163 87.01580 -4.09217
C 22.85660 84.20420 -2.02348
C 19.76370 85.40730 -2.40391
C 16.79690 86.85830 -2.65062
C 22.36400 87.32470 -1.67403
C 19.27370 88.72000 -2.02318
C 16.18040 89.93730 -2.24181
C 24.94910 89.43530 -0.76593
C 21.79050 90.68180 -1.50074
C 18.63250 92.04150 -1.69560
C 24.30040 92.53280 -0.79291
C 21.37430 93.77270 -1.36124
C 20.71700 71.66330 -2.63340
C 21.11760 74.63140 -2.94388
C 18.24100 73.29920 -3.24901
C 15.19550 71.89310 -3.31474
C 18.34490 76.25280 -3.86949
C 15.63180 74.89060 -3.98910
C 12.53270 73.70850 -3.92625
C 18.63730 79.70510 -4.19484
H 11.01240 91.62670 -0.55860
H 7.94167 91.48020 -1.15450
H 12.61770 94.31290 -0.26592
H 6.25112 93.96930 -1.63626
H 3.07292 93.41900 -1.81007
H 6.76376 76.52920 -2.46462
H 3.51295 76.64980 -2.56383
H 8.45075 79.45610 -2.62767
H 9.83646 82.45540 -2.86090
H 11.46480 84.98680 -3.83359
H 9.09876 88.84830 -0.38812
H 4.83437 90.54150 -1.53155
H 1.67672 90.51740 -2.19553
H 23.15950 78.78550 -0.94948
H 22.06290 82.28970 -0.66279
H 18.76360 83.54730 -1.05034
H 15.95980 84.85080 -1.30581
H 14.35950 86.57400 -3.47013
H 12.32870 88.68290 -0.40295
H 14.98420 91.17370 -0.65312
H 17.31300 93.20830 0.03946
H 15.47800 95.16020 -1.64718
H 19.85440 95.18970 0.01140
H 24.61500 71.56560 -0.50135
H 24.38880 74.78720 -0.13725
H 21.97670 76.30570 -1.39121
H 19.23010 78.01800 -2.84567
H 13.46350 75.36840 -2.85164
H 10.66350 74.15060 -2.37812
H 7.87375 73.35220 -2.27879
H 16.49920 79.98850 -2.55011
H 13.61170 78.49130 -3.23603
H 4.79126 73.82030 -2.24118
H 9.45360 94.28700 -1.13451
H 5.27830 79.28850 -2.58509
H 1.98191 79.31550 -2.61292
H 6.73431 82.21240 -2.71226
H 3.53581 82.03510 -2.68107
H 8.29187 85.15920 -2.76402
H 5.08397 85.04830 -2.51344
H 1.95991 84.97410 -2.82866
H 6.59426 87.91270 -2.44710
H 3.36208 87.76910 -2.25534
H 25.10860 80.94020 -0.14057
H 24.32120 84.27580 -0.07774
H 21.27220 85.43500 -0.45221
H 18.43720 86.72330 -0.83436
H 15.56510 87.97680 -0.87529
H 23.77720 87.49860 0.36937
H 20.95690 88.73280 -0.21908
H 17.91230 89.98660 -0.42565
H 23.24880 90.71920 0.55531
H 20.35650 91.99780 0.04891
H 22.79660 93.94640 0.71345
H 21.71690 73.19990 -1.02718
H 18.74260 71.98070 -1.20948
H 19.05180 75.01800 -1.79894
H 16.16900 73.66580 -1.93180
H 13.19950 72.34040 -1.93688
H 16.26390 76.77040 -2.60612
C 9.17418 90.96810 0.88630
C 10.92350 93.68710 0.85907
C 7.62908 93.40800 0.30202
C 4.73262 92.62570 -0.16333
C 1.39039 92.31410 -0.49876
C 5.33945 75.84140 -0.82845
C 10.26380 78.80800 -0.98456
C 6.97452 78.52400 -0.92259
C 3.61653 78.61510 -0.90476
C 13.39000 83.21090 -3.59075
C 10.34240 88.14990 1.16022
C 6.75883 89.52590 -0.41750
C 3.21719 89.45400 -0.37265
C 22.89750 80.38190 0.81417
C 19.86070 81.33710 -0.53058
C 16.58970 82.69970 -0.11124
C 13.57570 84.52030 -2.16804
C 13.50020 86.95150 0.15505
C 12.90360 90.71270 0.68343
C 14.91330 93.48930 0.22188
C 17.95760 94.70430 1.70449
C 23.05800 95.50980 2.61371
C 23.19670 72.95650 1.00896
C 23.18580 76.92290 0.60873
C 20.83110 78.44080 -0.97908
C 9.64599 72.77020 -0.57602
C 14.65540 78.35100 -1.55969
C 11.23470 77.64490 -2.43047
C 8.80178 75.57490 -1.59274
C 15.16350 81.52150 -1.10143
C 6.31662 73.08070 -0.42411
C 3.11661 73.48110 -0.38836
C 5.96145 95.96620 -0.16331
C 2.85562 95.42350 -0.31706
C 8.79843 81.68680 -1.36207
C 5.29604 81.24170 -1.05177
C 1.88737 81.27640 -1.08075
C 10.39450 84.68640 -1.49340
C 6.84236 84.03150 -1.06751
C 3.46337 83.98500 -1.05947
C 8.24651 86.75900 -0.88420
C 5.11259 86.79260 -0.82822
C 1.66399 86.64160 -0.96730
C 22.15640 83.62260 1.02911
C 19.09450 84.75200 0.63547
C 16.45280 86.23280 0.63665
C 21.50700 86.79060 1.32654
C 18.81930 88.26050 1.01656
C 15.84730 89.59990 0.93974
C 23.96250 89.07620 2.27291
C 21.09890 90.28000 1.70124
C 18.37580 91.47860 1.45733
C 23.61690 92.36290 2.45442
C 20.64930 93.66110 1.87647
C 20.34490 71.95790 0.61801
C 20.60410 75.04150 0.14016
C 17.79310 73.86870 -0.02047
C 14.88790 72.43850 -0.21882
C 17.93690 77.04260 -0.92800
C 15.00210 75.56120 -0.89767
C 12.37870 74.40980 -0.79188
C 17.91810 79.24960 -0.92521
C 38.72400 0.70719 1.04844
C 35.42660 0.51172 0.57627
C 39.54140 3.61642 1.41218
C 48.72200 9.73551 -0.17024
C 45.33730 9.34062 0.24937
C 42.23530 8.98565 0.55241
C 43.09410 11.95940 0.17223
C 33.73960 -0.12025 1.41287
C 27.60560 0.91643 0.41128
C 36.05110 3.45424 1.61989
C 37.55690 6.17571 1.04967
C 39.07410 8.84941 0.64049
C 26.39000 9.22664 -0.17093
C 40.86620 11.59700 0.31205
C 39.91840 14.55650 -0.10702
C 26.86480 15.04030 -0.88902
C 28.51270 17.67730 -0.94286
C 36.94870 20.28140 -1.11001
C 33.54080 20.30790 -1.18124
C 29.89310 20.46130 -0.99934
C 26.36770 20.95430 -0.45273
C 49.39850 11.66890 -0.82992
C 46.24720 12.44230 0.00254
C 44.75360 14.60080 -2.27897
C 43.67240 17.77140 -2.23424
C 40.58390 19.16240 -1.53528
C 40.34460 22.45360 -2.18425
C 47.97010 1.58403 1.60161
C 44.92050 1.03429 1.61608
C 41.52280 0.74582 1.40671
C 49.20330 4.28439 1.08046
C 46.03210 3.97852 1.23885
C 42.77110 3.64453 1.29818
C 47.46830 6.90886 0.69143
C 44.24820 6.47601 0.89585
C 40.76580 6.17604 1.13220
C 30.70570 0.46119 0.75684
C 32.68270 3.36454 0.91346
C 29.37260 3.66923 0.59237
C 26.26560 3.59402 0.40014
C 34.30250 6.31109 0.88806
C 31.25700 6.37127 0.72849
C 28.28790 6.36545 0.42334
C 36.14280 9.02627 0.59261
C 32.94970 9.09221 0.51458
C 29.69170 9.13972 0.23642
C 37.99800 11.67470 0.26327
C 34.70800 11.68030 0.10368
C 31.37600 11.79900 -0.11483
C 28.18900 12.17850 -0.40938
C 36.33910 14.23820 -0.41993
C 33.07430 14.47060 -0.63126
C 30.03130 14.74330 -0.65597
C 38.13960 17.04160 -0.80206
C 35.00730 17.28310 -0.95866
C 31.73110 17.50010 -0.83031
C 49.20850 14.66980 -1.40165
C 46.29940 16.12170 -1.68571
C 49.15530 17.67650 -1.95300
C 46.21730 19.11670 -2.19623
C 43.16440 20.84640 -2.48524
C 48.96630 20.68660 -2.72631
C 46.09240 22.27350 -3.04775
H 36.82900 1.25003 2.47357
H 41.24460 4.62465 3.01002
H 38.06620 4.39542 2.74424
H 49.10200 8.26552 1.96910
H 42.56410 7.37514 2.38207
H 46.97560 10.61030 1.29468
H 43.74890 10.37570 1.97848
H 30.68700 -1.08136 2.86691
H 27.78020 -1.02492 1.93224
H 32.33670 1.62409 2.43466
H 25.93710 1.73618 1.92908
H 34.12470 4.59734 2.71483
H 39.24090 7.30712 2.51538
H 36.00510 7.28630 2.41819
H 40.70510 10.02210 2.11065
H 39.39170 12.97430 1.83276
H 26.68680 13.18430 0.85048
H 40.94540 15.96230 0.99570
H 37.88670 15.45120 1.01913
H 36.64820 18.44180 0.55317
H 26.94950 18.76710 0.82399
H 34.96940 21.29790 0.29526
H 31.81360 21.10710 0.62510
H 28.73680 21.54750 0.23932
H 48.53350 13.43410 0.62771
H 45.52780 14.69520 0.22607
H 42.91650 16.04490 -1.41681
H 42.52280 19.35330 -0.62399
H 39.85850 21.14080 0.10390
H 24.81340 -1.14080 1.33341
H 48.05980 -0.09609 3.38279
H 45.01290 -0.64927 3.50944
H 41.89780 -1.02060 3.12419
H 38.78160 -1.37822 2.44848
H 49.44630 2.84110 3.08317
H 46.27150 2.42418 3.09526
H 43.12610 1.90859 2.95624
H 39.99040 1.62653 2.96887
H 47.55400 5.36645 2.63356
H 44.35320 4.84382 2.72565
H 45.76620 7.87775 2.22774
H 29.16430 1.79419 2.13402
H 30.96600 4.60937 2.27028
H 27.74170 4.66661 2.02759
H 32.73740 7.48944 2.43009
H 29.56520 7.51525 2.18769
H 26.38980 7.45987 1.55579
H 37.64270 10.14420 2.07791
H 34.44210 10.14990 2.05977
H 31.20350 10.28400 1.85938
H 28.00280 10.34190 1.38190
H 36.25750 12.81830 1.59892
H 33.01520 12.94980 1.38100
H 29.84270 13.06680 1.26476
H 34.75850 15.59150 0.80779
H 31.62940 15.77010 0.86618
H 28.50070 15.96740 0.80763
H 33.44130 18.49630 0.63972
H 30.15700 18.63170 0.66348
H 48.21600 16.48270 -0.04960
H 45.28900 17.81450 -0.28091
H 48.08960 19.59790 -0.78523
H 45.22130 21.02290 -1.12431
H 42.53190 22.67690 -0.91226
H 48.01870 22.61970 -1.60928
C 38.33660 0.25435 4.19159
C 35.38790 -0.16238 3.88192
C 39.55860 3.53656 4.47520
C 48.68870 10.56390 2.99357
C 45.64730 10.14800 3.32720
C 42.36790 9.41008 3.79576
C 43.00740 12.48630 3.20056
C 33.67680 0.93345 4.50168
C 27.46390 0.70822 3.57450
C 36.02490 3.27499 3.63246
C 37.61110 6.38764 4.11951
C 39.16380 9.41109 3.82626
C 26.28940 9.41755 3.02404
C 40.91480 12.08370 3.46559
C 39.39650 15.19530 2.95236
C 26.65940 15.17850 2.34237
C 28.16050 18.14760 2.09417
C 37.51940 20.86840 0.65600
C 33.68140 20.42950 2.24132
C 29.98890 20.51490 2.26136
C 26.42390 21.24880 1.46821
C 49.72690 12.28200 2.40749
C 46.53900 13.01660 1.78671
C 43.20740 14.70210 0.91207
C 43.12870 17.37380 0.78553
C 41.01760 19.87000 1.41449
C 40.82180 23.29960 0.84482
C 47.94800 1.90496 4.78372
C 44.78890 1.38510 4.72528
C 41.65830 0.90461 4.69365
C 49.33590 4.96511 4.34096
C 46.11550 4.46868 4.40168
C 43.03770 3.88648 4.50763
C 47.59640 7.53746 3.87454
C 44.42900 6.93292 3.97282
C 40.95800 6.76266 4.20101
C 30.46520 1.12155 4.15337
C 32.49600 3.75408 4.05819
C 29.16910 3.72428 3.68171
C 26.01690 3.50905 3.46009
C 34.29590 6.55397 4.13013
C 31.01950 6.45483 3.87703
C 27.78570 6.66206 3.48728
C 36.07400 9.34560 3.77528
C 32.69300 9.45575 3.71084
C 29.37470 9.61593 3.41964
C 37.72950 12.15660 3.42388
C 34.53240 12.25590 3.24360
C 31.29930 12.37780 3.10096
C 28.05390 12.34720 2.78165
C 36.20460 14.95080 2.74733
C 33.15600 15.04470 2.63527
C 29.96250 15.18250 2.59869
C 39.00630 17.64600 0.85093
C 35.22250 17.63990 2.26156
C 31.75870 17.77800 2.29542
C 49.38830 15.37920 1.78673
C 46.32500 16.53460 1.58278
C 49.16370 18.44280 1.06416
C 46.16360 19.70240 0.76523
C 43.48320 21.27980 0.73340
C 48.93470 21.49910 0.34562
C 46.26230 22.90450 0.06980
C 49.10020 30.34550 -2.28991
C 47.44630 33.02030 -2.31628
C 49.41170 35.89820 -2.71488
C 48.11870 38.62760 -2.88874
C 37.45020 23.78930 -2.52359
C 40.03570 26.25470 -2.24769
C 42.88520 27.61830 -3.24572
C 48.75880 27.31290 -3.95949
C 45.74440 29.26750 -4.05206
C 36.68980 25.81720 -2.57930
C 33.96110 24.01530 -1.76022
C 29.93850 23.74480 -0.23190
C 40.37220 29.95860 -3.16115
C 37.36520 28.82560 -2.67578
C 28.17060 25.82820 -1.87029
C 44.03300 33.65930 -2.75248
C 40.81590 33.23620 -3.19149
C 25.73870 28.05740 -1.88176
C 41.78410 37.01060 -2.47717
C 39.11820 38.69350 -2.71794
C 37.08900 41.14120 -2.45159
C 34.21970 42.76780 -2.68662
C 31.17460 41.49560 -2.67726
C 28.16730 41.28940 -4.01857
C 24.34150 39.63390 -3.71314
C 23.65330 43.03770 -4.19737
C 31.47540 44.66240 -2.43905
C 28.09290 44.52860 -2.33153
C 32.73920 47.80040 -2.76030
C 45.82190 36.21010 -2.14477
C 44.60860 39.39600 -2.95002
C 41.47780 40.74010 -2.91685
C 46.88380 41.44900 -3.31667
C 40.93240 43.92700 -2.86369
C 37.87940 45.25900 -3.70197
C 35.12580 46.04170 -2.32319
C 47.14380 44.54360 -3.38631
C 43.13450 24.04610 -2.98484
C 48.83220 23.78470 -3.58204
C 46.08870 25.12550 -3.91968
C 34.22940 27.94650 -2.33595
C 31.27980 26.45550 -2.11964
C 37.92420 32.03940 -2.83633
C 34.99450 30.91150 -2.53901
C 31.76540 29.85190 -2.34287
C 28.88720 28.85590 -1.96023
C 38.47940 35.19550 -2.91736
C 35.59060 34.03320 -2.73439
C 32.43070 32.98360 -2.66834
C 29.40560 31.87320 -2.25197
C 26.28520 30.90850 -1.89432
C 36.10480 37.33820 -2.75356
C 33.19820 36.22480 -2.82267
C 30.06550 35.08880 -2.90445
C 26.98190 34.00170 -2.58852
C 33.95150 39.46350 -2.86866
C 30.82350 38.32020 -3.19311
C 26.98670 37.32790 -2.54855
C 29.49210 47.44070 -2.33085
C 43.80580 42.46120 -3.15239
C 44.06810 45.67520 -3.02291
C 40.78970 46.81480 -2.88135
H 47.75010 31.39410 -0.33186
H 49.22760 34.14380 -0.95291
H 47.93040 36.99480 -1.04985
H 39.38410 24.20800 -1.08082
H 42.36130 25.81520 -1.54994
H 41.06240 28.36810 -1.71557
H 47.58970 28.81990 -2.35815
H 44.61650 30.02840 -1.77044
H 38.11100 27.14780 -1.05213
H 35.06370 26.07920 -0.71700
H 31.95410 25.02150 -0.74428
H 41.83630 31.46240 -1.56421
H 38.73370 30.37140 -1.30346
H 29.63500 27.20650 -0.35639
H 26.72800 26.08800 -0.36441
H 42.21890 34.69050 -1.69863
H 39.62150 36.63920 -1.31659
H 41.07060 39.03660 -1.25225
H 24.99980 34.45160 -0.90629
H 37.84200 41.90010 -0.10821
H 31.95120 39.73170 -1.43584
H 28.98660 38.71540 -2.08982
H 24.73700 38.23330 -1.46810
H 35.69000 43.96490 -1.19052
H 32.41860 42.97070 -0.90298
H 28.04550 42.93700 -1.32424
H 33.04390 46.00450 -1.08457
H 29.80970 45.64990 -0.79379
H 46.06170 33.98290 -1.16782
H 43.93480 37.62040 -1.34349
H 46.48590 39.76740 -1.39391
H 43.39870 40.85070 -1.36417
H 40.55690 42.22250 -0.91183
H 38.42080 43.40520 -2.66221
H 45.85710 42.99820 -1.92647
H 45.22700 24.15920 -1.77790
H 47.85950 25.67050 -2.38107
H 45.01070 27.14100 -2.92480
H 35.76740 29.26130 -0.84039
H 32.61640 28.15400 -0.86600
H 39.21070 33.52260 -1.31817
H 36.25730 32.35750 -0.99916
H 33.16050 31.39860 -0.98059
H 30.19830 30.33570 -0.46095
H 27.16400 29.30210 -0.28080
H 36.70590 35.49240 -1.20735
H 33.73230 34.49280 -1.17770
H 30.63950 33.50940 -1.05149
H 27.64680 32.48930 -0.67004
H 37.30410 38.94330 -1.22053
H 34.29890 37.68550 -1.15203
H 31.28430 36.63090 -1.33858
H 28.24150 35.55930 -1.29995
H 34.98250 40.94190 -1.19528
H 26.58470 45.59190 -0.47354
H 42.95980 44.06570 -1.51481
H 40.19180 45.34120 -0.89284
H 37.36640 46.50150 -1.50655
H 45.97780 46.09580 -1.79882
H 42.83820 47.36950 -1.64992
C 49.32070 30.42010 0.72262
C 47.32650 33.70340 0.68489
C 49.57560 36.07870 0.50587
C 48.01020 38.96480 0.43666
C 37.84070 23.99440 0.68463
C 40.35700 26.41760 -0.42266
C 43.40380 27.95960 -1.13051
C 47.71080 27.37030 -0.53040
C 46.12460 30.29240 -0.83234
C 37.09460 25.97200 0.79297
C 34.54670 23.81720 0.20238
C 31.49770 23.25190 1.19994
C 40.92030 30.17690 -0.01297
C 37.79120 28.97670 0.53720
C 28.86020 25.35850 1.09720
C 44.11090 32.49300 -1.08866
C 41.31850 33.52190 0.02523
C 26.29010 27.88600 1.51945
C 41.84090 36.85660 -0.39358
C 39.16560 38.46360 0.27458
C 36.74180 40.67160 0.54484
C 34.57560 42.80960 0.39257
C 31.26010 41.55350 0.23923
C 28.79490 41.10420 -2.18828
C 23.49120 39.46010 -0.36404
C 25.61490 42.12790 -1.38537
C 31.70580 44.92570 0.66434
C 28.41980 44.26700 0.84444
C 32.94780 47.77150 0.57427
C 45.71770 36.27830 -0.23580
C 44.53360 39.20110 0.16184
C 41.85080 40.49000 0.54679
C 46.54180 41.55440 0.01991
C 41.73450 43.99000 0.59941
C 37.96600 44.43030 -0.36307
C 35.32090 46.14580 -0.20422
C 47.04190 44.38990 -0.21579
C 43.66940 24.67660 0.09019
C 48.86960 24.54570 -0.43966
C 46.10400 26.26060 -0.87095
C 34.42550 27.93380 0.80781
C 31.65580 26.83100 0.95809
C 38.29160 32.07090 0.37877
C 34.97930 31.01390 0.64735
C 32.30570 29.90060 0.76125
C 29.08030 28.96060 1.24643
C 38.62990 35.28520 0.38478
C 35.50780 34.17060 0.52016
C 32.49940 33.19300 0.53213
C 29.55850 32.30300 0.88945
C 26.77260 31.19750 1.26633
C 36.10310 37.40100 0.31198
C 32.99910 36.23810 0.42160
C 30.04170 35.37030 0.44762
C 27.02550 34.47690 0.69298
C 33.65670 39.57910 0.34408
C 30.40170 38.47390 0.01266
C 27.01540 37.66250 -0.67201
C 29.85570 47.59920 0.79984
C 44.32770 42.63970 -0.03726
C 44.06160 45.83770 -0.21980
C 41.30270 47.29940 0.27739
H 37.30720 60.33960 -1.16152
H 34.62360 58.81440 -1.37254
H 40.50140 63.84340 -1.44488
H 37.41370 63.21730 -1.22526
H 44.35540 68.23890 -0.79040
H 41.09690 66.91110 -0.97050
H 29.31700 62.88220 -0.71012
H 44.67730 71.39830 -0.96091
H 25.69480 65.42600 -0.36002
H 26.82620 69.03030 -0.65344
H 27.97230 71.86480 -0.01875
H 34.64440 61.95670 -0.98411
H 38.13570 66.08550 -1.14912
H 35.02420 65.17220 -0.94610
H 32.08260 64.05700 -0.99431
H 41.80850 70.09080 -1.12704
H 38.84430 69.21880 -0.98847
H 35.65760 68.12690 -1.01875
H 32.42640 67.13940 -0.86153
H 29.48670 65.99360 -0.57512
H 36.40060 71.18180 -0.52689
H 33.21480 70.28960 -0.65622
H 30.15820 69.55450 -0.34014
C 47.74080 66.04910 -4.35941
C 48.99100 69.40170 -1.90802
C 34.96930 50.44970 -1.94030
C 35.93180 53.60960 -3.51968
C 33.76860 56.42160 -0.89408
C 31.22790 55.91850 -2.32715
C 30.45100 58.86430 -1.47049
C 28.27500 61.39910 -2.28919
C 25.22020 61.47540 -2.10632
C 36.86660 58.54280 -2.72070
C 39.23900 61.60700 -1.82004
C 36.20970 61.73050 -2.84147
C 33.40940 60.64380 -2.66833
C 43.18940 66.28540 -2.13361
C 40.02720 65.43040 -2.70313
C 30.97460 62.37320 -2.39745
C 43.72260 69.87900 -2.65770
C 27.74970 64.56810 -1.46915
C 25.68590 67.28320 -2.09723
C 26.54900 71.03730 -2.06952
C 38.11620 48.33000 -2.84378
C 37.84560 51.42790 -2.71285
C 37.26210 55.24760 -3.42489
C 39.87640 56.88630 -3.14128
C 42.07430 59.11270 -2.75546
C 48.17970 59.30130 -2.79473
C 42.45460 62.68590 -2.68687
C 47.30860 62.61400 -2.39358
C 45.51550 63.93630 -2.23356
C 26.30910 47.46330 -2.19988
C 31.15180 50.26870 -2.54232
C 27.76800 50.17580 -2.21372
C 24.67320 50.25610 -2.03602
C 32.68640 53.13780 -2.77453
C 29.47500 53.07950 -2.40521
C 26.29530 53.04910 -2.15394
C 28.06270 55.97430 -2.14183
C 24.78530 55.93080 -2.08859
C 26.59800 58.73030 -2.01756
C 36.58380 64.99820 -2.74386
C 33.90100 63.73370 -2.56645
C 40.57030 68.43340 -2.54622
C 37.51810 67.97100 -2.57391
C 34.08850 66.92040 -2.45154
C 31.06120 65.75630 -2.48255
C 38.00080 70.97000 -2.38355
C 35.08120 70.09230 -2.28946
C 31.74100 69.07280 -2.18934
C 28.91810 68.07680 -1.82541
C 32.80370 72.12670 -2.12201
C 29.53880 71.34280 -1.97592
C 46.49160 47.95720 -3.33302
C 43.64370 49.11790 -3.17745
C 40.66550 49.93580 -3.05965
C 46.38700 51.04390 -3.04604
C 43.46260 52.16790 -3.13943
C 40.15990 53.57080 -3.28705
C 45.99800 54.21090 -2.89636
C 42.82980 55.62900 -3.15851
C 48.63030 56.21860 -2.83012
C 45.46660 57.41990 -3.00944
C 44.96120 60.49130 -2.64102
H 47.60890 65.22500 -2.40033
H 49.09130 67.30230 -0.51911
H 47.16790 69.70480 -0.64662
H 34.55340 48.19200 -1.23156
H 32.87530 51.27650 -0.97540
H 34.39600 54.04490 -1.68300
H 32.62920 57.91720 0.80419
H 31.72330 60.72370 -0.80908
H 28.27410 59.71120 -0.47634
H 26.81300 62.49750 -0.64100
H 37.11310 49.66100 -1.01081
H 48.31920 48.12540 -1.68375
H 39.66170 51.72590 -1.80909
H 39.05280 55.08510 -1.66669
H 36.29950 56.44570 -1.47069
H 38.83010 58.12480 -1.19702
H 41.51630 60.72970 -1.19890
H 46.92180 60.58840 -1.12604
H 44.20380 62.30290 -0.83283
H 31.26620 48.51970 -0.99034
H 28.05310 48.42140 -0.55872
H 29.58820 51.16400 -0.86494
H 26.38660 51.20990 -0.54398
H 31.22580 53.97210 -0.86550
H 28.01140 54.00740 -0.69511
H 24.83720 54.07050 -0.46853
H 29.70460 56.76090 -0.50428
H 26.44490 56.79690 -0.47292
H 24.98880 59.65620 -0.38450
H 39.96290 48.46000 -1.29775
H 45.43160 49.29900 -1.55087
H 42.49160 50.57690 -1.52321
H 48.11820 51.23430 -1.31925
H 45.19540 52.37840 -1.35368
H 42.13850 53.69880 -1.76229
H 47.79250 54.42110 -1.21091
H 44.69210 55.61630 -1.44678
H 41.68820 56.96760 -1.42826
H 47.29750 57.49110 -1.33725
H 44.23050 58.80920 -1.37452
C 46.67540 67.22320 -1.23638
C 48.47690 68.83480 1.30890
C 34.95690 50.27770 -0.04027
C 36.07210 53.19810 -0.10553
C 33.09360 57.67080 2.81450
C 31.08190 55.69830 1.00812
C 30.45540 58.95080 0.48282
C 28.29960 61.46190 1.01380
C 25.31830 61.58670 1.03998
C 36.68190 58.38420 0.08733
C 39.38350 60.24810 0.06766
C 36.56030 61.74610 0.58983
C 33.77730 60.22530 0.57946
C 43.31980 66.02010 -0.17322
C 39.80970 65.35460 0.53224
C 31.23900 62.48920 0.71942
C 43.69740 69.67320 0.45888
C 27.82350 64.45330 0.33889
C 25.51480 67.48230 0.96281
C 26.10010 70.61820 1.24386
C 38.17430 47.89500 0.29781
C 38.45470 51.06490 0.27855
C 37.32550 54.90260 0.18687
C 39.94650 56.41890 0.31914
C 42.26760 58.72100 0.25120
C 48.13360 59.06820 0.39657
C 42.11290 62.77240 0.43109
C 47.42780 62.20070 0.68535
C 45.76700 63.45600 0.81462
C 26.60560 47.50790 1.20596
C 31.56030 50.40780 0.57500
C 28.12060 50.36740 0.97305
C 24.96080 50.34940 1.17865
C 33.12690 53.19990 0.52140
C 29.67670 52.97890 0.81502
C 26.53570 53.09540 1.04925
C 28.22910 55.81400 1.01563
C 25.01760 55.91590 1.18207
C 26.75670 58.68200 1.12126
C 36.88930 64.88600 0.54144
C 33.92010 63.64200 0.58808
C 40.63540 68.81490 0.58562
C 37.59370 67.83030 0.48038
C 34.32150 66.85630 0.63741
C 31.21770 65.60290 0.74171
C 38.41640 70.75430 0.82243
C 35.03010 69.64790 0.78948
C 31.81340 68.86120 0.84559
C 28.68090 67.96700 0.74597
C 32.80020 71.99540 1.07997
C 29.64960 71.39140 1.29116
C 46.54560 47.70930 0.00815
C 43.53240 49.08080 0.03933
C 40.51270 50.32010 -0.00046
C 46.23690 50.87990 0.22255
C 43.13450 52.29650 0.07012
C 40.20690 53.51020 -0.17543
C 45.89170 54.15560 0.27757
C 42.85060 55.31690 0.09142
C 48.22880 56.09560 0.55904
C 45.33760 57.30050 0.23131
C 45.10440 60.25830 0.47913
H 42.22470 73.28360 -1.89204
H 39.95620 75.63480 -0.95563
H 37.78100 77.66640 0.43461
H 26.45000 73.64850 -2.18525
H 35.23540 79.62270 1.15683
H 32.39350 78.83410 -0.05508
H 29.56680 77.96950 -1.26015
H 26.79740 76.76730 -1.74446
H 39.46270 72.20310 -0.82891
H 37.12050 74.33990 -0.43717
H 34.13410 73.42380 -0.46732
H 31.03810 72.61250 -0.44538
H 34.80990 76.66110 -0.21620
H 31.83410 75.73060 -0.56444
H 28.84400 75.01370 -0.70263
C 44.01860 89.82870 1.53897
C 37.45540 89.82460 0.92358
C 48.50410 93.55590 2.08682
C 45.78230 92.50460 3.04441
C 42.67900 92.87800 1.36801
C 39.58870 92.51580 0.68223
C 35.68420 92.55950 0.24554
C 34.48130 94.28020 0.65545
C 46.27520 75.04680 1.02845
C 43.22290 76.23230 2.21442
C 41.41220 78.67610 0.48985
C 39.15280 80.91260 -0.55221
C 39.03520 83.96590 -0.00034
C 38.89590 87.29950 0.80863
C 40.95310 89.15110 2.66284
C 46.98890 88.64260 1.75141
C 46.84430 71.94290 -2.03372
C 29.66590 96.19340 0.52795
C 26.35770 79.17600 -1.34014
C 30.65330 80.20590 -1.14873
C 28.50250 81.30920 -0.98960
C 35.77050 83.61060 1.52417
C 33.26960 85.56800 0.70561
C 35.95310 86.93600 1.03697
C 32.92670 88.69930 0.88934
C 32.42950 91.97960 2.03613
C 29.76540 93.15880 1.44562
C 44.16190 72.72860 -3.01522
C 41.64450 75.26070 -2.87151
C 38.79500 77.34750 -2.04676
C 26.36900 75.19220 -3.80364
C 37.36160 79.94380 -0.38439
C 31.82950 77.57770 -2.15341
C 28.92610 76.23970 -2.94644
C 46.72170 96.04840 1.96473
C 43.72330 95.69720 1.79473
C 40.74240 95.67240 1.16203
C 37.61060 95.72700 0.34864
C 46.74630 78.32770 1.53399
C 44.17080 80.25650 1.01154
C 41.72050 82.21800 0.34373
C 46.89770 81.87110 1.43467
C 44.23430 83.87060 1.04703
C 41.50970 85.53540 0.97651
C 47.03530 85.25630 1.43214
C 44.21980 86.87540 1.39057
C 25.86130 82.84970 -1.40644
C 31.19420 83.51710 -0.23001
C 28.10990 84.81920 -0.61964
C 25.28600 86.26250 -1.14972
C 30.39470 86.84780 0.28542
C 27.76800 88.10720 -0.13420
C 29.77570 89.98040 0.68746
C 27.23630 91.44170 0.16376
C 26.55920 94.94490 0.60901
C 40.77090 71.52780 -2.80548
C 38.75000 73.99840 -2.30078
C 35.95820 73.01830 -2.10713
C 36.87190 76.44890 -1.58077
C 33.92400 75.49370 -1.91877
C 30.81540 74.35410 -2.18759
C 34.40190 78.85940 -1.25268
H 42.42550 91.11490 3.07903
H 39.05400 90.76680 2.64678
H 46.97770 94.49550 3.72853
H 37.65010 93.43920 1.55736
H 33.81140 93.87810 3.13344
H 35.69320 96.02340 1.81941
H 45.69170 76.95510 2.94747
H 42.92800 78.70380 2.62485
H 40.36010 80.54300 1.55934
H 37.58230 82.15170 1.06996
H 48.32290 78.67330 3.61096
H 37.67910 85.25250 1.52664
H 37.42300 88.01630 2.62549
H 40.28710 86.76830 2.78408
H 45.56140 90.08990 3.38693
H 48.02240 91.70640 3.70049
H 47.24120 72.82720 0.26611
H 25.53250 77.59410 0.43967
H 27.81530 79.55850 0.69611
H 30.15980 81.61270 0.86411
H 32.49070 83.52110 1.96089
H 34.75090 85.52750 2.83894
H 34.49830 88.66540 2.39387
H 31.43690 89.96260 2.58058
H 28.41330 91.22760 2.38057
H 25.77850 92.67240 1.22242
H 30.69830 93.35850 3.32908
H 43.74950 93.98840 3.32356
H 40.67870 93.69040 2.56899
H 45.80580 80.22590 2.93081
H 43.16840 82.02800 2.35135
H 40.46980 83.63580 2.02713
H 48.59860 81.86900 3.18975
H 45.86370 83.57010 2.88119
H 43.17660 85.15840 2.76294
H 48.65830 85.14490 2.99883
H 45.95560 86.78650 3.16173
H 43.10550 88.19930 3.16482
H 48.69330 88.65680 3.19417
H 27.29680 82.83030 0.59642
H 29.68630 84.84050 1.28365
H 26.70750 86.19460 0.89845
H 31.90910 86.84550 2.25413
H 29.01840 88.03960 1.96569
H 26.18540 89.37970 1.27596
C 43.96530 89.90560 4.77430
C 36.50010 90.25880 2.55223
C 48.76290 93.59480 5.11567
C 45.27220 93.22890 4.98789
C 41.95680 92.65880 4.51527
C 38.87060 92.45520 3.78427
C 35.64570 93.77140 4.76238
C 32.53180 95.22900 3.50903
C 46.71580 74.80080 2.90787
C 43.47660 76.64230 4.03720
C 40.94070 79.14050 3.67802
C 38.23220 80.56770 2.87750
C 38.33110 83.47190 3.13625
C 38.19870 85.99320 3.79240
C 41.05370 88.35970 4.48305
C 46.80570 88.34420 4.81026
C 46.09450 71.32990 1.14072
C 29.08590 95.36750 3.69606
C 25.60720 79.58450 1.90723
C 31.71950 80.35230 1.87258
C 28.19510 81.32210 2.38951
C 33.69800 81.42240 2.08980
C 32.81620 85.19360 3.92385
C 35.79690 87.40010 4.31385
C 32.60700 88.33570 4.10845
C 32.54370 91.76110 3.88019
C 29.17170 92.23650 4.60338
C 43.56670 73.02820 0.31664
C 42.23770 75.74870 -1.05063
C 39.95720 77.03830 1.10467
C 26.79860 74.02990 0.39054
C 37.16460 78.69440 2.63968
C 30.84080 77.43720 0.92874
C 27.98750 77.06470 0.44093
C 46.69950 -1.20924 5.15562
C 43.41470 95.81910 4.95002
C 40.16000 95.33440 4.29479
C 37.02220 94.87420 3.56972
C 46.19910 78.65820 4.89654
C 43.81180 80.48110 4.26941
C 41.11960 81.77380 3.56778
C 46.56300 81.91520 4.59069
C 43.86080 83.38060 4.29986
C 41.14230 84.82220 4.05659
C 46.76340 85.02680 4.66709
C 43.99610 86.46720 4.62905
C 25.16700 82.64110 1.64109
C 30.62180 83.11290 2.92281
C 27.54640 84.47550 2.45717
C 24.48340 85.82490 1.93924
C 29.86450 86.22380 3.38046
C 26.81220 87.67860 2.90641
C 29.49660 89.59960 3.90893
C 26.42390 91.08200 3.13265
C 26.15810 94.84850 2.45889
C 41.68160 72.06810 0.26377
C 39.22150 74.01670 0.79519
C 35.89530 72.89430 1.13757
C 36.50850 75.92970 1.46027
C 33.50130 75.10770 1.11309
C 30.49370 74.51890 1.08894
C 34.05580 78.02320 1.73141
C 55.13290 -1.19238 1.67181
C 52.25900 95.65150 2.79887
C 49.58320 -0.94372 1.65309
C 55.89740 4.34250 0.40596
C 52.76690 4.71999 1.23609
C 50.77640 7.08957 0.45559
C 60.21960 0.78299 0.10840
C 59.04830 3.73544 -0.13073
C 57.92460 7.12100 -0.16954
C 60.77680 8.65498 -1.08448
C 74.01130 10.52670 -3.31804
C 68.76450 10.96000 -2.33488
C 65.58820 11.49720 -1.10098
C 62.04690 11.68980 -1.58036
C 71.57810 13.71950 -2.57712
C 68.60820 13.08360 -2.19915
C 66.65320 15.35900 -2.13897
C 63.58290 14.41970 -2.04594
C 63.93360 18.06660 -1.20692
C 61.85680 20.45280 -1.65993
C 63.45990 23.02890 -2.34860
C 60.54280 22.96680 -1.92542
C 54.60180 7.88823 0.74234
C 52.11550 9.93592 0.39538
C 58.21320 10.56320 -0.24490
C 57.48030 13.42770 -1.49090
C 60.19670 14.46260 -1.93473
C 60.89410 17.60710 -1.66641
C 57.65220 19.49920 -2.75046
C 57.72290 23.48380 -2.08439
C 57.02030 1.37200 0.60108
C 54.03840 1.62726 1.41503
C 51.06500 1.86277 1.50045
C 69.42630 96.25010 -1.06360
C 66.40230 -0.73585 -0.58201
C 63.29310 0.01641 -0.16447
C 71.75970 1.12381 -1.40104
C 68.66450 1.72928 -1.04914
C 65.40230 2.44012 -0.74824
C 62.32800 3.11407 -0.44946
C 70.89420 4.28544 -1.19720
C 67.73000 5.03878 -1.08658
C 64.53610 5.49120 -0.88694
C 61.32770 6.38296 -0.62946
C 73.22830 6.86337 -0.95855
C 70.21220 7.09311 -1.12825
C 67.16200 8.12399 -1.12300
C 63.85010 8.67572 -1.14673
C 73.13340 16.83010 -2.31520
C 69.75890 16.20470 -2.11323
C 70.96720 19.14230 -2.16819
C 67.65140 18.50910 -2.14920
C 72.05460 21.92140 -2.33714
C 68.78170 21.21990 -2.25687
C 65.42730 20.70070 -2.14725
C 54.86530 11.26780 -0.70397
C 52.20870 13.20680 -1.23767
C 54.87260 14.73770 -1.54862
C 51.96710 16.35900 -1.92664
C 57.94790 16.46270 -1.64694
C 54.82300 17.85450 -2.38276
C 51.86930 19.41680 -2.57699
C 54.86760 21.22560 -3.03403
C 51.81660 22.29540 -3.10114
H 57.16300 -0.21629 2.42382
H 54.32540 0.29605 3.60117
H 55.91110 2.77674 2.29074
H 54.76580 5.85261 2.10051
H 52.47900 8.05842 1.86593
H 59.96660 -0.93248 1.83932
H 59.02650 2.15710 1.76815
H 57.96750 5.21365 1.47447
H 60.05350 7.52682 1.08144
H 56.96800 8.25420 1.61576
H 71.70410 7.86440 0.74815
H 68.62070 8.44974 0.22919
H 65.39400 9.31307 0.25658
H 62.03270 9.86391 0.25906
H 72.41990 11.86760 -1.66426
H 73.11040 14.77770 -0.89588
H 70.12720 14.23220 -0.57591
H 66.88780 13.52510 -0.46714
H 64.89720 15.95010 -0.56874
H 62.05910 18.83580 0.13211
H 60.71780 21.71300 0.30008
H 54.42100 10.28720 1.24599
H 51.30420 11.95850 0.62470
H 56.91440 12.15170 0.48070
H 59.53900 13.84260 -0.03978
H 61.94000 15.69520 -0.55981
H 59.36890 17.13580 0.36141
H 59.46040 19.60530 -1.44931
H 56.50900 21.49280 -1.55869
H 53.65360 22.94520 -1.58014
H 51.18480 0.14350 3.18872
H 52.67560 3.00074 3.02614
H 50.78030 5.58063 2.42985
H 71.32840 -0.70018 0.31890
H 68.33690 0.03817 0.71807
H 65.27780 0.74791 1.05453
H 62.13970 1.49563 1.45564
H 70.57110 2.40647 0.38766
H 67.38520 3.16410 0.51900
H 64.21990 3.89147 0.92355
H 61.08270 4.55495 1.07098
H 72.76120 4.77539 0.31758
H 69.60490 5.42943 0.58411
H 66.37600 6.31266 0.41728
H 63.29260 6.98644 0.64442
H 63.67940 12.95200 -0.48341
H 71.32160 17.29040 -0.56433
H 67.96590 16.68300 -0.52655
H 72.38960 20.27060 -0.53836
H 69.19610 19.52430 -0.55080
H 66.04930 19.00370 -0.43785
H 70.26670 22.56160 -0.82877
H 67.04920 21.90650 -0.77603
H 63.81770 21.40470 -0.52880
H 54.06290 13.40240 0.36898
H 51.18410 15.05330 0.05005
H 56.68540 15.22530 0.04995
H 53.88130 16.66060 -0.49011
H 51.05750 18.24670 -0.56382
H 56.62440 18.31230 -0.74681
H 53.82610 19.79540 -1.25553
H 50.82720 21.24540 -1.21619
C 56.23350 -0.10584 4.75050
C 52.79960 -1.11944 4.59488
C 49.78160 -0.59334 5.04098
C 56.41740 4.95736 3.43998
C 52.86640 5.33552 3.70653
C 50.95890 7.76047 3.59687
C 60.63000 1.06098 3.25227
C 59.61550 4.18939 3.05049
C 58.43650 7.20390 2.97761
C 60.48270 9.59585 2.22867
C 71.53250 10.10680 -0.24282
C 69.44360 10.63670 -0.24365
C 65.55470 11.71110 0.70715
C 61.32960 12.22670 0.27932
C 71.73220 13.26550 0.53695
C 68.46850 13.10300 1.03027
C 66.63270 15.48440 1.09722
C 63.57810 14.78990 1.12908
C 64.26870 17.93000 0.84111
C 62.65040 20.73970 1.56077
C 63.83230 23.40290 0.89129
C 60.52330 23.95280 1.20771
C 54.73360 8.27019 2.64689
C 52.19360 10.33070 2.29084
C 58.29400 10.33260 1.80507
C 57.79860 14.01110 1.83568
C 60.73100 15.37060 1.54863
C 59.86980 19.46500 1.06280
C 57.67970 20.25050 0.23998
C 57.49430 23.49530 -0.28978
C 57.54270 1.73267 3.75406
C 54.47210 2.73715 4.34547
C 51.19980 2.13102 4.66954
C 69.83960 -1.35211 2.14208
C 66.80780 -0.37142 2.60411
C 63.74050 0.39891 2.96157
C 72.08130 1.13546 1.82300
C 68.85020 2.00446 2.14639
C 65.80730 2.79672 2.39859
C 62.60930 3.55661 2.75018
C 71.13820 4.18351 2.05560
C 67.68090 5.07511 2.07554
C 64.68390 5.95351 2.22921
C 61.59830 6.58817 2.41770
C 73.29260 6.46756 2.22899
C 70.05580 7.37999 2.12268
C 66.79210 8.32385 1.97535
C 63.60780 9.04942 2.02679
C 73.09080 16.26790 0.91478
C 69.77290 16.08560 0.94006
C 70.88430 19.06880 1.04423
C 67.82340 18.41970 1.15999
C 72.04140 22.20930 0.88942
C 68.82790 21.48090 0.81959
C 65.69020 20.92240 0.96623
C 55.14450 12.25340 2.24059
C 52.13750 13.83490 1.94487
C 54.70740 15.45740 1.49077
C 52.09420 17.05740 1.19577
C 57.28750 17.22830 1.41200
C 54.67790 18.59610 0.70774
C 52.06390 20.13380 0.52384
C 54.74530 21.62880 0.19408
C 51.69490 23.26300 -0.15975
C 74.11150 27.92900 -3.34395
C 63.62420 26.15410 -1.38597
C 71.32230 29.73690 -4.15363
C 68.32420 29.08950 -3.74199
C 65.07420 29.25790 -2.96107
C 60.11840 26.31880 -2.54365
C 56.94120 26.97200 -3.16699
C 53.72250 27.69390 -3.38909
C 61.89870 28.94980 -2.53105
C 52.10540 30.39090 -2.95030
C 63.31560 31.89040 -2.88884
C 65.20990 34.48230 -3.44473
C 64.89510 37.95830 -2.08736
C 63.18120 40.77190 -2.64816
C 49.66110 42.15740 -2.26581
C 61.41010 43.59650 -2.66189
C 58.39240 43.86060 -2.49057
C 52.28380 44.20360 -2.39205
C 57.24870 46.90010 -1.76466
C 53.62160 46.93530 -2.28614
C 51.61900 24.99600 -4.41894
C 70.92990 33.08360 -3.03709
C 67.99590 32.15550 -3.34898
C 69.53770 35.48420 -2.32222
C 68.23000 37.81730 -2.24197
C 66.63370 40.70170 -2.47699
C 65.09300 43.55570 -2.49660
C 63.26100 46.06270 -2.25079
C 49.41980 46.31930 -2.93882
C 73.10970 24.89100 -2.83727
C 69.82180 24.07570 -2.70805
C 66.52520 23.53650 -2.55604
C 70.75300 27.08300 -3.32741
C 67.09070 26.44420 -2.80799
C 58.91010 29.64460 -2.96342
C 55.46970 30.30690 -3.20718
C 60.41510 32.32480 -2.82466
C 57.30490 32.86890 -3.09608
C 53.94010 33.22400 -2.99627
C 50.66620 33.27900 -2.74725
C 62.03340 34.94680 -2.89196
C 59.09850 35.52080 -2.84606
C 56.07350 35.84460 -2.90345
C 52.68240 35.85060 -2.87405
C 61.28580 38.16700 -2.52350
C 57.95890 38.25090 -2.64421
C 54.69860 38.48210 -2.84390
C 51.29590 38.84540 -2.93795
C 59.79020 40.89670 -2.61354
C 56.49890 41.17230 -2.48829
C 53.50160 41.37130 -2.63838
C 55.12440 44.10650 -2.27446
C 54.60060 24.53780 -3.13009
C 72.92140 35.37250 -2.69631
C 71.48470 38.05960 -2.36248
C 73.16010 40.73130 -2.35181
C 69.90990 40.81000 -2.43497
C 71.43280 43.63630 -2.15087
C 68.20420 43.68130 -2.31244
C 73.28880 46.25540 -2.11318
C 69.90170 46.27670 -2.20698
C 66.45480 46.35370 -2.19463
H 65.12430 24.31870 -1.00787
H 62.18200 24.27180 -0.64518
H 72.11090 28.55270 -2.02497
H 65.73410 27.54220 -1.02529
H 69.93460 30.79500 -2.77919
H 66.93020 30.36590 -2.06510
H 59.36350 24.82030 -0.77290
H 56.28590 25.32880 -1.45254
H 61.60450 27.37090 -0.75719
H 55.38500 28.27430 -1.80634
H 52.22110 28.65700 -1.62306
H 63.58520 30.16170 -1.07826
H 50.82150 31.51550 -1.03460
H 65.05160 32.84920 -1.40502
H 63.97640 35.70460 -1.51627
H 62.70580 38.81030 -1.22024
H 49.66950 39.81910 -1.31444
H 61.49510 41.72370 -1.07395
H 51.88310 42.59480 -1.10723
H 60.10910 44.70060 -0.67471
H 56.83670 44.66770 -0.78505
H 53.77030 45.11690 -0.33876
H 53.22570 25.98400 -1.72924
H 51.39520 26.81430 -4.06792
H 72.70880 33.26970 -1.29975
H 69.55890 33.41840 -1.02374
H 67.24420 34.47900 -2.71202
H 68.19460 36.20950 -0.29690
H 66.63210 38.94900 -0.67934
H 64.88790 41.61430 -0.99640
H 63.19950 44.26580 -1.09173
H 48.71700 44.28050 -1.58179
H 73.35050 23.39490 -0.87454
H 71.24600 25.62370 -1.42183
H 68.16100 24.86410 -1.23198
H 68.88830 27.87200 -1.91053
H 58.47550 27.77870 -1.39656
H 60.36650 30.43480 -1.18100
H 57.22370 30.84140 -1.60510
H 53.96490 31.26660 -1.50691
H 62.04340 33.17930 -1.17234
H 58.90420 33.53390 -1.39877
H 55.75270 33.84660 -1.45382
H 52.43580 34.07530 -1.24592
H 60.80980 36.09870 -1.18143
H 57.60090 36.42660 -1.11511
H 54.43330 36.64070 -1.24535
H 51.16150 36.93030 -1.26508
H 59.54500 39.06560 -0.97273
H 56.31300 39.20750 -1.06515
H 53.06100 39.55700 -1.25910
H 58.27340 41.94900 -0.91565
H 55.04450 42.11890 -0.81803
H 50.69460 24.27270 -2.10921
H 71.37890 36.08240 -0.89384
H 73.12270 38.88790 -0.73353
H 69.86080 38.92140 -0.82727
H 71.45030 41.61470 -0.71392
H 68.21080 41.74490 -0.84370
H 73.19570 44.33370 -0.65652
H 69.79000 44.42440 -0.51817
H 66.49060 44.39480 -0.62670
C 73.97320 28.53740 -0.21516
C 63.80110 26.90900 0.52929
C 71.88000 30.84470 -1.24584
C 68.92130 29.98100 -0.68556
C 65.74660 29.80760 0.12568
C 59.70050 26.86830 0.60599
C 56.55750 27.09520 0.03040
C 53.85050 27.59590 -0.05697
C 61.84150 29.54570 0.58198
C 52.48510 30.26140 0.22282
C 63.62250 32.12200 0.46388
C 66.08070 34.91310 -0.45733
C 64.57340 37.61420 -0.14350
C 63.10290 40.56330 0.46326
C 49.57950 42.17220 -0.36330
C 61.45490 43.60320 0.60518
C 58.34560 43.69640 0.92571
C 51.93880 44.42800 0.77005
C 57.26100 46.86770 0.12908
C 53.72060 47.26570 0.95242
C 50.88750 26.61060 -1.53550
C 71.05090 32.15440 0.31918
C 67.44800 32.56200 -1.00124
C 69.90280 35.03270 0.83538
C 68.30500 37.98930 0.97829
C 66.56300 40.65680 0.71835
C 64.68650 43.41320 0.73091
C 63.48320 45.89780 0.87040
C 49.86340 46.18040 -1.09562
C 72.99220 25.44840 0.38645
C 69.90310 24.64600 0.47229
C 66.87410 23.87410 0.62718
C 70.65570 27.70300 -0.22673
C 67.74990 26.94660 0.14502
C 58.50590 29.63010 0.19006
C 55.48730 29.99100 -0.06522
C 60.31890 32.43260 0.31997
C 57.16870 32.57220 0.11987
C 54.15630 33.08690 0.17404
C 50.95810 33.33240 0.56789
C 62.53230 35.14530 0.30103
C 59.20840 35.27350 0.37865
C 55.94530 35.48490 0.39370
C 52.68230 35.89180 0.33697
C 61.19500 37.89670 0.47680
C 57.93590 38.26260 0.51033
C 54.45450 38.47110 0.42847
C 51.10740 38.93040 0.28920
C 59.83280 40.88540 0.59602
C 56.63660 40.95670 0.64859
C 53.15810 41.33480 0.53990
C 55.39780 43.80670 1.01507
C 54.43760 24.72690 -0.03605
C 72.94060 34.81950 0.54639
C 71.45400 37.90480 0.76720
C 73.17010 40.63720 0.87111
C 69.75770 40.79770 0.85181
C 71.43720 43.53140 0.90828
C 68.05920 43.44800 0.93973
C 73.02160 46.05970 1.10444
C 69.66930 46.41940 0.93017
C 66.64820 46.25580 0.99419
C 53.41350 60.93820 -2.60733
C 50.59050 61.53300 -2.61672
C 59.76490 65.11980 -1.42195
C 56.33150 64.55520 -1.80168
C 50.00480 64.31170 -2.61097
C 60.42890 68.22050 -1.06731
C 64.70790 71.96530 -0.55969
C 61.51240 71.21910 -0.53244
C 67.54710 49.46980 -1.56438
C 64.32320 48.95670 -2.00159
C 73.35940 51.44720 -2.66591
C 70.07790 52.98970 -1.81256
C 73.56520 55.00350 -2.63021
C 73.78120 69.14280 -1.15202
C 52.19900 48.39140 -2.80667
C 52.54850 51.76240 -1.99785
C 51.60540 54.89570 -2.66237
C 51.24780 58.08310 -2.56043
C 60.75200 47.83210 -2.15500
C 65.00770 52.31360 -1.51404
C 61.68270 50.94480 -1.97438
C 58.40060 50.44540 -2.18717
C 69.85070 56.55160 -1.68142
C 67.99230 54.39010 0.72790
C 65.47220 55.16080 -0.98935
C 56.08250 52.70700 -2.20314
C 72.42900 58.88060 -0.89998
C 53.78880 54.97310 -2.44533
C 58.02810 58.93800 -2.05322
C 54.98410 58.14580 -2.51964
C 62.07380 62.57850 -1.34960
C 59.12600 61.99830 -1.86418
C 72.33970 67.67390 -1.00444
C 62.83630 65.78170 -1.13749
C 70.73170 70.49520 -0.23304
C 66.96380 69.45390 -0.77920
C 63.70770 68.86020 -0.88974
C 52.94990 64.02090 -1.92957
C 57.30800 67.56250 -1.13744
C 54.25540 67.07510 -1.55833
C 51.04870 67.14190 -1.98742
C 58.34560 70.70020 -0.65171
C 55.24800 70.15310 -0.88587
C 52.19230 69.94570 -1.30410
C 71.55430 48.70960 -2.42208
C 49.30750 49.91000 -3.06589
C 49.00400 52.99530 -2.84903
C 55.28380 49.60470 -2.23316
C 62.51420 54.27810 -1.64259
C 59.26310 53.38940 -2.06951
C 69.12500 58.25560 -0.80971
C 66.20210 57.85490 -0.72052
C 63.19470 57.30390 -1.30910
C 59.99350 56.50210 -1.88953
C 56.92970 55.76910 -2.17001
C 70.34500 61.58480 -0.72560
C 67.31980 60.78600 -0.72964
C 64.19760 60.26670 -1.02344
C 61.17960 59.58420 -1.55061
C 71.41960 64.76510 -0.53204
C 68.36740 63.87780 -0.68665
C 65.19940 63.19210 -0.98197
C 69.10720 67.01490 -0.65450
C 66.14900 66.30640 -0.78481
H 72.23290 56.26090 -0.87666
H 54.87560 62.60360 -1.44017
H 52.14370 62.03500 -0.79243
H 49.23950 62.68300 -0.90111
H 60.91900 66.26320 0.44575
H 57.72400 65.44980 0.01284
H 61.92250 69.22800 0.80945
H 55.26980 48.07170 -0.88885
H 64.80810 47.08470 -0.40720
H 69.97290 49.73270 -0.73471
H 65.41170 50.19140 -0.23737
H 72.52800 52.95700 -1.43856
H 51.04610 49.78000 -1.09863
H 50.73470 53.05360 -1.12957
H 50.38740 56.32810 -0.84345
H 49.98310 59.62180 -1.14558
H 62.22250 49.20170 -0.62203
H 58.80260 48.63760 -0.74881
H 65.75060 53.28830 0.70130
H 62.87500 52.30670 -0.21383
H 56.57260 50.92290 -0.47064
H 69.44790 56.51130 0.94368
H 66.38620 56.18150 1.02495
H 54.19290 53.25340 -0.77850
H 70.68110 59.62590 0.77361
H 54.99520 56.43210 -0.71706
H 71.59680 62.81010 1.06826
H 56.03190 59.57790 -0.60673
H 53.13740 59.07440 -1.22709
H 72.75850 65.67800 0.64149
H 60.17900 63.21910 0.06349
H 57.41720 62.46280 -0.97268
H 70.52360 68.21970 0.76163
H 64.15100 66.92490 0.56995
H 68.35220 70.63530 0.91334
H 65.15660 69.92260 0.86098
H 54.39750 65.30930 -0.57097
H 51.18030 65.10270 -0.64570
H 58.71870 68.60560 0.62697
H 55.47840 68.11170 0.46448
H 52.42300 67.84350 -0.09565
H 56.60850 71.03170 0.99533
H 53.44520 70.77440 0.63232
H 50.23380 70.20060 0.17665
H 71.53270 47.00290 -0.56464
H 68.11680 47.18610 -0.81410
H 73.11450 49.73660 -0.81396
H 59.74860 51.63570 -0.41598
H 63.43900 55.48630 0.27185
H 60.44690 54.66920 -0.35924
H 57.39490 53.98590 -0.58879
H 67.49760 59.01610 0.96344
H 64.28150 58.46240 0.56512
H 61.17810 57.67740 -0.08456
H 58.08620 57.07880 -0.44135
H 68.52190 62.04210 0.93567
H 65.45420 61.43540 0.72929
H 62.21300 60.80310 0.31008
H 59.15840 60.08100 -0.23676
H 69.53260 65.24150 1.02869
H 66.42990 64.42360 0.71439
H 63.28550 63.82320 0.44913
H 67.28170 67.63610 0.94886
C 54.06090 60.91770 0.17975
C 50.42720 61.23910 0.76487
C 59.38770 64.82840 1.77212
C 55.91280 63.77370 0.51475
C 48.84350 64.93030 -0.08808
C 60.38920 67.92040 2.24304
C 64.84180 71.58040 2.68926
C 61.52870 70.79650 2.65887
C 67.70940 49.47240 0.31608
C 64.09680 48.90350 1.21629
C 72.47140 51.87240 0.47076
C 70.06680 52.00070 0.04555
C 74.29760 54.59160 -0.98195
C 73.96710 69.05140 2.52671
C 51.84020 48.14250 0.74921
C 52.59610 51.52390 -0.15525
C 51.32940 54.61510 0.77456
C 51.35270 58.07750 0.31239
C 60.80450 47.11230 -0.35057
C 64.69380 51.94620 1.60174
C 61.50510 50.76110 1.17548
C 58.34020 50.27410 1.14382
C 71.61660 55.02090 0.85329
C 68.05000 55.26960 2.55348
C 64.73670 54.95740 2.30530
C 55.85020 52.75540 0.96375
C 72.60350 59.62160 2.41512
C 53.52230 54.93230 0.71052
C 57.30300 58.99220 1.03405
C 54.40200 58.00530 0.69719
C 61.70100 62.63380 1.90819
C 58.46230 61.94380 1.23072
C 72.47510 67.65070 2.30593
C 62.59730 65.64160 2.07660
C 70.81160 70.52890 1.71087
C 67.07140 69.63930 2.43593
C 63.79550 68.67960 2.35076
C 52.73060 63.96440 0.57304
C 57.18340 67.02230 1.89155
C 53.96840 66.66410 1.41400
C 50.73680 66.65950 1.19755
C 58.29140 70.20510 2.56997
C 54.94820 69.71970 2.25455
C 51.70640 69.31630 1.74947
C 71.33550 49.00130 0.88037
C 49.06400 49.57500 0.32019
C 48.79500 52.85730 0.45956
C 55.18330 49.98620 0.86062
C 61.96780 53.95110 1.43684
C 59.03250 53.32830 1.15840
C 69.31150 58.38600 2.59545
C 65.83190 58.08290 2.47380
C 62.64390 57.25010 1.80408
C 59.64550 56.29940 1.29354
C 56.59800 55.74550 1.03481
C 70.30990 61.53390 2.53043
C 67.04310 60.94140 2.51229
C 63.80150 60.32210 2.12932
C 60.58670 59.44250 1.56002
C 71.32130 64.70160 2.63976
C 68.22510 64.03650 2.43912
C 64.89090 63.32980 2.24733
C 69.16770 67.13390 2.55866
C 65.82470 66.27810 2.28586
C 71.29230 87.20160 -1.06193
C 68.06100 87.07500 -1.21710
C 65.73410 88.29720 0.56622
C 62.81240 89.57650 0.82857
C 62.12450 92.32230 0.53366
C 58.93880 92.18550 1.67007
C 58.00440 95.93630 0.61863
C 49.41690 75.79160 1.20384
C 51.40960 77.68800 3.55754
C 55.78810 80.47360 0.99369
C 61.25470 84.89590 0.65451
C 49.90320 90.70540 2.48400
C 60.66400 87.67990 1.10038
C 57.61600 88.63730 1.78930
C 52.65180 91.69650 2.83704
C 59.37110 91.12980 3.46046
C 55.22690 94.40830 2.10792
C 66.07680 75.47130 0.25762
C 49.72840 72.58780 -0.47519
C 63.37090 76.76400 -0.33978
C 54.11140 75.71760 0.29074
C 51.09200 75.54670 0.30402
C 65.11230 79.54330 -0.40042
C 61.66230 79.47750 -0.07369
C 58.51520 79.12180 0.45040
C 54.51490 78.82820 0.99386
C 66.76460 82.69580 0.07122
C 62.81770 82.34260 -0.02145
C 63.85730 85.49140 0.39550
C 73.33170 72.55590 -0.97254
C 70.58140 74.25310 -0.80200
C 70.38380 77.58020 -0.59831
C 68.77020 74.94880 -1.15461
C 70.68990 80.86380 -0.63901
C 70.61990 83.87730 -0.53489
C 71.12860 89.96960 -0.72779
C 68.09340 90.69390 -0.52509
C 65.12950 91.52770 0.33510
C 70.43010 92.96670 -0.83808
C 67.08780 93.82910 -0.55387
C 64.18870 94.56600 0.04422
C 61.23610 95.40850 0.24073
C 72.58600 95.61250 -1.38317
C 49.65950 80.06120 1.86175
C 52.66440 81.51620 2.52328
C 49.74460 83.46420 1.63843
C 59.16610 82.17330 1.38010
C 55.73340 83.74650 1.40459
C 52.43520 84.85600 1.80868
C 49.75270 86.98550 1.75200
C 58.08510 85.62710 1.36255
C 55.22010 86.83050 1.85217
C 52.57720 88.41330 2.04442
C 55.14620 90.17910 2.40018
C 62.49190 74.07180 -0.23978
C 59.48940 73.51340 -0.34563
C 56.28910 73.05670 -0.34469
C 53.36970 72.96090 -0.59263
C 60.35060 76.53770 0.08258
C 57.14450 76.30820 0.17781
C 73.36950 75.71740 -0.83354
H 49.95080 95.08640 3.49686
H 69.35960 85.98540 0.14780
H 62.68540 87.73610 2.71878
H 71.09140 88.34310 1.22897
H 68.03420 88.79560 0.71392
H 64.71550 89.98230 2.33312
H 61.71600 90.90610 2.68326
H 60.90470 93.76260 2.07867
H 57.80490 94.27810 2.58515
H 51.14760 80.09120 3.93051
H 55.12360 81.88700 2.99598
H 61.41490 82.92160 2.09640
H 57.81730 83.66920 2.73324
H 60.15680 85.79620 2.70138
H 59.68870 88.66960 3.17881
H 57.18390 90.03910 3.69748
H 54.43490 91.33360 4.50735
H 50.71160 92.25630 4.30653
H 66.11640 72.89530 0.81673
H 62.96830 72.17930 1.20208
H 63.94130 75.07500 1.37386
H 51.65100 73.31800 0.76008
H 65.33510 77.79930 0.98679
H 55.74760 76.81650 2.04659
H 52.64030 75.85710 2.43559
H 66.66280 80.53750 1.54477
H 63.49050 80.40650 1.30161
H 60.30150 80.07570 1.82979
H 57.76030 80.44660 2.36222
H 64.67920 83.30600 1.49275
H 71.78170 72.53700 0.63060
H 69.01910 73.84540 1.24406
H 68.28250 76.68900 0.60866
H 69.02150 79.41110 0.63770
H 72.22350 85.46490 0.38678
H 69.14490 82.32590 0.60911
H 53.10580 94.07820 3.55698
H 69.98860 91.31950 0.95281
H 67.02320 92.13800 1.24690
H 63.97090 93.05320 2.01211
H 72.43990 93.89740 0.30340
H 69.16490 94.50850 0.62534
H 66.17050 95.25560 1.27708
H 63.12220 96.03750 1.70154
H 51.41030 83.45020 3.52904
H 54.47360 85.04940 3.22996
H 51.63540 86.63730 3.39079
H 57.21030 86.79060 3.39356
H 54.45500 88.22900 3.71314
H 51.67820 89.71740 3.89978
H 59.75370 71.58800 1.12416
H 60.80640 74.54690 1.49562
H 57.76730 74.13010 1.28861
H 54.68290 73.66440 1.43075
H 62.11780 77.61880 1.43870
H 58.89090 77.10080 1.85682
H 71.58560 75.81890 0.75397
H 71.82490 79.15560 0.70625
H 72.08020 82.40130 0.73436
C 72.47270 86.57260 2.49728
C 69.34210 87.35790 2.37764
C 66.28670 88.15950 2.42952
C 63.26250 89.72020 4.30585
C 62.48030 92.93610 3.96519
C 56.26270 93.88760 5.79522
C 58.65870 95.96760 3.83195
C 49.51930 76.75020 4.16008
C 52.29090 78.09580 5.23918
C 56.31480 80.03050 4.30514
C 61.76170 84.26780 3.91090
C 49.52900 90.15300 4.98716
C 61.23230 87.18000 4.51736
C 58.18310 88.24930 5.12352
C 52.31940 91.14730 5.79315
C 56.60020 92.43520 3.98349
C 54.23660 93.35870 5.80686
C 66.07560 74.68350 2.66721
C 49.51060 72.17860 1.35214
C 63.97290 76.99220 2.91545
C 54.39300 75.07780 3.53894
C 51.30350 73.82640 3.14725
C 65.38210 79.63270 2.84712
C 62.19370 79.36770 3.08560
C 59.13930 78.72350 3.51155
C 55.37290 78.17430 4.01515
C 67.19410 83.09030 1.86406
C 63.61640 82.10610 3.13468
C 64.27750 85.73010 2.40441
C 73.56140 72.43060 2.36015
C 70.75570 74.03510 2.36602
C 70.35320 77.59590 1.91691
C 68.01730 75.61000 2.88859
C 70.65840 80.94240 2.00017
C 70.53140 84.11770 1.49345
C 71.56570 90.15080 2.51966
C 68.38280 90.51610 2.54464
C 65.69600 91.99310 3.35850
C 70.80250 93.38050 2.03153
C 67.75390 94.00650 2.62673
C 64.71470 95.01550 3.24753
C 61.58800 95.76200 3.52665
C 72.92580 95.73820 1.80948
C 49.36540 80.48530 5.21937
C 53.10980 81.69490 4.37816
C 49.65640 83.55960 4.77042
C 59.50690 81.92470 3.23049
C 56.01010 83.34420 4.50164
C 52.69350 85.01690 4.98104
C 49.60210 86.78360 4.64406
C 58.64670 85.11290 4.52768
C 55.44550 86.41780 5.08483
C 52.62480 87.97280 5.29641
C 55.54980 89.57010 5.51698
C 62.66100 73.81430 2.96244
C 59.36320 73.24810 2.93011
C 56.43210 72.68420 2.81630
C 52.99470 72.31100 2.54063
C 60.86830 76.34520 3.11126
C 57.63350 75.61920 3.31870
C 73.45060 75.65940 2.36906
C 90.05180 2.66592 -3.33520
C 94.18250 5.61162 -3.33455
C 90.56110 5.50612 -1.78608
C 95.75900 8.38383 -4.09106
C 83.60000 0.98756 -2.87083
C 80.03590 1.75083 -2.86690
C 79.12280 4.95199 -1.78199
C 76.30890 6.21243 -1.04803
C 75.11480 9.54884 -0.25190
C 72.04610 10.52850 -3.82871
C 74.64670 15.09840 -2.87055
C 76.69130 17.16810 -1.38699
C 77.51010 20.31400 -1.50927
C 87.06080 2.80193 -1.90759
C 83.78100 3.94277 -1.47573
C 82.01020 6.01647 -2.54062
C 86.60520 6.34207 -2.67248
C 80.31890 8.79759 -2.94541
C 77.67370 10.03420 -2.48926
C 92.20900 7.98731 -3.27115
C 89.08310 8.56018 -3.29659
C 77.27160 13.11700 -2.62713
C 95.70840 10.12930 -2.88443
C 79.81860 15.10590 -2.73478
C 1.10564 12.38390 -4.05566
C 81.35350 17.63480 -1.37869
C -0.35367 15.08110 -2.59566
C 81.33110 20.47250 -2.88265
C 95.66230 18.63550 -1.95114
C 92.92430 19.26670 -1.48816
C 90.12690 20.58890 -1.89929
C 87.01920 21.75120 -1.50741
C 0.93795 20.02810 -2.09003
C 96.07160 23.14510 -2.44436
C 1.05219 0.28339 -3.64260
C 95.10320 0.18851 -3.56999
C 92.00070 0.02667 -3.51583
C 88.56620 -0.14662 -3.50341
C -1.00390 3.10584 -3.47090
C 93.26320 2.79744 -3.34469
C 0.38138 5.75016 -3.91313
C 81.13180 -1.12839 -2.67701
C 77.61530 -0.47401 -2.26594
C 74.67450 0.24837 -1.74786
C 76.94630 2.52127 -2.22905
C 74.04290 3.59485 -1.60628
C 74.27260 19.77210 -1.98638
C 75.27680 22.71900 -2.05362
C 83.52270 7.20171 -2.26121
C 86.13650 9.41708 -2.84135
C 83.22490 10.66140 -2.70341
C 80.32630 11.90070 -2.63572
C 91.35500 10.92430 -3.61634
C 88.40280 11.88550 -3.13433
C 85.48400 12.86500 -2.77605
C 82.74160 14.00850 -2.83935
C 94.03070 13.13850 -3.42088
C 90.90550 14.18860 -2.94047
C 87.93850 15.30680 -2.73870
C 85.09420 16.21570 -2.64485
C 93.48340 16.33610 -2.57850
C 90.60890 17.30140 -2.26970
C 87.47460 18.50320 -2.24453
C 84.54710 19.47470 -2.36154
H 90.22530 0.71030 -1.85119
H 91.68140 3.35716 -1.62769
H 88.85490 3.69331 -1.43096
H 96.15030 6.77527 -2.19627
H 92.89650 6.37591 -1.30623
H 85.98620 95.95680 -1.98977
H 84.98820 1.74070 -1.05948
H 81.95650 2.21897 -1.16948
H 78.81780 3.01511 -1.09520
H 78.25680 5.78554 0.59594
H 74.92520 7.24267 0.87423
H 76.23490 14.71350 -1.12685
H 77.39780 18.77680 0.40919
H 78.53820 21.80780 0.25781
H 85.93550 4.82092 -0.86320
H 82.86250 5.93391 -0.21698
H 80.14800 7.19324 -1.48437
H 88.68980 6.95604 -1.29855
H 76.66340 11.51040 -0.76937
H 91.03050 9.12613 -1.84660
H 79.16310 13.41920 -1.04682
H 0.84813 10.36650 -2.26019
H 93.47750 11.35870 -2.82628
H 79.04560 16.65840 -0.94807
H 79.95520 19.66370 -1.32341
H 95.34740 16.26160 -1.32147
H 82.93890 20.63960 -0.93678
H 80.81850 22.67990 -1.55511
H 94.72900 18.98650 0.42408
H 91.91320 20.15490 -0.01375
H 89.24980 21.78970 -0.33572
H 0.21570 18.30030 -0.47638
H 96.16910 21.02760 -1.16545
H -0.61223 1.13016 -1.98856
H 93.52740 0.85794 -1.82324
H 0.74295 4.09430 -2.01774
H 94.84870 3.78928 -1.64892
H 74.58730 96.20610 0.02959
H 83.07710 -0.75996 -1.24478
H 79.70270 0.07884 -1.06920
H 76.68050 0.84963 -0.47024
H 73.67400 1.67407 -0.01967
H 75.81340 3.95237 -0.40804
H 74.47430 17.70680 -0.62060
H 75.52010 21.05240 -0.24171
H 77.35060 8.45580 -0.54609
H 85.62490 7.89858 -0.98993
H 82.71580 9.02876 -0.87651
H 79.63230 10.27920 -0.99161
H 88.09030 9.98808 -1.55397
H 85.18500 11.04760 -1.24054
H 82.21410 12.28010 -1.17338
H 90.39320 12.16080 -1.61083
H 87.45910 13.36760 -1.40877
H 84.50150 14.35770 -1.13451
H 81.63670 15.24710 -1.01579
H 92.83130 14.17660 -1.40589
H 89.78360 15.33140 -1.10259
H 86.80480 16.53160 -0.91124
H 83.79740 17.52980 -0.94014
H 92.26770 17.10560 -0.47484
H 89.24140 18.57920 -0.61984
H 86.12290 19.64870 -0.45266
C 90.24330 2.34749 0.09680
C 95.04790 5.74358 -0.11779
C 91.30510 5.15922 0.14688
C 95.63950 8.77660 -0.87754
C 83.72150 1.09060 0.41020
C 80.47130 1.92553 0.49332
C 77.92770 4.14399 2.40495
C 77.37960 7.35000 1.80906
C 75.00600 9.49861 1.85144
C 71.92310 10.19260 1.80626
C 74.57890 12.83130 -0.70037
C 76.27530 16.56750 0.55604
C 76.88600 20.72960 1.84493
C 86.95440 2.88468 0.07942
C 83.94030 4.37110 0.75001
C 80.75920 6.09489 0.79007
C 86.92200 6.50001 0.60555
C 80.73440 8.68370 0.49501
C 78.04680 10.41310 0.90712
C 92.65450 8.19330 -0.07677
C 89.39670 8.58475 -0.00158
C 77.39430 13.47180 0.66137
C -0.00418 9.50304 0.00725
C 79.79670 15.09780 0.70145
C 2.66005 11.46000 -0.82717
C 79.40600 18.36750 0.91515
C -0.26363 14.42750 -0.69063
C 80.94190 21.03530 0.46271
C -1.26328 16.94250 0.98269
C 92.70510 18.35460 1.66214
C 89.61830 20.26390 1.27001
C 86.86220 21.74030 0.52164
C -0.35034 20.07760 1.02440
C 95.24500 22.69870 0.65141
C 1.16861 0.40706 -0.38986
C 95.30320 -0.00146 -0.35342
C 91.93560 -0.39309 -0.43319
C 87.85470 -0.04268 -1.71222
C -0.58901 2.99871 -0.26138
C 93.40160 2.55881 -0.07716
C 0.67627 6.18415 -0.57382
C 81.28270 -1.07689 0.41798
C 78.21280 -0.36925 0.91265
C 75.24370 0.46746 1.43433
C 77.46840 2.75125 0.98912
C 74.33790 3.51110 1.60052
C 74.17490 19.50350 1.05233
C 74.87710 23.00200 1.04227
C 83.97660 7.83501 0.86805
C 86.56600 9.69222 0.37117
C 83.41920 10.94240 0.46916
C 80.51150 11.97680 0.47750
C 92.16500 10.95040 -0.58536
C 88.67510 11.84200 0.02778
C 85.74030 12.92060 0.28538
C 82.82320 13.84140 0.55096
C 93.86040 12.21200 -0.39156
C 91.16890 13.71040 0.22614
C 87.88230 14.94710 0.44704
C 84.69520 16.28530 0.43351
C 93.73910 15.38640 0.49337
C 90.25740 16.87670 0.83244
C 87.23180 18.21830 0.85832
C 84.00730 19.25940 0.81868
C 82.66150 48.52070 -0.69821
C 91.92380 46.09590 -1.70404
C 1.01392 47.18890 -2.40372
C 85.56910 24.91290 -2.32782
C 81.87890 24.81810 -0.59912
C 90.51560 26.79440 -2.27337
C 87.46330 27.59810 -2.42850
C 80.65800 28.45280 -2.29215
C 89.45950 29.93090 -2.02840
C 79.78850 31.76380 -2.21200
C 91.60020 32.24990 -1.76638
C 78.70580 34.56000 -2.33572
C 93.50260 34.81240 -1.27467
C 80.96830 37.10910 -2.36212
C 95.23640 37.14050 -1.27349
C 83.06450 39.63790 -2.21612
C 85.02330 42.11080 -1.92297
C -0.25091 42.58200 -1.18069
C 93.70890 43.27830 -1.25560
C 89.92040 43.95180 -1.22085
C 86.86840 44.84140 -0.90949
C 84.60910 45.39780 -0.94718
C 95.74550 45.61370 -1.54264
C 78.46310 23.45570 -1.69674
C 79.48540 26.55260 -1.96760
C 77.45320 29.21190 -2.24295
C 75.07770 31.55270 -3.34258
C 75.65600 35.21850 -3.19651
C 77.83000 37.72300 -2.43748
C 79.65910 40.49850 -2.23429
C 81.62410 43.29240 -1.46505
C 80.11850 46.53530 -0.96291
C 83.31490 22.60330 -2.34661
C 88.72740 24.14680 -0.70042
C 94.11970 25.75870 -1.41929
C 90.26720 24.71130 -2.31192
C 92.74800 29.17010 -1.90332
C 94.84400 31.75790 -1.32758
C -0.60537 34.25490 -1.04052
C 84.21030 27.61170 -2.42198
C 86.28060 30.53900 -2.22339
C 82.93770 30.98340 -2.35494
C 88.31830 32.92950 -1.99026
C 85.24250 33.42140 -2.22862
C 82.13050 33.91900 -2.31300
C 90.50190 35.25960 -1.55781
C 87.22880 36.02150 -1.91421
C 84.16120 36.58600 -2.13101
C 92.22670 37.80230 -1.31309
C 89.27720 38.33490 -1.58362
C 86.23150 39.06130 -1.85724
C 0.62423 39.59520 -0.99524
C 94.66690 40.39970 -1.15787
C 91.37800 40.86630 -1.28730
C 88.26390 41.44840 -1.50233
C 76.45500 25.58760 -2.34977
C 74.65030 37.96050 -2.41848
C 76.44760 40.75070 -2.23862
C 78.05160 43.44680 -1.80336
C 74.91790 43.69870 -2.14772
C 76.79590 46.21380 -1.56234
C 0.16806 25.95070 -1.55656
C 96.13930 28.73360 -1.55006
C 0.57652 31.51560 -1.04071
H 85.04660 47.79540 -0.36862
H 94.03470 46.66420 -0.67253
H 87.07220 25.66380 -0.98832
H 84.00180 25.99470 -0.56313
H 89.10210 27.98200 -0.57746
H 82.67620 28.97040 -0.89468
H 79.40180 29.89780 -0.70364
H 91.19980 30.36060 -0.29246
H 80.62780 35.21340 -0.92231
H 95.10720 35.35520 0.41707
H 82.60050 37.75720 -0.61113
H -0.34056 37.77270 0.29478
H 84.67860 40.20510 -0.35923
H -1.03500 40.83820 0.46533
H 83.82720 43.22570 -0.33907
H 95.29270 43.79540 0.13948
H 91.96600 44.39660 0.08428
H 88.88090 45.03050 0.61236
H 85.80170 45.24630 1.40310
H 79.49120 24.94810 0.06159
H 77.42040 27.19030 -0.76907
H 75.16130 29.52670 -1.69954
H 76.34340 33.63970 -2.51637
H 77.67750 35.97170 -0.67520
H 79.54250 38.44430 -0.80550
H 81.57070 40.84820 -0.95601
H 79.53420 44.25870 -0.47734
H 85.16510 23.01520 -0.72357
H 94.06800 23.36440 -0.70991
H 92.33380 27.38840 -0.61453
H 94.49450 29.76580 -0.02601
H -1.09829 32.39830 0.57491
H 85.85740 28.51870 -0.81121
H 87.91930 31.02360 -0.42084
H 84.71270 31.56070 -0.72603
H 81.60460 32.15350 -0.58449
H 78.34840 32.96620 -0.32879
H 93.10100 32.81490 0.14618
H 89.97670 33.34720 -0.23089
H 86.77990 34.06040 -0.48023
H 83.78760 34.65320 -0.72479
H 91.97250 35.95760 0.31338
H 88.83350 36.41180 -0.13479
H 85.72230 37.17480 -0.39176
H 93.93740 38.50260 0.31816
H 90.82060 38.99090 0.28741
H 87.79300 39.48810 -0.06451
H 93.05980 41.50870 0.37894
H 89.93820 42.03550 0.30836
H 86.84850 42.55100 -0.23234
H 76.49660 24.14830 -0.36281
H 74.37940 26.36160 -1.37983
H 74.57480 35.95600 -0.97091
H 76.30550 38.72070 -0.80392
H 78.05650 41.34420 -0.42855
H 74.76530 41.61310 -0.77063
H 76.30530 44.26050 -0.15948
H -0.08764 23.86720 -0.34759
H 95.87390 26.86660 0.07387
H 0.33242 29.44100 0.24469
C 84.13960 46.93320 1.97862
C 92.73060 46.33260 1.42138
C -0.15563 49.05130 0.47355
C 85.63770 24.77640 0.89366
C 81.50210 24.76100 1.47402
C 90.34400 26.42690 0.72891
C 87.18670 27.39890 0.85493
C 80.55800 28.43330 0.66134
C 89.28130 29.70720 1.14376
C 79.88040 31.52550 1.10468
C 91.14670 32.06130 1.47906
C 79.04180 34.59180 0.89223
C 93.33210 34.57020 1.87015
C 80.70900 36.99000 0.70160
C 95.30800 37.23710 1.92957
C 82.65240 39.63940 0.93120
C 85.02630 41.97520 1.37369
C -0.83609 42.71890 1.98650
C 93.49580 43.48510 1.79005
C 90.44990 43.83040 1.99088
C 87.33750 44.60200 2.62092
C 84.07060 43.65500 2.17612
C -0.39026 45.50440 0.24140
C 77.93600 23.83400 1.66626
C 78.98610 27.12090 1.09632
C 77.20230 29.63710 -0.32181
C 74.65740 31.91720 -1.48013
C 76.10300 34.25020 -0.03695
C 77.86950 37.76120 0.89572
C 79.64890 40.40480 0.74337
C 81.47680 43.07510 0.30550
C 80.27440 46.33500 0.88889
C 83.74170 22.42940 0.60982
C 91.67790 22.71380 -0.10859
C 93.79380 25.67980 0.41944
C 90.25310 26.85290 2.44109
C 92.53790 28.85200 1.26136
C 94.36110 31.37330 1.80128
C -0.92343 34.21560 2.16547
C 84.12990 27.62240 0.79889
C 86.02160 30.23660 0.93557
C 82.99630 30.63230 0.84236
C 88.06030 32.92130 1.20906
C 84.96470 33.35040 0.95923
C 81.96300 33.91490 0.75735
C 90.12260 35.05910 1.53262
C 86.85920 35.80750 1.23946
C 83.83870 36.36850 1.01347
C 92.17180 37.79170 1.90967
C 88.86040 38.16800 1.64079
C 85.87100 38.89690 1.31996
C 1.00440 39.62810 1.07346
C 94.47270 40.26730 1.98344
C 91.29660 40.78470 1.94995
C 88.00060 41.26830 1.63150
C 75.85490 26.34390 0.65274
C 74.71650 37.68070 0.75562
C 76.25700 40.53000 0.92145
C 78.03240 43.22890 1.24308
C 74.50290 43.31170 1.11786
C 76.32300 46.13140 1.52800
C -0.23637 25.35870 1.60516
C 95.87510 28.36600 1.59076
C 0.32169 31.10550 2.11606
C 88.75510 47.20400 -0.62300
C 86.09230 49.15260 -1.67799
C 82.73330 50.47130 -0.57480
C 80.15140 51.67190 0.01760
C 78.01700 53.33230 -1.85644
C 94.16090 48.30400 -1.66790
C 77.36690 56.89010 -1.77580
C 74.02990 57.68400 0.21611
C 76.86930 60.41790 -1.36762
C -0.11945 53.17920 -0.89925
C 94.38180 54.47730 -0.90580
C 91.44850 55.74030 -1.34183
C 88.55860 57.26670 -1.70076
C 76.84910 63.78790 -1.31687
C 88.12300 61.18820 -1.71492
C 85.95320 62.53920 -1.09178
C 79.66180 65.20210 -1.36839
C 85.06670 65.53800 -1.41673
C 82.35800 67.35760 -0.31015
C 86.17670 68.81870 -0.36437
C 78.01600 49.43170 -0.58438
C 76.40150 52.21310 -2.28606
C 82.04160 70.92050 -0.87365
C 79.49490 68.79150 -0.40816
C 76.38250 67.29400 -0.50127
C 73.98990 63.57320 1.45214
C -0.47235 56.48320 -0.28038
C 93.74000 57.61130 -1.07954
C 92.96950 60.60860 -1.45849
C 91.71040 63.51170 -1.80166
C 91.55730 67.25100 -2.66863
C 87.99770 66.07260 -1.07425
C 89.46570 70.23270 -1.84786
C 91.25140 72.60030 -0.84835
C 91.56030 49.32130 -1.19277
C 88.85150 50.85760 -1.27680
C 85.96270 52.62000 -1.38091
C 82.94830 53.49640 -0.97635
C 80.34170 55.36270 -1.49754
C 94.54560 51.27210 -1.01487
C 91.55760 52.59420 -1.16268
C 88.76120 54.11530 -1.38859
C 85.79000 55.67290 -1.43906
C 82.76270 57.13550 -1.51953
C 80.04370 58.74520 -1.55174
C 85.68980 59.02970 -1.73901
C 82.58380 60.58710 -1.64344
C 79.75910 61.98240 -1.44819
C 82.49700 63.74060 -1.34385
C 75.06020 48.79510 -2.08331
C 76.42690 70.99420 -1.05006
C 95.98140 59.73160 -1.35876
C 0.82789 62.00920 -1.76894
C 94.93200 62.85050 -1.72985
C -0.38356 65.35610 -2.12143
C 93.93660 65.98820 -2.01654
C 95.73760 68.22720 -2.39793
C 92.50940 69.10100 -2.07370
C 0.61201 70.85610 -2.87277
C 94.69720 71.43270 -2.49083
H 83.31290 49.37310 1.72147
H 91.06420 47.45810 0.10874
H 87.87920 49.41930 0.16537
H 82.38670 52.33810 1.07910
H 79.48130 53.88120 0.22733
H 76.67570 55.18470 -0.66512
H 0.93772 47.60600 -0.23633
H 76.45250 58.30370 0.26149
H 96.24350 51.23970 0.28621
H 93.27970 52.82270 0.56184
H 76.17300 61.73870 0.18260
H 93.06100 55.99020 0.50468
H 90.29430 57.43390 0.13641
H 87.84100 59.11180 -0.26915
H 75.85270 64.90740 0.30723
H 88.49870 61.92640 0.77472
H 81.40830 65.19440 0.36303
H 78.63890 66.60950 0.32881
H 86.89010 64.52340 -0.04500
H 84.73430 66.97960 0.55431
H 77.93850 47.01960 0.51339
H 76.23540 50.40790 -0.46777
H 85.38580 71.22960 0.07616
H 83.03250 69.43740 0.85576
H 80.14420 70.84150 0.79771
H 77.23090 69.35520 0.48914
H 74.44720 70.80260 0.66124
H 95.91540 54.44440 0.95147
H 95.44800 58.27330 0.65199
H 92.51390 59.12090 0.54672
H 91.63910 61.93180 0.18587
H 90.15980 64.75260 -0.12467
H 89.73980 67.79110 -1.05785
H 91.43060 70.23390 -0.30129
H 88.19750 70.41930 -0.42217
H 85.11450 51.02040 -0.27100
H 93.43730 49.56770 0.43229
H 90.67330 50.99600 0.43402
H 87.88850 52.58520 0.23746
H 84.93320 54.14630 0.26105
H 82.16430 55.53080 0.25363
H 79.27360 56.99120 -0.09062
H 90.50080 54.23380 0.33160
H 87.70040 55.78650 0.09193
H 84.73290 57.39170 -0.01194
H 81.95100 58.87130 0.06065
H 78.95910 60.24420 0.07690
H 84.68360 60.62730 -0.36721
H 81.71140 62.02400 0.21573
H 78.84400 63.44730 0.24660
H 84.27040 63.86810 0.23646
H 74.79300 47.02330 -0.35828
H 0.44432 60.46790 0.10876
H 94.74400 61.28650 0.09700
H -0.48879 63.61740 -0.35508
H 93.56060 64.34860 -0.27047
H 95.69200 66.67310 -0.45288
H 92.67020 67.34200 -0.41241
H 0.42747 69.04980 -1.13490
H 94.59540 69.66050 -0.82082
H -0.65207 72.27260 -1.27184
C 88.89540 47.41730 1.37472
C 85.88000 49.42560 1.50843
C 83.28590 50.89800 3.00595
C 80.24380 52.14840 1.93827
C 77.16720 53.74860 1.35110
C 94.55200 47.73430 1.46811
C 77.23450 56.89940 1.35220
C 73.40600 57.64950 2.32274
C 77.23910 60.12530 1.88427
C -0.27421 52.66970 2.23389
C 94.16480 54.52370 2.21275
C 91.17300 55.91250 1.99879
C 88.32310 57.57900 1.67854
C 77.09320 63.34400 2.00849
C 90.13650 59.91080 0.33877
C 86.05910 62.33320 0.85947
C 79.55370 65.06580 1.99497
C 85.51190 65.20600 1.88312
C 82.48710 67.06550 1.61989
C 85.39570 69.16640 1.61979
C 77.84570 49.14710 1.31197
C 75.76190 52.21210 1.20126
C 81.87230 70.78460 2.58532
C 79.37710 68.63320 1.54474
C 76.50900 67.11920 1.44891
C 73.72860 61.89600 0.30120
C -0.47267 56.59580 1.74148
C 93.69180 57.63090 2.19370
C 93.17720 61.01790 1.97606
C 91.97090 63.78250 1.62714
C 90.82930 66.95720 1.11239
C 88.97600 63.53920 0.56454
C 89.86510 69.12060 1.19811
C 91.83780 72.23490 0.89857
C 91.48760 49.20250 1.86601
C 88.65020 51.01760 1.93883
C 85.91430 52.43970 1.64340
C 83.14790 54.18560 2.06424
C 80.19500 55.60160 1.78817
C 94.32630 51.17420 2.04642
C 91.32810 52.68200 2.07477
C 88.52810 54.25130 1.81428
C 85.76360 55.93630 1.68353
C 82.97680 57.30720 1.74577
C 80.07630 58.62900 1.66031
C 85.85890 59.15620 1.32861
C 83.07550 60.51320 1.55456
C 79.91530 61.81140 1.83067
C 82.46400 63.69480 1.91580
C 74.48740 49.07000 0.99989
C 76.45320 70.75270 2.28416
C -1.32217 60.29030 1.92366
C 0.86686 62.54650 1.42429
C 95.15840 63.36700 1.37388
C -0.14587 65.68300 1.06985
C 94.02150 66.21290 1.26667
C -1.05495 68.76840 0.77618
C 93.15380 69.22980 1.09961
C 0.86519 71.00560 0.23608
C 95.27590 71.46780 0.66676
C -0.25059 94.96620 -3.71651
C 94.04560 94.67730 -3.83357
C 90.74650 94.82400 -3.93868
C 0.53431 77.88430 -4.10280
C 94.69420 78.19620 -4.48043
C 90.22200 80.47530 -4.48144
C 87.96470 83.04090 -3.90276
C 87.54450 86.19950 -5.23578
C 0.32301 89.67950 -4.05786
C 94.36210 89.59990 -4.39681
C 87.82120 89.39560 -4.55264
C 92.34990 92.23740 -4.35649
C 73.99920 89.15500 -0.63624
C 84.04750 89.54010 -4.34235
C 79.34890 90.92490 -2.34276
C 85.10670 92.72640 -3.53082
C 87.17190 94.77180 -3.85906
C 84.21150 95.59370 -3.13371
C 90.40280 75.86220 -0.73199
C 87.38780 72.80970 0.23315
C 83.97360 71.39200 -1.96368
C 87.32740 75.74230 -1.46539
C 87.81700 78.69090 -3.17923
C 84.91670 81.25920 -2.44650
C 84.39230 84.23720 -4.13607
C 82.30720 86.45360 -3.32799
C 81.10690 88.86310 -2.15190
C 76.64440 87.12760 -1.79463
C 73.91670 85.50560 -1.41599
C -0.41622 74.06250 -3.03398
C 93.48970 73.14390 -3.16093
C 94.65060 76.15120 -4.48416
C -0.88588 80.94800 -4.56848
C 93.17050 81.13240 -4.86937
C 0.45808 83.93260 -4.51015
C 94.64170 83.92700 -4.76254
C 91.34780 83.75660 -4.67215
C -1.14849 87.06760 -4.41376
C 93.06120 86.79650 -4.73668
C 89.69500 86.38370 -4.69386
C 91.00270 89.45760 -4.54092
C 89.06230 92.23840 -4.09952
C 76.23310 91.36520 -1.64362
C 73.44650 92.30730 -1.29928
C 81.79700 93.00800 -2.76550
C 78.72460 93.91740 -2.34701
C 75.69220 94.75610 -1.69791
C 84.59620 74.83680 -0.62628
C 81.84130 73.99530 -0.70749
C 79.14680 72.41650 -0.81427
C 84.76060 77.81200 -1.88579
C 82.00910 76.53770 -1.19142
C 79.01190 75.41970 -1.07035
C 76.20090 74.05350 -0.88659
C 81.96540 79.65850 -1.84717
C 79.01860 78.58640 -1.47876
C 76.20920 77.12380 -0.96515
C 81.88170 82.96780 -2.62264
C 79.08630 81.80280 -1.77884
C 76.27900 80.34140 -1.36432
C 73.59290 78.86120 -1.00370
C 79.54240 85.05470 -2.50197
C 76.40410 83.47870 -1.77015
C 73.63050 82.11450 -1.17517
H -0.17325 93.20730 -2.48504
H 94.10390 92.98250 -2.59039
H 92.33660 95.53610 -2.19848
H 89.00810 95.40430 -2.29396
H 0.46875 76.48600 -2.46515
H 96.23420 79.29870 -2.78237
H 93.05130 79.36810 -2.91084
H 90.21280 79.12330 -2.25529
H 88.55600 80.97300 -2.75613
H 86.39120 84.88330 -3.35659
H 88.04970 87.40220 -3.18530
H 95.84030 90.44510 -2.37554
H 92.57100 90.27700 -2.85295
H 89.39900 90.16800 -2.84500
H 86.13370 89.65940 -2.75736
H 90.85740 92.83990 -2.49607
H 79.26250 89.14750 -0.49771
H 76.30030 89.98470 0.11037
H 72.97470 90.87490 0.58469
H 83.33540 91.04270 -3.19143
H 81.29550 91.58640 -0.88790
H 87.34810 92.71130 -2.35260
H 88.43690 74.99200 0.80099
H 85.51120 73.96290 1.52117
H 88.45380 77.39380 -1.13552
H 86.10290 79.52960 -1.62781
H 82.99190 81.74740 -0.87597
H 83.34710 84.74820 -1.79285
H 83.46360 88.00850 -2.38821
H 80.93500 86.61920 -1.24165
H 77.75180 85.32400 -0.68817
H 74.99180 87.02730 0.11399
H 93.67270 72.61640 -0.70529
H 1.78503 74.24420 -1.74967
H 94.74660 75.05770 -2.27281
H 91.69480 74.71260 0.45046
H 95.45030 95.85010 -2.07864
H 0.40228 82.17100 -2.79212
H 94.67190 82.00490 -3.28816
H 91.58360 81.92150 -3.08985
H 96.12220 85.01180 -3.13003
H 92.94360 84.82340 -3.21364
H 89.66350 84.62460 -3.10897
H 0.20597 87.79790 -2.47778
H 94.42260 87.67010 -2.90411
H 91.23100 87.44970 -3.10035
H 78.32210 92.18680 -0.59938
H 75.38270 93.02040 0.03508
H 83.87370 93.64130 -1.53374
H 80.72230 94.60760 -1.10969
H 77.69420 95.38420 -0.58657
H 82.71040 72.44870 0.93804
H 85.69280 76.83080 0.19507
H 82.85340 75.62040 0.92258
H 79.94550 74.08420 0.83553
H 77.26260 72.49650 0.75483
H 83.07500 78.58140 -0.25921
H 80.11130 77.23590 0.18435
H 77.25880 75.75610 0.64716
H 74.49780 74.07470 0.72097
H 80.20400 80.33280 -0.13069
H 77.34920 78.91560 0.30906
H 74.43390 77.33350 0.80485
H 80.38540 83.57060 -0.71170
H 77.39070 82.00930 0.01237
H 74.63190 80.56720 0.45959
H 74.87100 83.77980 0.13028
C -0.27890 94.93880 -0.45030
C 93.94460 94.63720 -0.58508
C 90.64190 94.51050 -0.74136
C 0.35277 78.61680 -0.90809
C 94.55960 78.53020 -1.09455
C 90.29460 81.45100 -1.10209
C 87.85360 83.21870 -2.18290
C 85.76970 87.17070 -2.48806
C 0.12141 89.41530 -0.62399
C 94.42210 89.53860 -1.33607
C 87.74970 89.06050 -1.33810
C 92.40530 91.83340 -0.92786
C 74.42050 89.02390 1.39859
C 82.77970 89.88900 -1.01959
C 79.77250 90.71620 0.86295
C 85.18120 91.60960 -1.60981
C 87.49940 94.27910 -0.66760
C 84.64550 95.43080 0.05484
C 90.58220 74.66970 2.24803
C 87.61570 74.75880 2.90624
C 84.75770 72.31860 2.38246
C 87.83610 77.34940 1.28856
C 88.35020 79.82910 -0.59199
C 85.28780 81.86870 -0.76426
C 85.38370 84.57870 -0.91826
C 83.18470 86.73400 -0.30067
C 80.48490 87.52710 0.99839
C 77.32890 87.72520 0.23353
C 74.28380 85.65850 1.79000
C -0.51346 74.67220 -0.77579
C 93.83510 74.92340 0.21003
C 93.32940 77.07510 -1.74110
C 95.98020 81.30890 -1.33728
C 93.27040 81.29850 -1.37771
C 0.22452 84.17460 -1.31372
C 94.53070 83.86760 -1.67699
C 91.29810 83.88180 -1.60074
C 95.85220 86.60050 -1.24207
C 92.80300 86.57100 -1.48276
C 89.57660 86.50740 -1.55271
C 90.94380 89.18320 -1.34344
C 89.21250 91.75610 -0.98457
C 76.95280 91.61860 1.39452
C 73.87580 92.62050 1.93905
C 82.34370 93.38400 0.36991
C 79.21580 93.97590 0.76921
C 76.15890 94.93200 1.34648
C 84.79310 76.22070 2.36716
C 81.80320 74.12420 2.50626
C 79.08060 72.42430 2.40022
C 85.18040 79.21340 0.67156
C 81.95060 77.74000 1.72650
C 79.19810 75.95570 2.09779
C 76.40820 74.17270 2.35069
C 82.36700 80.58980 1.10840
C 79.40910 79.04120 1.73413
C 76.45190 77.54570 2.17076
C 82.53860 83.80700 0.39306
C 79.51500 82.29110 1.22804
C 76.62330 80.63360 1.91714
C 73.60030 79.13430 2.29670
C 79.85220 85.57750 0.69727
C 77.05760 84.05560 1.38359
C 74.08670 82.46300 2.05447
