2979
Frame 49
C 11.66440 96.14800 -0.81774
C 12.59310 1.37353 -0.54939
C 10.75560 4.01621 -1.04388
C 9.46271 7.17296 -0.22989
C 6.69583 9.54922 0.07358
C 3.79127 9.18278 -1.69707
C 2.10465 8.82439 -3.10858
C 22.65030 0.70930 1.57868
C 20.94480 4.59248 2.12020
C 23.30680 6.24261 0.52577
C 23.54680 12.02110 0.24027
C 18.32330 1.26578 0.02725
C 14.98070 -0.41537 0.46204
C 18.08150 4.79988 -0.15531
C 21.53310 9.23133 0.42165
C 18.29430 7.88671 0.05316
C 12.62270 4.93051 -0.22247
C 21.65590 12.66310 0.13547
C 12.68970 8.62439 -0.13088
C 21.75750 15.94720 -0.16422
C 9.81571 10.64670 -0.00882
C 21.68530 19.64640 -0.31426
C 10.86070 13.58160 -0.08008
C 7.20894 12.69650 0.33926
C 21.80810 22.91370 -0.22501
C 13.39530 18.07520 0.30191
C 9.83956 16.41280 1.92950
C 13.10030 21.55950 1.45241
C 19.25670 -0.73205 0.25029
C 4.12367 11.03440 0.87802
C 5.49959 14.69140 0.80105
C 2.33184 14.39720 0.31408
C 6.79198 17.17240 1.31340
C 0.87610 17.12280 0.10757
C 8.62127 19.67780 1.40792
C 9.87766 22.45890 1.00887
C 8.23417 95.84330 -1.57495
C 9.56637 1.00842 -1.36502
C 6.32348 0.73639 -1.88885
C 3.17089 0.53449 -2.32333
C 7.56259 3.70038 -1.56217
C 4.39550 3.62110 -1.89331
C 1.32952 3.20668 -2.31563
C 6.24500 6.38981 -1.65288
C 2.52072 5.80690 -2.26344
C 15.58710 3.24654 -0.39507
C 15.30680 6.64081 0.00586
C 18.66930 10.99050 0.07375
C 15.83010 9.81155 0.05308
C 18.86760 14.30360 0.19978
C 16.07850 13.08610 0.14442
C 13.15890 11.72180 0.00428
C 19.04910 17.88320 0.22835
C 16.28770 16.42560 0.28613
C 13.51730 14.91030 0.14896
C 18.82900 21.37760 0.28911
C 16.20380 19.72370 0.47273
C 3.76867 17.14760 0.86990
C 5.11076 19.70160 0.99641
C 2.09321 19.76580 0.54622
C 6.74367 22.48170 1.04251
C 3.55552 22.53660 0.75141
C 0.46296 22.61830 0.15085
H 12.54530 -0.44204 1.21204
H 10.55010 2.14267 0.59131
H 8.90109 4.81101 0.11326
H 6.99522 7.45392 0.41217
H 0.75497 6.71466 -0.67930
H 2.32012 9.48367 0.38285
H 21.36260 2.21264 3.16139
H 23.31930 4.56250 2.39255
H 21.66370 7.02185 1.69938
H 23.59610 10.05990 1.67646
H 24.21000 15.57580 0.64996
H 18.88790 3.16552 1.68658
H 16.19610 1.52580 1.49995
H 18.96150 6.13957 1.89639
H 13.49110 3.11630 0.88629
H 13.56010 6.78535 1.39256
H 19.71480 12.58940 1.95049
H 10.85630 8.71349 1.20239
H 22.60680 18.19870 0.68146
H 19.81260 16.26660 1.51529
H 8.16302 10.97530 1.87099
H 22.91780 21.21670 1.33054
H 8.98716 14.08700 1.56835
H 11.64350 18.11020 2.22570
H 8.26224 17.88590 3.17842
H 20.74020 -0.64334 2.19111
H 0.23695 13.30490 -0.75807
H 5.48127 12.69480 2.18203
H 2.11733 12.37710 1.68372
H 6.68778 15.23910 2.95480
H 4.99413 17.95870 2.79513
H 9.88984 20.54910 2.65869
H 6.65127 20.70260 2.58750
H 9.53724 -0.82986 0.27627
H 6.29169 -1.10026 -0.32444
H 3.16246 -1.34613 -0.74821
H -0.04388 95.96680 -1.40024
H 7.59371 1.76190 -0.05737
H 4.45442 1.60452 -0.48218
H 1.32087 1.25687 -0.88270
H 5.73801 4.54525 -0.08665
H 2.54471 4.20354 -0.43477
H 3.96824 7.00802 -0.60452
H 16.20690 4.79197 1.47097
H 19.35360 9.29583 1.57425
H 16.45170 8.08015 1.70612
H 16.80390 11.29750 1.73259
H 13.92070 10.01770 1.62353
H 17.05820 14.66380 1.83453
H 14.25220 13.15960 1.71164
H 11.31590 11.80550 1.62890
H 20.02480 19.72870 1.64625
H 17.24810 18.02210 1.93867
H 14.42630 16.45740 1.83264
H 11.79530 14.96590 1.85292
H 17.29290 21.26980 2.14443
H 14.45430 19.62060 1.87424
H 3.61478 15.14610 2.24369
H 0.41948 15.24610 1.65383
H 1.91770 17.92580 2.16998
H 3.39305 20.76630 2.37610
H 0.32245 20.83400 1.80567
C 10.89980 96.29920 2.29329
C 12.13730 1.65273 2.43134
C 9.54946 3.68908 2.16666
C 9.09562 6.94613 1.52171
C 6.81479 9.38588 2.21510
C 2.39619 8.22493 2.19686
C 0.61227 8.66646 -1.30611
C 22.40790 0.65283 3.42740
C 22.71250 3.79717 4.71746
C 23.17920 6.63614 3.77342
C 23.58180 12.02460 3.17387
C 17.80710 1.35868 3.36009
C 14.76730 -0.40241 2.43655
C 17.66930 4.59578 3.47365
C 21.60760 9.51028 2.23209
C 18.26370 8.11113 3.38298
C 12.29100 5.26634 1.86171
C 21.83900 13.12940 3.26702
C 12.66050 8.38729 2.99479
C 21.93610 15.96440 1.94152
C 10.06610 10.22600 3.15622
C 22.15780 19.44700 2.91955
C 10.62770 13.39620 3.43107
C 7.55471 12.90530 3.37804
C 22.45350 22.69400 2.93357
C 13.39200 17.95370 3.53543
C 10.24940 16.60540 3.89357
C 13.31730 21.46840 3.22666
C 18.70290 -0.69805 3.17247
C 3.92584 11.13890 2.90937
C 4.74334 14.10260 4.09902
C 1.79831 13.75440 3.20622
C 6.34784 17.05710 4.62596
C 0.06051 16.83480 3.40427
C 8.11178 19.88190 4.43975
C 9.87739 22.47440 4.40014
C 7.70636 95.87930 1.59131
C 8.83749 0.89330 1.87111
C 5.87866 0.72222 1.29884
C 2.83268 0.49769 0.91082
C 7.29084 3.52742 1.52730
C 4.02560 3.36251 1.24665
C 1.00081 2.90639 0.88537
C 5.37386 6.44720 1.50820
C 2.38230 6.16642 1.14406
C 14.91260 3.21343 2.92057
C 15.30670 6.39578 3.10508
C 18.74530 11.03630 3.33597
C 15.70960 9.78520 3.34009
C 18.99660 14.65240 3.41343
C 16.00260 12.97600 3.37510
C 13.18440 11.61110 3.29527
C 19.24820 18.00270 3.26012
C 16.30050 16.36370 3.44842
C 13.59240 14.81720 3.41452
C 19.40790 21.25480 3.46808
C 16.22120 19.50860 3.55896
C 3.15085 16.81160 3.97245
C 4.82606 20.02360 4.15328
C 1.56963 19.77870 3.67577
C 6.49980 22.59950 4.20055
C 3.16293 22.63040 3.94030
C -0.20095 22.74390 3.24495
C 21.61650 26.15230 -0.53260
C 19.18790 27.93740 0.36900
C 13.79940 24.97220 0.84803
C 16.99240 29.96380 1.01749
C 21.98660 29.28320 -0.28565
C 22.68720 32.38860 -0.76390
C 22.11610 35.63960 -0.77969
C 24.00380 45.15850 -2.72671
C 20.83700 44.38730 -1.29917
C 20.19370 31.77160 1.94693
C 17.40560 32.95260 0.31346
C 14.26590 31.80130 0.71282
C 18.55660 35.88480 -0.05707
C 11.72620 34.27910 0.10398
C 19.34130 38.71900 -0.42217
C 9.40065 36.55730 -0.33658
C 20.51790 41.22620 -0.92917
C 17.22790 41.13980 -0.70801
C 7.47712 38.96370 -0.97443
C 2.71893 38.94320 -1.98475
C 15.01030 43.74220 -0.81044
C 1.26343 42.59280 -1.84581
C 12.88480 45.98130 -0.97065
C 3.80060 44.29440 -2.27367
C 1.53073 46.86990 -2.71242
C 11.71670 24.66660 0.95437
C 10.87840 28.14570 1.72368
C 11.33300 31.15780 0.63401
C 8.66623 30.31580 0.51663
C 8.16720 33.53130 1.19122
C 4.73090 33.77520 0.34764
C 6.49743 36.23980 1.96948
C 0.21393 36.50040 -0.54608
C 19.11320 24.35940 0.20158
C 16.19080 22.95210 0.63786
C 16.57360 26.19800 0.61158
C 15.19300 35.09490 -0.02432
C 16.28930 38.09320 -0.44111
C 13.03420 37.32540 -0.52644
C 14.14270 40.44310 -0.81495
C 10.90720 39.66210 -1.00509
C 11.94230 42.99870 -0.97222
C 8.73090 42.28270 -1.42054
C 5.42249 41.87680 -1.80310
C 9.69922 45.38700 -1.28671
C 6.68907 44.81980 -1.72904
C 4.66821 47.30970 -1.94228
C 8.59886 25.19860 1.08559
C 5.28510 25.14590 0.82374
C 2.12287 25.27130 0.39814
C 7.02429 27.87930 0.82543
C 3.71100 27.93870 0.47212
C 0.61972 28.17400 0.17374
C 5.46434 30.54620 0.33041
C 2.46545 30.72010 0.23440
C 1.39505 33.72420 -0.00656
H -0.35701 43.12120 0.19100
H 22.96960 24.28060 0.78743
H 20.31690 26.07710 1.61970
H 14.72230 23.22330 2.27970
H 17.63350 27.73240 2.26698
H 15.02870 26.35610 2.65750
H 15.06000 29.44570 1.67946
H 23.16950 27.41010 0.92653
H 23.54980 30.67430 1.00091
H 20.73280 29.30760 1.87490
H 22.83220 40.46250 -0.79799
H 23.11840 43.62260 -1.82422
H 21.46270 42.94120 0.66117
H 19.15370 45.35700 0.38091
H 18.65670 33.88220 1.75788
H 15.47630 33.57330 1.90005
H 12.45600 32.87070 1.99852
H 19.74040 36.90950 1.34340
H 10.08630 35.04790 1.50220
H 20.56380 40.04640 1.37274
H 7.84611 37.64630 1.39254
H 18.51720 42.36900 0.27049
H 5.41632 40.15560 0.13212
H 1.21551 40.36860 -0.85976
H 16.25210 44.77890 0.37078
H 3.42313 42.58220 -0.54614
H 14.11640 47.15320 0.21544
H 1.61729 45.01420 -1.17758
H 11.56990 23.04170 2.69541
H 8.30533 23.34570 2.75920
H 10.15190 25.94500 2.55274
H 12.20790 30.09720 2.75058
H 9.61385 31.88200 2.14613
H 7.06026 31.53660 1.86571
H 6.15415 34.38110 2.34304
H 2.84110 34.79150 1.85306
H -0.37976 34.80730 1.27922
H 1.46263 37.60920 0.92482
H 20.24090 22.82980 1.73881
H 17.56030 24.47370 2.05641
H 22.13510 45.85820 0.15078
H 16.61230 36.49810 1.39544
H 13.26430 35.76440 1.37039
H 17.56110 39.47720 1.14278
H 14.42260 38.69410 1.04092
H 11.06020 38.00760 0.85386
H 15.26290 41.77620 0.73337
H 12.13220 41.05480 0.58922
H 8.97098 40.51260 0.30161
H 13.06770 44.16120 0.84101
H 9.91492 43.60230 0.39100
H 6.77134 43.07980 -0.08018
H 10.91820 46.65000 0.47006
H 7.84140 45.99160 0.10871
H 4.70866 45.49020 -0.37054
H 5.00125 23.44980 2.50987
H 1.79110 23.57580 2.08209
H 6.79913 26.14360 2.53691
H 3.54015 26.23580 2.17040
H 0.30712 26.34030 1.74590
H 8.59573 28.88450 2.49068
H 5.21667 28.93080 2.15039
H 2.08688 29.02180 1.99675
H 3.96387 31.88790 1.72549
H 0.80760 31.86960 1.60269
C 22.50670 25.91350 2.84243
C 19.62390 27.60200 3.46327
C 14.07380 24.93440 3.99950
C 15.76190 28.70210 3.72200
C 22.68460 29.05800 2.81973
C 22.49060 32.45460 2.22989
C 21.99570 35.72380 1.22604
C 23.66040 44.05580 0.52215
C 20.97780 44.93740 2.15414
C 19.80690 30.80060 3.68974
C 17.44860 32.92490 3.45249
C 14.29760 31.58780 2.87831
C 18.17640 35.98970 3.23534
C 11.90120 34.88190 3.21632
C 19.45900 39.10030 2.81140
C 9.78602 37.08470 2.86445
C 19.95890 42.18510 2.47744
C 17.20040 41.58330 2.31904
C 6.95061 39.29500 0.89242
C 3.30880 38.93040 -0.13529
C 14.92430 43.67090 2.35273
C 1.69960 41.88020 1.15567
C 12.67270 46.20070 2.14132
C 2.91739 44.49440 0.92951
C 1.07640 46.73780 0.63760
C 11.78340 24.83320 4.20706
C 10.71770 28.17800 3.58510
C 11.29670 31.78690 3.88893
C 8.29377 30.73240 3.84430
C 8.47576 33.83280 2.98820
C 4.49697 33.60560 3.56215
C 3.27115 36.70730 2.66574
C -0.15692 36.72500 2.76447
C 19.67610 24.53080 3.36561
C 16.62330 22.89830 3.76087
C 17.20320 25.91780 4.00192
C 15.01130 35.56830 3.10953
C 16.10100 38.47310 2.81119
C 12.75070 37.80630 2.65060
C 13.82680 40.66670 2.42052
C 10.48140 40.02450 2.18470
C 11.45950 42.79830 2.18582
C 8.21110 42.37990 1.79915
C 4.95785 42.02270 1.36671
C 9.42636 45.41590 1.93721
C 6.18226 44.93920 1.49945
C 4.01809 47.28770 1.13034
C 8.43729 25.34160 4.22050
C 5.02961 25.43780 3.97198
C 1.70636 25.51240 3.61110
C 6.70035 28.05680 3.93439
C 3.49440 28.14980 3.75249
C 0.15973 28.20350 3.32717
C 5.41839 30.97530 3.47931
C 2.29834 31.08390 3.33639
C 0.83821 33.82060 3.16054
C 18.98330 47.25340 -1.48273
C 15.84310 46.65230 -1.47848
C 13.80890 51.41210 -2.16731
C 15.90000 53.79120 -1.54345
C 12.92390 55.08510 -1.17209
C 17.53770 56.23230 -1.13916
C 19.30210 58.80800 -0.92387
C 21.05600 61.65720 -0.82108
C 22.96370 64.37160 -0.75631
C 18.04470 61.57840 -1.04646
C 15.69190 59.68240 -0.47678
C 12.46020 59.16600 -1.66511
C 10.41840 56.97210 -0.75513
C 21.30680 66.81940 -0.76860
C 19.14510 64.83330 -0.37191
C 9.48431 60.77830 -1.42945
C 21.82170 69.87770 -0.76350
C 10.14260 64.05640 -1.64149
C 10.50250 67.10130 -1.95026
C 7.97363 69.09190 -2.55922
C 12.01620 51.55490 -1.24622
C 5.65093 50.13970 -1.75547
C 2.35556 49.84030 -2.25469
C 9.78053 53.83580 -1.57491
C 6.59560 53.07260 -1.80108
C 3.39627 52.78690 -2.05195
C 0.34154 52.26160 -2.08155
C 5.92083 55.93250 -0.62547
C 7.33269 57.95910 1.14524
C 6.05956 60.88950 -1.85132
C 7.99422 63.47500 -1.97414
C 6.81176 66.33590 -2.24975
C 5.89107 69.17420 -2.77378
C 22.02910 47.57870 -1.54608
C 20.40660 50.35400 -1.40496
C 16.98300 49.93560 -0.89030
C 21.89760 53.22990 -1.24743
C 18.74780 53.17060 -1.20454
C 20.58440 56.06570 -1.04240
C 22.55490 58.70980 -0.84195
C 15.84050 63.57640 -1.26022
C 12.86380 62.15970 -1.48266
C 18.82930 68.57770 -0.96052
C 16.22300 66.87040 -1.19592
C 13.16580 65.51250 -1.41770
C 16.42640 70.09370 -1.28339
C 13.34850 68.67230 -1.67003
C 10.84630 70.26290 -2.24682
C 10.99060 48.47660 -1.22934
C 7.62488 47.69290 -1.53305
C 8.67227 50.68990 -1.42749
C 1.99787 55.65900 -1.34560
C 4.06052 58.39360 -1.72630
C 0.82602 58.98250 -2.04813
C 2.75219 61.49860 -2.10125
C 4.87657 63.81200 -2.20630
C 1.64195 64.43790 -2.59598
C 3.83308 66.88400 -2.70651
C 0.42230 67.42710 -2.93934
C 2.54916 69.97660 -3.14377
H 0.59882 50.36490 -0.42706
H 17.29320 47.70280 0.27782
H 15.47510 51.67610 -0.27110
H 14.21120 54.72480 0.24666
H 15.89940 57.37350 0.49831
H 20.91830 59.71430 0.71312
H 17.79290 59.81300 0.61207
H 22.62830 62.49970 0.83025
H 12.79380 57.34640 0.04595
H 10.97200 54.85290 0.36996
H 21.24180 65.03980 0.85976
H 19.34160 62.61460 0.69941
H 16.14950 61.84370 0.45153
H 13.50110 60.43080 0.15593
H 10.70910 59.27540 0.04428
H 22.48290 68.10340 0.80471
H 10.84440 62.33260 -0.05947
H 11.10650 65.72180 0.11128
H 8.41141 67.48210 -0.76046
H 8.94627 70.75880 -0.91701
H 11.94460 49.68230 0.29996
H 2.64954 47.98630 -0.80626
H 9.94719 52.08650 0.16026
H 6.83391 51.40830 0.01495
H 3.70142 50.88670 -0.48140
H 7.82242 54.37380 -0.05035
H 4.75836 53.77150 -0.22524
H 1.76372 53.34220 -0.36324
H 6.08452 55.72240 1.92585
H 5.61623 59.33330 0.20392
H 7.61573 61.85600 -0.18824
H 6.42973 64.69020 -0.49958
H 5.29465 67.67200 -0.93590
H 4.35608 70.66170 -1.56750
H 23.71070 48.44820 -0.11200
H 20.41490 48.41670 0.24724
H 22.09030 51.21410 0.17972
H 18.78970 51.42270 0.05490
H 20.38560 54.10920 0.47548
H 17.20230 54.31750 0.44633
H 22.23210 56.80860 0.68367
H 19.10650 56.96960 0.65527
H 19.40550 66.91210 0.68413
H 16.83670 65.10450 0.42827
H 13.84160 63.73340 0.23194
H 19.88300 69.94640 0.72517
H 16.86140 68.50500 0.52571
H 14.09810 67.00060 0.09579
H 14.33840 70.14720 0.00617
H 11.28730 68.78570 -0.27495
H 8.93474 48.89360 0.16890
H 5.80403 48.44130 -0.08378
H 3.75496 56.86040 -0.07492
H 0.51075 57.43020 -0.63284
H 2.51693 59.74740 -0.34533
H 4.46543 62.24230 -0.51578
H 1.30290 62.76250 -0.80886
H 3.26560 65.22040 -0.93486
H 0.19535 65.78500 -1.18367
H 2.23078 68.22460 -1.46235
H 1.16067 71.30220 -1.67163
C 19.03190 47.41750 2.03493
C 15.84240 46.74320 2.08815
C 13.93760 49.69020 0.57559
C 15.54330 52.84170 1.62569
C 12.48260 53.74040 1.96041
C 17.03080 56.35820 1.95815
C 19.20350 58.84020 2.24463
C 20.89250 61.61130 2.32337
C 23.02350 64.41760 2.43401
C 17.84970 61.63560 2.18592
C 15.52190 59.69330 1.29685
C 12.42600 59.02970 1.85703
C 10.51180 57.03720 1.09459
C 21.19180 66.90360 2.36154
C 18.95710 64.79410 1.66077
C 9.32424 60.82210 1.32156
C 21.68060 69.83800 2.40373
C 9.92447 63.98310 1.49951
C 9.94068 67.32200 1.26588
C 7.74692 69.41990 0.63191
C 11.68740 51.72090 1.81540
C 5.17228 50.27830 1.38985
C 2.11674 49.66200 0.96122
C 9.36955 53.80630 1.87677
C 6.29991 53.18640 1.60639
C 3.33433 52.53900 1.36689
C 0.19816 52.18720 1.32196
C 4.17566 55.90770 2.28229
C 6.97151 57.78440 3.17109
C 5.71151 61.19880 1.37153
C 7.75865 63.65730 1.35392
C 6.64846 66.54500 0.77827
C 5.63876 69.63550 0.37522
C 22.18940 47.73000 1.71993
C 20.30850 50.48050 1.71749
C 17.00370 50.03170 1.01994
C 21.93410 52.87680 2.00241
C 18.65130 53.10300 1.96637
C 20.58830 55.82350 2.24864
C 22.35960 58.57860 2.33781
C 15.56930 63.65110 1.99272
C 12.60220 62.15260 1.70530
C 18.61740 68.53920 2.22892
C 15.78630 66.82120 1.91235
C 12.96190 65.51680 1.73115
C 15.97860 70.30930 1.92064
C 13.02910 68.66250 1.46888
C 10.71300 70.77580 0.87419
C 10.57970 48.54820 2.01730
C 7.38420 47.78380 1.67936
C 8.62354 50.77050 1.68486
C 1.69595 55.63180 0.57558
C 3.58454 58.68220 1.65122
C 0.67279 59.05050 1.16983
C 2.61946 61.73260 1.00841
C 4.50863 64.19700 0.93766
C 1.47713 64.59940 0.60846
C 3.39835 67.28180 0.43127
C 0.50200 67.79370 0.21044
C 2.55517 70.12000 0.00760
C 8.66212 90.02650 -1.16647
C 9.91100 93.02810 -1.08758
C 6.91463 93.12580 -1.92826
C 3.67334 92.69100 -2.35207
C 0.52807 92.49810 -2.89606
C 4.28938 75.28580 -3.53701
C 9.18479 78.04570 -2.82343
C 5.70835 78.16090 -3.32208
C 2.51130 77.98460 -3.63411
C 10.24050 87.18750 -4.16528
C 9.38159 88.14350 -1.04742
C 5.60908 89.99300 -2.47921
C 2.23468 89.94730 -2.99208
C 22.07570 80.50020 -0.19405
C 18.90160 81.53020 -0.41403
C 15.89280 83.47480 -1.65205
C 11.90980 86.17360 -4.47524
C 12.38080 87.54710 -1.29264
C 11.61450 90.59020 -0.88400
C 14.11400 93.06660 -0.55029
C 16.52610 95.04160 0.01091
C 21.95850 95.43610 0.72915
C 22.47470 73.28260 -0.57676
C 22.81410 76.69330 0.22686
C 20.16220 78.22050 -0.82227
C 8.43021 72.17910 -2.91794
C 14.80080 78.22460 -2.55132
C 12.33740 77.13570 -3.14055
C 7.51498 75.36000 -2.58345
C 14.75910 81.73590 -1.99760
C 5.03282 72.36670 -3.32446
C 1.71280 72.98760 -3.41409
C 5.08320 95.51320 -2.14921
C 1.80942 95.22860 -2.55968
C 7.10194 80.95880 -3.53981
C 4.06152 81.05170 -3.80306
C 0.77738 81.03950 -3.96744
C 8.50269 83.91240 -3.78539
C 5.53644 84.12040 -3.61797
C 2.35458 84.10910 -3.79255
C 7.09471 86.94600 -3.13034
C 3.96484 87.10570 -3.39929
C 0.79362 86.82230 -3.64054
C 21.34870 83.56070 -0.37256
C 18.44850 85.14010 -1.10733
C 15.47360 86.51500 -1.34284
C 20.87020 87.22250 -0.41810
C 17.86320 88.53340 -0.68024
C 14.83180 89.62230 -1.05635
C 23.20990 89.31540 0.27684
C 20.33680 90.76170 0.03992
C 17.18620 91.91120 -0.21836
C 22.85390 92.47100 0.73259
C 19.61090 93.67360 0.30403
C 19.35620 71.56280 -1.02128
C 19.80090 74.79350 -1.24513
C 16.91690 73.11040 -1.54553
C 13.76390 71.66440 -1.88071
C 17.18990 76.51310 -1.84697
C 14.52060 74.81780 -2.40348
C 11.49920 73.56440 -2.73943
C 17.55080 80.05000 -1.52598
H 9.72980 91.34680 0.64412
H 6.59476 91.18160 -0.55252
H 11.28420 94.21140 0.76448
H 4.94781 93.65360 -0.54287
H 1.75166 93.34570 -0.85110
H 5.42467 76.34630 -1.61037
H 2.35992 76.55620 -2.36573
H 7.39858 79.30240 -1.63651
H 8.56943 82.24800 -1.64191
H 10.11200 84.92660 -2.87542
H 7.72760 88.71250 0.79378
H 3.67100 90.56000 -1.05994
H 0.34742 90.47640 -1.45836
H 21.57630 78.56440 1.17442
H 20.72150 81.89960 1.39501
H 17.42170 83.32570 0.39377
H 14.56410 84.64930 0.23776
H 13.06170 86.05920 -2.15073
H 11.13530 88.52780 0.54791
H 13.45930 90.93300 0.48817
H 15.76300 93.02740 1.46456
H 13.99460 95.02960 -0.36341
H 18.35880 94.99070 1.57467
H 22.80380 71.30330 0.95845
H 23.23700 74.59340 1.52205
H 20.47330 76.19670 0.60604
H 17.85260 77.97670 -0.26522
H 12.24790 75.11610 -1.56303
H 9.31092 73.93100 -1.57409
H 6.55233 73.26300 -1.73446
H 15.18470 79.74770 -0.49601
H 12.32530 78.41470 -1.43982
H 3.49729 73.71030 -1.86374
H 8.07449 94.02920 0.08346
H 4.03995 79.31190 -2.03182
H 0.72816 79.21160 -2.43023
H 5.45816 82.19940 -2.08340
H 2.33419 82.09580 -2.32887
H 7.03194 85.01360 -1.85915
H 3.81540 85.02740 -2.05399
H 0.62030 84.88900 -2.14456
H 5.28842 87.78030 -1.41146
H 2.20707 87.80440 -1.76932
H 23.62180 80.69230 1.69846
H 22.89630 84.11490 1.45909
H 20.04500 85.28480 0.81500
H 17.07250 86.50330 0.42732
H 14.18930 87.72910 0.38842
H 22.42320 87.38870 1.52070
H 19.48910 88.67900 1.12660
H 16.41980 89.83020 0.86117
H 21.82040 90.52920 1.86758
H 18.73810 91.71830 1.69559
H 21.26480 93.71960 2.18698
H 20.30140 73.15480 0.56483
H 17.27230 71.69590 0.35832
H 17.64910 74.84750 -0.03903
H 14.68450 73.43130 -0.35832
H 11.83840 71.99790 -0.85698
H 14.98950 76.59520 -0.75602
C 7.58381 91.09670 1.63222
C 9.60569 93.44470 1.94122
C 6.41114 92.84130 1.28046
C 3.35553 92.30120 0.73269
C 0.00935 92.03880 0.44250
C 3.84290 75.68080 -0.32698
C 9.01994 78.81940 0.31106
C 5.66969 78.45290 -0.23748
C 2.28823 78.47630 -0.60245
C 12.13340 83.56480 -2.32145
C 9.27479 88.15050 2.27928
C 5.31307 89.41950 0.45916
C 1.91593 89.38530 0.16069
C 21.57260 80.26340 2.96857
C 18.60750 81.24240 1.59831
C 15.26060 82.76030 1.70139
C 12.20770 84.27830 -0.46838
C 12.14770 87.01920 1.70978
C 11.33190 90.59500 1.95519
C 13.30330 93.30990 1.52105
C 16.19390 94.41490 3.11822
C 21.50360 95.46600 3.90997
C 21.88250 73.04570 2.51366
C 21.95460 76.58180 2.55359
C 19.31830 77.98250 1.78085
C 8.16337 72.50760 0.07992
C 13.30190 78.06500 0.29255
C 10.07440 77.53200 -0.88800
C 7.45265 75.34700 -0.78272
C 13.91070 81.36360 0.94841
C 4.83782 72.68480 -0.08821
C 1.60362 73.32420 -0.26150
C 4.55540 95.47230 1.05547
C 1.39500 95.15720 0.54372
C 7.29005 81.65200 -0.45569
C 3.94469 81.33860 -0.51133
C 0.63675 81.01510 -0.82047
C 9.03993 84.59240 -0.47286
C 5.31080 84.04350 -0.34809
C 2.22424 83.79680 -0.55400
C 6.74897 86.51560 0.17190
C 3.58147 86.56860 -0.09275
C 0.36356 86.71570 -0.50930
C 20.75950 83.77830 2.75339
C 17.91770 84.74590 2.11447
C 15.18130 86.22610 2.05659
C 20.33440 86.93860 2.68913
C 17.39270 88.05990 2.28538
C 14.39470 89.31840 2.24713
C 22.83410 88.87640 3.42029
C 19.83850 90.02070 3.20075
C 16.75440 91.17070 2.91950
C 22.25140 92.12930 3.83523
C 19.11760 93.45230 3.38989
C 18.95620 71.74080 2.12213
C 19.08750 74.82440 1.96357
C 16.28180 73.53390 1.50808
C 13.27190 72.06680 1.10096
C 16.31120 76.58540 1.18335
C 13.47470 75.22910 0.61916
C 10.83560 73.93020 0.18441
C 16.29610 78.79730 1.51512
C 37.33480 -0.12234 1.39805
C 34.34030 -0.30863 1.11752
C 38.35010 2.62438 1.01495
C 47.14660 9.47921 -0.28911
C 44.04700 9.00830 -0.00382
C 41.04570 8.37235 0.26922
C 41.63660 11.41960 -0.24027
C 32.43850 0.44742 0.75113
C 26.14500 0.43340 1.32900
C 34.71360 2.86925 1.75288
C 36.11370 5.67435 1.02612
C 37.74370 8.41594 0.36888
C 25.05880 8.85420 0.43973
C 39.48820 11.06200 -0.25291
C 38.28590 14.12540 -0.59332
C 25.53290 14.66580 -0.11580
C 26.95940 17.52840 -0.19954
C 35.63770 20.25170 -0.83217
C 32.13410 20.19760 -0.58946
C 28.79960 20.10860 -0.41833
C 25.11560 20.84700 0.26587
C 48.28520 11.25990 -0.56536
C 45.09570 12.31250 0.03964
C 43.82960 14.51850 -1.86207
C 42.50050 17.60590 -1.86690
C 39.37420 19.07950 -1.22623
C 39.08150 21.98760 -1.63838
C 46.67880 1.03772 1.34232
C 43.57860 0.58120 1.50954
C 40.48230 0.16095 1.53237
C 48.06490 3.95343 0.77709
C 44.76080 3.51050 0.85208
C 41.59890 3.11742 1.12228
C 45.98330 6.35522 0.34872
C 42.88950 6.05729 0.53798
C 39.59860 5.81750 0.71832
C 29.31930 0.38425 1.24294
C 31.30870 3.20486 0.98713
C 28.01370 2.98610 0.92118
C 24.70840 3.22633 0.89189
C 32.97080 5.96873 0.90026
C 29.74720 6.07639 0.83208
C 26.51900 6.04829 0.69849
C 34.52650 8.55894 0.62191
C 31.40700 8.82948 0.57035
C 28.38960 8.80523 0.59457
C 36.30160 11.23310 -0.00633
C 33.00100 11.46680 0.25865
C 30.13730 11.48430 0.40577
C 26.87520 11.73460 0.16305
C 34.88260 14.01430 -0.46012
C 31.63720 14.25700 -0.09596
C 28.65610 14.35890 -0.03091
C 36.77470 16.81020 -0.78524
C 33.26620 17.04610 -0.72664
C 30.29720 17.24180 -0.31440
C 48.17430 14.39110 -0.91156
C 45.12150 16.01780 -1.21560
C 48.03160 17.48900 -1.19032
C 45.10030 19.13480 -1.53848
C 42.14410 20.78120 -1.78996
C 47.90400 20.67140 -1.66695
C 44.90340 22.22400 -2.06214
H 35.66310 0.90085 2.79627
H 39.80360 4.06334 2.47959
H 36.85240 3.82936 2.51553
H 47.63180 7.71810 1.41061
H 41.23070 6.85950 2.12147
H 45.54860 10.27490 1.39335
H 42.36950 9.92957 1.63579
H 29.58050 -1.33824 3.19944
H 26.41350 96.25990 3.07515
H 31.14230 1.40641 2.75399
H 24.55910 1.55036 2.71835
H 32.79860 4.22465 2.76693
H 37.93000 6.76917 2.29235
H 34.56900 6.92644 2.57210
H 39.39480 9.53300 1.67911
H 38.11140 12.42470 1.26767
H 25.42810 12.88320 1.68380
H 39.68820 15.65210 1.01961
H 36.60090 14.98930 0.96013
H 35.26550 18.10790 0.47163
H 25.61310 18.39910 1.26435
H 33.64280 21.01180 0.49634
H 30.57230 20.67110 1.39462
H 27.49620 21.16160 0.94573
H 47.24070 12.99590 0.93325
H 44.16350 14.54880 0.56942
H 41.80990 15.98540 -1.14786
H 41.25290 19.13960 -0.16166
H 38.56390 20.84200 0.61977
H 23.30390 96.27010 2.53633
H 46.90290 -0.56760 3.12614
H 43.73280 -0.88182 3.44379
H 40.58770 96.23480 3.53805
H 37.40290 95.85620 3.18837
H 48.19410 2.35432 2.62217
H 44.99610 2.06742 2.80083
H 41.81650 1.53234 2.95691
H 38.71000 1.17963 2.93141
H 46.27690 4.81897 2.26658
H 43.17900 4.50258 2.41302
H 44.38330 7.42160 1.92571
H 27.78560 1.42830 2.90262
H 29.53130 4.17059 2.43020
H 26.39900 4.26153 2.30740
H 31.38060 7.12415 2.38965
H 28.06370 7.00396 2.34421
H 24.92730 7.17749 2.28415
H 36.31630 9.73549 1.97139
H 33.14030 9.71998 2.04126
H 29.90300 9.88145 2.30529
H 26.72300 9.97008 1.96150
H 34.86010 12.50660 1.50073
H 31.70340 12.68550 1.83738
H 28.52750 12.76130 1.76334
H 33.54430 15.35220 1.10617
H 30.32280 15.55120 1.43619
H 27.16500 15.65040 1.43792
H 32.17030 18.24830 1.00875
H 28.76930 18.28430 1.30580
H 46.99290 16.10580 0.44592
H 44.07170 17.68970 0.14781
H 46.98440 19.29880 0.14873
H 44.04470 20.85110 -0.17322
H 41.14260 22.40810 -0.32071
H 46.72910 22.42160 -0.41696
C 37.20660 0.20298 4.53468
C 34.23320 -0.17189 4.40084
C 38.39140 3.18855 4.31356
C 47.35060 9.83810 2.85782
C 44.14950 9.42265 3.29251
C 40.93870 8.86818 3.39531
C 41.84890 11.89790 2.97943
C 32.53400 0.68685 4.72336
C 25.96640 0.49878 4.46298
C 34.78710 3.00315 3.63283
C 36.30230 5.81701 3.93767
C 37.91040 8.95612 3.55649
C 24.98840 9.32634 3.54128
C 39.71810 11.64110 2.92773
C 38.61420 14.67650 2.38226
C 25.34120 15.05750 2.95520
C 26.97570 17.67930 2.92856
C 36.15430 20.43510 0.99604
C 32.59760 20.06840 2.69934
C 28.69660 20.08320 2.98053
C 25.18700 20.78430 2.11303
C 48.30400 11.86950 2.83634
C 44.96470 12.54790 1.84817
C 41.88430 14.36490 0.99527
C 41.89040 17.15060 1.16787
C 39.71140 19.57230 1.94264
C 39.53030 22.85790 1.63638
C 46.75250 1.50111 4.38137
C 43.59630 1.26834 4.62084
C 40.34180 0.73683 4.72412
C 48.11500 4.44593 3.84352
C 44.84230 4.14224 4.13098
C 41.60830 3.68917 4.12103
C 46.38870 6.99254 3.35496
C 43.00190 6.55974 3.75339
C 39.68580 6.11972 3.83282
C 29.42640 0.45096 4.59263
C 31.12860 3.51373 4.31382
C 27.87040 3.36514 4.13738
C 24.67480 3.50574 4.09534
C 32.88230 6.17474 4.20991
C 29.76990 6.09656 3.93478
C 26.37180 6.09229 3.95710
C 34.75660 8.85439 3.76667
C 31.62150 9.07242 3.90160
C 28.13630 8.95159 3.80948
C 36.58210 11.87230 3.17644
C 33.40230 11.76400 3.32398
C 30.12370 12.01410 3.55012
C 26.91940 11.99580 3.43501
C 35.18880 14.56890 2.80128
C 32.09730 14.77270 3.03421
C 28.74550 14.79240 3.15699
C 37.59930 17.19660 0.88752
C 34.15650 17.47150 2.30481
C 30.60070 17.54200 2.78858
C 47.93550 14.91530 2.35330
C 44.95370 16.22500 1.99177
C 47.84010 17.91490 1.98864
C 45.00060 19.41220 1.61631
C 42.06640 21.01180 1.39181
C 47.70190 21.22540 1.51874
C 44.78340 22.72810 1.19273
C 47.82980 30.16170 -1.22636
C 46.54940 33.09180 -1.56983
C 48.37350 35.84100 -1.48693
C 46.92750 38.45430 -1.97370
C 36.51510 23.67720 -1.83915
C 38.96280 25.96690 -1.55518
C 41.75630 27.37890 -2.37442
C 47.56350 26.96650 -2.94126
C 44.64150 29.19880 -2.90477
C 35.78590 25.59420 -1.72846
C 32.79630 23.97090 -1.29088
C 28.81760 23.33730 0.58389
C 39.31270 29.92600 -2.38340
C 36.34430 28.71320 -1.91215
C 27.12460 25.35140 -1.19569
C 43.14110 33.27550 -2.20460
C 39.91670 32.96970 -2.17052
C 24.59430 27.53620 -1.06656
C 41.02820 36.53170 -1.49393
C 38.17320 38.20280 -1.67182
C 36.10770 40.59660 -1.17987
C 33.74910 42.22210 -1.53720
C 30.85560 40.82660 -1.66233
C 27.61450 40.56970 -0.33708
C 23.20370 38.71740 -2.07301
C 24.14630 41.81870 -2.69279
C 30.21450 44.21990 -1.10695
C 26.97800 44.61440 -2.17530
C 31.43630 47.05400 -1.68004
C 44.88720 35.87970 -1.87758
C 43.43760 38.96780 -2.10407
C 40.48320 40.17180 -2.03800
C 45.86060 41.24900 -2.57830
C 39.78670 43.40920 -1.86800
C 36.56600 44.70540 -2.49190
C 34.01120 45.59190 -0.99774
C 45.80450 44.29320 -2.55238
C 41.99300 23.82520 -2.18035
C 47.89160 23.71410 -2.13414
C 44.94310 25.22070 -2.77751
C 33.21570 27.55500 -1.63876
C 30.30150 26.05770 -1.22201
C 36.83850 31.96450 -1.94230
C 33.83560 30.72010 -1.71830
C 30.69860 29.53750 -1.43668
C 27.80190 28.42240 -1.17196
C 37.45950 34.99690 -1.85698
C 34.47960 33.89330 -1.65847
C 31.41740 32.75840 -1.54973
C 28.17710 31.64570 -1.22066
C 25.19200 30.48580 -0.89672
C 35.23090 37.03230 -1.61910
C 32.03790 35.89410 -1.50971
C 28.87310 34.92530 -1.24885
C 25.76480 33.79430 -0.95250
C 32.78600 39.19230 -1.38356
C 29.46750 38.04640 -1.17748
C 26.16900 36.95660 -0.49825
C 28.47960 47.45550 -1.78116
C 42.83480 42.23070 -2.29244
C 42.66900 45.43620 -2.20070
C 39.70030 46.43820 -1.88643
H 46.30020 31.44990 0.37071
H 48.01420 34.09150 0.23215
H 46.49850 36.79170 -0.18806
H 38.41070 23.95670 -0.33331
H 41.24740 25.56600 -0.76011
H 39.88230 28.10570 -0.94605
H 46.66070 28.73700 -1.43660
H 43.64980 29.80640 -0.55360
H 37.13300 27.04800 -0.25588
H 34.04090 25.84070 -0.00520
H 31.02950 24.62410 0.27784
H 40.76380 31.12650 -0.48718
H 37.69550 30.18540 -0.56046
H 28.51890 26.74570 0.41748
H 25.62220 25.52350 0.27691
H 41.51830 34.24060 -0.89686
H 38.86420 36.24940 -0.39654
H 40.20040 38.47790 -0.32096
H 23.68100 33.88410 0.37565
H 36.93920 41.51350 1.14433
H 31.00370 39.30170 0.35472
H 27.95870 38.26380 0.70537
H 23.72210 37.33710 0.16901
H 34.57090 43.54670 0.26174
H 31.65110 42.46640 -0.17164
H 26.11590 42.47930 -1.01092
H 31.88760 45.47890 0.13865
H 28.35290 45.54000 -0.21495
H 44.72370 34.10260 -0.15991
H 43.21600 37.13900 -0.40968
H 45.33440 39.72450 -0.65964
H 42.36180 40.52360 -0.56280
H 39.53980 41.55320 -0.06366
H 37.22170 42.92910 -1.46786
H 44.80140 42.69250 -0.93486
H 44.00050 24.06970 -0.74148
H 46.73240 25.57130 -1.05995
H 44.04260 26.94220 -1.99771
H 34.61560 28.98610 -0.13865
H 31.50080 27.81250 0.13886
H 38.27730 33.25000 -0.31761
H 35.18130 32.12050 -0.10961
H 32.06950 30.96680 -0.05643
H 29.04400 29.91900 0.34056
H 26.07880 28.72480 0.60094
H 35.79820 35.21460 -0.07541
H 32.73510 34.11500 0.07423
H 29.65810 33.01770 0.12924
H 26.52790 31.95410 0.61747
H 36.44750 38.45230 -0.00139
H 33.37040 37.27200 0.02918
H 30.28130 36.15610 0.25702
H 27.25050 35.00270 0.66548
H 34.10020 40.44820 0.15599
H 25.28880 45.55440 -0.57345
H 41.86720 43.71060 -0.63701
H 39.08330 44.88370 0.07748
H 36.25720 46.12440 -0.35438
H 44.64290 45.77410 -0.80242
H 41.66830 46.89640 -0.47902
C 47.59500 30.67940 1.87346
C 46.14560 33.53460 1.80582
C 48.02670 36.09890 1.65874
C 46.88380 38.90430 1.13605
C 36.68400 23.72760 1.31860
C 39.26210 26.16350 0.41040
C 42.21790 27.79270 -0.45377
C 47.60830 27.34410 0.35204
C 45.01800 29.21110 0.53368
C 36.03640 25.73480 1.49177
C 33.33560 23.54290 0.62873
C 30.28710 22.90470 2.03256
C 39.67310 29.68850 0.91795
C 36.68720 28.82010 1.25007
C 27.70060 24.98760 1.86274
C 43.03180 32.24970 -0.10673
C 40.40660 33.21570 1.04033
C 25.20990 27.13690 2.34235
C 41.14300 36.32300 0.44662
C 38.32100 38.02510 1.21755
C 35.89760 40.12330 1.86266
C 33.41830 42.37820 1.61220
C 30.50360 40.98950 1.57928
C 26.78580 40.34580 1.57611
C 22.71460 38.82340 1.23283
C 24.33510 41.86470 -0.69552
C 30.03370 44.08950 0.85090
C 26.66930 44.06840 0.89733
C 31.64940 47.36210 1.65143
C 44.66950 35.95880 1.34039
C 43.58320 38.95840 0.96908
C 41.00320 39.91130 1.40337
C 45.36060 41.43220 1.10878
C 40.44220 43.54270 1.43276
C 36.86370 44.07600 0.81530
C 34.19060 45.86230 0.96088
C 45.86650 44.22120 0.69980
C 42.21850 24.26930 1.02035
C 47.42010 24.39270 0.95862
C 44.74920 26.17870 0.21445
C 33.46560 27.67360 1.62679
C 30.54570 26.31050 1.84662
C 37.15570 31.72070 1.27557
C 33.96170 30.77550 1.47933
C 31.04190 29.65380 1.75181
C 28.16190 28.36500 2.02867
C 37.77920 35.00980 1.34346
C 34.68550 33.87080 1.59645
C 31.60310 32.60320 1.63352
C 28.61360 31.71780 1.93614
C 25.63860 30.38900 2.34736
C 35.23130 36.98310 1.56531
C 32.20930 35.82980 1.73586
C 29.07090 34.70580 1.87009
C 25.62380 33.77660 2.13180
C 32.96400 39.01940 1.78478
C 29.64390 37.86160 1.98899
C 25.90740 36.95650 1.39458
C 28.35130 47.02390 1.33254
C 43.22900 42.23100 0.84427
C 42.78750 45.45800 0.88188
C 39.97700 46.81430 1.32720
H 36.09630 60.21760 0.14817
H 33.68560 58.58060 -0.21346
H 39.29060 63.74940 -0.17017
H 36.23110 63.07770 0.29263
H 43.44820 68.21450 -0.62514
H 39.89950 66.81730 -0.19961
H 28.12570 62.82420 0.55201
H 43.53330 71.39200 -0.76789
H 24.53500 65.43740 0.81305
H 25.73160 68.51240 0.75431
H 26.86930 71.48730 1.18024
H 33.45460 61.77140 0.18642
H 36.86650 65.96710 -0.21440
H 33.79610 64.95060 0.11735
H 30.84310 63.86440 0.40992
H 40.64670 70.01200 -0.71150
H 37.57340 69.10540 -0.59236
H 34.36500 67.99600 -0.10299
H 31.27580 66.98400 0.35011
H 28.23220 66.00070 0.59066
H 35.02940 71.17650 -0.08261
H 32.00120 70.11650 0.32178
H 28.96670 69.21620 0.64735
C 45.84930 66.63880 -3.25708
C 47.81430 69.37170 -2.10468
C 33.77930 50.05960 -0.73269
C 34.84490 53.50330 -2.10399
C 33.24840 56.22230 -0.94213
C 30.26000 55.80300 -0.92848
C 29.19350 58.73850 -0.48455
C 26.91040 61.26560 -0.85171
C 24.07020 61.41880 -0.75747
C 35.94820 58.20130 -1.16477
C 38.02860 61.58790 -0.41201
C 35.15980 61.66270 -1.53849
C 32.29330 60.37540 -1.37472
C 41.95750 66.28220 -1.54553
C 38.63420 65.40280 -1.88002
C 29.70460 62.41130 -1.22767
C 42.37590 69.87450 -2.35669
C 26.49430 64.42060 -0.23140
C 24.39120 67.44180 -0.78714
C 24.92000 70.61070 -0.12947
C 36.81350 48.03250 -1.76008
C 36.81720 50.96670 -1.48631
C 36.36450 54.90390 -1.61234
C 38.83950 56.44460 -1.60009
C 41.03960 58.81210 -1.15362
C 46.98520 58.99140 -1.95712
C 41.31230 62.72940 -1.63490
C 46.41980 62.18090 -1.92672
C 44.66540 63.65480 -1.79086
C 25.22990 47.63080 -1.83580
C 30.17500 50.16040 -1.54908
C 26.91770 50.43480 -1.59625
C 23.66260 50.44860 -1.53962
C 31.53550 52.81210 -1.36242
C 28.45630 53.09420 -1.23802
C 25.30810 53.26780 -1.20447
C 27.08030 55.80780 -0.96135
C 23.83000 55.87370 -1.01139
C 25.57620 58.60930 -0.72020
C 35.46790 64.52420 -1.58202
C 32.52920 63.40980 -1.32741
C 39.45210 68.44200 -2.10352
C 36.08950 67.62040 -1.86789
C 32.97260 66.53700 -1.48387
C 29.87350 65.55240 -1.15140
C 36.72410 70.80710 -1.93128
C 33.62220 69.86830 -1.52617
C 30.59120 68.74430 -1.18978
C 27.60540 67.83030 -0.90699
C 31.48190 72.00710 -1.17189
C 28.17730 71.04940 -0.79596
C 45.47960 47.51040 -2.22084
C 42.50960 48.50620 -2.11154
C 39.63050 49.81170 -1.99379
C 45.17620 50.81430 -2.01161
C 42.24690 51.99260 -1.94019
C 39.21720 53.25280 -1.88388
C 44.80400 53.67850 -1.88071
C 41.90040 55.20480 -1.87162
C 47.29090 55.80950 -1.93679
C 44.31180 56.91750 -1.94810
C 43.81810 60.31150 -1.82350
H 46.90370 64.71350 -2.16002
H 48.14600 67.32140 -0.67888
H 46.15420 69.77700 -0.99842
H 33.23950 47.77500 -0.16922
H 31.72030 50.92830 0.30237
H 33.27210 53.85500 -0.20805
H 31.63600 56.53580 1.06093
H 30.47290 60.63110 0.37705
H 27.28110 59.59930 0.87662
H 25.60000 62.41310 0.81896
H 35.95000 49.26170 0.19442
H 47.23620 47.72570 -0.46757
H 38.46330 51.34470 -0.49104
H 38.25290 54.62900 -0.01805
H 35.41830 56.20750 0.17650
H 37.95860 57.86240 0.29603
H 40.37540 60.97580 -0.01517
H 45.78640 60.42550 -0.31172
H 43.24370 62.24320 -0.22454
H 30.05600 48.24300 -0.06041
H 26.86770 48.40020 -0.18981
H 28.59500 51.06050 0.07794
H 25.29750 51.17380 0.10137
H 30.11630 53.72540 0.47734
H 26.90370 53.83470 0.55261
H 23.63210 53.90750 0.42136
H 28.53270 56.57490 0.53607
H 25.40280 56.55800 0.71935
H 24.06220 59.59910 0.86727
H 38.81150 48.10850 -0.35859
H 44.33030 48.95190 -0.54318
H 41.51830 50.14330 -0.51575
H 47.00250 50.89800 -0.27870
H 44.05910 52.06680 -0.23492
H 41.10980 53.40650 -0.28372
H 46.67840 54.01230 -0.32963
H 43.72620 55.21670 -0.23521
H 40.75890 56.57070 -0.07870
H 46.23190 57.32210 -0.36481
H 43.32340 58.35170 -0.42827
C 45.77220 67.27280 -1.15213
C 47.62920 69.02540 0.98764
C 33.76380 49.80350 1.11043
C 35.18640 52.83640 1.07179
C 33.43060 55.79940 1.62394
C 30.08810 55.52250 2.25059
C 29.52640 58.59810 1.33766
C 27.24040 61.44080 2.34088
C 24.14020 61.38990 2.43016
C 35.66850 58.17550 1.33997
C 38.28840 60.17630 1.15228
C 35.15560 61.58080 1.89401
C 32.58150 59.89810 1.58185
C 42.19130 66.05700 0.28076
C 38.70630 65.11870 1.30213
C 29.94790 62.18060 2.06105
C 42.70090 69.52980 0.68161
C 26.63370 64.40740 1.63329
C 24.24750 67.35800 2.39060
C 24.75740 70.46100 2.06180
C 37.19090 47.44340 1.39659
C 37.23940 50.40040 1.62340
C 36.34310 54.58600 1.62636
C 38.93790 56.41130 1.67236
C 41.16790 58.82130 0.76606
C 47.03440 59.01770 1.22035
C 41.13830 62.62550 1.36210
C 46.30030 62.03870 1.40873
C 44.78760 63.48380 1.39436
C 25.29450 47.10640 1.21435
C 30.11810 50.04560 1.74073
C 26.89650 50.03790 1.60489
C 23.68420 50.16880 1.65147
C 32.02330 52.93000 1.75670
C 28.54620 52.61950 1.96090
C 25.24500 52.75540 1.94775
C 27.02320 55.68270 2.23306
C 23.78840 55.58080 2.20667
C 25.58050 58.46350 2.34571
C 35.64540 65.03430 1.70742
C 32.79710 63.46450 1.77553
C 39.44630 68.65010 1.06106
C 36.40450 67.89930 1.22085
C 33.29770 66.71820 1.71315
C 30.15260 65.57600 2.12418
C 37.16060 70.87200 1.18979
C 34.03080 69.73130 1.65469
C 30.84070 68.79780 2.05855
C 27.65650 67.73690 2.22481
C 31.71190 71.91530 2.00069
C 28.44950 71.01370 2.31945
C 45.29750 47.33150 1.01216
C 42.51810 48.61010 1.10488
C 39.62120 49.82960 1.09628
C 45.07220 50.45530 1.26068
C 42.14540 51.77180 1.25701
C 39.24550 52.93400 1.31012
C 44.89710 53.75470 1.33034
C 41.83720 55.07190 1.37715
C 47.36330 55.84400 1.31901
C 44.42740 56.96120 1.30705
C 43.84450 60.15810 1.20790
H 40.86870 73.13190 -1.49194
H 38.56270 75.49910 -0.76621
H 36.49160 77.40820 0.81163
H 24.91860 73.03100 -0.72685
H 34.09680 79.44210 1.78847
H 31.00950 78.61170 1.24240
H 28.12900 77.75250 0.29424
H 25.24690 76.75440 -0.54627
H 38.12680 72.30270 -0.47001
H 35.79780 74.29630 0.28206
H 32.73030 73.47670 0.35905
H 29.78230 72.37280 0.57859
H 33.39480 76.54760 0.83264
H 30.26820 75.64030 0.75221
H 27.25370 74.58410 0.40767
C 42.96880 89.57620 1.85369
C 35.51190 89.79480 2.26909
C 47.30160 93.39190 1.98764
C 44.62590 92.35010 3.19776
C 41.32260 92.51350 2.03057
C 37.92950 92.05570 1.78988
C 34.62710 92.08480 1.90767
C 32.54870 94.78570 1.79503
C 45.27100 75.29170 -0.52435
C 42.94800 78.26630 -0.49326
C 39.80040 78.56380 0.37671
C 37.45180 80.86490 -0.09233
C 37.61340 83.97210 0.66885
C 37.51060 87.13280 1.59526
C 39.85670 89.05110 3.16150
C 45.92310 88.49630 1.47663
C 45.42520 71.78540 -2.40096
C 27.94060 95.49720 1.27217
C 24.94250 79.25470 0.25315
C 30.34530 80.43520 1.70794
C 27.18520 81.29230 0.78749
C 34.61210 83.42830 2.64811
C 32.13880 85.30160 1.72405
C 34.73800 86.84070 1.94366
C 31.92770 88.71860 1.57696
C 31.33480 91.75910 1.74376
C 28.39000 93.39850 1.34219
C 42.56270 72.48780 -2.83684
C 39.94480 75.02190 -2.78579
C 37.52380 77.20490 -1.68884
C 26.18550 73.63440 -1.65209
C 35.99250 79.47750 -0.07422
C 29.69870 77.59600 -0.66559
C 26.75660 76.26070 -1.36505
C 45.30980 95.85360 1.82960
C 42.29510 95.42260 1.96649
C 39.27440 94.88980 1.90901
C 35.98470 94.81580 1.47676
C 46.14200 78.88200 -0.04783
C 43.03340 80.47200 0.22363
C 40.26890 82.27240 0.55671
C 45.82390 82.24230 0.46011
C 43.00420 83.82250 0.88981
C 40.23950 85.52100 1.35491
C 45.90500 85.54410 1.06390
C 42.86000 86.98230 1.61201
C 24.39610 82.56040 0.27128
C 29.63630 83.67580 1.30307
C 26.70290 84.68490 0.84435
C 23.73920 85.88880 0.11010
C 29.17910 86.64530 1.11399
C 26.20630 87.94750 0.59241
C 28.67320 90.02070 1.15316
C 25.87520 91.41730 1.15235
C 24.83540 94.70420 1.88918
C 39.47210 71.48290 -2.40808
C 36.98730 73.94200 -1.85351
C 34.42610 73.11130 -1.45962
C 35.17560 76.32120 -0.90079
C 32.07360 75.49160 -0.90567
C 29.27760 74.14300 -0.94675
C 32.87150 78.61450 -0.42631
H 41.43780 90.89880 3.41670
H 37.72890 90.38780 3.25401
H 45.84160 94.35180 3.71431
H 36.16320 93.11160 3.24833
H 32.77920 92.81710 3.55257
H 34.31340 95.62180 2.87161
H 44.59190 77.26090 0.89253
H 41.88430 78.80260 1.77093
H 39.20630 80.48950 1.60648
H 36.37480 81.98110 1.96902
H 47.53910 78.61440 2.26343
H 36.42580 85.14660 2.45499
H 36.28160 87.75360 3.56720
H 39.23920 86.65240 3.28110
H 44.55440 89.91720 3.22218
H 46.90780 91.57860 3.67183
H 46.29690 72.95200 -0.35305
H 24.23540 77.60680 2.08589
H 26.60210 79.66910 2.19276
H 28.72550 81.95680 2.69234
H 31.03080 83.85170 3.43308
H 33.67110 85.51480 3.73859
H 33.57030 88.58360 3.24105
H 30.30910 90.00060 3.09326
H 27.31880 91.53610 2.62444
H 24.14540 92.44750 2.76795
H 29.84940 93.24250 3.16920
H 42.68310 93.76250 3.74397
H 39.38790 93.30780 3.44003
H 44.90880 80.34370 1.63122
H 42.17700 81.88080 2.13078
H 39.26030 83.58180 2.53031
H 47.69930 82.03600 2.14051
H 44.98680 83.60910 2.36494
H 42.10830 84.96770 2.92052
H 47.86160 85.17620 2.49851
H 44.86340 86.70550 2.95826
H 42.07320 88.09060 3.61908
H 47.58090 88.43160 2.95129
H 25.85370 82.88600 2.26936
H 28.21800 85.08140 2.72551
H 25.26660 86.20680 2.06182
H 30.79540 86.95210 2.94486
H 27.81720 88.16700 2.45334
H 24.87960 89.32290 2.13551
C 42.94800 89.77270 5.17375
C 35.39570 89.88810 4.13714
C 47.68660 93.48040 5.05055
C 44.25980 93.01290 5.12024
C 41.01880 92.64230 5.18230
C 37.70480 92.32850 4.95841
C 34.40410 92.69510 5.04241
C 31.61480 94.95820 3.57798
C 45.38000 74.74920 1.24157
C 42.46400 76.79200 2.43475
C 40.18970 79.31480 3.56341
C 37.30550 80.25880 3.38394
C 37.30240 83.40520 3.96254
C 37.33060 85.86420 4.64995
C 40.05910 88.20370 4.95640
C 45.78520 88.22400 4.63242
C 45.39310 71.27580 0.94393
C 27.79840 95.28930 4.82358
C 24.49940 79.51390 3.74347
C 30.38860 80.54770 3.82331
C 26.74910 81.47550 4.09935
C 32.08740 81.69320 4.12246
C 31.34870 85.46220 4.88423
C 34.42450 86.97560 5.04191
C 31.60710 88.48190 4.69164
C 30.90580 91.72190 4.85789
C 27.84860 93.17200 4.48487
C 42.65320 73.06620 0.39934
C 40.98280 75.63620 -1.16876
C 38.71940 76.91300 1.30392
C 25.53250 73.47570 1.72119
C 36.15360 78.60370 3.04868
C 29.43800 77.19330 2.50241
C 26.45200 76.47160 1.73234
C 45.55130 -1.30298 5.03569
C 42.36390 95.79300 5.17799
C 38.96490 95.21290 4.98447
C 35.77770 94.94930 4.74777
C 45.69860 78.35560 3.02658
C 43.17210 80.17180 3.45370
C 40.28560 81.60920 3.65457
C 45.73840 81.63550 3.61046
C 43.18850 83.08190 4.03389
C 40.20990 84.69020 4.49833
C 46.01910 84.84950 4.16950
C 43.17140 86.26510 4.74660
C 23.61620 82.62590 3.25459
C 28.80370 83.61460 4.55782
C 26.11560 84.76560 3.89854
C 23.14090 85.82120 3.26409
C 28.73840 86.80550 4.32464
C 25.80840 87.86850 3.88432
C 28.39840 89.88510 4.22690
C 25.44920 90.79960 4.07498
C 24.71830 94.65140 3.73352
C 40.36550 71.99030 0.68104
C 38.04720 74.08790 1.20774
C 34.53230 72.78280 1.76267
C 35.35920 75.78470 2.17125
C 32.11980 74.99720 2.24958
C 28.91670 74.11160 2.09239
C 33.03110 78.11300 2.74585
C 54.19180 96.09450 1.37151
C 51.19940 95.54890 2.70966
C 48.56260 -1.25345 1.49064
C 54.72860 4.06753 0.37470
C 51.58440 4.40823 1.05900
C 49.48490 6.70738 -0.05518
C 59.19590 0.34265 0.44863
C 58.13330 3.31810 0.01679
C 56.94080 6.09483 -0.49375
C 58.80830 8.92727 -0.54891
C 72.46070 10.66270 -3.47459
C 67.54440 10.52510 -1.69184
C 64.28070 11.37520 -0.30879
C 60.47730 11.84100 0.03544
C 70.57110 13.39950 -2.17758
C 67.34100 12.73440 -1.60342
C 65.48840 15.03300 -1.12785
C 62.52940 14.40210 -1.06414
C 63.33910 17.50190 -1.01463
C 61.30710 20.18640 -0.99196
C 62.45560 22.71740 -1.51913
C 59.23850 22.57610 -0.90376
C 53.23980 7.50742 0.53462
C 51.34380 9.83491 -0.46638
C 56.58690 9.63470 -0.05058
C 56.59390 12.98810 -0.34905
C 58.87240 14.79930 -0.96935
C 59.93620 17.43540 -0.72081
C 56.39210 19.21540 -1.49745
C 56.38800 23.12420 -0.87840
C 55.88820 1.07874 0.78786
C 52.85530 1.36400 0.83850
C 49.75180 1.18496 1.17719
C 68.53450 95.94690 -0.36311
C 65.38610 -1.00293 -0.07813
C 62.38470 -0.30369 0.17588
C 70.75840 0.60938 -0.91332
C 67.46920 1.37034 -0.71056
C 64.45590 2.04602 -0.33386
C 61.35570 2.68356 -0.16962
C 69.67030 3.93988 -0.98024
C 66.55360 4.57688 -0.71363
C 63.49560 5.19115 -0.60401
C 60.32340 5.66871 -0.52985
C 72.01530 6.38550 -1.23264
C 68.69200 7.02000 -0.98762
C 65.50150 7.77631 -0.77518
C 62.12850 8.54666 -0.69508
C 72.04520 16.60390 -1.79909
C 68.77050 15.83060 -1.38691
C 69.99610 18.85990 -1.55034
C 66.55010 18.07730 -1.32104
C 71.10720 21.78480 -1.59485
C 67.79580 21.02620 -1.60754
C 64.67000 20.45040 -1.31614
C 53.95490 11.21250 -0.24068
C 51.07350 12.96480 -0.71427
C 53.70540 14.56950 -0.68878
C 50.83290 16.08910 -0.90938
C 56.48430 16.19790 -0.83200
C 53.60620 17.77980 -1.09864
C 50.65350 19.14860 -1.24774
C 53.62170 20.97630 -1.49982
C 50.69810 22.37240 -1.68673
H 56.05730 -0.50986 2.74416
H 52.85520 -0.35805 2.59102
H 54.67570 2.37740 2.20238
H 53.63490 5.51182 2.02639
H 50.78260 7.81487 0.91056
H 59.09630 -1.17045 2.39344
H 57.99760 1.81268 1.96106
H 56.78090 4.70569 1.58658
H 58.84000 7.01012 0.85238
H 55.67760 7.72265 0.91726
H 70.61610 7.51227 0.51573
H 67.44600 8.22069 0.84711
H 64.24560 8.99799 0.72125
H 60.91770 9.51285 0.85667
H 71.33570 11.53630 -1.28390
H 72.11650 14.48220 -0.51646
H 69.00020 13.74500 -0.09450
H 65.85910 13.14650 0.46718
H 63.83080 15.74840 0.58257
H 61.75720 18.39630 0.64573
H 59.98070 20.95380 1.07872
H 53.09940 9.85828 1.24163
H 50.08880 11.44090 1.04331
H 55.67260 11.79760 1.67969
H 58.62390 13.30050 1.06744
H 60.86360 15.47830 0.39442
H 58.27560 16.45530 0.77478
H 58.07960 19.23040 -0.58996
H 55.36170 21.09450 -0.15900
H 52.48160 22.66980 -0.06547
H 49.96050 -0.18534 3.11243
H 51.35630 2.50206 2.52251
H 49.41560 5.15756 1.91196
H 70.46980 -0.95174 1.00086
H 67.29660 -0.27793 1.16350
H 64.23010 0.43386 1.57166
H 61.15480 1.11808 1.72084
H 69.41100 2.09901 0.60694
H 66.38580 2.83450 0.97567
H 63.17780 3.54485 1.18450
H 60.03000 4.10871 1.34001
H 71.68270 4.49941 0.39538
H 68.47650 5.27299 0.74896
H 65.26610 5.91045 0.94232
H 62.14510 6.55812 0.88351
H 62.58260 12.82690 0.84282
H 70.38800 17.02210 0.03793
H 67.03550 16.28030 0.30631
H 71.39140 19.98090 0.01307
H 68.18570 19.21640 0.03675
H 64.92690 18.72030 0.43068
H 69.24800 22.24350 -0.15148
H 66.19140 21.73500 0.12597
H 63.06730 21.21980 0.28173
H 52.84180 13.07240 1.06610
H 49.96500 14.60160 0.83466
H 55.56200 14.83980 0.99566
H 52.69210 16.32910 0.70804
H 49.78140 17.79350 0.59338
H 55.41820 18.01160 0.51289
H 52.55080 19.55700 0.33297
H 49.66340 20.99740 0.02442
C 54.62810 -0.80967 4.35379
C 51.54800 -1.18730 4.51766
C 48.54500 -1.04687 4.82960
C 54.95570 4.62739 3.35224
C 51.56670 4.94390 3.07425
C 49.53060 7.34950 3.02992
C 59.66770 0.92979 3.55905
C 58.40390 3.88476 3.19271
C 57.16980 6.90590 2.69847
C 59.69300 8.67509 2.70373
C 70.45950 9.68423 -0.01475
C 68.35120 10.28700 0.33500
C 64.49600 11.30430 1.52982
C 60.47080 11.80430 1.88767
C 70.78120 12.88670 0.95925
C 67.56750 12.86190 1.89266
C 65.64180 15.14850 2.02934
C 62.38090 14.54710 2.22943
C 63.50990 17.63640 2.18057
C 61.78390 20.36200 2.22420
C 62.95400 23.19410 1.67604
C 59.45920 23.32090 2.03390
C 53.86990 7.89495 2.56595
C 50.91720 9.88386 2.50347
C 56.76290 9.93026 1.87778
C 56.74600 13.66030 2.87567
C 59.48170 15.16690 2.50672
C 59.42910 18.47080 1.42439
C 56.76260 19.86970 1.50538
C 56.28480 23.12460 1.05520
C 56.42760 1.67117 3.81957
C 53.15580 1.64159 3.98226
C 49.80450 1.84354 4.38472
C 68.73830 96.22810 2.76855
C 65.78810 -0.60636 3.09051
C 62.63480 0.02977 3.37269
C 71.06620 1.04040 2.24134
C 67.91730 1.66974 2.54293
C 64.77550 2.52288 2.77430
C 61.52870 3.10816 3.01526
C 70.06690 3.98451 2.16684
C 66.72950 4.76497 2.48301
C 63.62460 5.56734 2.66034
C 60.47280 6.18822 2.54204
C 72.30480 6.27306 2.08485
C 69.06860 7.07214 2.41203
C 65.95470 7.87923 2.34064
C 62.80110 8.44653 2.35556
C 72.24310 15.97480 1.33388
C 69.04510 15.64860 1.58067
C 70.07620 18.65070 1.63840
C 66.84360 18.09590 1.90044
C 71.01580 21.77650 1.59554
C 67.97660 21.09390 1.56562
C 64.86990 20.74740 1.86879
C 53.61770 11.57500 2.99007
C 50.94690 13.25020 2.64067
C 53.62520 14.91830 2.51451
C 50.81200 16.37830 2.32992
C 56.43180 16.75780 2.35563
C 53.52440 18.17840 2.14024
C 50.66470 19.68810 1.89397
C 53.61690 21.38710 1.65725
C 50.55710 22.83030 1.45657
C 73.06280 28.10380 -1.55721
C 62.41190 25.78740 -0.62566
C 70.25520 29.54070 -2.40618
C 67.16270 28.84300 -2.27950
C 63.94520 28.86840 -1.83257
C 58.71660 26.04630 -1.61477
C 55.51040 26.76280 -1.69547
C 51.95430 27.76940 -1.44223
C 60.63240 28.81660 -1.50502
C 50.99110 30.11870 -1.32658
C 62.16830 31.52720 -1.72425
C 64.05130 34.07470 -2.33753
C 63.71310 37.53440 -1.05034
C 61.86770 40.53780 -1.73474
C 48.42940 41.90190 -1.66121
C 60.35760 43.37770 -1.75713
C 57.34140 43.55650 -1.78008
C 50.86010 43.91610 -1.73848
C 56.02480 46.81520 -1.53709
C 52.37110 46.82200 -1.90484
C 50.70640 25.20860 -2.20461
C 69.87100 32.55750 -1.35617
C 66.80430 31.88650 -1.96343
C 68.42940 35.21610 -1.06593
C 66.79350 37.60500 -1.18739
C 65.25170 40.29000 -1.44687
C 63.62750 43.09890 -1.68586
C 62.12120 45.71000 -1.89669
C 48.59410 46.07910 -1.94377
C 72.09810 24.76820 -1.57350
C 68.84030 23.98030 -1.78424
C 65.75820 23.29430 -1.77828
C 69.63630 27.05270 -1.76155
C 66.00510 26.45210 -1.57232
C 57.60800 29.48700 -1.79855
C 54.12570 30.02230 -1.73451
C 59.25360 32.00310 -1.67173
C 56.09910 32.56080 -1.77358
C 52.74260 32.92860 -1.51824
C 49.66570 32.99990 -1.28365
C 60.86620 34.67310 -1.90676
C 57.85000 35.13260 -1.78719
C 54.62640 35.55680 -1.69011
C 51.48400 35.73220 -1.44618
C 60.11120 37.93920 -1.58621
C 56.67070 38.14440 -1.59410
C 53.48890 38.32100 -1.52905
C 50.11660 38.62650 -1.65085
C 58.48660 40.62890 -1.61905
C 55.49030 41.07640 -1.58066
C 52.29680 41.10890 -1.85533
C 54.09120 43.97840 -1.75609
C 53.57500 24.21950 -1.58820
C 71.72970 35.03280 -1.00120
C 70.13140 37.76460 -1.05109
C 71.89480 40.43150 -1.31296
C 68.57910 40.49510 -1.40642
C 70.23160 43.16580 -1.55219
C 67.02770 43.21510 -1.69191
C 71.72740 46.01150 -1.69456
C 68.50260 46.06190 -1.78402
C 65.30000 45.99170 -1.95369
H 64.07660 24.11420 -0.26373
H 61.09380 23.85990 0.14669
H 70.93300 28.33690 -0.22114
H 64.39750 27.26930 0.06866
H 68.64210 30.49010 -1.18970
H 65.75170 30.03030 -0.75872
H 58.17310 24.47790 0.27758
H 55.12000 25.05640 0.08648
H 60.45370 27.11300 -0.11296
H 54.05930 28.12070 -0.17502
H 50.95590 28.54710 0.71672
H 62.42100 29.81070 -0.03906
H 49.45940 31.27520 0.22280
H 63.91530 32.51550 -0.28357
H 62.75220 35.40270 -0.56485
H 61.61650 38.65690 -0.08214
H 48.57440 39.71890 -0.51040
H 60.26020 41.49350 -0.09365
H 50.63490 42.33070 -0.56619
H 58.92550 44.54740 0.01868
H 55.63540 44.61170 -0.34185
H 52.44370 45.04690 -0.04354
H 52.11180 25.68010 -0.28490
H 49.53920 27.06380 -1.42600
H 71.42960 33.05560 0.42857
H 68.37710 33.33610 0.54515
H 66.10330 34.24950 -1.51236
H 66.87500 35.99070 0.80975
H 65.34440 38.67650 0.44688
H 63.48910 41.32740 0.01516
H 62.03700 44.03230 -0.03084
H 47.49350 44.13070 -1.03871
H 72.43770 22.99500 0.05026
H 70.22000 25.26370 -0.23504
H 67.06580 24.68040 -0.24007
H 67.73820 27.54770 -0.26927
H 57.28260 27.53910 -0.34231
H 59.17500 30.23010 0.03224
H 56.06410 30.59320 -0.27920
H 52.71360 31.05260 0.03288
H 60.91770 32.92860 -0.13307
H 57.77870 33.30060 -0.17490
H 54.57600 33.60090 -0.16783
H 51.33960 33.91860 0.28176
H 59.56730 35.90900 -0.16236
H 56.38660 36.20760 -0.10121
H 53.19630 36.48270 0.12696
H 49.93420 36.85160 0.20303
H 58.35760 38.80720 0.01173
H 55.12390 39.20910 0.07450
H 51.88290 39.44460 -0.04249
H 57.08490 41.84090 0.07082
H 53.73860 42.05720 -0.14881
H 49.50760 24.06770 -0.32414
H 70.07560 35.93100 0.62722
H 71.76170 38.74280 0.50960
H 68.42800 38.68830 0.29484
H 70.18940 41.46280 0.20535
H 66.81000 41.47120 0.06273
H 71.76600 44.23950 0.08546
H 68.57430 44.30080 -0.05121
H 65.30850 44.17670 -0.21910
C 72.57880 28.01230 1.61249
C 62.54080 26.45650 1.20983
C 69.65600 30.08570 0.98075
C 67.60460 29.61220 0.84767
C 64.52360 29.41060 1.25658
C 58.65470 26.57000 1.60012
C 55.61970 26.97940 1.41000
C 52.78240 27.08530 1.62333
C 60.77650 28.97150 1.59206
C 51.14750 30.31490 1.89575
C 62.35900 31.78890 1.51438
C 64.77710 34.59590 0.68783
C 63.47500 37.34020 1.06260
C 61.75200 40.48180 1.64777
C 48.33600 42.13450 0.19515
C 60.16110 43.37910 1.58682
C 56.93730 43.82030 1.58113
C 50.87950 44.16440 1.23674
C 56.19470 46.85010 0.48152
C 52.51160 47.00510 1.54014
C 50.06900 26.16180 0.82943
C 69.84890 32.06840 2.11872
C 66.26970 32.29630 0.08964
C 68.59520 35.00110 2.38496
C 66.91280 38.15930 2.23117
C 65.14900 40.68970 1.78760
C 63.73230 43.26860 1.53966
C 62.10190 45.88350 1.37048
C 48.69660 46.09740 0.07158
C 71.83870 24.81840 1.52746
C 68.80800 24.03890 1.38104
C 65.70170 23.62860 1.50843
C 69.60730 27.11750 1.29087
C 66.35950 26.41940 1.34742
C 57.47410 29.35920 1.38184
C 54.38150 29.91230 1.43250
C 59.27520 32.22180 1.50985
C 56.14400 32.43390 1.39613
C 52.96240 32.95610 1.62766
C 49.53240 33.18300 1.84501
C 61.31280 34.90930 1.33730
C 57.96530 35.11530 1.51969
C 54.80910 35.32380 1.56361
C 51.47760 35.90940 1.83940
C 59.94170 37.69520 1.53644
C 56.62050 37.99720 1.58963
C 53.43240 38.45870 1.66657
C 49.97450 39.08820 1.46279
C 58.62240 40.65070 1.58336
C 55.21880 41.12890 1.59047
C 51.86410 41.48900 1.35036
C 54.01850 43.95810 1.42294
C 53.39730 24.46810 1.43435
C 71.71660 34.82490 2.14848
C 69.99390 37.91940 2.04389
C 71.68620 40.68960 2.05568
C 68.41390 40.71840 1.72763
C 70.03730 43.42260 1.66404
C 66.89470 43.47790 1.56407
C 71.67910 46.17560 1.64359
C 68.25880 46.32970 1.44343
C 64.90950 46.09010 1.21995
C 52.09010 60.59480 -2.28438
C 49.15200 61.25720 -2.00224
C 58.40240 64.90460 -1.96009
C 54.96670 64.25720 -2.13955
C 48.73730 64.00850 -2.85992
C 59.46770 67.95260 -1.82532
C 63.56510 71.53900 -1.83867
C 60.50460 71.06290 -1.58694
C 66.22130 49.24430 -1.31243
C 62.76420 48.84250 -2.06147
C 71.90210 51.18960 -2.47528
C 68.97070 53.21560 -1.91044
C 72.56580 54.82040 -2.25642
C 72.77240 69.01120 -1.70047
C 50.91840 48.17370 -2.30098
C 51.39070 51.39480 -1.11456
C 50.30900 54.61160 -1.83051
C 50.01420 57.90030 -1.99712
C 59.49040 47.51080 -1.88407
C 63.55990 51.97330 -1.88088
C 60.42930 50.84490 -2.00744
C 57.12050 50.05450 -2.01553
C 68.96880 56.28740 -1.42603
C 66.97510 54.03540 0.38366
C 64.43230 54.94460 -1.55996
C 54.79900 52.46250 -1.88290
C 71.73000 59.35430 -0.90637
C 52.54110 54.68730 -2.03441
C 56.59230 58.76950 -2.04157
C 53.76070 58.00010 -2.04798
C 61.05110 62.60130 -1.93374
C 57.82370 61.73510 -2.28738
C 71.33810 67.65500 -1.56135
C 61.95540 65.55560 -1.89728
C 69.68320 70.50160 -1.08887
C 65.92870 69.13980 -1.79887
C 62.79940 68.56990 -1.68330
C 51.77810 63.68390 -1.91259
C 56.42180 67.48570 -1.76374
C 53.23970 66.97660 -2.15680
C 49.87670 66.88050 -2.34923
C 57.40900 70.45160 -1.53344
C 54.45850 70.06770 -1.74405
C 51.07520 69.74570 -1.91003
C 70.02650 48.83590 -1.86425
C 48.08610 49.48440 -2.03541
C 47.95930 52.54290 -1.87040
C 54.02480 49.37190 -1.71426
C 61.18310 54.12130 -1.95979
C 58.08880 53.20420 -2.13445
C 68.33150 58.21050 -0.90393
C 65.36720 57.83490 -1.31003
C 62.19540 57.07720 -1.81229
C 58.77820 56.36860 -2.01311
C 55.68190 55.64510 -2.11464
C 69.51720 61.68240 -1.02387
C 66.34100 60.73530 -1.26666
C 63.12960 60.21950 -1.67545
C 59.97130 59.35640 -2.04939
C 70.50220 64.64070 -0.97141
C 67.38630 63.84970 -1.26257
C 64.29700 63.25110 -1.58024
C 68.31250 66.80300 -1.46518
C 65.14860 66.07560 -1.55364
H 71.21340 55.85970 -0.32257
H 53.67830 62.26630 -1.32999
H 50.94160 61.82980 -0.49002
H 48.04700 62.59740 -0.20263
H 60.02850 66.08870 -0.45422
H 56.40770 65.40160 -0.40215
H 60.97150 69.08800 -0.15121
H 54.01250 47.78410 -0.33670
H 63.39290 46.84230 -0.64092
H 68.57580 49.75920 -0.41703
H 63.99820 49.95730 -0.58226
H 71.34920 52.79610 -1.42093
H 49.91020 49.53630 -0.32046
H 49.68570 52.93510 -0.01874
H 49.20390 56.23040 -0.20753
H 48.80780 59.42370 -0.46979
H 60.84300 49.03490 -0.35856
H 57.62730 48.43200 -0.85350
H 64.68290 53.06200 0.20218
H 61.61170 52.19350 -0.37387
H 55.51410 50.74510 -0.13157
H 68.55140 56.65770 1.08638
H 65.54480 56.06840 0.35518
H 52.94500 53.05810 -0.28678
H 69.65730 59.64470 0.55939
H 53.89980 56.15450 -0.38168
H 70.63640 62.86480 0.87429
H 54.90680 59.44610 -0.24115
H 51.90770 58.81420 -0.59118
H 71.66830 65.78050 0.29640
H 59.09080 63.07070 -0.53931
H 56.20870 62.30550 -1.09344
H 69.51360 68.21060 -0.03313
H 63.25320 66.75080 -0.06737
H 67.25760 70.57410 -0.09882
H 64.21760 69.84210 -0.16697
H 53.22270 65.16420 -0.62523
H 49.99390 64.90710 -0.87961
H 57.80600 68.56570 0.03503
H 54.48560 68.08250 -0.29909
H 51.40570 67.68340 -0.60169
H 55.73940 71.04030 0.14895
H 52.61730 70.60450 -0.16072
H 49.36690 70.26760 -0.23150
H 70.16020 46.97500 -0.12484
H 66.78710 47.01480 -0.21781
H 71.77370 49.81080 -0.29069
H 58.55030 51.41710 -0.48590
H 62.42250 55.22860 -0.24736
H 59.29510 54.56440 -0.41989
H 56.29770 53.78320 -0.54597
H 66.46100 59.07090 0.53733
H 63.38280 58.33640 -0.07940
H 60.21140 57.58570 -0.44853
H 57.00730 56.88570 -0.45433
H 67.56780 62.03340 0.44530
H 64.36230 61.39770 0.11335
H 61.09420 60.76400 -0.29929
H 58.08160 59.93540 -0.52674
H 68.55370 65.20420 0.40242
H 65.46470 64.40860 0.24517
H 62.36200 63.78600 -0.19206
H 66.40730 67.46520 -0.06059
C 52.88150 60.80660 0.55773
C 49.47580 61.13840 1.26453
C 58.38070 64.86470 1.01865
C 54.73460 63.68230 0.48458
C 47.78850 65.04310 0.16425
C 59.64000 67.78970 1.43079
C 63.85970 71.44770 1.58371
C 60.72370 70.73310 1.63715
C 66.15700 49.32480 0.56883
C 62.84510 48.62340 1.06406
C 71.82910 51.73810 0.87496
C 69.19860 52.23430 -0.06949
C 73.28630 54.25630 -0.60156
C 72.84190 68.79990 1.77054
C 50.84560 48.16990 1.58438
C 51.41370 51.33490 0.75021
C 50.44710 54.72520 1.46430
C 50.28670 58.09360 1.10059
C 59.47720 47.05150 0.11107
C 63.53140 51.68030 1.26103
C 60.31900 50.64250 1.13837
C 57.54450 49.77340 1.09025
C 70.66390 55.19800 1.66532
C 67.10990 54.90680 1.96446
C 63.89160 54.72700 1.68877
C 54.82280 52.75200 1.22660
C 71.15820 58.85450 2.49167
C 52.40990 54.82660 1.29729
C 56.43170 58.83680 1.06946
C 53.48450 57.73290 1.15686
C 60.69030 62.64430 1.26746
C 57.54860 61.84060 0.94652
C 71.08070 67.59930 1.90189
C 61.70210 65.60740 1.36397
C 69.52370 70.55380 0.89094
C 66.15260 69.47300 1.38633
C 62.86600 68.63280 1.43907
C 51.55710 63.88550 0.65699
C 56.15500 67.25490 1.34564
C 52.96710 66.85560 1.11787
C 49.84380 66.58350 0.91147
C 57.42950 70.30630 1.73992
C 54.19540 69.68630 1.50119
C 50.86940 69.39450 1.15761
C 70.03070 48.97060 1.41231
C 47.98140 49.25920 1.41389
C 47.83000 52.54170 1.41369
C 54.48340 49.62020 1.51311
C 61.02050 53.86350 1.24481
C 58.03470 53.10130 1.16172
C 68.08670 58.35710 2.30133
C 64.84670 57.72130 1.86430
C 61.81270 56.98840 1.27815
C 58.78820 56.36390 1.17857
C 55.69810 55.50270 1.18132
C 69.16330 61.46820 2.30995
C 65.90290 60.87570 1.95532
C 62.68620 60.11510 1.48851
C 59.69450 59.31330 1.19256
C 70.13600 64.55290 2.22082
C 67.10940 63.94680 1.96192
C 63.83700 63.24630 1.67850
C 68.12100 67.11700 1.71318
C 65.02780 66.32310 1.64731
C 70.56750 86.92930 -1.31641
C 67.90990 87.07730 -0.05791
C 65.10940 87.67650 1.56035
C 62.18120 89.16370 1.07601
C 61.12540 92.13660 0.76129
C 58.03960 92.27120 2.06712
C 57.19040 95.43510 1.26956
C 48.84920 76.16120 -0.51497
C 51.15600 78.22490 1.19410
C 54.85710 80.56870 0.00058
C 60.40990 84.69680 0.60435
C 48.82070 90.49370 2.54080
C 59.79500 87.45730 1.22396
C 56.76510 88.67870 2.00386
C 51.68730 91.70810 2.81841
C 58.49380 90.93880 3.53033
C 54.57010 93.48350 3.53434
C 64.70960 74.85890 -1.70678
C 48.68940 72.47790 -1.18222
C 63.02120 77.18540 -0.99219
C 53.47620 75.58560 -1.00919
C 50.38700 75.32790 -1.27272
C 64.15400 79.95940 -0.42478
C 61.03440 79.62070 -0.51015
C 57.76490 79.33700 -0.50010
C 54.15070 78.66480 -0.46513
C 65.80560 82.98210 0.48545
C 62.12640 82.34110 0.14333
C 62.67260 85.72680 1.29632
C 72.34860 72.42850 -1.55479
C 69.47610 74.13810 -1.56504
C 69.25490 77.61780 -0.94208
C 66.66480 75.51820 -1.86549
C 69.72640 80.72520 -1.30156
C 69.32850 83.98760 -0.41218
C 70.02500 89.98620 -0.58757
C 67.18060 90.42920 0.08828
C 64.19010 91.09490 0.66860
C 69.33730 93.13010 -0.34603
C 66.33230 93.72340 0.08629
C 63.35580 94.48250 0.37115
C 60.20130 95.17190 0.60767
C 71.56870 95.39470 -0.80663
C 48.69950 80.28420 0.64818
C 51.76980 81.67750 1.23736
C 48.83550 83.62590 0.72032
C 58.30650 82.21610 0.89181
C 54.70680 83.65150 0.86519
C 51.68970 85.36380 1.13373
C 48.92280 87.07840 1.37221
C 57.18250 85.52490 1.19476
C 54.33170 86.77950 1.69761
C 51.72020 88.59160 1.83781
C 54.49030 90.31620 2.46807
C 61.68940 74.01370 -1.38589
C 58.57020 73.47350 -1.26301
C 55.50040 73.00990 -1.31481
C 52.50270 72.68860 -1.55934
C 59.81790 76.60630 -1.11606
C 56.58390 75.93340 -1.03327
C 72.36310 75.56940 -1.50032
H 48.96690 94.73760 3.27645
H 68.12800 85.76350 1.04336
H 61.64860 87.43890 2.79608
H 70.00290 88.20900 0.76205
H 67.06800 88.76920 1.68602
H 63.99220 89.69880 2.71778
H 60.83550 90.52790 2.70406
H 59.99420 93.56820 2.51097
H 56.99890 94.20480 3.53865
H 50.25520 80.15050 2.57980
H 54.11960 81.91360 1.98754
H 60.43400 82.77420 1.95533
H 56.83620 83.55100 2.22242
H 59.19600 85.54780 2.62118
H 58.87060 88.45680 3.31844
H 56.24240 89.94680 4.16718
H 53.45600 91.35470 4.54900
H 49.63340 92.16070 4.22677
H 65.18970 72.77110 -0.33877
H 62.04610 72.04570 0.05236
H 63.15100 75.07470 0.30381
H 50.78880 73.16000 -0.23355
H 64.43900 77.80370 1.09814
H 54.98960 76.65690 0.89877
H 51.80730 76.02320 0.72141
H 65.79120 80.56750 1.57335
H 62.54750 80.26830 1.39641
H 59.41540 80.06570 1.14583
H 56.76230 80.41890 1.45475
H 63.55160 83.42140 1.54055
H 70.70440 72.50040 -0.15130
H 67.91330 73.80080 -0.31493
H 67.17160 76.82620 0.34699
H 68.08590 79.58350 0.30441
H 71.33230 85.40490 -0.02532
H 68.16760 82.51200 1.21928
H 52.10640 94.04970 3.59488
H 69.12190 91.26600 1.30576
H 66.16490 91.97010 1.81951
H 63.08550 92.76230 2.06936
H 71.26530 93.76530 1.03246
H 68.27070 94.34360 1.52018
H 65.21730 95.08650 1.82219
H 62.09220 95.81210 1.99143
H 50.63320 83.51960 2.43203
H 53.47040 84.95450 2.83007
H 50.75930 86.63770 3.00435
H 56.35480 86.67390 3.27014
H 53.54850 88.24530 3.48220
H 50.78370 89.65320 3.83002
H 58.85430 71.47420 0.14822
H 60.06460 74.56660 0.29653
H 56.88730 73.97250 0.50238
H 53.80360 73.53840 0.36796
H 61.22830 77.50510 0.66800
H 58.10550 77.13280 0.61946
H 70.56240 75.73720 0.14996
H 70.95460 79.05480 0.13106
H 71.05250 82.32550 0.13628
C 71.81420 86.86750 1.81653
C 68.89860 87.44980 2.81979
C 65.43980 87.88230 3.47839
C 62.20760 89.21660 4.40629
C 61.63050 92.48480 4.01528
C 57.96120 93.09250 5.62151
C 57.66720 96.29220 4.47147
C 48.96200 76.85120 3.16583
C 50.76050 77.81640 3.25479
C 55.17710 79.96710 3.18512
C 60.64390 83.91520 3.82751
C 48.50500 89.95950 4.64718
C 60.10610 86.70690 4.58954
C 57.22400 88.02220 5.21178
C 51.32470 91.16040 5.72716
C 56.83180 91.42270 6.12811
C 53.99340 93.52600 5.45012
C 65.00110 74.45040 1.68749
C 48.60950 72.42180 0.66499
C 62.96590 76.69370 2.26733
C 53.73950 75.18180 2.22303
C 50.57130 74.63450 1.82781
C 64.49760 79.75170 2.89333
C 60.98950 78.94650 2.64698
C 58.01870 78.67770 2.58599
C 54.14990 78.29000 2.79591
C 65.97900 83.03690 2.48912
C 62.56650 82.05040 3.15263
C 63.04520 85.48900 3.09663
C 72.40170 72.30290 1.66913
C 69.74180 74.00830 1.62181
C 69.39830 77.61230 1.37235
C 66.99860 75.32710 1.68843
C 69.94860 80.70360 1.68339
C 70.05560 84.12210 1.59635
C 70.71050 89.86400 2.38280
C 67.67760 90.65720 3.22566
C 64.51190 91.58680 3.71568
C 69.80070 92.97000 2.87133
C 66.69830 93.84670 3.31028
C 63.65650 94.66530 3.49763
C 60.67210 95.43570 3.97316
C 72.15640 95.60490 2.42913
C 48.60320 80.42460 3.92082
C 52.05940 81.62790 3.32356
C 48.65430 83.43110 3.96552
C 58.43110 81.75580 2.58009
C 54.98310 83.28980 3.85057
C 51.55690 84.74630 4.45199
C 48.68700 86.66290 4.33796
C 57.53980 84.74860 4.25931
C 54.44820 86.28920 4.71674
C 51.70850 87.77700 5.04518
C 54.27820 89.30170 5.64752
C 61.81970 73.68330 1.80233
C 58.73440 73.17840 1.85698
C 55.40630 72.61070 1.96329
C 52.16750 72.18030 1.57054
C 59.83900 76.21190 2.12490
C 56.90700 75.70010 2.30721
C 72.51040 75.71240 1.75833
C 89.43990 2.70626 -3.26676
C 93.40360 5.35445 -2.51499
C 89.74720 5.34974 -1.83502
C 94.57060 8.43169 -2.67234
C 82.40660 0.64563 -3.36445
C 79.01560 1.62507 -2.73833
C 78.34150 4.62733 -2.05015
C 75.34480 5.84888 -1.19756
C 74.09780 9.34654 -0.16811
C 70.67530 9.97732 -3.24904
C 73.58410 14.93680 -2.45547
C 75.77660 16.85870 -0.91216
C 76.65480 20.21250 -1.07539
C 86.10230 2.54060 -2.37305
C 82.99070 3.50159 -1.78580
C 81.13340 5.96480 -3.16133
C 85.72240 6.12487 -2.93972
C 79.83210 8.89405 -2.92657
C 76.62760 9.89416 -2.60237
C 91.41410 7.86625 -2.68286
C 88.21500 8.63339 -2.89265
C 76.27060 13.14570 -2.35525
C 94.95840 10.26470 -2.06749
C 78.69430 15.23210 -1.96051
C 0.10158 12.38210 -2.71144
C 80.62260 17.44980 -1.40603
C 96.19390 14.99920 -0.89258
C 80.62830 20.63100 -2.17116
C 95.01090 18.41860 -0.45052
C 92.28900 19.35310 -0.17636
C 89.22930 20.50910 -0.67874
C 86.14420 21.71350 -0.31002
C -0.22521 20.99720 -0.70567
C 94.98860 23.02690 -0.80535
C -0.00185 0.33772 -2.70948
C 94.43260 0.07367 -3.07079
C 91.01990 -0.00288 -3.39521
C 87.63310 -0.22967 -3.65820
C 95.72150 2.97789 -2.63551
C 92.63790 2.68083 -2.87267
C -0.94015 5.81494 -2.35950
C 79.97480 96.15300 -2.81656
C 76.59040 -0.82161 -2.10465
C 73.60070 0.02944 -1.36803
C 75.79430 2.52704 -1.86563
C 72.83680 3.29139 -1.33177
C 73.24180 19.52970 -1.52881
C 74.42420 22.51890 -1.27039
C 82.65590 7.51657 -2.77491
C 85.28030 9.72057 -2.62066
C 82.36050 10.81640 -2.60195
C 79.31030 11.94550 -2.46888
C 90.57010 11.10270 -2.81596
C 87.64140 11.91170 -2.30575
C 84.69640 12.94320 -2.34648
C 81.67150 14.21770 -2.17682
C 93.17640 13.11020 -2.42072
C 90.17300 14.22260 -2.12945
C 87.18110 15.12980 -1.97765
C 84.21090 16.29870 -2.09702
C 92.54800 16.39140 -1.34258
C 89.67540 17.41920 -1.22870
C 86.85710 18.42710 -1.43692
C 83.65330 19.68130 -1.74993
H 89.28490 0.56083 -1.97583
H 90.87950 3.26319 -1.33677
H 87.93970 3.55057 -1.73531
H 95.09500 6.58294 -0.94114
H 91.89510 6.20545 -0.77757
H 85.03380 95.80680 -2.35268
H 84.19730 1.28183 -1.78279
H 81.18580 1.78939 -1.37840
H 77.97840 2.69818 -0.73006
H 77.48840 5.60139 0.28455
H 73.74840 6.91189 0.49845
H 75.17480 14.48520 -0.74736
H 76.70090 18.45030 0.74391
H 77.52860 21.53530 0.89411
H 85.10280 4.53053 -1.08582
H 82.16940 5.80949 -0.87902
H 79.19080 7.07644 -1.95050
H 87.85810 6.83511 -1.54071
H 75.65470 11.28950 -0.68884
H 90.25440 9.06662 -1.30927
H 78.13530 13.23130 -0.71702
H -0.36523 10.23120 -1.18370
H 92.63580 11.27660 -1.66111
H 77.84040 16.09610 0.20272
H 79.16150 19.56380 -0.84829
H 94.42980 16.14440 0.29862
H 82.07940 20.62510 -0.09022
H 79.85590 22.63600 -0.61324
H 93.81040 18.77550 1.81904
H 91.08280 20.23660 1.16105
H 88.35260 21.71170 0.92366
H -1.05934 17.98700 1.41439
H 95.29570 20.78560 0.22281
H 95.83030 0.97341 -1.21543
H 92.59220 0.60767 -1.54702
H -0.50023 3.81916 -0.83714
H 93.98730 3.49165 -0.92526
H 73.56020 96.02820 0.44584
H 82.13900 -1.16719 -1.66686
H 78.72550 -0.25592 -1.05769
H 75.71250 0.67193 -0.35186
H 72.62430 1.50102 0.37120
H 74.83250 3.85349 0.01360
H 73.58620 17.47700 -0.16355
H 74.57280 20.58260 0.20612
H 76.21270 8.21143 -1.13763
H 84.73940 7.82316 -1.39299
H 81.63420 8.96350 -1.13514
H 78.66430 10.10400 -1.05357
H 87.13420 9.91800 -0.98813
H 84.11850 11.11750 -0.88796
H 81.19280 12.15170 -0.90683
H 89.57090 12.22060 -0.78277
H 86.44380 13.15740 -0.60356
H 83.59990 14.37860 -0.64412
H 80.49080 15.22810 -0.29264
H 91.94130 14.21570 -0.46205
H 88.92360 15.32180 -0.27503
H 85.93780 16.43870 -0.26796
H 82.90660 17.50220 -0.74909
H 91.30410 17.23080 0.63210
H 88.29430 18.49190 0.62014
H 85.24690 19.40040 0.14341
C 89.12150 2.16739 -0.05337
C 93.64420 5.19332 0.76038
C 90.08160 5.02680 0.17686
C 95.03530 8.25246 1.08509
C 83.17230 0.57954 -0.11075
C 79.91350 1.43576 0.31687
C 78.10140 3.59350 1.58328
C 75.71930 5.69175 1.58379
C 74.27650 8.92494 1.83755
C 71.09330 9.58809 1.88731
C 73.53490 12.52490 -0.57047
C 75.45060 16.29280 0.84675
C 76.14790 19.70960 2.09668
C 86.01220 2.58437 -0.31027
C 82.94690 4.09298 0.41562
C 79.98730 5.87685 0.28655
C 86.07300 6.39383 0.26813
C 79.70760 8.29401 0.22872
C 77.00440 9.77316 0.77507
C 91.68310 7.73897 0.53205
C 88.73870 8.55486 0.37383
C 76.29120 12.88950 0.84480
C 95.35340 10.15650 0.47692
C 79.01300 14.26950 1.36696
C 0.61839 11.31070 0.93619
C 79.86400 17.46020 0.36277
C 96.02870 14.20350 0.88349
C 79.97730 20.91810 1.21427
C 94.90740 16.70350 2.67554
C 91.61430 18.36560 2.86166
C 88.81970 20.00240 2.56787
C 85.93130 21.33720 1.62621
C 95.81340 20.05960 2.58453
C 94.32090 22.28450 2.08316
C -0.26062 -0.07239 0.43033
C 94.18240 -0.27418 0.14763
C 90.74400 -0.45996 -0.29819
C 86.94390 -0.30926 -1.91775
C 95.66240 2.48365 0.69376
C 92.28960 2.23047 0.34378
C -0.90250 5.62135 0.81388
C 80.50410 96.25450 0.17195
C 77.37560 -0.52282 0.94250
C 74.29990 0.38399 1.66386
C 76.43260 2.54452 1.24452
C 73.30840 3.34362 1.89126
C 73.10970 19.06690 1.53007
C 74.00380 22.32900 1.84177
C 82.98620 7.58080 0.44534
C 85.47990 9.47379 0.46836
C 82.20220 10.46120 0.62192
C 79.40290 11.64140 0.66881
C 91.07240 10.77320 0.39485
C 87.81030 11.56360 0.73165
C 84.52100 12.69760 0.90129
C 81.83610 13.67780 0.97848
C 92.79290 12.12890 0.69155
C 90.13300 13.68680 1.15084
C 86.93970 14.75660 1.20584
C 83.85450 16.05950 1.07755
C 92.48670 15.43460 1.71172
C 89.18980 16.64840 1.80767
C 86.22200 17.76140 1.78991
C 83.10940 18.92350 1.35970
C 81.19060 48.30750 -1.07201
C 90.93100 45.85180 -2.10034
C -0.19100 47.62680 -3.43886
C 84.71690 24.86300 -0.89078
C 80.82010 24.75450 0.24664
C 89.63780 26.68250 -0.49671
C 86.54100 27.42990 -0.68142
C 80.18140 28.30700 -0.45561
C 88.46670 29.73990 -0.43414
C 79.19820 30.93470 -1.11678
C 90.44170 32.01550 -0.47488
C 77.82130 34.43620 -1.07155
C 92.43240 34.52510 -0.51998
C 79.80630 36.84670 -1.02575
C 94.38250 37.00120 -0.63785
C 82.01410 39.44710 -1.13500
C 84.12410 41.79380 -1.16798
C 95.58620 42.06690 -1.44981
C 92.45150 42.96360 -1.52026
C 89.11120 43.54420 -1.43952
C 85.85660 44.34180 -1.08124
C 83.06850 45.13350 -0.90328
C 95.15850 45.14080 -1.96176
C 77.47970 23.47060 -0.76719
C 77.94610 26.12630 -0.65317
C 76.40140 29.27340 -0.40303
C 72.97280 31.46250 -0.71064
C 74.76950 34.61880 -0.90492
C 76.74750 37.47080 -1.03088
C 78.41550 40.07730 -0.77046
C 80.24040 42.84300 -0.50108
C 78.71280 46.07180 -0.27663
C 82.38940 22.83900 -1.11759
C 87.71270 24.19340 0.79295
C 92.92010 25.54950 0.30370
C 89.31110 24.77560 -0.93920
C 91.65680 29.03320 -0.38026
C 93.58810 31.50480 -0.32725
C 95.67280 34.02130 -0.38621
C 83.46820 27.66510 -1.00620
C 85.26570 30.30600 -0.64536
C 82.20050 31.00340 -0.97905
C 87.26490 32.59460 -0.64436
C 84.27610 33.17120 -0.85885
C 81.04820 33.72770 -0.96575
C 89.35390 35.12160 -0.61729
C 86.32840 35.67450 -0.84474
C 83.02620 36.33400 -1.09955
C 91.30300 37.60850 -0.86141
C 88.25150 38.04650 -0.84473
C 85.10970 38.85730 -0.98211
C -0.93298 39.14130 -0.96554
C 93.52770 40.00010 -1.04315
C 90.19870 40.57630 -1.12929
C 87.12830 41.23170 -1.01977
C 75.20390 25.56250 -1.13131
C 73.49110 37.70780 -0.99430
C 75.05160 40.27120 -1.19174
C 76.74740 43.15760 -1.24684
C 73.41830 43.08990 -1.33607
C 75.44580 46.05230 -1.20327
C -1.29347 25.63590 -0.03412
C 94.96300 28.67220 -0.17369
C -0.81172 31.13420 -0.15712
H 83.57380 47.67690 -0.79004
H 93.18650 46.45510 -1.18378
H 86.07050 25.42830 0.64691
H 82.95420 25.93470 0.78207
H 88.12110 27.83950 1.14190
H 81.85190 28.99490 0.36397
H 78.46090 29.64770 0.88789
H 90.21520 30.21600 1.23100
H 79.65440 35.00430 0.58212
H 94.13440 35.29500 1.07977
H 81.59640 37.54940 0.47916
H 96.13310 37.61140 0.86347
H 83.68200 40.11200 0.61255
H 95.38370 40.61960 0.52551
H 82.64840 43.11460 0.22590
H 94.27700 43.69270 -0.07882
H 91.07180 44.37290 -0.09437
H 87.95800 44.88220 0.04277
H 84.83610 45.37650 1.07139
H 78.42100 24.60400 1.28799
H 76.25670 27.00090 0.56813
H 73.97620 29.26580 0.02488
H 74.55290 33.22820 0.20309
H 76.45890 35.63680 0.58053
H 78.38680 38.00440 0.67667
H 80.56920 40.57160 0.45699
H 78.26040 43.87520 0.67343
H 84.20000 22.87720 0.66071
H 93.04340 23.08700 0.92987
H 91.30100 27.19720 1.22875
H 93.39100 29.68530 1.31231
H 95.28900 32.28650 1.28793
H 84.86420 28.42250 0.88805
H 86.92680 30.85410 1.14434
H 83.74170 31.50360 0.84873
H 80.65860 31.97400 0.63678
H 77.63760 32.64460 0.16103
H 92.13110 32.80940 1.20026
H 88.95530 33.33640 0.99041
H 85.81940 33.91390 0.86611
H 82.78970 34.48690 0.60584
H 91.07810 35.93800 0.98508
H 87.86970 36.43980 0.84482
H 84.79200 36.97480 0.51495
H 92.98790 38.39920 0.74304
H 89.96580 38.92850 0.73111
H 86.88760 39.46650 0.61650
H 92.06610 41.33540 0.36318
H 88.93680 41.93360 0.48296
H 85.80400 42.47690 0.53902
H 75.45600 23.81120 0.53469
H 73.25150 26.19340 0.07358
H 73.32550 35.93560 0.62353
H 75.16170 38.55760 0.62742
H 76.56150 41.28360 0.17460
H 73.41530 41.33040 0.37293
H 74.95620 44.12530 0.23969
H 96.28100 23.62300 1.22242
H 94.77900 26.76670 1.44652
H -1.07174 29.38970 1.55717
C 83.47420 47.32910 1.84142
C 91.88580 46.50440 1.01543
C 96.22950 48.77390 -0.20060
C 84.46270 24.61110 2.41259
C 80.38520 24.27410 2.27045
C 89.42090 26.25860 2.47725
C 86.19790 27.10390 2.48234
C 79.24590 27.98210 2.52546
C 88.29560 29.38280 2.70879
C 78.79470 31.23990 2.13657
C 90.33520 32.10930 2.77389
C 77.91810 34.34680 2.16109
C 92.40870 34.79500 2.70043
C 79.94910 36.80300 2.25881
C 94.36430 37.27080 2.45252
C 81.68490 39.57530 2.00200
C 84.04510 42.09880 2.10183
C 95.80440 42.80810 1.77567
C 92.67730 43.41360 1.61565
C 89.53930 44.00280 1.69757
C 86.45850 44.36730 2.03186
C 83.28820 43.94640 2.52041
C 96.13270 45.34760 -0.21902
C 76.84940 23.33370 2.57334
C 77.72750 26.59200 2.55023
C 76.05600 29.30680 1.37684
C 73.07770 31.35070 1.10579
C 74.82890 34.79490 2.20114
C 76.59270 37.36750 2.26952
C 78.38640 40.18770 1.56365
C 80.49040 42.83890 1.48193
C 78.80850 46.17250 1.56007
C 82.81590 21.97340 1.96868
C 90.55920 22.73780 1.44708
C 92.79140 25.41090 2.08193
C 89.73100 26.70580 4.23513
C 91.56870 28.78690 2.84292
C 93.52010 31.62910 2.87471
C 95.46850 34.14220 2.81347
C 82.92020 27.53000 2.23680
C 84.95850 30.23720 2.51653
C 81.93380 30.62190 2.25967
C 87.14670 32.72210 2.61728
C 84.03360 33.27460 2.43254
C 81.06210 33.78640 2.16726
C 89.23150 35.26370 2.51498
C 86.00230 35.84350 2.34788
C 82.98150 36.42100 2.14373
C 91.32390 37.87820 2.44656
C 88.27460 38.35660 2.33601
C 85.04010 38.89150 2.11319
C -0.14214 39.57370 1.18842
C 93.65950 40.37470 2.10002
C 90.46350 40.87750 2.15157
C 87.24940 41.27080 2.17250
C 74.83720 25.73590 1.95121
C 73.39370 37.82130 2.15166
C 75.07340 40.58040 1.99629
C 76.62790 43.18190 1.84629
C 73.27260 43.26990 1.83025
C 74.83030 46.02620 1.93379
C 96.03040 25.32010 2.98289
C 94.80180 28.27020 2.89369
C -1.12461 31.23890 3.11333
C 87.75010 46.96110 -1.30493
C 84.56630 49.18940 -2.09207
C 81.78270 50.20910 -0.92912
C 78.93150 51.31740 -0.20748
C 76.75690 53.05250 -1.86857
C 93.66600 48.21780 -2.26224
C 76.38840 56.48350 -2.00176
C 72.93370 57.69570 -0.08850
C 75.89770 59.93470 -1.91897
C 96.06060 52.68650 -2.15869
C 93.23990 54.01900 -2.21980
C 90.33880 55.50170 -2.41200
C 87.27460 57.06550 -2.39524
C 75.68380 63.30740 -1.72497
C 87.38740 60.39670 -2.66313
C 85.30880 62.50260 -2.33606
C 78.39430 64.89990 -2.11015
C 83.86280 65.18350 -2.91160
C 81.22860 67.03290 -2.07792
C 84.11390 68.74080 -2.17099
C 76.82460 49.03030 -0.31165
C 75.17130 51.75980 -2.26634
C 80.69710 70.83470 -2.05285
C 78.43000 68.35240 -1.21321
C 75.32990 66.95530 -1.08289
C 72.96320 63.76410 1.27033
C 96.23040 56.09500 -1.40188
C 92.98250 57.31920 -2.39265
C 92.29000 60.46110 -2.60366
C 90.92920 63.23150 -2.87675
C 89.75550 66.22600 -2.68133
C 86.67050 66.44660 -2.78062
C 88.37750 69.46690 -2.16731
C 90.00930 72.16560 -0.85651
C 90.61700 49.17100 -1.99531
C 87.46890 50.66950 -2.02814
C 84.64710 52.29580 -1.82788
C 81.79570 53.48850 -1.53374
C 79.22890 55.24930 -1.80602
C 93.27910 51.14020 -2.09322
C 90.42570 52.38560 -2.15778
C 87.44470 54.00590 -2.19513
C 84.58280 55.43280 -1.92970
C 82.03240 56.79010 -1.94891
C 78.96980 58.58290 -2.01626
C 84.67000 58.54530 -2.13801
C 81.79880 60.12980 -2.35249
C 78.68130 61.69300 -2.10454
C 81.31700 63.32960 -2.57575
C 73.53240 48.64450 -1.70380
C 75.45330 70.51400 -1.63903
C 95.22990 59.67780 -2.07361
C -0.37557 61.88860 -2.33627
C 94.10150 62.67290 -2.55439
C 96.16530 64.97230 -2.82259
C 92.89010 65.70690 -2.82279
C 94.86410 68.23400 -2.96708
C 91.62350 68.88590 -2.70687
C -0.84276 70.87480 -3.12410
C 93.72110 71.32240 -2.73957
H 81.80240 49.20530 1.40540
H 90.11280 47.42400 -0.34037
H 86.75570 49.10370 -0.72531
H 81.21380 52.21930 0.48100
H 78.38680 53.65370 -0.03898
H 75.65620 55.12170 -0.72238
H -0.49832 47.34100 -1.02967
H 75.29910 58.36480 -0.47721
H 95.21800 51.10370 -0.36221
H 92.20650 52.61090 -0.50149
H 75.17380 61.49930 0.17300
H 92.11630 55.66680 -0.78383
H 89.25550 57.08540 -0.83578
H 86.70610 58.78160 -0.72182
H 74.87430 64.60850 -0.15711
H 87.57460 61.66430 -1.34828
H 80.53160 64.88320 -0.87701
H 77.57600 66.32390 -0.28651
H 86.10210 64.68720 -1.57139
H 83.52060 66.60650 -1.28535
H 76.56940 46.76500 0.92824
H 75.07320 50.19220 -0.27222
H 84.59660 71.06790 -1.07864
H 81.97290 69.15200 -1.05739
H 79.06090 70.58400 -0.19856
H 76.28090 69.04030 -0.19663
H 73.43520 70.67590 0.09670
H 94.97810 54.26440 -0.44776
H 94.48810 57.74660 -0.52521
H 91.41820 58.74840 -0.97775
H 90.56450 61.53090 -0.99613
H 89.30100 64.20970 -1.02424
H 88.45670 67.22380 -0.93520
H 90.45210 69.80090 -0.71419
H 87.32430 70.16640 -0.79474
H 84.00110 50.72900 -0.14301
H 92.46350 49.46380 -0.43053
H 89.49050 50.82420 -0.49234
H 86.66740 52.43110 -0.45836
H 83.80620 53.95550 -0.20359
H 81.02390 55.40860 -0.17140
H 78.22080 56.89580 -0.27424
H 89.38280 53.99280 -0.74579
H 86.56780 55.57400 -0.53200
H 83.82520 57.14890 -0.29584
H 80.97280 58.55260 -0.67184
H 77.99380 60.11510 -0.41065
H 83.59080 60.27310 -0.59419
H 80.72690 61.72410 -0.75538
H 77.83790 63.22710 -0.38949
H 83.34070 63.46400 -1.16976
H 73.41870 46.87530 0.00449
H -0.69159 60.25250 -0.51176
H 93.69960 60.98440 -0.63536
H 95.87060 63.33660 -0.97966
H 92.56780 63.92070 -1.14599
H 94.80800 66.35830 -1.34134
H 91.58120 66.93100 -1.16896
H -0.92559 68.94840 -1.49137
H 93.57770 69.36330 -1.21144
H 95.77210 72.08820 -1.49163
C 87.84860 47.28120 0.63211
C 84.95180 48.92320 1.03651
C 82.58430 50.77300 1.95570
C 79.13960 51.91430 1.71556
C 76.29970 53.56900 1.26716
C 93.42610 47.84870 0.99321
C 76.31140 56.68670 1.29248
C 72.97230 57.94000 1.97899
C 76.28390 59.97410 1.40949
C 95.92330 52.82350 1.40144
C 93.04890 54.33940 1.06187
C 90.30350 55.57970 0.85966
C 87.53150 57.27010 0.98604
C 76.37130 63.31270 1.60372
C 89.04080 59.57560 -0.68881
C 85.26090 62.11060 -0.41656
C 78.99670 64.90380 1.06973
C 84.48840 65.02530 0.32441
C 81.38610 66.99440 -0.09000
C 84.29100 68.69900 -0.20644
C 76.66690 49.01200 1.59937
C 75.13340 52.02460 1.43330
C 81.19890 70.23430 0.92380
C 78.51670 68.45960 0.72325
C 75.41520 66.95360 0.76499
C 72.82950 61.76030 0.77700
C 96.24590 56.28710 0.42741
C 92.75420 57.48990 0.84749
C 91.85520 60.37520 0.88351
C 90.97680 63.38680 0.68781
C 90.08890 66.09750 0.58151
C 87.50570 65.44990 0.43476
C 88.73340 68.97620 0.94270
C 90.73910 71.79470 0.77730
C 90.57160 49.24370 1.17440
C 87.51460 50.70700 1.06004
C 84.94640 52.43950 1.31347
C 82.12230 54.02780 1.64383
C 79.19450 55.41060 1.50008
C 93.22450 51.15950 1.20535
C 90.28770 52.53250 1.01196
C 87.68720 54.05120 1.00314
C 84.91100 55.64750 1.22827
C 81.92940 57.29060 1.18861
C 79.25330 58.64460 1.10384
C 84.97350 58.88240 1.00946
C 82.06360 60.29270 0.78802
C 79.06520 61.72780 1.10270
C 81.82790 63.34120 0.70968
C 73.41060 48.94200 1.36357
C 75.52600 70.41460 1.62565
C 95.03150 59.71980 0.98294
C -0.47922 62.16560 0.83344
C 94.06420 62.94820 0.64579
C 96.11580 65.28100 0.45798
C 93.12120 65.79040 0.38742
C 95.17130 68.22680 0.23966
C 92.05930 68.65450 0.64745
C -0.49397 70.81530 0.13259
C 94.16280 71.29530 0.32336
C 96.18470 95.07970 -3.16978
C 93.09590 95.03040 -3.63185
C 89.89410 94.77770 -4.08194
C -0.80388 78.09490 -3.98576
C 93.65030 78.18320 -4.15349
C 89.32040 80.65160 -4.53461
C 86.97830 82.97350 -4.35822
C 86.32350 85.98550 -5.47356
C -1.12812 89.93380 -3.39907
C 93.30730 89.56120 -4.31055
C 86.64640 89.35760 -4.68359
C 91.47310 92.25510 -4.32054
C 73.09520 88.87710 -0.83360
C 83.01050 89.19470 -4.70235
C 78.24190 90.72460 -2.28123
C 84.20450 92.47990 -3.78597
C 86.19970 94.78280 -4.10759
C 82.90710 95.22000 -3.57822
C 89.34350 75.68460 -0.91082
C 86.53090 72.60660 -0.25453
C 83.31470 72.14550 -2.27947
C 86.32220 75.61830 -1.71158
C 86.97320 78.78230 -3.29284
C 83.88060 81.26040 -2.65822
C 83.34570 84.26350 -4.42211
C 81.13410 86.13170 -3.67911
C 79.99910 88.60320 -2.24559
C 76.11020 87.19690 -2.09906
C 72.96670 85.43090 -1.95229
C 95.96590 74.22310 -2.86040
C 92.23960 73.66830 -2.84609
C 93.57450 76.17560 -4.44235
C 95.30900 80.97840 -4.15414
C 92.35140 81.17980 -4.49177
C -0.74951 84.02900 -3.96890
C 93.89870 83.74860 -4.29772
C 90.53360 83.62760 -4.71491
C 95.50130 86.73110 -4.04149
C 92.10780 86.65080 -4.65627
C 88.70820 86.24170 -5.03676
C 90.00620 89.39670 -4.61459
C 87.99450 92.10480 -4.28791
C 75.18690 91.52700 -1.63127
C 72.21600 92.26430 -0.83986
C 80.70240 92.80850 -2.95817
C 77.54960 93.86840 -2.13663
C 74.43470 94.61060 -1.47127
C 83.60790 74.81180 -1.42305
C 80.62860 73.85320 -1.75436
C 77.91370 72.17900 -1.69708
C 83.77240 77.86350 -2.24516
C 80.86240 76.72040 -1.94892
C 77.83720 75.21590 -1.72906
C 75.12660 73.81790 -1.58850
C 80.85880 79.77530 -2.39135
C 78.00240 78.39530 -2.02161
C 75.25870 76.97040 -1.73289
C 80.86660 82.69030 -3.00617
C 78.11090 81.57640 -2.37691
C 75.35260 80.35960 -1.92901
C 72.68490 78.81390 -1.57017
C 78.43480 84.95250 -2.71729
C 75.52200 83.59660 -2.15489
C 72.56590 82.19840 -1.69754
H 96.12880 93.11450 -1.36469
H 93.08410 92.95400 -2.35027
H 91.17450 95.56500 -2.08547
H 88.09110 95.33080 -2.57545
H -0.85804 76.55570 -1.89305
H 95.22750 79.23080 -2.47306
H 92.02180 79.30110 -2.81884
H 89.35910 79.24690 -2.35578
H 87.63070 81.13370 -2.85615
H 85.29330 84.72190 -3.85506
H 87.06380 87.22120 -3.41944
H 94.97290 90.41920 -2.42307
H 91.58020 90.23300 -2.86573
H 88.27990 90.02570 -2.93603
H 85.02860 89.52190 -3.16844
H 89.71300 92.75090 -2.67455
H 78.31020 88.95780 -0.45791
H 75.32420 89.73880 0.19526
H 72.15610 90.63090 0.52273
H 82.29710 90.87920 -3.38165
H 80.21920 91.34680 -1.06084
H 86.38920 92.71110 -2.56784
H 87.31620 74.81260 0.48138
H 84.42870 73.69790 0.64962
H 87.52350 77.39680 -1.22732
H 85.16850 79.44940 -1.71785
H 81.97470 81.53680 -1.09282
H 82.21340 84.55080 -2.15749
H 82.48220 87.71050 -2.68066
H 79.89090 86.43170 -1.52980
H 76.81110 85.22290 -0.79460
H 74.03910 86.90500 -0.91403
H 92.52820 72.27380 -0.76496
H 0.51118 74.26150 -1.59904
H 93.73300 75.11790 -2.06298
H 90.41750 74.30040 0.34044
H 94.38110 95.73810 -1.60230
H -0.91348 82.01340 -2.47041
H 93.70740 81.99980 -2.64122
H 90.62060 81.91980 -2.98951
H 95.10500 84.82460 -2.47932
H 91.99230 84.74980 -3.09717
H 88.69870 84.45670 -3.31939
H -1.05190 87.69200 -2.24858
H 93.51560 87.54580 -2.83481
H 90.19690 87.31980 -3.35562
H 77.26520 92.07150 -0.48655
H 74.38960 92.92710 0.26700
H 82.91760 93.46010 -1.85923
H 79.80720 94.35000 -1.31200
H 76.55520 95.17420 -0.30528
H 81.71840 72.22870 -0.31693
H 84.60540 76.72570 -0.20466
H 81.71030 75.29280 -0.05862
H 78.87560 73.76890 -0.03742
H 76.09930 72.28530 0.02663
H 81.88230 78.40380 -0.61922
H 78.98920 76.95610 -0.32414
H 76.14480 75.50610 -0.03450
H 73.41540 74.01150 0.12736
H 79.19040 80.16830 -0.66281
H 76.26370 78.74080 -0.35127
H 73.50540 77.15310 0.05592
H 79.40110 83.31860 -1.15241
H 76.54650 82.03400 -0.49160
H 73.71570 80.57860 -0.12788
H 73.95700 83.79430 -0.31737
C 95.94260 94.69480 0.10230
C 92.59830 94.54450 -0.29801
C 89.49680 94.35430 -0.82919
C -0.88634 78.21900 -0.80365
C 93.49590 78.59720 -0.84601
C 89.29200 81.42800 -1.06913
C 86.77530 83.29440 -2.34054
C 84.79820 87.01030 -2.78276
C 96.28000 89.37830 -0.36112
C 93.03720 89.20660 -1.10864
C 86.78640 88.78690 -1.52066
C 91.22110 91.77950 -0.95807
C 73.94020 89.25970 1.77922
C 81.71270 89.49970 -1.29516
C 78.77610 90.51910 0.87004
C 84.31430 91.44750 -1.86319
C 86.57850 94.26920 -0.89440
C 83.68940 95.15600 -0.25761
C 89.39870 74.67650 2.09001
C 86.15300 74.51830 2.39009
C 83.67170 71.90780 1.25206
C 86.52620 77.16080 1.12917
C 87.42300 79.85190 -0.77403
C 84.17530 81.64990 -0.71489
C 84.20000 84.56940 -1.38397
C 82.13030 86.45990 -0.60940
C 79.49470 87.26360 0.82710
C 76.33040 87.53510 -0.14930
C 73.56950 85.75180 1.14838
C 95.80660 74.46570 -0.69113
C 92.84870 74.46130 0.39590
C 92.31900 77.07160 -1.49746
C 95.11140 81.10470 -0.87124
C 91.91810 81.22770 -1.16588
C -1.08047 83.85690 -0.78594
C 93.19360 83.91570 -1.20173
C 90.16180 83.90220 -1.67966
C 94.83370 86.66660 -0.94952
C 91.71460 86.66870 -1.56280
C 88.57010 86.32880 -1.74357
C 89.85310 88.98040 -1.49517
C 88.12670 91.60110 -1.12360
C 76.04880 91.69000 1.64134
C 72.93400 92.33280 2.16494
C 81.48640 93.15300 0.10078
C 78.40750 93.95420 0.71773
C 75.20120 94.82560 1.71116
C 83.38530 75.74830 1.64171
C 80.80900 73.57630 1.46531
C 77.94430 72.03950 1.48248
C 84.05120 78.96340 0.52106
C 80.87720 77.20860 1.26714
C 78.12110 75.56140 1.43531
C 75.33720 73.99310 1.68813
C 81.16830 80.34810 0.84479
C 78.22080 78.77910 1.11472
C 75.42070 77.35990 1.51492
C 81.49150 83.65230 0.00781
C 78.54440 82.11090 0.80831
C 75.72770 80.54770 1.25089
C 72.92050 79.01680 1.59221
C 78.95160 85.20940 0.40573
C 75.93130 83.92280 1.08812
C 73.06570 82.34870 1.49030
