2979
Frame 181
C 12.51690 95.27690 -1.86399
C 13.80570 0.81141 -1.52372
C 11.57470 2.49828 -3.02493
C 10.47870 5.98109 -3.62911
C 8.29990 8.89545 -3.58194
C 4.31643 8.43547 -4.54661
C 2.39812 8.24730 -5.42404
C 23.79930 0.41338 -0.12527
C 22.03870 4.18345 0.44163
C 24.88890 5.87183 -1.19335
C 24.46900 11.71780 -0.98384
C 19.52110 0.89200 -1.70345
C 15.87740 -0.99405 -0.25213
C 19.15870 4.15276 -1.65729
C 22.59730 8.69026 -1.27810
C 19.63590 7.27167 -1.57469
C 13.61090 4.57563 -1.55794
C 23.37720 13.37140 -0.45425
C 14.10280 8.11707 -2.40024
C 22.88890 16.37910 -1.25993
C 11.58580 10.39750 -2.60204
C 22.73010 19.65760 -1.05507
C 12.52910 13.36730 -2.23504
C 9.29893 12.41020 -2.66568
C 22.83690 22.82940 -0.74031
C 14.56270 17.72420 -1.36620
C 11.08350 16.05320 -0.96407
C 14.37520 21.28620 -0.36349
C 20.36510 -1.04390 -1.42704
C 5.48139 10.38530 -2.35939
C 6.43607 13.94330 -2.09240
C 3.30603 13.99030 -2.63642
C 7.95974 16.56070 -1.47146
C 1.91639 17.08980 -2.83457
C 9.45777 19.10050 -1.26554
C 11.03270 21.77600 -1.11090
C 9.17959 94.95110 -2.87876
C 10.66220 0.54244 -2.71442
C 7.26887 0.01507 -3.49292
C 3.83992 -0.32924 -3.73244
C 8.55112 2.78461 -3.71869
C 5.35024 2.49554 -4.12221
C 1.91034 2.29192 -4.08639
C 6.94206 5.24138 -4.55909
C 3.23751 5.05342 -4.67330
C 16.48850 2.60556 -1.78174
C 16.65110 6.01140 -1.78432
C 20.35490 11.04120 -0.42347
C 17.28790 9.36633 -1.68355
C 20.42780 14.48060 -1.06767
C 17.58480 12.63540 -1.33993
C 14.76580 11.38530 -1.96543
C 20.11150 17.88100 -0.97560
C 17.61080 16.08780 -1.13886
C 14.92480 14.69650 -1.50172
C 20.12030 21.16070 -0.72789
C 17.34250 19.50020 -0.87628
C 4.89599 16.86040 -2.03813
C 6.34015 19.40880 -1.52149
C 3.27680 19.73230 -1.96231
C 8.00436 22.03440 -1.21163
C 4.88169 22.24910 -1.53068
C 1.69296 22.44900 -1.99591
H 13.26440 -0.89136 0.27052
H 11.62620 1.60853 -0.70518
H 9.93207 4.05106 -2.11512
H 8.17689 6.59648 -2.81669
H 1.77193 6.06349 -2.84057
H 3.54780 8.80778 -2.07279
H 22.61230 1.91942 1.56126
H 24.50090 4.14359 0.59545
H 22.85860 6.62114 0.22905
H 24.31190 9.58129 0.45987
H 24.96340 15.34350 0.01270
H 20.00700 2.64352 0.21068
H 17.28670 1.06619 -0.30532
H 20.02070 5.61560 0.29359
H 14.56290 2.72157 -0.13420
H 14.81320 6.36726 -0.71096
H 21.21840 13.03400 0.87382
H 12.23800 8.28019 -1.23131
H 23.71840 17.95610 0.66207
H 21.15910 16.23620 0.56554
H 9.70471 10.54010 -0.84421
H 23.72290 21.00390 0.76784
H 10.25350 13.69120 -1.10946
H 12.85000 17.75900 -0.17089
H 9.39541 17.31050 0.37635
H 21.92200 -0.99259 0.44032
H 1.15710 12.53890 -2.97248
H 6.99084 12.00970 -1.41274
H 3.74105 11.93400 -1.20931
H 7.58860 14.65860 0.17953
H 6.18070 17.46470 -0.00846
H 11.00940 19.89590 0.76974
H 7.84133 20.08960 0.32836
H 10.37310 96.02090 -1.05962
H 7.15394 95.68470 -1.70138
H 3.95828 95.30310 -1.95124
H 0.73931 94.97800 -2.21530
H 8.51582 1.21306 -1.81304
H 5.33438 0.89346 -2.27225
H 2.13811 0.62095 -2.27568
H 6.69406 3.82945 -2.51532
H 3.59104 3.49030 -2.73701
H 4.96126 6.28382 -3.30268
H 17.28490 4.28393 -0.06975
H 20.56890 8.67837 0.26910
H 17.68210 7.52299 -0.08462
H 17.92470 10.77540 0.31346
H 15.12150 9.46382 -0.51043
H 18.28530 14.44070 0.25207
H 15.47490 12.79340 -0.05256
H 12.67980 11.49040 -0.66419
H 21.01910 19.44090 0.68990
H 18.33560 17.73560 0.65117
H 15.59310 16.12270 0.37616
H 12.89590 14.58600 -0.12507
H 18.28380 20.97230 0.94073
H 15.59030 19.28620 0.34071
H 4.53747 14.85800 -0.70873
H 1.47090 15.10230 -1.41977
H 3.02673 17.70400 -0.71213
H 4.64775 20.33380 -0.01793
H 1.41303 20.45310 -0.53869
C 11.42730 95.55020 1.19559
C 13.06970 1.39268 1.30838
C 11.09360 3.77949 0.12552
C 10.48950 6.45466 -1.66660
C 8.07899 8.87621 -1.56701
C 3.85071 7.52802 -0.17512
C 1.47513 7.99076 -3.24747
C 23.62800 0.22398 1.68715
C 23.71580 2.89090 3.65906
C 24.28170 5.96329 2.34379
C 24.58750 11.58600 2.06450
C 18.87450 0.84085 1.77819
C 15.20270 96.06660 1.76311
C 18.75320 4.12384 1.91037
C 22.46130 8.53057 1.92963
C 19.20210 7.40764 1.88131
C 13.12610 4.60613 0.25783
C 22.81500 12.43830 2.73152
C 13.71420 7.93036 0.90244
C 23.13950 15.75320 1.94647
C 11.09860 9.92792 0.60228
C 22.70220 19.53410 2.46561
C 11.55160 12.88290 0.98545
C 8.66154 12.41640 0.48564
C 23.04720 22.65950 2.38951
C 14.40240 17.66890 1.91039
C 11.40430 16.01830 1.14276
C 14.22420 21.02330 1.45477
C 19.86270 96.20380 1.57508
C 5.47227 11.67670 0.60945
C 5.56250 13.59950 1.12919
C 2.65568 13.65970 0.26369
C 7.51442 16.23190 1.73666
C 1.09938 16.66050 0.40776
C 8.99170 18.90160 2.21483
C 10.98240 21.60740 2.17975
C 8.53175 95.08670 0.25588
C 9.70648 0.70556 0.30472
C 6.73255 0.29708 -0.35716
C 3.78515 -0.03386 -0.56330
C 8.15587 3.31526 -0.58016
C 5.07863 2.89122 -0.87266
C 2.12070 2.65318 -0.94436
C 6.69688 5.99148 -1.26048
C 3.63307 5.56521 -1.22140
C 16.02700 2.69613 1.41934
C 16.26240 6.04546 1.27039
C 20.09220 10.83370 1.47981
C 16.72700 9.27096 1.44795
C 20.09720 14.44710 2.09671
C 17.18420 12.72360 1.73089
C 14.25330 11.05670 1.18465
C 20.15570 17.72920 2.26770
C 17.36610 15.95450 2.04914
C 14.54060 14.33480 1.67148
C 20.20870 20.88870 2.46106
C 17.11870 19.21470 2.25597
C 4.22189 16.52020 1.08030
C 5.98479 19.23300 1.70695
C 2.79465 19.30910 1.13568
C 7.76404 21.94830 1.95996
C 4.54544 22.12530 1.66016
C 1.25264 22.20090 1.14529
C 22.25500 26.00810 -0.82734
C 19.74700 28.05090 -0.26462
C 14.92200 24.76760 -0.39032
C 18.46710 29.40630 -1.22725
C 22.56900 29.07050 -0.69754
C 24.02770 31.60030 -1.75817
C 23.37760 35.37370 -2.06561
C 25.55800 45.75390 -2.91085
C 21.99280 44.30840 -1.58696
C 20.84860 31.57120 0.94831
C 18.88830 32.71860 -1.64360
C 14.76150 27.91630 -1.80830
C 19.33730 34.71770 -1.56854
C 12.72160 34.21190 -1.59432
C 20.21440 38.05520 -1.61690
C 10.47390 36.26810 -1.35071
C 21.29290 41.30990 -1.75011
C 18.13320 40.79840 -1.54648
C 8.50830 38.73850 -1.63418
C 4.12380 38.56560 -2.54470
C 16.09250 43.26000 -1.54810
C 2.62910 42.10790 -2.25595
C 13.98490 45.43740 -1.77212
C 5.02260 43.84470 -2.54370
C 2.73763 46.48300 -2.77410
C 12.90910 24.38530 -0.96448
C 11.72570 27.58200 -0.77719
C 12.18600 31.04910 -1.55880
C 9.56004 30.15050 -1.08531
C 9.24787 33.12120 0.25103
C 5.46543 33.27200 -0.83348
C 7.42502 35.84640 0.48328
C 1.31865 35.99330 -1.12656
C 20.12800 24.38840 -0.40347
C 17.52870 22.81190 -0.53453
C 17.62070 26.12170 -0.06719
C 15.85390 34.47420 -1.87085
C 17.08580 37.70300 -1.74567
C 13.78520 37.09800 -1.69409
C 14.88220 40.20910 -1.69594
C 11.67170 39.45260 -1.72608
C 12.79120 42.48200 -1.71457
C 9.68284 41.82680 -1.84280
C 6.55579 41.17530 -2.15433
C 10.86280 44.96570 -1.93975
C 7.84145 44.37940 -2.12753
C 5.74097 47.06860 -2.23477
C 9.74021 24.68810 -1.14012
C 6.40728 24.90560 -1.29539
C 3.21353 25.10720 -1.54240
C 8.06300 27.56870 -1.13031
C 4.80644 27.71300 -1.17834
C 1.63044 27.92910 -1.36235
C 6.51178 30.25300 -1.00179
C 3.52632 30.50640 -1.06016
C 2.32243 33.25450 -0.96805
H 0.75787 42.42700 -0.47633
H 23.70780 24.19750 0.33702
H 21.15710 25.80410 1.38871
H 15.65200 22.90560 0.98986
H 18.47760 27.52380 1.87312
H 15.73500 26.06240 1.77601
H 16.33190 28.34680 -0.40194
H 23.80520 27.36920 0.55659
H 24.20130 30.50690 0.52248
H 21.23590 29.12230 1.48808
H 23.70440 40.54120 -1.96610
H 24.41910 43.65510 -1.98681
H 22.32540 42.55510 0.15479
H 20.14110 44.86560 0.15821
H 19.47160 33.65560 0.80932
H 16.63970 33.01350 -0.51913
H 13.58510 32.49200 0.05031
H 20.65340 36.49710 -0.17883
H 11.25510 34.58160 0.34959
H 21.42190 39.56970 0.06024
H 8.77105 37.16580 0.34923
H 19.34130 41.96310 -0.12893
H 6.57689 39.60760 -0.02390
H 2.44463 39.79470 -1.26213
H 17.27420 44.33070 -0.23720
H 4.69290 42.09520 -0.82987
H 15.24500 46.76050 -0.14547
H 2.91285 44.45580 -1.29511
H 12.57780 22.55200 0.57151
H 9.52887 22.84940 0.51193
H 11.27760 25.52610 0.57981
H 13.28930 29.50700 -0.30760
H 10.89950 31.38320 0.55862
H 8.10056 31.01760 0.73262
H 6.92718 33.99120 0.58913
H 3.77411 34.06250 0.95817
H 0.64836 34.24230 0.50698
H 2.46082 37.01860 0.29964
H 21.05150 22.61160 0.97254
H 18.37590 24.25340 1.31976
H 23.14080 45.18620 0.37621
H 17.42210 35.95890 -0.46662
H 14.30430 35.32100 -0.09623
H 18.43880 38.85050 0.00604
H 15.23160 38.35300 -0.12518
H 12.00860 37.68420 -0.05116
H 16.23600 41.35040 0.06384
H 13.07490 40.69920 -0.11113
H 9.89442 40.10100 -0.06827
H 14.13820 43.70940 -0.04357
H 10.98030 43.20150 -0.20509
H 7.79966 42.57790 -0.49787
H 12.16270 46.27710 -0.30649
H 9.04605 45.69770 -0.47908
H 5.97089 45.14340 -0.70989
H 6.32790 23.01700 0.28024
H 3.13772 23.13530 -0.09614
H 8.04505 25.66380 0.37535
H 4.73835 25.76810 0.24218
H 1.50283 25.92140 0.03869
H 9.75452 28.34360 0.56748
H 6.43468 28.35430 0.50773
H 3.19778 28.58990 0.44313
H 5.08078 31.29780 0.69420
H 1.90360 31.41590 0.52624
C 23.08150 25.82690 2.40755
C 20.14290 27.37350 3.11803
C 14.54170 24.09090 2.86533
C 16.14020 28.60620 2.22502
C 23.29070 29.03320 2.39309
C 23.14410 32.34460 1.38471
C 22.94290 35.48570 -0.08650
C 24.63330 43.24770 0.54110
C 21.74860 44.06920 2.06528
C 20.27240 30.95290 2.79971
C 17.32290 33.09070 2.00077
C 15.42000 30.82720 -0.40686
C 20.34100 35.09080 2.13153
C 13.18210 34.23120 1.83738
C 20.11440 38.13880 1.69650
C 10.74610 36.56360 1.80667
C 21.01230 41.24680 1.82186
C 17.96800 40.61240 1.68539
C 8.47650 38.91180 1.72105
C 4.45021 38.27340 -0.46955
C 15.87470 43.22530 1.58909
C 2.83587 41.33440 0.71036
C 13.74970 45.58650 1.46691
C 4.39362 43.95580 0.73777
C 2.20341 46.11740 0.58586
C 12.68100 24.23350 2.23603
C 12.11430 27.82340 1.12819
C 12.90020 30.80140 1.80880
C 9.79320 30.04570 2.28043
C 10.10040 33.20960 2.00696
C 5.48354 32.99070 2.45564
C 4.20823 35.80360 1.80264
C 0.81783 36.12360 2.02989
C 20.23650 24.00830 2.82996
C 17.31570 22.47660 2.68233
C 17.44200 25.56770 3.26872
C 16.24380 34.66760 1.34332
C 16.95790 37.55090 1.44429
C 13.83080 37.12050 1.50456
C 14.75620 40.10550 1.59013
C 11.62570 39.57280 1.55680
C 12.62130 42.48900 1.49261
C 9.38665 42.08920 1.32798
C 6.17334 41.42380 1.12032
C 10.65080 45.14450 1.29378
C 7.53316 44.49110 1.02035
C 5.45147 46.84040 0.95316
C 9.67365 24.81460 2.06778
C 6.28064 24.82100 1.90452
C 2.97340 24.84990 1.63935
C 8.04053 27.45350 2.08681
C 4.70278 27.50820 1.99789
C 1.42960 27.55330 1.81990
C 6.45855 30.04030 2.27665
C 3.31886 30.35780 2.15590
C 1.89369 33.10500 2.30406
C 20.08300 46.94810 -1.44833
C 17.08760 46.37920 -1.76552
C 14.98640 48.62250 -1.78447
C 16.34130 52.31620 -1.35220
C 13.82150 55.53430 -0.97079
C 16.79760 56.56970 -3.27887
C 19.93130 58.01940 -1.61001
C 21.48040 60.91460 -1.23049
C 23.55100 63.45600 -1.05978
C 18.65940 60.97760 -1.71211
C 16.14210 59.52170 -1.63689
C 13.35610 58.11990 -1.58568
C 10.13000 56.39270 -0.42684
C 22.03260 66.07800 -1.30379
C 19.69110 64.03760 -0.81878
C 10.25340 59.90830 -1.05266
C 22.88730 69.20060 -1.39815
C 10.96800 63.26970 -2.17141
C 11.12720 66.54320 -2.77708
C 8.65831 68.57090 -3.32929
C 13.71350 48.22740 -3.34538
C 6.75001 50.02470 -1.87151
C 3.61953 49.40260 -2.18380
C 10.90810 53.64180 -1.40808
C 7.77407 52.97340 -1.75405
C 4.59217 52.36700 -1.89636
C 1.47020 51.80990 -2.00626
C 6.94897 55.75480 -0.29758
C 8.27677 57.68410 1.78081
C 6.89039 60.22210 -1.67874
C 8.91757 62.76740 -2.10419
C 7.73389 65.66400 -2.70360
C 6.55175 68.55440 -3.50045
C 23.05530 47.03690 -1.19652
C 21.44250 49.69400 -1.10579
C 17.71880 49.65760 -0.50871
C 22.98040 52.55960 -0.95711
C 19.67590 52.41750 -1.13181
C 21.18670 55.21740 -1.03644
C 23.08680 57.87360 -1.01239
C 16.29340 63.28680 -2.05991
C 13.63010 61.34530 -1.33822
C 19.74730 67.71200 -1.88014
C 16.90050 66.24160 -2.11232
C 13.75540 64.97130 -2.30577
C 17.24460 69.45160 -2.53583
C 14.28620 68.04820 -2.77626
C 11.74750 69.76660 -3.38269
C 11.91080 48.18580 -1.85141
C 8.84063 47.62450 -1.96413
C 9.83355 50.70430 -1.67330
C 3.02237 55.12680 -1.07299
C 5.01307 58.03760 -1.48487
C 1.75210 58.34360 -2.07942
C 3.66771 60.94320 -2.08581
C 5.80140 63.26240 -2.28267
C 2.59321 63.89740 -2.56505
C 4.60220 66.21880 -2.95245
C 1.37581 66.96730 -3.13273
C 3.45024 69.24340 -3.60380
H 1.72840 49.78500 -0.44261
H 18.28150 47.34590 0.17982
H 15.96570 50.91470 0.63202
H 15.18390 53.86330 0.22125
H 15.72900 57.06840 -1.44900
H 21.29700 58.94800 0.28125
H 18.14650 58.98700 -0.24499
H 23.00050 61.66290 0.57012
H 14.19370 56.62510 1.20387
H 11.95040 54.87130 0.45820
H 21.77150 64.33230 0.40685
H 19.73820 61.84530 0.25867
H 16.63670 61.52480 -0.42091
H 14.44320 59.47980 0.14997
H 11.64970 58.13410 0.01822
H 23.08570 67.35970 0.34880
H 11.63720 61.86070 -0.50696
H 11.85040 65.18030 -0.72380
H 9.34681 67.06740 -1.51415
H 9.77980 70.32740 -1.99884
H 13.23540 49.32930 -0.05464
H 3.84175 47.44900 -0.75127
H 11.13440 51.72980 0.33090
H 7.99874 51.15470 -0.08601
H 4.85773 50.45860 -0.32290
H 8.92406 54.26920 -0.03946
H 5.92480 53.48500 -0.17527
H 2.83076 52.81540 -0.14487
H 6.96748 55.30720 2.23952
H 6.45271 58.90550 0.51834
H 8.47754 61.36000 -0.16211
H 7.43206 64.21970 -0.69839
H 6.25520 67.16780 -1.51179
H 5.27410 70.20620 -2.21178
H 24.66770 47.79090 0.44760
H 21.43910 47.79270 0.43768
H 22.95660 50.61660 0.58948
H 19.79380 50.52000 0.51008
H 21.25290 53.33270 0.60642
H 18.13420 53.13730 0.16289
H 22.83570 56.09430 0.67476
H 19.59590 56.03170 0.08751
H 20.01160 66.25910 0.01507
H 17.41810 64.63930 -0.30351
H 14.44440 63.52720 -0.45412
H 20.63900 69.33440 -0.29950
H 17.65960 68.00880 -0.61524
H 14.84820 66.57970 -0.87767
H 15.17580 69.74980 -1.25831
H 12.28770 68.33720 -1.41479
H 10.08190 48.73740 -0.18066
H 6.99544 48.10200 -0.44138
H 4.62174 56.35620 0.31031
H 1.32508 56.85190 -0.59325
H 3.30248 59.27890 -0.29056
H 5.31940 61.69480 -0.45788
H 2.17639 62.33320 -0.67177
H 4.27967 64.71640 -0.99575
H 1.15748 65.38520 -1.26820
H 3.19850 67.77600 -1.68806
H 2.07821 70.72080 -2.20207
C 19.88270 46.72140 2.00310
C 16.73150 46.07140 1.64243
C 14.81890 48.78590 1.28739
C 16.42950 52.49570 1.97810
C 13.76380 54.32520 2.05809
C 17.10540 55.34780 -0.16853
C 19.41530 58.07650 1.69202
C 21.18960 60.78180 1.94392
C 23.36300 63.58080 2.07451
C 17.92560 60.72180 1.51020
C 16.19250 57.94980 0.89870
C 13.09610 58.66230 2.04063
C 11.81540 56.75790 2.06729
C 21.56570 66.25400 1.86734
C 19.44250 64.14300 0.97512
C 10.40070 60.16890 0.75394
C 22.17380 69.32590 1.61674
C 11.00120 63.56210 1.00279
C 11.05760 67.02540 0.34952
C 8.71082 69.04070 -0.19351
C 13.71180 51.80020 0.29818
C 6.53223 49.76930 1.30521
C 3.19436 49.11070 0.99519
C 10.39170 53.65990 1.88828
C 7.57803 52.88010 1.58136
C 4.34886 52.19360 1.39302
C 1.13658 51.59350 1.25506
C 4.96839 55.19010 2.59860
C 7.68906 57.32840 3.65937
C 6.68362 60.78550 1.49888
C 8.80236 63.31320 1.21732
C 7.69956 66.13960 0.21626
C 6.66012 69.22700 -0.37271
C 23.04060 46.93750 2.05098
C 21.35890 49.58540 2.15491
C 17.79650 49.45330 1.43001
C 22.89870 52.47170 2.21767
C 19.56150 52.40140 2.12055
C 21.04190 55.25000 2.16649
C 22.64470 58.04320 2.17873
C 16.13390 63.26830 1.27179
C 13.66180 61.62420 0.88768
C 19.17820 68.09310 1.26890
C 16.51730 66.48960 0.92582
C 13.67590 65.35630 0.92871
C 16.71300 69.85810 0.61700
C 13.93000 68.46240 0.41526
C 11.57770 70.36590 -0.29471
C 11.73810 47.95350 1.48066
C 8.63918 47.40670 1.22769
C 9.81067 50.49260 1.58509
C 2.50804 55.09190 0.70528
C 4.29264 58.21600 1.78740
C 1.33449 58.39680 0.99111
C 3.45907 61.22520 1.15022
C 5.55322 63.73420 0.88524
C 2.44371 64.39730 0.58509
C 4.53952 66.90070 0.14692
C 1.45054 67.41050 0.03222
C 3.56856 69.86440 -0.43339
C 9.48738 89.30650 -2.41461
C 11.05470 92.36250 -2.24928
C 7.73735 92.12480 -3.01840
C 4.45535 91.59390 -3.38368
C 1.19994 91.36750 -3.68435
C 4.57531 74.60710 -4.52310
C 9.75475 77.52410 -3.93613
C 6.54594 77.47140 -4.47012
C 3.36132 77.58080 -4.86570
C 13.57380 83.22150 -5.00433
C 10.16630 87.39640 -2.40343
C 6.45610 89.10220 -3.16129
C 3.08619 88.92810 -3.64305
C 22.95740 79.85690 -1.15130
C 19.74650 80.86330 -1.71935
C 16.88460 82.86800 -2.85252
C 13.17260 85.07360 -5.71152
C 13.32690 86.74340 -2.64308
C 12.61670 89.76220 -2.11610
C 14.82480 92.29820 -1.60552
C 17.44090 94.12690 -1.49324
C 23.11020 94.86170 -1.16706
C 23.34030 72.63610 -1.36642
C 23.63660 76.13900 -0.53819
C 21.04090 77.55350 -1.90159
C 9.13057 71.57290 -4.06089
C 15.36930 77.86970 -3.76013
C 12.74850 76.24250 -4.45860
C 8.30154 74.59110 -3.83336
C 15.58750 81.21650 -3.17759
C 5.61026 71.73230 -4.17306
C 2.32676 72.43850 -3.96152
C 5.78014 94.61300 -3.41805
C 2.58237 94.17860 -3.64422
C 7.93861 80.32800 -4.43881
C 4.72799 80.49210 -4.66776
C 1.54058 80.47740 -4.89381
C 9.95483 83.68630 -3.76114
C 6.16272 83.24470 -4.39656
C 2.99948 83.35440 -4.52678
C 7.62511 85.97080 -4.02679
C 4.62775 86.18610 -4.04228
C 1.36446 86.08720 -4.10774
C 22.23160 82.96850 -1.34126
C 19.59130 84.59310 -2.09614
C 16.50470 85.78640 -2.48176
C 21.89570 86.39740 -1.46529
C 18.89320 87.86780 -1.88980
C 15.79180 89.00420 -2.24453
C 24.31280 88.40750 -0.84035
C 21.21410 89.77730 -1.35663
C 18.14970 91.14720 -1.66148
C 23.72000 91.67680 -1.02133
C 20.64300 92.97160 -1.39183
C 20.24930 70.92550 -2.13504
C 20.60580 74.14830 -2.29476
C 17.72190 72.65780 -2.88260
C 14.82770 71.19850 -3.18216
C 18.00550 75.93140 -3.06889
C 15.31620 74.31450 -3.74572
C 12.09410 72.88490 -4.23250
C 18.38410 79.47890 -2.70549
H 10.64330 90.51580 -0.70378
H 7.54294 90.35730 -1.37216
H 12.08710 93.41730 -0.15946
H 5.79028 92.85220 -1.72137
H 2.62504 92.37220 -1.95461
H 6.23449 75.70550 -3.01060
H 3.09681 75.91020 -3.09634
H 7.96961 78.56900 -2.60519
H 9.54486 81.34730 -2.66838
H 12.19410 82.74900 -2.89720
H 8.64451 87.85640 -0.52180
H 4.47881 89.65990 -1.75927
H 1.27359 89.45000 -2.05909
H 22.27220 77.99450 0.20041
H 21.44240 81.24230 0.29066
H 18.45440 82.72610 -0.89744
H 15.62470 83.97980 -0.88224
H 14.21490 85.26240 -3.38118
H 12.01150 87.67980 -0.80613
H 14.20220 90.14620 -0.66694
H 16.72560 92.22740 0.11589
H 14.85690 94.28290 -1.46071
H 19.44310 94.30470 -0.10219
H 23.67620 70.64970 0.12714
H 23.78990 74.00940 0.70780
H 21.26590 75.59990 -0.43055
H 18.68950 77.39010 -1.39264
H 13.04970 74.75320 -3.04607
H 10.13750 73.38910 -2.76619
H 7.33636 72.57260 -2.71461
H 16.04990 79.23370 -1.67612
H 13.09930 78.00030 -2.40350
H 4.24123 73.09310 -2.63142
H 8.99689 93.15800 -1.17204
H 4.78357 78.59430 -3.09661
H 1.48643 78.40360 -3.54884
H 6.25427 81.32050 -2.86802
H 3.02233 81.30880 -3.13996
H 7.73055 84.23600 -2.74786
H 4.51424 84.07040 -2.75119
H 1.34763 84.00850 -2.85902
H 6.07701 86.88260 -2.15531
H 2.94086 86.79600 -2.39004
H 24.41390 80.04030 0.82805
H 23.77910 83.32780 0.56280
H 20.97450 84.61220 -0.00672
H 18.07860 85.88030 -0.62819
H 15.10540 87.05640 -0.90314
H 23.32330 86.60370 0.51895
H 20.46210 87.82110 0.01021
H 17.43000 89.13000 -0.35297
H 22.87840 89.90120 0.51158
H 19.82430 91.09870 0.16861
H 22.39100 93.14780 0.46691
H 21.05730 72.55130 -0.47035
H 18.08760 71.12070 -0.98351
H 18.39330 74.30250 -1.18858
H 15.61170 72.94980 -1.65474
H 12.66510 71.63940 -2.11740
H 15.72260 76.09500 -2.07827
C 8.75773 89.95820 0.74364
C 10.40950 92.48510 0.81476
C 7.19899 92.16810 0.17613
C 4.26839 91.61890 -0.24284
C 1.23696 91.18450 -0.29408
C 4.55879 75.12180 -1.29615
C 9.64428 77.96510 -0.80084
C 6.30924 77.65850 -1.30859
C 2.94977 77.90830 -1.66814
C 11.95170 80.24150 -2.46904
C 10.11230 87.20400 0.94228
C 6.25896 88.57500 -0.38931
C 2.86994 88.35880 -0.47508
C 22.29440 79.61700 1.98700
C 19.18710 80.55110 0.23073
C 16.38700 82.14080 0.59975
C 13.35040 83.47490 -1.62848
C 13.12650 86.16130 0.42213
C 12.28130 89.57420 0.85728
C 14.30360 92.46380 0.36391
C 17.43720 93.85530 1.55738
C 22.73130 94.80870 2.22383
C 22.58540 72.52020 1.57228
C 22.54590 75.98780 1.59360
C 19.97320 77.34960 0.71596
C 9.06841 72.05140 -0.92937
C 14.18470 77.58710 -0.78566
C 10.83440 76.89230 -2.16150
C 8.26471 74.77820 -2.01470
C 14.90190 80.73350 0.00859
C 5.76238 72.29210 -0.87710
C 2.55340 72.77670 -0.77524
C 5.55171 94.71900 -0.17874
C 2.35693 94.28880 -0.42911
C 8.06371 80.70290 -1.17102
C 4.51363 80.39560 -1.42766
C 1.39341 80.04770 -1.81924
C 10.03330 83.75980 -1.86090
C 6.14570 83.05240 -1.19509
C 2.91383 82.92460 -1.30920
C 7.61932 85.63770 -0.67173
C 4.46898 85.63380 -0.82491
C 1.37889 85.59340 -0.98016
C 21.56570 82.83620 1.70958
C 18.75670 84.18250 1.07521
C 16.09310 85.69760 0.89723
C 21.22030 86.28240 1.79698
C 18.37700 87.47590 1.24320
C 15.36810 88.64310 0.94902
C 23.58960 88.29620 2.23328
C 20.77290 89.51170 1.82012
C 17.82770 90.56700 1.62318
C 23.31600 91.66330 2.18475
C 20.29450 92.88410 1.81517
C 19.56450 71.19190 0.95375
C 19.76930 74.18470 0.83555
C 17.04580 72.92800 0.32502
C 14.15690 71.65250 -0.15565
C 17.00260 76.05680 -0.05624
C 14.23400 74.71640 -0.75930
C 11.82690 73.72810 -1.07654
C 17.07390 78.18240 0.40719
C 38.37740 0.11346 1.41899
C 36.49870 -0.04658 0.55251
C 39.56590 2.94000 1.76883
C 48.07940 9.21998 1.95386
C 45.00570 8.81733 1.86535
C 41.91710 8.25707 1.63696
C 42.75420 11.33800 1.27033
C 33.60560 -0.61464 1.70486
C 27.58360 0.30074 -0.34027
C 35.71000 2.82986 1.80817
C 37.40220 5.54058 1.20154
C 38.90950 8.23045 1.06628
C 25.95000 8.74261 -0.80079
C 40.64240 10.88930 0.88065
C 39.55520 13.82110 0.05166
C 26.52670 14.36720 -1.20189
C 28.09740 17.19240 -0.98671
C 36.49840 19.86430 -0.54561
C 33.05260 19.97160 -0.58387
C 29.80190 19.89990 -0.79192
C 25.89220 20.47370 -0.38890
C 49.15290 10.83420 1.33293
C 45.87240 11.94890 1.84055
C 42.87590 13.56990 -1.87148
C 42.42370 17.07920 -1.10293
C 39.74730 19.73460 -1.36891
C 40.05990 21.91380 -1.18662
C 47.37860 1.05655 3.19888
C 44.41680 0.58002 2.98065
C 41.50940 0.43018 2.29807
C 48.69980 3.83416 2.88180
C 45.64930 3.49325 2.83081
C 42.57450 3.14398 2.44327
C 46.90790 6.38044 2.41832
C 43.82290 5.88570 2.27534
C 40.70100 5.59262 1.82534
C 30.65360 0.03325 0.59818
C 32.47570 2.81273 0.79328
C 29.35120 2.97313 0.00187
C 26.25450 2.84721 -0.66370
C 34.09170 5.62625 0.72319
C 30.94900 5.76923 0.14728
C 27.79540 5.84391 -0.49419
C 35.70640 8.25884 0.49396
C 32.58260 8.38607 0.13043
C 29.31440 8.56843 -0.36615
C 37.52640 11.12580 0.39268
C 34.37050 11.07580 0.00225
C 31.14610 11.16780 -0.50199
C 27.79260 11.36130 -0.81430
C 35.96610 13.77680 -0.32279
C 32.81940 14.04160 -0.48733
C 29.73470 14.21100 -0.78563
C 37.89340 16.46040 -0.58813
C 34.59160 16.78950 -0.75216
C 31.39770 16.98370 -0.69194
C 48.85440 13.82430 0.43785
C 45.82880 15.14740 0.01187
C 48.65980 16.88550 -0.41985
C 45.78400 18.54610 -0.93273
C 42.79720 20.51360 -1.44884
C 48.61560 20.13480 -1.14010
C 45.61430 21.75220 -1.63047
H 36.46370 0.76319 2.86169
H 40.67830 4.00502 3.64797
H 37.61260 3.82742 3.01759
H 48.42840 7.66268 3.95989
H 41.94770 6.77744 3.56009
H 46.40330 10.10740 3.38124
H 43.15920 9.75265 3.20436
H 30.34120 95.66920 2.46660
H 27.51060 95.71010 1.12960
H 32.01300 1.12567 2.49291
H 25.74330 1.17103 1.04325
H 33.69370 4.06733 2.60466
H 38.77560 6.62449 2.92113
H 35.57080 6.65859 2.41949
H 40.14240 9.41821 2.79234
H 38.94740 12.26990 2.03315
H 26.26450 12.50150 0.45562
H 40.58110 15.24130 1.30232
H 37.53470 14.80010 1.21082
H 36.28230 17.76820 0.86889
H 26.63490 18.10790 0.35897
H 34.44600 20.82590 0.79365
H 31.30210 20.50960 1.23801
H 28.27700 20.86280 0.51597
H 48.04010 12.72140 2.47501
H 45.06430 14.32500 2.29132
H 43.33180 14.83960 -0.25611
H 41.71990 19.12960 -0.16274
H 39.26420 20.74100 0.96570
H 24.47480 95.54590 0.70070
H 47.43600 -0.62446 4.89556
H 44.40360 -1.13711 4.73599
H 41.40440 95.83640 3.86245
H 38.46390 95.52860 2.81686
H 48.76260 2.29093 4.80772
H 45.61600 1.88517 4.66937
H 42.57690 1.48200 4.17313
H 39.49490 1.14728 3.43477
H 47.01460 4.83379 4.33946
H 43.81250 4.35009 4.13818
H 45.10090 7.27475 3.82302
H 28.85200 1.22598 1.63094
H 30.57490 4.02993 1.89337
H 27.48460 4.03718 1.13731
H 32.29610 6.76712 1.96805
H 29.10980 6.81258 1.40724
H 25.97650 6.83505 0.81715
H 37.10950 9.40402 2.15865
H 34.01680 9.45309 1.79788
H 30.83500 9.55365 1.37650
H 27.54910 9.61313 0.97017
H 35.74530 12.26840 1.63650
H 32.59460 12.25580 1.19786
H 29.44540 12.35180 0.79861
H 34.42300 15.10320 1.06999
H 31.19950 15.13660 0.98628
H 28.01940 15.23850 0.63606
H 33.07050 17.91230 0.85643
H 29.69930 17.96560 0.81657
H 47.73050 15.77150 1.47207
H 44.86190 17.29070 1.07789
H 47.61320 18.85820 0.72168
H 44.66150 20.42960 0.26287
H 41.99920 22.26210 0.18512
H 47.44720 21.96510 -0.04505
C 37.82230 -0.22887 4.57875
C 34.73010 -0.57842 3.59249
C 38.88450 3.00932 4.95800
C 48.08110 9.92050 5.08380
C 44.77880 9.41299 5.04811
C 41.43410 8.77659 4.77172
C 42.37140 11.81150 4.31969
C 33.21620 0.53897 4.62388
C 27.02780 0.08951 2.82962
C 35.45530 2.76183 3.71360
C 36.97390 5.79388 4.34666
C 38.30380 8.62483 4.16831
C 25.76210 8.69251 2.41947
C 40.23730 11.50480 4.03380
C 39.00310 14.50080 3.19965
C 26.24750 14.32240 2.08163
C 27.98220 17.03590 2.34877
C 36.87450 20.26050 1.41625
C 33.16720 19.65990 2.70465
C 29.34010 19.68900 2.60911
C 25.97530 20.37100 1.55168
C 48.99280 11.69820 4.53530
C 45.91680 12.42820 3.70519
C 42.71290 14.26170 2.28290
C 42.42400 16.97180 0.90085
C 40.63040 19.30080 2.14418
C 40.37170 22.78520 1.96875
C 47.19600 1.28000 6.39034
C 43.92020 0.80704 6.08009
C 40.82890 0.37293 5.36348
C 48.71060 4.41096 6.06900
C 45.34740 3.93040 5.95918
C 42.05450 3.42043 5.54361
C 46.84740 7.01401 5.58907
C 43.49750 6.35100 5.43748
C 40.06030 5.98296 4.89751
C 29.94680 0.41924 3.73656
C 31.74910 3.20020 3.92793
C 28.66050 3.18498 3.12828
C 25.59000 3.03806 2.56924
C 33.64150 5.77400 3.84991
C 30.40330 6.02750 3.34043
C 27.22970 5.90289 2.71435
C 35.32160 8.67569 3.73651
C 32.22070 8.83141 3.30359
C 28.99910 8.80776 2.84816
C 37.10460 11.47440 3.48811
C 33.97600 11.48250 3.10964
C 30.77670 11.64250 2.72288
C 27.61480 11.65670 2.30809
C 35.86810 14.30850 2.92695
C 32.73300 14.26190 2.64546
C 29.41270 14.27200 2.41163
C 38.66560 16.99160 1.18538
C 34.80340 17.13310 2.54677
C 31.33920 17.11730 2.43371
C 48.73050 14.78910 3.54960
C 45.82130 15.99030 3.14396
C 48.50160 17.78450 2.74827
C 45.55130 19.03830 2.21375
C 42.63730 20.48530 1.69942
C 48.31290 20.89300 1.95681
C 45.50720 22.21330 1.48320
C 48.83320 29.57830 -0.68201
C 47.36320 32.33210 -1.07658
C 49.23690 35.12980 -1.44023
C 47.68930 37.92790 -2.02709
C 37.22510 23.23630 -1.38464
C 39.64980 25.76610 -1.23746
C 42.43130 27.18610 -1.95594
C 48.32390 26.61820 -2.39366
C 45.56110 28.66060 -2.51957
C 36.40840 25.21040 -1.66887
C 33.47350 23.64980 -1.20207
C 29.46980 23.11800 0.27007
C 40.02400 29.53400 -2.05790
C 37.01950 28.33880 -1.74122
C 27.86990 25.38500 -1.50968
C 43.78850 32.98650 -1.71534
C 40.59850 32.76740 -2.17971
C 25.15720 27.49330 -1.50375
C 41.51840 36.44100 -1.46965
C 38.88530 37.96600 -1.85845
C 36.76980 40.52240 -1.55678
C 34.15990 42.28510 -1.90163
C 30.90020 41.19610 -1.82009
C 27.87420 40.14410 -3.22268
C 24.30090 38.98870 -3.36544
C 24.30720 42.39090 -3.84049
C 31.19520 44.35900 -1.37556
C 27.97220 43.96350 -1.32884
C 32.34060 47.20480 -1.32240
C 45.52540 35.63640 -1.19031
C 44.18110 38.73550 -2.18362
C 41.19970 40.09310 -2.07596
C 46.70470 40.88280 -2.68479
C 40.53060 43.31590 -2.01357
C 37.45390 44.70160 -2.43051
C 34.77530 45.56780 -1.02618
C 46.32410 44.13480 -2.94501
C 42.75400 23.54450 -1.77301
C 48.45540 23.18500 -1.92334
C 45.48850 24.85800 -2.42965
C 34.00730 27.17280 -1.65862
C 30.91860 26.19170 -1.56807
C 37.49880 31.57920 -1.89506
C 34.55870 30.40260 -1.69709
C 31.58880 29.43960 -1.65748
C 28.52980 28.19240 -1.47192
C 38.25940 34.76010 -1.97677
C 35.10450 33.64340 -1.88478
C 32.18520 32.44470 -1.77208
C 29.03100 31.39140 -1.77007
C 25.73950 30.41190 -1.43026
C 35.84900 36.82490 -2.04523
C 32.76230 35.69630 -1.99529
C 29.71140 34.59250 -2.01404
C 26.71920 33.34530 -1.95141
C 33.37350 39.02860 -1.99694
C 30.39130 37.74430 -2.15620
C 26.73660 36.74040 -1.89888
C 29.37520 46.94620 -1.11523
C 43.53600 41.87780 -2.57506
C 43.28960 45.30510 -2.38887
C 40.38240 46.28720 -1.77728
H 47.35490 30.83180 0.99923
H 48.90860 33.60100 0.46719
H 47.63550 36.42870 0.00086
H 39.06150 23.80480 0.11026
H 41.90640 25.35740 -0.38990
H 40.55270 27.92800 -0.58474
H 47.31550 28.19720 -0.79212
H 44.32080 29.50740 -0.34688
H 37.66450 26.65070 -0.10018
H 34.62550 25.58790 0.07903
H 31.55840 24.41850 0.13969
H 41.38080 31.01020 -0.33222
H 38.26770 29.91920 -0.28853
H 29.24140 26.62190 0.25185
H 26.29710 25.49730 -0.11317
H 41.79740 34.11550 -0.92823
H 39.37370 36.11490 -0.36123
H 40.76600 38.44610 -0.32004
H 24.62250 33.60900 -0.45956
H 37.44470 41.21170 0.89727
H 31.51250 39.21010 -0.39452
H 28.56060 38.05120 -1.08099
H 24.35730 37.45140 -1.18250
H 35.32600 43.37220 0.00306
H 32.25490 42.39750 -0.30834
H 27.88850 42.36360 -0.19363
H 32.73160 45.37160 0.22238
H 29.55800 44.98940 0.41504
H 45.75240 33.40230 -0.04330
H 43.71190 37.16530 -0.53046
H 46.14540 39.31960 -0.74157
H 43.16080 40.36080 -0.64318
H 40.24990 41.55240 -0.12766
H 37.97940 42.81650 -1.60984
H 45.50780 42.30010 -1.74374
H 44.74190 23.63420 -0.38467
H 47.35060 25.00730 -0.83510
H 44.66160 26.53710 -1.56470
H 35.22260 28.69460 -0.06110
H 32.15860 27.66110 -0.03863
H 38.82460 33.00020 -0.36019
H 35.75550 31.91210 -0.17060
H 32.78580 30.81620 -0.02149
H 29.76440 29.79060 -0.04851
H 26.70410 28.64450 0.06652
H 36.36420 35.03420 -0.36142
H 33.28410 34.00690 -0.22883
H 30.28010 32.90290 -0.29071
H 27.24990 31.75020 -0.08739
H 36.93600 38.33470 -0.37425
H 33.97140 37.16970 -0.47366
H 30.90280 36.01290 -0.41918
H 27.77720 34.95330 -0.43285
H 34.62450 40.40010 -0.37666
H 26.29240 44.99900 0.34105
H 42.66890 43.48670 -0.89688
H 39.89470 44.62160 0.03408
H 36.99500 45.91200 -0.21089
H 45.35880 45.52760 -0.96745
H 42.45020 46.65870 -0.51573
C 48.76960 30.01280 2.42298
C 47.02480 33.07800 2.06123
C 48.98390 35.78510 1.71972
C 47.62160 38.63540 1.10963
C 37.29920 23.53850 1.79723
C 39.84880 26.00840 0.76360
C 42.89310 27.52370 0.04213
C 47.42660 26.90280 0.81483
C 45.76430 29.73430 0.55145
C 36.52250 25.47990 1.71856
C 33.87560 23.28160 0.72885
C 31.06790 22.49300 1.94246
C 40.35230 29.68210 1.15995
C 37.18870 28.50160 1.42253
C 28.31390 24.74340 1.55388
C 43.69560 31.97530 0.02647
C 40.84360 33.07110 1.12324
C 25.88780 27.16360 1.88830
C 41.63830 36.26340 0.37561
C 38.84390 37.96450 1.14831
C 36.16730 39.88610 1.51716
C 33.98490 41.91050 1.44681
C 30.09090 41.15690 0.03483
C 27.91700 40.03200 -1.37842
C 23.20120 38.66940 -0.14161
C 25.53240 41.63980 -0.66984
C 31.41480 43.81090 1.56725
C 27.89280 43.89060 1.94365
C 32.58850 47.01810 2.01975
C 45.35720 35.75120 0.78679
C 44.29900 38.80100 0.92119
C 41.76010 39.94600 1.31217
C 46.33160 41.38980 0.38596
C 41.57120 43.33950 1.30233
C 37.68530 43.75920 0.75439
C 34.98440 45.49450 1.14918
C 47.16110 44.08510 -1.25252
C 43.04470 24.16870 1.30439
C 48.17200 23.91050 1.18789
C 45.49560 25.75960 0.57148
C 33.94660 27.34040 1.63374
C 31.22730 26.03650 1.69980
C 37.70020 31.64910 1.35847
C 34.62980 30.52380 1.53756
C 31.54190 29.44800 1.58278
C 28.61570 28.39790 1.66180
C 38.25750 34.76690 1.27224
C 35.11420 33.72580 1.35680
C 32.07160 32.69540 1.42745
C 29.11110 31.60060 1.49998
C 26.31670 30.35670 1.76987
C 35.72660 36.84230 1.21804
C 32.70700 35.90660 1.26307
C 29.39500 34.76410 1.15686
C 26.24740 33.66470 1.19074
C 33.11750 38.97970 1.07167
C 29.88570 37.87150 0.93533
C 26.54310 37.08780 0.07327
C 29.43610 46.77800 2.09561
C 44.35240 42.12570 0.39031
C 43.66670 45.04240 0.77102
C 40.94700 46.43390 1.44184
H 36.95470 59.75580 0.29985
H 34.33020 58.23270 0.22948
H 40.07150 63.16740 0.35965
H 37.03230 62.57630 0.32204
H 44.15200 67.73910 0.39089
H 40.71310 66.32990 0.18387
H 28.86600 61.93630 0.87859
H 44.33340 70.84210 0.65123
H 24.97540 64.60700 0.41301
H 26.08330 68.23850 0.21520
H 27.43870 71.11860 0.90005
H 34.20230 61.28680 0.52889
H 37.67680 65.51340 0.26454
H 34.59950 64.46900 0.50508
H 31.63020 63.20090 0.67168
H 41.45230 69.56160 0.09698
H 38.42140 68.56680 0.16369
H 35.24870 67.57360 0.33603
H 32.12690 66.44980 0.56075
H 29.12460 65.12700 0.27443
H 35.98930 70.65490 0.34876
H 32.85630 69.67850 0.48571
H 29.83430 68.83490 0.71247
C 47.50710 65.70350 -2.73630
C 48.73490 68.96480 -0.37811
C 34.66310 49.84230 -0.49163
C 35.42190 53.14140 -2.08638
C 33.45510 55.86130 0.64097
C 30.92730 55.23450 -0.62079
C 29.82250 58.23230 -0.08926
C 27.60310 60.61570 -0.84626
C 24.63170 60.58910 -0.92478
C 36.47540 57.92720 -1.20455
C 38.87900 61.08430 -0.33392
C 35.82500 61.17550 -1.29927
C 33.05840 59.91680 -1.16366
C 42.98840 65.88720 -0.99150
C 39.44640 64.89900 -1.36282
C 30.57670 61.67150 -0.96813
C 43.47060 69.66010 -1.33471
C 27.16130 64.12790 -0.88219
C 25.05970 66.74090 -1.12571
C 25.89580 70.30330 -1.11708
C 37.57330 47.93870 -1.47511
C 37.44790 51.06300 -1.09460
C 36.91940 54.56620 -1.77770
C 39.60080 56.20530 -1.66781
C 41.80780 58.31400 -1.55468
C 47.76080 58.74040 -1.37960
C 41.92570 62.02470 -1.11602
C 46.98280 61.97480 -1.12476
C 45.20640 63.27650 -0.80754
C 26.19860 46.90450 -1.22914
C 30.91910 49.79420 -1.01922
C 27.70160 49.61020 -0.98324
C 24.58860 49.71860 -1.01548
C 32.40790 52.46340 -1.07270
C 29.20730 52.50090 -0.90721
C 26.15080 52.42410 -0.89540
C 27.85620 55.30680 -0.71013
C 24.57660 55.25000 -0.88162
C 26.23060 57.97170 -0.74497
C 36.27220 64.24430 -1.30024
C 33.39720 63.02680 -0.98291
C 40.22470 68.12510 -1.47258
C 37.02780 67.23490 -1.36937
C 33.88430 66.13220 -1.16557
C 30.84460 64.89020 -1.05143
C 37.74030 70.27770 -1.34685
C 34.60830 69.37840 -1.21713
C 31.49390 68.24580 -1.03660
C 28.28390 67.28770 -0.57028
C 32.31130 71.48570 -1.02316
C 29.23990 70.58360 -0.96356
C 45.97940 47.42250 -2.44792
C 43.01580 48.50690 -1.93148
C 40.21350 49.55860 -1.67275
C 45.97840 50.53730 -1.83970
C 42.84350 51.61320 -1.67800
C 39.95840 52.99400 -1.64559
C 45.55210 53.50970 -1.68861
C 42.56520 54.84240 -1.59882
C 48.20210 55.65550 -1.61398
C 45.20180 56.75730 -1.63418
C 44.65790 60.06650 -1.33325
H 47.28280 64.60910 -0.93688
H 48.89660 66.80690 1.00684
H 46.94410 69.19670 0.84312
H 34.14990 47.59060 0.23345
H 32.56970 50.60560 0.68527
H 34.06480 53.43330 0.10675
H 32.08170 57.36980 2.21624
H 31.32120 59.98720 0.63316
H 27.68370 58.95440 0.97629
H 26.02750 61.57290 0.81766
H 36.81200 49.13830 0.50177
H 47.95820 47.56140 -0.88037
H 39.31020 51.17250 -0.09228
H 38.80770 54.44150 -0.09615
H 35.99110 55.83670 0.18152
H 38.56410 57.52750 0.22660
H 41.10720 59.92420 -0.12507
H 46.52750 60.04030 0.27834
H 43.88440 61.68170 0.44671
H 30.92800 47.88750 0.51824
H 27.78470 47.73420 0.58802
H 29.29750 50.57270 0.58786
H 26.13880 50.53160 0.67920
H 30.87320 53.41960 0.70337
H 27.68310 53.38990 0.75638
H 24.53670 53.37890 0.68611
H 29.30980 56.15590 1.11495
H 26.10600 56.11010 0.83045
H 24.49490 58.81120 0.77202
H 39.58660 47.82310 -0.04819
H 45.02230 48.66130 -0.48288
H 42.06590 49.89910 -0.06730
H 47.74930 50.67010 -0.30867
H 44.72550 51.80300 -0.09301
H 41.80770 53.11670 -0.02098
H 47.43020 53.81180 -0.14850
H 44.43630 55.01460 -0.04777
H 41.41570 56.33350 0.02795
H 46.93560 56.96240 0.12048
H 43.90870 58.18750 -0.10107
C 46.53640 66.73990 0.29422
C 48.32730 68.35560 2.85837
C 34.63440 49.57400 1.53258
C 35.89680 52.63240 1.73248
C 32.86700 57.10980 4.20249
C 30.66210 55.13040 2.55527
C 29.85990 58.41910 1.92705
C 27.51420 60.76490 2.64806
C 24.34230 60.68950 2.38770
C 36.45320 57.83410 1.68978
C 39.13390 59.71380 1.37086
C 36.07900 61.15770 2.09240
C 33.30470 59.63670 2.09389
C 42.95480 65.41020 0.86062
C 39.52420 64.71110 1.79612
C 30.78290 61.61110 2.42478
C 43.20060 68.95060 1.85852
C 27.19620 63.73420 1.06918
C 24.88720 66.66440 1.91224
C 25.26510 69.98650 1.92070
C 37.86140 47.15830 1.63236
C 38.26140 50.28820 2.00531
C 37.18450 54.30020 1.82756
C 39.66840 55.92680 1.75671
C 41.99000 58.24480 1.54591
C 47.63810 58.49180 1.84740
C 41.76810 62.21890 0.84202
C 46.86810 61.65630 2.06667
C 45.18180 62.93160 2.19079
C 26.11710 46.72770 2.10432
C 30.90880 49.59860 2.20725
C 27.74680 49.61370 2.22135
C 24.48380 49.55200 2.14755
C 32.64530 52.31380 2.12289
C 29.29280 52.35510 2.27621
C 26.07640 52.34280 2.28652
C 27.54420 55.11760 2.49843
C 24.40760 55.21990 2.32520
C 26.01040 57.94940 2.47889
C 36.50040 64.28090 2.03955
C 33.53230 62.98810 2.14562
C 40.27200 67.97150 1.69936
C 37.17830 67.31470 1.84743
C 33.93770 66.28680 2.04502
C 30.81950 65.02240 2.13047
C 37.92810 70.27360 1.85949
C 34.77130 69.30890 2.01408
C 31.43490 68.35940 2.12377
C 28.12020 67.19080 1.32955
C 32.32080 71.39950 2.20547
C 29.11170 70.65260 2.32904
C 46.26940 46.97110 0.87522
C 43.26450 48.23060 1.22047
C 40.16580 49.57190 1.54066
C 45.88460 50.14150 1.29757
C 42.92060 51.54940 1.54879
C 39.92940 52.94520 1.52625
C 45.56690 53.46090 1.50527
C 42.57820 54.82800 1.58134
C 48.03320 55.41380 1.69262
C 45.03180 56.74710 1.61719
C 44.58080 59.73940 1.75831
H 41.90840 72.79100 -0.15317
H 39.48440 74.83400 0.09526
H 37.30330 76.94030 1.42970
H 25.93130 72.88060 -1.27622
H 34.68170 78.96100 2.00362
H 31.81770 78.07700 0.96517
H 29.01440 77.21500 -0.07190
H 26.06560 75.93210 -0.62973
H 39.02860 71.68290 0.22495
H 36.58760 73.73930 0.53569
H 33.55220 72.80670 0.62090
H 30.51890 71.93590 0.65319
H 34.27580 75.92910 0.89238
H 31.24270 75.00490 0.52669
H 28.25800 74.25230 0.44732
C 43.75880 88.98740 2.68602
C 37.15510 89.19540 1.17131
C 48.16820 92.85520 3.53731
C 45.18330 91.68910 4.36148
C 42.42750 91.91350 2.46164
C 39.57670 91.71090 1.19958
C 35.66560 91.80870 0.35435
C 34.43200 93.58040 0.35043
C 45.92350 74.40540 1.89389
C 42.91090 75.53190 3.44587
C 40.97070 77.97930 1.55785
C 38.80820 80.03800 0.47720
C 38.72200 83.00750 0.85325
C 38.71210 86.34880 1.29161
C 40.54490 88.40630 3.36145
C 46.62280 87.69430 2.82996
C 46.47700 71.42990 -0.39033
C 29.73540 95.43790 0.08899
C 25.69980 78.35940 -0.38514
C 30.06930 79.47550 -0.13988
C 27.94250 80.52750 -0.08782
C 35.42860 82.91250 2.01166
C 33.03770 84.71080 0.87093
C 35.76720 86.15710 1.30458
C 32.62070 87.85010 0.71714
C 32.23170 91.27750 1.60020
C 29.39840 92.25780 0.63196
C 43.77350 72.50500 -1.21239
C 41.36940 74.86840 -1.46118
C 38.25660 76.59410 -1.00416
C 25.76630 74.48800 -2.80005
C 36.85680 79.22180 0.52892
C 31.29110 76.83520 -1.10236
C 28.26300 75.60170 -1.77472
C 46.21480 95.35310 3.30934
C 43.43340 94.89900 2.83454
C 40.52090 94.82150 1.77565
C 37.74950 94.44540 0.67942
C 46.35790 77.90740 2.38270
C 43.77590 79.58430 2.15428
C 41.33410 81.45740 1.54744
C 46.49940 81.26390 2.63544
C 43.92780 82.89070 2.37080
C 41.21170 84.59000 1.87707
C 46.52460 84.56520 2.67345
C 43.69010 86.23090 2.55134
C 25.24050 81.86400 -0.63431
C 30.57310 82.77000 0.31456
C 27.57870 83.88960 -0.15411
C 24.79090 85.12840 -0.76828
C 30.05090 85.94640 0.37284
C 27.22850 87.07720 -0.18295
C 29.64650 89.09090 0.30255
C 26.62700 90.38680 -0.31182
C 26.23230 93.98430 0.03560
C 40.64480 71.19520 -1.54090
C 38.15280 73.32430 -1.32208
C 35.30100 72.45350 -1.09641
C 36.34620 75.89560 -0.59944
C 33.22780 74.71880 -0.88758
C 30.17510 73.60190 -1.12646
C 33.92520 78.00560 -0.34086
H 41.95100 90.33200 3.98102
H 38.68720 90.07290 2.95852
H 46.38800 93.66350 5.03253
H 37.35080 92.70630 1.91023
H 33.34090 93.28040 2.71789
H 35.53520 95.34160 1.59809
H 45.32240 76.31470 3.59465
H 42.43240 78.04100 3.66284
H 39.95830 79.81280 2.66022
H 37.22620 81.32630 1.98567
H 47.93860 78.00160 4.47416
H 37.36190 84.50010 2.22387
H 37.14310 87.39430 2.85452
H 39.90030 86.00970 3.42459
H 45.15130 89.25360 4.23019
H 47.44810 90.95630 4.97508
H 46.96640 72.13710 2.02639
H 24.82430 76.94550 1.49164
H 27.14960 78.87940 1.61296
H 29.56060 81.01080 1.77910
H 31.98780 83.00070 2.38154
H 34.37410 84.91490 3.04843
H 34.21260 87.98380 2.34365
H 31.15230 89.24560 2.23970
H 28.11120 90.36390 1.73069
H 25.38430 91.77730 0.80369
H 30.26250 92.44390 2.74210
H 43.19670 93.19690 4.54308
H 40.26790 92.87720 3.30735
H 45.36050 79.56250 4.04192
H 42.68190 81.21860 3.64228
H 39.95310 82.85320 3.00947
H 48.19350 81.21950 4.43459
H 45.54530 82.88250 4.27293
H 42.71470 84.38520 3.86987
H 48.32820 84.47080 4.39525
H 45.42060 86.04620 4.32565
H 42.59400 87.49020 4.34698
H 48.13960 87.79900 4.51202
H 26.70030 82.13720 1.34988
H 29.11760 84.16540 1.75434
H 26.23630 85.37470 1.22304
H 31.58110 86.14930 2.26609
H 28.67340 87.39340 1.78722
H 25.75260 88.54000 1.11436
C 43.24230 89.32310 5.85771
C 36.12550 89.60590 2.81272
C 48.10520 92.74410 6.51320
C 44.71990 92.25890 6.20219
C 41.16290 92.19400 5.51001
C 38.18550 91.78300 4.20076
C 34.94900 93.21830 4.63396
C 31.83780 94.45100 3.09832
C 46.62060 74.18050 3.62131
C 43.20170 76.22290 5.18811
C 40.46030 78.32460 4.69755
C 37.77140 79.77440 3.82756
C 37.73580 82.84610 4.02207
C 37.70250 85.54200 4.39298
C 40.30560 87.60600 5.26780
C 46.12100 87.70660 6.01232
C 45.73470 70.49610 2.75442
C 28.70220 94.47460 2.99861
C 24.98760 78.94490 2.95773
C 31.46440 79.81300 2.71640
C 27.61570 80.77540 3.24234
C 33.23810 80.91990 2.76525
C 32.52140 84.79680 4.19386
C 35.34750 86.84610 4.43844
C 32.20980 87.84980 3.96435
C 32.20330 91.08300 3.50979
C 28.73800 91.10310 4.01318
C 43.08700 72.30920 2.02478
C 41.88090 75.22990 0.31763
C 39.49790 76.39480 2.07526
C 26.08710 73.28500 1.31766
C 36.61130 78.14590 3.55313
C 30.39700 76.74400 2.05962
C 27.25710 76.34820 1.48555
C 45.95030 95.57550 6.47893
C 42.55700 95.09720 5.92057
C 39.50690 94.62240 4.81399
C 36.41430 94.33980 3.60686
C 46.13900 77.76140 5.67800
C 43.34890 79.61960 5.42399
C 40.49870 81.10000 4.67518
C 46.17050 81.05180 5.85853
C 43.44170 82.65270 5.48092
C 40.55670 84.21900 4.98911
C 46.35870 84.46780 5.97918
C 43.44020 85.77330 5.80137
C 24.53190 81.89920 2.45480
C 30.13220 82.76110 3.57052
C 27.04840 83.90750 3.06624
C 24.05400 85.05390 2.31817
C 29.48480 85.90110 3.51417
C 26.53040 87.12020 2.93189
C 29.14100 89.08960 3.56599
C 25.87760 90.32880 2.75371
C 25.87340 93.96350 1.86008
C 41.02920 71.34520 1.66156
C 38.61090 73.39760 1.88873
C 35.36900 72.26550 2.10776
C 36.01000 75.17170 2.47972
C 32.86620 74.46360 2.26053
C 29.87470 73.78280 2.18833
C 33.47400 77.40710 2.75616
C 54.53130 95.50160 3.10994
C 51.73510 95.08150 4.67565
C 49.17970 95.89060 3.36936
C 55.06730 3.92548 2.48778
C 52.02630 4.05564 2.86723
C 50.08660 6.56777 2.38449
C 59.58650 0.16980 1.98334
C 58.42270 3.30048 1.95186
C 57.19700 6.28731 1.93533
C 59.83510 7.66931 0.86451
C 73.04120 9.72468 -2.29302
C 67.79910 9.98407 -1.15739
C 64.74880 10.56940 0.41280
C 61.02580 10.76420 0.19470
C 70.86420 12.93820 -1.51618
C 67.66720 12.11030 -1.01039
C 65.69720 14.44840 -0.72134
C 62.85280 13.84220 -0.62705
C 63.15040 17.11470 0.31018
C 61.16480 19.74030 0.02671
C 62.92650 22.29400 -0.62741
C 60.07990 22.49020 -0.14762
C 53.96360 7.31994 2.84187
C 51.79330 9.28274 1.85769
C 57.50490 9.46828 2.97025
C 57.06800 12.69770 1.19606
C 59.67640 13.67080 -0.32828
C 60.02820 16.87590 0.11455
C 56.84220 18.75310 -0.84552
C 57.12350 22.78750 -0.17280
C 56.37270 0.89554 2.38355
C 53.23730 1.05843 3.13986
C 50.44590 1.31424 3.37344
C 68.68180 95.06060 1.12295
C 65.65910 95.86800 1.51395
C 62.65710 -0.63111 1.80437
C 70.88800 0.03747 0.36645
C 67.84360 0.82543 0.78425
C 64.71120 1.57904 1.21499
C 61.56020 2.42700 1.58377
C 70.08330 3.19816 0.23709
C 66.85800 3.90006 0.65670
C 63.70790 4.67117 0.96714
C 60.57590 5.55193 1.41636
C 72.45000 5.76277 -0.03050
C 69.23940 6.00610 0.02819
C 66.16140 7.00030 0.28081
C 63.03210 7.58038 0.57198
C 72.34090 15.91030 -1.10022
C 68.96850 15.19970 -0.98551
C 70.08140 18.08070 -1.07405
C 66.88760 17.45800 -0.90606
C 71.24190 21.08920 -1.25099
C 67.98060 20.38400 -1.07435
C 64.77210 19.87940 -0.74210
C 54.53020 10.97120 1.61356
C 51.86210 12.44390 1.06775
C 54.35670 14.03140 0.81914
C 51.57490 15.54950 0.17621
C 57.20200 15.73040 0.53532
C 54.05040 17.17830 -0.22289
C 51.36760 18.73760 -0.64435
C 54.30320 20.54860 -0.83637
C 51.42950 21.81450 -1.22534
H 56.48950 -0.87266 4.05204
H 53.49800 -0.54050 4.98301
H 55.15830 2.12923 4.17319
H 53.77060 5.26066 4.22912
H 51.74410 7.74243 3.77417
H 59.43040 95.75180 3.72615
H 58.41380 1.49382 3.64621
H 57.15700 4.49348 3.68792
H 59.32120 6.71485 3.18011
H 56.22780 7.54709 3.75945
H 70.93950 6.88086 1.63584
H 67.84270 7.54096 1.41658
H 64.64200 8.45589 1.78819
H 61.31850 8.95117 1.92848
H 71.60040 11.00110 -0.60025
H 72.41220 13.80970 0.23114
H 69.31930 13.23370 0.48033
H 66.12960 12.58600 0.87853
H 64.16510 15.04650 1.07220
H 61.39210 18.06930 1.75066
H 60.23170 21.05460 1.99637
H 53.68370 9.67333 3.41679
H 50.87480 11.27040 3.03775
H 56.21640 11.59760 3.34667
H 58.80290 13.05230 2.13730
H 61.09730 14.77880 0.89331
H 58.76380 16.53270 2.25583
H 58.71980 19.01910 0.32829
H 55.95480 20.75560 0.45185
H 53.07480 22.29600 0.57118
H 50.45250 -0.32157 5.12489
H 52.05620 2.49783 4.79989
H 50.26410 5.07845 4.31357
H 70.78530 95.78360 2.22713
H 67.65890 -0.70823 2.68595
H 64.60420 0.05328 3.11954
H 61.52090 0.78767 3.40502
H 69.84650 1.54174 1.99469
H 66.70850 2.27060 2.41618
H 63.60320 3.06820 2.82841
H 60.46240 3.84414 3.23187
H 72.00010 3.90308 1.51792
H 68.84470 4.52996 1.98875
H 65.67970 5.41439 2.20541
H 62.56830 6.14160 2.61418
H 62.88910 12.11290 1.16001
H 70.50510 16.27130 0.57940
H 67.26420 15.65480 0.69866
H 71.64530 19.25900 0.42851
H 68.41270 18.64720 0.58770
H 65.30640 18.09940 0.86505
H 69.50740 21.66730 0.34895
H 66.38650 21.08170 0.63361
H 63.23670 20.61060 1.01626
H 53.50510 12.88320 2.78407
H 50.65610 14.30870 2.10730
H 56.09520 14.65350 2.41318
H 53.31540 16.00890 1.79056
H 50.46740 17.47060 1.23643
H 55.95620 17.67240 1.25912
H 53.18360 19.15000 0.91231
H 50.32490 20.62010 0.59167
C 55.37570 -0.94886 6.31171
C 51.99100 95.72400 6.47301
C 48.90640 95.94440 6.66872
C 55.53170 4.15073 5.57237
C 52.21170 4.77144 5.88971
C 50.24240 7.22260 5.61813
C 59.96550 0.35500 5.20420
C 58.92560 3.42225 5.09357
C 57.65020 6.55409 5.06440
C 59.80180 8.80743 3.99250
C 70.70920 9.07760 0.53883
C 68.53570 9.64503 0.91927
C 64.82460 10.92290 2.23354
C 60.62280 11.27700 2.06645
C 70.91810 12.31130 1.64434
C 67.77310 12.27910 2.31604
C 65.79210 14.58320 2.43164
C 62.71470 13.81630 2.66012
C 63.49510 17.04690 2.23590
C 62.17530 19.90370 3.18627
C 63.39400 22.57490 2.48514
C 60.33590 23.13460 2.91818
C 53.96960 7.66154 4.74733
C 51.73070 9.96608 4.89016
C 56.86690 9.75866 4.80872
C 57.37930 13.59970 4.24417
C 60.00400 15.14400 3.22541
C 59.29670 18.85940 2.81969
C 57.12090 19.54210 2.24725
C 56.94150 22.70170 1.70204
C 56.82730 1.04830 5.52958
C 53.69160 1.65774 6.16492
C 50.46420 1.69796 6.46762
C 69.31640 95.53210 4.16900
C 66.24130 -1.05267 4.59568
C 63.10180 -0.24332 4.95986
C 71.49320 0.48084 3.45330
C 68.36190 1.31112 3.92185
C 65.24540 2.03952 4.35782
C 62.10090 2.71965 4.72122
C 70.50380 3.44608 3.40397
C 67.15330 4.27084 3.76284
C 64.15910 5.08663 4.11657
C 61.08680 5.81014 4.54807
C 72.60310 5.69391 3.21045
C 69.20270 6.61232 3.35511
C 66.25360 7.55654 3.38183
C 63.01410 8.33069 3.69166
C 72.29380 15.39690 2.08733
C 69.10230 14.99410 2.18642
C 70.24340 18.08630 2.15595
C 67.14990 17.45250 2.35377
C 71.26180 21.06570 1.99738
C 68.25070 20.51440 2.12711
C 65.16760 19.96980 2.42084
C 54.21970 11.63320 4.75293
C 51.54690 13.33770 4.20033
C 54.20940 15.00620 3.83890
C 51.41730 16.35900 3.25757
C 56.67790 16.73970 3.45032
C 54.12820 18.00250 2.85347
C 51.30100 19.47360 2.47516
C 54.30470 20.98060 2.20870
C 50.96230 22.64060 1.82046
C 73.30370 27.12040 -1.50848
C 62.91290 25.28510 -0.33860
C 70.68910 28.49400 -2.36076
C 67.33400 28.50330 -2.19529
C 64.23010 28.25010 -1.48592
C 59.38420 25.55460 -0.72142
C 56.27730 26.41050 -0.93334
C 53.25630 27.05440 -1.00208
C 61.30550 28.37990 -0.94661
C 51.97860 29.76190 -0.99531
C 63.18680 31.21810 -1.26152
C 65.48160 34.09430 -1.10374
C 64.00470 37.06460 -1.18551
C 62.61370 39.78980 -0.97579
C 49.95260 40.35320 -2.67731
C 61.22110 42.57670 -1.07570
C 58.21940 42.79550 -1.44978
C 51.70970 43.11430 -3.42576
C 56.81230 46.03770 -0.67943
C 53.64780 46.32740 -1.65976
C 51.13000 24.70630 -2.31523
C 70.76080 31.67120 -1.00946
C 67.91670 31.23800 -2.93677
C 69.11210 33.92810 -0.93397
C 67.36420 36.79910 -1.05809
C 65.88420 39.78630 -0.99536
C 64.28810 42.56900 -0.97177
C 62.77190 45.28760 -1.05234
C 49.84560 43.40060 -4.31441
C 72.32160 24.06170 -1.39083
C 69.11670 23.46880 -1.31774
C 65.87680 22.74760 -1.06337
C 70.07830 26.49120 -1.65424
C 66.49890 25.71650 -1.41725
C 58.26680 28.92790 -0.97771
C 55.09250 29.46900 -0.93343
C 60.11280 31.49790 -1.01315
C 57.00300 31.90740 -1.05316
C 53.81360 32.21380 -1.04881
C 50.54270 32.51680 -1.07686
C 62.07470 34.17360 -1.13713
C 58.94010 34.47610 -1.09283
C 55.73640 34.78090 -1.19415
C 52.46720 34.98610 -1.35104
C 60.81080 37.15630 -1.06980
C 57.70770 37.34680 -1.26111
C 54.44570 37.50790 -1.60263
C 51.18630 37.62970 -1.88601
C 59.57360 39.87180 -1.15423
C 56.36890 40.17720 -1.55668
C 53.37490 40.28250 -2.23982
C 54.88870 43.22580 -1.79938
C 54.03190 23.93330 -0.98410
C 72.47120 34.51880 -1.36046
C 70.65190 37.02170 -0.98655
C 72.21510 39.73610 -0.86977
C 69.03470 39.75790 -0.89043
C 70.69570 42.46630 -0.96486
C 67.41370 42.54760 -0.93203
C 72.35620 45.23350 -1.03517
C 69.18530 45.20880 -1.09373
C 65.98640 45.31630 -1.02061
H 64.42690 23.69750 0.60765
H 61.81630 23.63720 1.04919
H 71.42910 27.81850 -0.07155
H 64.86820 26.66860 0.13444
H 69.19410 29.87070 -1.24866
H 66.12640 29.54820 -0.42116
H 58.80570 24.11240 1.15409
H 55.73110 24.62110 0.69575
H 61.17190 26.66060 0.63143
H 54.89760 27.63460 0.64930
H 51.68610 28.00630 0.72740
H 63.12040 29.43220 0.45527
H 50.46560 30.75790 0.65930
H 64.89090 32.12290 0.40227
H 63.83880 35.12780 0.35538
H 62.45380 37.91890 0.55066
H 49.48320 38.95260 -0.57632
H 61.01230 40.80540 0.61368
H 51.73970 41.52110 -1.55137
H 59.60960 43.74920 0.58882
H 56.50030 43.76460 0.01868
H 53.39110 44.31410 -0.13858
H 52.73510 25.28650 0.58462
H 50.85260 26.37340 -1.72659
H 72.45180 32.44130 -0.01669
H 69.36390 32.28870 0.96893
H 67.23560 32.30800 -1.37326
H 67.28120 35.03680 0.35948
H 65.64720 37.82830 0.50791
H 64.19980 40.64810 0.61680
H 62.71270 43.41830 0.68942
H 49.51590 43.72800 -1.88159
H 72.60850 22.38280 0.36931
H 70.52040 24.80890 0.17896
H 67.39200 24.12070 0.25544
H 68.19550 27.09880 -0.35554
H 58.03730 27.13010 0.69917
H 59.96440 29.69740 0.62382
H 56.82790 30.13700 0.61271
H 53.58580 30.50960 0.67220
H 61.86580 32.33380 0.51073
H 58.66850 32.72120 0.58369
H 55.47480 33.03870 0.47856
H 52.22310 33.33830 0.43728
H 60.63590 35.27160 0.47229
H 57.35280 35.59310 0.43676
H 54.08880 35.90340 0.24763
H 50.86210 36.18680 0.08277
H 59.20650 38.16240 0.52612
H 55.95400 38.42170 0.05701
H 52.71500 38.73310 -0.32863
H 57.85410 40.97990 0.22053
H 54.60520 41.31430 -0.30938
H 50.16820 23.65380 -0.23490
H 70.63570 35.10670 0.49366
H 72.19110 37.86740 0.75457
H 68.93570 37.82510 0.63875
H 70.66070 40.66140 0.74497
H 67.41240 40.64600 0.74967
H 72.28700 43.44080 0.60767
H 69.06940 43.42990 0.64854
H 65.83170 43.48710 0.73339
C 73.24760 27.48710 1.60586
C 63.18530 25.55610 1.47485
C 71.62590 30.14280 0.55391
C 68.29940 29.21920 0.83757
C 65.11680 28.62570 1.64128
C 59.52300 26.12940 2.42728
C 56.23540 26.36310 2.26101
C 53.24970 26.92960 2.31366
C 61.53220 28.61830 2.13225
C 51.96490 29.84580 2.36937
C 63.35550 31.20370 2.17691
C 65.52290 34.10480 1.88659
C 64.03180 36.87830 2.10689
C 62.54150 39.73860 2.19799
C 49.29830 41.38880 -0.90305
C 60.81550 42.73050 2.20364
C 57.60440 42.73700 1.93716
C 51.50200 43.80490 -0.44165
C 56.62710 45.94900 1.28933
C 52.98820 46.05130 1.65357
C 50.38860 25.87560 0.76334
C 70.56370 30.85120 2.37099
C 67.19980 31.33570 0.95836
C 68.91460 34.14960 2.08238
C 67.29120 36.82530 2.14766
C 65.74680 39.58690 2.24580
C 64.25660 42.44060 2.31201
C 62.78260 45.31010 2.29829
C 49.20510 46.10020 -1.31797
C 72.20900 24.35780 1.89943
C 69.19690 23.58780 1.83614
C 66.22830 23.02470 2.05494
C 70.00340 26.92220 1.38935
C 66.94140 26.18850 1.52860
C 58.29710 29.00370 2.27490
C 55.09720 29.50620 2.21696
C 60.18110 31.64480 2.16558
C 56.94230 32.00520 2.14382
C 53.75230 32.44160 2.11153
C 50.47670 32.80310 2.07071
C 62.23250 34.28540 2.04066
C 58.88560 34.62680 2.08949
C 55.54860 34.99240 1.95578
C 52.31220 35.30560 1.84929
C 60.76490 37.10150 2.12362
C 57.29220 37.51660 1.90675
C 54.02230 37.97690 1.55115
C 50.76410 38.41930 1.23577
C 59.20380 40.07510 2.08035
C 55.89430 40.37020 1.55652
C 52.43150 40.96390 0.72415
C 54.38600 43.22160 1.31436
C 53.88510 23.94390 2.24251
C 72.07550 33.76150 1.97778
C 70.52770 36.81450 2.22958
C 72.28010 39.71730 2.30943
C 69.10580 39.67840 2.35145
C 70.70600 42.56880 2.28077
C 67.49970 42.56480 2.34415
C 72.20010 45.26310 2.27848
C 68.91040 45.38260 2.11326
C 65.80830 45.53030 2.10707
C 53.12840 60.30660 -1.05764
C 50.19650 60.93150 -1.06376
C 59.22590 64.33790 0.67299
C 56.05780 63.85800 -0.07822
C 49.66160 63.56500 -1.38080
C 60.34660 67.32510 0.99684
C 64.72680 70.96540 1.64674
C 61.42690 70.24740 1.29638
C 66.98800 48.54950 -0.57001
C 63.35820 48.29290 -0.80091
C 72.28300 50.81950 -0.85498
C 69.26000 52.58520 0.03168
C 73.41070 53.73890 1.43252
C 73.12280 67.57620 0.96078
C 51.99580 47.52690 -2.02669
C 52.15050 51.10040 -0.92865
C 51.30210 54.41800 -1.51595
C 51.04610 57.70630 -1.29825
C 60.14810 46.97840 -0.85535
C 64.25100 51.14420 0.34021
C 61.04020 50.59590 -0.45090
C 58.00400 49.55590 -1.00413
C 70.00420 55.28730 2.36203
C 67.23480 53.00220 3.37263
C 65.00300 54.10440 1.05009
C 55.71010 52.24040 -1.11539
C 72.23640 58.24310 2.91299
C 53.35760 54.53970 -1.08708
C 57.61670 58.29410 -0.46586
C 54.52600 57.52060 -0.86853
C 61.76390 61.93820 0.78849
C 58.74400 61.32100 -0.01468
C 71.56360 66.33960 1.16276
C 62.56290 64.81340 1.18287
C 70.35800 69.51160 2.05848
C 66.71870 68.43450 1.51570
C 63.49760 67.87850 1.40872
C 52.74900 63.34210 -0.45854
C 57.30150 66.74630 0.54743
C 54.03310 66.74640 -0.06720
C 50.73250 66.61900 -0.56531
C 58.32930 69.84740 0.96758
C 55.26050 69.50730 0.58022
C 51.91820 69.40560 0.17610
C 70.80000 48.04470 -1.10104
C 49.29220 49.55500 -1.99704
C 48.84730 52.46050 -1.76383
C 54.84110 49.30030 -1.23880
C 61.98860 53.31830 0.20642
C 58.78850 52.80250 -0.55902
C 68.95060 57.10090 2.45757
C 65.90600 56.85560 1.56530
C 62.91810 56.39730 0.71686
C 59.74090 55.81710 -0.17530
C 56.54990 55.15270 -0.69402
C 69.85390 60.17700 2.06187
C 66.71030 59.75000 1.69288
C 63.81720 59.32530 1.10385
C 60.87560 58.78610 0.30313
C 70.52320 63.30860 1.48862
C 67.59120 62.85980 1.64517
C 64.65620 62.31360 1.39592
C 68.57470 65.90770 1.53130
C 65.62300 65.35940 1.52196
H 71.86930 55.82210 3.93216
H 54.58280 61.83630 0.25087
H 51.81330 61.41460 0.72066
H 48.74890 62.16980 0.49235
H 60.57060 65.35550 2.50500
H 57.18110 64.67720 2.04826
H 61.58930 68.37000 2.88384
H 54.79680 47.23310 0.35811
H 64.10450 46.26020 0.44064
H 69.19340 48.99870 0.73402
H 64.41970 49.27280 1.33211
H 71.65570 51.93890 0.78783
H 50.78130 49.03010 -0.30850
H 50.34670 52.59380 -0.09775
H 49.99250 55.83750 0.11358
H 49.55290 58.95580 0.29402
H 61.37210 48.37260 0.75278
H 58.10240 47.82710 0.44013
H 64.95680 52.11670 2.74415
H 62.07620 51.36690 1.63957
H 55.98300 50.25010 0.31073
H 68.66030 55.65510 4.58132
H 65.82510 55.04120 3.18791
H 53.70410 52.59620 0.26938
H 70.08160 58.55140 4.09790
H 54.61360 55.68610 0.83896
H 71.02590 61.64580 3.39015
H 55.61050 58.85690 1.10340
H 52.65690 58.38230 0.51904
H 71.96590 64.70230 3.15181
H 59.74890 62.37970 2.04830
H 57.03980 61.76700 0.89317
H 70.09920 67.24320 2.94342
H 63.74900 66.00150 2.96511
H 67.94400 69.67340 2.94220
H 64.85420 68.97710 3.12680
H 54.06340 64.65240 1.16965
H 50.81810 64.46050 0.58034
H 58.45800 67.84650 2.46648
H 55.39330 67.43920 1.88652
H 52.12360 67.26200 1.40636
H 56.51740 70.44160 2.47234
H 53.38850 70.05700 2.07178
H 50.08520 69.66700 1.64856
H 70.68680 46.16580 0.55180
H 67.43600 46.28670 0.32024
H 72.30090 48.79310 0.71946
H 58.97770 50.85170 0.90840
H 62.86740 54.44350 2.20266
H 59.87050 53.88330 1.38085
H 56.82450 53.26360 0.87214
H 66.87940 58.12240 3.46219
H 63.84150 57.52220 2.68710
H 60.82080 56.86270 1.77561
H 57.70560 56.35380 1.10388
H 67.89960 61.12900 3.38470
H 64.77380 60.54420 2.99782
H 61.79200 59.97950 2.23987
H 58.77760 59.30000 1.46450
H 68.92620 64.17250 3.24349
H 65.80870 63.58810 3.17559
H 62.74520 62.98430 2.76487
H 66.91510 66.60880 3.24161
C 53.57800 60.23930 1.92745
C 49.91200 60.70370 2.07313
C 58.83540 63.99970 3.69624
C 55.39420 62.96020 2.38016
C 48.43530 64.41970 1.36865
C 60.02930 67.07790 4.24442
C 64.47080 70.76210 4.89524
C 61.19340 70.13900 4.49006
C 66.72650 48.50890 1.34724
C 62.93380 47.40840 2.40599
C 72.08120 50.66120 2.47599
C 69.10200 51.42900 1.58065
C 73.10910 53.74300 3.58755
C 73.70230 67.52970 3.33843
C 51.12640 46.92690 1.20893
C 51.90380 50.94100 0.89664
C 50.92050 54.14940 1.74065
C 50.80040 57.50060 1.91405
C 59.97980 46.24810 0.97545
C 63.61820 50.50520 3.48212
C 60.45330 49.82020 2.65477
C 57.42200 49.24140 2.11316
C 70.58810 55.44940 6.18577
C 67.08200 53.81930 4.97916
C 63.95460 53.87810 4.35114
C 55.18210 51.84090 2.02754
C 71.27360 57.36430 5.95481
C 53.04000 54.08850 2.02714
C 56.98700 58.11950 2.77224
C 53.97060 57.13970 2.36340
C 61.12990 61.60840 3.93959
C 57.99090 61.01450 3.07029
C 72.05280 66.93540 4.42334
C 62.17350 64.81030 4.32963
C 70.32300 69.54540 3.89376
C 66.55910 68.48270 4.84560
C 63.23790 67.79990 4.57524
C 52.23500 63.31840 2.22793
C 56.78830 66.53980 3.71368
C 53.61900 66.18560 3.08770
C 50.52190 65.85570 2.62798
C 58.12060 69.63410 4.14596
C 54.93510 69.00920 3.71643
C 51.67830 68.80480 3.33718
C 70.40560 48.01200 2.25129
C 48.69640 48.90310 1.19418
C 48.44740 52.23700 1.46023
C 54.61950 48.73730 1.88809
C 61.19940 52.99640 3.28644
C 58.31170 52.39030 2.66409
C 68.13900 57.60600 5.60845
C 65.13990 56.88720 4.67321
C 62.12660 56.20480 3.74720
C 59.14420 55.58880 3.00070
C 56.22940 54.91180 2.55188
C 69.46560 60.56410 5.26451
C 66.26760 60.04220 4.85052
C 63.06950 59.30400 4.19433
C 60.16830 58.55780 3.38595
C 70.59960 63.66680 5.01804
C 67.47560 63.05750 4.88442
C 64.25640 62.33540 4.56436
C 68.83910 66.15330 4.74128
C 65.36790 65.44900 4.72323
C 70.40690 86.10240 1.19353
C 66.55850 84.68900 2.31087
C 65.37720 87.00380 5.44576
C 62.31770 88.24050 3.20826
C 61.61860 91.12420 2.63582
C 58.46520 91.21710 3.48679
C 57.52830 95.02830 2.29732
C 49.07290 75.52050 2.11481
C 51.08960 76.98460 4.37230
C 55.38900 80.03430 2.08682
C 61.83350 84.23230 1.31118
C 49.41390 89.89650 4.00984
C 60.24590 86.54190 3.64402
C 57.26910 87.82300 4.01936
C 52.22210 91.05760 4.51973
C 58.80760 90.24050 5.42793
C 54.64180 93.47800 3.76708
C 65.81520 74.35620 2.79095
C 49.34310 71.93830 1.06353
C 63.63440 76.05200 1.30316
C 53.92700 75.01450 1.43563
C 50.91270 74.84490 1.64006
C 64.72660 78.61570 0.96305
C 61.69630 78.65830 1.41713
C 58.45820 78.59790 1.59102
C 54.44850 78.18120 1.99740
C 66.87590 81.75820 0.90940
C 63.59680 81.35100 1.11482
C 63.32620 84.47980 2.63763
C 73.22960 71.29180 1.33725
C 70.37430 72.82840 1.38037
C 70.06690 76.28080 1.42711
C 68.44190 73.45300 1.08594
C 69.97780 79.65990 1.44921
C 70.21730 82.85100 1.29439
C 70.28320 89.00400 1.43023
C 67.42850 89.14430 2.66788
C 64.52950 90.28480 2.53292
C 69.61390 91.95470 1.35239
C 66.69490 92.66990 1.77198
C 63.64040 93.58260 2.11855
C 60.68590 94.20940 2.24993
C 71.64290 94.25060 0.53755
C 49.23810 79.55710 2.92794
C 52.32610 80.79060 3.61237
C 49.32540 82.79940 2.85676
C 59.35280 81.62240 2.85184
C 55.22750 83.04280 3.13149
C 52.15750 84.23360 3.35745
C 49.54240 86.23290 3.13462
C 57.87390 84.70430 3.68602
C 54.88140 86.06710 3.75512
C 52.12780 87.69440 3.77356
C 54.76200 89.40470 4.30709
C 62.40080 73.19410 1.50063
C 59.42480 72.90270 1.36139
C 56.32340 72.47010 1.10757
C 53.16770 72.15900 0.78340
C 60.43510 75.74390 1.56480
C 57.19800 75.46000 1.37378
C 72.95440 74.49170 1.07920
H 49.49710 94.22230 5.07338
H 68.80180 84.57950 2.57400
H 62.14070 86.86030 5.32029
H 70.27340 87.34970 3.33697
H 67.06820 86.90190 3.74394
H 64.24390 89.01270 4.71177
H 61.19600 89.86970 4.81397
H 60.40030 92.78510 4.10571
H 57.16860 93.29760 4.25341
H 50.69480 79.33820 4.96508
H 54.64620 81.19420 4.17439
H 61.80920 82.28200 2.90869
H 57.19060 82.93500 4.70549
H 59.74930 84.84050 5.43348
H 59.25010 87.78030 5.58940
H 56.61160 89.21370 5.93067
H 53.86260 90.62390 6.29491
H 50.12810 91.51160 5.83187
H 65.96250 71.93470 3.80118
H 62.76710 71.35430 3.09707
H 63.93810 74.30870 3.07720
H 51.40570 72.52180 2.22327
H 65.58620 76.95590 2.73609
H 55.67380 76.13730 2.94785
H 52.58730 75.12480 3.68276
H 66.45490 79.77200 2.52772
H 63.50150 79.54870 2.88099
H 60.42360 79.39100 2.92149
H 57.51140 80.01700 3.37242
H 64.98360 82.51870 2.46921
H 71.60210 71.41780 3.06592
H 68.89060 72.44220 3.41486
H 68.14660 75.27230 2.78107
H 68.49860 77.98550 2.62307
H 71.84360 84.41390 2.26278
H 68.69830 81.45600 2.53484
H 52.61720 93.44940 5.31462
H 69.47850 90.43710 3.23547
H 66.48390 91.20420 3.69248
H 63.47560 92.00200 3.96158
H 71.67960 92.68100 2.45338
H 68.66080 93.51700 3.00167
H 65.63760 94.22920 3.32777
H 62.51630 95.09700 3.64296
H 51.08500 82.73310 4.54094
H 54.01480 84.27940 5.10208
H 51.11880 85.83320 5.03872
H 56.66780 85.96670 5.48571
H 53.87500 87.48780 5.52510
H 51.17750 89.03960 5.47250
H 59.61000 70.91830 2.74309
H 60.77320 73.85350 3.18960
H 57.65050 73.52260 2.93194
H 54.58380 72.99400 2.67907
H 62.12550 76.81660 3.06476
H 58.89910 76.54140 2.99159
H 71.20510 74.61340 2.81015
H 71.42380 77.99240 2.56732
H 71.61540 81.18290 2.42839
C 71.59820 86.12290 4.12661
C 68.56990 86.08130 4.69761
C 66.10850 87.45580 7.03775
C 62.65940 88.93120 6.68108
C 61.99160 91.94180 5.94423
C 55.71710 93.17470 7.70650
C 57.85840 94.88060 5.51311
C 49.28040 75.94740 4.50767
C 51.64510 77.38070 6.33103
C 56.05740 79.44790 5.33191
C 61.06710 83.63530 4.71921
C 48.87560 89.43800 6.30353
C 60.57370 86.37950 7.22183
C 57.49430 87.37130 7.35198
C 51.68760 90.44830 7.44433
C 56.05740 91.71250 5.99059
C 53.63980 92.78670 7.58074
C 66.34530 73.46550 5.83889
C 49.21250 71.59230 2.99002
C 63.94210 76.16410 4.62751
C 54.45340 74.51620 4.66858
C 51.57080 72.98820 4.65707
C 65.12670 78.67380 4.53081
C 62.03920 78.70070 4.63899
C 58.91320 78.37690 4.65256
C 55.12950 77.60640 5.11134
C 66.83350 81.82870 4.12707
C 63.68860 81.42900 4.45665
C 64.13470 85.41960 5.66572
C 73.62360 71.57610 4.60225
C 70.95400 73.10930 4.74855
C 70.07540 76.46500 3.98683
C 68.15310 74.22310 5.10284
C 70.06180 79.75590 3.65182
C 70.39660 82.93780 3.61703
C 71.12080 89.27300 4.66077
C 67.74460 89.29640 4.51576
C 64.95530 90.91950 5.65791
C 70.32000 92.44070 4.44641
C 67.21390 93.20740 4.92830
C 64.05020 94.01780 5.19253
C 60.88580 94.83490 5.45231
C 72.48470 94.72280 3.60794
C 48.92790 79.62600 6.26120
C 52.51640 80.90120 5.46485
C 49.12720 82.83190 6.09447
C 58.77710 81.57870 5.02018
C 55.29420 82.48790 6.24031
C 51.98870 84.00210 6.50954
C 48.96010 86.11270 6.20117
C 57.74960 84.17680 6.77766
C 54.74370 85.67500 6.99331
C 51.86420 87.16360 6.93732
C 54.68350 88.81630 7.48037
C 62.53380 73.19260 4.72980
C 59.28720 72.54670 4.54554
C 56.18740 72.06330 4.28949
C 53.02030 71.69700 3.92073
C 60.63160 75.74440 4.66935
C 57.51450 75.28250 4.65143
C 73.26890 74.89540 4.14137
C 89.12880 2.13480 -2.84215
C 93.28370 4.77937 -3.69387
C 89.97750 4.80021 -0.84835
C 94.72500 7.67878 -4.14598
C 82.27530 0.18086 -2.18056
C 79.14230 0.91803 -1.73328
C 78.36940 4.20476 -0.78022
C 75.62910 5.34122 -0.01721
C 74.37270 8.68379 0.74891
C 71.14310 9.84641 -2.89702
C 73.74790 14.35940 -1.76400
C 75.95430 16.26520 -0.34042
C 76.91460 19.45000 -0.27069
C 86.07520 1.97811 -1.37345
C 82.98920 3.01993 -0.45064
C 81.25430 5.29241 -1.66498
C 85.67810 5.30535 -1.63873
C 80.04920 8.10341 -1.52848
C 77.09950 9.29183 -1.43687
C 92.08690 7.64993 -2.27927
C 88.18360 7.46496 -1.91263
C 76.62140 12.34710 -1.45527
C 94.80060 9.38454 -2.82701
C 79.04430 14.31750 -1.65136
C 0.35773 11.44790 -4.55755
C 80.81000 16.79750 -0.56594
C -0.31322 14.65750 -3.11433
C 79.79090 20.00080 -1.91828
C 94.67100 18.19170 -2.60310
C 92.07370 18.40040 -1.65411
C 88.98780 19.54070 -1.67338
C 85.81020 21.04330 -0.49231
C 0.32645 20.06250 -2.79068
C 95.11540 22.94420 -2.47976
C 0.65706 -0.53877 -3.88962
C 94.14840 -0.69878 -3.84173
C 90.74770 -0.79329 -3.48263
C 87.34150 -0.74902 -2.75165
C 95.46350 2.10728 -4.00575
C 92.14270 2.02166 -3.51551
C -0.07542 5.02096 -4.25273
C 79.93630 95.14120 -1.64654
C 76.79870 95.86300 -0.99040
C 73.72520 -0.66975 -0.28319
C 76.13290 1.65069 -1.00780
C 73.14720 2.50264 -0.27874
C 73.64230 18.69700 -0.93934
C 74.58560 21.75810 -0.95953
C 82.79910 6.61455 -1.33822
C 85.35530 8.67908 -1.67547
C 82.58200 9.92743 -1.51321
C 79.64080 11.21010 -1.43721
C 90.07740 9.77198 -2.51637
C 87.67700 10.89190 -1.90768
C 84.93730 12.00170 -1.62284
C 82.17260 12.94450 -1.65964
C 92.13920 12.19980 -3.04333
C 90.18780 12.97470 -2.12756
C 87.26770 14.11400 -1.69896
C 84.12340 15.39750 -1.46643
C 92.64720 15.19620 -2.22674
C 89.71260 16.20180 -1.85046
C 86.60590 17.44870 -1.56636
C 83.62030 18.66350 -1.39467
H 89.31910 0.03919 -1.58051
H 91.09700 2.68601 -1.40051
H 88.24570 2.96871 -0.59308
H 95.27250 5.84547 -2.52351
H 92.15610 5.70082 -1.61144
H 85.13460 94.96180 -1.05135
H 84.10280 0.81626 -0.54160
H 81.11680 1.37582 -0.17935
H 77.97430 2.21779 0.00669
H 77.58360 4.86121 1.68908
H 74.09280 6.37182 1.75167
H 75.48470 13.79060 -0.03628
H 76.80100 17.78250 1.58202
H 77.82120 20.89260 1.62880
H 85.24200 3.94064 -0.02038
H 82.24030 5.17874 0.64776
H 79.43270 6.46122 -0.40907
H 87.86300 6.01606 -0.44199
H 75.95740 10.58500 0.31242
H 90.24470 8.16993 -0.69124
H 78.49860 12.63160 0.15419
H 0.45440 9.50052 -2.70778
H 92.51370 10.10790 -1.82213
H 78.41360 15.86970 -0.35168
H 79.37300 18.86360 -0.21572
H 94.63510 15.73520 -1.94330
H 82.43560 19.55560 0.74383
H 80.34980 21.88000 0.00581
H 94.15700 18.18810 -0.04546
H 91.20860 19.47040 -0.31949
H 88.34270 20.75520 0.01607
H 0.02015 17.89520 -1.46648
H 95.35370 20.48780 -1.68718
H 95.83660 0.28953 -2.35860
H 92.62890 0.07975 -2.10354
H 0.26138 3.20538 -2.52923
H 94.03860 2.93148 -2.23602
H 73.74420 94.98420 1.54019
H 82.05490 95.69770 -0.50579
H 78.87920 -0.76019 0.10468
H 75.81660 -0.05315 0.77143
H 72.92100 0.78862 1.50623
H 74.96730 3.10809 0.80670
H 73.77920 16.76230 0.64116
H 74.77260 20.00270 0.81211
H 76.61790 7.59998 0.43300
H 84.87220 7.03419 0.04445
H 81.91230 8.27883 0.12657
H 78.92110 9.52340 0.18166
H 87.31790 9.14376 -0.31392
H 84.46320 10.25690 -0.03420
H 81.51020 11.42290 0.08118
H 89.71850 11.23260 -0.61239
H 86.80270 12.31260 -0.12624
H 83.88640 13.45180 0.01150
H 81.02860 14.39190 0.01090
H 92.24860 13.19770 -0.65413
H 89.23470 14.36770 -0.26128
H 86.18840 15.54220 -0.03193
H 83.24220 16.62160 -0.00179
H 91.62160 16.39600 -0.31409
H 88.63680 17.55630 -0.12892
H 85.62320 18.65180 0.14038
C 89.55540 1.70118 0.39818
C 93.87590 4.83633 -0.58734
C 90.73150 5.21565 1.46071
C 95.02360 7.74628 -0.90903
C 82.94810 0.07713 1.17364
C 79.76200 1.17255 1.51717
C 77.23880 3.29574 3.57206
C 76.42110 6.51185 2.82137
C 74.17220 8.64751 2.82603
C 71.24160 9.19575 2.61215
C 73.85170 11.86290 0.24971
C 75.67860 15.57600 1.70534
C 76.17290 19.31430 2.85848
C 86.23150 1.81935 0.52144
C 83.36290 3.37598 1.53054
C 80.08000 5.19646 1.76421
C 86.25340 5.60524 1.50788
C 80.06230 7.91025 1.60570
C 77.29570 9.47225 2.05847
C 91.77140 6.83931 0.67132
C 88.79460 7.80714 1.12556
C 76.64280 12.45970 1.76302
C -0.08331 8.56842 -0.34254
C 79.10660 14.48330 1.68778
C 2.08493 10.80880 -1.25456
C 78.85650 17.27110 1.87176
C -0.56013 13.74360 -1.49840
C 80.19720 20.08370 1.89724
C 94.87390 15.80610 0.60410
C 92.16640 17.98510 1.51893
C 89.33260 19.33570 1.52053
C 86.14910 20.77570 1.41627
C -0.57684 19.43450 0.44420
C 94.96190 22.04700 0.43437
C 0.60713 -0.44246 -0.68155
C 94.42870 -0.76875 -0.62624
C 91.22510 -0.84889 -0.30231
C 87.09380 -0.81833 -0.82745
C 95.84520 2.15599 -0.75251
C 92.78840 1.83667 -0.34630
C 0.22669 5.19505 -1.00406
C 80.57500 95.36750 1.45782
C 77.54210 -1.16342 2.15604
C 74.56550 -0.38504 2.83924
C 76.71340 1.93717 2.15928
C 73.65810 2.66553 2.91845
C 73.28410 18.55030 2.19458
C 74.23690 21.94820 2.21087
C 83.19480 7.09244 1.86166
C 85.74180 8.81464 1.47771
C 82.68210 10.00720 1.63215
C 79.72490 11.22770 1.73793
C 91.44270 9.91327 0.48317
C 88.21440 10.83850 1.23606
C 85.10300 12.02030 1.53205
C 82.20530 13.07670 1.72158
C 93.95210 11.77640 -0.27397
C 90.49860 12.77990 1.08721
C 87.52080 14.06700 1.43117
C 84.42210 15.15520 1.67507
C 93.01600 14.96670 0.99363
C 89.88180 16.05850 1.36414
C 86.92190 17.18100 1.64821
C 83.81710 18.30460 1.91749
C 81.97130 47.38350 -0.02711
C 91.03850 45.14110 -1.93768
C 0.86626 46.70740 -3.55528
C 84.65030 24.16800 -0.90985
C 81.13100 24.05980 1.09142
C 89.67190 26.18510 -1.50580
C 86.49290 26.85260 -1.21826
C 80.00430 27.47020 -0.38117
C 88.48970 29.08660 -1.23092
C 78.86040 30.77220 -0.75570
C 90.55550 31.54740 -1.44689
C 77.99970 33.89970 -0.79150
C 92.70030 33.96860 -1.44338
C 80.13430 36.40150 -0.85811
C 94.72130 36.39100 -1.43426
C 82.04640 38.81580 -0.99786
C 84.30210 41.05780 -1.16740
C -0.80081 41.63460 -1.80534
C 92.71600 42.45880 -1.63946
C 89.19780 43.18370 -1.25480
C 85.94140 43.95240 -0.42526
C 83.77100 44.39650 -0.28464
C 95.18000 44.60330 -1.92275
C 77.87260 22.52860 -0.30829
C 78.89140 25.50890 -0.59567
C 76.68170 28.23120 -1.05864
C 75.12480 31.11510 -2.30927
C 74.12890 34.36020 -2.72834
C 76.91120 36.77120 -0.79003
C 78.69470 39.49200 -0.85309
C 80.85830 42.28210 -0.54062
C 79.37280 45.54010 -0.56444
C 82.47680 21.72630 -0.82664
C 88.57810 23.35470 0.11076
C 93.04830 25.47480 -1.41019
C 89.45100 23.99510 -1.69048
C 91.78430 28.66450 -1.45469
C 93.98600 30.92530 -1.43493
C -0.83410 33.52910 -1.30406
C 83.40240 27.11850 -0.87267
C 85.26270 29.63110 -0.98861
C 82.15250 30.04640 -0.80644
C 87.37950 32.13600 -1.23182
C 84.25380 32.67500 -1.05477
C 81.10270 33.10470 -0.90312
C 89.46290 34.53330 -1.30981
C 86.34210 35.14730 -1.19143
C 83.12660 35.73270 -1.02643
C 91.59890 36.95560 -1.37363
C 88.39180 37.54690 -1.24822
C 85.27480 38.08620 -1.09112
C 0.23850 38.74800 -1.41861
C 93.87930 39.43020 -1.49424
C 90.46100 40.04540 -1.45221
C 87.36620 40.46280 -1.23821
C 75.52450 24.73910 -1.19371
C 73.89510 37.11020 -0.82062
C 75.54930 39.59920 -0.88309
C 77.24900 42.37230 -0.98878
C 73.96400 42.51390 -0.95249
C 75.57090 45.16380 -1.03391
C 0.11583 25.37430 -1.96047
C 95.22370 28.11590 -1.53803
C 0.40753 30.71410 -1.25847
H 84.33550 46.77210 0.12220
H 93.27220 45.66220 -1.01935
H 86.36760 24.77490 0.38299
H 83.26760 25.40650 1.08056
H 88.32000 27.22110 0.42292
H 82.11350 28.44110 0.75878
H 78.50000 29.12920 0.46770
H 90.35120 29.74530 0.25494
H 79.83430 34.50960 0.67559
H 94.43110 34.57230 0.15498
H 81.90680 36.97210 0.71177
H -0.50705 37.04510 0.18031
H 83.93000 39.34630 0.55459
H 95.67550 39.99380 0.12294
H 83.05580 42.32070 0.52574
H 94.62040 42.90930 -0.16369
H 91.26190 43.62210 -0.01668
H 88.14710 44.18510 0.71918
H 85.10770 44.34290 1.89357
H 78.66080 24.07610 1.49255
H 76.68860 26.15640 0.05902
H 74.46380 28.53160 0.16528
H 75.55160 33.22450 -1.03335
H 76.83700 35.14810 1.03996
H 78.65880 37.61170 0.74487
H 80.76960 39.99310 0.38116
H 78.71470 43.25890 0.28670
H 84.25820 22.37270 0.95695
H 93.71570 23.08990 -0.95603
H 91.46580 26.75370 0.03634
H 93.63530 29.06100 0.20586
H 95.64170 31.65590 0.19935
H 85.21820 27.80290 0.67458
H 87.16910 30.33290 0.39234
H 83.98100 30.92110 0.65887
H 80.77030 31.38490 0.80768
H 77.65260 32.20840 1.16521
H 92.40570 32.07880 0.04472
H 89.24100 32.72530 0.26573
H 86.03930 33.35050 0.44292
H 82.91390 33.90220 0.60453
H 91.31040 35.15450 0.21878
H 88.13900 35.74610 0.35465
H 84.99950 36.29500 0.45814
H 93.38380 37.65080 0.17957
H 90.25090 38.22960 0.22209
H 87.10430 38.72750 0.47093
H 92.39320 40.64070 0.00760
H 89.19450 41.23740 0.25965
H 86.06600 41.72850 0.38882
H 75.76280 23.10630 0.69384
H 73.60790 25.41930 0.21985
H 73.79440 35.07030 0.69513
H 75.46880 37.86760 0.91634
H 77.10020 40.50270 0.76120
H 73.89790 40.62380 0.66065
H 75.54900 43.32700 0.71107
H -0.05389 23.26830 -0.68922
H 95.23180 26.14840 -0.48102
H -0.02062 28.78750 0.22971
C 83.71820 46.10590 2.64800
C 92.08200 45.59190 1.21779
C -0.61951 48.68100 -0.13243
C 85.01520 24.12520 2.57154
C 80.49890 23.91010 3.11519
C 89.86420 25.84360 1.75721
C 86.71620 26.64250 2.25501
C 80.14150 27.51920 1.58730
C 88.67390 29.07360 1.94495
C 79.10420 30.40980 2.44602
C 90.74360 31.54370 1.79920
C 78.33370 33.79890 2.60102
C 92.69160 33.86510 1.74322
C 80.20360 36.37070 2.26195
C 94.72130 36.34890 1.78220
C 82.11630 38.91890 2.17134
C 84.45700 41.17470 2.12234
C -0.82668 41.96190 1.56931
C 92.88480 42.54840 1.50388
C 89.65590 43.14760 1.83813
C 86.75700 43.71190 2.80702
C 83.56750 42.73230 2.87458
C -0.52245 44.64830 -0.25233
C 77.09400 22.57690 2.77831
C 77.41860 25.86910 2.46085
C 76.33330 28.49770 0.80418
C 74.43190 30.96130 -0.36107
C 75.31540 33.28910 1.56221
C 77.06050 37.03940 2.59597
C 78.99130 39.64180 2.13174
C 80.76940 42.34270 1.35451
C 79.23650 45.52210 1.34247
C 82.98720 21.54080 2.48611
C 92.04060 21.72490 -0.72724
C 93.16240 25.05040 0.45998
C 90.66740 27.02330 3.30964
C 91.75720 28.42730 1.80411
C 93.84230 30.76020 1.64664
C 95.73280 33.38280 1.88442
C 83.52660 27.18950 2.44026
C 85.52680 29.73820 2.14485
C 82.33520 30.25150 2.38916
C 87.55870 32.19600 1.94187
C 84.42850 32.76390 2.19394
C 81.16880 33.22730 2.32429
C 89.62810 34.53330 1.87452
C 86.46220 35.11050 2.00458
C 83.36240 35.73950 2.20144
C 91.65220 37.02720 1.81237
C 88.66150 37.50660 1.96473
C 85.34820 38.07580 2.07538
C 0.92679 38.95590 0.61542
C 93.89050 39.55440 1.69934
C 90.75750 40.10160 1.76717
C 87.55000 40.64700 1.98512
C 75.42180 25.17820 1.92486
C 73.77280 36.91050 2.37931
C 75.46060 39.79950 2.41939
C 77.35380 42.55500 2.22659
C 73.85110 42.51430 2.26247
C 75.71730 45.33560 2.19773
C -0.38873 24.86050 1.17166
C 95.11740 27.68240 1.53676
C 0.07804 30.55430 1.91944
C 88.01640 46.29850 -0.54982
C 85.24400 48.10880 -1.42102
C 81.98680 49.41210 0.00262
C 79.25640 50.92010 0.66530
C 76.72940 52.82760 -0.29956
C 93.46850 47.32300 -2.24095
C 76.39240 56.19030 0.41153
C 73.76340 57.20290 3.71211
C 76.06210 59.39850 0.65420
C -0.53874 51.83120 -2.22778
C 93.45810 53.41050 -2.15904
C 90.36760 55.03190 -2.09447
C 87.23320 56.23150 -2.18441
C 76.16810 62.71570 0.70734
C 86.75800 59.96770 -2.18203
C 84.92250 61.20290 -1.27756
C 78.86590 64.24400 0.12655
C 84.04690 64.20500 -1.54619
C 81.80420 66.19920 0.22043
C 85.27510 67.68640 -1.23149
C 77.37080 48.27970 -0.67441
C 75.29790 51.34290 -0.58097
C 81.30410 69.66700 -0.27505
C 79.05560 67.71230 1.05374
C 76.12040 66.22640 1.85232
C 73.90660 63.80120 3.12193
C -0.48254 55.53690 -1.64123
C 93.22380 56.72090 -2.32210
C 92.29630 59.76840 -2.56925
C 90.96940 62.69520 -2.60305
C 90.23100 65.88810 -3.36947
C 87.14180 64.88780 -1.82879
C 88.67330 68.82370 -3.35719
C 90.13830 71.62980 -1.82798
C 90.79100 48.44850 -1.69728
C 87.90870 49.91800 -1.52685
C 84.95930 51.49440 -1.33314
C 81.97290 52.65260 -0.45775
C 79.25500 54.45400 -0.24042
C 93.49410 50.31160 -1.98231
C 90.70510 51.60010 -1.89740
C 87.79520 53.10480 -1.74027
C 84.72690 54.61940 -1.33287
C 81.89700 56.11350 -0.77951
C 79.04230 57.64360 -0.16047
C 84.25130 57.70290 -1.61714
C 81.64610 59.38230 -0.89455
C 78.92220 60.93040 -0.09212
C 81.47370 62.70010 -0.69082
C 74.12380 48.06600 -0.81245
C 76.03780 69.59980 1.17595
C 95.46370 59.02510 -2.39389
C 0.63322 61.54920 -2.45299
C 94.37080 62.17650 -2.61322
C -0.47290 64.48580 -2.83767
C 93.24020 65.03480 -2.99827
C 95.16760 67.54600 -3.22605
C 91.99300 68.18840 -3.25302
C 0.16692 69.94290 -3.59719
C 93.83310 70.66840 -3.44857
H 82.75270 48.42590 2.31133
H 90.39460 46.67640 -0.10331
H 87.15160 48.46930 0.30056
H 81.63840 51.35060 1.57511
H 78.54270 52.81000 1.51227
H 75.83240 54.47760 1.52583
H 0.75317 46.73120 -1.02706
H 75.81800 57.58300 2.62853
H 95.41960 50.45680 -0.41309
H 92.57630 51.90710 -0.32558
H 75.73200 60.75890 2.38750
H 92.42910 55.12840 -0.60040
H 89.40790 56.41940 -0.83008
H 86.61400 57.88110 -0.77594
H 75.84800 63.94990 2.81881
H 87.89840 60.68440 0.00791
H 81.01830 64.05720 1.31900
H 78.48020 65.58090 2.14557
H 86.10350 63.20410 -0.55911
H 84.23630 65.82750 0.04678
H 77.05380 46.07630 0.22566
H 75.52160 49.32010 1.00705
H 84.51820 70.08110 -0.77439
H 82.75550 68.32400 1.26806
H 79.90110 69.82920 1.84434
H 77.18690 68.30130 2.57034
H 74.45500 69.96820 3.33020
H 95.23440 53.56730 -0.89229
H 94.98810 57.35960 -0.63388
H 91.98120 58.15110 -0.63058
H 90.93010 60.94230 -0.86839
H 89.24010 63.59600 -1.01285
H 88.85060 66.59310 -2.00887
H 90.54110 69.25930 -1.67550
H 87.29580 69.29520 -1.59048
H 84.32490 49.97980 0.03079
H 92.73750 48.70780 -0.27346
H 89.90490 50.12880 -0.08596
H 87.06820 51.62130 0.08450
H 84.20440 53.09130 0.51027
H 81.37650 54.51180 1.05278
H 78.61780 55.97890 1.63595
H 89.81000 53.31470 -0.33653
H 86.88850 54.77980 -0.14983
H 84.05670 56.24250 0.38611
H 81.23760 57.73300 0.92671
H 78.45270 59.23330 1.62080
H 83.90540 59.45920 0.07681
H 81.14680 60.91460 0.96862
H 78.39630 62.44650 1.79314
H 83.70240 62.63640 0.35195
H 73.91140 46.08920 0.67518
H 0.21954 59.81750 -0.75495
H 94.03380 60.44900 -0.92672
H -0.80214 62.87230 -1.01279
H 92.82360 63.43770 -1.11638
H 94.95870 65.87780 -1.47165
H 91.87900 66.43700 -1.50692
H 0.04360 68.38180 -1.70105
H 93.80520 68.86560 -1.71801
H 95.75640 71.45440 -2.20507
C 88.33510 46.53260 1.31760
C 85.26360 48.50550 1.84207
C 82.57080 49.99240 3.57831
C 79.58420 50.69180 2.55481
C 76.69530 52.61750 3.18784
C 93.79860 46.95000 1.02416
C 76.98260 55.83370 3.58225
C 74.30880 58.21760 5.23820
C 77.28760 59.28970 3.85861
C -0.67911 52.23080 1.04888
C 93.56660 53.68880 1.01675
C 90.59170 55.19570 1.04039
C 87.82540 56.67900 1.11288
C 77.01720 62.59540 3.90334
C 89.55910 58.88200 -0.66143
C 85.57910 61.19260 0.83222
C 79.67210 63.84760 3.39159
C 85.21870 64.21650 1.52496
C 82.50950 65.88380 1.93288
C 85.17850 68.10270 0.74885
C 77.32500 48.40300 1.26748
C 75.36000 51.05700 2.88235
C 82.18810 69.74880 2.89321
C 79.53570 67.66520 2.90168
C 76.65450 66.13810 3.65597
C 73.52020 61.42550 3.41961
C -0.61948 55.54140 0.26654
C 93.22950 56.76640 1.07177
C 92.42090 60.09260 0.93233
C 91.09960 62.95090 0.61240
C 90.11470 65.71720 0.01021
C 88.31640 62.28440 -0.18506
C 88.74180 68.42070 -0.08155
C 90.74730 71.20680 -0.18626
C 91.01980 48.52020 1.46665
C 88.14100 49.99360 1.68173
C 85.36250 51.37920 1.81865
C 82.75160 53.03700 2.57396
C 79.81350 54.29380 2.99831
C 93.59430 50.35470 1.30615
C 90.81590 51.84340 1.40047
C 88.09460 53.34210 1.43408
C 85.39630 54.77300 1.83338
C 82.58570 56.24730 2.34250
C 79.80800 57.60180 2.96183
C 85.36730 57.99810 1.44296
C 82.65410 59.33110 2.17248
C 79.75530 60.81720 2.99029
C 82.50860 62.39020 2.43085
C 73.80760 47.89140 2.40650
C 76.80260 69.88720 4.43555
C 95.31460 59.28080 0.84181
C 0.35850 61.71100 0.81513
C 94.25370 62.41240 0.55355
C -0.58826 64.85350 0.33966
C 93.27060 65.39130 0.25675
C 95.24040 67.85060 -0.02244
C 92.11650 68.35340 -0.02104
C 0.32049 70.49430 -0.47787
C 94.09810 70.94320 -0.33038
C -0.78566 93.83680 -3.84195
C 92.74000 93.79280 -3.78516
C 89.51610 93.52840 -3.48963
C 0.30545 77.69430 -5.64915
C 93.57690 77.88970 -6.09230
C 89.17640 79.00080 -4.10387
C 86.88300 82.00430 -3.72980
C 86.39850 85.33930 -4.58425
C -0.31871 88.72450 -3.84511
C 93.20770 88.69440 -3.92607
C 86.58080 88.35980 -3.56149
C 91.21280 91.11980 -3.63591
C 73.30320 87.83540 1.06129
C 83.16200 88.50740 -3.51937
C 78.53720 89.91410 -0.99869
C 84.12270 91.57000 -2.65645
C 86.12780 93.71530 -3.13446
C 83.00790 94.36140 -2.38137
C 89.39520 75.61580 -1.86055
C 86.23120 71.72610 -1.61284
C 82.57970 69.87780 -2.08245
C 85.43940 75.12580 -2.84795
C 85.75360 78.55420 -3.26455
C 84.02480 80.73930 -1.79446
C 83.33730 83.22650 -3.51408
C 81.06180 85.17740 -2.50232
C 80.24530 87.74600 -1.08067
C 75.97850 86.14220 -0.31258
C 73.17140 84.17740 0.18210
C -0.71996 73.25380 -3.88783
C 92.78140 72.43930 -4.05806
C 93.29720 75.78300 -6.34185
C 95.13770 80.59230 -5.12672
C 92.02230 80.06280 -4.97866
C -0.12757 83.26290 -4.65265
C 93.52690 82.99110 -4.58394
C 90.25810 82.72620 -4.56839
C 95.14730 85.95820 -4.18012
C 91.79130 85.78960 -4.24281
C 88.58840 85.42350 -4.15788
C 89.90690 88.32100 -3.77314
C 87.93450 90.96580 -3.36860
C 75.51630 90.15310 -0.17506
C 72.47720 91.19310 0.61554
C 80.90290 91.99530 -1.68062
C 77.74820 92.80140 -0.90665
C 74.64130 93.57140 -0.24471
C 83.79820 73.61160 -1.08815
C 80.97580 72.82840 -0.39195
C 78.49960 71.22610 0.46788
C 83.60630 77.33020 -1.80751
C 81.07300 75.84600 -0.72406
C 78.39550 74.35070 0.13931
C 75.83060 72.84940 0.87149
C 80.97740 78.82020 -1.32603
C 78.34650 77.42750 -0.32834
C 75.73300 76.04390 0.40641
C 80.91850 81.96420 -1.97324
C 78.41050 80.70830 -0.82753
C 75.80620 79.21570 0.03273
C 72.93420 77.76000 0.68423
C 78.52880 83.91830 -1.31726
C 75.79100 82.51440 -0.32816
C 73.07520 80.91400 0.45061
H -0.63533 92.07830 -1.90491
H 93.03870 91.94280 -1.89603
H 91.17710 94.60540 -2.00286
H 88.04200 94.39170 -1.76317
H -0.29936 75.80490 -3.95020
H 95.33610 78.63620 -4.40971
H 92.31930 78.09560 -3.83390
H 89.91070 78.18310 -1.80398
H 87.62270 79.97520 -2.52100
H 85.32990 83.82580 -2.99380
H 87.09210 86.24890 -2.37106
H 94.83530 89.34310 -1.91617
H 91.59190 89.19390 -2.13163
H 88.38460 88.94820 -1.95732
H 85.16350 88.56630 -1.84592
H 89.70660 91.72790 -1.79132
H 78.70920 88.07310 0.81896
H 75.54990 88.75520 1.49347
H 72.40500 89.62620 2.57366
H 82.33910 89.96420 -2.06386
H 80.57550 90.50470 0.29251
H 86.45200 91.62330 -1.76573
H 87.34760 74.00180 -1.57247
H 85.43670 72.80010 0.56634
H 87.23250 76.81780 -2.28490
H 85.31200 78.76490 -0.82164
H 82.27650 80.63950 -0.43590
H 82.46320 83.68790 -1.18261
H 82.50350 86.83460 -1.71987
H 80.01580 85.50280 -0.27612
H 77.20830 84.25370 0.75426
H 74.48680 85.74060 1.53319
H 92.59410 71.80750 -1.66507
H 1.11075 73.70730 -2.15917
H 94.06720 74.29600 -2.87455
H 90.29930 73.71750 -0.46365
H 94.42870 94.74220 -2.24303
H -0.17057 81.23220 -3.32250
H 93.56890 80.94280 -3.21073
H 90.50240 80.78070 -3.11926
H 95.09440 83.85460 -2.90584
H 91.84820 83.67460 -2.94467
H 88.65860 83.44630 -2.87038
H -0.27830 86.71190 -2.39417
H 93.40430 86.57320 -2.55062
H 90.18330 86.30770 -2.44781
H 77.59760 91.10270 0.89060
H 74.64310 91.83820 1.50953
H 82.98920 92.61320 -0.64752
H 79.88670 93.42520 0.14822
H 76.76350 94.20320 0.83285
H 82.40380 71.45400 1.04314
H 84.83450 75.68730 -0.54376
H 82.40640 74.47180 0.77256
H 79.72310 72.99470 1.67995
H 77.08400 71.46850 2.50870
H 82.40140 77.61320 0.29868
H 79.66490 76.14530 1.23030
H 76.95260 74.65140 2.07358
H 74.22750 73.13930 2.69935
H 79.64390 79.23300 0.71041
H 76.94880 77.77800 1.63187
H 74.19270 76.30270 2.28690
H 79.82380 82.43740 0.19793
H 77.05150 81.02920 1.19784
H 74.26950 79.47560 1.96788
H 74.37670 82.61740 1.71574
C -0.79415 93.81400 -0.54815
C 92.98160 93.66680 -0.46291
C 89.80810 93.64170 -0.21701
C 1.17359 75.99620 -3.15008
C 94.40480 76.81210 -3.00238
C 89.41550 80.52330 -0.95148
C 86.79770 82.14750 -1.94277
C 84.77000 86.04700 -1.92388
C -0.22693 88.20800 -0.43721
C 93.35400 88.25980 -0.59549
C 86.99560 87.67760 -0.38968
C 91.34610 90.75510 -0.23887
C 73.77310 87.64700 2.91861
C 81.91350 88.51730 -0.09178
C 79.23570 89.77840 2.27719
C 84.39020 90.59660 -0.73228
C 86.76560 93.25040 0.04293
C 83.91090 94.54710 0.76692
C 89.19560 73.93530 1.79126
C 87.98250 72.76050 0.60023
C 84.84320 71.09720 1.57269
C 87.11610 75.93100 0.11236
C 87.70740 78.53050 -0.53197
C 84.69710 80.87990 0.07310
C 84.75210 84.06460 -0.54641
C 82.37110 85.56220 0.39246
C 80.00370 86.25730 2.06362
C 76.79450 86.61200 1.43167
C 73.99730 84.34620 3.45353
C 95.77650 73.66600 -1.01021
C 92.41280 74.22240 -1.06445
C 92.30810 75.54680 -4.40131
C 95.29740 79.66090 -2.08696
C 92.11360 79.54520 -1.79205
C -0.14815 82.79200 -1.41542
C 93.50440 82.64340 -1.45907
C 90.28160 82.50860 -1.40484
C 95.02770 85.44500 -1.03244
C 91.92940 85.29680 -1.07109
C 88.67140 85.03070 -0.97944
C 90.11160 87.90450 -0.59642
C 88.18740 90.63520 -0.19114
C 76.20170 90.39960 2.86629
C 73.49810 91.52540 3.68218
C 81.71850 92.33450 1.46864
C 78.49820 92.97230 2.16284
C 75.38470 93.77590 2.85713
C 84.72160 74.55700 1.66256
C 81.90320 73.12860 2.77391
C 79.30020 71.47670 3.57365
C 84.68430 77.48210 1.13086
C 81.87440 76.31610 2.29497
C 79.13110 74.82220 3.22223
C 76.32780 73.27570 4.01843
C 81.85870 79.51620 1.70603
C 79.11980 77.96500 2.74263
C 76.28720 76.48250 3.57767
C 82.14960 82.61170 0.97911
C 79.30370 81.14200 2.19971
C 76.38600 79.66340 3.15382
C 73.49180 78.12110 3.87247
C 79.42780 84.32070 1.79940
C 76.61960 82.93990 2.73737
C 73.71310 81.18770 3.62839
