2979
Frame 186
C 12.57340 95.29900 -1.74470
C 13.77730 0.93244 -1.43162
C 11.64580 2.53946 -3.01561
C 10.58930 5.94287 -3.56389
C 7.94809 8.87438 -3.63158
C 4.31869 8.50107 -4.60891
C 2.38973 8.37157 -5.49591
C 23.79820 0.50314 0.15261
C 22.03410 4.10576 0.69437
C 24.90180 5.78918 -0.82711
C 24.52190 11.63960 -0.78929
C 19.50250 1.02280 -1.48930
C 15.86350 -0.96937 -0.04169
C 19.18580 4.20128 -1.40011
C 22.59670 8.58168 -0.95044
C 19.64040 7.30916 -1.24135
C 13.78210 4.53344 -1.43479
C 23.27770 13.31360 -0.30462
C 14.29480 8.17585 -2.24467
C 22.77790 16.20450 -1.29014
C 11.71640 10.41700 -2.66538
C 22.63710 19.67590 -1.18688
C 12.53230 13.42180 -1.92801
C 9.31245 12.67020 -2.58013
C 22.88450 22.79190 -0.78369
C 14.48550 17.72820 -0.93415
C 11.03250 15.95190 -0.53757
C 14.39710 21.19760 0.08530
C 20.41530 -0.90844 -1.20753
C 5.37167 10.48540 -2.36718
C 6.42087 14.01020 -1.74779
C 3.34814 14.01740 -2.45695
C 7.98966 16.49630 -1.07395
C 2.06695 16.95650 -2.63598
C 9.50867 19.06320 -0.76287
C 11.06160 21.69050 -0.70752
C 9.25146 94.86030 -2.69804
C 10.64480 0.55177 -2.58873
C 7.24519 0.09965 -3.44966
C 3.86343 -0.22548 -3.81878
C 8.61370 2.75302 -3.71260
C 5.20720 2.45216 -4.15995
C 1.92601 2.34208 -4.26590
C 6.92677 5.26238 -4.69331
C 3.33304 5.25783 -4.66503
C 16.45260 2.58216 -1.52205
C 16.74760 5.98523 -1.55343
C 20.44590 10.98660 -0.08639
C 17.30350 9.35882 -1.40519
C 20.36070 14.38780 -0.91453
C 17.63950 12.56820 -1.00346
C 14.87030 11.33920 -1.72509
C 20.04480 17.82210 -0.90847
C 17.52040 15.99610 -0.84672
C 14.89620 14.58340 -1.22184
C 20.01960 21.11210 -0.73584
C 17.23150 19.33790 -0.73030
C 4.92956 16.79520 -1.70811
C 6.40429 19.36160 -1.15907
C 3.36751 19.65840 -1.66463
C 7.95359 21.91770 -0.86637
C 4.82337 22.18620 -1.21209
C 1.69010 22.43760 -1.71583
H 13.32090 -0.77920 0.32242
H 11.56420 1.69362 -0.62515
H 10.03680 4.05939 -2.08931
H 8.20141 6.56355 -2.89130
H 1.67143 6.17611 -2.91865
H 3.51735 8.86989 -2.13997
H 22.52520 1.84937 1.93934
H 24.46070 4.12247 1.01338
H 22.90180 6.53110 0.60746
H 24.41940 9.46896 0.68172
H 24.91300 15.28610 -0.07716
H 19.93730 2.65010 0.55855
H 17.30090 1.08801 -0.11019
H 20.01640 5.61012 0.58105
H 14.50030 2.66960 0.14731
H 14.82120 6.30335 -0.61640
H 21.20840 13.03520 1.12000
H 12.28810 8.29127 -1.30336
H 23.72100 17.92660 0.44268
H 21.12740 16.19470 0.60417
H 9.69325 10.51450 -0.98082
H 23.80050 20.90350 0.61140
H 10.23680 13.59480 -0.80745
H 12.69000 17.69200 0.26012
H 9.38491 17.28020 0.83967
H 21.93620 -0.99728 0.62355
H 1.29681 12.56730 -3.13461
H 6.96210 12.17220 -1.41258
H 3.63517 11.93340 -1.05409
H 7.56293 14.59380 0.53868
H 6.15919 17.41950 0.32647
H 10.97040 19.94530 1.28592
H 7.81017 20.04490 0.76021
H 10.38550 96.01340 -0.88112
H 7.16581 95.68290 -1.62983
H 3.89323 95.34780 -2.02730
H 0.76684 94.98580 -2.25603
H 8.51526 1.27520 -1.69717
H 5.30360 0.91651 -2.22130
H 2.08894 0.69989 -2.43815
H 6.69213 3.78539 -2.67757
H 3.49249 3.54414 -2.79507
H 4.90601 6.29513 -3.38668
H 17.25320 4.26028 0.16972
H 20.61980 8.59801 0.63714
H 17.63230 7.53411 0.20291
H 18.01020 10.66190 0.56561
H 15.14060 9.44497 -0.18529
H 18.32440 14.42750 0.56150
H 15.51940 12.72070 0.25571
H 12.68860 11.42090 -0.54514
H 21.02730 19.41600 0.66591
H 18.26450 17.70530 0.83116
H 15.50820 16.02320 0.67542
H 12.90930 14.56460 0.22033
H 18.22140 20.90810 0.94097
H 15.45090 19.13760 0.98628
H 4.47073 14.77710 -0.40250
H 1.39760 15.04690 -1.28866
H 3.01927 17.62150 -0.44301
H 4.66493 20.25190 0.26267
H 1.47282 20.42060 -0.35564
C 11.55980 95.65190 1.34305
C 12.87270 1.39689 1.45799
C 11.05480 3.88068 0.20848
C 10.49630 6.54115 -1.71644
C 7.88260 8.87542 -1.64063
C 3.87161 7.58575 -0.22437
C 1.46076 8.07668 -3.35118
C 23.54090 0.17178 2.03200
C 23.62860 2.72996 4.00289
C 24.36660 5.97290 2.67218
C 24.60530 11.57170 2.27179
C 18.87440 0.85667 2.04403
C 15.15600 -1.23393 1.93915
C 18.63060 4.23787 2.21130
C 22.56120 8.54100 2.25177
C 19.10570 7.38283 2.20090
C 13.13820 4.62873 0.42675
C 23.02720 12.75260 2.86493
C 13.59670 7.83565 0.92777
C 23.20190 15.82060 1.91100
C 11.09690 9.80705 0.62411
C 22.82850 19.46840 2.36646
C 11.60200 12.77960 1.20755
C 8.57881 12.27670 0.61122
C 23.10150 22.53560 2.36065
C 14.24390 17.40010 2.34294
C 11.27120 15.88960 1.50134
C 14.14650 20.98000 2.00498
C 19.87790 -1.14312 1.85528
C 5.47657 11.57730 0.62435
C 5.50696 13.49600 1.39395
C 2.44431 13.64930 0.43089
C 7.47209 16.06480 2.00806
C 1.02715 16.60970 0.53876
C 8.93948 18.92380 2.64915
C 10.92060 21.77100 2.67143
C 8.45616 95.11200 0.35165
C 9.64170 0.67659 0.44359
C 6.71187 0.41299 -0.25416
C 3.62463 0.10270 -0.62462
C 8.10286 3.42483 -0.62601
C 5.05291 3.02952 -0.97973
C 2.03579 2.69284 -1.05628
C 6.69861 5.94092 -1.36200
C 3.51131 5.68196 -1.28943
C 16.00030 2.63897 1.68951
C 16.15310 5.97829 1.43863
C 20.18800 10.78490 1.74983
C 16.74020 9.26288 1.76661
C 20.19090 14.54930 2.35639
C 17.30780 12.61530 1.96065
C 14.10440 10.99250 1.44116
C 20.21900 17.76210 2.31059
C 17.31140 15.93520 2.31695
C 14.52050 14.22950 2.02310
C 20.18440 20.89130 2.44600
C 17.10510 19.20700 2.50937
C 4.17063 16.38590 1.37079
C 5.92423 19.16030 2.04076
C 2.75174 19.24610 1.35186
C 7.70967 21.92640 2.32787
C 4.42913 22.02470 1.92445
C 1.23065 22.08430 1.38511
C 22.58870 26.00390 -0.98224
C 19.95230 27.77500 -0.22912
C 14.90280 24.66640 0.04857
C 18.69460 29.17620 -1.15102
C 22.79450 28.99570 -0.75805
C 24.10830 31.62270 -1.72101
C 23.46440 35.24710 -2.04763
C 25.79880 45.57720 -3.00816
C 22.16750 44.20490 -1.76833
C 20.95830 31.44950 0.88300
C 18.90880 32.77560 -1.89821
C 14.89950 27.57580 -1.47682
C 19.19410 34.71170 -1.66002
C 12.84810 34.15040 -1.68563
C 20.14720 37.92220 -1.63767
C 10.51010 36.28800 -1.29994
C 21.31170 41.16020 -1.80230
C 18.10750 40.73540 -1.66449
C 8.52516 38.60810 -1.61056
C 3.98674 38.59840 -2.39684
C 16.12760 43.18320 -1.60766
C 2.59951 42.19750 -2.05905
C 13.80270 45.29830 -1.80292
C 4.99327 43.90950 -2.41533
C 2.66570 46.50050 -2.63941
C 12.94340 24.24020 -0.67272
C 11.75240 27.45960 -0.64627
C 12.37090 30.83420 -1.60437
C 9.58031 30.03790 -1.12560
C 9.29638 33.06450 0.10228
C 5.47263 33.21880 -0.81407
C 7.50604 35.81570 0.59197
C 1.28229 35.96690 -1.04897
C 20.11260 24.30070 -0.45686
C 17.31270 22.78030 -0.35131
C 17.54150 26.02000 0.02977
C 15.91160 34.67120 -1.94929
C 16.93570 37.83000 -1.78061
C 13.75230 37.08720 -1.60612
C 14.81340 40.10840 -1.64522
C 11.64320 39.40910 -1.58825
C 12.84660 42.43320 -1.71539
C 9.72928 41.85670 -1.84633
C 6.52673 41.26120 -2.09407
C 10.80680 44.95640 -1.83533
C 7.74790 44.42290 -1.97747
C 5.72594 46.96190 -2.10050
C 9.78229 24.60630 -0.83349
C 6.46197 24.74770 -0.98615
C 3.21429 24.99180 -1.25294
C 8.08084 27.32270 -1.04562
C 4.83932 27.55760 -1.10484
C 1.66954 27.86790 -1.22406
C 6.51635 30.20650 -1.04155
C 3.46799 30.42470 -1.01384
C 2.36569 33.28150 -0.89043
H 0.72352 42.54780 -0.30566
H 23.79220 24.06190 0.36346
H 21.19050 25.80980 1.03952
H 15.60500 22.84770 1.45068
H 18.62330 27.37800 1.90287
H 15.91110 26.05480 2.08796
H 16.44400 28.37200 -0.12360
H 24.01180 27.27100 0.58633
H 24.35180 30.41520 0.56712
H 21.43510 29.06120 1.31526
H 23.78440 40.43180 -1.92079
H 24.63730 43.56170 -1.95072
H 22.35260 42.47800 0.07037
H 20.20390 44.73070 -0.18417
H 19.49920 33.53020 0.59796
H 16.65620 32.95820 -0.83951
H 13.68880 32.42170 -0.08339
H 20.61720 36.33250 -0.27107
H 11.29800 34.53030 0.23866
H 21.41890 39.44520 -0.01295
H 8.83076 37.19240 0.45830
H 19.32670 41.83770 -0.29218
H 6.66572 39.63320 -0.02769
H 2.45135 39.89970 -0.98113
H 17.28940 44.26860 -0.36721
H 4.71095 42.15940 -0.73469
H 15.22630 46.70900 -0.36922
H 2.92301 44.52730 -1.11782
H 12.58570 22.51710 0.98103
H 9.47953 22.76180 0.86473
H 11.27850 25.43400 0.69900
H 13.36540 29.34530 -0.28597
H 10.99050 31.33080 0.40672
H 8.11959 30.99440 0.66060
H 7.01350 33.94150 0.51696
H 3.79378 34.07360 1.00797
H 0.67783 34.19750 0.60169
H 2.48806 37.01800 0.42969
H 21.09890 22.55850 0.94260
H 18.42110 24.17600 1.35947
H 23.24360 45.18510 0.23410
H 17.45430 35.90080 -0.26628
H 14.34960 35.27070 -0.07983
H 18.38630 38.81590 -0.05208
H 15.23260 38.27310 -0.03021
H 12.05870 37.65680 0.08542
H 16.25450 41.24620 -0.02484
H 13.04770 40.68380 -0.00135
H 9.83479 40.10970 -0.07830
H 14.20620 43.61970 -0.06767
H 11.00940 43.14970 -0.19302
H 7.86185 42.57700 -0.41857
H 12.15810 46.26860 -0.25307
H 9.00858 45.69290 -0.30894
H 5.92782 45.12300 -0.51591
H 6.27286 22.89640 0.61490
H 3.07026 23.06010 0.19437
H 8.03552 25.56520 0.69406
H 4.77196 25.71210 0.51001
H 1.47487 25.89310 0.24482
H 9.71007 28.28680 0.54214
H 6.48735 28.33860 0.50828
H 3.26544 28.55630 0.53341
H 5.07717 31.21270 0.65945
H 1.92807 31.38960 0.61444
C 23.24940 25.70300 2.34889
C 20.49700 27.31210 2.98014
C 14.65740 24.18440 3.31505
C 16.44900 28.60370 2.50344
C 23.34500 28.88500 2.39092
C 23.17770 32.25730 1.45674
C 22.93170 35.40410 -0.24725
C 24.64690 43.16760 0.62021
C 21.71980 44.12070 1.88977
C 20.31830 30.81090 2.76949
C 17.36000 32.67890 1.66853
C 15.46470 30.75090 -0.64472
C 20.25920 34.93210 1.98333
C 13.17540 34.08970 1.75039
C 20.07670 38.04010 1.58090
C 10.80650 36.40420 1.85591
C 20.95990 41.22910 1.69496
C 17.99840 40.61550 1.58930
C 8.51932 38.89680 1.75525
C 4.46289 38.32750 -0.33781
C 16.00480 43.11410 1.54888
C 2.83017 41.33760 0.77118
C 13.86770 45.57330 1.35497
C 4.35147 43.93700 0.89877
C 2.34999 46.17850 0.81065
C 12.73620 24.30280 2.49834
C 12.06440 27.76130 1.15218
C 12.99160 30.78750 1.70171
C 9.86824 30.10820 2.20693
C 10.14960 33.09010 1.90202
C 5.55999 32.90600 2.41307
C 4.19689 35.78780 1.98120
C 0.80563 36.07990 2.11827
C 20.45500 24.16030 2.70140
C 17.47650 22.39390 2.82362
C 17.65400 25.48090 3.39854
C 16.22870 34.36900 1.26572
C 17.01330 37.57140 1.57042
C 13.86470 36.99460 1.60377
C 14.79600 40.09430 1.59097
C 11.56280 39.56110 1.60945
C 12.67700 42.56820 1.53224
C 9.48151 42.05530 1.39811
C 6.24330 41.37320 1.13182
C 10.70180 45.09510 1.33971
C 7.53583 44.41940 1.16243
C 5.45498 46.90450 1.09230
C 9.59115 24.70010 2.39117
C 6.27345 24.73760 2.20080
C 2.97115 24.79090 1.88551
C 8.03226 27.50090 2.20196
C 4.84977 27.52710 2.12259
C 1.46802 27.68420 1.97775
C 6.55505 30.09990 2.26601
C 3.40543 30.32450 2.24024
C 1.94924 33.09470 2.38783
C 20.07500 46.83210 -1.79330
C 16.98410 46.24890 -2.01622
C 14.95850 48.48960 -2.07100
C 16.33820 52.27040 -1.74189
C 13.86350 55.52590 -1.26650
C 16.74300 56.65730 -3.63422
C 19.89580 57.94210 -2.00335
C 21.61520 60.77950 -1.64103
C 23.70170 63.40250 -1.47470
C 18.72130 60.89460 -2.00954
C 16.24510 59.51780 -1.88853
C 13.42690 58.04420 -1.84170
C 10.10160 56.45800 -0.62625
C 22.17170 65.96170 -1.77227
C 19.80140 63.99950 -1.24987
C 10.54480 60.02910 -1.21408
C 22.93020 69.27150 -1.64368
C 11.05320 63.27930 -2.20287
C 11.40690 66.62550 -2.80074
C 8.80654 68.58140 -3.35854
C 13.52060 48.03550 -3.54537
C 6.73322 49.98390 -1.89925
C 3.47591 49.47750 -2.11099
C 10.91520 53.66280 -1.74715
C 7.75918 52.86740 -1.94724
C 4.54342 52.29070 -2.04180
C 1.36287 51.72740 -2.09371
C 6.99163 55.75420 -0.51289
C 8.36208 57.63050 1.52373
C 6.96561 60.30150 -1.83261
C 9.00066 62.82270 -2.18202
C 7.93857 65.71560 -2.67461
C 6.73647 68.62220 -3.25682
C 23.13890 46.98190 -1.44281
C 21.38350 49.66410 -1.41634
C 17.68250 49.55370 -0.88440
C 23.03770 52.33380 -1.35491
C 19.59990 52.44660 -1.61760
C 21.25120 55.14370 -1.58548
C 23.09420 57.79820 -1.48313
C 16.38520 63.23000 -2.26478
C 13.77440 61.31380 -1.30917
C 19.88020 67.84080 -2.05701
C 16.97200 66.28800 -2.37079
C 13.85380 64.99900 -2.42028
C 17.30030 69.56920 -2.58089
C 14.39340 68.07930 -2.78478
C 11.88500 69.79720 -3.26373
C 11.86640 48.00680 -1.98123
C 8.80886 47.49890 -1.89890
C 9.89423 50.53050 -1.81305
C 3.08057 55.28480 -1.24869
C 5.03297 57.98620 -1.61665
C 1.82700 58.51300 -1.94526
C 3.77277 61.00050 -2.06432
C 5.82066 63.42950 -2.33203
C 2.65779 63.94680 -2.45861
C 4.64565 66.34620 -2.82133
C 1.53212 66.92350 -2.91544
C 3.59668 69.36150 -3.31995
H 1.71138 49.86840 -0.32634
H 18.30100 47.25630 -0.11224
H 15.97720 50.81320 0.21022
H 15.23200 53.79530 -0.14415
H 15.79040 57.07610 -1.77448
H 21.33750 58.84000 -0.13271
H 18.26290 58.94520 -0.51666
H 23.12690 61.56530 0.12351
H 14.33060 56.50440 0.94260
H 11.93960 54.91580 0.12218
H 21.90900 64.25400 -0.06371
H 19.94380 61.80780 -0.14091
H 16.80420 61.49870 -0.59981
H 14.56760 59.33570 -0.11318
H 11.71130 58.10340 -0.15455
H 23.14630 67.31970 -0.04873
H 11.65650 62.00390 -0.35308
H 11.95350 65.23070 -0.78619
H 9.47578 67.15290 -1.48501
H 9.91887 70.25550 -1.96507
H 13.25560 49.28320 -0.33672
H 3.85114 47.51930 -0.66932
H 11.18830 51.77780 0.08790
H 8.07445 51.13480 -0.19178
H 4.91536 50.48320 -0.38869
H 8.96163 54.27570 -0.31491
H 5.97445 53.49490 -0.30868
H 2.90048 52.86190 -0.56855
H 7.08604 55.33400 2.04613
H 6.55886 58.87690 0.26065
H 8.60493 61.26690 -0.35223
H 7.52285 64.19810 -0.70459
H 6.42363 67.13510 -1.39719
H 5.44072 70.17720 -1.83217
H 24.71720 47.74380 0.26598
H 21.42460 47.68720 0.11428
H 22.97080 50.51420 0.29338
H 19.82510 50.44560 -0.06415
H 21.29310 53.23950 0.07345
H 18.17510 53.07530 -0.27150
H 22.87860 55.97120 0.19382
H 19.58470 55.98040 -0.26652
H 20.21360 66.17460 -0.36462
H 17.54190 64.62660 -0.60972
H 14.56020 63.49830 -0.63526
H 20.74670 69.37450 -0.37448
H 17.82610 67.98070 -0.78436
H 15.01270 66.57010 -0.95089
H 15.26010 69.74840 -1.24773
H 12.41970 68.33960 -1.33419
H 10.13950 48.67110 -0.20406
H 6.98313 48.10630 -0.35689
H 4.71302 56.34760 0.23614
H 1.43799 56.97530 -0.41593
H 3.48880 59.34230 -0.24568
H 5.47364 61.79500 -0.53826
H 2.35514 62.37610 -0.61503
H 4.38630 64.77470 -0.94684
H 1.27252 65.36920 -1.07824
H 3.28535 67.81410 -1.44194
H 2.26031 70.80760 -1.89412
C 19.84690 46.60060 1.68984
C 16.76900 46.08400 1.45461
C 14.83140 48.76090 1.08121
C 16.52600 52.40600 1.58180
C 13.71280 54.20690 1.72632
C 17.12310 55.28830 -0.58651
C 19.56330 57.99420 1.40841
C 21.32080 60.67030 1.54519
C 23.56280 63.52270 1.55191
C 18.23090 60.70500 1.24154
C 16.36330 57.83770 0.59041
C 13.26750 58.54840 1.79034
C 12.01770 56.67830 1.89131
C 21.76080 66.10770 1.48891
C 19.59040 64.08300 0.61060
C 10.51190 60.10960 0.69364
C 22.42590 69.19060 1.47078
C 10.97320 63.70340 1.06221
C 11.14150 67.07180 0.38832
C 8.84260 69.05050 -0.09456
C 13.76050 51.76530 -0.17664
C 6.56995 49.88620 1.27562
C 3.31701 49.23930 1.07166
C 10.42460 53.79670 1.64630
C 7.70825 52.94550 1.41281
C 4.53929 52.24080 1.27889
C 1.54759 51.81700 1.28023
C 5.12041 55.23260 2.52657
C 7.75394 57.37430 3.46581
C 6.78227 60.73780 1.32365
C 8.88793 63.20430 1.12310
C 7.96900 66.13700 0.24518
C 6.81484 69.09410 -0.05413
C 23.00970 47.01370 1.86908
C 21.25350 49.54090 1.72322
C 17.89080 49.41180 1.00409
C 22.80570 52.38250 1.85240
C 19.59340 52.26150 1.57926
C 21.13890 55.06340 1.71243
C 22.72300 57.90580 1.69172
C 16.35840 63.28590 1.02688
C 13.79330 61.53910 0.63044
C 19.42620 67.91890 1.08112
C 16.70190 66.45960 0.80063
C 13.78400 65.32970 0.81745
C 16.85230 69.72680 0.61392
C 14.14880 68.36970 0.42440
C 11.57680 70.26370 -0.11547
C 11.88120 48.05580 1.41949
C 8.64641 47.48020 1.32550
C 9.90357 50.53240 1.47898
C 2.64462 55.04350 0.59521
C 4.57544 58.29250 1.73945
C 1.62497 58.71340 1.26690
C 3.72368 61.35620 1.13496
C 5.68778 63.81290 0.88172
C 2.63446 64.41850 0.70603
C 4.71891 66.83310 0.27777
C 1.63001 67.36230 0.27933
C 3.67825 69.84870 -0.13026
C 9.57752 89.29910 -2.11904
C 11.09200 92.35080 -2.07680
C 7.77386 92.16780 -2.89627
C 4.39985 91.58480 -3.29608
C 1.10758 91.36340 -3.61798
C 4.79316 74.62710 -4.14002
C 9.82412 77.57820 -3.97759
C 6.56005 77.49650 -4.30682
C 3.51433 77.52390 -4.66098
C 13.66440 83.58560 -4.89933
C 10.27370 87.30360 -2.07397
C 6.45982 89.13710 -3.10944
C 3.00809 88.86990 -3.56896
C 22.95220 80.04200 -0.88837
C 19.74040 80.89060 -1.41550
C 16.74870 82.83650 -2.49484
C 13.29410 85.49860 -5.44272
C 13.32520 86.84450 -2.13558
C 12.66870 89.77810 -1.73002
C 14.80860 92.21620 -1.31427
C 17.49750 94.07590 -1.26808
C 23.18690 94.70440 -0.85033
C 23.35610 72.71920 -1.35749
C 23.64130 76.21930 -0.45468
C 21.08370 77.60230 -1.84677
C 9.06293 71.60390 -3.79228
C 15.38200 77.79970 -3.62080
C 12.89900 75.95830 -4.19252
C 8.34612 74.62780 -3.46550
C 15.61310 81.17480 -3.12949
C 5.72231 71.71740 -3.76454
C 2.44972 72.47900 -3.64617
C 5.76773 94.60270 -3.38341
C 2.54831 94.09100 -3.64693
C 8.10057 80.35890 -4.51273
C 4.87827 80.42520 -4.61579
C 1.75990 80.37240 -4.90113
C 10.09860 83.73090 -3.77845
C 6.16025 83.31080 -4.42094
C 3.10735 83.29130 -4.46905
C 7.76846 86.08930 -3.87555
C 4.64884 86.25020 -3.96298
C 1.49566 86.10820 -4.11191
C 22.26880 82.97250 -0.97079
C 19.39130 84.40010 -1.70164
C 16.47750 85.82730 -2.00448
C 21.83780 86.31720 -1.10747
C 18.92590 87.75610 -1.50918
C 15.75440 88.90690 -1.78215
C 24.23990 88.29190 -0.58743
C 21.18060 89.72060 -1.05250
C 18.11730 91.01220 -1.32069
C 23.99200 91.61970 -0.55037
C 20.67760 92.86130 -1.11438
C 20.26900 71.01880 -2.16419
C 20.57850 74.18710 -2.18254
C 17.73850 72.77400 -2.71789
C 14.76430 71.30020 -3.09337
C 18.11890 76.07090 -2.79221
C 15.48400 74.43700 -3.52666
C 12.06000 72.73800 -3.88667
C 18.41740 79.54100 -2.46686
H 10.66570 90.60140 -0.36640
H 7.53530 90.35960 -1.25497
H 12.10450 93.47750 0.00153
H 5.78318 92.81480 -1.63644
H 2.55757 92.35650 -1.85983
H 6.34395 75.77430 -2.51063
H 3.20253 75.92710 -2.82128
H 8.01927 78.63970 -2.64853
H 9.65275 81.38780 -2.79190
H 12.33450 82.80020 -2.80495
H 8.56573 87.92390 -0.35359
H 4.45689 89.66060 -1.68058
H 1.20567 89.44440 -1.99826
H 22.24080 78.05970 0.29499
H 21.39770 81.26940 0.57936
H 18.42900 82.71420 -0.67392
H 15.56500 83.93680 -0.58764
H 14.14700 85.41150 -2.98259
H 11.91130 87.75920 -0.32807
H 14.21550 90.16470 -0.24675
H 16.73910 92.21630 0.34249
H 14.89970 94.25080 -1.31279
H 19.43270 94.28860 0.06948
H 23.77700 70.61260 -0.02502
H 23.82300 74.05090 0.82418
H 21.29530 75.63590 -0.36660
H 18.73700 77.50090 -1.23114
H 13.12020 74.57430 -2.64314
H 10.17670 73.34400 -2.41342
H 7.42944 72.68670 -2.28541
H 15.99940 79.23420 -1.54377
H 13.09150 77.97010 -2.32097
H 4.37397 73.08770 -2.21573
H 9.01410 93.13860 -0.97677
H 4.87000 78.65060 -2.92184
H 1.60200 78.39000 -3.49496
H 6.42954 81.39170 -2.93372
H 3.18518 81.28920 -3.12354
H 7.86281 84.22650 -2.80669
H 4.60073 84.13010 -2.72258
H 1.42893 84.00420 -2.83666
H 6.11165 86.90850 -2.08694
H 2.95906 86.76390 -2.27154
H 24.43330 80.09320 1.10879
H 23.79630 83.35170 0.97332
H 20.88100 84.53290 0.32071
H 18.03560 85.86130 -0.21680
H 15.07030 87.01670 -0.33879
H 23.27260 86.54080 0.87055
H 20.49100 87.79700 0.34277
H 17.43830 89.03740 0.05126
H 22.84020 89.79330 0.77621
H 19.80350 91.06620 0.49740
H 22.36120 93.02320 0.75388
H 21.10190 72.50020 -0.42810
H 18.14190 71.17180 -0.92843
H 18.45210 74.36110 -0.98003
H 15.57760 72.94390 -1.55592
H 12.73680 71.56430 -1.81019
H 15.79620 76.09700 -1.88379
C 8.65340 90.06550 0.88639
C 10.31920 92.60350 1.09962
C 7.18372 92.18400 0.31238
C 4.21842 91.53300 -0.15534
C 1.14573 91.12030 -0.18538
C 4.54771 75.15420 -0.89125
C 9.53689 77.88830 -0.83657
C 6.26325 77.81200 -1.06049
C 3.04147 78.02510 -1.52393
C 11.98580 80.23010 -2.57956
C 9.89316 87.28250 1.23065
C 6.19830 88.58200 -0.23802
C 2.77764 88.37320 -0.39244
C 22.25610 79.58020 2.17220
C 19.29110 80.58780 0.50243
C 16.42090 82.09620 0.77149
C 13.49790 83.42060 -1.31139
C 12.97840 86.15820 0.81208
C 12.22680 89.68940 1.25513
C 14.31550 92.57380 0.56290
C 17.45960 93.78820 1.76189
C 22.72000 94.60700 2.32972
C 22.67940 72.32880 1.58565
C 22.50830 76.03420 1.72806
C 20.00620 77.34520 0.90733
C 9.12401 72.09170 -0.57710
C 14.15450 77.53390 -0.67259
C 10.78940 76.85240 -2.19970
C 8.43665 74.85190 -1.56098
C 14.88390 80.76330 0.06303
C 5.88672 72.22140 -0.45132
C 2.62303 72.80380 -0.39616
C 5.36417 94.74450 -0.17674
C 2.34861 94.32650 -0.43920
C 8.17560 80.78610 -1.20457
C 4.71981 80.53720 -1.36599
C 1.57591 80.09370 -1.75881
C 10.15520 83.78410 -1.94045
C 6.25735 83.16370 -1.20829
C 3.00868 82.95390 -1.32427
C 7.75928 85.65130 -0.75013
C 4.51024 85.60640 -0.74691
C 1.33178 85.51850 -0.93720
C 21.60220 82.83810 2.07718
C 18.72320 84.08590 1.34666
C 16.07580 85.45420 1.27155
C 21.17560 86.19530 2.09686
C 18.40290 87.37790 1.62922
C 15.33780 88.68910 1.41198
C 23.64580 88.26740 2.57360
C 20.76620 89.47300 2.13489
C 17.79250 90.59160 1.90082
C 23.19980 91.51530 2.51603
C 20.22490 92.89990 2.05424
C 19.63960 71.06520 0.99200
C 19.90400 74.13440 0.97451
C 17.05030 72.89350 0.41261
C 14.32560 71.57180 0.03855
C 17.08900 76.15760 0.11754
C 14.36030 74.69330 -0.45985
C 11.83710 73.54350 -0.69902
C 17.06580 78.25340 0.50310
C 38.26380 0.08207 1.75288
C 36.24240 -0.05922 0.85445
C 39.55120 2.77868 1.88491
C 48.09320 9.15579 1.53277
C 45.03650 8.66394 1.65487
C 42.09920 8.15522 1.48065
C 42.86590 11.23660 1.09946
C 33.45400 -0.71293 2.29658
C 27.56510 0.34293 0.21033
C 35.58050 2.76083 2.16732
C 37.42130 5.36253 1.21340
C 39.00610 8.14289 1.00896
C 26.09600 8.64421 -0.61380
C 40.70320 10.87910 0.71508
C 39.53040 13.72530 -0.11080
C 26.52010 14.27910 -1.08824
C 28.16910 17.08320 -0.94140
C 36.49450 19.83040 -0.55241
C 33.14780 19.71480 -0.52414
C 29.83650 19.76230 -0.74913
C 26.01670 20.39580 -0.39951
C 49.07670 10.85500 1.20889
C 45.88420 11.91870 1.68843
C 42.87480 13.30680 -1.56231
C 42.52650 16.86220 -1.23793
C 39.77480 19.51030 -1.28112
C 39.99180 21.73600 -1.18823
C 47.38670 0.97100 3.25823
C 44.36820 0.58274 2.97373
C 41.33070 0.32858 2.49751
C 48.69250 3.64400 2.76265
C 45.64090 3.39079 2.74478
C 42.57060 3.03617 2.46309
C 46.99080 6.21817 2.19084
C 43.84340 5.76213 2.14065
C 40.68400 5.49844 1.79016
C 30.59050 -0.03607 1.17762
C 32.47080 2.58190 1.33944
C 29.28400 2.87596 0.40104
C 26.16640 2.88636 -0.23760
C 34.05420 5.34004 0.97169
C 30.97430 5.64141 0.38654
C 27.85510 5.71089 -0.17954
C 35.82450 8.13017 0.53461
C 32.56820 8.24646 0.14639
C 29.37440 8.52116 -0.21355
C 37.62480 10.93890 0.29949
C 34.32590 10.98370 -0.08292
C 31.13710 11.17420 -0.37373
C 27.81590 11.32100 -0.65185
C 36.00950 13.65450 -0.42830
C 32.80920 13.89650 -0.51345
C 29.66720 14.04470 -0.67453
C 37.73160 16.43570 -0.69696
C 34.46080 16.75740 -0.67031
C 31.40890 16.85420 -0.60189
C 48.94540 13.83190 0.50392
C 45.91110 15.08360 0.07825
C 48.70560 16.92790 -0.30699
C 45.78900 18.34070 -0.91530
C 42.94130 20.42650 -1.51814
C 48.68830 20.03830 -1.10479
C 45.64500 21.65610 -1.61071
H 36.44750 0.73579 3.20206
H 40.70150 3.96504 3.67047
H 37.64030 3.71033 3.07387
H 48.48340 7.57209 3.47148
H 42.00080 6.74263 3.41360
H 46.47060 10.00250 3.05453
H 43.28260 9.69673 3.02827
H 30.17170 95.65840 3.07168
H 27.45350 95.66330 1.65792
H 31.92570 1.12632 3.04253
H 25.66060 1.19797 1.47013
H 33.63890 4.05423 3.05810
H 38.81770 6.55638 2.88464
H 35.63180 6.54783 2.45793
H 40.30750 9.36040 2.62665
H 39.05690 12.22080 1.93440
H 26.26360 12.46710 0.66161
H 40.59830 15.22560 1.18323
H 37.56290 14.72980 1.09701
H 36.23800 17.69760 0.88686
H 26.60690 17.96210 0.35731
H 34.47740 20.65190 0.87284
H 31.37280 20.36060 1.26899
H 28.35970 20.78140 0.47335
H 48.04870 12.68300 2.46008
H 45.06010 14.23920 2.34522
H 43.43040 14.68500 -0.34276
H 41.84920 18.99010 -0.32547
H 39.35970 20.63150 1.04046
H 24.51950 95.56490 0.97012
H 47.43000 -0.67390 5.00019
H 44.38410 -1.09632 4.76027
H 41.28800 95.74210 4.16770
H 38.35990 95.42450 3.16436
H 48.83140 2.22778 4.73867
H 45.61860 1.86425 4.60889
H 42.50040 1.45930 4.28781
H 39.43170 1.10614 3.67874
H 47.05170 4.75675 4.19808
H 43.85020 4.33758 4.08759
H 45.16930 7.17506 3.58772
H 28.82070 1.21411 2.15851
H 30.55620 4.00189 2.20218
H 27.44760 3.99812 1.54082
H 32.35430 6.74449 2.10094
H 29.21210 6.81493 1.55282
H 26.08080 6.79746 1.08943
H 37.20290 9.36490 2.17676
H 34.07860 9.33942 1.73341
H 30.91310 9.53959 1.42126
H 27.67030 9.59952 1.15318
H 35.83000 12.08030 1.48936
H 32.67120 12.22230 1.25642
H 29.42690 12.28950 1.01830
H 34.44630 14.94170 1.00562
H 31.21440 15.02680 0.98654
H 28.00350 15.18650 0.72830
H 32.97520 17.75510 1.08769
H 29.71130 17.85170 0.88255
H 47.75080 15.73170 1.57925
H 44.89160 17.19680 1.14727
H 47.57280 18.85060 0.71268
H 44.75910 20.28930 0.21976
H 41.99220 22.11170 0.05319
H 47.51000 21.87410 -0.01961
C 37.84270 -0.22027 4.92120
C 34.67760 -0.57515 4.09243
C 38.95500 3.03468 5.06675
C 48.16000 9.78888 4.73965
C 44.94700 9.31201 4.79334
C 41.62930 8.78542 4.62825
C 42.48230 11.78030 4.16139
C 33.27200 0.68820 5.10474
C 26.90580 0.15662 3.27218
C 35.53230 2.81161 4.04980
C 37.03240 5.73466 4.37398
C 38.52810 8.65451 4.13278
C 25.92820 8.71887 2.66498
C 40.34760 11.45010 3.91946
C 39.00800 14.46020 3.11028
C 26.08790 14.47350 2.09741
C 27.96890 17.01620 2.40172
C 36.96280 20.16250 1.33128
C 33.15920 19.50120 2.84146
C 29.33550 19.62590 2.59818
C 26.01210 20.24440 1.44056
C 49.02930 11.63310 4.42013
C 45.87830 12.26430 3.60376
C 42.66010 14.20860 2.18514
C 42.48050 16.83650 0.77644
C 40.69520 19.20000 2.01128
C 40.38640 22.48140 1.92967
C 47.21330 1.34545 6.34337
C 43.98600 0.91465 6.12182
C 40.76040 0.41709 5.60485
C 48.67300 4.34560 5.95776
C 45.44880 3.94763 5.86322
C 42.11340 3.49439 5.55589
C 46.89550 6.92325 5.31869
C 43.58170 6.44055 5.27047
C 40.18190 6.00013 4.86025
C 29.87640 0.51029 4.28734
C 31.68450 3.31349 4.32149
C 28.63940 3.21253 3.53127
C 25.51260 3.06944 2.99760
C 33.72850 6.00449 4.06968
C 30.49110 6.05091 3.54279
C 27.42140 5.97022 2.97391
C 35.40590 8.65248 3.72099
C 32.28340 8.83830 3.33267
C 29.15500 8.82996 2.96128
C 37.19910 11.51440 3.46094
C 34.11430 11.40380 3.05392
C 30.91400 11.56010 2.83907
C 27.59790 11.63110 2.57152
C 35.90550 14.15970 2.82975
C 32.79530 14.24450 2.69914
C 29.43840 14.27080 2.50634
C 38.66500 16.94630 1.02268
C 34.86440 16.95490 2.52733
C 31.23530 16.92140 2.55771
C 48.73360 14.71150 3.59922
C 45.80420 15.89780 3.22928
C 48.50940 17.79680 2.74175
C 45.57000 19.00930 2.26772
C 42.64610 20.34930 1.55458
C 48.36220 20.78310 2.03733
C 45.59030 22.12310 1.51215
C 48.86730 29.52440 -0.37620
C 47.39880 32.33110 -0.67810
C 49.16130 35.20540 -0.89930
C 47.74570 37.88100 -1.38602
C 37.31810 23.23610 -1.42935
C 39.78970 25.72390 -1.09315
C 42.52100 27.08440 -1.73120
C 48.38200 26.62630 -2.14669
C 45.62870 28.58910 -2.28892
C 36.56460 25.28420 -1.61415
C 33.64250 23.59910 -1.20381
C 29.61330 22.99110 0.29050
C 40.17800 29.41080 -1.82733
C 37.21180 28.28720 -1.60261
C 27.95280 25.21460 -1.51032
C 43.79220 33.07280 -1.26500
C 40.66080 32.57790 -1.82706
C 25.45420 27.33710 -1.44679
C 41.62380 36.45800 -1.03011
C 38.92180 38.02020 -1.44662
C 36.80550 40.49590 -1.04549
C 34.26650 42.22120 -1.43625
C 30.99410 41.16120 -1.39225
C 28.16600 40.06670 -3.05609
C 24.64350 38.96570 -3.31258
C 24.37620 42.33230 -3.77105
C 31.38900 44.30790 -1.17655
C 28.13300 43.90370 -1.35268
C 32.42300 46.95550 -1.04753
C 45.50600 35.56100 -0.53128
C 44.32610 38.71720 -1.62031
C 41.19390 40.09590 -1.59591
C 46.66170 40.70290 -2.12370
C 40.67550 43.27300 -1.42362
C 37.62390 44.68080 -1.89706
C 34.89140 45.47320 -0.59333
C 46.24690 44.18410 -2.36125
C 42.75020 23.58730 -1.73900
C 48.47330 23.21050 -1.84194
C 45.61940 24.77260 -2.28479
C 34.15500 27.23600 -1.55735
C 31.09490 26.00840 -1.44087
C 37.63990 31.53070 -1.72828
C 34.70950 30.39050 -1.64088
C 31.74740 29.27960 -1.60098
C 28.63400 28.05590 -1.48547
C 38.26360 34.76990 -1.68793
C 35.24610 33.56200 -1.72413
C 32.33890 32.35640 -1.68240
C 29.12620 31.29530 -1.67356
C 25.91850 30.30040 -1.36241
C 35.90270 36.88550 -1.67330
C 32.91430 35.63400 -1.69596
C 29.87730 34.56710 -1.87544
C 26.81190 33.34490 -1.86559
C 33.50380 39.05030 -1.53311
C 30.55910 37.66050 -1.87606
C 26.82970 36.66750 -1.82256
C 29.50660 46.82180 -1.02194
C 43.56440 41.95000 -1.89000
C 43.40150 45.24950 -1.68934
C 40.45260 46.37450 -1.15728
H 47.37320 30.74510 1.34814
H 48.98070 33.52800 0.89005
H 47.59780 36.36380 0.62506
H 39.14390 23.72120 0.11869
H 41.99080 25.23170 -0.16151
H 40.71970 27.82670 -0.25405
H 47.33470 28.13420 -0.51008
H 44.30270 29.37540 -0.17068
H 37.82020 26.62720 0.02900
H 34.77040 25.49030 0.09907
H 31.73270 24.31530 0.22697
H 41.46390 30.92340 -0.03014
H 38.42080 29.84470 -0.09667
H 29.34380 26.44420 0.25905
H 26.41240 25.33030 0.04738
H 41.93080 34.14240 -0.31576
H 39.40900 36.10220 -0.00912
H 40.78130 38.41930 0.14999
H 24.63210 33.54830 -0.38405
H 37.53760 41.15420 1.38533
H 31.55170 39.11370 -0.01281
H 28.67590 37.89750 -0.84210
H 24.42560 37.37590 -1.19979
H 35.40650 43.31900 0.44871
H 32.32350 42.38960 0.10301
H 27.98900 42.20020 -0.16592
H 32.80270 45.21340 0.57451
H 29.62260 44.86520 0.47845
H 45.78040 33.30940 0.49353
H 43.71880 37.11960 0.17497
H 46.20460 39.23240 -0.07427
H 43.15420 40.24590 -0.11195
H 40.30890 41.48920 0.46891
H 38.10830 42.76390 -1.13567
H 45.51930 42.26190 -1.12663
H 44.74860 23.51850 -0.32541
H 47.41400 24.99380 -0.58972
H 44.74910 26.46160 -1.33861
H 35.38420 28.70240 0.05460
H 32.29950 27.55930 0.07113
H 38.87520 32.98150 -0.10936
H 35.89700 31.85800 -0.13010
H 32.89770 30.71420 0.03478
H 29.88740 29.61370 -0.01487
H 26.88690 28.53200 0.15150
H 36.39150 35.00750 -0.08415
H 33.43430 33.87090 -0.07929
H 30.38970 32.79330 -0.20885
H 27.35400 31.69170 -0.04375
H 36.99000 38.29110 0.03638
H 34.01180 37.10710 -0.04904
H 30.99200 35.90870 -0.10673
H 27.83080 34.77660 -0.50216
H 34.67820 40.36640 0.15712
H 26.43690 44.86700 0.39218
H 42.71640 43.49090 -0.10492
H 39.95630 44.62530 0.59037
H 37.10190 45.88270 0.30496
H 45.42130 45.55890 -0.33885
H 42.49190 46.65700 0.19197
C 48.71120 30.01480 2.69789
C 47.11950 32.99030 2.50095
C 48.96050 35.62910 2.22854
C 47.51840 38.54880 1.82029
C 37.44630 23.53000 1.78117
C 39.95770 25.87280 0.97835
C 43.04590 27.29520 0.35799
C 47.35090 26.84520 1.14204
C 45.72160 29.57430 0.82739
C 36.60340 25.42300 1.79237
C 34.02570 23.16730 0.72463
C 31.08000 22.43040 1.97034
C 40.39060 29.59080 1.47738
C 37.27920 28.43620 1.58765
C 28.46120 24.58030 1.59210
C 43.76120 31.85530 0.47914
C 40.96200 33.15950 1.34991
C 26.07870 27.10190 1.98963
C 41.61550 36.28920 0.99558
C 38.84030 37.92800 1.55113
C 36.22260 39.75930 2.02282
C 33.98200 41.92680 1.91662
C 30.16180 41.07840 0.42252
C 28.05910 39.83180 -1.20260
C 23.14670 38.54930 -0.15325
C 25.58230 41.54180 -0.54207
C 31.36530 43.80860 1.91492
C 28.04940 43.68990 1.99949
C 32.56030 46.95080 2.24900
C 45.33430 35.68230 1.35689
C 44.30490 38.76880 1.54499
C 41.76200 39.82780 1.87999
C 46.30040 41.41900 1.01487
C 41.48830 43.24480 2.04597
C 37.72970 43.70730 1.22920
C 35.02520 45.47760 1.51036
C 47.08970 44.15050 -0.58318
C 43.06030 23.82990 1.42825
C 48.25140 23.78830 1.30528
C 45.51030 25.57890 0.78958
C 34.15350 27.32280 1.72777
C 31.31030 25.92800 1.75661
C 37.68650 31.55520 1.50626
C 34.75650 30.53390 1.59443
C 31.71140 29.34990 1.67039
C 28.82550 28.21480 1.74113
C 38.24130 34.71210 1.56084
C 35.20590 33.51870 1.52892
C 32.11740 32.50710 1.48555
C 29.20380 31.45410 1.50209
C 26.39600 30.30440 1.81045
C 35.79690 36.72910 1.58013
C 32.80830 35.59800 1.53091
C 29.47510 34.53340 1.31831
C 26.26330 33.63780 1.17556
C 33.13930 38.92520 1.50334
C 29.96360 37.66450 1.27654
C 26.52930 36.82730 0.06067
C 29.37930 46.62740 2.17197
C 44.31520 41.97790 1.02877
C 43.80610 45.02930 1.49057
C 40.88690 46.43740 2.05651
H 36.94370 59.73000 0.26557
H 34.33790 58.12090 0.08532
H 40.06300 63.02250 0.42069
H 37.07820 62.46790 0.22502
H 44.19500 67.64190 0.23847
H 40.84180 66.24450 0.24545
H 28.92430 61.96590 0.57984
H 44.38460 70.75040 0.44233
H 25.13300 64.72990 0.02433
H 26.13980 68.20100 0.05086
H 27.57270 71.01930 0.76865
H 34.17220 61.23660 0.31838
H 37.74180 65.38690 0.12109
H 34.65110 64.41730 0.27315
H 31.66900 63.17890 0.45304
H 41.54450 69.41690 -0.01611
H 38.45400 68.42770 0.11489
H 35.36950 67.46160 0.32611
H 32.12990 66.40670 0.45776
H 29.16120 65.12710 0.37170
H 36.01310 70.54760 0.33271
H 32.96820 69.59090 0.38765
H 29.87450 68.78440 0.61596
C 47.50700 65.50300 -2.70892
C 48.72220 68.93350 -0.45845
C 34.70500 49.79140 -0.09738
C 35.75920 52.93520 -1.82966
C 33.46010 55.76540 0.58484
C 31.03410 55.06710 -0.82790
C 29.94800 58.14590 -0.41409
C 27.66170 60.70510 -1.15742
C 24.85400 60.61370 -1.30938
C 36.56260 57.85060 -1.18288
C 38.93900 60.94520 -0.24969
C 35.84990 61.06770 -1.39855
C 33.09590 59.77690 -1.37623
C 43.01880 65.75120 -1.02174
C 39.57940 64.75360 -1.36646
C 30.63710 61.69530 -1.22002
C 43.51810 69.51290 -1.46668
C 27.27050 64.15870 -0.98645
C 25.19530 66.89670 -1.49603
C 26.00640 70.32380 -1.23711
C 37.73660 47.84500 -1.01733
C 37.61370 50.80540 -0.73138
C 37.14600 54.41700 -1.61102
C 39.67790 56.16740 -1.31909
C 41.91180 58.30830 -1.15101
C 47.81490 58.59840 -0.96059
C 42.00030 61.81840 -0.83338
C 47.03180 61.92430 -0.86711
C 45.27970 63.14120 -0.59772
C 26.34740 46.69960 -1.31324
C 31.01180 49.68810 -0.83005
C 27.85270 49.54750 -1.04092
C 24.62190 49.65420 -1.28139
C 32.56320 52.18490 -1.03949
C 29.24600 52.29670 -1.03253
C 26.15360 52.35740 -1.16888
C 27.89860 55.21740 -1.01992
C 24.66670 55.11330 -1.27413
C 26.26110 57.89680 -1.22957
C 36.31890 64.13500 -1.45582
C 33.39920 62.94410 -1.22704
C 40.26070 67.96610 -1.50558
C 37.09680 67.14830 -1.43257
C 33.92880 66.21300 -1.25113
C 30.71140 64.91970 -1.07759
C 37.68360 70.18180 -1.41555
C 34.75240 69.24230 -1.28478
C 31.56650 68.27050 -1.11968
C 28.37820 67.24290 -0.64936
C 32.43110 71.48470 -1.08408
C 29.30350 70.49110 -1.07631
C 46.10960 47.52890 -1.70223
C 43.16440 48.48820 -1.33382
C 40.33070 49.47200 -1.11135
C 45.84200 50.54900 -1.27603
C 42.94930 51.63910 -1.12283
C 40.02500 52.93830 -1.24612
C 45.60990 53.59860 -1.09172
C 42.56690 54.88390 -1.16762
C 48.27210 55.53590 -1.03192
C 45.21400 56.71740 -1.11965
C 44.65440 59.96380 -0.99758
H 47.38390 64.52810 -0.80646
H 48.98550 66.84750 0.96979
H 46.98450 69.20590 0.71682
H 34.17740 47.52440 0.53134
H 32.54460 50.48890 0.91007
H 34.08260 53.32130 0.10010
H 32.07700 57.35990 2.01816
H 31.33150 59.98780 0.35626
H 27.75080 58.88080 0.48784
H 26.09600 61.59040 0.56315
H 36.81880 49.03820 0.90879
H 47.95590 47.54030 -0.06963
H 39.29730 51.16820 0.29956
H 38.85070 54.42160 0.26271
H 36.00060 55.77980 0.18089
H 38.54300 57.55470 0.38624
H 41.13870 59.82180 0.23180
H 46.56860 60.00760 0.57208
H 43.94840 61.61290 0.80181
H 30.94090 47.79020 0.68386
H 27.83990 47.68040 0.55285
H 29.31170 50.52600 0.67815
H 26.15060 50.50820 0.41735
H 30.86840 53.29430 0.53494
H 27.62920 53.31990 0.52268
H 24.47730 53.32070 0.33596
H 29.32730 56.10080 0.78498
H 26.12080 56.09730 0.40052
H 24.49470 58.77880 0.24421
H 39.59750 47.84680 0.56461
H 45.05210 48.73260 0.20938
H 42.15710 49.93580 0.45967
H 47.69940 50.63790 0.28404
H 44.76600 51.89290 0.50997
H 41.84050 53.18260 0.40396
H 47.43270 53.74800 0.55502
H 44.38260 55.04910 0.47461
H 41.41900 56.38780 0.43851
H 46.95950 56.90930 0.63119
H 43.93960 58.15800 0.39693
C 46.60110 66.71660 0.25986
C 48.40760 68.48980 2.71877
C 34.62810 49.50480 1.87546
C 35.88850 52.63870 1.75925
C 32.42270 57.18350 4.02554
C 30.61820 55.13950 2.27249
C 29.87920 58.37890 1.55011
C 27.65560 60.63050 2.23491
C 24.42960 60.56950 1.93931
C 36.34230 57.84790 1.66012
C 39.04140 59.76180 1.47740
C 35.96810 61.13210 1.94812
C 33.27590 59.64060 1.84896
C 43.04830 65.31870 0.76111
C 39.49060 64.65130 1.77448
C 30.77960 61.59840 2.14029
C 43.35220 68.84620 1.63996
C 27.24080 63.69920 0.90497
C 24.86700 66.71690 1.66061
C 25.39590 69.98250 1.74139
C 37.82530 47.10670 2.11682
C 38.14480 50.30670 2.32656
C 36.95570 54.33380 1.94639
C 39.57370 56.01150 2.04645
C 41.95430 58.28050 1.94269
C 47.65970 58.61180 2.26045
C 41.77490 62.13080 1.07528
C 46.99550 61.69780 2.30726
C 45.23920 62.91140 2.48252
C 26.12040 46.73090 2.04472
C 30.79740 49.55720 2.38075
C 27.62090 49.53170 2.12159
C 24.47010 49.52750 1.92106
C 32.59120 52.36410 2.11995
C 29.22480 52.46050 2.17274
C 25.96660 52.31500 2.02614
C 27.51370 55.15970 2.15111
C 24.44110 55.18100 1.93304
C 25.99320 57.98040 1.96369
C 36.50760 64.20460 1.86721
C 33.60560 62.96530 1.91413
C 40.37140 67.90740 1.64046
C 37.27790 67.11240 1.82804
C 33.96840 66.12840 1.91509
C 30.91150 64.91670 2.06907
C 37.92550 70.12380 1.80315
C 34.80050 69.21320 1.98025
C 31.49650 68.31970 2.00047
C 28.13040 67.18850 1.27521
C 32.46260 71.29960 2.11133
C 29.13540 70.62640 2.22593
C 46.14980 46.96200 1.58058
C 43.24690 48.30970 1.88754
C 40.17560 49.63600 1.98908
C 45.87100 50.29090 1.96320
C 42.85810 51.69340 2.06891
C 39.89170 52.92400 1.88174
C 45.51170 53.61240 2.12351
C 42.50110 54.83770 2.04711
C 48.16630 55.40480 2.21213
C 44.98060 56.73180 2.14414
C 44.69470 59.76730 2.15399
H 41.96580 72.67320 -0.34394
H 39.60210 74.80030 0.10920
H 37.30680 76.81130 1.49195
H 25.88750 72.85640 -1.15352
H 34.73480 78.83670 2.16308
H 31.87020 77.93410 1.00210
H 29.02570 77.05030 0.00210
H 26.07840 75.98060 -0.59170
H 39.07460 71.50640 0.11359
H 36.68790 73.68570 0.43319
H 33.68090 72.70550 0.57201
H 30.62510 71.79940 0.56324
H 34.33430 75.80550 0.85363
H 31.24120 74.83060 0.50099
H 28.18550 74.16050 0.43621
C 43.80950 89.00850 2.78744
C 37.15770 89.10140 1.18518
C 48.06800 92.78590 3.69455
C 45.19100 91.65100 4.51403
C 42.37280 91.89880 2.62360
C 39.46930 91.76470 1.36197
C 35.46180 91.78320 0.65005
C 34.22560 93.53580 0.77546
C 45.83050 74.49660 1.66500
C 42.98030 75.54070 3.18988
C 40.96260 77.80570 1.67433
C 38.77970 79.90070 0.45037
C 38.74800 82.98340 0.83338
C 38.66160 86.36520 1.33951
C 40.53590 88.31530 3.33700
C 46.69260 87.77770 3.08645
C 46.45990 71.28030 -0.72020
C 29.66320 95.39650 0.64946
C 25.66210 78.43500 -0.20916
C 30.06790 79.33170 -0.00848
C 27.95110 80.48820 0.10545
C 35.38280 82.84000 2.07833
C 33.03790 84.56400 1.07024
C 35.58740 86.09580 1.40488
C 32.64940 87.77190 0.92990
C 32.13430 91.28200 1.93316
C 29.32490 92.32670 1.04628
C 43.70850 72.31710 -1.44533
C 41.28820 74.64750 -1.68993
C 38.32620 76.54820 -0.87798
C 26.42430 74.75670 -2.80960
C 36.94870 79.06400 0.65728
C 31.25460 76.70490 -1.08481
C 28.21680 75.39620 -1.76750
C 46.22270 95.22610 3.44352
C 43.26300 94.86850 2.98901
C 40.39100 94.75620 2.06762
C 37.59600 94.49370 0.98011
C 46.41130 77.90900 2.29730
C 43.77080 79.58780 2.09224
C 41.29610 81.22070 1.58318
C 46.57460 81.23800 2.59822
C 43.89810 82.93420 2.30297
C 41.25210 84.60630 1.88548
C 46.60320 84.52370 2.85538
C 43.87180 86.12560 2.61666
C 25.33920 81.89190 -0.29886
C 30.62180 82.66710 0.50342
C 27.57210 83.74120 0.10809
C 24.74030 85.09380 -0.47592
C 29.98590 85.82780 0.51200
C 27.24040 86.93100 0.05414
C 29.58300 88.95480 0.54898
C 26.82780 90.21720 -0.07636
C 26.27710 93.94570 0.44516
C 40.73250 71.04190 -1.68492
C 38.29380 73.29370 -1.38166
C 35.39770 72.36450 -1.15299
C 36.40370 75.83340 -0.59154
C 33.24480 74.62250 -0.90902
C 30.09320 73.47680 -1.13382
C 34.00470 77.98630 -0.21932
H 41.90920 90.27770 4.00165
H 38.68150 89.96100 3.06021
H 46.35940 93.62380 5.27870
H 37.23110 92.66860 2.15138
H 33.28120 93.17650 3.17814
H 35.37520 95.26640 1.98389
H 45.39260 76.35040 3.47209
H 42.58460 78.02630 3.64390
H 39.95940 79.69550 2.60871
H 37.23370 81.29320 1.93868
H 48.06100 77.98950 4.39108
H 37.30120 84.45920 2.13088
H 37.05990 87.27990 2.92351
H 39.84870 85.92030 3.44780
H 45.07100 89.22310 4.46476
H 47.41090 90.92480 5.22145
H 46.96730 72.28120 1.53866
H 24.85250 76.90330 1.62463
H 27.24190 78.74870 1.72469
H 29.63950 80.86960 1.91404
H 32.05740 82.78880 2.56102
H 34.40510 84.78850 3.19370
H 34.15100 87.88320 2.50489
H 31.12840 89.10570 2.48418
H 28.15500 90.30070 2.03653
H 25.32710 91.75880 1.18470
H 30.20380 92.41360 3.09765
H 43.18160 93.12000 4.69997
H 40.19920 92.81440 3.50370
H 45.41270 79.55580 3.93712
H 42.74220 81.22310 3.63277
H 40.00850 82.81690 3.00152
H 48.23170 81.20880 4.43312
H 45.48890 82.78850 4.23185
H 42.70920 84.34740 3.87270
H 48.29540 84.40370 4.65813
H 45.46660 86.03660 4.48024
H 42.58900 87.40490 4.26818
H 48.15110 87.79880 4.82090
H 26.75510 82.05520 1.68114
H 29.16350 84.04230 1.95005
H 26.22220 85.26020 1.50036
H 31.58750 85.99990 2.37211
H 28.63350 87.23680 2.04787
H 25.76600 88.46170 1.31303
C 43.05240 89.14580 5.95455
C 36.09610 89.49240 2.86793
C 48.07000 92.72860 6.76204
C 44.66750 92.17750 6.32753
C 41.17910 92.01530 5.63298
C 38.17820 91.59930 4.40372
C 34.91450 93.04660 5.01797
C 31.73020 94.43440 3.63664
C 46.66500 74.19220 3.34548
C 43.33380 76.05130 5.03308
C 40.61690 78.32720 4.68289
C 37.78740 79.73710 3.85212
C 37.81860 82.85230 3.95711
C 37.63840 85.36590 4.36095
C 40.30320 87.53060 5.16448
C 46.04280 87.70060 6.21173
C 45.81610 70.71180 2.50850
C 28.54750 94.33700 3.47104
C 25.11600 78.84860 3.14242
C 31.37680 79.56620 2.85073
C 27.71790 80.57320 3.43378
C 33.21460 80.69250 2.90382
C 32.62630 84.64330 4.24980
C 35.25560 86.69970 4.52268
C 32.16030 87.64170 4.15334
C 32.15490 90.98090 3.74905
C 28.72190 91.04930 4.40550
C 43.05500 72.23960 1.82004
C 42.05680 75.09880 -0.02004
C 39.50830 76.18530 2.21914
C 26.14110 73.07050 1.42834
C 36.67740 78.06070 3.62578
C 30.41600 76.55270 2.11498
C 27.27190 76.20350 1.60264
C 45.91290 95.56380 6.61573
C 42.63370 95.04950 6.11139
C 39.45540 94.50150 5.14201
C 36.31790 94.20240 3.93101
C 46.17320 77.75120 5.56548
C 43.48810 79.63150 5.38151
C 40.58020 81.01940 4.64250
C 46.19780 81.05040 5.80445
C 43.40250 82.65980 5.52186
C 40.55850 84.15790 5.01032
C 46.24490 84.29040 6.05514
C 43.38610 85.68180 5.81603
C 24.59490 81.84570 2.81688
C 30.20020 82.60960 3.73157
C 27.11080 83.88400 3.31684
C 24.07670 85.06050 2.68449
C 29.57060 85.70890 3.72128
C 26.49550 87.01270 3.20181
C 29.16110 88.93030 3.85587
C 25.97360 90.21160 3.06387
C 25.74830 93.97550 2.25166
C 41.13620 71.24420 1.50490
C 38.66130 73.28930 1.81915
C 35.54410 72.23660 2.04978
C 36.10530 75.08760 2.42936
C 32.92890 74.30480 2.20072
C 29.93140 73.49690 2.12991
C 33.59240 77.25200 2.78310
C 54.57040 95.31180 3.33257
C 51.69890 95.04040 4.81911
C 49.16980 95.77240 3.48781
C 55.28580 3.87839 2.42307
C 52.10110 4.00349 2.73262
C 50.21820 6.40047 2.09911
C 59.55060 0.15295 2.16634
C 58.45110 3.28847 2.05675
C 57.38640 6.15561 2.05882
C 59.81740 7.89935 1.14812
C 72.94950 9.79192 -2.39270
C 67.95200 10.08150 -1.07470
C 64.90240 10.65750 0.53907
C 61.04450 10.93890 0.37426
C 70.81840 13.02480 -1.55636
C 67.73330 12.18070 -0.88716
C 65.96230 14.47550 -0.62793
C 62.94400 13.85490 -0.57513
C 63.29640 17.14900 0.41410
C 61.23900 19.79210 0.18157
C 62.92850 22.36900 -0.31903
C 60.16670 22.39330 0.17706
C 53.99440 7.22714 2.70440
C 51.73480 9.24408 1.71441
C 57.17830 9.46008 2.32932
C 57.08850 12.76080 0.80134
C 59.97150 13.68560 -0.33686
C 60.04650 16.84430 0.21618
C 57.00530 18.67340 -0.75778
C 57.24130 22.69770 -0.01619
C 56.39650 0.85154 2.50597
C 53.41360 0.96252 3.08536
C 50.42250 1.13583 3.28234
C 68.75360 95.14590 1.12104
C 65.68450 95.93760 1.57787
C 62.71250 -0.55947 1.93560
C 70.86490 0.18742 0.40709
C 67.89230 0.95615 0.87298
C 64.71200 1.66093 1.34772
C 61.61770 2.48490 1.67838
C 70.04280 3.27431 0.24657
C 66.85030 3.92046 0.64686
C 63.70330 4.72046 1.04760
C 60.58830 5.62648 1.55858
C 72.34140 5.79093 -0.01986
C 69.30780 6.21304 0.04873
C 66.16850 7.01417 0.34151
C 63.00820 7.65910 0.69808
C 72.32750 16.06850 -1.28254
C 69.04510 15.30640 -0.87079
C 70.12500 18.29380 -0.94561
C 66.81340 17.59590 -0.59460
C 71.34650 21.18020 -1.06839
C 68.05970 20.54520 -0.91800
C 64.78620 19.82730 -0.44254
C 54.38180 10.88830 1.31209
C 51.72290 12.57430 0.90367
C 54.34090 14.10340 0.67286
C 51.53940 15.56320 0.22849
C 57.37530 15.75210 0.47523
C 54.10320 17.14640 -0.16427
C 51.38670 18.68490 -0.58147
C 54.24310 20.39310 -0.84586
C 51.38960 21.72030 -1.16229
H 56.47630 -0.84119 4.28291
H 53.44370 -0.56727 5.00301
H 55.22320 2.18209 4.24267
H 53.89070 5.18415 4.05230
H 51.73300 7.61750 3.57884
H 59.41120 95.76570 3.96913
H 58.36330 1.53581 3.75498
H 57.21930 4.48289 3.85485
H 59.35410 6.78998 3.41048
H 56.22200 7.55658 3.76187
H 70.97120 7.03001 1.74209
H 67.81140 7.63157 1.55886
H 64.67960 8.55099 1.90058
H 61.43150 9.07199 2.18253
H 71.60510 11.11420 -0.60882
H 72.45820 14.03010 0.04595
H 69.41220 13.34040 0.52768
H 66.26220 12.66710 1.10426
H 64.33680 15.07380 1.05129
H 61.49840 18.04260 1.78389
H 60.22960 20.89770 2.26368
H 53.68160 9.59798 3.19944
H 50.85850 11.27000 2.81800
H 56.21700 11.54260 2.85198
H 58.87030 13.09310 2.00544
H 61.30020 14.89450 0.98491
H 58.83580 16.38600 2.31119
H 58.80270 18.99860 0.40447
H 56.00010 20.69210 0.49219
H 53.13270 22.16960 0.57672
H 50.42690 -0.31341 5.18414
H 52.05960 2.38119 4.64989
H 50.26270 4.94794 4.14459
H 70.78020 95.86770 2.26353
H 67.68850 -0.62867 2.73809
H 64.63510 0.11130 3.23358
H 61.48830 0.85384 3.49466
H 69.86010 1.64039 2.06567
H 66.73310 2.37272 2.52821
H 63.59840 3.14462 2.96005
H 60.46340 3.86279 3.35794
H 72.01320 3.95583 1.61494
H 68.84580 4.64647 1.91377
H 65.70010 5.41633 2.25903
H 62.60140 6.18804 2.72724
H 62.95420 12.12980 1.18621
H 70.67800 16.40890 0.59628
H 67.39470 15.74590 0.92851
H 71.70080 19.37530 0.61236
H 68.48040 18.77450 0.78338
H 65.34480 18.16760 1.24313
H 69.59530 21.81140 0.53031
H 66.42590 21.13230 0.78291
H 63.24720 20.61110 1.28044
H 53.48610 12.82830 2.57039
H 50.66680 14.35550 2.14819
H 56.15030 14.56170 2.24369
H 53.31520 15.98150 1.83364
H 50.50630 17.47310 1.33084
H 56.03360 17.58780 1.28961
H 53.20970 19.07700 1.02710
H 50.35340 20.56020 0.64726
C 55.09090 96.09010 6.35316
C 51.95070 95.74820 6.58236
C 48.92270 95.96240 6.79460
C 55.39250 4.33264 5.58441
C 52.13080 4.60814 5.79027
C 50.11620 7.12854 5.34382
C 59.92040 0.46862 5.31546
C 58.95350 3.39343 5.24080
C 57.60400 6.56021 5.23972
C 59.87110 8.77709 4.26437
C 70.71130 9.23465 0.71152
C 68.62210 9.71560 1.02204
C 64.86210 10.98800 2.38482
C 60.69200 11.38050 2.23815
C 71.16770 12.57550 1.59796
C 68.06260 12.25240 2.42664
C 66.06850 14.62480 2.70008
C 62.87990 13.82600 2.65427
C 63.55160 16.98070 2.39110
C 62.19030 19.77700 3.35541
C 63.40820 22.44320 2.83306
C 60.37730 22.95380 3.27782
C 53.93240 7.62745 4.63627
C 51.68720 9.85357 4.65481
C 57.24520 9.66626 4.22536
C 57.36170 13.40200 4.03968
C 60.07800 15.08920 3.18811
C 59.35880 18.65270 2.87897
C 57.18410 19.46870 2.31041
C 56.98790 22.58160 1.89364
C 56.91320 1.11463 5.66125
C 53.79240 1.56914 6.18121
C 50.50640 1.74408 6.42682
C 69.33820 95.58650 4.20648
C 66.25130 -0.99687 4.68033
C 63.05590 -0.20724 5.04756
C 71.51500 0.57723 3.53141
C 68.39340 1.32296 3.99332
C 65.28100 2.12131 4.46192
C 62.10320 2.79611 4.85657
C 70.47790 3.59422 3.45268
C 67.28220 4.38576 3.81721
C 64.22300 5.14814 4.24003
C 61.16360 5.77318 4.71991
C 72.76360 5.82371 3.21376
C 69.24580 6.61043 3.39757
C 66.22800 7.48723 3.56011
C 63.08470 8.35532 3.87990
C 72.57140 15.51430 1.96044
C 69.36260 15.13840 2.26663
C 70.33450 18.13880 2.28202
C 67.27720 17.55690 2.56141
C 71.38100 21.24640 2.11399
C 68.29610 20.63590 2.30752
C 65.25080 19.87640 2.56622
C 54.37780 11.53990 4.50760
C 51.60410 13.26700 4.08328
C 54.24370 14.78660 3.75296
C 51.43200 16.35850 3.32291
C 56.72240 16.59240 3.45166
C 54.26860 17.89630 2.94330
C 51.32780 19.41860 2.58041
C 54.33300 20.86510 2.30820
C 51.08910 22.57660 1.84980
C 73.34590 27.36530 -1.13171
C 62.91010 25.26740 0.09775
C 70.57680 28.60800 -1.96667
C 67.28570 28.52340 -1.68638
C 64.25900 28.23570 -0.85718
C 59.47990 25.57230 -0.27842
C 56.43860 26.37860 -0.64128
C 53.35980 27.05620 -0.83134
C 61.36010 28.45830 -0.45262
C 52.04480 29.94720 -0.72139
C 63.21160 31.25280 -0.62761
C 65.40720 34.10750 -0.38034
C 63.93940 36.98840 -0.43771
C 62.49060 39.78130 -0.41272
C 49.85340 40.48530 -1.80761
C 61.16650 42.65740 -0.50241
C 58.02630 42.96830 -0.73292
C 51.60920 43.32060 -2.58779
C 56.86610 46.20600 -0.23191
C 53.50700 46.35410 -1.03420
C 51.33160 24.58380 -2.27793
C 70.66370 31.66360 -0.48606
C 67.81460 31.42920 -2.30705
C 69.04270 33.95070 -0.31773
C 67.21110 36.73350 -0.35345
C 65.74810 39.66030 -0.36307
C 64.23280 42.47000 -0.36666
C 62.83150 45.34690 -0.52028
C 49.70570 43.46850 -3.45769
C 72.29650 24.36100 -1.23493
C 69.11080 23.54430 -1.18949
C 65.87760 22.91050 -0.79390
C 69.99570 26.71130 -1.32676
C 66.45060 25.84230 -1.00361
C 58.27820 28.94860 -0.44445
C 55.21230 29.45370 -0.54323
C 60.09280 31.46710 -0.44715
C 57.00760 31.92250 -0.51675
C 53.86530 32.31470 -0.57947
C 50.60740 32.52700 -0.65386
C 62.10610 34.20090 -0.44483
C 58.85120 34.47710 -0.52197
C 55.74370 34.80930 -0.69029
C 52.42130 35.04680 -0.83660
C 60.73740 37.07510 -0.47859
C 57.62260 37.47100 -0.63171
C 54.52650 37.62840 -0.93990
C 51.09200 37.77700 -1.24548
C 59.44310 40.01160 -0.59829
C 56.39530 40.18790 -0.86555
C 53.32730 40.39190 -1.54345
C 54.78550 43.26290 -1.16664
C 54.12440 23.85620 -0.89910
C 72.17370 34.54120 -0.83700
C 70.47450 37.00570 -0.41604
C 72.13190 39.71180 -0.35764
C 68.94360 39.71490 -0.38537
C 70.53460 42.39010 -0.38931
C 67.35530 42.45990 -0.39084
C 72.31140 45.19060 -0.50497
C 69.12470 45.17480 -0.49461
C 65.94380 45.33880 -0.41236
H 64.46790 23.65900 1.01204
H 61.82270 23.58570 1.43565
H 71.39060 27.92440 0.27151
H 64.83750 26.68320 0.64280
H 69.06590 29.91650 -0.72820
H 66.14120 29.57950 0.17207
H 58.87170 23.97850 1.50461
H 55.78940 24.51890 0.84049
H 61.23800 26.67230 1.16086
H 54.93530 27.53290 0.92606
H 51.78440 28.02110 0.85681
H 63.10010 29.45110 1.04100
H 50.48840 30.73710 1.00664
H 64.82140 32.13270 1.12838
H 63.76490 35.10610 1.14472
H 62.36380 37.94710 1.15167
H 49.40750 38.94010 0.17488
H 60.94030 40.84190 1.16090
H 51.69760 41.62070 -0.85452
H 59.64640 43.80940 1.24036
H 56.49930 43.92150 0.47630
H 53.31060 44.38570 0.57317
H 52.79600 25.23250 0.66530
H 50.99270 26.37090 -1.62998
H 72.40620 32.45610 0.40998
H 69.35040 32.29200 1.53629
H 67.16720 32.37250 -0.73735
H 67.23410 35.03020 1.06797
H 65.55870 37.82810 1.27055
H 64.12320 40.61060 1.23813
H 62.73150 43.49900 1.24627
H 49.40090 43.71960 -1.02513
H 72.69470 22.52110 0.44696
H 70.49940 24.86570 0.30239
H 67.47040 24.18630 0.53514
H 68.13840 27.14510 0.15541
H 58.02810 27.04660 1.12278
H 59.97750 29.65640 1.25435
H 56.83690 30.12310 1.15807
H 53.65240 30.47180 0.99517
H 61.78210 32.33140 1.09844
H 58.65630 32.65460 1.11646
H 55.50740 33.05010 1.02021
H 52.27250 33.35270 0.90617
H 60.50190 35.27020 1.15341
H 57.29470 35.63840 1.00351
H 54.09480 35.89360 0.75643
H 50.83370 36.16900 0.63414
H 59.21010 38.23330 1.03158
H 55.95560 38.53000 0.80193
H 52.73050 38.76110 0.31255
H 57.82400 41.09820 0.91680
H 54.61320 41.34470 0.38175
H 50.23420 23.66350 -0.17612
H 70.56110 35.12510 1.10029
H 72.08860 37.86050 1.24023
H 68.83450 37.83910 1.20471
H 70.52670 40.60040 1.30476
H 67.35040 40.60920 1.22827
H 72.21510 43.36030 1.19349
H 68.96430 43.38520 1.20346
H 65.81940 43.43770 1.27343
C 73.21640 27.56890 1.99017
C 63.22180 25.46150 1.99604
C 71.62160 30.15650 1.06976
C 68.28040 29.19670 1.40279
C 65.07210 28.61870 2.21954
C 59.49620 25.96310 2.82789
C 56.17490 26.23260 2.57079
C 53.19030 26.80480 2.51053
C 61.58460 28.50470 2.76672
C 52.03180 29.76360 2.65260
C 63.20000 31.19150 2.79105
C 65.54330 34.07760 2.60627
C 63.88390 36.94420 2.81092
C 62.42150 39.79350 2.77542
C 49.30610 41.40630 -0.06679
C 60.90780 42.75760 2.82183
C 57.54550 42.97840 2.53304
C 51.46060 43.79740 0.40635
C 56.71920 46.11080 1.72310
C 53.06690 46.23640 2.27758
C 50.47050 25.86250 0.85105
C 70.56830 30.78880 2.90911
C 67.16810 31.35300 1.58974
C 68.92460 34.11850 2.73341
C 67.25050 36.80090 2.76485
C 65.72780 39.72080 2.86275
C 64.22700 42.45220 2.89664
C 62.77960 45.40510 2.88059
C 49.04570 46.12020 -0.68989
C 72.14880 24.35490 2.03538
C 69.31860 23.67530 2.07559
C 66.32770 22.98980 2.35290
C 70.08920 26.86790 1.70806
C 66.86350 26.10040 1.95923
C 58.21220 28.90350 2.78777
C 55.05160 29.28720 2.59839
C 60.11010 31.60730 2.76646
C 56.92270 32.04740 2.71144
C 53.76660 32.36290 2.54348
C 50.56180 32.66790 2.52322
C 62.09830 34.18100 2.71296
C 58.73100 34.58960 2.65708
C 55.51800 34.98020 2.53064
C 52.33130 35.28430 2.36454
C 60.66310 37.18380 2.71680
C 57.36460 37.55660 2.51715
C 54.02800 37.92270 2.18752
C 50.78870 38.36010 1.87024
C 59.20500 40.08640 2.68542
C 55.85370 40.47340 2.26768
C 52.43540 40.96720 1.41254
C 54.53330 43.29440 1.98012
C 53.91640 23.81110 2.30331
C 72.12650 33.76390 2.42074
C 70.45610 36.86170 2.78809
C 72.19590 39.67520 2.85846
C 68.89690 39.63140 2.87578
C 70.56800 42.51580 2.85670
C 67.41810 42.47470 2.87207
C 72.22310 45.24890 2.80804
C 68.92750 45.34800 2.66763
C 65.79110 45.47720 2.69967
C 53.04070 60.22630 -0.83225
C 50.18300 60.86660 -0.81124
C 59.30480 64.35680 0.62974
C 56.02120 63.89710 -0.01726
C 49.72160 63.62420 -1.11803
C 60.43130 67.29540 0.83645
C 64.93910 70.98740 1.56160
C 61.53530 70.34790 1.06167
C 67.05330 48.49190 0.02511
C 63.47460 48.39730 -0.26955
C 72.02770 50.77450 -0.51166
C 69.02250 52.55310 0.75713
C 73.30430 53.79690 1.76940
C 73.15680 67.62850 1.06304
C 51.85640 47.56000 -1.46852
C 52.19510 51.05030 -0.47898
C 51.27690 54.32810 -1.08440
C 50.98760 57.70990 -0.85723
C 60.21330 47.03030 -0.40196
C 64.30920 51.16090 0.82881
C 61.13110 50.64870 -0.09840
C 58.13920 49.72570 -0.72706
C 69.98920 55.36600 2.73528
C 67.22840 53.12930 4.05074
C 65.10310 54.18600 1.46958
C 55.67870 52.24840 -0.87010
C 72.30320 58.18730 2.98496
C 53.37300 54.53720 -0.80069
C 57.52740 58.36140 -0.17438
C 54.55040 57.65450 -0.55779
C 61.83960 61.80980 0.78969
C 58.86170 61.29620 -0.00620
C 71.62190 66.26220 1.25497
C 62.56640 64.84650 1.06370
C 70.39250 69.46590 2.13950
C 66.76180 68.49290 1.48448
C 63.60740 67.92650 1.24005
C 52.79240 63.29340 -0.23628
C 57.23550 66.74050 0.43714
C 54.14460 66.59150 -0.09062
C 50.86750 66.53070 -0.54205
C 58.36490 69.82600 0.73285
C 55.20630 69.55600 0.38205
C 52.07060 69.38300 0.01919
C 70.62010 48.08160 -0.50461
C 49.14980 49.40140 -1.37191
C 48.73730 52.43180 -1.17030
C 55.07110 49.16520 -0.99672
C 62.02720 53.53830 0.48741
C 58.86680 52.91490 -0.34444
C 68.98480 57.28180 2.77926
C 65.99520 56.90990 1.88230
C 62.93880 56.49270 0.93197
C 59.69290 56.02090 0.06686
C 56.49510 55.31220 -0.48922
C 69.94340 60.30100 2.25539
C 66.89970 59.79980 1.89421
C 63.92670 59.36890 1.21710
C 60.91160 58.88130 0.44769
C 70.64780 63.36430 1.56519
C 67.67820 62.71550 1.73428
C 64.76230 62.35840 1.38707
C 68.60310 65.82970 1.52364
C 65.63510 65.31820 1.41997
H 71.90310 55.92630 4.24869
H 54.64460 61.76530 0.31939
H 51.79120 61.39630 0.95371
H 48.81180 62.22840 0.75204
H 60.60410 65.44430 2.47933
H 57.28620 64.71910 2.01491
H 61.66180 68.44150 2.61080
H 54.84010 47.33140 0.87631
H 64.10460 46.36530 1.02813
H 69.15810 48.99870 1.50005
H 64.36960 49.36040 1.92411
H 71.55010 51.95680 1.19270
H 50.70410 49.12800 0.23664
H 50.44390 52.55500 0.47016
H 49.94370 55.82520 0.46009
H 49.56640 59.05200 0.72843
H 61.40270 48.50050 1.17671
H 58.22290 47.93350 0.89760
H 64.92690 52.20840 3.24501
H 62.09940 51.57670 1.97967
H 56.09820 50.31010 0.60153
H 68.69340 55.89850 4.92887
H 65.83650 55.14910 3.62398
H 53.72810 52.62550 0.61125
H 70.24370 58.71920 4.31776
H 54.57590 55.76840 1.11759
H 71.09250 61.69250 3.38341
H 55.59420 58.89880 1.40495
H 52.68430 58.39470 0.83600
H 72.13200 64.66780 3.17773
H 59.82370 62.38550 2.03654
H 57.12450 61.77810 0.85779
H 70.07290 67.18880 2.98761
H 63.76490 66.03140 2.80083
H 67.96620 69.62940 3.01438
H 64.85320 69.02090 3.04602
H 54.08320 64.65140 1.38535
H 50.92000 64.47440 0.84444
H 58.49490 67.89460 2.26516
H 55.39560 67.55240 1.83335
H 52.24210 67.28450 1.37179
H 56.54510 70.48170 2.20423
H 53.39260 70.16330 1.93952
H 50.17800 69.72500 1.48673
H 70.66390 46.17500 1.10734
H 67.39580 46.26900 0.95947
H 72.23590 48.84660 1.18444
H 59.08670 50.98140 1.19165
H 62.92080 54.62440 2.52067
H 59.91730 54.05400 1.56139
H 56.88040 53.34940 1.01920
H 66.91010 58.22920 3.75103
H 63.91400 57.60990 2.88664
H 60.84230 57.02630 1.99729
H 57.70910 56.41150 1.32521
H 67.97980 61.19060 3.59901
H 64.90490 60.61900 3.06232
H 61.89040 59.98460 2.37392
H 58.84580 59.38290 1.62850
H 68.99150 64.14020 3.24935
H 65.89420 63.59690 3.13511
H 62.80550 63.03490 2.67791
H 66.88760 66.58690 3.13821
C 53.61710 60.30690 2.14067
C 49.97900 60.82600 2.45011
C 58.98800 64.01620 3.72165
C 55.53110 62.93650 2.41488
C 48.53230 64.50160 1.53594
C 60.06030 67.22970 4.08794
C 64.35480 70.78910 4.77475
C 61.23050 70.20230 4.24174
C 66.68720 48.55780 1.92237
C 62.85310 47.51540 2.92957
C 72.08700 50.74060 2.92516
C 69.10990 51.42350 2.33623
C 73.02830 53.74890 3.90850
C 73.70490 67.65880 3.33343
C 51.27660 47.13780 1.80146
C 52.11030 50.92720 1.38360
C 51.07270 54.26110 2.12792
C 50.78480 57.45170 2.18329
C 60.05430 46.33680 1.45919
C 63.42760 50.68900 3.96962
C 60.50060 49.99110 2.98257
C 57.60900 49.35510 2.41881
C 70.61390 55.61230 6.49193
C 67.02230 54.27210 5.68066
C 63.87750 54.09720 4.72417
C 55.36860 51.94060 2.32235
C 71.33700 57.50210 6.22182
C 53.06610 54.14850 2.35196
C 57.01710 58.24430 2.92183
C 53.98990 57.28560 2.72904
C 61.22740 61.72780 3.94608
C 58.03480 61.14910 3.11565
C 72.06410 66.88380 4.38070
C 62.20700 64.80650 4.24901
C 70.32840 69.46380 3.99186
C 66.48980 68.39540 4.79297
C 63.22320 67.79610 4.39324
C 52.28340 63.28130 2.43938
C 56.85580 66.55340 3.60627
C 53.69910 66.27710 3.13118
C 50.58160 66.06990 2.70793
C 58.08130 69.70730 3.94233
C 54.92450 69.20450 3.59454
C 51.72520 68.89530 3.20979
C 70.54490 48.00700 2.86977
C 48.69690 48.97800 1.85423
C 48.56270 52.12600 2.05402
C 54.61800 48.95160 2.19756
C 61.17280 53.22150 3.51905
C 58.38780 52.62530 2.86702
C 68.29860 57.88930 5.85423
C 65.17300 57.09850 4.95764
C 62.17560 56.39830 3.99038
C 59.16190 55.74150 3.20964
C 56.25820 55.01020 2.78637
C 69.72290 60.73640 5.36854
C 66.25300 60.19800 5.02675
C 63.20150 59.47610 4.32334
C 60.20070 58.76310 3.56998
C 70.70740 63.64610 4.99115
C 67.49760 63.20920 4.94401
C 64.27010 62.46840 4.51060
C 68.84660 66.20510 4.65141
C 65.32400 65.40640 4.61045
C 70.41300 86.01870 1.14678
C 66.71730 84.70090 2.42446
C 65.42310 87.06580 5.49103
C 62.38920 88.41950 3.34366
C 61.55840 91.17690 2.76723
C 58.49040 91.22680 3.71845
C 57.53730 95.06940 2.51601
C 49.12840 75.65060 1.91798
C 51.26370 77.05450 4.09409
C 55.48140 80.13010 1.99370
C 61.94720 84.16080 1.29448
C 49.40180 89.91440 4.30930
C 60.23960 86.77550 3.75725
C 57.41280 87.97080 4.12363
C 52.19290 90.98090 4.79779
C 58.85610 90.35700 5.60978
C 54.70030 93.38560 4.11606
C 65.93410 74.29460 2.59355
C 49.36360 71.91550 0.71553
C 63.79600 76.08610 1.09553
C 54.06160 75.09710 1.23154
C 50.97460 74.96000 1.36340
C 64.92650 78.56510 0.87481
C 61.77720 78.69010 1.38223
C 58.41940 78.57900 1.60419
C 54.57350 78.24050 1.97026
C 67.16830 81.88210 0.93709
C 63.61190 81.37400 1.08774
C 63.49030 84.42810 2.67312
C 73.27140 71.15900 1.44769
C 70.44020 72.76960 1.44256
C 70.10770 76.27310 1.43285
C 68.59570 73.38340 1.08930
C 70.11010 79.67540 1.46901
C 70.28620 82.90740 1.38592
C 70.39760 89.03410 1.35604
C 67.42940 89.25420 2.62774
C 64.52560 90.42120 2.62338
C 69.57600 92.05590 1.25453
C 66.61840 92.72160 1.80744
C 63.56130 93.59810 2.19193
C 60.62110 94.40450 2.33869
C 71.67060 94.34070 0.55178
C 49.24500 79.62880 2.77199
C 52.33970 80.97030 3.54563
C 49.33300 82.86650 2.94125
C 59.48100 81.68800 2.86317
C 55.12490 83.08800 3.11829
C 52.14730 84.42480 3.40278
C 49.46180 86.21890 3.39247
C 57.80850 84.84390 3.70330
C 54.85860 86.18270 3.91331
C 52.19110 87.73080 4.04803
C 54.82360 89.40050 4.57205
C 62.56650 73.19880 1.15856
C 59.43090 72.94360 1.08666
C 56.42860 72.54320 0.88055
C 53.16540 72.23860 0.57418
C 60.65530 75.83050 1.28156
C 57.33190 75.61380 1.27402
C 73.04810 74.50090 1.08270
H 49.48680 94.11920 5.23652
H 68.86560 84.64260 2.64101
H 62.18690 86.95140 5.47076
H 70.29480 87.39030 3.26920
H 67.05890 87.01890 3.74981
H 64.34260 89.15210 4.84249
H 61.22640 89.95900 4.93620
H 60.37170 92.81640 4.18562
H 57.23120 93.32420 4.44526
H 50.80520 79.38080 4.77738
H 54.71650 81.24730 4.12161
H 61.95010 82.25380 2.93968
H 57.14120 83.08590 4.73117
H 59.72360 84.95850 5.47485
H 59.27900 87.88830 5.78731
H 56.68440 89.29900 6.05149
H 53.84540 90.61920 6.56118
H 50.13860 91.47710 6.18115
H 65.95240 71.96580 3.77546
H 62.85670 71.40340 2.83199
H 64.04180 74.29740 2.76618
H 51.39700 72.63480 1.94332
H 65.70390 76.89430 2.66323
H 55.78500 76.13720 2.84558
H 52.64940 75.22250 3.37299
H 66.59580 79.81590 2.46575
H 63.68840 79.52850 2.79330
H 60.48450 79.38900 2.83412
H 57.58900 80.10190 3.33996
H 65.14460 82.52520 2.41705
H 71.63500 71.36300 3.15228
H 68.91360 72.46360 3.48027
H 68.23590 75.20900 2.77707
H 68.60390 77.99780 2.64820
H 71.86530 84.46550 2.43361
H 68.84370 81.42980 2.68851
H 52.61110 93.42610 5.54191
H 69.51240 90.47480 3.13331
H 66.52040 91.28040 3.76961
H 63.42840 92.07190 4.05986
H 71.63910 92.75270 2.39277
H 68.62500 93.55210 2.99486
H 65.57640 94.31870 3.35652
H 62.49310 95.08360 3.75012
H 50.99290 82.71340 4.78062
H 53.98710 84.29040 5.10549
H 51.09470 85.85640 5.24833
H 56.68660 86.10500 5.58793
H 53.87000 87.46190 5.81722
H 51.11010 88.99990 5.82839
H 59.65300 70.95050 2.52816
H 60.90030 73.90290 2.80754
H 57.73810 73.54680 2.73701
H 54.62430 73.02700 2.43814
H 62.28180 76.76290 2.89270
H 59.05580 76.51090 2.97769
H 71.27950 74.56790 2.80577
H 71.49760 77.95490 2.55491
H 71.66100 81.23850 2.53446
C 71.71320 86.23750 4.24701
C 68.54880 86.18490 4.73506
C 66.10370 87.36940 7.11677
C 62.67450 89.07840 6.78575
C 61.93540 92.05490 6.00610
C 55.74730 93.16970 7.91146
C 57.88570 94.97510 5.76295
C 49.45670 75.90570 4.24248
C 51.82760 77.40000 6.07450
C 56.10670 79.51930 5.29407
C 61.12860 83.66570 4.85641
C 48.80500 89.41660 6.62842
C 60.58540 86.40130 7.39214
C 57.48020 87.45540 7.48530
C 51.73470 90.34650 7.78566
C 56.06680 91.73800 6.22264
C 53.64850 92.76180 7.80881
C 66.19760 73.66470 5.75159
C 49.19530 71.71510 2.60548
C 64.03600 76.07490 4.43888
C 54.42680 74.52950 4.46788
C 51.51710 73.16440 4.36737
C 65.28580 78.69750 4.46038
C 62.23230 78.61110 4.48726
C 59.01890 78.40450 4.62985
C 55.37090 77.60030 5.02892
C 66.90420 81.81750 4.18913
C 63.55980 81.51450 4.32933
C 64.12950 85.37540 5.64552
C 73.69250 71.44470 4.56821
C 71.02480 73.09920 4.78314
C 70.17040 76.39430 3.94825
C 68.07640 74.24470 5.14214
C 70.17630 79.68800 3.73922
C 70.43250 82.96880 3.74902
C 71.17520 89.34730 4.60469
C 67.82010 89.38760 4.54391
C 64.97300 91.02760 5.75174
C 70.28830 92.44890 4.42434
C 67.17130 93.32450 4.93593
C 64.07430 94.10790 5.26596
C 60.95800 94.85790 5.59364
C 72.40930 94.73150 3.65526
C 49.10560 79.58010 6.19973
C 52.63270 80.98220 5.46339
C 49.03670 82.65290 6.31205
C 58.92650 81.64730 4.97446
C 55.24270 82.45760 6.22481
C 52.02240 84.05610 6.64478
C 48.89900 86.06660 6.44689
C 57.71830 84.26300 6.87058
C 54.78210 85.53090 7.09904
C 51.88000 87.17240 7.27070
C 54.84420 88.80870 7.70473
C 62.61330 73.22760 4.42842
C 59.42370 72.65750 4.30945
C 56.25110 72.10710 4.04549
C 52.97940 71.83980 3.73498
C 60.82620 75.64630 4.53545
C 57.56780 75.29120 4.53393
C 73.33380 74.90800 4.13402
C 89.14850 2.02214 -2.75107
C 93.28070 4.76516 -3.75709
C 89.92470 4.73356 -0.91253
C 94.65730 7.67126 -4.18555
C 82.25040 0.11764 -2.30461
C 79.19120 0.81123 -1.88362
C 78.26870 4.18222 -1.06701
C 75.54670 5.37541 -0.19629
C 74.41870 8.83541 0.49464
C 71.00270 9.63010 -2.72098
C 73.75980 14.43530 -2.03988
C 76.02190 16.36600 -0.47828
C 76.84070 19.50380 -0.37535
C 86.07400 2.02646 -1.53288
C 82.98920 3.04625 -0.69433
C 81.17810 5.27842 -2.01752
C 85.58970 5.28027 -1.91695
C 79.95500 8.14098 -2.00740
C 77.04160 9.36230 -1.74410
C 92.11220 7.68526 -2.36245
C 88.20610 7.41385 -2.13907
C 76.56130 12.51440 -1.75684
C 94.75010 9.38527 -2.83105
C 79.20220 14.22190 -2.02765
C 0.33223 11.43370 -4.61989
C 80.66760 16.86750 -0.82782
C -0.16137 14.67660 -3.23754
C 79.91240 20.07420 -1.99372
C 94.74500 18.21750 -2.46955
C 92.13170 18.34180 -1.50786
C 89.09480 19.53080 -1.66312
C 85.87070 21.04040 -0.76405
C 0.63710 19.89950 -2.63375
C 95.22550 22.85150 -2.41640
C 0.55036 -0.50137 -3.97632
C 94.03430 -0.73140 -3.87021
C 90.67440 -0.80352 -3.38802
C 87.44790 -0.81259 -2.72604
C 95.41120 2.17769 -4.08332
C 92.03910 2.00616 -3.46063
C -0.05933 5.06758 -4.41617
C 80.04880 95.10200 -1.74223
C 76.82190 95.77250 -1.00916
C 73.79980 -0.64786 -0.25594
C 76.15820 1.62932 -1.12461
C 73.11490 2.57163 -0.23730
C 73.56160 18.94460 -0.99177
C 74.66160 21.89410 -0.80579
C 82.74430 6.64646 -1.72335
C 85.33150 8.69158 -1.94843
C 82.53720 10.03740 -1.88553
C 79.60950 11.23210 -1.78750
C 90.01450 9.72666 -2.56085
C 87.77910 10.84800 -2.02867
C 84.94800 12.09460 -1.95519
C 82.10100 13.11030 -1.94208
C 92.03440 12.22080 -3.11634
C 90.24060 12.97380 -2.20274
C 87.36920 14.18710 -1.88400
C 84.19780 15.42690 -1.80042
C 92.86390 15.27860 -2.08537
C 89.90210 16.27340 -1.80747
C 86.66880 17.51610 -1.65480
C 83.67110 18.82730 -1.64951
H 89.40940 -0.03318 -1.41240
H 91.09850 2.65056 -1.30433
H 88.19580 2.90380 -0.54662
H 95.21240 5.86182 -2.63510
H 92.17200 5.62863 -1.60750
H 85.16680 94.97490 -1.00372
H 84.07360 0.80365 -0.69932
H 81.12280 1.42632 -0.38270
H 77.98400 2.19912 -0.20240
H 77.58480 4.93754 1.38540
H 74.14580 6.53420 1.64889
H 75.51450 13.92430 -0.31766
H 76.76940 17.83220 1.42171
H 77.78720 20.86540 1.57328
H 85.20780 3.97168 -0.20790
H 82.17180 5.21522 0.28064
H 79.31630 6.44634 -0.82956
H 87.76590 5.95147 -0.64850
H 75.99430 10.71470 -0.02493
H 90.22740 8.10505 -0.78273
H 78.46740 12.71470 -0.20318
H 0.43285 9.52360 -2.69516
H 92.46900 10.11550 -1.94116
H 78.40780 15.87060 -0.36095
H 79.27590 18.88230 -0.35043
H 94.75750 15.71290 -1.91842
H 82.33370 19.67510 0.42244
H 80.22150 21.82870 0.00794
H 94.23400 18.08600 0.03114
H 91.30300 19.46850 -0.21248
H 88.38390 20.74660 -0.22073
H 0.10466 17.83250 -1.40780
H 95.37630 20.45180 -1.45482
H 95.73150 0.35531 -2.43558
H 92.56040 0.05388 -2.12159
H 0.29913 3.29687 -2.73092
H 93.98030 2.95223 -2.28904
H 73.77180 94.98520 1.61871
H 82.11660 95.65890 -0.54763
H 78.94420 -0.78568 0.01984
H 75.87590 -0.02051 0.73452
H 72.94170 0.79816 1.56622
H 74.96980 3.12687 0.70352
H 73.82310 16.93850 0.39177
H 74.81100 20.04800 0.85702
H 76.59440 7.63821 0.09382
H 84.78320 7.04752 -0.31492
H 81.80690 8.32890 -0.33305
H 78.93510 9.54757 -0.20795
H 87.28680 9.08863 -0.53440
H 84.41190 10.34700 -0.37315
H 81.45300 11.46600 -0.26883
H 89.73930 11.23330 -0.68046
H 86.80460 12.34240 -0.34744
H 83.84610 13.49570 -0.29269
H 80.96190 14.46960 -0.24349
H 92.26320 13.19450 -0.72884
H 89.27020 14.37490 -0.35837
H 86.16530 15.51040 -0.20564
H 83.15360 16.66990 -0.37513
H 91.69110 16.30850 -0.14532
H 88.67850 17.56810 -0.12867
H 85.65490 18.62600 -0.13214
C 89.59640 1.68130 0.45839
C 93.96410 4.83126 -0.62459
C 90.63310 5.13906 1.35927
C 94.97880 7.67604 -0.99816
C 82.95150 0.17075 0.99451
C 79.84240 1.22964 1.26123
C 77.62980 3.39941 3.35898
C 76.61370 6.54732 2.49292
C 74.32310 8.82482 2.68971
C 71.41870 9.36918 2.70607
C 73.88160 12.04040 -0.02523
C 75.71460 15.65680 1.39968
C 76.05980 19.57330 2.96895
C 86.13990 1.77152 0.37102
C 83.29180 3.37490 1.30695
C 80.03540 5.26107 1.38502
C 86.09840 5.71288 1.30435
C 79.99230 7.87026 1.18232
C 77.37060 9.51258 1.66604
C 91.72760 6.83023 0.62956
C 88.62730 7.69783 0.97403
C 76.63010 12.55880 1.46151
C 0.03115 8.33645 -0.39809
C 79.14680 14.36360 1.49056
C 2.05760 10.85470 -1.28603
C 78.69270 17.37400 1.74393
C -0.55195 13.59260 -1.70950
C 80.14900 19.97570 1.76600
C 94.89940 15.73030 0.67307
C 92.29970 17.91950 1.62942
C 89.43180 19.22450 1.58773
C 86.15220 20.67620 1.13052
C -0.42122 19.27380 0.53459
C 94.92280 21.81870 0.68357
C 0.58860 -0.31964 -0.79378
C 94.36380 -0.73685 -0.69306
C 91.35180 -0.98216 -0.25610
C 87.17960 -0.82477 -0.77885
C 95.89790 2.27054 -0.88872
C 92.77250 1.87135 -0.41262
C 0.24357 5.20362 -1.10710
C 80.68100 95.33450 1.38878
C 77.61640 -1.07039 2.09658
C 74.67170 -0.37917 2.86361
C 76.82940 2.01555 2.00861
C 73.71590 2.73890 2.92044
C 73.40980 18.51630 2.18025
C 74.22670 21.94140 2.31663
C 82.98790 7.04021 1.43439
C 85.60030 8.81567 1.14742
C 82.64130 10.00550 1.23037
C 79.66150 11.24960 1.33164
C 91.41380 9.83724 0.38278
C 88.07010 10.77600 1.01730
C 85.01390 12.04560 1.27862
C 82.16640 13.04420 1.41282
C 93.87180 11.70150 -0.30869
C 90.56180 12.78450 1.02881
C 87.49780 14.04600 1.29141
C 84.30890 15.20730 1.40548
C 93.05270 14.81710 1.08540
C 89.85810 16.04190 1.39959
C 86.83650 17.17360 1.48279
C 83.74990 18.40090 1.55916
C 81.84290 47.30670 0.53549
C 91.09980 45.23880 -1.76709
C 0.75660 46.48410 -3.34213
C 84.72870 24.29170 -0.88934
C 81.21280 23.91530 1.08568
C 89.54290 26.13350 -1.49408
C 86.47560 26.87890 -1.28181
C 80.01620 27.33220 -0.36368
C 88.57820 29.27310 -1.10892
C 78.79540 30.93860 -0.83186
C 90.58270 31.56370 -1.10205
C 77.75670 33.92400 -0.75238
C 92.59090 34.03610 -1.09568
C 79.96710 36.43760 -0.85635
C 94.61380 36.34710 -1.20949
C 81.99430 38.94040 -0.86367
C 84.25820 41.13790 -1.02286
C 96.00950 41.66240 -1.57245
C 92.63720 42.30380 -1.40286
C 89.11280 43.19540 -0.96732
C 85.99600 43.93760 -0.29624
C 83.85960 44.44730 -0.12179
C 95.09150 44.62330 -1.81798
C 77.80500 22.60830 -0.29488
C 78.85000 25.51530 -0.48851
C 76.54860 28.33730 -0.86555
C 74.92080 31.10930 -2.06143
C 73.69460 34.58000 -2.36281
C 76.72610 36.88920 -0.63114
C 78.63440 39.59260 -0.67078
C 80.77470 42.37890 -0.20422
C 79.17070 45.43500 -0.18784
C 82.59320 21.80430 -1.08969
C 88.38620 23.35890 0.05458
C 93.04940 25.45330 -1.44860
C 89.44720 24.03200 -1.74571
C 91.75530 28.69880 -1.29708
C 93.87130 31.11860 -1.21209
C -0.97024 33.56350 -1.07500
C 83.16360 27.11840 -0.79383
C 85.34750 29.74620 -1.00058
C 82.09090 30.14430 -0.79885
C 87.44450 32.13810 -0.99628
C 84.30040 32.67100 -1.01383
C 81.06480 33.22000 -0.99664
C 89.46190 34.55550 -1.00021
C 86.31750 35.14280 -1.00668
C 83.14560 35.81840 -0.96672
C 91.56750 37.04740 -1.07194
C 88.46610 37.55180 -0.97012
C 85.34760 38.18200 -0.92854
C 0.27037 38.79030 -1.19307
C 93.82470 39.35690 -1.16629
C 90.63340 39.99130 -1.10856
C 87.43220 40.56580 -0.94293
C 75.49680 24.84420 -0.92969
C 73.68200 37.09930 -0.42887
C 75.36750 39.66410 -0.44800
C 77.15860 42.51510 -0.48808
C 73.86290 42.44040 -0.40958
C 75.62060 45.22080 -0.40347
C -0.09982 25.27930 -1.66098
C 95.12160 28.29340 -1.46174
C 0.30475 30.76000 -1.14333
H 84.31160 46.84640 0.38511
H 93.29890 45.76730 -0.91224
H 86.31180 24.83720 0.26281
H 83.29620 25.32720 1.11757
H 88.28110 27.33490 0.35634
H 82.02310 28.41230 1.00924
H 78.60100 29.15960 0.43793
H 90.36100 29.73660 0.49866
H 79.69910 34.49770 0.62126
H 94.34570 34.60020 0.49563
H 81.78120 37.00040 0.71205
H -0.51119 37.02460 0.29851
H 83.92920 39.35900 0.68938
H 95.63420 40.06180 0.35510
H 83.04870 42.35180 0.69621
H 94.52690 42.98350 0.00062
H 91.31010 43.64000 0.11307
H 88.21430 44.17130 0.76885
H 85.26460 44.35630 2.07625
H 78.69860 24.03980 1.57183
H 76.72480 26.27000 0.23921
H 74.49860 28.64410 0.67053
H 75.29530 33.29690 -0.87561
H 76.72480 35.14180 1.13360
H 78.57040 37.61100 0.83506
H 80.73260 40.00720 0.62238
H 78.65840 43.21500 0.82787
H 84.27140 22.28860 0.69469
H 93.69500 23.07730 -1.05984
H 91.43750 26.81340 -0.06464
H 93.61360 29.18090 0.33372
H 95.57180 31.67390 0.44282
H 85.10650 27.85740 0.54682
H 87.14620 30.31650 0.61176
H 83.95290 30.90620 0.66695
H 80.73180 31.47850 0.75477
H 77.50610 32.16360 1.17123
H 92.36600 32.14660 0.43177
H 89.22600 32.74440 0.57164
H 86.00650 33.32960 0.61498
H 82.86080 33.91820 0.55185
H 91.23200 35.22120 0.56060
H 88.06750 35.74960 0.61411
H 84.95020 36.36260 0.62181
H 93.34150 37.62560 0.45781
H 90.24480 38.23840 0.56592
H 87.12640 38.73040 0.69596
H 92.43960 40.63070 0.43760
H 89.31790 41.19190 0.55336
H 86.12400 41.68030 0.54811
H 75.78740 23.19900 0.92648
H 73.59440 25.56740 0.50197
H 73.69210 35.11250 1.05658
H 75.36700 37.86000 1.16375
H 77.08480 40.51120 1.08627
H 73.79170 40.59990 1.21462
H 75.47760 43.30320 1.24825
H -0.13441 23.14980 -0.36723
H 95.19080 26.05940 -0.31875
H -0.00139 28.78130 0.29128
C 83.93650 46.11530 2.93086
C 92.22390 45.60960 1.32982
C -0.62413 48.70390 0.03790
C 85.13760 23.92300 2.41985
C 80.59420 23.87100 3.11293
C 89.82440 25.84140 1.61046
C 86.65180 26.65820 2.07977
C 80.14760 27.48670 1.69852
C 88.61790 29.07470 2.08959
C 79.09000 30.57180 2.45223
C 90.72270 31.50080 2.10317
C 78.25770 33.78550 2.59534
C 92.63420 33.91400 2.08377
C 80.06080 36.29840 2.29075
C 94.74170 36.43440 2.03925
C 82.15450 38.84510 2.30080
C 84.49920 41.14230 2.30363
C -0.80575 42.06660 1.75738
C 92.95640 42.68900 1.73231
C 89.95920 43.03030 2.05415
C 87.06140 43.89090 3.03440
C 83.74000 42.74160 3.05430
C -0.59840 44.76520 -0.09520
C 77.09200 22.85730 3.02959
C 77.45440 25.92030 2.56285
C 76.36570 28.60840 1.02837
C 74.34940 31.00470 -0.05790
C 75.21660 33.26220 1.69048
C 77.07010 36.99790 2.70109
C 78.97490 39.54490 2.35352
C 80.78730 42.26530 1.66763
C 79.34700 45.42990 1.76284
C 83.03920 21.49680 2.25542
C 92.15420 21.75960 -0.91669
C 93.00640 25.01720 0.40691
C 90.64230 26.93790 3.27932
C 91.77650 28.29070 1.87977
C 93.79960 30.75030 1.91433
C 95.76340 33.45140 2.11270
C 83.57330 27.07570 2.49420
C 85.40160 29.66040 2.21212
C 82.22720 30.19030 2.36546
C 87.48900 32.16210 2.16979
C 84.25140 32.75140 2.24914
C 81.16280 33.34290 2.27183
C 89.53140 34.55810 2.17869
C 86.36140 35.16870 2.24069
C 83.23090 35.71380 2.23535
C 91.68880 37.00420 2.12071
C 88.57770 37.51640 2.22585
C 85.34370 38.11880 2.27622
C 0.91065 38.91850 0.81724
C 93.98710 39.44860 1.99398
C 90.78020 40.03750 2.13445
C 87.62020 40.60520 2.20124
C 75.41680 25.29960 2.12664
C 73.75560 36.90870 2.73425
C 75.45620 39.71200 2.76328
C 77.24180 42.39290 2.73676
C 73.81540 42.42170 2.86383
C 75.53430 45.21950 2.79269
C -0.37843 24.83670 1.45217
C 95.07100 27.64860 1.60776
C 0.13932 30.54160 2.05379
C 88.01830 46.34330 -0.44901
C 85.15220 48.10960 -1.19292
C 81.98920 49.37700 0.40764
C 79.34910 51.01330 1.20381
C 76.63690 52.68120 0.01160
C 93.40540 47.37760 -2.12726
C 76.21280 56.09080 0.59471
C 73.87760 57.23060 3.90949
C 76.05370 59.34460 0.93005
C -0.65573 52.01310 -1.91611
C 93.39390 53.59310 -1.84104
C 90.41450 55.19120 -1.79688
C 87.24850 56.47020 -1.81468
C 76.13280 62.73450 0.85415
C 86.98820 60.03690 -1.84404
C 85.08410 61.26340 -0.98663
C 78.81040 64.31730 0.27617
C 84.17880 64.23340 -1.28802
C 81.79540 66.29150 0.33086
C 85.29800 67.73910 -0.96837
C 77.48040 48.41050 0.20750
C 75.15640 51.20470 0.02385
C 81.28070 69.78810 -0.14050
C 78.96470 67.75710 1.22229
C 76.11060 66.17160 1.98057
C 73.90370 63.81110 3.20941
C -0.41793 55.57630 -1.18345
C 93.37270 56.78720 -1.95967
C 92.43990 59.89970 -2.11377
C 90.89750 62.74270 -2.20627
C 90.27140 65.82120 -2.85895
C 87.30330 64.79270 -1.44383
C 88.70960 68.78860 -2.93302
C 90.18120 71.65970 -1.56913
C 90.64890 48.41090 -1.48243
C 87.84020 49.89410 -1.26552
C 84.97370 51.50400 -1.09150
C 81.93680 52.52090 -0.22259
C 79.17600 54.45300 -0.09083
C 93.44330 50.37890 -1.76844
C 90.62300 51.75990 -1.69513
C 87.71920 53.21760 -1.47758
C 84.67130 54.64050 -1.15620
C 81.76840 56.14140 -0.62076
C 78.98860 57.73600 -0.00157
C 84.24660 57.88570 -1.42561
C 81.52500 59.43220 -0.73292
C 78.84190 60.96660 0.07817
C 81.54370 62.69670 -0.59585
C 73.99500 48.07500 -0.33878
C 75.99610 69.67020 1.33986
C 95.44720 59.19100 -1.98944
C 0.66156 61.60040 -2.23872
C 94.31330 62.09750 -2.27332
C -0.46252 64.53940 -2.58330
C 93.32440 65.10950 -2.66225
C 95.19620 67.59830 -2.90647
C 91.97940 68.27430 -2.83366
C 0.43569 69.98550 -3.28621
C 93.93080 70.66950 -3.14225
H 82.86820 48.42590 2.71904
H 90.38030 46.64410 0.14270
H 87.18470 48.50770 0.38434
H 81.76150 51.34900 1.93595
H 78.54130 52.89220 1.68811
H 75.77710 54.32630 1.82238
H 0.77271 46.77360 -0.74573
H 75.87850 57.48800 2.81689
H 95.42070 50.42390 -0.18501
H 92.53070 52.00070 -0.14078
H 75.71660 60.77220 2.57329
H 92.43010 55.20880 -0.26084
H 89.45560 56.51730 -0.52608
H 86.57800 57.97700 -0.48685
H 75.78370 63.95650 2.99153
H 87.91000 60.72520 0.48280
H 81.03090 64.13390 1.35648
H 78.49490 65.63200 2.34230
H 86.19610 63.25170 -0.20017
H 84.22240 65.87720 0.40542
H 77.01270 46.09180 0.97315
H 75.36130 49.21630 1.63727
H 84.52390 70.13430 -0.58177
H 82.71590 68.42260 1.38038
H 79.86510 69.89700 2.02780
H 77.09650 68.30770 2.70317
H 74.48630 70.01090 3.42777
H 95.27520 53.62170 -0.13822
H 95.06030 57.46910 -0.21939
H 92.01200 58.16160 -0.30663
H 90.99320 60.97620 -0.41156
H 89.40630 63.64190 -0.53564
H 88.91170 66.57940 -1.55972
H 90.56950 69.26590 -1.24979
H 87.37030 69.29030 -1.21618
H 84.32900 50.00420 0.34085
H 92.66210 48.74890 -0.11881
H 89.94090 50.19570 0.11651
H 87.04320 51.67490 0.36265
H 84.13700 53.09900 0.66935
H 81.32400 54.46860 1.18521
H 78.52840 56.01400 1.70082
H 89.74730 53.43460 -0.10284
H 86.79140 54.86410 0.14157
H 83.95530 56.30050 0.53512
H 81.21340 57.78780 1.14637
H 78.43950 59.27610 1.83152
H 83.82800 59.54450 0.19545
H 81.07040 61.00120 1.08269
H 78.39790 62.53540 1.93387
H 83.67070 62.66580 0.57420
H 73.84520 46.11760 1.18343
H 0.37322 59.91630 -0.48561
H 94.08540 60.49680 -0.42192
H -0.75961 62.91900 -0.78457
H 92.90410 63.45790 -0.88870
H 95.01990 65.93510 -1.12516
H 91.97430 66.47440 -1.10347
H 0.18938 68.35400 -1.43309
H 93.85750 68.93140 -1.34902
H 95.85240 71.46740 -1.89184
C 88.28250 46.51820 1.43748
C 85.38420 48.52170 2.04587
C 82.65960 50.03080 3.95282
C 79.75310 51.13010 3.12410
C 76.82060 52.58130 3.46147
C 93.75020 47.01490 1.15903
C 77.01060 55.80330 3.72005
C 74.37410 58.28200 5.42301
C 77.23590 59.21450 4.07173
C -0.45927 52.00320 1.46720
C 93.61690 53.70000 1.38168
C 90.57610 55.28110 1.36947
C 87.77410 56.77570 1.33874
C 77.07760 62.51770 4.08806
C 89.59340 58.94130 -0.25136
C 85.52120 61.20070 1.00237
C 79.73270 63.97010 3.50474
C 85.13200 64.28260 1.77349
C 82.29770 66.07020 2.10434
C 85.15750 68.17950 0.94100
C 77.69660 48.36300 2.03307
C 75.47370 51.05420 3.52766
C 82.14420 69.77850 3.10724
C 79.47090 67.74710 3.10111
C 76.56400 66.17290 3.79502
C 73.42000 61.38160 3.53979
C -0.40672 55.70300 0.75180
C 93.30070 56.85180 1.43262
C 92.46890 60.03770 1.35671
C 91.33090 62.95410 0.97085
C 90.21940 65.73730 0.45910
C 88.42420 62.37400 0.27942
C 88.80160 68.39510 0.32617
C 90.81730 71.29530 0.18235
C 90.97250 48.51510 1.62938
C 88.27130 50.17110 1.92151
C 85.34380 51.49800 2.06975
C 82.76390 53.06510 2.77374
C 79.82610 54.44760 3.13890
C 93.55510 50.40090 1.48104
C 90.76970 52.00140 1.60603
C 88.03080 53.41640 1.70635
C 85.22520 54.80110 2.03989
C 82.47390 56.21160 2.53578
C 79.71060 57.60070 3.13232
C 85.22510 58.09320 1.63928
C 82.56310 59.47900 2.31786
C 79.77660 60.88740 3.14414
C 82.37960 62.49210 2.58430
C 73.90340 48.00420 2.89730
C 76.77400 69.98140 4.47225
C 95.52690 59.46980 1.23369
C 0.60072 61.87890 0.96377
C 94.36960 62.50650 0.90322
C -0.43390 64.90300 0.59618
C 93.37360 65.40230 0.57997
C 95.34130 67.90740 0.28812
C 92.18250 68.42740 0.39870
C 0.50207 70.45520 -0.20270
C 94.17700 71.03030 0.00458
C -0.73055 93.76480 -3.81294
C 92.71200 93.70200 -3.69372
C 89.49490 93.55580 -3.44164
C 0.48711 77.57500 -5.56674
C 93.69360 77.72560 -6.12451
C 89.13980 78.97420 -4.12194
C 86.84860 82.01920 -3.76902
C 86.45420 85.28670 -4.68047
C -0.40423 88.72110 -3.78330
C 93.26570 88.57630 -3.85053
C 86.60350 88.37560 -3.75601
C 91.34850 91.11540 -3.59728
C 73.29230 87.77140 1.14213
C 83.06930 88.45230 -3.54034
C 78.49130 89.83940 -0.87280
C 84.11310 91.52350 -2.64991
C 86.16350 93.72260 -3.01828
C 83.08990 94.37130 -2.44381
C 89.44420 75.66750 -1.67265
C 86.30810 71.72300 -1.35211
C 82.54240 70.03060 -1.92194
C 85.57770 75.03940 -2.67930
C 85.71740 78.57090 -3.16322
C 83.98540 80.77110 -1.60717
C 83.36480 83.34460 -3.55296
C 81.05770 85.28220 -2.49221
C 80.29690 87.75180 -0.86125
C 76.11900 86.05100 -0.22912
C 73.13470 84.20460 0.34630
C -0.57300 73.22130 -3.62160
C 92.83330 72.43400 -3.74839
C 93.52380 75.59930 -6.15345
C 95.20100 80.53550 -5.13064
C 92.04530 80.10330 -5.02309
C -0.08011 83.26850 -4.61563
C 93.61380 82.96800 -4.60167
C 90.25660 82.69400 -4.55767
C 95.03240 85.79690 -4.25125
C 91.79260 85.69280 -4.28333
C 88.50710 85.28360 -4.27184
C 89.89410 88.36790 -3.81463
C 87.92270 90.99190 -3.38864
C 75.53050 90.22400 -0.05248
C 72.54100 91.25610 0.64615
C 80.80750 91.92600 -1.73710
C 77.67540 92.70130 -0.87956
C 74.64690 93.50290 -0.10719
C 83.82450 73.68640 -0.91974
C 81.01990 72.85740 -0.28659
C 78.53430 71.24590 0.59659
C 83.67150 77.29080 -1.74037
C 81.12180 75.81130 -0.72841
C 78.40830 74.38630 0.19339
C 75.87500 72.92210 0.90106
C 81.03910 78.86830 -1.30577
C 78.32850 77.53260 -0.24478
C 75.85090 76.06990 0.45449
C 80.96250 81.97630 -1.94508
C 78.36430 80.63080 -0.75277
C 75.75600 79.24290 0.14006
C 73.09040 77.83000 0.70994
C 78.48830 83.98790 -1.19532
C 75.86120 82.47620 -0.22248
C 73.05710 80.96810 0.56190
H -0.67315 92.07540 -1.83396
H 93.02170 91.90620 -1.81689
H 91.19270 94.52750 -1.97401
H 88.07650 94.33910 -1.64917
H -0.21426 75.77730 -3.80696
H 95.36640 78.56580 -4.45226
H 92.27560 78.08760 -3.94139
H 89.85920 78.17530 -1.81195
H 87.58480 79.99980 -2.54955
H 85.32290 83.86950 -3.04558
H 87.08470 86.28270 -2.53900
H 94.78370 89.35920 -1.84966
H 91.56750 89.12580 -2.13922
H 88.31200 88.91510 -2.03664
H 85.11570 88.59510 -1.96425
H 89.76010 91.68690 -1.83601
H 78.71190 88.06050 1.00309
H 75.59080 88.71890 1.44636
H 72.50230 89.68080 2.55235
H 82.27050 89.96610 -2.16014
H 80.56620 90.50680 0.26554
H 86.43820 91.57800 -1.75671
H 87.46290 74.02220 -1.27334
H 85.45460 72.83790 0.78234
H 87.22000 76.85110 -2.12642
H 85.30580 78.82720 -0.73008
H 82.36510 80.65240 -0.46190
H 82.47410 83.71700 -1.21153
H 82.46960 86.86280 -1.67558
H 80.08670 85.49410 -0.18243
H 77.19820 84.20670 0.96079
H 74.51210 85.76270 1.64046
H 92.63830 71.79820 -1.36691
H 1.18924 73.75990 -1.79528
H 94.12050 74.28670 -2.65530
H 90.34010 73.77490 -0.20089
H 94.43170 94.68870 -2.28100
H 0.03181 81.16860 -3.37049
H 93.58870 80.89760 -3.22421
H 90.52990 80.74120 -3.17503
H 95.11420 83.78130 -2.84829
H 91.90290 83.61760 -2.93436
H 88.63890 83.37670 -2.86758
H -0.28498 86.62310 -2.46550
H 93.37920 86.46840 -2.52447
H 90.10770 86.25790 -2.61114
H 77.63900 91.13120 1.01692
H 74.66140 91.83810 1.72315
H 82.94220 92.64370 -0.74664
H 79.87600 93.40800 0.03364
H 76.80290 94.18530 0.90059
H 82.41640 71.49840 1.24960
H 84.91650 75.74890 -0.39675
H 82.39670 74.50650 0.89119
H 79.73250 73.05520 1.77305
H 77.08210 71.56390 2.60507
H 82.41950 77.58430 0.32828
H 79.70160 76.17370 1.25306
H 76.97600 74.71320 2.17508
H 74.24190 73.09560 2.71789
H 79.74050 79.27690 0.75677
H 76.97220 77.82950 1.74974
H 74.21900 76.31580 2.30656
H 79.77740 82.42300 0.19407
H 77.05430 80.96760 1.31951
H 74.25850 79.48830 2.07865
H 74.42000 82.65780 1.79693
C -0.74640 93.75890 -0.68303
C 93.00470 93.50620 -0.62573
C 89.83240 93.49010 -0.20264
C 1.20593 76.02890 -2.91909
C 94.37940 76.78080 -2.99273
C 89.39890 80.57190 -1.01221
C 86.69410 82.16050 -1.93737
C 84.72420 86.10250 -2.11036
C -0.24806 88.10760 -0.44654
C 93.40560 88.21590 -0.64036
C 86.82550 87.67140 -0.51947
C 91.33670 90.68820 -0.23823
C 73.88990 87.71680 3.00712
C 81.93910 88.61770 -0.06185
C 79.30080 89.75890 2.31019
C 84.30600 90.63370 -0.87133
C 86.72310 93.20000 0.07376
C 83.91970 94.45910 0.71951
C 89.25450 74.19390 1.99014
C 88.01030 72.86700 0.93946
C 84.85600 71.12980 1.82634
C 87.19140 76.05200 0.28835
C 87.70670 78.66120 -0.49037
C 84.76350 80.87070 0.20337
C 84.71850 84.05210 -0.56315
C 82.43410 85.56590 0.41080
C 80.05440 86.30310 2.18982
C 76.81110 86.58860 1.54445
C 74.04000 84.32820 3.56459
C 95.73260 73.66040 -0.69648
C 92.44880 74.23760 -0.83231
C 92.41870 75.52770 -4.23934
C 95.37000 79.62250 -2.18065
C 92.12450 79.45420 -1.85056
C -0.09598 82.68280 -1.45101
C 93.51700 82.53460 -1.42263
C 90.31830 82.44200 -1.43361
C 94.98350 85.34870 -0.99146
C 91.80030 85.27580 -1.08986
C 88.58800 85.02640 -1.11239
C 90.05930 87.82640 -0.70341
C 88.21350 90.59080 -0.27888
C 76.29500 90.44920 3.00210
C 73.33060 91.63420 3.81769
C 81.72150 92.38040 1.35836
C 78.63320 93.07350 2.15232
C 75.46220 93.82440 2.98395
C 84.72890 74.60390 1.77695
C 81.89460 73.22730 2.91316
C 79.29970 71.58180 3.70718
C 84.70520 77.56040 1.23130
C 81.85980 76.38450 2.37450
C 79.16170 74.87710 3.26102
C 76.28210 73.33820 4.10070
C 82.00780 79.56600 1.67108
C 79.17570 78.01700 2.77877
C 76.27870 76.51280 3.69136
C 82.12090 82.58510 0.92670
C 79.34980 81.17790 2.27423
C 76.38160 79.62380 3.30085
C 73.48020 78.08370 3.94461
C 79.45470 84.31910 1.87444
C 76.62270 82.82830 2.92872
C 73.77210 81.25930 3.72237
