2979
Frame 45
C 11.74150 96.15520 -0.52045
C 12.55680 1.47224 -0.27189
C 10.81210 4.14261 -0.48013
C 9.40279 7.27323 0.07308
C 6.88874 9.76350 0.24912
C 3.81923 8.98713 -1.56050
C 0.57964 8.84767 -3.31416
C 22.68910 0.87425 1.13747
C 21.03090 4.54823 1.66116
C 23.34730 6.41234 0.39513
C 23.71510 11.98220 0.09272
C 18.10390 1.24059 0.00660
C 15.07590 -0.58561 0.58542
C 17.85860 4.63505 -0.17148
C 21.59230 9.45027 0.84187
C 18.26740 7.86119 0.09935
C 12.75070 4.87021 0.39833
C 21.72750 12.62760 -0.19335
C 12.73570 8.37762 0.32594
C 21.70600 16.16190 0.32949
C 10.11980 10.72600 0.34512
C 21.74410 19.65900 0.47328
C 11.19930 14.00710 0.69716
C 7.86856 12.91310 0.35245
C 21.99820 23.00190 0.52041
C 13.06850 18.10090 1.23402
C 9.95547 16.49390 2.00768
C 13.39680 22.03800 1.95693
C 19.29530 -0.51194 -0.14652
C 4.33979 11.58520 0.29031
C 5.79183 15.01470 0.71687
C 2.52240 14.89890 0.10429
C 7.10930 17.37250 1.57285
C 1.08156 17.43930 -0.05742
C 8.81664 19.89820 2.02079
C 10.08120 22.77910 1.68464
C 8.27599 95.99920 -1.36429
C 9.56094 1.17231 -0.90631
C 6.41062 0.91483 -1.44820
C 3.08209 0.41743 -1.84317
C 7.69471 3.76648 -1.10657
C 4.63507 3.44311 -1.50681
C 1.52094 3.09875 -2.04096
C 6.11720 6.43996 -1.13083
C 2.93548 5.96891 -1.81069
C 15.47350 3.05465 -0.00966
C 15.29930 6.51742 0.29959
C 18.75220 11.06350 0.25662
C 15.81680 9.74683 0.36182
C 19.00390 14.51030 0.83377
C 16.18760 13.17110 0.68246
C 13.26020 11.68130 0.60893
C 18.87150 18.29660 0.61528
C 16.16430 16.65530 1.02782
C 13.49660 15.08770 1.09349
C 19.03480 21.45100 0.83337
C 16.00240 20.04660 1.15924
C 4.14697 17.52530 0.82400
C 5.61600 20.19270 1.53948
C 2.60027 20.30380 0.66852
C 7.12669 22.66350 1.88935
C 4.04090 22.92700 1.14644
C 0.87335 23.04030 0.26553
H 12.68100 -0.14947 1.25877
H 10.59500 2.22020 1.01931
H 8.92397 4.89509 0.71791
H 7.04036 7.44603 0.64474
H 0.88284 6.81326 -0.38005
H 2.63454 9.87781 -0.03391
H 21.47580 2.29364 2.86928
H 23.39720 4.62326 2.17807
H 21.69750 6.99761 1.49752
H 23.66420 10.27400 1.80592
H 24.25720 15.83640 0.99094
H 18.89570 3.08812 1.57185
H 16.20790 1.41600 1.73696
H 18.96670 5.98521 1.73896
H 13.50190 2.91859 1.53403
H 13.56490 6.81980 2.08829
H 20.00240 12.36220 1.53539
H 10.64050 8.94773 1.66994
H 22.68600 18.25550 1.54106
H 19.75680 16.66150 1.75651
H 8.22121 11.08480 2.05420
H 22.92910 21.26010 2.07157
H 9.13894 14.13050 2.09731
H 11.64450 18.26120 2.60692
H 8.51529 17.91950 3.50690
H 20.85420 -0.59066 1.75540
H 0.51697 13.64160 -0.87893
H 5.70632 12.99830 1.66201
H 2.41584 12.83900 1.52040
H 6.67549 15.41330 3.16156
H 5.26602 18.23380 2.96577
H 10.10910 20.72540 3.38489
H 6.94125 20.76350 3.52207
H 9.63005 -0.82865 0.46647
H 6.35864 -1.09306 0.01654
H 3.10980 96.26600 -0.34579
H -0.03338 96.01780 -0.76339
H 7.61224 1.84153 0.41163
H 4.45591 1.49303 -0.05829
H 1.31909 1.25305 -0.39040
H 5.78636 4.44607 0.36428
H 2.64241 4.12913 -0.22418
H 3.97786 6.99948 0.11458
H 16.15760 4.68336 1.68956
H 19.32980 9.12260 1.77316
H 16.46250 7.96865 1.87647
H 16.90620 11.21720 2.04437
H 13.86660 9.99209 1.88296
H 17.05640 14.77570 2.42949
H 14.30670 13.22340 2.27455
H 11.29440 12.00620 2.10338
H 20.03880 19.75030 2.28990
H 17.23460 18.29500 2.48641
H 14.46830 16.70390 2.79971
H 11.80020 15.02450 2.85254
H 17.42820 21.48520 2.68973
H 14.38280 19.85950 2.62729
H 3.77180 15.53020 2.05764
H 0.53555 15.61530 1.47040
H 2.16858 18.30560 1.96472
H 3.68284 21.08350 2.75389
H 0.52854 21.07920 1.80249
C 10.96760 96.36510 2.49848
C 11.94250 1.51303 2.88373
C 9.52845 3.68329 2.65422
C 9.17417 7.04589 1.94129
C 6.33584 9.53618 2.01014
C 3.14232 8.77985 1.70134
C 0.77317 8.79954 -1.33455
C 22.54100 0.65394 3.00747
C 22.88540 3.77247 4.41424
C 23.29260 6.67124 3.52007
C 23.66810 12.16630 3.34887
C 18.00990 1.32127 3.35702
C 14.87430 -0.57571 2.39490
C 17.85310 4.51394 3.48093
C 21.64980 9.21592 2.71597
C 18.29990 7.70418 3.48884
C 12.33470 5.00301 2.29254
C 21.58500 12.45700 3.55003
C 12.46190 8.56319 3.44641
C 22.04020 15.84580 2.27839
C 9.94532 10.52340 3.57263
C 22.06630 19.60530 3.67623
C 10.51990 13.35080 4.02989
C 7.32899 12.94570 3.46610
C 22.48250 22.86250 3.61347
C 13.52520 18.35550 4.43790
C 10.42870 16.54080 4.15674
C 13.55470 21.87030 3.94743
C 18.87550 -0.78389 2.98826
C 3.74393 11.65220 2.40675
C 4.67650 13.98480 3.66494
C 1.83933 14.58440 3.24855
C 6.55369 17.25210 4.84793
C 0.13563 17.24860 2.95990
C 8.42913 19.72000 5.22552
C 10.29310 22.76230 4.99247
C 7.88727 95.77850 1.80343
C 8.94560 0.84544 2.15589
C 5.96637 0.60019 1.70559
C 2.79857 0.27623 1.31939
C 7.31148 3.51157 2.08831
C 4.04322 3.26405 1.59358
C 0.92575 3.12114 1.12866
C 5.45056 6.30323 1.99485
C 2.37282 5.87843 1.52253
C 15.10620 3.10440 3.31771
C 15.20370 6.33948 3.33883
C 18.65860 10.98920 3.31025
C 15.73610 9.66841 3.46986
C 19.12560 14.44160 2.75358
C 16.29670 12.86640 3.77146
C 13.13700 11.62860 3.67531
C 19.31560 17.89290 3.76653
C 16.51070 16.50110 4.12643
C 13.79200 14.77040 4.17734
C 19.47190 21.32740 4.04344
C 16.33360 19.85010 4.20042
C 3.33325 17.14500 3.81086
C 4.84247 20.02610 4.62673
C 1.69237 20.00640 3.69974
C 6.67920 22.68490 4.96909
C 3.26084 22.90150 4.31760
C 0.01210 22.79220 3.29598
C 21.81150 26.51280 0.42766
C 19.36730 27.96010 1.39880
C 14.31700 25.35130 1.53862
C 17.38950 30.22830 2.41532
C 22.16400 29.41020 0.74557
C 22.36840 32.54330 0.76289
C 22.16760 35.90370 0.65051
C 23.79260 45.16910 -2.02313
C 20.77680 44.33600 -0.67541
C 20.19890 31.83880 2.78576
C 17.24700 32.95690 1.44657
C 14.21990 31.92950 2.02981
C 18.43170 35.79700 0.96643
C 11.85570 34.20000 1.26093
C 19.32360 38.72950 0.42083
C 9.44353 36.58520 0.58449
C 20.07720 41.72880 -0.17162
C 16.91910 40.91980 -0.23861
C 7.12909 39.07370 0.06210
C 3.09252 39.28530 -1.46756
C 15.05220 43.43900 -0.53373
C 1.53411 42.84020 -1.91841
C 12.92820 45.92680 -0.77045
C 4.07462 44.57720 -2.47889
C 1.76257 47.20920 -2.91259
C 12.24920 25.41740 1.76979
C 11.03160 28.21190 3.41394
C 11.75920 31.16410 1.99023
C 8.84787 30.15250 1.86242
C 8.57592 33.25380 1.76505
C 5.10238 33.45760 0.64348
C 5.24772 36.62680 1.46280
C 0.88641 36.77450 -0.48213
C 19.34400 24.62380 1.00497
C 16.61530 23.31740 1.26475
C 17.01870 26.60610 1.60865
C 14.98750 35.10430 1.14869
C 15.91780 37.93010 0.37726
C 12.72820 37.16570 0.51678
C 13.87610 40.33010 -0.07829
C 10.67880 39.59260 -0.06235
C 11.71120 42.74480 -0.49402
C 8.62407 42.22220 -0.75477
C 5.49415 41.77070 -1.64684
C 9.92981 45.38370 -0.98677
C 6.84951 44.91510 -1.68637
C 4.73190 47.59680 -2.21258
C 9.02887 25.61750 2.40823
C 5.72902 25.53870 1.59233
C 2.65674 25.65130 0.72202
C 7.54685 28.06690 1.94309
C 4.28481 28.21190 1.11857
C 1.13876 28.61110 0.25067
C 5.96357 30.76400 1.27214
C 3.01582 31.16810 0.55060
C 2.00671 34.09150 0.08425
H -0.19992 43.59870 -0.14478
H 23.01920 24.43650 1.47902
H 20.57450 26.16320 2.53534
H 14.96800 23.59100 3.09441
H 17.98050 27.91840 3.50682
H 15.29390 26.61150 3.55727
H 15.32480 29.78470 2.97750
H 23.36490 27.59130 2.01486
H 23.73010 30.76860 2.15071
H 20.90120 29.38120 2.83664
H 22.26900 40.47230 -0.46648
H 23.07990 43.51540 -0.99828
H 21.26220 43.20820 1.51702
H 19.06310 45.44650 0.90830
H 18.65890 33.93670 2.94299
H 15.49510 33.73590 3.16626
H 12.52800 33.08650 3.28912
H 19.57200 36.98290 2.27152
H 10.02190 35.05950 2.60339
H 20.39400 40.39890 1.99581
H 7.73239 37.28920 1.72954
H 18.21930 42.58890 1.36095
H 4.92866 40.24260 0.12341
H 1.27682 40.69390 -0.76304
H 16.24910 44.90030 0.75323
H 3.64239 43.06510 -0.60662
H 14.08900 47.21930 1.21825
H 1.93866 45.22930 -1.36590
H 11.75120 23.36620 2.98466
H 8.53486 23.57400 3.62491
H 10.14020 26.13290 4.62118
H 12.27140 30.29260 4.36731
H 9.87210 31.87760 3.21294
H 7.33535 31.65580 2.98036
H 6.38669 34.45470 2.20656
H 3.37089 34.98460 1.78885
H 0.12979 35.20040 1.34255
H 1.99962 38.14370 1.34207
H 20.31840 22.91240 2.35688
H 17.77560 24.71530 2.89527
H 21.95150 45.98520 0.70153
H 16.44310 36.54240 2.39543
H 13.14150 35.87810 2.56696
H 17.33950 39.52580 1.71668
H 14.07380 38.75660 1.82390
H 10.94230 38.13050 1.90807
H 15.20190 41.80620 1.37935
H 11.99550 41.19570 1.32063
H 8.85380 40.61520 1.20530
H 13.11180 44.20850 0.87895
H 9.88891 43.70300 0.88504
H 6.81637 43.16130 0.07841
H 11.12840 46.69420 0.76302
H 7.97478 46.20030 0.15019
H 4.93530 45.83300 -0.53184
H 5.29717 23.69440 3.15854
H 2.09365 23.82710 2.30405
H 6.94185 26.28560 3.55792
H 3.81193 26.47930 2.82374
H 0.72224 26.73740 1.84453
H 8.75059 28.91930 3.91125
H 5.61339 29.08000 3.02060
H 2.49527 29.44710 2.25014
H 4.28516 32.00360 2.46822
H 1.29424 32.37660 1.78747
C 22.71020 25.92970 3.67838
C 20.00160 27.62390 4.50402
C 14.45890 25.30110 4.91964
C 15.94790 28.86870 4.80975
C 23.13150 29.10310 3.90978
C 22.99450 32.54680 3.84850
C 21.67670 35.84530 2.61761
C 23.52100 44.23520 1.33556
C 20.87850 45.38330 2.82183
C 20.33740 31.09830 4.68954
C 17.52290 33.30880 4.71160
C 14.34710 31.80410 4.23912
C 18.41380 36.39380 3.96833
C 11.57310 35.10460 4.33266
C 19.18850 39.35700 3.43862
C 9.16556 37.27150 3.50514
C 19.86420 42.44700 3.44339
C 16.78190 41.40660 3.23859
C 6.70478 39.71510 1.88648
C 3.12108 39.52300 0.37756
C 14.80550 43.80470 2.66649
C 1.80684 42.44170 0.96250
C 12.48350 45.87430 2.65235
C 3.15222 44.92050 0.89497
C 1.08179 47.09830 0.25545
C 11.62860 24.24910 5.32172
C 10.73390 28.51000 5.32109
C 11.35110 32.04200 5.16246
C 8.49751 30.84890 4.95302
C 8.36587 33.71560 3.61501
C 4.55857 34.00290 3.85719
C 3.80237 37.29340 2.88353
C -0.11072 37.12420 2.63737
C 19.79310 24.48880 4.18268
C 16.88410 23.10890 4.51378
C 17.36560 26.00610 4.95292
C 14.93020 35.82440 4.25831
C 15.85260 38.60160 3.51184
C 12.40430 38.02090 3.60830
C 13.73060 40.85970 3.06122
C 10.14060 40.34220 2.82811
C 11.53100 43.27420 2.62235
C 8.08167 42.79670 2.21976
C 4.78275 42.37120 1.44313
C 9.32273 45.71670 2.17093
C 6.19267 45.14610 1.46477
C 4.29283 47.74370 0.90223
C 8.37792 25.35750 5.35276
C 4.92686 25.47030 4.77176
C 1.73491 25.57590 3.88390
C 6.67041 28.19460 5.01430
C 3.59370 28.48730 4.24584
C 0.52080 28.62510 3.41743
C 5.46691 31.09980 4.36548
C 2.32475 31.35990 3.78773
C 1.59025 34.42520 3.25451
C 18.79250 47.39970 -0.83075
C 15.75970 47.02270 -0.73822
C 13.99740 51.51150 -1.68103
C 15.92150 53.76890 -1.21976
C 12.96830 55.23540 -0.86468
C 17.16620 56.62230 -0.58410
C 19.42810 58.82110 -0.79578
C 21.27960 61.84170 -0.75855
C 23.25150 64.40360 -0.71526
C 18.21620 61.65950 -1.09330
C 15.82640 59.80810 -0.45222
C 12.47510 59.39280 -1.35046
C 10.32890 57.35780 -0.22466
C 21.69360 67.06200 -0.92156
C 19.41370 64.94110 -0.44831
C 9.85540 61.09840 -1.15266
C 22.22390 70.11890 -0.89911
C 10.29350 64.17140 -1.58615
C 10.75320 67.49440 -2.06003
C 8.25454 69.46730 -2.47398
C 11.98510 51.37960 -0.92832
C 5.79209 50.68000 -1.93892
C 2.77618 50.27110 -2.42585
C 10.04100 54.08930 -1.22240
C 6.88647 53.50980 -1.76185
C 3.66517 53.09090 -1.97845
C 0.46908 52.69880 -2.21485
C 6.09672 56.40820 -0.27271
C 7.33143 58.05640 1.30921
C 6.14902 61.04950 -1.54603
C 8.14117 63.57140 -1.87295
C 7.32084 66.59600 -2.17870
C 6.17898 69.55060 -2.66125
C 21.90080 47.63970 -1.08269
C 20.41780 50.37790 -1.07587
C 17.16870 50.12910 -0.24051
C 22.17840 53.40850 -0.94694
C 18.91810 53.50970 -0.78773
C 20.69070 56.05130 -0.73197
C 22.65310 58.77450 -0.75557
C 15.95180 63.65350 -1.30799
C 12.88710 62.45170 -1.30726
C 19.23840 68.81040 -1.28967
C 16.36480 66.79470 -1.49087
C 13.40350 65.59830 -1.68254
C 16.61290 70.27670 -1.80284
C 13.70860 68.76900 -1.90285
C 11.15610 70.58750 -2.36721
C 11.18380 48.40600 -0.98947
C 8.00794 47.91010 -1.63782
C 8.95869 51.10730 -1.35695
C 2.17696 56.03460 -1.04553
C 4.01489 58.79160 -1.25969
C 0.93131 59.33410 -1.63351
C 2.91650 61.94540 -1.65293
C 4.93585 64.07830 -2.07797
C 1.77652 64.67840 -2.03688
C 3.98482 67.05770 -2.39502
C 0.63391 67.73570 -2.52199
C 3.01645 70.01650 -2.91672
H 0.80598 50.58550 -0.82866
H 17.26700 47.99930 1.00430
H 15.46850 51.83380 0.33706
H 14.22310 54.82820 0.58130
H 15.93890 57.54890 0.66989
H 21.05630 59.86370 0.77533
H 17.95130 59.97650 0.67274
H 22.84110 62.60930 0.96228
H 12.78330 57.51610 0.29926
H 11.00490 55.19600 0.72398
H 21.51370 65.19950 0.68369
H 19.49770 62.76150 0.62388
H 16.34460 62.02240 0.42564
H 13.68200 60.70090 0.25696
H 10.85910 59.62160 0.57773
H 22.72770 68.25170 0.66320
H 11.07540 62.73190 0.36364
H 11.34380 65.84470 -0.25953
H 8.82230 67.85730 -0.60201
H 9.16221 71.16890 -1.00306
H 12.20270 49.77570 0.84256
H 2.85214 48.29970 -0.93262
H 10.04190 52.30600 0.46584
H 7.00002 51.79300 -0.03885
H 3.93565 51.16690 -0.48407
H 8.01302 54.82610 0.09494
H 4.99357 54.17580 -0.21173
H 1.86134 53.64020 -0.32479
H 6.07895 55.89180 2.24544
H 5.61924 59.61650 0.53754
H 7.88360 61.96520 0.03840
H 6.60186 64.94240 -0.48280
H 5.69063 67.86410 -0.91113
H 4.69230 70.94700 -1.27923
H 23.65150 48.55160 0.38375
H 20.39190 48.63480 0.59709
H 22.16250 51.37030 0.40246
H 19.01070 51.49620 0.65337
H 20.68230 54.18910 0.85888
H 17.27590 54.45790 0.78204
H 22.34060 56.94370 0.89303
H 19.14550 56.99550 0.92026
H 19.68710 67.16380 0.43238
H 17.07990 65.26150 0.17792
H 13.97530 64.08010 0.20739
H 20.13740 70.27100 0.36645
H 17.13140 68.65800 -0.01606
H 14.33020 67.21540 -0.03606
H 14.61990 70.51200 -0.40188
H 11.74040 69.15450 -0.42804
H 9.11283 49.20180 0.15355
H 6.01970 48.75790 -0.50043
H 3.84517 57.05310 0.43322
H 0.62429 57.75230 -0.28904
H 2.50661 60.19380 0.09868
H 4.69216 62.53420 -0.11205
H 1.39120 63.15720 -0.11690
H 3.53948 65.49760 -0.61908
H 0.40238 66.20910 -0.60707
H 2.50488 68.51040 -1.03672
H 1.58866 71.41190 -1.45445
C 18.85100 47.72180 2.35488
C 15.72390 46.80620 2.62993
C 13.99750 49.82270 1.26032
C 15.57960 53.05280 2.10033
C 12.37520 54.09620 2.38876
C 17.31200 56.28910 2.46659
C 19.34340 58.97850 2.36535
C 21.02860 61.81160 2.34679
C 23.04310 64.59070 2.43007
C 17.93630 61.80030 2.27809
C 15.66330 59.87090 1.42780
C 12.81760 59.32430 2.08613
C 10.58250 57.41010 1.59598
C 21.29150 67.02860 2.23016
C 19.18280 65.02730 1.42488
C 9.69130 61.29870 1.80332
C 21.82440 69.97780 2.22043
C 9.95791 64.58890 1.51335
C 10.58180 67.75320 1.21698
C 8.09360 69.79340 0.78962
C 11.84400 52.03160 1.96277
C 5.48757 50.45250 1.21597
C 2.13151 50.01320 0.74095
C 9.31802 54.04550 2.09136
C 6.51883 53.45880 1.65838
C 3.32768 52.85860 1.23154
C 0.00922 52.39640 0.82341
C 4.16403 55.95780 2.78948
C 7.26587 57.77440 3.36785
C 5.95376 61.40620 1.77977
C 7.94509 63.94820 1.48378
C 7.00626 66.91960 0.92259
C 5.86939 69.79680 0.58778
C 22.09190 47.95620 2.16777
C 20.34850 50.68650 2.02200
C 17.13020 50.38760 1.63570
C 22.28710 53.05230 2.25230
C 18.78290 53.37540 2.29724
C 20.79380 56.04080 2.51367
C 22.41390 58.81310 2.51074
C 15.81920 63.88050 1.87408
C 12.90900 62.51720 1.82573
C 18.77940 68.80170 1.83678
C 16.19940 67.01120 1.62604
C 13.06470 65.89630 1.64391
C 16.36920 70.51850 1.32093
C 13.48860 69.18100 1.30796
C 10.90550 71.06450 0.76533
C 10.75150 48.82220 2.07464
C 7.36689 48.22310 1.49937
C 8.65383 51.10780 1.71430
C 1.70610 55.79880 0.84463
C 3.58446 58.94120 1.92275
C 0.59996 59.40070 1.47453
C 2.91162 62.07010 1.49970
C 4.82875 64.58640 1.24899
C 1.77053 65.18580 1.11281
C 3.89475 67.50210 0.72803
C 0.76891 68.23860 0.66556
C 2.93631 70.49460 0.42097
C 8.75935 90.22180 -1.33885
C 10.30160 93.39610 -1.03964
C 6.98718 93.17760 -1.77483
C 3.76672 92.58210 -2.19715
C 0.55837 92.64870 -2.75169
C 3.89539 75.49870 -3.41144
C 8.99920 78.48370 -3.71467
C 5.75955 78.31840 -3.70033
C 2.64766 78.11280 -3.67686
C 10.72490 87.24140 -4.53809
C 9.49804 88.35910 -1.47110
C 5.64827 89.85320 -2.13275
C 2.47920 89.88920 -2.78413
C 22.44290 80.86460 -0.48632
C 19.02040 81.74700 -0.87059
C 15.81380 83.58790 -1.96714
C 12.44130 86.23070 -4.68472
C 12.44560 87.58560 -1.44395
C 11.90580 90.64400 -0.90023
C 13.98980 93.10790 -0.46703
C 16.60630 94.85320 -0.42709
C 22.16730 95.70130 0.21566
C 22.64670 73.27700 -0.78270
C 22.98490 77.03620 0.06516
C 20.40530 78.24560 -1.31678
C 8.51868 72.46410 -3.07947
C 14.99090 78.46550 -3.10655
C 12.29580 77.06810 -3.75964
C 7.70885 75.42450 -2.77234
C 14.88140 81.84180 -2.61865
C 5.06237 72.61430 -3.11278
C 1.93106 73.01120 -3.24228
C 4.96811 95.66610 -1.82363
C 1.83976 95.33450 -2.23941
C 7.26386 81.25550 -4.08056
C 4.07615 81.15680 -3.95808
C 0.98865 81.06060 -4.05167
C 8.60598 84.03750 -4.41904
C 5.32968 84.12110 -3.90336
C 2.59302 84.04880 -3.84088
C 7.03247 86.99370 -3.58555
C 3.86124 87.03290 -3.41863
C 0.88359 87.02330 -3.47274
C 21.46480 84.09710 -0.52829
C 18.58150 85.40550 -1.10157
C 15.45690 86.56230 -1.30959
C 21.05990 87.41450 -0.36593
C 17.90350 88.53580 -0.60412
C 15.00330 89.65790 -0.86918
C 23.39520 89.37270 0.13991
C 20.36800 90.35990 -0.02286
C 17.34880 91.74990 -0.33955
C 22.75870 92.37770 0.19652
C 19.79770 93.43460 -0.23706
C 19.76890 71.88650 -1.44981
C 19.95550 74.89890 -1.52916
C 17.11700 73.43610 -2.12659
C 14.07240 71.86320 -2.36441
C 17.51200 76.68010 -2.44649
C 14.62270 74.97870 -2.91258
C 11.58440 73.73470 -2.94362
C 17.65040 80.34570 -1.95183
H 9.89916 91.40830 0.41433
H 6.74887 91.22480 -0.38591
H 11.24040 94.22390 1.15281
H 4.99079 93.66630 -0.39594
H 1.92462 93.31590 -0.81049
H 5.56949 76.49700 -1.90706
H 2.42187 76.73520 -1.62171
H 7.33009 79.52210 -2.24320
H 8.81270 82.34990 -2.23854
H 10.40030 84.90180 -3.42212
H 7.89856 88.65010 0.34959
H 3.68917 90.54600 -0.73333
H 0.53512 90.49830 -1.47748
H 21.61810 78.91770 0.80294
H 20.91760 82.15850 0.93431
H 17.61650 83.56520 -0.22150
H 14.56550 84.63630 0.07404
H 13.19400 86.17700 -2.30460
H 11.10620 88.54330 0.35427
H 13.47450 90.98770 0.62574
H 15.90830 92.97260 1.24939
H 14.00750 95.06620 -0.34568
H 18.49140 95.09310 1.07413
H 23.03590 71.50530 0.89618
H 23.38330 74.85630 1.15340
H 20.64970 76.36880 0.24102
H 18.08480 78.26180 -0.82673
H 12.42480 75.31890 -1.87508
H 9.50024 74.19530 -1.65305
H 6.80084 73.43110 -1.57333
H 15.25310 79.89900 -1.02879
H 12.47170 78.53050 -2.15638
H 3.62194 73.86470 -1.58684
H 8.23702 94.06870 0.15356
H 4.11093 79.43590 -2.21468
H 0.85668 79.26410 -2.45975
H 5.65784 82.23320 -2.44631
H 2.44821 82.12340 -2.36969
H 7.17669 85.12450 -2.61789
H 3.97969 85.08180 -2.05369
H 0.80059 84.94700 -2.32740
H 5.46921 87.85070 -1.74379
H 2.25588 87.75030 -1.60010
H 23.89750 81.06130 1.47200
H 23.11010 84.33440 1.36741
H 20.15770 85.45000 0.96289
H 17.02150 86.54880 0.54775
H 14.13560 87.75630 0.41086
H 22.62640 87.50280 1.55049
H 19.54680 88.53470 1.25008
H 16.50550 89.81180 1.00485
H 21.94610 90.62130 1.81577
H 19.00460 91.77820 1.52002
H 21.39760 93.87650 1.66091
H 20.47360 73.39150 0.35545
H 17.61990 71.88940 -0.29377
H 17.74930 75.09290 -0.47256
H 15.00680 73.55800 -0.92187
H 12.12900 72.28790 -0.98225
H 15.28080 76.71140 -1.38554
C 7.93268 90.76680 1.67413
C 9.64383 93.28250 2.11231
C 6.47543 92.84090 1.34838
C 3.39468 92.33180 0.92025
C 0.26028 91.96000 0.49151
C 4.18819 75.71420 -0.01329
C 8.97265 78.86400 -0.53995
C 5.74866 78.55830 -0.51544
C 2.38397 78.34300 -0.74645
C 12.28310 83.74550 -2.36704
C 9.16651 87.98420 1.93800
C 5.50888 89.29420 0.28155
C 2.01101 89.36810 0.23594
C 21.73430 80.42410 2.54817
C 18.64520 81.48730 1.04311
C 15.58730 82.60130 1.17292
C 12.20570 84.57340 -0.52729
C 12.04440 86.96790 1.59721
C 11.41240 90.41000 1.99394
C 13.48330 93.36310 1.54798
C 16.48710 94.58320 2.73630
C 21.65390 95.58180 3.44335
C 22.10680 73.39620 2.30841
C 22.10500 76.87310 2.15665
C 19.39980 78.22360 1.33837
C 8.48802 72.84180 0.18104
C 13.46660 78.12150 -0.46132
C 9.95976 77.69270 -1.94348
C 7.68951 75.65590 -0.94595
C 13.97620 81.30320 0.54415
C 5.25440 73.01110 0.08066
C 1.68885 73.53150 -0.07337
C 4.69712 95.38010 1.32705
C 1.44160 95.00870 0.93341
C 7.56781 81.69740 -0.88285
C 4.13765 81.44530 -0.74847
C 0.71707 81.10220 -0.93063
C 9.17016 84.68080 -1.15491
C 5.81396 84.09020 -0.82639
C 2.44078 83.88030 -0.70354
C 7.05214 86.55590 -0.51966
C 3.95103 86.68590 -0.19152
C 0.54208 86.61600 -0.43220
C 20.95580 83.54570 2.46955
C 17.98170 84.79560 1.99642
C 14.98340 85.95820 1.93154
C 20.56080 86.94450 2.87091
C 17.46680 88.07960 2.48472
C 14.42470 89.26470 2.25806
C 23.11670 89.06520 3.37668
C 19.85700 90.15810 3.09470
C 16.92520 91.36940 2.89303
C 22.18710 92.36300 3.49436
C 19.35090 93.70600 3.08137
C 19.06060 71.95660 1.73548
C 19.08110 75.06540 1.59860
C 16.45850 73.61020 1.03703
C 13.73660 72.43560 0.82080
C 16.48600 76.96230 0.65688
C 13.85880 75.37150 0.13757
C 11.12770 74.29880 0.08174
C 16.33680 78.97910 0.94490
C 37.41410 0.07770 1.02600
C 34.47730 -0.05985 0.52939
C 38.50320 3.03124 1.06350
C 47.28380 9.43199 0.09830
C 44.01830 8.98407 0.33811
C 41.01380 8.49659 0.60330
C 41.77960 11.58080 0.19832
C 32.47490 0.34806 0.31759
C 26.11330 0.58863 0.56252
C 34.86900 2.85362 1.48185
C 36.48010 5.54615 0.74673
C 37.97920 8.39389 0.52151
C 25.00990 9.18340 0.31504
C 39.66570 11.12680 0.19111
C 38.55590 14.10460 -0.17450
C 25.62730 14.70680 -0.15870
C 27.19370 17.56810 -0.08500
C 35.43740 20.17440 -0.49276
C 31.98790 20.29660 -0.33552
C 28.91290 20.21660 -0.12667
C 25.20150 20.91750 1.07242
C 48.34130 11.15030 -0.18543
C 45.11210 12.25720 0.23073
C 43.56880 14.48920 -1.86361
C 42.23850 17.63270 -1.73365
C 39.10460 19.06430 -1.08217
C 39.12910 22.17430 -1.22877
C 46.56520 1.37760 1.18172
C 43.54860 0.77689 1.35244
C 40.56720 0.25764 1.30490
C 48.03860 4.11179 0.79090
C 44.86870 3.59311 1.15681
C 41.66850 3.31883 1.16794
C 46.15260 6.54487 0.61609
C 42.93730 6.08494 0.84159
C 39.71410 5.79063 0.90558
C 29.36600 0.58189 0.56800
C 31.25610 3.38675 0.56156
C 28.00660 3.38018 0.57933
C 24.77580 3.42562 0.57257
C 32.98830 5.81463 0.47635
C 29.80330 6.04007 0.50757
C 26.57790 6.27173 0.48599
C 34.76710 8.41007 0.37823
C 31.74100 8.81210 0.32450
C 28.43910 8.92801 0.28130
C 36.47170 11.33960 0.27322
C 33.47440 11.52450 0.30222
C 30.23410 11.81010 0.19960
C 27.00930 11.84990 0.10278
C 35.07250 14.17580 -0.03329
C 31.95360 14.27190 -0.00265
C 28.75470 14.53810 -0.04132
C 36.92340 16.71890 -0.67572
C 33.74850 17.13270 -0.31662
C 30.41500 17.29570 -0.19237
C 48.21610 14.34430 -0.68759
C 45.01600 15.78560 -1.28172
C 47.86550 17.44250 -1.34378
C 44.99530 19.04410 -1.62392
C 41.83020 20.76490 -1.68506
C 47.70610 20.68370 -1.73734
C 44.82040 22.18900 -2.05143
H 35.66730 0.76515 2.61104
H 39.93500 4.17789 2.67712
H 36.75290 3.82960 2.59894
H 47.75150 7.86683 2.02040
H 41.24600 6.94779 2.35413
H 45.62420 10.33400 1.59720
H 42.49240 9.97393 1.98180
H 29.73150 96.47670 2.39040
H 26.54700 -1.37847 2.07333
H 31.18670 1.41298 2.14567
H 24.62530 1.68412 2.22284
H 32.89100 4.12690 2.31771
H 38.00050 6.80423 2.36579
H 34.75490 6.75054 2.04021
H 39.40410 9.60086 2.08417
H 38.22460 12.43670 1.68675
H 25.45590 12.96280 1.69140
H 39.67030 15.80580 1.50179
H 36.71980 15.15400 1.17532
H 35.33230 18.10180 0.76675
H 25.74110 18.47710 1.89614
H 33.65840 21.24730 1.16345
H 30.52800 21.00860 1.55444
H 27.54410 21.05700 1.99624
H 47.31730 12.93300 1.15281
H 44.12370 14.39120 0.56788
H 41.64390 16.00620 -1.01237
H 41.04890 19.13370 -0.08772
H 38.52430 20.79950 0.89596
H 23.42850 -1.25155 2.04103
H 46.89270 -0.42165 2.75763
H 43.82680 -0.93571 3.02085
H 40.74290 -1.37315 3.17737
H 37.63180 95.96360 2.59254
H 48.23420 2.45720 2.55910
H 45.02320 1.98912 2.93455
H 41.82860 1.60558 2.85108
H 38.74410 1.22198 2.67047
H 46.38800 4.95202 2.45105
H 43.12520 4.47349 2.62661
H 44.46950 7.42004 2.20730
H 27.75760 1.54854 2.19861
H 29.59300 4.26677 2.25588
H 26.40280 4.44354 2.15807
H 31.48850 6.99424 2.02781
H 28.24790 7.19155 2.02215
H 25.04310 7.33454 2.09332
H 36.33160 9.56509 1.92456
H 33.31780 9.73006 2.01890
H 30.11700 9.92367 1.79192
H 26.84460 10.04300 1.79486
H 35.03210 12.59490 1.92253
H 31.91210 12.60270 1.81661
H 28.60570 12.76270 1.77412
H 33.56880 15.38860 1.51215
H 30.46320 15.48040 1.47076
H 27.28080 15.66760 1.50347
H 32.13890 18.33080 1.24657
H 28.97390 18.33770 1.51229
H 46.87280 15.99860 0.32221
H 43.99340 17.62040 0.04821
H 46.79720 19.22720 0.09725
H 43.89710 20.77690 -0.27712
H 41.18140 22.44270 0.04947
H 46.64210 22.39890 -0.41344
C 37.19410 0.02987 4.17424
C 34.06220 -0.48764 3.89764
C 38.46760 3.09331 4.26859
C 47.37720 10.06650 3.19622
C 44.40340 9.54977 3.49456
C 41.06720 8.87807 3.71068
C 41.85370 12.00030 3.31508
C 32.41270 0.49920 4.22723
C 26.10820 0.45673 3.68007
C 34.63060 2.77080 3.41483
C 36.34410 5.57962 3.76189
C 37.86330 8.79676 3.74241
C 25.10540 9.31241 3.51708
C 39.74840 11.64210 3.47552
C 38.52710 14.73380 2.88745
C 25.61120 14.92780 3.10270
C 27.21770 17.57980 3.12285
C 36.11700 20.55980 1.45033
C 32.49050 20.18540 2.93844
C 29.11630 20.01670 3.36194
C 25.15280 20.77470 3.06395
C 48.28050 11.82710 2.94854
C 45.11960 12.63140 2.05983
C 41.78860 14.39740 1.13451
C 41.84840 17.21720 1.27733
C 39.76500 19.53570 2.18024
C 39.73390 22.74350 2.08569
C 46.93200 1.39790 4.32843
C 43.43770 0.96500 4.50679
C 40.32250 0.66694 4.46418
C 48.05810 4.31255 4.13517
C 44.96410 4.02019 4.15929
C 41.64960 3.48716 4.31287
C 46.25430 6.95514 3.81283
C 43.02120 6.50919 3.97177
C 39.65820 6.19906 4.04622
C 29.36030 0.46443 3.85561
C 31.10010 3.27670 3.85057
C 27.83950 3.40820 3.83178
C 24.76270 3.47465 3.82586
C 33.00990 5.83711 3.67488
C 29.78190 6.22049 3.73739
C 26.67080 6.37998 3.66319
C 34.79610 8.66985 3.61374
C 31.54160 8.92677 3.55388
C 28.49670 9.15789 3.48298
C 36.64370 11.48420 3.40698
C 33.45650 11.73180 3.54515
C 30.22660 11.84700 3.39655
C 26.92740 11.87220 3.37946
C 35.30150 14.72730 3.14014
C 31.94970 14.57250 3.21123
C 28.82310 14.78160 3.20008
C 37.71280 17.42810 1.09579
C 33.82560 17.42600 2.77510
C 30.66190 17.42450 3.01308
C 47.86300 14.91700 2.41580
C 44.82730 15.97400 1.76992
C 47.65750 17.73780 1.88461
C 44.80020 19.30480 1.57799
C 42.08590 20.73920 1.51090
C 47.56100 21.03620 1.46722
C 44.77370 22.54300 1.20172
C 47.78830 30.20940 -1.32094
C 46.40170 33.08900 -1.50182
C 48.09300 35.89890 -1.51013
C 47.08410 38.51580 -1.51653
C 36.39030 23.54720 -0.95639
C 38.92080 25.96440 -0.95173
C 41.51820 27.45000 -1.87180
C 47.30630 26.91640 -2.92069
C 44.62840 29.13420 -2.80071
C 35.57310 25.54170 -1.10310
C 33.08380 23.61680 0.10811
C 29.07780 23.04990 1.46136
C 39.19070 29.97100 -1.75882
C 36.19150 28.55980 -1.23703
C 27.50140 25.42780 -0.24658
C 43.00360 33.42530 -1.76918
C 39.90900 33.04390 -1.80960
C 24.92880 27.47080 0.10333
C 40.98810 36.50110 -1.11928
C 38.15620 38.16510 -1.32651
C 36.31350 40.62910 -0.94847
C 33.41230 42.30490 -1.36041
C 30.22630 41.21410 -1.28161
C 27.93570 40.87780 -1.00836
C 22.66540 38.66890 -1.69647
C 24.40020 41.50360 -1.64769
C 30.29210 44.44430 -0.65648
C 26.54620 44.41420 -1.62652
C 31.52650 47.22780 -1.18172
C 44.89590 35.88030 -1.64970
C 43.38870 38.94070 -1.85943
C 40.49290 40.22660 -1.66860
C 45.84110 41.16400 -2.10329
C 39.96070 43.51250 -1.43801
C 36.76800 44.62410 -2.01711
C 34.04890 45.84700 -0.89567
C 46.10570 44.35260 -2.20026
C 41.70730 23.98880 -1.80549
C 47.73860 23.72520 -2.22668
C 44.62600 25.30740 -2.61466
C 33.06140 27.40240 -0.77606
C 30.38070 26.31960 -0.26795
C 36.83780 31.81450 -1.36723
C 33.79020 30.61280 -0.89105
C 30.86830 29.79550 -0.51909
C 27.89470 28.60800 -0.04633
C 37.45140 34.87140 -1.44433
C 34.53740 33.89530 -1.08666
C 31.29330 32.83970 -0.68681
C 28.10020 31.80580 -0.22757
C 25.19370 30.61880 0.30365
C 35.35670 37.19410 -1.13658
C 32.12860 35.92200 -1.13339
C 28.76810 34.90290 -0.83710
C 25.40240 34.10320 0.73931
C 32.96870 39.07190 -1.38467
C 29.69870 37.92490 -1.46211
C 25.93760 37.41320 -0.36905
C 28.37650 47.32710 -1.15391
C 42.83400 42.21190 -1.97824
C 42.66300 45.35190 -1.80932
C 39.88750 46.45470 -1.56373
H 46.26050 31.38810 0.47561
H 47.94290 34.09080 0.17887
H 46.46540 36.75940 0.12959
H 38.41680 23.96450 0.41247
H 41.18810 25.66730 -0.26147
H 39.82840 28.12340 -0.26254
H 46.53630 28.64880 -1.29261
H 43.64640 29.86650 -0.48398
H 37.05200 26.86070 0.28183
H 33.93070 25.81240 0.78403
H 31.10750 24.62780 1.45505
H 40.66570 31.12900 -0.27990
H 37.59220 30.06820 0.16825
H 28.72150 26.90060 1.51968
H 25.72840 25.84940 0.81996
H 41.38180 34.24300 -0.22142
H 38.83520 36.20970 -0.02317
H 40.19030 38.51850 -0.05184
H 23.22840 33.92580 2.18218
H 36.93690 41.65000 1.36019
H 31.14920 39.39260 0.01920
H 28.02760 38.63830 0.12890
H 23.54860 37.83160 0.70685
H 34.73140 43.73880 0.15265
H 31.62720 42.58590 0.36834
H 26.26980 42.65830 -0.24189
H 32.07380 45.57510 0.53951
H 28.18350 45.48810 0.07032
H 44.70320 34.03450 0.06584
H 43.17280 37.09110 -0.30682
H 45.21390 39.51550 -0.31050
H 42.46940 40.49080 -0.24862
H 39.62140 41.63530 0.34487
H 37.43800 42.97060 -1.24757
H 44.83100 42.75660 -0.73898
H 43.86910 23.94780 -0.64665
H 46.56040 25.44610 -1.08951
H 43.90740 26.99870 -1.64367
H 34.59930 28.85950 0.58464
H 31.56910 27.99880 1.14651
H 38.28170 33.14910 0.12083
H 35.21720 32.09400 0.51232
H 32.24260 31.21810 0.97791
H 29.23950 30.13620 1.27847
H 26.23180 28.88980 1.70329
H 35.87480 35.30190 0.39303
H 32.79820 34.31120 0.69142
H 29.58320 33.26650 0.98034
H 26.61420 32.06840 1.78535
H 36.52470 38.59960 0.46790
H 33.43130 37.34860 0.38792
H 30.34420 36.34120 0.44565
H 27.23800 35.65100 1.01545
H 34.13360 40.58720 0.21034
H 25.10140 45.54530 0.10121
H 42.03390 43.65410 -0.14641
H 39.25490 45.03300 0.40952
H 36.36180 46.25660 -0.16767
H 44.70200 45.73100 -0.58169
H 41.80610 46.94740 -0.09301
C 47.75470 30.65780 1.91932
C 46.28390 33.49810 1.94631
C 48.11610 36.07050 1.68871
C 46.79060 38.77600 1.48905
C 36.82600 23.70070 2.23826
C 39.26610 26.20630 1.12039
C 42.20100 27.88970 -0.05270
C 47.52690 27.37760 0.12610
C 44.90310 29.20150 0.58809
C 35.96770 25.66630 2.16615
C 33.41860 23.60590 2.11136
C 30.31950 22.90000 3.14756
C 39.62250 29.67370 1.61166
C 36.63940 28.61710 1.96608
C 27.27370 25.63990 2.99584
C 42.95740 32.25360 0.01316
C 40.38950 33.10280 1.52558
C 25.60290 27.03860 3.09914
C 41.08050 36.43390 0.88536
C 38.34130 38.08290 1.55310
C 35.75800 40.34290 2.09844
C 33.71700 42.47310 1.80829
C 30.72220 41.15750 1.84728
C 27.77730 41.11910 0.99153
C 22.63350 39.13840 1.82098
C 24.28570 41.68300 0.32591
C 30.06700 44.34120 1.16696
C 26.62960 44.26590 1.58726
C 31.90050 47.46650 2.04765
C 44.55710 35.95040 1.50232
C 43.47240 38.93660 1.30645
C 41.13360 39.90750 1.70330
C 45.34520 41.38110 1.19129
C 40.62460 43.47530 1.87063
C 37.00650 44.20090 0.99015
C 34.37890 45.93530 1.23164
C 46.08660 44.23520 0.89792
C 42.30660 24.27010 1.24723
C 47.33680 24.37130 0.95757
C 44.78080 25.96170 0.48072
C 33.62450 27.54340 2.48945
C 30.72300 26.41610 2.96613
C 37.25580 31.78860 1.87887
C 34.28490 30.68670 2.30188
C 31.19330 29.79230 2.74381
C 28.29450 28.73850 3.07033
C 37.89000 34.90810 1.75118
C 34.76920 33.90230 2.13058
C 31.56990 33.03870 2.49417
C 28.55930 31.95270 2.92223
C 25.78920 30.51200 3.48584
C 35.32290 37.03130 1.97157
C 32.14510 36.12280 2.11932
C 29.00240 35.37350 2.35842
C 25.76360 34.26600 2.60327
C 32.90540 39.28410 1.77771
C 29.72740 38.26980 1.84180
C 25.99290 37.77620 1.48098
C 28.45620 47.03000 2.01827
C 43.43730 42.13960 1.18821
C 43.05440 45.39080 1.28260
C 39.99450 46.80580 1.63611
H 35.92620 60.21370 -0.24296
H 33.28460 58.95180 0.10228
H 39.56460 64.09390 -0.59581
H 36.57330 63.07290 0.06142
H 43.48820 68.35390 -0.11561
H 40.34840 67.21340 0.06063
H 28.28450 63.12610 0.95575
H 44.04350 71.29410 0.86123
H 24.69780 65.61870 0.93473
H 26.09050 68.64360 1.07649
H 27.05710 71.85460 1.47204
H 33.52150 62.10510 0.28005
H 37.30120 66.17840 0.26694
H 34.10950 65.18980 0.38739
H 31.15130 64.23090 0.80591
H 41.06350 70.24860 0.59948
H 37.94060 69.19880 0.51470
H 34.85110 68.20600 0.61921
H 31.67100 67.30100 0.62224
H 28.39170 66.22850 0.81166
H 35.33240 71.34030 0.78709
H 32.33670 70.35880 0.89319
H 29.15030 69.46040 0.88220
C 45.60910 66.91790 -2.54031
C 48.06600 69.38220 -1.35539
C 33.93300 50.11470 -0.72618
C 34.71810 53.13480 -1.57755
C 32.88580 55.70050 -1.15234
C 30.19280 55.70310 -0.88972
C 29.41190 58.94140 -0.12885
C 27.10590 61.64400 -0.56435
C 24.40820 61.55160 -0.56731
C 35.16950 58.18250 -1.50259
C 38.23380 62.36980 -1.65056
C 35.05810 62.08940 -1.61858
C 32.32800 60.50540 -1.19180
C 42.15680 66.74480 -1.64778
C 38.94260 65.94650 -1.65505
C 29.96040 62.74650 -0.72793
C 42.71120 70.54610 -1.13712
C 26.72120 64.62530 -0.02955
C 24.71070 67.52530 -0.66612
C 25.23770 70.77970 0.09556
C 36.92750 47.97560 -1.61123
C 36.84330 50.99190 -1.68989
C 35.98430 54.90800 -1.53924
C 38.77350 56.43750 -2.10033
C 41.03450 58.83060 -1.82516
C 46.95460 59.05920 -1.93681
C 41.43450 62.82400 -1.98618
C 46.27130 62.41750 -1.86413
C 44.66530 63.70230 -1.51336
C 25.31990 47.67040 -1.17344
C 30.14800 50.03050 -1.14409
C 26.96950 50.07300 -1.00604
C 23.75440 50.43100 -1.22786
C 31.55870 52.71360 -1.13375
C 28.47950 52.84080 -0.96221
C 25.39170 53.18010 -0.93834
C 27.15150 55.78700 -0.81093
C 23.88520 56.07080 -0.84440
C 25.81310 58.86700 -0.75118
C 35.85830 64.98720 -1.30126
C 32.65690 63.93420 -1.13104
C 39.79070 69.07830 -1.20701
C 36.53480 68.04500 -1.18066
C 33.46210 66.97520 -1.06825
C 30.23300 65.85110 -0.80641
C 37.14680 71.13940 -0.80909
C 34.03120 70.05910 -0.82716
C 30.91690 69.20110 -0.76547
C 27.87660 68.09650 -0.67109
C 31.87190 72.22850 -0.64061
C 28.41510 71.35670 -0.53490
C 45.47010 47.51200 -2.08142
C 42.46510 48.62690 -1.77665
C 39.66350 49.73070 -1.88748
C 45.17900 50.70430 -1.95202
C 42.18840 51.91080 -1.92317
C 39.07060 53.46030 -1.99503
C 44.86090 53.83190 -2.01364
C 41.76270 55.20920 -2.19568
C 47.41560 55.85390 -2.12341
C 44.25610 57.06830 -2.27432
C 43.83120 60.62930 -1.92147
H 46.78160 64.99910 -1.86359
H 48.13000 67.29830 -0.08234
H 46.27040 69.68320 0.36295
H 33.44850 47.95400 0.20074
H 31.87080 50.86780 0.44008
H 33.28320 53.74290 0.29298
H 31.78960 56.47610 1.09096
H 30.66830 60.92470 0.81001
H 27.37950 59.87910 0.95735
H 25.72790 62.72100 1.08447
H 36.16130 49.44170 0.19964
H 47.30430 47.82950 -0.40494
H 38.56980 51.50220 -0.55585
H 38.08490 54.83710 -0.16498
H 34.90290 56.31050 0.06944
H 37.48780 57.87530 -0.31828
H 40.36270 61.10090 -1.03979
H 45.75500 60.56940 -0.37578
H 43.14850 62.29260 -0.09363
H 30.10360 48.16950 0.50444
H 26.86770 48.24850 0.60088
H 28.63200 50.95120 0.55459
H 25.39680 51.18260 0.49513
H 30.15800 53.73680 0.63464
H 27.09260 53.86830 0.77853
H 23.90900 54.08460 0.71742
H 28.72010 56.76710 0.79638
H 25.55490 56.84920 0.77515
H 24.16560 59.65070 0.96570
H 38.90710 48.15220 -0.14603
H 44.40170 48.94270 -0.36942
H 41.40240 50.26710 -0.21730
H 47.09240 50.94250 -0.30385
H 44.05540 52.21800 -0.25978
H 41.06310 53.53090 -0.49446
H 46.64710 54.19580 -0.34826
H 43.60280 55.37200 -0.51114
H 40.63320 56.71520 -0.58403
H 46.09220 57.21180 -0.55167
H 43.24900 58.56170 -0.63688
C 45.76130 67.32880 -0.35133
C 48.00390 68.67430 1.93039
C 34.10620 50.04260 1.23452
C 35.20430 53.19220 1.71209
C 33.38390 55.74570 1.93061
C 30.04250 55.36830 2.49471
C 29.50770 58.94390 1.72955
C 27.24730 61.52500 2.49944
C 24.24550 61.59190 2.58153
C 35.47710 58.29840 1.35433
C 38.20700 61.18680 -0.06721
C 35.48960 61.68280 1.71675
C 32.70090 60.69260 2.14218
C 42.48760 66.04020 0.04498
C 39.25290 65.44640 1.50904
C 30.10080 62.69540 2.48869
C 43.01080 69.16510 1.71151
C 26.74730 64.76440 1.88519
C 24.33550 67.52390 2.42790
C 25.04610 70.65080 2.14712
C 37.21690 47.67690 1.56172
C 37.31660 50.81670 1.57616
C 36.29360 54.94850 1.56898
C 38.71550 56.87550 1.11299
C 40.93480 58.94340 0.23705
C 46.78030 59.01290 1.11778
C 41.07080 62.51880 0.97278
C 46.19150 62.00660 1.60073
C 44.64420 63.43310 1.57446
C 25.10820 47.16480 1.90270
C 30.28560 50.04040 2.16023
C 26.88960 50.13910 2.15439
C 23.74520 50.38640 2.02858
C 31.94930 52.76200 2.09391
C 28.68630 52.67080 2.29847
C 25.41820 52.88140 2.28559
C 27.13260 55.72570 2.43027
C 24.00690 55.91550 2.40500
C 25.83220 58.65050 2.46019
C 36.07880 64.66600 1.83762
C 33.20630 63.71660 2.05925
C 39.83320 68.57510 1.97177
C 36.74620 67.70050 2.07868
C 33.56350 66.84470 2.17000
C 30.20980 66.06290 2.31504
C 37.20910 70.75700 2.29350
C 34.21010 69.81670 2.38746
C 31.03340 68.91410 2.39788
C 27.68740 68.12050 2.47170
C 31.74930 72.06890 2.49496
C 28.78420 71.25430 2.65228
C 45.38380 47.36800 1.14529
C 42.52010 48.85480 1.33237
C 39.35830 49.97770 1.26676
C 45.11570 50.65660 1.25320
C 42.11730 52.08960 1.29272
C 39.15730 53.36440 1.15348
C 44.73720 54.01720 1.26414
C 41.63590 55.43670 1.01830
C 47.48500 55.97760 1.15617
C 44.28470 57.12350 1.13626
C 43.85400 60.22080 1.18911
H 41.62900 73.50940 0.76947
H 39.19430 75.39970 1.09420
H 36.79850 77.50480 1.21578
H 25.21240 73.19740 -0.66253
H 34.53160 79.71650 1.74572
H 31.37750 78.71250 1.67711
H 28.38320 77.93540 0.73706
H 25.50250 77.00770 -0.46856
H 38.55800 72.28050 0.92343
H 36.20340 74.43500 1.00032
H 33.06450 73.50640 1.01774
H 29.99040 72.62850 0.86082
H 33.73060 76.62420 1.23433
H 30.58650 75.65290 1.16113
H 27.59070 74.82500 0.39604
C 43.03030 89.75570 1.27808
C 35.80550 89.80280 2.22685
C 47.35270 93.48790 1.42587
C 44.67460 92.30010 2.85594
C 41.25950 92.64940 1.46850
C 38.29570 91.90110 1.63610
C 34.81080 91.95760 1.35180
C 32.93250 94.76710 0.90679
C 46.02100 75.01480 0.20009
C 42.73000 77.21570 -0.51826
C 40.08970 79.13830 -0.03789
C 37.56840 81.02970 0.15515
C 37.62580 84.02020 0.61397
C 37.70680 87.22920 1.60901
C 39.95270 88.98950 2.60320
C 45.89680 88.54720 1.27414
C 45.69670 71.80970 -0.97433
C 28.22130 95.44790 0.50500
C 25.26790 79.45590 0.21354
C 30.63370 80.64350 2.16886
C 27.49600 81.49940 1.26995
C 34.82710 83.78570 3.29441
C 32.12250 85.38470 2.04527
C 34.87580 86.87640 2.02818
C 32.15040 88.59510 1.43002
C 31.65160 91.78240 1.14026
C 28.56310 93.47020 0.66367
C 43.30290 73.32960 -0.50014
C 41.16050 75.60390 -0.49340
C 38.70280 77.42900 -0.34866
C 26.80060 73.71640 -1.72453
C 36.25590 79.49240 -0.18633
C 30.01050 77.66580 -0.22648
C 27.16530 76.67890 -1.25779
C 45.42860 95.99690 1.39210
C 42.44880 95.43780 1.56825
C 39.56980 95.17120 1.39250
C 36.42310 94.70340 0.82332
C 45.70850 78.57860 -0.20389
C 43.06580 80.58540 0.03342
C 40.26040 82.33040 0.36998
C 46.08320 82.01460 0.26170
C 43.21430 83.80230 0.44142
C 40.23690 85.69710 1.24011
C 46.01840 85.41290 0.78433
C 43.17700 86.86510 1.05441
C 24.79490 82.91330 0.16279
C 29.88790 83.71560 1.74072
C 27.15890 84.88580 0.84594
C 24.10570 86.22540 0.02824
C 29.44370 86.94630 1.24616
C 26.56750 88.31010 0.55534
C 29.04850 90.12210 0.88524
C 25.90420 91.52910 0.58506
C 24.95860 94.79590 1.19979
C 40.31520 72.19270 -0.80231
C 38.04670 74.13500 -0.62016
C 34.79830 73.21490 -0.67189
C 35.47570 76.30410 -0.46729
C 32.40620 75.37710 -0.45414
C 29.69640 74.46170 -0.74816
C 33.09770 78.58440 -0.16632
H 41.42730 90.97830 2.84992
H 37.97420 90.47900 3.29000
H 45.91490 94.41830 3.19016
H 36.32690 93.14600 2.65711
H 33.06870 93.07380 2.80072
H 34.58540 95.79400 1.94524
H 44.84270 76.98440 1.13217
H 42.09730 78.64480 1.54100
H 39.30460 80.50510 1.92325
H 36.53510 82.19940 2.17493
H 47.71450 78.61980 1.56437
H 36.63320 85.21960 2.44340
H 36.45820 87.83110 3.59255
H 39.39790 86.66550 3.29024
H 44.73090 89.82450 3.16904
H 47.02640 91.63150 3.10819
H 46.97680 72.69630 1.04614
H 24.36920 77.84300 2.06374
H 26.74100 80.01390 2.33161
H 28.85870 82.09580 3.30421
H 31.15870 84.01270 3.94961
H 33.88470 85.66960 3.90489
H 33.77000 88.71580 3.22115
H 30.78340 90.26670 2.64123
H 27.53960 91.65140 2.21485
H 24.24960 92.60950 2.17585
H 30.17900 93.32530 2.52395
H 42.74210 93.76720 3.24958
H 39.53290 93.46660 3.13696
H 44.98690 80.23060 1.60349
H 42.21270 81.97750 1.86502
H 39.42800 83.66540 2.23680
H 47.81880 81.81550 2.05653
H 45.10040 83.48300 2.03717
H 42.29070 85.00680 2.38036
H 47.95840 85.06660 2.36847
H 45.03260 86.64070 2.64940
H 42.19910 88.11610 2.85964
H 47.76930 88.53950 2.64520
H 26.02720 83.22050 2.30822
H 28.44210 85.26480 2.86469
H 25.59400 86.43470 1.90335
H 30.99390 87.20150 3.16664
H 28.10780 88.47140 2.53478
H 25.04640 89.61400 1.91153
C 43.15720 89.77060 4.43521
C 35.64810 90.00250 4.19153
C 47.81060 93.53910 4.46840
C 44.56550 93.11370 4.72681
C 41.12900 92.59020 4.74231
C 37.75140 92.67060 4.65104
C 34.50610 92.97880 4.42482
C 31.82000 95.20200 2.81792
C 45.85440 74.73310 1.99771
C 42.84430 76.48840 2.70821
C 40.08950 78.41390 3.14622
C 37.25270 80.53380 3.51806
C 37.71600 83.60640 3.96386
C 37.56370 85.97410 4.59806
C 40.52230 88.08800 4.60838
C 45.98460 88.01970 4.40990
C 45.99060 71.19510 2.40116
C 27.91430 95.50310 3.97138
C 24.33470 79.57810 3.46338
C 30.56890 80.64770 4.23663
C 26.69650 81.86240 4.32526
C 32.20080 81.89580 4.68870
C 31.63240 85.73760 5.13516
C 34.62490 87.26310 5.07127
C 31.86670 89.11520 4.58349
C 31.36580 92.04500 4.28537
C 28.18390 93.49000 3.87395
C 43.08770 72.38730 2.56819
C 41.20510 75.18650 2.55121
C 38.60710 76.93630 2.89454
C 25.74640 73.96700 1.71028
C 35.82460 79.07440 2.96641
C 29.69910 77.20640 2.89115
C 26.50960 76.50040 1.83112
C 45.63350 96.35950 4.60978
C 42.49270 95.63600 4.75108
C 39.03770 95.41310 4.52991
C 35.82890 95.08580 3.98403
C 45.64350 78.41560 3.14764
C 42.97020 79.97710 3.22810
C 40.35220 81.79410 3.62835
C 45.86630 81.55370 3.46719
C 43.25890 83.16190 3.71965
C 40.58620 84.70300 4.13196
C 46.23350 84.81690 3.88909
C 43.14240 86.36910 4.22275
C 23.80680 82.81410 3.20709
C 28.85290 83.96550 4.95646
C 26.23210 85.05560 3.92948
C 23.51540 85.83940 3.19682
C 28.91300 87.05740 4.41609
C 25.90100 88.13330 3.70816
C 28.75970 90.34850 4.06112
C 25.55870 91.25220 3.74960
C 24.86750 94.83440 3.00719
C 40.55640 71.79470 2.32099
C 37.98340 73.79780 2.65839
C 34.94010 72.96260 2.51821
C 35.51330 76.04070 2.78581
C 32.35470 75.12540 2.70703
C 28.90770 74.25520 2.30275
C 32.95080 78.06750 3.16771
C 54.44220 -1.20326 1.40509
C 51.31890 95.74930 2.17707
C 48.49710 -1.12958 1.13994
C 54.92710 4.51033 1.08335
C 51.81760 4.87312 1.75969
C 49.63150 6.96487 0.54970
C 59.23440 0.65784 0.87917
C 58.09290 3.72554 0.64516
C 56.90210 6.49551 0.34884
C 58.73920 9.05925 -0.05942
C 70.91190 10.49820 -4.00970
C 67.36160 10.82420 -1.98048
C 64.19440 11.58810 -0.56029
C 60.20400 12.05840 -0.03291
C 70.38160 13.83840 -2.64082
C 67.14220 13.00600 -2.04908
C 65.26370 15.51870 -1.62502
C 62.30770 14.43060 -1.49943
C 63.14710 17.95160 -1.54124
C 61.42510 20.48220 -1.49380
C 62.54810 23.10210 -1.93859
C 59.54840 22.96850 -1.64912
C 53.32830 7.64700 1.51497
C 51.35940 9.64804 0.16981
C 56.74100 9.86644 0.56330
C 56.24900 13.15790 -0.52897
C 58.54640 15.02610 -1.37920
C 59.72590 17.89440 -1.09505
C 55.99270 19.24660 -1.89425
C 56.44580 23.00020 -0.94399
C 56.16610 1.22743 1.16913
C 53.16270 1.69707 1.13258
C 50.04120 1.69730 1.08810
C 68.13570 -1.23065 -0.98880
C 65.10720 -0.66153 -0.33140
C 62.13080 -0.04223 0.33955
C 70.39640 1.24033 -1.33614
C 67.23680 1.74936 -0.85188
C 64.27330 2.34454 -0.29845
C 61.06390 3.09358 0.19987
C 69.50120 4.28264 -1.26467
C 66.47440 4.86523 -0.77260
C 63.21410 5.49916 -0.52618
C 60.02860 6.06594 -0.03859
C 72.00640 6.70423 -1.43653
C 68.52650 7.03996 -1.11604
C 65.55330 7.90478 -0.83973
C 62.10840 8.69132 -0.62920
C 72.05200 16.72610 -2.24443
C 68.41410 16.04920 -2.09612
C 69.73930 18.95890 -2.17407
C 66.47890 18.34380 -1.85072
C 71.12620 21.97510 -2.34206
C 67.71280 21.27020 -2.20229
C 64.48360 20.86010 -1.83352
C 53.77260 11.38870 0.07589
C 51.01280 12.89510 -0.26896
C 53.53890 14.60770 -0.58911
C 50.69630 15.94620 -0.81546
C 56.13530 16.38120 -1.14145
C 53.25200 17.63620 -1.20001
C 50.42150 19.15630 -1.43157
C 53.27110 20.94680 -1.79826
C 50.40150 22.35190 -1.77451
H 56.11850 -0.37456 3.09464
H 52.98060 -0.24768 2.71624
H 54.86040 2.57710 2.77148
H 53.89970 5.67949 2.92083
H 50.97410 7.95782 1.89733
H 59.05260 -0.89781 2.76562
H 58.06000 2.08220 2.49674
H 56.98020 5.03494 2.33439
H 58.86770 7.38621 1.62778
H 55.73060 8.06441 1.73302
H 70.49060 7.65322 0.32947
H 67.47760 8.33741 0.81302
H 64.14900 9.39208 0.75518
H 60.84700 9.87803 1.16885
H 71.29160 11.85030 -1.83714
H 71.95090 14.67120 -0.88337
H 68.85280 14.07140 -0.62045
H 65.65280 13.57180 -0.13081
H 63.52140 16.10350 0.00421
H 61.60010 18.73720 0.26919
H 59.83330 21.27520 0.38759
H 53.17880 10.02530 1.90517
H 50.18600 11.48580 1.38899
H 55.69350 11.98690 1.57619
H 58.35880 13.64630 0.71682
H 60.64750 15.78240 -0.18609
H 58.04240 16.77550 0.24790
H 57.80960 19.59740 -1.04526
H 55.02150 21.17010 -0.55586
H 52.24670 22.66650 -0.24681
H 50.00670 -0.10291 2.75325
H 51.57940 2.63334 2.73310
H 49.53880 5.28051 2.41347
H 70.24450 -0.72996 0.22518
H 67.14580 0.01176 0.83391
H 64.14650 0.67287 1.48229
H 61.16030 1.45082 2.04540
H 69.31130 2.44074 0.28256
H 66.19340 3.11789 0.95723
H 63.13090 3.82995 1.30692
H 60.02830 4.53540 1.88393
H 71.59000 4.72943 0.04768
H 68.41710 5.39988 0.63142
H 65.21740 6.12311 0.85608
H 62.05750 6.88934 1.13880
H 62.38820 13.18140 0.29115
H 70.15490 17.06640 -0.62189
H 66.95920 16.56700 -0.14649
H 71.26440 20.20220 -0.66138
H 68.06280 19.56410 -0.45240
H 64.87640 19.06610 -0.16613
H 69.24320 22.55620 -0.85208
H 66.15800 22.02070 -0.56063
H 62.98800 21.64420 -0.04086
H 52.85420 13.27840 1.34579
H 49.89640 14.66950 1.12498
H 55.46720 15.07510 0.80807
H 52.55970 16.36540 0.77445
H 49.61540 17.69550 0.43112
H 55.20340 18.20580 0.19135
H 52.35600 19.52500 0.06132
H 49.46910 20.84940 -0.03020
C 54.37280 -0.56861 4.76652
C 51.47490 96.45090 4.25192
C 48.53850 -1.20260 4.33926
C 55.44110 4.55365 4.25353
C 51.68670 4.96578 3.63977
C 49.35440 7.34786 3.73576
C 59.73140 1.08167 4.03113
C 58.63050 3.98252 3.85704
C 57.22710 7.13256 3.46091
C 59.86670 9.27423 3.01211
C 70.34370 10.01450 -0.49331
C 68.18630 10.55400 -0.03892
C 64.35990 11.85950 1.24648
C 60.06510 12.13330 1.81699
C 70.54230 13.09590 0.48620
C 67.29740 13.04630 1.18160
C 65.37910 15.50800 1.45044
C 62.10090 15.10420 1.80016
C 63.53640 18.05700 1.58671
C 61.83440 20.61250 1.83604
C 62.95710 23.67980 1.35067
C 59.74580 23.29860 1.61637
C 53.90320 8.14399 3.36433
C 51.07810 10.03240 3.23673
C 56.71610 10.32010 2.57898
C 56.65500 13.95770 2.61168
C 59.28540 15.54340 1.95185
C 59.19910 18.84080 0.93775
C 56.39960 20.09870 1.19059
C 56.55370 23.20590 0.91848
C 56.54590 1.66539 4.38399
C 53.32980 1.61543 4.34937
C 49.85600 1.77271 4.31563
C 68.79570 -1.27769 2.15324
C 65.79000 -0.50559 2.87176
C 62.70070 0.15691 3.43730
C 70.79430 1.10707 1.78990
C 67.87850 1.88023 2.22955
C 64.68770 2.62405 2.82411
C 61.75680 3.51491 3.27323
C 70.08320 4.12904 1.91944
C 66.79110 5.01965 2.43155
C 63.65660 5.79337 2.69298
C 60.64450 6.58676 3.10546
C 72.23970 6.50449 1.77442
C 69.11740 7.06478 2.29779
C 65.96290 8.15505 2.29818
C 62.87520 8.87753 2.47895
C 71.93440 16.24720 0.97618
C 68.91410 15.80090 1.15132
C 69.92220 18.81970 0.98946
C 66.75620 18.46090 1.33742
C 70.84790 22.03570 0.93697
C 67.97870 21.41690 0.97783
C 64.91220 21.02210 1.29762
C 53.85680 11.95940 3.18836
C 50.96910 13.35960 2.89258
C 53.77340 15.16300 2.52143
C 50.75930 16.57880 2.35604
C 56.35840 17.03930 2.00082
C 53.47080 18.36120 1.87920
C 50.61340 19.57300 1.73296
C 53.48020 21.27550 1.39781
C 50.40900 22.68460 1.34508
C 72.94310 28.35760 -2.20468
C 62.60430 26.15920 -0.92401
C 70.51200 29.96920 -2.97954
C 67.00970 29.28030 -3.08100
C 63.82210 29.03130 -2.40197
C 58.71450 26.35060 -1.83559
C 55.42690 26.67070 -1.79885
C 51.86570 27.79280 -1.58647
C 60.49880 28.96660 -1.90148
C 50.97260 30.18220 -1.39703
C 62.06640 31.74100 -2.31164
C 63.69550 34.26310 -2.94828
C 63.43490 37.89160 -1.69916
C 61.82540 40.54830 -2.09936
C 48.47170 41.80740 -0.97483
C 60.19210 43.51250 -1.67830
C 57.19120 43.62490 -1.40473
C 51.16860 44.12090 -1.32916
C 56.23510 46.66980 -0.61530
C 52.37220 46.88540 -1.08746
C 50.52000 25.21640 -2.34540
C 69.96570 32.85630 -1.92131
C 66.91720 32.27050 -2.69048
C 68.45030 35.31480 -1.81114
C 66.97400 38.00750 -1.88455
C 65.14380 40.86250 -2.12852
C 63.62780 43.55490 -2.02825
C 62.00750 46.33090 -1.88318
C 48.86510 46.17030 -1.40630
C 72.03190 25.17180 -2.29980
C 68.78910 24.37060 -2.39282
C 65.76570 23.65590 -2.32373
C 69.71210 27.36260 -2.47561
C 65.96520 26.61350 -2.23485
C 57.29080 29.29610 -1.81800
C 54.08810 30.05580 -1.72016
C 59.05060 31.99820 -2.01670
C 56.00160 32.33370 -1.84017
C 52.71820 32.71670 -1.66383
C 49.43200 33.11900 -1.52047
C 60.61840 34.78160 -2.32304
C 57.72600 34.96360 -1.93523
C 54.70100 35.37100 -1.80664
C 51.40810 35.71640 -1.75161
C 59.72230 37.76780 -1.93838
C 56.57200 38.03560 -1.70925
C 53.32480 38.29460 -1.71660
C 50.08910 38.55750 -1.51301
C 58.38180 40.59710 -1.72768
C 55.33760 41.03630 -1.55973
C 52.28620 41.15490 -1.53818
C 53.86880 43.80530 -1.18374
C 53.37560 24.26470 -1.77414
C 71.74270 35.30380 -1.80771
C 70.10540 38.06300 -1.76833
C 71.67680 40.82630 -1.80566
C 68.56600 40.67920 -1.86437
C 70.06100 43.46770 -1.91349
C 66.81430 43.56490 -2.08142
C 71.71980 46.31320 -1.86653
C 68.24880 46.57980 -1.90672
C 65.29320 46.56030 -1.73518
H 64.19360 24.38790 -0.62176
H 61.22300 24.23620 -0.24953
H 70.91880 28.70830 -0.78806
H 64.54160 27.58600 -0.49211
H 68.70000 30.74970 -1.95162
H 65.62560 30.43670 -1.51293
H 58.25920 24.54700 -0.12306
H 55.04820 24.90300 -0.06565
H 60.47640 27.32550 -0.40025
H 53.95860 28.03280 -0.37396
H 50.85890 28.53600 0.55613
H 62.41890 30.01960 -0.66726
H 49.46980 31.32520 0.14147
H 63.85460 32.80890 -0.87963
H 62.62410 35.62880 -1.18438
H 61.33270 38.56280 -0.68083
H 48.59220 39.61270 0.18442
H 60.28250 41.46310 -0.31893
H 50.73870 42.42130 -0.02805
H 58.85220 44.26790 0.49505
H 55.67510 44.42510 0.38511
H 52.59470 44.95040 0.66165
H 52.01720 25.71760 -0.38088
H 49.44840 27.03100 -1.63464
H 71.56480 33.40830 -0.26564
H 68.40890 33.50090 -0.09791
H 66.20280 34.22410 -2.30488
H 66.84100 36.25750 -0.11306
H 65.25540 39.00480 -0.41809
H 63.48550 41.63850 -0.54502
H 62.03140 44.38020 -0.28826
H 47.72530 44.08880 -0.52620
H 72.25680 23.33710 -0.62163
H 70.14100 25.65010 -0.80541
H 67.07000 24.99450 -0.77776
H 67.72910 27.84660 -1.16591
H 57.16520 27.60930 -0.35163
H 59.06400 30.26950 -0.28888
H 55.89710 30.55300 -0.17223
H 52.65470 31.02100 0.07304
H 60.84340 32.97010 -0.62141
H 57.70540 33.14270 -0.35260
H 54.52670 33.50860 -0.21759
H 51.28440 33.90610 -0.12207
H 59.49030 35.81560 -0.42674
H 56.41220 36.10680 -0.19033
H 53.15630 36.49690 -0.18029
H 49.80870 36.64760 -0.04180
H 58.28870 38.74030 -0.11812
H 55.07380 39.04960 -0.08618
H 51.88380 39.37810 0.05362
H 57.05980 41.66250 0.00420
H 53.85860 41.83450 0.23691
H 49.36580 24.09070 -0.40771
H 70.08670 36.17970 -0.22206
H 71.83480 38.92290 -0.21385
H 68.48980 38.90990 -0.16507
H 70.07300 41.67130 -0.14946
H 66.78850 41.68950 -0.46233
H 71.74850 44.36710 -0.36092
H 68.44780 44.52340 -0.48725
H 65.21400 44.50980 -0.37726
C 72.47390 28.25780 0.98894
C 62.57500 26.96220 0.88338
C 69.71950 30.61040 0.19971
C 67.46130 29.87290 0.06278
C 64.48140 29.81260 0.56398
C 58.74840 26.53290 1.25894
C 55.48520 26.81210 1.25851
C 52.69510 27.08040 1.48657
C 60.81370 29.32930 1.09628
C 51.02330 30.28670 1.86269
C 62.46750 31.94720 0.92268
C 64.85570 34.95970 -0.17505
C 63.42890 37.54580 0.20900
C 61.92790 40.36340 1.03779
C 48.50160 42.05470 0.81369
C 60.68400 43.16340 1.50839
C 57.40070 43.37250 1.82600
C 50.98200 44.20870 1.81725
C 56.22000 46.39990 1.20019
C 52.77770 47.03720 2.03436
C 49.94220 26.15610 0.70966
C 69.96420 32.40490 1.32243
C 66.23700 32.53340 -0.32800
C 68.42380 35.32010 1.49035
C 66.67890 37.83230 1.26234
C 65.11140 40.61960 1.08125
C 63.75240 43.43740 1.21132
C 61.67400 46.02860 1.12348
C 48.85480 46.11710 0.51418
C 71.74950 25.19930 0.93362
C 68.82170 24.32060 0.76592
C 65.91600 23.87080 1.04629
C 69.43840 27.42580 0.61008
C 66.35360 26.89240 0.67459
C 57.49240 29.42580 1.34767
C 54.22020 29.72290 1.41954
C 59.36470 32.25050 1.18503
C 56.12360 32.43990 1.36335
C 52.82680 32.99060 1.50608
C 49.73040 33.24960 1.63983
C 61.48310 34.95660 0.70058
C 57.98310 34.97530 1.30861
C 54.67600 35.39590 1.36602
C 51.48570 35.76970 1.48188
C 60.04740 37.63900 1.21650
C 56.58350 37.92230 1.47919
C 53.35370 38.24230 1.52161
C 49.98470 38.66660 1.50526
C 58.69660 40.54050 1.39553
C 55.52860 40.77500 1.65030
C 51.99820 41.18090 1.73179
C 54.07760 43.54330 2.02943
C 53.26600 24.42360 1.26337
C 71.64600 35.11450 1.39074
C 70.12830 37.97800 1.39200
C 71.68650 40.70300 1.49194
C 68.25430 40.82010 1.35616
C 69.99400 43.69180 1.25442
C 66.89760 43.55790 1.16714
C 71.61540 46.32800 1.27931
C 68.42600 46.39580 1.28526
C 65.07090 46.23470 1.47033
C 52.01110 60.66910 -1.98658
C 49.30100 61.41780 -1.83633
C 58.30180 64.88780 -1.62080
C 55.06260 64.34820 -1.80615
C 48.68950 64.48100 -2.65863
C 59.42370 68.08790 -1.60130
C 63.27650 71.65090 -1.62340
C 60.32220 71.31290 -1.38262
C 66.40430 49.60780 -0.90794
C 63.26800 49.30390 -1.52103
C 71.97860 51.63140 -2.49354
C 68.91800 53.24100 -1.54219
C 72.16650 55.37650 -2.18154
C 72.41020 69.32400 -1.75242
C 51.27010 48.39800 -1.87932
C 51.31750 51.58490 -1.07657
C 50.44310 54.56480 -1.89172
C 50.03240 58.00060 -1.90903
C 60.23930 47.53340 -1.62064
C 63.77340 52.40100 -1.12485
C 60.54020 51.07670 -1.38804
C 57.26340 50.09590 -1.14255
C 68.64800 56.52560 -0.78934
C 66.94480 54.28870 1.13319
C 64.34350 55.20630 -0.68067
C 54.91050 52.45050 -1.51642
C 71.51280 59.43600 -0.44753
C 52.49530 54.51580 -1.92835
C 56.77270 58.78180 -1.83602
C 53.63040 58.04040 -1.96098
C 60.94390 62.53470 -1.42131
C 57.76880 61.83390 -1.77887
C 71.20210 67.77820 -1.48995
C 61.68910 65.63300 -1.46406
C 69.37500 70.64960 -0.84926
C 65.84180 69.43020 -1.57215
C 62.64360 68.77580 -1.60899
C 51.68820 63.77390 -1.63595
C 56.19430 67.53200 -1.53967
C 53.10830 67.35940 -1.76893
C 49.89590 67.13560 -1.73627
C 57.22770 70.69960 -1.24406
C 54.22890 70.38300 -1.20450
C 51.01350 69.85440 -1.22841
C 69.91250 49.24100 -1.96948
C 48.22260 49.52870 -2.01035
C 47.96450 52.70560 -1.81063
C 54.19560 49.40340 -1.11767
C 61.33110 54.38600 -1.19417
C 58.11550 53.46850 -1.58973
C 68.32760 58.46550 -0.33185
C 65.31120 58.03110 -0.57666
C 62.18350 57.34700 -1.08730
C 58.99350 56.51610 -1.52828
C 55.78860 55.54170 -1.89138
C 69.21790 61.74490 -0.73482
C 66.14430 60.88490 -0.71882
C 63.04110 60.32050 -1.08024
C 59.97460 59.42580 -1.45392
C 70.13610 64.92990 -0.93988
C 67.01240 63.88410 -0.87082
C 64.04320 63.15580 -1.12575
C 68.02730 67.06550 -1.19246
C 64.96920 66.20870 -1.30716
H 70.95260 56.15860 -0.00865
H 53.64970 62.35550 -1.16960
H 50.97600 61.96860 -0.08071
H 48.00960 62.63990 -0.07257
H 59.69800 66.28990 -0.04716
H 56.47260 65.51600 0.02205
H 60.85090 69.31790 0.02090
H 54.30960 47.70440 0.14186
H 63.49370 47.19300 -0.15841
H 68.61500 50.13470 0.00724
H 64.18720 50.28310 0.18546
H 71.31070 53.17200 -1.40204
H 49.96720 49.59390 -0.07972
H 49.67810 53.10250 -0.04602
H 49.28400 56.32610 -0.45017
H 48.76720 59.48970 -0.31993
H 61.08070 49.27970 -0.10574
H 57.31740 48.54030 0.81962
H 64.70340 53.32980 1.04212
H 61.76640 52.47480 0.30209
H 55.52240 50.97560 0.44098
H 68.52940 56.99960 1.78028
H 65.46420 56.33050 1.18191
H 53.05620 53.04020 -0.00692
H 69.64410 59.97250 1.14432
H 53.77690 56.23460 -0.51506
H 70.41690 63.04880 0.73785
H 54.89450 59.46560 -0.16572
H 51.87670 58.88840 -0.27796
H 71.48040 65.93750 0.43019
H 58.97200 63.19790 0.01307
H 56.18460 62.33100 -0.78843
H 69.38290 68.39900 0.19115
H 63.05000 66.92660 0.06249
H 67.05400 70.79550 0.30240
H 64.01210 69.99840 0.04122
H 53.24420 65.36170 -0.52506
H 49.96240 65.02020 -0.54841
H 57.67290 68.75350 0.11109
H 54.52010 68.34390 0.02517
H 51.42490 67.82900 -0.01935
H 55.63440 71.28240 0.66038
H 52.50800 70.79640 0.53504
H 49.36240 70.22630 0.56127
H 70.04640 47.25540 -0.49115
H 66.82470 47.31020 0.06967
H 71.69090 50.04450 -0.48561
H 58.52440 51.72350 0.11076
H 62.38430 55.58630 0.63640
H 59.33220 54.71170 0.16925
H 56.20730 53.91230 -0.02881
H 66.49850 59.32290 1.12806
H 63.29280 58.59550 0.62150
H 60.20680 57.72900 0.24023
H 56.95470 56.97370 -0.21646
H 67.40550 62.25260 0.86579
H 64.25990 61.52840 0.65130
H 61.08920 60.76910 0.30899
H 58.00270 59.97130 -0.09531
H 68.26870 65.36270 0.62815
H 65.15400 64.60070 0.55707
H 62.08840 63.79870 0.14092
H 66.10510 67.76700 0.24549
C 52.98400 60.92640 0.76508
C 49.26490 61.12170 1.49340
C 58.37950 65.00020 1.64373
C 54.72140 63.82960 0.67077
C 47.74960 64.96650 0.52521
C 59.50780 68.05340 1.70276
C 63.70420 71.74600 1.81493
C 60.55100 71.01930 1.82009
C 66.41390 49.58520 1.07133
C 62.81120 48.75230 1.62802
C 71.20930 52.15070 0.75332
C 69.17440 52.38260 0.43102
C 73.14610 54.85210 -0.56068
C 72.81040 69.15200 1.73368
C 50.97710 48.11670 1.76928
C 51.35430 51.42010 0.83963
C 50.39690 54.83180 1.41516
C 50.22840 58.11150 1.22680
C 59.36090 47.97000 1.40246
C 63.50490 51.92000 2.05219
C 60.34170 50.99610 1.62168
C 57.32260 50.64270 2.12895
C 70.53040 55.22880 1.90502
C 67.03560 55.26610 2.74718
C 63.82040 55.10270 2.57263
C 54.82150 52.77810 1.76763
C 71.41060 59.72890 2.93174
C 52.39350 54.93420 1.35425
C 56.29280 58.85750 1.39710
C 53.49970 57.95370 1.34977
C 60.59480 62.67940 1.80437
C 57.39370 61.86440 1.36973
C 71.07260 67.93110 2.04153
C 61.64530 65.73470 1.60845
C 69.49460 70.79890 1.06531
C 65.98930 69.92940 1.54651
C 62.65920 68.76970 1.64690
C 51.61010 64.08510 0.94284
C 56.21080 67.23230 1.56791
C 53.14130 66.85490 1.43153
C 49.96500 66.58350 1.39098
C 57.50790 70.32670 2.00074
C 54.21150 69.84730 2.05220
C 51.15510 69.27230 1.92310
C 69.86820 49.21750 1.11973
C 47.93150 49.42780 1.48488
C 47.87830 52.74600 1.33217
C 55.15960 49.13870 2.01701
C 60.91150 54.05300 1.92330
C 57.86810 53.50970 1.74113
C 68.13200 58.82270 2.98249
C 64.80460 58.26700 2.52695
C 61.78920 57.42190 2.10406
C 58.58140 56.48800 1.61817
C 55.53280 55.78590 1.42484
C 69.18810 61.93200 2.56536
C 65.84660 61.30040 2.43938
C 62.68840 60.39040 2.13101
C 59.60670 59.54290 1.74742
C 70.02660 64.93130 2.35415
C 66.89260 64.20330 2.26137
C 63.77300 63.52090 2.03932
C 67.88220 67.43930 1.96210
C 64.69450 66.63220 1.91399
C 70.08110 87.42910 -1.96501
C 67.89120 87.67980 -0.98095
C 64.77780 88.41830 0.14658
C 61.66340 89.80970 0.65103
C 60.84730 92.54210 0.77081
C 57.77470 92.46320 2.24736
C 57.18560 95.68950 1.66813
C 48.39870 76.79400 -0.05756
C 51.45780 78.47640 2.38006
C 54.73370 80.73670 -0.04567
C 60.30310 84.99800 0.38880
C 48.91070 90.58980 1.86848
C 59.38990 87.80840 0.79725
C 56.55620 88.99690 1.78873
C 51.81960 91.73820 2.24671
C 58.40170 91.08090 3.64357
C 54.58060 93.81970 2.51559
C 64.65170 75.04580 -1.49056
C 48.90730 72.42550 -0.71284
C 62.69710 77.39990 -0.95102
C 53.06860 75.66070 -0.46975
C 50.06880 75.56950 -0.44622
C 63.77420 80.52510 -1.03556
C 60.75620 79.80230 -0.32364
C 57.64120 79.31350 -0.13403
C 53.67850 78.93140 0.06486
C 65.58890 83.46330 -0.15588
C 61.87120 82.68970 -0.25659
C 62.58700 86.12690 0.79343
C 72.16240 72.72800 -1.66579
C 69.19400 74.27110 -1.51311
C 68.99850 77.88510 -1.20375
C 66.45520 75.80380 -1.56156
C 69.54020 80.88750 -1.79340
C 69.21460 84.36470 -1.14076
C 70.00890 90.48950 -1.28265
C 66.85970 90.98720 -0.64777
C 63.80740 91.87280 0.09455
C 69.16290 93.30720 -1.09212
C 66.04200 94.07600 -0.44292
C 63.05170 94.83670 0.31111
C 59.94300 95.46270 0.91118
C 71.27720 95.62410 -1.49934
C 48.75260 80.17670 0.30258
C 51.62800 81.98700 0.44119
C 48.85700 83.61040 0.65132
C 58.20990 82.31510 0.81148
C 54.60910 83.90450 0.54859
C 51.64350 85.37010 0.76074
C 48.89560 87.06110 1.04021
C 57.07670 85.71370 0.93992
C 54.30920 87.11880 1.35054
C 51.67460 88.61280 1.50211
C 54.55560 90.31140 2.34507
C 61.53980 74.40980 -1.01088
C 58.47350 73.90130 -0.81694
C 55.38790 73.23210 -0.82976
C 52.13530 72.78730 -0.92451
C 59.57130 76.65890 -0.50569
C 56.26830 76.48610 -0.43060
C 72.07430 75.93530 -1.72219
H 49.03040 94.82250 2.67471
H 68.05370 85.99380 0.58640
H 61.49460 87.82910 2.08571
H 69.87520 88.56310 0.24941
H 66.96780 89.08770 0.96359
H 63.82750 90.07930 1.75233
H 60.68490 90.92250 2.70710
H 59.72980 93.90480 2.40066
H 56.79700 94.26160 3.68263
H 50.56900 80.36050 2.20632
H 53.78520 82.11710 1.73406
H 60.30760 83.13800 1.67827
H 56.64370 83.76190 2.08387
H 59.09760 85.92500 2.34374
H 58.66840 88.69100 3.00474
H 56.17480 90.04620 4.12222
H 53.29950 91.37510 4.34181
H 49.79420 92.17500 3.65826
H 65.00610 72.94780 -0.10322
H 61.87150 72.35010 0.28800
H 63.16060 75.37960 0.50164
H 50.34250 73.33030 0.76341
H 64.21690 78.32000 0.41840
H 54.68860 76.82180 1.23065
H 51.56000 76.18530 1.55375
H 65.59740 81.02450 0.83087
H 62.44900 80.72670 1.14589
H 59.23810 80.23550 1.53900
H 56.57210 80.70080 1.58326
H 63.45540 83.81510 1.08720
H 70.61660 72.71810 -0.11074
H 67.70910 74.00710 -0.08751
H 67.16870 77.13300 0.56498
H 67.88410 79.99140 -0.36231
H 71.13310 85.84720 -0.67899
H 67.98750 82.99000 0.54448
H 52.17900 94.20640 3.09302
H 68.91100 91.55830 0.54909
H 65.96440 92.30430 1.20282
H 62.93310 93.09740 2.03492
H 71.10640 93.84710 0.26698
H 68.13240 94.65350 0.70257
H 65.14740 95.38870 1.49209
H 62.05400 96.09440 2.08879
H 50.83630 83.50030 2.25787
H 53.52730 85.20660 2.37410
H 50.74610 86.62840 2.67064
H 56.19270 86.89080 2.92342
H 53.40010 88.32420 3.26080
H 50.72080 89.85190 3.25651
H 58.69670 71.82140 0.39239
H 59.99120 74.80930 0.95478
H 56.76230 74.36690 0.90829
H 53.60010 73.70010 0.83847
H 61.15460 77.80840 1.01116
H 58.01260 77.35350 1.29491
H 70.26000 76.11400 -0.12135
H 70.70140 79.34670 -0.18708
H 70.84430 82.61800 -0.45820
C 71.61060 87.21680 1.28967
C 68.62030 87.54890 2.19413
C 65.10070 87.95620 1.99323
C 62.43260 89.38080 3.68316
C 61.33670 92.59580 3.90098
C 57.66540 93.20790 5.81935
C 57.62950 96.22430 4.73395
C 48.60730 76.80190 3.21813
C 51.29790 78.13680 4.29729
C 54.82510 80.29800 3.13570
C 60.36430 84.29030 3.77250
C 48.57870 90.13200 4.40275
C 60.28290 87.14180 4.09771
C 57.08920 88.08570 4.89244
C 51.27550 91.06420 5.39134
C 56.27780 91.63780 6.00451
C 54.39830 93.65300 4.34699
C 65.03890 74.52770 1.90268
C 49.04620 71.94540 2.30142
C 63.03400 77.00760 2.41575
C 53.10530 75.32030 2.76713
C 49.57220 75.11020 2.62601
C 64.55560 80.16340 2.42901
C 61.19620 79.51330 2.79700
C 57.70070 79.09260 3.04993
C 54.34560 78.32890 3.22068
C 65.86860 83.45140 1.81781
C 62.48410 82.59740 2.80487
C 62.86510 85.76630 2.53848
C 72.47720 72.81410 1.55300
C 69.71840 74.30820 1.58915
C 68.93320 77.99740 0.80366
C 66.83170 75.19740 2.12622
C 69.65400 81.17170 1.15821
C 70.00160 84.43360 1.01763
C 70.49200 90.21600 1.83676
C 67.53000 90.80540 2.45882
C 64.53100 91.58000 3.16658
C 69.64990 93.25410 2.12170
C 66.81290 94.05660 2.71226
C 63.73580 94.92220 3.43870
C 60.60770 95.59490 4.01040
C 71.70490 95.69520 1.70700
C 48.45570 79.92490 3.64193
C 52.14460 81.85000 3.60017
C 48.88440 83.21040 3.79091
C 58.25030 82.12390 2.67262
C 54.77470 83.42500 3.67396
C 51.81840 84.87400 4.08639
C 48.72790 86.71830 4.09894
C 57.44230 85.09090 3.98760
C 54.38520 86.37040 4.40752
C 51.41810 88.01000 4.65201
C 54.18740 89.20490 5.42315
C 61.93320 74.03880 2.15464
C 58.50830 73.37700 2.33562
C 55.39000 72.99970 2.42033
C 52.05790 72.39350 2.33988
C 59.93210 76.56660 2.71173
C 56.55300 75.97350 2.79643
C 72.04650 76.23630 1.42915
C 89.42970 2.78286 -3.17781
C 93.25030 5.52662 -2.60585
C 89.45860 5.50524 -1.37104
C 94.28610 8.48731 -2.49112
C 81.97940 1.14692 -3.14155
C 78.88970 1.94790 -2.64002
C 77.99050 5.13386 -1.93143
C 75.13960 6.06995 -1.55053
C 74.07200 9.61123 -0.37390
C 72.81420 10.53850 -3.59922
C 73.28110 15.02880 -2.92890
C 75.50610 17.06480 -1.64001
C 76.40290 20.70640 -1.71329
C 85.91610 2.90820 -2.20512
C 82.64590 3.94291 -1.39973
C 80.83580 6.05487 -2.85221
C 85.59060 6.31702 -2.75996
C 79.89490 9.29725 -3.10348
C 76.61860 9.99808 -2.85885
C 91.32880 8.06439 -2.73551
C 88.18240 8.50234 -2.87089
C 76.23660 13.15150 -2.83366
C 94.50610 10.43720 -1.98759
C 78.64180 15.37010 -2.51271
C 0.50443 12.79740 -2.85880
C 80.48950 17.82430 -2.09339
C 95.88370 15.24170 -1.09004
C 80.36370 20.77620 -2.85435
C 94.51560 18.77840 -0.46775
C 92.20860 19.44060 -0.24494
C 89.48450 20.69890 -0.59001
C 85.91730 22.06550 -1.19427
C -0.08030 20.19480 -0.44073
C 94.63100 23.12690 -0.76489
C 0.01732 0.27520 -2.22514
C 94.28650 0.04850 -2.75096
C 90.93050 -0.13225 -3.22375
C 87.52640 0.00228 -3.15644
C 95.43840 2.82282 -2.37646
C 92.28950 2.74356 -2.71450
C -0.39414 5.81068 -2.41094
C 79.75450 -1.12523 -2.73362
C 76.46730 -0.39593 -2.14227
C 73.60970 0.29202 -1.74408
C 75.75040 2.70987 -2.02815
C 72.67200 3.41084 -1.65396
C 73.29990 19.66920 -2.04245
C 74.27490 22.87880 -1.98510
C 82.50680 7.46812 -2.54645
C 85.04860 9.72103 -2.75501
C 82.30230 10.95200 -2.78887
C 79.27990 12.22550 -2.92189
C 90.36690 11.09270 -3.15352
C 87.51400 11.94590 -2.87828
C 84.53860 13.05240 -2.75437
C 81.55320 14.43370 -2.83189
C 92.87440 13.34050 -2.48711
C 89.97610 14.47010 -2.40981
C 86.98310 15.47740 -2.47350
C 84.00830 16.67530 -2.68985
C 92.43950 16.45800 -1.63518
C 89.55890 17.62500 -1.50366
C 86.59640 18.94510 -1.75565
C 83.54900 19.98850 -2.39581
H 89.15300 0.81252 -1.73655
H 90.57170 3.37728 -1.10017
H 87.68240 3.72309 -1.61200
H 94.93100 6.60501 -0.96129
H 91.80170 6.31857 -0.83001
H 84.77280 96.26380 -1.72752
H 83.83890 1.75934 -1.52685
H 80.82680 2.32935 -1.14001
H 77.78920 3.10326 -0.67858
H 76.98850 6.10994 0.26520
H 73.77840 7.16641 0.28279
H 75.05430 14.66740 -1.30390
H 76.34190 18.78540 -0.02828
H 77.45260 21.76850 0.32703
H 84.84840 4.83223 -0.96170
H 81.72900 6.16088 -0.54110
H 79.08030 7.45166 -1.68198
H 87.45410 6.84918 -0.91695
H 75.59490 11.48710 -1.08173
H 90.03200 9.29711 -1.36327
H 78.06140 13.44950 -1.19615
H -0.30434 10.63980 -1.61429
H 92.25270 11.45140 -1.88268
H 77.63490 16.45690 -0.52326
H 78.88310 19.81010 -1.55455
H 94.14510 16.38160 -0.03943
H 81.93200 20.84530 -0.87229
H 79.72300 22.82090 -1.25738
H 93.55570 18.99580 1.88791
H 90.68370 20.12950 1.71682
H 88.55170 21.92290 0.63044
H -0.86872 18.38110 1.01145
H 94.93400 21.10270 0.34452
H 95.45650 0.97089 -0.73643
H 92.36440 0.71116 -1.38027
H -0.41369 3.91660 -0.76370
H 93.62860 3.70435 -0.88514
H 73.27820 96.21190 -0.16864
H 81.83930 -0.64755 -1.45314
H 78.53230 0.07775 -1.01145
H 75.44510 0.94764 -0.32788
H 72.43540 1.55071 0.01441
H 74.65400 4.05575 -0.29287
H 73.34140 17.70040 -0.49127
H 74.39440 21.04110 -0.34892
H 76.06910 8.50823 -1.50737
H 84.54830 8.05960 -1.23131
H 81.52940 9.18882 -1.27184
H 78.55300 10.41800 -1.37720
H 87.07940 10.09160 -1.32181
H 84.04490 11.28450 -1.10108
H 81.12730 12.50790 -1.37041
H 89.29710 12.41720 -1.32345
H 86.38240 13.41510 -1.20620
H 83.45940 14.69180 -1.30991
H 80.52430 15.58970 -0.93535
H 91.62140 14.38880 -0.53647
H 88.65270 15.67600 -0.70589
H 85.73550 16.86190 -0.84694
H 82.74530 17.85730 -1.40882
H 91.14340 17.34780 0.36325
H 88.12010 18.72460 0.22449
H 84.89810 19.94990 -0.31370
C 88.75470 2.29318 0.14510
C 93.46620 5.41557 0.84481
C 90.13540 5.12720 0.59043
C 94.85140 8.43659 0.76499
C 82.81110 1.10848 0.08579
C 79.56120 1.75354 0.59699
C 78.70960 4.51619 1.17733
C 75.39890 5.65722 1.58026
C 74.30140 9.18330 1.67782
C 71.01950 9.79757 1.46402
C 73.45950 12.76490 -0.94249
C 75.29790 16.49010 0.40946
C 75.86000 20.08120 1.50654
C 85.79440 2.71087 -0.22458
C 82.91350 4.35743 0.57281
C 79.60350 6.33744 0.59247
C 85.44610 6.64521 0.66548
C 79.74330 9.03978 0.26471
C 76.91110 10.14660 0.45755
C 91.61130 8.16939 0.39599
C 88.31160 8.75091 0.43216
C 76.23460 13.30750 0.41765
C 94.93000 10.44470 0.06995
C 78.72870 14.95430 0.66522
C 0.64831 11.44540 0.59205
C 79.72970 17.76000 -0.31298
C 95.81290 14.52020 0.63981
C 79.87530 21.00220 0.50414
C 94.74620 17.07490 2.32491
C 91.18770 18.39200 2.64107
C 88.17180 19.92750 2.32880
C 86.02380 21.85070 0.66570
C 95.72060 20.13520 2.52498
C 94.15300 22.69640 2.25813
C -0.31086 -0.02290 0.95724
C 93.78750 -0.34679 0.39868
C 90.55610 -0.43321 -0.11597
C 86.78660 -0.02259 -1.39281
C 95.27140 2.84219 0.82562
C 92.09430 2.35072 0.44772
C -0.94780 5.58541 0.96376
C 80.32830 -1.00812 0.39419
C 77.07050 -0.35482 0.97003
C 73.90620 0.16079 1.45400
C 76.17150 2.74238 1.17908
C 73.01780 3.49344 1.47180
C 72.97680 19.51250 1.03685
C 73.83130 22.76640 1.23020
C 82.71070 7.94937 0.49150
C 85.31250 9.80772 0.33338
C 82.31050 11.00710 0.22667
C 79.40260 12.07320 0.24584
C 90.78090 11.20160 0.15271
C 87.62280 11.89030 0.34411
C 84.50750 13.15860 0.34312
C 81.72990 14.07090 0.41872
C 92.39170 12.42660 0.56866
C 89.62620 13.88690 0.63142
C 86.65180 15.08390 0.60249
C 83.72990 16.43680 0.40359
C 92.34630 15.58220 1.48544
C 89.05190 16.76890 1.46892
C 85.87150 18.33290 1.21829
C 82.89050 19.21200 0.72240
C 81.51680 48.72990 -1.76650
C 90.63960 46.13570 -2.06084
C -0.10023 47.54440 -3.57749
C 84.79190 25.18890 -1.62960
C 80.71780 24.90450 -0.10116
C 89.82200 27.10590 -1.07931
C 86.63270 27.78320 -1.55240
C 80.25690 28.76290 -1.25540
C 88.58560 30.09440 -1.01912
C 79.09680 31.43830 -1.89152
C 90.69440 32.50880 -0.76978
C 77.87850 34.80420 -1.71145
C 92.53130 34.79630 -0.77997
C 79.88590 37.42120 -1.53096
C 94.50520 37.14070 -1.03745
C 81.92940 39.69560 -1.38986
C 84.18830 41.97010 -1.43981
C 95.49130 42.36870 -1.76804
C 92.10860 43.28650 -1.84016
C 88.72220 44.00790 -1.46196
C 85.70960 44.65370 -1.12322
C 83.10470 45.47470 -1.06412
C 94.63780 45.52550 -2.19445
C 77.39810 23.69800 -1.40149
C 78.13380 26.52900 -1.35353
C 76.26080 29.58440 -1.31733
C 73.19430 31.87030 -1.28792
C 74.85590 34.96030 -1.64302
C 76.60160 37.80420 -1.51590
C 78.33620 40.54820 -1.05515
C 80.37550 43.04520 -1.11550
C 78.82580 46.55490 -0.42188
C 82.29470 23.03310 -1.90502
C 87.90470 24.34800 -0.00808
C 92.98910 25.87740 0.01988
C 89.57170 24.99470 -1.32429
C 91.79430 29.48930 -0.80777
C 93.81600 32.01360 -0.48788
C 95.87520 34.30630 -0.39007
C 83.49840 27.95780 -1.93703
C 85.46820 30.71000 -1.43244
C 82.41190 31.40060 -1.74875
C 87.45690 33.03450 -1.12392
C 84.18980 33.60100 -1.37456
C 81.07020 34.32110 -1.72227
C 89.35340 35.41910 -1.00024
C 86.19200 36.01320 -1.06609
C 83.01470 36.69930 -1.27657
C 91.30390 37.78300 -1.13509
C 88.25350 38.41770 -1.17798
C 85.15680 38.87020 -1.22913
C -0.55330 39.50950 -1.40707
C 93.66390 40.24050 -1.37762
C 90.11000 40.77140 -1.34680
C 86.96010 41.44720 -1.26994
C 75.07500 25.82450 -1.98408
C 73.60150 38.02190 -1.67952
C 74.98530 40.73340 -1.59279
C 76.74460 43.71640 -1.62409
C 73.48490 43.49670 -1.79930
C 75.03720 46.44950 -1.62854
C -0.58598 26.01690 -0.16101
C 95.18200 28.90100 -0.41873
C -0.18650 31.57030 0.00878
H 83.79640 47.93520 -0.87293
H 92.82750 46.72810 -1.24447
H 86.04690 25.71830 -0.17099
H 82.86240 26.22540 -0.07263
H 88.07000 28.16970 0.45403
H 81.93290 29.36980 -0.47384
H 78.38090 29.99200 0.07842
H 90.20060 30.62700 0.72293
H 79.63020 35.44500 -0.11657
H 94.21280 35.54480 0.87990
H 81.51860 37.85810 0.25068
H -1.05429 37.93090 0.45063
H 83.72740 40.26390 0.25477
H 95.44450 40.95690 0.26105
H 82.64390 43.33630 -0.07668
H 94.01700 43.80490 -0.45777
H 90.79960 44.53690 -0.13663
H 87.74390 45.22420 0.14670
H 84.63000 45.66850 1.11588
H 78.26400 24.84100 0.65461
H 76.32170 27.28400 -0.36851
H 73.85900 29.58730 -0.63195
H 74.64560 33.30860 0.39332
H 76.40490 35.91660 0.00649
H 78.37360 38.36630 0.14559
H 80.52470 40.78020 -0.05549
H 78.29130 44.25380 -0.13872
H 84.09280 23.17790 -0.18840
H 92.81110 23.49810 1.14683
H 91.34110 27.62590 0.79807
H 93.45000 29.99850 0.96424
H 95.39930 32.62940 1.32788
H 84.91450 28.73560 -0.04704
H 86.98190 31.23230 0.47792
H 83.88500 31.70730 0.19628
H 80.70180 32.35140 -0.22353
H 77.60680 33.03580 -0.55706
H 92.17840 33.10270 0.98587
H 89.02240 33.62390 0.63797
H 85.85500 34.12860 0.40099
H 82.69040 34.79240 0.07361
H 91.09680 36.11800 0.64060
H 87.89720 36.69420 0.57765
H 84.67600 37.19620 0.47218
H 93.07600 38.60000 0.36804
H 89.94230 39.11690 0.43317
H 86.81550 39.65980 0.34312
H 92.07750 41.53720 -0.00617
H 88.79320 42.16870 0.22927
H 85.71410 42.73240 0.37891
H 75.32920 24.15100 -0.15838
H 73.17050 26.47090 -0.57486
H 73.31760 36.13760 -0.13699
H 75.11060 38.90790 0.11449
H 76.42690 41.71320 -0.02837
H 73.26390 41.68950 -0.11330
H 74.94470 44.51370 -0.07218
H -1.09633 23.95410 1.20374
H 94.84320 27.05410 1.20178
H -0.73221 29.64340 1.52864
C 83.23150 47.73150 1.70474
C 91.59060 46.62550 0.96555
C 95.75560 49.45840 -0.15147
C 84.37310 24.91820 1.59829
C 80.37100 24.40790 1.94165
C 89.39480 26.57730 1.90319
C 86.14340 27.47640 1.71222
C 79.14000 28.37850 1.67561
C 88.25240 29.95500 2.13736
C 78.86850 31.60520 1.37608
C 90.28430 32.37170 2.37791
C 77.91600 34.62950 1.46863
C 92.32810 34.92020 2.41825
C 79.73310 37.09270 1.67961
C 94.43850 37.59280 2.18766
C 81.84870 39.79370 1.72236
C 83.87030 42.21750 1.78759
C 95.67060 43.15300 1.43091
C 92.49230 43.56040 1.38475
C 89.30740 44.08590 1.72739
C 86.31310 44.45300 2.08965
C 82.97610 44.15040 2.27352
C 95.57560 45.71940 -0.22204
C 76.73740 23.59660 1.92136
C 77.53960 26.92200 1.82476
C 75.98990 29.62640 0.55478
C 72.88600 31.48730 0.61582
C 74.71300 34.94740 1.64757
C 76.59610 37.69210 1.70644
C 78.24270 40.48660 1.10333
C 80.31680 43.07230 0.80276
C 78.51210 46.42790 1.39100
C 82.79050 22.11330 1.14825
C 90.76290 22.78980 1.67068
C 92.74340 25.88040 1.97456
C 89.27640 27.05410 3.71154
C 91.43060 29.16320 2.38689
C 93.46500 31.81610 2.60977
C 95.41850 34.45240 2.71082
C 82.95550 27.97300 1.46636
C 85.14910 30.32090 1.81768
C 81.88670 31.04310 1.47742
C 87.15620 32.95950 2.14632
C 83.91000 33.48490 1.81139
C 80.80030 34.08800 1.49357
C 89.26630 35.52330 2.20475
C 86.02040 35.95570 2.05928
C 82.83510 36.53090 1.84895
C 91.39310 38.07340 2.11568
C 88.20020 38.61710 2.04182
C 85.04350 39.04670 1.95523
C 0.09832 39.90060 1.33739
C 93.58170 40.59990 1.79489
C 90.45210 41.14530 1.77468
C 87.14820 41.52960 1.91111
C 74.84140 26.08360 1.25435
C 73.31520 37.95260 1.52610
C 74.82430 40.84390 1.64222
C 76.59350 43.58810 1.61503
C 73.30280 43.65840 1.43401
C 74.90190 46.39280 1.68330
C 96.01310 25.62390 2.97307
C 94.61620 28.61640 2.79074
C -0.60906 31.48830 3.14398
C 87.43790 47.39150 -0.85432
C 84.81450 49.58750 -2.06319
C 81.92490 50.59080 -1.37853
C 78.93070 51.94210 -1.08000
C 76.59680 53.73410 -2.37505
C 92.99030 48.40320 -2.45157
C 76.28570 57.24140 -1.92567
C 72.72880 57.85640 0.44314
C 75.81880 60.60090 -1.55654
C 95.69660 53.20760 -1.97337
C 92.88200 54.58870 -1.78834
C 90.07310 55.85610 -1.83230
C 87.36830 57.29800 -2.14717
C 75.59730 63.82280 -1.50151
C 87.24650 60.86530 -2.10870
C 84.99210 62.74020 -1.42844
C 78.35040 65.34560 -1.71058
C 83.62720 65.56990 -1.78462
C 80.89140 67.35580 -1.00777
C 83.82150 69.00110 -1.17644
C 76.68530 49.55290 -0.80571
C 75.09630 52.31910 -2.53961
C 80.82360 70.86730 -1.60689
C 78.14620 68.73390 -0.99536
C 75.17850 67.29500 -0.82911
C 72.75470 63.84490 1.30570
C 95.79550 56.74000 -1.20055
C 92.40580 57.87030 -1.78845
C 91.72150 60.91180 -1.91124
C 90.53720 63.57520 -1.98748
C 89.66880 66.43540 -2.10105
C 86.53810 66.57690 -2.06072
C 88.05720 69.49480 -1.95092
C 89.80030 72.26130 -0.96565
C 90.39340 49.39320 -1.78764
C 87.76310 51.01050 -1.89880
C 84.69510 52.61140 -1.84585
C 81.81850 53.78940 -1.80336
C 79.13280 55.71080 -2.07493
C 93.18750 51.48910 -1.73421
C 90.37170 52.73250 -1.74926
C 87.43620 54.22650 -1.93116
C 84.51300 55.88250 -1.93914
C 81.77910 57.36670 -2.04796
C 78.89860 58.88720 -1.85639
C 84.61300 59.10400 -2.12453
C 81.51230 60.78430 -2.04553
C 78.63940 62.05560 -1.70217
C 81.38690 63.70400 -1.77023
C 73.39220 48.99110 -1.94180
C 75.14960 70.88160 -1.75639
C 94.74390 59.99580 -1.84567
C -0.25506 62.37920 -1.83427
C 93.80780 63.01780 -1.92019
C 95.83670 65.39170 -2.08249
C 92.80050 65.89390 -2.09571
C 94.80440 68.26730 -2.49057
C 91.47690 68.98950 -2.16799
C -0.34050 70.87150 -2.87512
C 93.51190 71.23100 -2.70667
H 81.53150 49.36670 0.82998
H 89.84030 47.74750 -0.26560
H 86.71390 49.46190 -0.36485
H 81.16040 52.42980 0.09941
H 78.25880 53.96680 -0.50436
H 75.57550 55.52740 -0.78944
H -0.28614 47.52710 -1.14967
H 75.22280 58.58600 0.15236
H 95.11420 51.61430 -0.17963
H 92.16940 52.94500 -0.04644
H 75.01290 61.78350 0.05485
H 91.82730 56.11540 -0.15262
H 89.00900 57.54700 -0.26892
H 86.57260 59.01960 -0.53900
H 74.72150 64.96940 0.28414
H 87.31720 62.05820 -0.51272
H 80.30380 65.16780 -0.14539
H 77.39400 66.67160 -0.07884
H 85.95080 64.93250 -0.75734
H 83.18690 66.89390 -0.27096
H 76.40610 47.24040 0.37285
H 74.97900 50.53630 -0.69466
H 84.23020 71.32530 -0.41357
H 81.72120 69.36730 -0.00130
H 78.83100 70.90230 -0.18205
H 76.01740 69.45760 0.02364
H 73.26550 70.96720 -0.03038
H 94.70850 54.72570 -0.27392
H 94.16220 58.27650 -0.10999
H 91.13470 59.26070 -0.12316
H 90.32780 61.96000 -0.07016
H 89.13490 64.65510 -0.35312
H 88.25030 67.45650 -0.42825
H 90.10430 69.91610 -0.48066
H 86.92590 70.27690 -0.33770
H 83.96450 50.98290 -0.16996
H 92.37600 49.68980 -0.33788
H 89.50590 51.09360 -0.16999
H 86.65230 52.56260 -0.31144
H 83.76860 54.17830 -0.32220
H 80.97860 55.70380 -0.42876
H 78.22980 57.15330 -0.24816
H 89.20110 54.29330 -0.21866
H 86.43950 55.87580 -0.43235
H 83.71350 57.48040 -0.46783
H 80.91170 59.00060 -0.42485
H 77.89320 60.33440 -0.13352
H 83.64270 60.77390 -0.75348
H 80.53620 62.06270 -0.15990
H 77.64660 63.57560 -0.00776
H 83.19840 63.76190 -0.11511
H 73.22840 47.25640 -0.09110
H -0.76728 60.63800 -0.22170
H 93.44720 61.26680 -0.23129
H 95.54620 63.69790 -0.39196
H 92.31920 64.25630 -0.45244
H 94.59630 66.72980 -0.53592
H 91.39490 67.18070 -0.53936
H -0.67967 69.19400 -1.06412
H 93.48450 69.62350 -0.86622
H 95.38470 72.20510 -1.50947
C 87.74450 47.59560 0.99257
C 84.77620 49.13000 1.14425
C 82.29750 50.85650 1.67959
C 79.02250 51.94930 0.91141
C 76.39070 53.87660 1.06012
C 93.38790 47.94750 0.85166
C 76.25340 57.04990 1.37018
C 72.58170 58.14500 2.81988
C 76.24030 60.26320 1.75010
C 95.71010 53.29980 1.51760
C 92.99410 54.73810 1.54158
C 89.91150 55.92970 1.41146
C 87.03770 57.46640 1.29719
C 76.04530 63.36260 1.83119
C 88.74630 60.00690 0.02339
C 85.05240 62.25830 0.68250
C 78.55490 65.29610 1.57407
C 84.35300 65.36650 1.23277
C 81.12360 67.24530 0.95208
C 84.00380 69.05320 0.64618
C 76.60600 49.54270 1.17205
C 74.92560 52.44900 1.08814
C 80.60530 70.76930 1.56337
C 78.18270 68.76580 0.85976
C 75.24680 67.33010 0.97061
C 72.63340 62.49480 -0.15390
C 95.85480 56.69060 0.68476
C 92.32400 57.77910 1.51875
C 91.86390 60.91530 1.61398
C 90.68590 63.96490 1.40546
C 89.80120 66.58530 1.21867
C 87.34400 65.72470 1.14491
C 88.33120 69.35230 1.20833
C 90.53220 71.99930 0.79795
C 90.57840 49.51720 1.32182
C 87.60340 51.05020 1.38633
C 84.79310 52.62350 1.31858
C 81.97850 54.30190 1.41793
C 79.13840 55.36170 1.19231
C 93.20950 51.24670 1.37661
C 90.20820 52.78560 1.44607
C 87.31130 54.33240 1.25997
C 84.56850 55.97470 1.18236
C 81.85980 57.34870 1.17022
C 79.13240 58.74630 1.35019
C 84.74760 59.21420 0.98500
C 82.04530 60.59470 1.13317
C 78.75180 62.04580 1.48979
C 81.41540 63.68430 1.55668
C 73.34720 49.46370 1.12118
C 75.36230 71.10210 1.54674
C 94.72330 60.00840 1.44000
C -0.52792 62.51200 1.37971
C 93.74540 63.25980 1.19379
C 96.05490 65.48070 1.07385
C 92.85830 66.03840 1.07506
C 95.03090 68.73150 0.79346
C 91.94490 69.06120 0.94029
C -0.28541 71.25910 0.18454
C 94.01640 71.59150 0.53942
C 95.99530 95.17390 -2.77970
C 92.94760 95.01210 -3.34391
C 89.44970 94.84530 -3.60219
C -0.57817 78.14490 -4.08785
C 93.47460 78.18870 -4.30254
C 88.76600 80.72210 -4.54887
C 86.71820 83.33690 -4.03437
C 86.36140 86.43440 -5.08947
C -0.60076 89.64360 -3.50761
C 93.47380 89.89650 -3.49398
C 86.52640 89.73170 -4.15529
C 91.31480 92.24710 -3.63381
C 73.10860 89.17810 -1.45341
C 82.98680 89.67370 -4.27938
C 78.34610 91.13100 -2.20461
C 84.02280 92.89900 -3.38516
C 86.13690 95.09410 -3.52277
C 82.74590 95.58390 -3.16671
C 89.04110 75.95510 -1.35080
C 86.21700 72.77810 -0.05295
C 83.02850 72.09620 -1.79551
C 85.78440 75.64140 -1.92494
C 86.61570 79.07220 -3.40127
C 83.57280 81.56350 -2.92354
C 83.29660 84.57780 -4.10142
C 80.98620 86.67820 -3.35892
C 79.78380 88.97990 -2.16091
C 75.87920 87.55860 -2.34030
C 72.69220 85.58460 -2.62538
C 95.74720 74.28590 -2.94585
C 91.88070 73.64300 -3.06820
C 93.58740 76.24420 -4.50324
C 95.13570 81.09270 -4.37061
C 91.87970 81.11400 -4.65584
C -0.50912 84.01210 -4.18101
C 93.56920 84.02310 -4.62674
C 89.97080 83.83800 -4.67763
C 94.99500 87.04650 -3.96425
C 91.79280 86.97280 -4.35913
C 88.45410 86.71920 -4.61039
C 89.78660 89.79240 -3.89437
C 87.70700 92.31840 -3.64199
C 75.40600 91.81120 -1.91390
C 72.24270 92.68160 -1.58454
C 80.62930 93.29530 -2.69286
C 77.48090 94.27080 -2.23111
C 74.46760 95.02690 -1.91380
C 83.52460 74.91000 -1.30288
C 80.60470 73.90160 -1.66959
C 77.79720 72.46770 -1.80968
C 83.51320 78.08690 -2.32061
C 80.61110 76.87870 -1.95200
C 77.89910 75.53620 -1.89147
C 74.80810 74.19020 -1.86062
C 80.54260 79.97420 -2.53156
C 77.78140 78.68190 -2.19847
C 74.90990 77.36960 -2.02331
C 80.66740 83.28820 -3.01181
C 78.01780 81.91580 -2.58695
C 75.13510 80.51400 -2.26059
C 72.25540 79.26160 -1.87389
C 78.16160 85.43370 -2.62407
C 75.50010 84.05540 -2.46151
C 72.55180 82.39680 -2.19726
H 95.85000 93.14390 -1.14264
H 92.78600 92.99650 -1.67144
H 91.03680 95.66040 -1.92873
H 87.87630 95.67560 -1.90133
H -0.80912 76.63410 -1.91512
H 94.99450 79.30090 -2.72218
H 91.79990 79.35120 -2.73778
H 88.89180 79.46500 -2.25117
H 87.23070 81.36360 -2.73085
H 85.13880 85.19690 -3.36387
H 86.86730 87.61410 -2.98715
H 94.65260 90.54130 -2.07963
H 91.43060 90.29010 -2.19665
H 88.06570 90.30180 -2.26476
H 84.91650 89.95000 -2.61510
H 89.49530 92.95090 -2.09870
H 78.12080 89.47530 -0.31583
H 75.10740 90.11500 -0.06083
H 72.04140 90.84070 -0.00053
H 82.17170 91.31280 -3.05537
H 80.22640 91.80860 -0.77174
H 86.09330 93.08340 -2.10704
H 87.15340 74.99150 0.04338
H 84.30860 74.13260 0.86788
H 87.13460 77.64550 -1.31514
H 84.83860 79.78910 -1.82143
H 81.62480 81.83690 -1.38537
H 82.10040 84.93790 -1.90920
H 82.18390 88.14280 -2.41699
H 79.58970 86.80020 -1.23209
H 76.56330 85.57790 -0.80300
H 73.94010 87.32730 -1.44470
H 92.25670 72.31970 -0.91292
H 0.59181 74.28060 -1.51937
H 93.49160 74.99730 -2.26991
H 90.24040 74.48400 0.12766
H 94.14130 95.81150 -1.39895
H -0.72707 82.08790 -2.65667
H 93.37370 82.12070 -3.04912
H 90.23550 82.01410 -3.08177
H 94.93020 84.90370 -2.74876
H 91.69360 84.86920 -3.19675
H 88.42650 84.86880 -3.18898
H -0.96321 87.76980 -1.95540
H 93.17780 87.69520 -2.38355
H 89.97660 87.64040 -2.80110
H 77.24930 92.53550 -0.51346
H 74.22180 93.27120 -0.25348
H 82.67240 93.89200 -1.48403
H 79.60110 94.83920 -1.04845
H 76.39810 95.56180 -0.45091
H 81.46710 72.49490 0.07518
H 84.39500 76.94350 -0.34126
H 81.50490 75.58070 -0.12585
H 78.76220 74.05280 -0.17410
H 75.94560 72.67980 -0.29553
H 81.64750 78.75390 -0.68092
H 78.75260 77.28300 -0.42518
H 75.99130 75.81810 -0.41287
H 73.17480 74.53170 -0.02630
H 78.81580 80.42910 -0.81526
H 76.03990 79.03930 -0.57144
H 73.25280 77.59640 -0.30780
H 79.06700 83.67200 -1.13480
H 76.23560 82.25490 -0.98576
H 73.49210 80.93020 -0.43837
H 73.68710 84.13010 -0.85221
C 95.50980 94.52140 0.30903
C 92.43250 94.45400 -0.17996
C 89.38140 94.69600 -0.37425
C -0.82110 78.33010 -0.91509
C 93.52720 78.44400 -1.06629
C 88.95840 81.74180 -1.04654
C 86.58010 83.60580 -2.17795
C 84.48040 87.45570 -2.67948
C 96.04080 89.32750 -0.18944
C 92.98420 89.35480 -0.54802
C 86.51450 89.02420 -0.97880
C 90.86660 91.75900 -0.42031
C 73.71840 89.60380 1.53373
C 81.48120 89.85490 -1.02621
C 78.67770 91.34450 1.12664
C 84.04350 91.88050 -1.39519
C 86.24980 94.46170 -0.50101
C 83.50930 95.79170 -0.09670
C 89.10300 74.86960 1.72743
C 85.99230 75.28000 2.23624
C 83.36280 72.38660 1.65022
C 86.33760 77.09040 1.06805
C 86.98310 80.12910 -0.64091
C 83.77810 82.04390 -1.16559
C 84.04690 84.70120 -1.07597
C 81.84550 86.80770 -0.32883
C 79.42340 88.24450 0.86401
C 76.15180 87.86020 -0.19028
C 73.30580 86.18090 0.52909
C 95.49310 74.55870 -0.65329
C 92.40350 74.54590 0.21821
C 92.26070 77.06340 -1.61580
C 94.85250 81.26100 -1.20424
C 91.78410 81.01720 -1.40996
C -0.93060 83.85740 -0.97898
C 93.14880 83.89800 -1.39216
C 90.03810 83.95960 -1.61450
C 94.56550 86.43100 -0.85464
C 91.51840 86.46950 -1.23346
C 88.33200 86.52440 -1.40228
C 89.75380 89.16060 -0.90822
C 87.83610 91.97130 -0.63846
C 75.74290 92.16380 1.35795
C 72.74760 92.52800 1.59719
C 81.21860 93.73630 0.44228
C 78.13900 94.35510 0.85442
C 74.88620 94.99740 1.31541
C 83.15350 76.15270 1.58017
C 80.49180 74.14420 1.52233
C 77.82770 72.41310 1.37092
C 83.83890 79.28230 0.31745
C 80.63840 77.51450 1.10561
C 77.79900 75.78630 1.23092
C 75.20910 74.37400 1.39120
C 80.76470 80.66180 0.59595
C 77.90790 79.07210 1.01754
C 75.16230 77.54160 1.18079
C 81.24470 83.71640 0.06068
C 78.08170 82.26600 0.58021
C 75.48770 80.90870 0.92316
C 72.62050 79.37350 1.27822
C 78.62580 85.44740 0.51617
C 75.73050 84.03000 0.63516
C 72.72950 82.80600 1.01374
