2979
Frame 101
C 13.04290 95.95800 -2.18959
C 14.18870 1.19118 -2.14943
C 12.35880 3.56872 -3.57143
C 10.99770 6.77572 -3.30668
C 8.27173 9.37023 -3.46824
C 5.13135 9.03565 -4.17258
C 3.17672 9.44318 -5.08842
C 24.26330 0.62233 -0.10659
C 22.46900 4.36473 0.58875
C 25.01950 6.38331 -0.87230
C 25.22950 12.20990 -0.78085
C 19.93620 1.19829 -1.79767
C 16.17860 -0.56063 -0.59315
C 19.72050 4.32291 -1.23953
C 23.21760 9.18301 -0.58086
C 19.94360 7.71731 -1.12232
C 14.28520 4.87966 -1.62431
C 23.59220 12.99350 -1.50806
C 14.36170 8.52536 -1.93591
C 23.37960 16.47330 -0.78607
C 11.97820 10.67800 -2.30545
C 23.42140 19.55550 -0.50831
C 12.80830 13.75890 -1.94473
C 9.70344 12.92070 -2.29032
C 23.38010 22.78550 -0.69735
C 14.85420 18.10640 -0.91780
C 11.49370 16.36270 -0.53857
C 14.74920 21.72190 0.31364
C 20.86350 -0.74033 -1.55688
C 5.69645 11.13310 -2.03591
C 6.72811 14.30420 -1.51251
C 3.49127 14.22860 -1.89310
C 8.27452 16.82260 -0.93696
C 2.44975 17.37060 -1.93695
C 9.91356 19.58670 -0.53031
C 11.57620 22.04540 -0.16650
C 9.59008 95.52860 -3.30941
C 10.93120 0.76269 -3.21267
C 7.59624 0.33043 -3.98065
C 4.20972 0.20908 -4.24008
C 9.04253 2.95931 -4.38678
C 5.48493 3.04991 -4.43811
C 2.26810 2.89553 -4.47071
C 7.27007 5.85411 -4.78005
C 3.86373 5.63346 -4.63966
C 17.05780 3.06433 -1.66601
C 17.28520 6.36929 -1.49937
C 20.65450 11.23410 -0.73503
C 17.63310 9.79186 -1.13894
C 20.67880 14.84790 -0.87708
C 18.02290 13.18890 -0.98023
C 15.15920 11.65470 -1.60463
C 20.61930 18.08260 -0.65814
C 18.01410 16.58710 -0.67458
C 15.22450 15.02820 -1.34149
C 20.55750 21.34590 -0.62298
C 17.92780 19.67600 -0.61144
C 5.16040 17.22060 -1.28898
C 6.89202 19.78420 -0.71419
C 3.66747 19.97080 -1.17408
C 8.47109 22.42760 -0.32230
C 5.23987 22.57460 -0.75429
C 2.06289 22.74610 -1.28152
H 13.63850 -0.22202 -0.17871
H 12.01000 2.10574 -1.50324
H 10.37280 4.36458 -3.10117
H 8.51699 7.01619 -2.86678
H 2.18917 6.77843 -2.94588
H 4.02554 9.28036 -1.75499
H 22.93860 2.03087 1.61548
H 24.94860 4.36517 0.67099
H 23.25300 6.78076 0.25009
H 25.20280 10.13680 0.49699
H 25.52500 15.88550 0.64990
H 20.38270 2.84595 0.30227
H 17.69310 1.39132 -0.49153
H 20.42110 5.89004 0.74189
H 14.79260 2.92478 -0.38865
H 15.16340 6.82770 -0.29631
H 21.70450 13.17800 0.27868
H 12.50290 8.65779 -0.75891
H 24.16660 18.29890 0.81314
H 21.57650 16.41330 0.91578
H 10.04880 10.84150 -0.56601
H 24.30700 21.27810 1.14404
H 10.62440 14.03920 -0.68068
H 13.21930 18.06940 0.17314
H 9.80961 17.58510 0.86265
H 22.35030 -0.78888 0.32739
H 1.39742 12.83050 -2.20161
H 7.38341 12.35850 -1.05964
H 3.97151 12.29410 -0.37199
H 7.98468 14.95700 0.62777
H 6.63902 17.76190 0.59814
H 11.47290 20.10130 1.57146
H 8.28944 20.41720 1.17890
H 10.80920 -0.97289 -1.49123
H 7.58866 -1.26501 -2.13226
H 4.25087 96.07380 -2.58797
H 1.10210 95.76620 -2.87108
H 8.85928 1.58635 -2.30961
H 5.74231 1.30862 -2.68762
H 2.45737 1.10975 -2.73096
H 7.22840 4.04986 -3.09579
H 3.82370 3.90633 -2.82249
H 5.33391 6.64536 -3.33456
H 17.58600 4.63434 0.21110
H 20.89870 8.95160 0.17173
H 17.95730 7.83843 0.37214
H 18.33940 11.09040 0.32448
H 15.42600 9.85165 -0.02508
H 18.74590 14.70760 0.87087
H 15.88800 13.21740 0.23466
H 13.04980 11.83860 -0.40415
H 21.44590 19.66780 1.00719
H 18.84080 18.06000 1.09392
H 15.95150 16.39400 0.59348
H 13.33510 14.94670 0.18114
H 18.69490 21.40150 1.00494
H 15.91730 19.60670 0.82269
H 4.89788 15.18400 -0.09814
H 1.77188 15.43990 -0.57362
H 3.42485 18.03410 0.24751
H 5.05792 20.57690 0.74681
H 1.72350 20.78920 0.14878
C 11.66160 -1.15687 0.88086
C 12.90160 1.88401 0.85840
C 10.88300 4.14381 -0.64575
C 10.60380 7.12338 -1.45927
C 8.34251 9.17049 -1.39508
C 4.46249 7.67378 -0.19234
C 2.11808 8.71546 -3.27684
C 24.01200 0.39832 1.73601
C 24.03900 3.01881 3.57470
C 24.70130 6.19223 2.38157
C 24.87910 11.88930 2.26166
C 19.13030 0.90870 1.58912
C 15.49040 -0.92231 1.29212
C 19.12230 4.20805 2.16141
C 23.07960 9.11199 1.29977
C 19.76850 7.95613 2.08015
C 13.73910 5.18736 0.19014
C 23.30940 13.15160 2.27878
C 14.05310 8.33359 1.34847
C 23.30370 16.29990 2.20232
C 11.48650 10.41380 0.97024
C 23.26730 19.76420 2.67763
C 12.04530 13.23650 1.30586
C 9.03844 12.75220 0.82864
C 23.48520 22.86040 2.62078
C 14.75490 17.88580 2.22174
C 11.78340 16.30720 1.43392
C 14.64610 21.32010 2.20687
C 20.34450 -1.01167 1.61269
C 6.00564 11.86190 1.04031
C 5.98529 13.83030 1.59203
C 2.97435 14.18230 1.10527
C 8.00357 16.28730 2.13167
C 1.44124 16.99190 1.22076
C 9.48140 19.02730 2.92235
C 11.33460 21.88370 3.06669
C 8.95768 95.86130 -0.13505
C 10.16030 1.09564 -0.29696
C 7.21161 0.67351 -0.78022
C 4.12037 0.38827 -1.05831
C 8.79652 3.65289 -1.18785
C 5.66898 3.41491 -1.34763
C 2.26173 2.99757 -1.18172
C 7.19748 6.04948 -1.49751
C 3.97049 5.98326 -1.31154
C 16.21040 2.78096 1.33752
C 16.55910 6.30514 1.70295
C 20.55230 11.09910 1.31093
C 17.17040 9.67182 1.83244
C 20.41060 14.57470 2.21686
C 17.66580 12.82420 1.96639
C 14.56390 11.45500 1.49957
C 20.75320 18.01670 2.66839
C 17.70530 16.34260 2.43219
C 14.98840 14.62040 1.96870
C 20.54240 21.31140 2.58003
C 17.44220 19.69640 2.45678
C 4.77603 16.75100 1.84288
C 6.45156 19.40850 2.44309
C 3.00463 19.73240 1.96490
C 8.14564 22.25550 2.84820
C 4.81828 22.33980 2.49164
C 1.39211 22.60220 1.81624
C 22.94520 26.40070 -0.50830
C 20.28360 28.42270 0.09093
C 15.22310 25.16850 0.37500
C 18.98380 29.78480 -0.60872
C 23.34000 29.33800 -0.12979
C 24.07230 32.17700 -0.69946
C 24.11190 35.63560 -1.38914
C 25.90980 45.74380 -2.70131
C 22.57490 44.45570 -1.10050
C 21.42110 31.98520 1.83301
C 19.30030 33.09890 -0.73549
C 15.28410 28.28230 -0.88530
C 19.78740 35.02150 -0.67954
C 13.24310 34.37350 -0.64059
C 20.75740 38.20910 -0.92683
C 11.07150 36.54790 -0.61364
C 21.67260 41.54080 -1.12238
C 18.41650 40.94290 -1.08642
C 8.95538 39.13600 -0.98241
C 4.52723 38.98040 -1.96704
C 16.68340 43.49160 -0.98205
C 2.94201 42.57260 -1.73703
C 14.35510 45.82930 -1.23321
C 5.28799 44.36420 -2.05242
C 3.01955 46.72390 -2.33227
C 13.31400 24.64230 -0.05608
C 12.29390 27.79040 0.08758
C 12.64790 31.33510 -0.62097
C 10.19800 30.37330 -0.30337
C 9.76149 33.46860 0.79836
C 6.01886 33.70920 -0.31418
C 7.87632 36.07350 1.30976
C 1.69180 36.45860 -0.74572
C 20.57390 24.69840 -0.27367
C 17.73640 23.13030 -0.13834
C 18.02430 26.42220 0.32118
C 16.33680 34.64280 -0.88568
C 17.56270 38.15990 -1.15819
C 14.46410 37.27730 -1.01798
C 15.49050 40.54380 -1.03637
C 12.18340 39.88690 -1.34078
C 13.21570 42.86900 -1.26767
C 10.05900 42.40300 -1.47815
C 6.82348 41.60740 -1.63288
C 11.24340 45.29690 -1.35600
C 8.08712 44.90870 -1.55110
C 6.15334 47.45300 -1.69513
C 10.12980 24.99690 -0.21807
C 6.85693 24.99500 -0.34283
C 3.65716 25.39830 -0.77396
C 8.60684 27.76770 -0.19640
C 5.30599 27.97410 -0.46868
C 2.12825 28.31820 -0.74842
C 7.13287 30.58300 -0.40684
C 3.95188 30.78550 -0.52043
C 2.81642 33.75070 -0.46818
H 1.07650 42.89250 0.01397
H 24.27600 24.36290 0.58074
H 21.64070 26.03060 1.59451
H 16.06830 23.22300 1.65408
H 19.13460 27.70530 2.23569
H 16.34860 26.39070 2.32458
H 16.91720 28.69220 0.31795
H 24.32740 27.53560 1.16053
H 24.75980 30.74280 1.38802
H 21.77730 29.47170 1.86861
H 24.07710 40.77100 -1.30355
H 24.94800 43.76730 -1.41614
H 22.79800 42.77730 0.76472
H 20.65910 45.15970 0.53460
H 20.02110 34.03710 1.68001
H 17.16950 33.24150 0.31217
H 14.07780 32.76760 1.02039
H 21.13620 36.75400 0.70228
H 11.73280 34.98370 1.31391
H 21.85960 39.86530 0.79463
H 9.52400 37.65970 1.08828
H 19.79080 42.29750 0.56469
H 6.92180 39.99490 0.37021
H 2.78002 40.25420 -0.79963
H 17.80980 44.74870 0.26836
H 5.03089 42.55080 -0.38728
H 15.68230 47.19480 0.26355
H 3.24015 44.86820 -0.74396
H 13.02260 22.91090 1.58863
H 9.94250 23.12050 1.39151
H 11.76170 25.78420 1.47857
H 13.80980 29.78630 0.62877
H 11.30990 31.72220 1.42608
H 8.55470 31.36460 1.40817
H 7.42896 34.27000 1.36612
H 4.22563 34.64480 1.36793
H 1.06472 34.73460 0.94918
H 2.83383 37.56070 0.88344
H 21.56090 22.88360 1.03788
H 18.91260 24.54210 1.56055
H 23.70070 45.60720 0.79352
H 17.91590 36.23420 0.50290
H 14.76930 35.59340 0.81893
H 18.97320 39.22190 0.57757
H 15.81790 38.64090 0.54241
H 12.61120 38.13130 0.38516
H 16.79160 41.63570 0.70001
H 13.54240 41.09640 0.41036
H 10.34470 40.55680 0.11582
H 14.62010 44.04540 0.45276
H 11.39620 43.52200 0.30762
H 8.21573 42.94760 0.01397
H 12.55630 46.51740 0.36046
H 9.43286 46.07240 0.21236
H 6.23090 45.56780 -0.14586
H 6.63002 23.23430 1.13407
H 3.41338 23.38970 0.71324
H 8.45752 25.93420 1.40719
H 5.16548 26.12480 1.13074
H 1.96670 26.29510 0.63044
H 10.31670 28.61120 1.38438
H 6.89859 28.78030 1.28470
H 3.63435 28.95220 1.11517
H 5.49055 31.71810 1.10151
H 2.23162 31.78900 0.93203
C 23.60040 25.80400 2.76586
C 20.87100 27.62660 3.44949
C 15.22650 24.41090 3.61882
C 17.02420 28.92060 2.86658
C 23.77120 29.10440 3.04788
C 23.73970 32.70910 2.46125
C 23.49720 35.81050 0.49161
C 25.09310 43.57910 1.18109
C 22.26130 44.53540 2.49940
C 20.81480 31.22040 3.46850
C 17.83210 33.27290 2.77868
C 15.90430 31.06850 0.55151
C 20.83810 35.49900 3.12416
C 13.70160 34.49320 2.77603
C 20.48180 38.48000 2.41540
C 11.56760 37.04820 2.48608
C 21.46080 41.61700 2.50891
C 18.42450 40.87020 2.32550
C 8.58100 39.15310 0.90872
C 4.77740 38.88850 0.10866
C 16.31540 43.63520 2.14551
C 3.16089 41.81180 1.13040
C 14.40180 45.99250 1.95822
C 4.66590 44.38650 1.23839
C 2.50551 46.65550 0.89404
C 13.15030 24.46690 3.21977
C 12.70720 27.98360 2.06485
C 13.30410 31.14670 2.75326
C 10.13470 30.26680 3.05158
C 10.51720 33.62570 2.82116
C 5.60296 33.31300 2.98956
C 4.59810 36.18500 2.31357
C 0.92975 36.60120 2.46741
C 20.77140 24.16800 3.04626
C 17.88190 22.74740 2.94877
C 18.07390 25.74160 3.56525
C 16.71820 34.90790 2.23464
C 17.48960 38.06400 2.19028
C 14.27700 37.49180 2.15073
C 15.26010 40.50620 2.14025
C 11.90850 40.08250 1.85892
C 13.07230 42.96410 2.02992
C 9.81683 42.29460 1.76120
C 6.50855 41.83380 1.52967
C 11.04250 45.30190 1.92097
C 7.83596 44.83430 1.57836
C 5.56259 47.30630 1.45528
C 10.03110 24.94880 3.09379
C 6.70031 25.05150 2.79831
C 3.29162 25.18970 2.42553
C 8.49164 27.78800 2.95803
C 5.14222 27.92920 2.78924
C 1.80761 27.94370 2.42112
C 6.80397 30.63530 2.90708
C 3.80419 30.78690 2.62250
C 2.34440 33.55480 2.65727
C 20.61910 47.18030 -1.13318
C 17.58080 46.82310 -1.39162
C 15.34390 49.04240 -1.29446
C 16.65330 53.00710 -0.86364
C 14.28310 55.87170 -0.41330
C 17.78100 56.05500 -1.63115
C 20.37190 58.19610 -1.47502
C 22.02340 61.24250 -1.71142
C 24.15250 64.06330 -1.59217
C 19.15090 60.96960 -1.82240
C 16.70110 59.66700 -1.10862
C 13.89990 58.21170 -0.45021
C 10.40000 56.80860 0.29869
C 22.45980 66.69470 -1.66798
C 20.24680 64.49060 -1.15955
C 10.78200 60.26270 -0.39799
C 23.13480 69.71110 -1.71856
C 11.25730 63.60940 -1.74725
C 11.71290 66.81900 -2.56441
C 9.21528 68.93390 -3.23959
C 13.77210 48.70240 -2.79767
C 7.25611 50.36390 -1.34417
C 3.84480 49.71530 -1.76557
C 11.23480 54.29960 -1.09375
C 8.14566 53.21080 -1.29170
C 5.08254 52.68380 -1.66338
C 1.70688 52.00370 -1.85652
C 7.32480 56.09140 0.02612
C 8.55278 58.03270 2.23902
C 7.30152 60.57840 -1.16035
C 9.14655 62.84420 -1.70017
C 8.14724 66.03940 -2.21735
C 7.08868 68.94380 -3.18984
C 23.43270 47.25310 -0.99082
C 21.65580 50.23820 -0.76989
C 18.03310 50.00270 0.19511
C 23.39930 52.73440 -1.10380
C 19.89170 52.86910 -0.87472
C 21.81950 55.53520 -1.30555
C 23.42790 58.22240 -1.56919
C 16.89060 63.65850 -2.14600
C 14.07900 61.58980 -0.79641
C 20.17510 68.16340 -1.88334
C 17.34000 66.69870 -2.09486
C 14.22200 65.47080 -2.27388
C 17.80600 69.99710 -2.29392
C 14.81220 68.49720 -2.56093
C 12.25490 70.14150 -3.07426
C 12.26680 48.33700 -1.26288
C 9.21952 47.92340 -1.28623
C 10.46910 51.16030 -0.95230
C 3.27700 55.54050 -0.84708
C 5.39323 58.45680 -1.14395
C 2.11602 58.79500 -1.80248
C 4.09674 61.37410 -1.68781
C 6.23576 63.42720 -1.93939
C 2.92476 64.13880 -2.28895
C 4.85661 66.50280 -2.73145
C 1.93028 67.29530 -2.77092
C 3.93646 69.66580 -3.19944
H 1.98187 50.18080 -0.02947
H 18.84620 47.71410 0.51270
H 16.09690 51.57910 0.69843
H 16.01300 54.68540 0.94704
H 16.24980 57.37400 -0.54436
H 21.93800 59.45030 -0.05164
H 18.89200 59.41580 0.00572
H 23.64730 62.13080 -0.13035
H 14.40710 57.09220 1.72492
H 12.29660 55.34100 0.87416
H 22.36740 64.79750 -0.11560
H 20.43100 62.26770 -0.19466
H 17.35100 61.88200 -0.41841
H 15.04710 59.98490 0.77792
H 11.98000 58.52570 1.03158
H 23.58300 67.88310 -0.02156
H 11.93390 62.38470 0.11052
H 12.41330 65.52740 -0.50846
H 9.84999 67.65940 -1.33175
H 10.20760 70.68980 -1.73776
H 13.59750 49.55720 0.45069
H 4.19809 47.84030 -0.44944
H 11.64950 52.26330 0.42779
H 8.43415 51.50470 0.50736
H 5.23256 50.77980 -0.02279
H 9.25929 54.60570 0.39470
H 6.31380 53.80840 0.24129
H 3.21595 53.14680 -0.21412
H 7.25364 55.78710 2.58017
H 6.71232 59.24950 1.00637
H 8.87549 61.55780 0.44059
H 7.87320 64.40210 -0.40673
H 6.61452 67.47170 -1.34835
H 5.78504 70.54250 -1.80029
H 25.12470 48.26960 0.43145
H 21.89790 48.24690 0.68462
H 23.48800 51.03790 0.73335
H 20.26470 50.97580 0.75770
H 21.81920 53.77470 0.43234
H 18.65060 53.64330 0.67496
H 23.48320 56.51700 0.21976
H 20.33830 56.56640 0.37498
H 20.60760 66.62720 -0.11045
H 18.00160 64.99320 -0.35695
H 15.04300 63.83490 -0.56414
H 21.10000 69.73530 -0.25083
H 18.16870 68.38120 -0.48125
H 15.33980 66.94340 -0.74028
H 15.70910 70.21110 -1.06176
H 12.75410 68.65590 -1.21798
H 10.50510 49.06600 0.44477
H 7.34209 48.46480 0.22123
H 4.98290 56.73320 0.52848
H 1.66091 57.23740 -0.04748
H 3.61634 59.69840 0.00067
H 5.70706 62.05960 0.03347
H 2.49896 62.64750 -0.32563
H 4.70339 65.01680 -0.86186
H 1.53808 65.69140 -0.99202
H 3.65798 68.12760 -1.28889
H 2.59843 71.09960 -1.77156
C 20.50380 47.11760 2.29885
C 17.36130 46.57060 2.08732
C 15.23100 49.28080 1.68290
C 16.92120 52.75630 2.39519
C 14.13690 54.74590 2.48639
C 18.00720 56.05690 0.64145
C 20.35750 58.63050 1.71433
C 21.97730 61.39580 1.48338
C 23.90440 63.88370 1.52506
C 18.86330 61.40080 1.45025
C 16.94490 58.81820 1.40917
C 13.94820 59.38610 2.52789
C 12.23560 56.90250 2.82340
C 22.32830 66.55290 1.56923
C 20.07780 64.49900 0.82872
C 10.93540 60.66270 1.59589
C 22.87400 69.74050 1.43156
C 11.51820 64.22820 1.51329
C 11.44410 67.41080 0.55385
C 9.09505 69.42420 0.08643
C 13.67260 52.08420 0.22952
C 6.78015 50.25480 1.83424
C 3.57873 49.52350 1.29191
C 10.88480 53.97350 2.17453
C 7.90510 53.32430 2.05603
C 4.71740 52.51280 1.67055
C 1.66783 52.18710 1.54050
C 5.46356 55.62290 2.77956
C 7.96569 57.77570 4.16095
C 6.91872 61.15330 2.08056
C 9.23638 63.61730 1.50993
C 8.51777 66.19700 -0.48603
C 7.07962 69.47840 -0.01093
C 23.61310 47.69590 2.20126
C 21.94300 50.02880 2.33567
C 18.57670 49.71200 2.04076
C 23.39310 53.05790 2.08924
C 20.41650 52.90510 2.27721
C 21.67930 55.84010 1.82164
C 23.53830 58.56540 1.58237
C 16.78230 63.73600 1.20863
C 14.11040 62.24270 1.07336
C 19.79010 68.33970 1.33461
C 17.06370 66.79650 1.01434
C 14.37720 65.61210 1.07278
C 17.28530 70.22230 0.86152
C 14.47780 68.85390 0.55459
C 11.94790 70.63870 0.07942
C 12.13250 48.28180 2.03446
C 8.97258 47.80730 1.92471
C 10.27570 50.94510 2.04357
C 2.94493 55.32510 0.93890
C 4.45203 58.54850 2.04530
C 1.72754 58.78200 1.32928
C 3.81131 61.62430 1.50736
C 6.04859 64.27290 1.09041
C 2.98535 64.79180 0.77372
C 5.04258 67.07410 0.44732
C 1.89809 67.70500 0.31845
C 4.08179 70.20820 -0.04520
C 9.86338 90.02220 -2.31487
C 11.58520 93.12340 -2.36068
C 8.25436 92.66270 -3.26453
C 4.93898 92.21940 -3.74406
C 1.74354 92.22110 -4.19662
C 5.26864 75.15450 -4.12789
C 9.95043 78.23450 -4.37501
C 6.75908 78.13020 -4.21505
C 3.42538 78.11400 -4.21149
C 12.32840 86.20440 -5.26009
C 10.47860 87.82380 -2.36363
C 6.89170 89.68690 -3.17902
C 3.54962 89.56200 -4.00226
C 23.46980 80.42440 -1.23883
C 20.27530 81.47980 -1.66053
C 17.03070 83.33560 -3.10002
C 14.09610 85.23970 -5.81800
C 13.66420 87.52860 -2.64944
C 12.98650 90.48280 -2.16306
C 15.17580 92.89530 -1.78206
C 17.90620 94.79930 -1.62323
C 23.66400 95.39900 -1.19570
C 23.72510 73.21980 -1.42816
C 24.03120 76.61100 -0.62282
C 21.15530 78.04330 -1.56205
C 9.62302 72.06870 -3.66465
C 16.06650 78.00730 -4.13462
C 13.37330 76.60500 -4.70947
C 8.64230 75.03730 -3.38239
C 16.30470 81.55340 -3.88951
C 5.97603 72.10910 -3.80137
C 2.88330 72.72110 -3.60825
C 6.20957 95.23680 -3.83393
C 2.89290 94.81070 -4.14782
C 8.21365 81.01480 -4.41466
C 4.98184 80.88030 -4.20383
C 1.87165 80.89960 -4.15586
C 9.74134 83.61630 -4.64597
C 6.44711 83.80230 -4.30749
C 3.44697 83.70470 -4.15867
C 8.18834 86.59070 -4.13955
C 5.03418 86.50710 -4.13009
C 1.82346 86.52850 -4.17164
C 22.88840 83.68550 -1.47799
C 19.73080 85.31980 -2.18350
C 16.71130 86.47440 -2.52578
C 22.32520 87.10020 -1.48657
C 19.15570 88.47910 -1.76027
C 16.21670 89.58230 -2.13379
C 24.70670 88.98440 -0.76789
C 21.67230 90.26780 -1.44622
C 18.51340 91.52250 -1.64570
C 24.32390 92.20790 -1.00531
C 21.19520 93.38550 -1.46222
C 20.54010 71.41190 -1.98071
C 21.03650 74.57060 -2.26435
C 18.03550 73.07480 -2.57720
C 15.01430 71.71610 -2.90977
C 18.50670 76.06240 -3.14910
C 15.61330 74.58780 -3.62404
C 12.34540 73.32220 -3.66984
C 18.65160 79.27380 -3.55591
H 11.08410 91.34220 -0.65243
H 7.89453 91.08480 -1.42446
H 12.48360 94.30470 -0.31276
H 6.24528 93.46610 -2.09892
H 3.09548 93.10360 -2.35443
H 6.55173 76.25730 -2.57579
H 3.42780 76.44910 -2.63275
H 8.38003 79.17750 -2.66083
H 9.75322 82.04720 -2.47346
H 11.40680 84.45880 -3.77655
H 8.97841 88.61580 -0.44612
H 4.84951 90.42090 -1.99783
H 1.68064 90.35940 -2.59427
H 22.75490 78.56220 0.16397
H 22.02610 81.97110 0.06047
H 18.65850 83.23680 -1.00668
H 15.80930 84.51260 -1.17005
H 14.35230 86.20310 -3.46288
H 12.22380 88.38930 -0.87432
H 14.66880 90.84380 -0.58533
H 17.09590 92.86840 -0.07776
H 15.28070 94.89500 -1.74487
H 19.87320 94.81660 -0.23510
H 24.11590 71.07300 -0.22820
H 24.26910 74.51660 0.78145
H 21.71250 75.93600 -0.40086
H 19.02220 77.81500 -1.89958
H 13.36860 74.99540 -2.63202
H 10.42220 73.88010 -2.16571
H 7.73169 72.99500 -2.33336
H 16.35220 79.64830 -2.26261
H 13.58770 78.16540 -3.15355
H 4.75848 73.55210 -2.24909
H 9.39760 93.83530 -1.46593
H 5.16836 79.10260 -2.59458
H 1.83538 79.11170 -2.52890
H 6.63821 81.99750 -2.79955
H 3.41774 81.87560 -2.55285
H 8.26253 84.77250 -2.94292
H 4.96917 84.70740 -2.48225
H 1.83535 84.69480 -2.61764
H 6.47963 87.46300 -2.39501
H 3.31051 87.59600 -2.53793
H 24.85240 80.57380 0.81697
H 24.31670 83.94100 0.56510
H 21.31460 85.16820 -0.21904
H 18.24220 86.45300 -0.63340
H 15.35130 87.67800 -0.87687
H 23.71760 87.12030 0.56707
H 20.79080 88.37270 0.00953
H 17.69820 89.64200 -0.13722
H 23.27810 90.40830 0.39160
H 20.22210 91.55710 0.12812
H 22.89060 93.62160 0.43509
H 21.49430 72.98480 -0.39476
H 18.55700 71.64740 -0.64242
H 18.88470 74.71000 -1.10747
H 15.88300 73.45070 -1.42867
H 12.99180 71.99620 -1.61493
H 16.17930 76.48340 -2.23038
C 9.09859 90.77230 0.71531
C 10.65520 93.48980 0.67371
C 7.54171 93.05970 -0.05138
C 4.61748 92.39880 -0.58132
C 1.53793 92.08880 -0.78319
C 5.06177 75.49040 -0.75982
C 10.29060 78.43030 -1.24682
C 6.90822 78.27670 -0.98294
C 3.57902 78.41950 -0.87935
C 13.19800 82.78940 -3.43202
C 10.36820 87.81230 0.87017
C 6.57727 89.21950 -0.62215
C 3.05686 89.34710 -0.74584
C 22.59520 80.33980 1.79872
C 19.80090 81.33960 0.28848
C 16.44580 82.37680 0.08738
C 13.50160 84.26640 -2.03112
C 13.29460 86.94810 0.41323
C 12.56120 90.23680 0.76492
C 14.69660 93.29430 0.20919
C 17.85380 94.39050 1.46109
C 23.08860 95.23790 2.10275
C 23.10320 72.75220 1.52715
C 22.89960 76.55250 1.63007
C 20.46040 77.87450 0.16896
C 9.29616 72.55370 -0.45229
C 14.47410 78.09500 -1.26072
C 11.06940 77.40450 -2.78079
C 8.45226 75.23240 -1.54807
C 15.09430 81.27610 -0.89862
C 6.27610 72.64730 -0.45630
C 3.07578 73.15870 -0.41290
C 5.68780 95.45260 -0.78785
C 2.53932 95.08440 -1.06210
C 8.49688 81.36080 -1.28722
C 5.10151 81.10630 -1.11733
C 1.72198 80.96330 -0.92146
C 10.34600 84.46700 -1.49798
C 6.79861 83.79840 -1.20580
C 3.35331 83.74710 -0.91010
C 8.16351 86.34750 -1.03324
C 4.76001 86.55870 -0.83708
C 1.68260 86.60350 -1.04100
C 22.01010 83.41240 1.53452
C 19.06510 84.49750 0.77122
C 16.11310 85.78130 0.57738
C 21.50060 86.61380 1.67260
C 18.72530 87.92420 1.35109
C 15.59440 89.14660 1.07227
C 23.81860 88.83490 2.30332
C 21.23640 89.90790 1.74565
C 18.17340 91.19510 1.59139
C 23.65180 92.10390 2.19808
C 20.68900 93.19200 1.70482
C 20.15720 71.50840 1.12215
C 20.19890 74.56700 0.92642
C 17.47080 73.51440 0.47008
C 14.68840 72.06910 0.17928
C 17.57210 76.63320 -0.31453
C 14.74370 75.38550 -0.55207
C 11.97630 74.09740 -0.63541
C 17.59620 79.30070 -0.46387
C 38.98470 0.48448 0.67972
C 35.63970 0.20161 0.30963
C 39.86940 3.29781 1.11631
C 48.77590 9.39222 -0.11931
C 45.43350 9.08831 0.38694
C 42.50070 8.51203 0.69667
C 43.15930 11.53650 0.07742
C 33.91900 -0.46814 1.35501
C 27.97890 0.57939 -0.12003
C 36.31670 3.14202 1.26686
C 37.83130 5.88661 0.92158
C 39.27210 8.52349 0.63412
C 26.62210 9.05985 -0.60268
C 41.06710 11.09100 0.09994
C 39.61740 13.96250 -0.34452
C 26.89190 15.01000 -0.42113
C 28.39650 17.76170 0.04367
C 36.98990 20.25290 -0.47425
C 33.54290 20.15240 0.05572
C 30.20850 20.34850 0.14638
C 26.70880 20.96820 0.49845
C 49.68490 11.32910 -0.49285
C 46.44350 12.17860 0.02796
C 44.15530 14.07170 -2.14598
C 43.75000 17.61620 -2.29417
C 40.57000 18.95770 -1.50230
C 40.32410 22.17130 -1.59732
C 48.09250 1.24173 1.76111
C 45.02210 0.74140 1.83518
C 42.01240 0.58037 1.26495
C 49.44270 4.10063 1.28088
C 46.39750 3.74882 1.42124
C 43.11970 3.42129 1.33136
C 47.69300 6.57665 0.87646
C 44.40080 6.19912 0.98236
C 41.14700 5.92659 1.10179
C 30.94370 0.15657 0.69188
C 32.82220 2.92552 0.48701
C 29.70030 3.24373 0.09736
C 26.52950 3.41351 -0.38187
C 34.44150 5.92831 0.53641
C 31.35490 5.98153 0.26059
C 28.24900 6.14113 -0.23241
C 36.14430 8.77862 0.32997
C 33.05040 8.66958 0.21665
C 30.04400 8.74874 -0.20860
C 37.84710 11.31690 0.15099
C 34.62070 11.57590 0.21488
C 31.58960 11.81200 0.02691
C 28.50820 11.94020 -0.39779
C 36.30110 14.09230 -0.16689
C 33.21210 14.39010 0.00118
C 30.21670 14.69540 -0.04536
C 38.20070 16.76040 -0.62572
C 34.69340 17.22290 -0.39142
C 31.60740 17.41690 0.06092
C 49.59700 14.46750 -0.97164
C 46.68010 15.86100 -1.56968
C 49.37580 17.43220 -1.53086
C 46.46330 19.02780 -1.98505
C 43.31950 20.77920 -2.09599
C 49.26570 20.53990 -1.96522
C 46.15120 22.10970 -2.48201
H 37.05270 0.95638 2.09278
H 41.40450 4.26149 2.86736
H 38.28310 3.97352 2.43759
H 49.22750 7.90347 1.93025
H 42.76960 7.08187 2.61329
H 47.10550 10.31810 1.30287
H 43.83370 10.11780 2.03391
H 30.80930 -1.17448 2.75981
H 27.85810 -1.30105 1.50002
H 32.58200 1.39031 2.23525
H 26.11800 1.43610 1.10223
H 34.27840 4.14480 2.20658
H 39.51050 6.93564 2.50637
H 36.19480 6.92115 2.03373
H 40.84370 9.63560 2.12509
H 39.60590 12.41720 1.58433
H 26.78690 12.93340 1.11193
H 41.13360 15.62060 1.05875
H 38.10230 15.09060 1.25652
H 36.74210 18.09170 0.77329
H 27.08270 18.55420 1.56109
H 35.09220 21.04160 1.18413
H 31.95880 20.82440 2.00496
H 28.85420 21.39340 1.61293
H 48.68500 13.07030 0.79287
H 45.67630 14.39760 -0.03457
H 42.99350 15.81530 -1.42325
H 42.52270 19.00990 -0.52608
H 39.93190 20.69790 0.46197
H 24.95540 96.06150 0.71092
H 48.13610 -0.36303 3.64705
H 45.08850 -0.95485 3.58250
H 42.08770 -1.25578 2.91344
H 39.00180 96.08700 2.08017
H 49.59790 2.55939 3.18237
H 46.41790 2.17699 3.26112
H 43.17030 1.74596 3.06531
H 40.15880 1.37959 2.60400
H 47.87120 5.04761 2.86887
H 44.65500 4.62548 2.85136
H 45.91490 7.56505 2.34490
H 29.24840 1.49655 1.74213
H 31.11430 4.20035 1.82847
H 27.92750 4.35380 1.43310
H 32.78730 7.01947 1.99601
H 29.59960 7.11992 1.60938
H 26.40340 7.19056 1.12471
H 37.69050 9.69149 2.01523
H 34.55620 9.77890 1.91343
H 31.38070 9.88089 1.54821
H 28.33340 9.93006 1.05793
H 36.38530 12.50900 1.67138
H 33.14650 12.64790 1.80043
H 29.89770 12.79820 1.49982
H 34.95650 15.45280 1.41039
H 31.81370 15.50880 1.65955
H 28.55830 15.66610 1.43460
H 33.48060 18.15430 1.59236
H 30.14740 18.32940 1.68728
H 48.35400 16.12750 0.25941
H 45.37090 17.56210 -0.35746
H 48.22210 19.19730 -0.25895
H 45.31730 20.73900 -0.63179
H 42.50130 22.36390 -0.39220
H 47.99800 22.27020 -0.86194
C 38.58090 0.06195 3.86585
C 35.71660 -0.40773 3.65430
C 39.70670 3.19196 4.25625
C 48.77760 10.12790 3.00784
C 45.85180 9.83211 3.36542
C 42.47560 9.10886 3.86083
C 43.16450 12.21680 3.24844
C 33.90720 0.50404 4.22793
C 27.35130 0.42069 2.99578
C 36.17420 2.93866 3.22971
C 37.76700 5.91292 3.80650
C 39.24300 8.99833 3.80654
C 26.40110 9.23183 2.52168
C 41.05970 11.66990 3.42731
C 40.12920 14.72050 2.70109
C 26.66760 14.69810 2.74903
C 28.50250 17.31620 3.27948
C 37.63000 20.52570 1.35074
C 33.95410 19.92900 3.25805
C 30.03540 20.04480 3.48818
C 26.43870 20.98320 2.33125
C 49.66550 11.94390 2.69389
C 46.68710 12.70160 1.78716
C 43.47670 14.64050 1.00747
C 43.27020 17.03610 0.86289
C 41.20200 19.35930 1.71395
C 41.03020 22.64960 1.68414
C 48.14340 1.70618 4.94145
C 44.81040 1.15984 4.79635
C 41.57630 0.62811 4.49756
C 49.59530 4.62140 4.53311
C 46.33300 4.26561 4.56455
C 43.11880 3.66331 4.56446
C 47.77190 7.18717 3.92559
C 44.58160 6.67004 4.21068
C 41.16650 6.25299 4.22476
C 30.60120 0.69976 3.67263
C 32.81760 3.55392 3.63204
C 29.24950 3.44607 3.26538
C 25.91250 3.28861 2.65199
C 34.42930 6.19965 3.62589
C 30.95980 6.11208 3.35577
C 27.75630 6.23429 2.95923
C 35.98920 8.81422 3.64648
C 32.74150 8.94925 3.41552
C 29.58960 9.14541 3.04470
C 38.05140 11.71740 3.33623
C 34.81500 11.81200 3.37656
C 31.52950 11.83610 3.16395
C 28.17050 11.72500 2.82092
C 36.62270 14.57780 3.05211
C 33.53020 14.64330 3.20920
C 30.05350 14.67040 3.12300
C 39.17690 17.25010 0.85900
C 35.47060 17.40280 2.91843
C 31.86640 17.43070 3.24222
C 49.29990 15.04470 2.15209
C 46.23880 16.12420 1.53640
C 49.08140 17.96770 1.64978
C 46.14880 19.13750 1.17331
C 43.49500 20.72130 1.05772
C 48.87900 21.07280 1.09724
C 46.20320 22.51140 0.79785
C 49.30600 29.84610 -0.84849
C 47.90210 32.78110 -1.06259
C 49.69290 35.66210 -1.23454
C 48.33520 38.39140 -1.41586
C 37.54210 23.58370 -1.19455
C 40.18160 26.01980 -1.20050
C 42.90120 27.46630 -2.04815
C 48.94260 27.06820 -2.58044
C 45.81300 29.29180 -2.48573
C 36.88730 25.58050 -1.29618
C 33.99500 23.97900 -0.62868
C 30.20570 23.45540 1.21821
C 40.69500 29.93980 -1.88859
C 37.67030 28.71300 -1.44433
C 28.35130 25.47250 -0.55080
C 44.15000 33.30660 -1.39214
C 41.06370 33.10280 -1.81205
C 25.95480 27.50170 -0.71482
C 41.99930 36.76710 -0.90848
C 39.32130 38.37130 -1.31775
C 37.14790 40.77110 -1.10145
C 34.43750 42.41690 -1.42442
C 31.29880 41.04840 -1.33991
C 27.58310 40.25190 -2.79481
C 24.47750 39.17860 -2.88107
C 25.12640 42.46960 -3.17500
C 31.81140 44.28930 -1.08427
C 28.33040 44.25870 -1.03277
C 32.84060 47.16470 -1.42407
C 45.91430 36.04110 -0.85920
C 44.68680 38.92450 -1.67300
C 41.58610 40.41240 -1.47026
C 46.96190 40.96840 -2.17620
C 41.16710 43.40240 -1.45614
C 37.92860 44.69610 -2.20527
C 35.30320 45.67150 -0.98073
C 47.06710 44.42460 -2.19919
C 43.13730 23.81960 -2.28643
C 48.85260 23.56240 -2.77160
C 45.77980 25.19870 -3.06851
C 34.54890 27.42700 -1.05209
C 31.50600 26.39290 -0.70058
C 38.14160 31.81660 -1.58831
C 35.16750 30.70490 -1.25460
C 32.13490 29.43950 -0.75157
C 29.18790 28.49360 -0.56773
C 38.69200 35.00830 -1.49596
C 35.44260 33.88790 -1.21973
C 32.49560 32.69510 -1.01363
C 29.60190 31.46580 -0.86726
C 26.24400 30.40010 -0.56559
C 36.19200 37.09920 -1.48463
C 33.10350 35.77590 -1.31258
C 29.96330 34.69740 -1.11373
C 27.03300 33.57570 -1.10508
C 33.79350 39.10650 -1.53800
C 30.74260 37.74960 -1.58351
C 27.33850 36.77760 -1.28177
C 29.71370 47.00320 -1.14957
C 44.00160 42.17590 -1.84899
C 44.09040 45.51900 -1.76751
C 40.98590 46.44440 -1.52118
H 47.93600 31.10820 0.91983
H 49.47040 33.97700 0.56850
H 48.03690 36.62420 0.32941
H 39.64460 23.92580 0.03452
H 42.45560 25.44370 -0.68558
H 41.15780 28.08300 -0.42330
H 47.60620 28.43570 -0.86515
H 44.75760 29.65790 -0.15923
H 38.35170 26.91930 0.08794
H 35.31880 25.78550 0.63651
H 32.28780 24.73740 1.05896
H 42.00690 31.25890 -0.20684
H 39.04310 30.17460 -0.05404
H 29.82860 26.84340 1.10773
H 26.85020 25.48640 0.72799
H 42.32870 34.45010 -0.10056
H 39.81260 36.39610 0.14689
H 41.20930 38.75970 0.28189
H 24.97770 33.78500 0.42327
H 37.81270 41.58260 1.30177
H 31.87980 39.37590 -0.01019
H 28.97150 38.15410 -0.71846
H 24.95660 37.77130 -0.65038
H 35.76600 43.63580 0.33369
H 32.69170 42.46080 0.36578
H 28.36670 42.58900 -0.11846
H 33.25680 45.57040 0.33753
H 30.08970 45.21660 0.54911
H 46.25890 33.68790 -0.07557
H 44.11830 37.40400 0.12103
H 46.57340 39.48300 -0.17239
H 43.61790 40.49120 -0.09774
H 40.69840 41.83410 0.55210
H 38.59240 42.97370 -1.26432
H 46.06910 42.52500 -1.06705
H 45.19660 23.82470 -1.05545
H 47.87360 25.37990 -1.68222
H 45.07440 26.95650 -1.88083
H 35.93440 28.90550 0.35962
H 32.84220 27.94770 0.69527
H 39.43220 33.24290 0.02410
H 36.50770 32.14860 0.20604
H 33.46590 31.13630 0.54769
H 30.32740 30.07400 0.93559
H 27.31890 28.70470 0.96028
H 36.84300 35.29120 0.20308
H 33.73440 34.23160 0.53489
H 30.72880 33.09790 0.64560
H 27.70330 31.91630 0.68231
H 37.42990 38.58220 0.07165
H 34.34930 37.36000 0.16439
H 31.35450 36.23560 0.28330
H 28.28980 35.03900 0.38817
H 35.01960 40.51710 0.04616
H 26.83550 45.24290 0.83370
H 43.22730 43.82190 -0.19842
H 40.38860 44.92210 0.43247
H 37.51070 46.20570 -0.14720
H 45.94510 45.80540 -0.33230
H 42.87870 46.89990 -0.08081
C 49.35660 30.65070 2.28553
C 47.54670 33.33520 2.00362
C 49.64940 35.86350 2.10018
C 48.00940 38.63530 1.62918
C 38.20200 23.80580 1.90375
C 40.56180 26.06000 0.75611
C 43.46180 27.48660 0.06795
C 47.54910 27.17340 1.12252
C 46.23690 29.95450 0.69698
C 37.40410 25.69840 1.99465
C 34.59050 23.51470 1.28849
C 31.64340 22.87700 2.76940
C 41.11540 29.84150 1.27878
C 37.92740 28.72730 1.69394
C 28.92250 24.96370 2.37107
C 44.31460 32.11620 0.31385
C 41.44880 33.14160 1.50150
C 26.27850 27.27910 2.67022
C 42.02790 36.61720 1.15307
C 39.24990 38.29660 1.68634
C 36.63540 40.26170 1.91341
C 34.56300 42.09330 1.89835
C 30.61450 41.47120 0.54195
C 28.50110 40.29030 -1.15126
C 23.76420 38.87660 0.55472
C 26.06250 41.74600 -0.09744
C 31.93430 44.22090 1.91543
C 28.62270 43.96280 2.11735
C 33.04460 47.41170 1.89918
C 45.81860 35.87940 1.08926
C 44.74300 38.89430 1.43457
C 42.22020 40.17790 1.91689
C 46.77260 41.41830 1.04953
C 41.94680 43.64070 1.95275
C 38.12230 44.10940 1.01122
C 35.48620 45.88940 1.26090
C 47.22230 44.51500 -0.26582
C 43.67680 24.13000 0.87407
C 48.80080 24.19500 0.26823
C 46.19160 25.86470 0.06039
C 34.80370 27.56000 2.17052
C 31.84600 26.38120 2.46351
C 38.46570 31.71890 1.69447
C 35.46970 30.75380 1.97123
C 32.37450 29.69640 2.32878
C 29.26680 28.43250 2.55928
C 38.76960 34.89060 1.73019
C 35.74680 33.85010 1.90352
C 32.62980 32.77420 2.16743
C 29.52260 31.85690 2.42891
C 26.61610 30.56190 2.49168
C 36.27310 37.10960 1.75782
C 33.11300 36.15500 1.95918
C 30.20010 35.00120 2.07922
C 26.97230 33.81150 2.09536
C 33.62870 39.16000 1.66372
C 30.21360 38.17150 1.36287
C 27.03950 37.11610 0.57512
C 29.88220 47.07100 2.03854
C 44.71220 42.21750 1.00085
C 44.24030 45.44380 1.36237
C 41.18820 46.85120 1.80140
H 37.28050 60.12610 0.01824
H 34.70800 58.55790 -0.25678
H 40.34070 63.46890 -0.03102
H 37.35530 62.91810 -0.16511
H 44.60060 68.22510 -0.66404
H 41.07980 66.78850 0.04860
H 29.28410 62.52970 -0.14450
H 44.74940 71.27920 -0.15494
H 25.58720 65.04610 0.10009
H 26.74060 68.59040 0.01025
H 27.80490 71.52990 0.67118
H 34.51020 61.78930 -0.03107
H 38.15670 65.86560 -0.15250
H 35.04950 64.94410 -0.00901
H 31.98660 63.72480 -0.12217
H 41.87710 69.94310 -0.45022
H 38.77180 69.02680 -0.22152
H 35.67800 67.97770 0.12835
H 32.38780 66.90870 0.03852
H 29.19470 65.73710 -0.01439
H 36.26130 71.07090 0.38308
H 33.14510 70.07970 0.28409
H 30.02360 69.17130 0.41647
C 47.86970 65.60630 -3.59192
C 49.16260 69.37050 -1.33563
C 35.05960 50.12790 -0.62707
C 35.84140 53.60560 -2.30533
C 33.95240 56.20190 0.38537
C 31.76590 55.69830 -1.25496
C 30.50600 58.58870 -0.85449
C 28.26200 60.81920 -1.53779
C 25.11040 61.16840 -1.75124
C 36.93440 58.33710 -1.60226
C 39.23380 61.39310 -0.69220
C 36.19800 61.39030 -1.72403
C 33.47410 60.23090 -1.68125
C 43.05860 66.65140 -1.61364
C 40.08080 64.92070 -1.41458
C 31.03970 62.02730 -1.71858
C 43.65430 70.18210 -2.06627
C 27.63190 64.06720 -0.97349
C 25.64870 67.20350 -1.34902
C 26.37760 70.70600 -1.36204
C 38.15250 48.07210 -1.59588
C 37.89390 51.29290 -1.35755
C 37.38620 54.87450 -2.21045
C 39.98130 56.67700 -1.98805
C 42.37020 58.77280 -1.88051
C 48.20860 59.15840 -1.58626
C 42.26890 62.39780 -1.28387
C 47.29390 62.28720 -1.39837
C 45.61850 63.51900 -1.12014
C 26.51300 46.92610 -1.02279
C 31.25350 49.82300 -1.37230
C 28.12930 49.82560 -1.12294
C 24.95010 50.14550 -1.04427
C 32.88790 52.56530 -1.63079
C 29.72700 52.58750 -1.25136
C 26.61350 52.73100 -1.17911
C 28.44740 55.48560 -1.27333
C 24.97660 55.45590 -1.38018
C 26.78900 58.11130 -1.58720
C 36.77240 64.57930 -1.78758
C 33.82630 63.45380 -1.66955
C 40.58950 68.38800 -1.80934
C 37.38570 67.57760 -1.66058
C 34.28900 66.71350 -1.57780
C 31.06320 65.42280 -1.64966
C 37.81730 70.79440 -1.56789
C 34.94710 69.85320 -1.33793
C 31.78520 68.84450 -1.37674
C 28.69990 67.93220 -1.39716
C 32.67790 72.05230 -1.08075
C 29.49950 71.03190 -1.16709
C 46.72640 47.46730 -1.89494
C 43.56230 48.60030 -1.72279
C 40.66560 49.74130 -1.73512
C 46.34770 50.76000 -1.71218
C 43.11950 51.89110 -1.72318
C 40.36850 53.39270 -1.86229
C 46.06780 53.81450 -1.73867
C 42.97370 55.27130 -1.81316
C 48.43290 55.78460 -1.76475
C 45.64580 57.10450 -1.73017
C 44.97930 60.39220 -1.56850
H 47.58960 64.91130 -1.54515
H 49.36990 67.17400 0.08553
H 47.44340 69.57150 -0.10396
H 34.61840 47.82170 0.07994
H 32.92340 50.84170 0.14524
H 34.47280 53.72370 -0.06899
H 32.53540 57.80390 1.78382
H 31.70650 60.48880 0.01358
H 28.29610 59.34350 -0.07638
H 26.65580 62.03490 -0.14375
H 37.24280 49.41110 0.22099
H 48.37570 47.82880 -0.10729
H 39.70430 51.55130 -0.29119
H 39.27050 54.84790 -0.43084
H 36.40300 56.17920 -0.39802
H 38.96950 57.94390 -0.09877
H 41.47310 60.33160 -0.36134
H 46.95020 60.40190 0.03109
H 44.27810 62.00650 0.20812
H 31.37150 48.07990 0.32821
H 28.21240 48.03110 0.49728
H 29.81320 50.83350 0.34383
H 26.67340 50.93380 0.50390
H 31.41220 53.67460 0.05939
H 28.23530 53.66760 0.45487
H 25.02880 53.75640 0.37686
H 30.00310 56.50970 0.37731
H 26.71070 56.39590 0.12622
H 25.10070 59.27700 -0.14732
H 40.08860 48.11890 0.03282
H 45.52320 48.97600 -0.29214
H 42.49780 50.15430 -0.10892
H 48.25320 50.97700 -0.08038
H 45.00940 52.16640 -0.16075
H 42.18710 53.59170 -0.17137
H 47.80770 54.09790 -0.02700
H 44.81930 55.34270 -0.15106
H 41.83040 56.80430 -0.31179
H 47.43640 57.32070 -0.05191
H 44.34610 58.64780 -0.28432
C 46.94420 67.11190 -0.52823
C 48.93850 68.88300 1.87893
C 35.01360 49.90810 1.21786
C 36.27780 53.15800 1.60683
C 32.66530 57.79700 3.70951
C 31.36710 55.46380 1.84720
C 30.30420 58.82090 1.22333
C 28.13530 61.14780 1.52088
C 25.14500 61.14410 1.49788
C 36.76780 58.07990 1.19206
C 39.45430 60.12810 1.09699
C 36.21450 61.62350 1.62393
C 33.65220 60.08730 1.47424
C 43.32080 66.04710 0.16976
C 39.88310 65.31700 1.59191
C 30.92910 62.20370 1.55552
C 43.87560 69.18300 0.86322
C 27.65180 63.97660 0.92417
C 25.29410 66.92940 1.52108
C 25.76020 70.31390 1.60755
C 38.23800 47.54930 1.56575
C 38.35990 50.74280 1.74290
C 37.49980 54.85470 1.35915
C 40.08760 56.28610 1.40355
C 42.44590 58.62530 1.24524
C 48.01740 59.05310 1.70316
C 42.08770 62.65610 0.62786
C 47.37490 62.09630 1.73845
C 45.65930 63.39910 1.75573
C 26.58870 47.01430 2.08603
C 31.55710 49.99700 1.85054
C 28.30540 49.94390 2.03863
C 25.10240 50.00960 2.17528
C 33.00370 52.74680 1.77601
C 29.97120 52.75680 1.86567
C 26.57180 52.81070 2.08001
C 28.22620 55.62160 1.92226
C 25.03070 55.64540 1.84363
C 26.68170 58.37550 1.56550
C 36.91650 64.58440 1.59967
C 33.84010 63.51190 1.52367
C 40.74350 68.52520 1.28901
C 37.69070 67.70020 1.51045
C 34.24720 66.54280 1.70239
C 30.93780 65.38820 1.52444
C 38.29010 70.62790 1.65899
C 35.00300 69.56780 1.89808
C 31.69690 68.66840 1.81168
C 28.56400 67.59670 1.63287
C 32.58320 71.60390 2.13566
C 29.26500 70.95370 2.10650
C 46.46200 47.45460 1.39390
C 43.70460 48.65650 1.41757
C 40.52690 50.03450 1.46904
C 46.29950 50.69540 1.34029
C 43.09710 52.00630 1.45297
C 40.24660 53.34510 1.26621
C 45.92820 53.78860 1.52043
C 42.85090 55.37240 1.42987
C 48.48220 55.80290 1.63504
C 45.44700 57.12420 1.42187
C 45.00200 60.26980 1.53491
H 42.11050 73.12960 -0.79089
H 39.84770 75.41110 0.18451
H 37.60750 77.40870 1.49037
H 26.29760 73.30860 -1.34392
H 35.04420 79.44470 2.13120
H 32.20710 78.42690 1.12601
H 29.50430 77.60830 0.04378
H 26.49960 76.45410 -0.83762
H 39.31060 72.04480 -0.05699
H 36.93120 74.19040 0.79032
H 33.91160 73.17000 0.69453
H 30.81200 72.18560 0.54504
H 34.61700 76.41820 0.99505
H 31.56240 75.32070 0.63096
H 28.58230 74.69500 0.16108
C 44.44270 89.59980 1.75470
C 37.77920 89.55140 0.40140
C 48.45610 93.27850 2.28334
C 45.78060 92.21060 3.47952
C 42.85710 92.36120 1.55160
C 39.93690 92.42380 0.35305
C 35.96410 92.54390 0.15212
C 34.69020 94.03410 0.52238
C 46.47230 74.68730 1.90315
C 43.37580 76.21080 2.86228
C 41.28120 78.39500 1.37545
C 39.16120 80.36040 0.26696
C 39.25170 83.56170 0.43361
C 39.16450 86.76720 0.74196
C 41.18370 88.85550 2.35891
C 47.33240 88.21540 1.78051
C 46.88690 71.73470 -1.30281
C 29.96820 96.00180 0.40536
C 26.20560 78.93270 -0.40918
C 30.54180 79.89370 -0.08100
C 28.52810 80.88690 -0.02952
C 36.08980 83.24680 1.71103
C 33.26580 85.10550 0.82751
C 36.16670 86.54510 0.94735
C 33.15370 88.33120 0.74450
C 32.68440 91.73190 1.74166
C 30.00630 92.87630 0.78999
C 43.83130 72.61760 -2.14711
C 41.37290 75.05270 -1.87536
C 38.66010 77.13630 -0.90287
C 26.17900 74.93610 -2.95811
C 37.14630 79.63440 0.59671
C 31.74820 77.17670 -0.94255
C 28.77430 76.21370 -1.90054
C 46.87330 95.69730 2.24127
C 43.97980 95.31020 1.76995
C 41.02430 95.37270 0.93966
C 37.73840 95.35660 0.10326
C 46.82340 78.17530 2.05641
C 44.35950 79.99130 1.65241
C 41.84420 81.71320 1.15119
C 47.11830 81.46230 1.85330
C 44.33580 83.25470 1.44783
C 41.59150 85.10310 1.17391
C 47.12760 84.81690 1.65492
C 44.35220 86.60000 1.48965
C 25.71090 82.34780 -0.64237
C 31.15030 83.13350 0.38496
C 27.96780 84.39000 -0.12965
C 25.27210 85.70610 -0.67146
C 30.58870 86.45830 0.38923
C 27.49240 87.80980 -0.09096
C 30.00670 89.66140 0.30989
C 27.14280 90.92570 -0.11089
C 26.74550 94.48960 0.26109
C 40.76430 71.51330 -1.97596
C 38.36510 73.97890 -1.25171
C 35.69590 73.01020 -0.99944
C 36.59130 76.29040 -0.43944
C 33.69760 75.21330 -0.69663
C 30.66090 73.96300 -1.12965
C 34.32490 78.58140 -0.14711
H 42.49950 90.79490 2.96029
H 39.40860 90.57140 2.07795
H 47.06810 94.17610 4.08888
H 37.83720 93.26860 1.39639
H 33.92810 93.59520 2.98387
H 35.87950 95.73810 1.65604
H 45.82250 76.80840 3.39030
H 43.06880 78.67040 3.18245
H 40.42490 80.18770 2.37022
H 37.76810 81.89030 1.64724
H 48.60640 78.35290 4.04364
H 37.88180 84.97700 1.83088
H 37.67450 87.88900 2.29913
H 40.43700 86.54360 2.85240
H 45.78860 89.70920 3.32406
H 48.05390 91.39050 3.90222
H 47.36840 72.51180 1.13385
H 25.23600 77.48050 1.40475
H 27.66760 79.27720 1.62641
H 30.15070 81.41400 1.84621
H 32.41030 83.42360 2.49094
H 34.88760 85.30830 2.86658
H 34.83330 88.41460 2.20295
H 31.59940 89.66370 2.30501
H 28.66660 90.95280 1.89107
H 25.81930 92.30340 1.00848
H 30.80130 93.19610 2.95647
H 43.81640 93.68750 3.56799
H 40.79750 93.47640 2.46362
H 45.98910 80.04450 3.51628
H 43.37950 81.73490 3.06374
H 40.59820 83.31150 2.52141
H 48.82590 81.57440 3.73658
H 46.09610 83.28880 3.22593
H 43.36260 84.86660 2.87689
H 48.90740 84.84970 3.37191
H 46.17000 86.51100 3.21032
H 43.27140 87.95410 3.22508
H 48.85560 88.20090 3.55022
H 27.21680 82.55250 1.34344
H 29.66300 84.63030 1.68250
H 26.72790 85.86830 1.34081
H 32.09950 86.61690 2.26731
H 29.08230 87.88510 1.78703
H 26.06780 89.15980 1.36319
C 43.79260 89.78250 4.79679
C 36.81630 90.10700 2.08415
C 48.96640 93.21070 5.32172
C 45.38110 92.93940 5.39993
C 41.82770 92.60890 4.56094
C 38.93740 92.18790 3.58195
C 35.92190 93.33290 4.43317
C 32.60600 95.01570 3.51141
C 47.00590 74.77190 3.91558
C 43.60560 76.66650 4.64521
C 41.09520 79.20390 4.58199
C 38.26600 80.29360 3.50753
C 38.41610 83.33770 3.59276
C 38.23280 86.14620 3.91207
C 41.07090 88.40770 4.26108
C 46.88240 88.06010 4.99776
C 46.28830 70.91810 1.81714
C 29.26560 95.24030 3.27792
C 25.47980 79.46710 2.95159
C 31.83340 80.18620 2.91443
C 28.15240 81.22880 3.26162
C 33.63800 81.31690 2.84862
C 32.89820 85.25630 4.20224
C 36.13490 87.14440 4.11822
C 32.91870 88.29040 3.86801
C 32.52190 91.54330 3.69021
C 29.37820 92.18020 4.10549
C 43.61500 72.68580 1.23074
C 42.20450 75.56850 -0.05764
C 39.84670 76.89740 2.22236
C 26.59060 73.62430 1.32028
C 37.01830 78.62340 3.61005
C 30.65490 76.92750 2.18014
C 27.62820 76.69830 1.39408
C 46.73400 96.18460 5.32703
C 43.42270 95.69280 4.99674
C 40.24330 95.25790 4.00936
C 37.23960 94.63880 3.38576
C 46.84670 78.37810 5.21969
C 43.94810 80.20760 4.91424
C 41.28790 81.65850 4.17214
C 46.85660 81.80580 5.04813
C 44.10730 83.35190 4.65430
C 41.34230 84.79580 4.30405
C 47.02930 84.84640 4.88166
C 44.20590 86.28730 4.69864
C 25.04060 82.41070 2.39778
C 30.61510 83.24800 3.56363
C 27.61110 84.34060 3.01043
C 24.49130 85.68140 2.39727
C 30.01460 86.26920 3.42498
C 26.96760 87.66080 3.10091
C 29.76620 89.43610 3.60289
C 26.50620 90.95220 3.03801
C 26.23960 94.55020 2.02399
C 41.49270 71.66970 1.15081
C 39.19750 73.71770 1.76531
C 35.76090 72.63000 2.28112
C 36.30310 75.74870 2.64907
C 33.16780 74.89650 2.30104
C 29.98260 73.99190 2.01365
C 33.98140 77.91510 2.85957
C 55.20910 96.29560 1.88675
C 52.37320 95.38920 3.09467
C 49.68390 -1.16918 1.91460
C 56.05530 4.36147 0.91482
C 52.87740 4.53131 1.25900
C 51.04040 6.82472 0.63087
C 60.37350 0.66174 0.51926
C 59.20430 3.71602 0.50032
C 58.03400 6.64483 0.47362
C 60.52220 8.21790 -0.58670
C 74.31100 10.69000 -3.68355
C 68.83900 10.74680 -2.57026
C 65.60060 11.14870 -0.92263
C 61.76280 11.41250 -0.98990
C 71.51750 13.48620 -2.89907
C 68.46780 12.76850 -2.41438
C 66.41250 14.96430 -2.24304
C 63.53500 14.07670 -1.98315
C 63.87310 17.82470 -1.11135
C 61.89460 20.32480 -1.17823
C 63.47750 22.98490 -1.63588
C 60.49870 23.11460 -1.04625
C 54.71620 7.64562 1.14461
C 52.40860 9.64871 0.19662
C 57.82870 9.90361 0.67403
C 57.57230 13.39500 -0.69116
C 60.42690 14.34070 -1.66632
C 60.77080 17.45430 -1.02042
C 57.49820 19.35500 -1.83667
C 57.91230 23.06030 -1.01169
C 57.12610 1.25246 0.91437
C 54.15410 1.36295 1.63202
C 51.23640 1.48362 1.69476
C 69.48650 96.06210 -0.46016
C 66.33100 -0.83184 0.10053
C 63.48500 -0.04963 0.33674
C 71.62490 0.73190 -0.93520
C 68.59710 1.50173 -0.58622
C 65.57190 2.02315 0.01270
C 62.52210 2.89301 0.21294
C 70.82720 3.90907 -0.96264
C 67.68790 4.50150 -0.67641
C 64.61940 5.14558 -0.32843
C 61.41480 6.02120 -0.01388
C 73.08900 6.42263 -1.11045
C 70.19380 6.83563 -1.21942
C 66.82480 7.64060 -1.02407
C 63.84420 8.11193 -0.73038
C 73.01170 16.74450 -2.35044
C 69.70190 15.96190 -2.34704
C 70.94790 18.93230 -2.11749
C 67.49720 18.35440 -2.03558
C 71.95930 21.71510 -2.08146
C 68.75430 21.19440 -2.04734
C 65.47270 20.56960 -1.75106
C 54.98750 11.36050 -0.23269
C 52.48800 13.11140 -0.58594
C 55.04100 14.62610 -0.69381
C 52.04620 16.08790 -1.14580
C 58.01900 16.29760 -0.74601
C 54.83200 17.76560 -1.40086
C 51.96290 19.28200 -1.67193
C 54.85220 21.00590 -1.86738
C 52.01480 22.16520 -2.08248
H 57.27310 -0.44534 2.58400
H 54.36490 0.11751 3.82305
H 55.97390 2.59735 2.64593
H 54.61850 5.66450 2.58051
H 52.52160 8.07683 2.11989
H 60.09360 -1.11327 2.19043
H 59.13850 1.93239 2.17261
H 57.98390 4.91538 2.30660
H 60.13330 7.22680 1.71136
H 56.96200 7.90650 2.11648
H 71.69450 7.63084 0.53516
H 68.48840 8.29888 0.11030
H 65.39780 9.09046 0.52613
H 62.08630 9.49733 0.67978
H 72.52720 11.68530 -2.11043
H 73.11560 14.54430 -1.27207
H 70.02430 13.97930 -0.95921
H 66.94280 13.15200 -0.55859
H 64.85670 15.65140 -0.54991
H 62.19380 18.64150 0.54013
H 60.95710 21.43680 0.85176
H 54.39560 10.04980 1.61867
H 51.58520 11.73750 1.15999
H 57.06080 11.90170 1.07929
H 59.70690 13.65750 0.78586
H 61.88360 15.31490 -0.47330
H 59.53550 16.97570 1.05921
H 59.45350 19.60680 -0.76556
H 56.51450 21.20350 -0.37696
H 53.69200 22.70090 -0.37584
H 51.26350 -0.12729 3.48770
H 52.84340 2.85337 3.04943
H 51.00630 5.38644 2.68589
H 71.49890 -1.00192 0.74566
H 68.39510 -0.09237 1.21732
H 65.31890 0.57577 1.83842
H 62.24270 1.24795 2.02715
H 70.53580 2.13263 0.73953
H 67.53550 2.92911 1.22024
H 64.43920 3.58388 1.55874
H 61.25130 4.26863 1.81321
H 72.78140 4.46666 0.44604
H 69.57900 5.32355 0.64065
H 66.50800 6.01400 0.94424
H 63.40110 6.60103 1.25868
H 63.73870 12.69420 -0.11590
H 71.19390 16.94390 -0.65263
H 67.88960 16.24800 -0.72640
H 72.39890 19.94490 -0.43907
H 69.16740 19.33610 -0.41026
H 66.00580 18.71090 -0.22371
H 70.25250 22.44650 -0.56346
H 67.11320 21.73570 -0.40025
H 63.84360 21.24520 -0.09794
H 54.21610 13.32700 1.16448
H 51.30940 14.82480 0.75152
H 56.77740 15.10090 0.97286
H 53.88330 16.43830 0.46206
H 51.05070 17.90870 0.12107
H 56.64520 18.10990 0.21899
H 53.81810 19.58490 -0.14139
H 50.92290 21.01420 -0.24660
C 56.45050 -0.10971 4.89673
C 52.92740 96.20990 4.85912
C 49.76050 -1.08351 5.23029
C 56.29320 4.61299 4.12018
C 53.01890 5.16398 4.23130
C 50.89120 7.59922 3.82889
C 60.55050 0.74060 3.77852
C 59.65270 3.77595 3.70221
C 58.60920 6.84572 3.66100
C 60.58640 9.16944 2.76861
C 71.62940 9.77072 -0.82076
C 69.62690 10.42520 -0.40808
C 65.64630 11.56510 0.91307
C 61.49890 11.89050 0.79329
C 71.69330 12.97420 0.06603
C 68.60370 12.97030 0.86223
C 66.61030 15.06760 0.98340
C 63.55370 14.54520 1.27401
C 64.22630 17.60130 1.02842
C 62.87690 20.43060 2.04618
C 64.04360 23.09480 1.49334
C 60.94740 23.52980 2.16348
C 54.77110 8.10772 3.11120
C 52.45250 10.35930 3.07260
C 58.00480 9.99632 2.58957
C 58.30320 13.68380 2.37659
C 60.94320 15.70230 1.84327
C 60.09780 19.25030 1.67607
C 57.87100 19.89210 1.23122
C 57.55560 23.03000 1.08250
C 57.57740 1.46551 4.04990
C 54.51050 2.49669 4.64160
C 51.39040 1.88512 4.77502
C 70.06010 96.37530 2.62517
C 66.96750 -0.45869 3.23690
C 63.71770 0.04678 3.54156
C 72.10630 0.91290 2.20693
C 69.10040 1.73492 2.68818
C 66.01690 2.47980 3.07447
C 62.82000 3.18423 3.38842
C 71.16120 4.11714 2.13480
C 68.04590 4.93375 2.56123
C 65.01760 5.59096 2.80174
C 61.85900 6.19939 3.15159
C 73.38690 6.39893 2.00204
C 70.06590 7.43452 2.02879
C 66.78440 8.22859 2.15740
C 63.69730 8.83262 2.42998
C 72.88340 15.79790 0.76747
C 69.68720 15.55130 0.79529
C 70.94300 18.62190 1.11876
C 67.81960 17.92570 1.12233
C 71.94240 21.72460 1.10979
C 68.93850 21.15730 1.09892
C 65.81070 20.44380 1.23934
C 55.34040 11.91180 2.88148
C 52.26120 13.61680 2.62616
C 54.87180 15.38570 2.43220
C 52.01390 16.79270 2.02448
C 57.51560 17.09160 2.34224
C 54.75620 18.31490 1.73995
C 51.91430 19.87910 1.42986
C 54.73770 21.27660 1.35983
C 51.56780 23.14850 0.82214
C 74.04370 27.95200 -1.93232
C 63.73960 26.04440 -0.37909
C 71.02450 29.24790 -2.63876
C 68.00770 29.17930 -2.14754
C 65.13550 29.02370 -1.50678
C 60.15800 26.23660 -1.03646
C 57.05490 26.82570 -1.69300
C 53.97570 27.39650 -1.95661
C 62.13510 29.07450 -1.14618
C 52.44760 30.52410 -1.64273
C 63.99600 31.78060 -1.19985
C 65.93560 34.43440 -1.28156
C 64.70260 37.74100 -1.33410
C 63.16110 40.45670 -1.16219
C 49.85560 41.33420 -1.41690
C 61.67510 43.04850 -1.23373
C 58.61680 43.45930 -1.57987
C 52.43060 43.69970 -2.12371
C 57.18090 46.70790 -0.94976
C 53.72220 46.89870 -1.27231
C 51.68040 25.14570 -3.29093
C 71.36340 32.21790 -1.05945
C 68.35640 31.77810 -2.80538
C 69.77300 34.71400 -0.95032
C 68.14880 37.46380 -1.12545
C 66.34350 40.33210 -1.13088
C 64.75860 42.98690 -1.18367
C 63.39680 45.91070 -1.31416
C 50.52900 44.64530 -2.63699
C 73.05880 24.77050 -2.10483
C 69.79800 24.26820 -2.11197
C 66.88180 23.48340 -2.08641
C 70.55060 27.31620 -2.11018
C 67.04880 26.54380 -1.55379
C 58.99650 29.41650 -1.33960
C 55.77080 29.97410 -1.56697
C 60.59040 32.09060 -1.26784
C 57.64440 32.60670 -1.39225
C 54.33560 32.84510 -1.42641
C 50.98970 33.08270 -1.19960
C 62.39090 34.85300 -1.41793
C 59.52530 35.07520 -1.19619
C 56.08700 35.34940 -1.28750
C 52.88430 35.71780 -1.23971
C 61.31210 37.63920 -1.21570
C 58.15460 37.94690 -1.29438
C 54.93820 38.00420 -1.42603
C 51.38740 38.28040 -1.44192
C 60.04500 40.52210 -1.22895
C 56.70270 40.77310 -1.44089
C 53.58830 40.83670 -1.79733
C 55.46130 43.68580 -1.66383
C 54.63960 24.35810 -1.95760
C 73.12920 35.06710 -1.58295
C 71.34340 37.64370 -1.09526
C 72.95030 40.15760 -1.18247
C 69.71180 40.32750 -1.22508
C 71.31730 43.12440 -1.28129
C 68.06280 43.00420 -1.14592
C 72.87060 45.71680 -1.37682
C 69.75040 45.88870 -1.21667
C 66.53630 45.81340 -1.28641
H 65.26220 24.16470 -0.40021
H 62.33360 24.15550 0.22242
H 72.11180 28.55270 -0.56197
H 65.73980 27.37090 0.30552
H 69.76910 30.58680 -1.13320
H 66.91810 30.24980 -0.26484
H 59.39480 24.42760 0.49315
H 56.39950 24.87930 -0.24942
H 61.81630 27.28560 0.57370
H 55.51770 27.96030 -0.10585
H 52.36570 28.41210 -0.28201
H 63.88750 29.99080 0.39524
H 51.01320 31.14150 0.32214
H 65.41860 32.76160 0.54290
H 64.33000 35.72040 -0.16431
H 63.00870 38.49950 0.32659
H 49.91010 39.42310 0.25358
H 61.59570 41.33610 0.57108
H 51.95290 42.03360 -0.40826
H 60.08910 44.37200 0.38425
H 56.84400 44.40770 -0.13131
H 53.62700 44.76080 -0.14810
H 53.31190 25.67730 -0.35972
H 51.63140 26.78550 -2.72938
H 73.12290 33.00060 -0.33748
H 69.98890 33.03890 0.89953
H 67.92080 33.09220 -1.31027
H 68.23400 35.82360 0.61721
H 66.42890 38.39430 0.36161
H 64.78040 41.18670 0.54856
H 63.26690 43.98460 0.40776
H 49.13120 43.72740 -0.96148
H 73.39960 22.90470 -0.49015
H 71.25400 25.46600 -0.59174
H 68.14450 24.71260 -0.36676
H 68.89550 27.71860 -0.45993
H 58.64780 27.42790 0.08024
H 60.60180 30.23040 0.41640
H 57.44740 30.59660 0.15117
H 54.13570 30.90810 0.04434
H 62.36540 32.99330 0.15901
H 59.17760 33.24320 0.39269
H 55.98140 33.43430 0.24551
H 52.77400 33.81410 0.26053
H 61.08980 35.81350 0.49681
H 57.84370 36.04270 0.26293
H 54.63240 36.39380 0.41386
H 51.31240 36.58020 0.39709
H 59.76270 38.67300 0.41175
H 56.46150 38.95150 0.24317
H 53.23130 39.13630 -0.07796
H 58.34770 41.66030 0.14831
H 55.08250 41.80750 -0.05096
H 50.76820 24.12470 -1.21485
H 71.35910 35.75530 0.45396
H 73.00650 38.39660 0.54295
H 69.69720 38.51990 0.49262
H 71.36090 41.21220 0.37329
H 68.11760 41.13080 0.46148
H 73.00920 43.95320 0.35614
H 69.76200 44.00210 0.41987
H 66.45400 43.95860 0.41812
C 73.93570 28.01820 1.12639
C 63.98380 26.43080 1.67466
C 72.39550 30.71260 0.44036
C 68.94940 29.69730 0.95903
C 65.80420 29.44860 1.78836
C 60.05350 26.41030 1.89560
C 56.82320 26.54460 1.49165
C 53.79080 27.23790 1.48649
C 62.19620 29.09960 2.07098
C 52.57530 29.96820 1.70336
C 64.00090 32.05850 1.89299
C 66.52270 34.91120 0.69407
C 64.87520 37.44640 1.66497
C 63.15140 40.15160 2.13035
C 49.61840 41.82980 0.53730
C 61.65350 43.24550 2.17525
C 58.48420 43.65790 1.71004
C 51.89660 44.11630 1.09493
C 57.18090 46.58260 1.12854
C 53.54180 46.51070 1.73697
C 50.96090 26.30890 -0.23033
C 71.17020 31.34080 2.16044
C 67.74870 32.21800 1.00492
C 69.83930 35.02840 2.26839
C 68.02020 37.61280 2.08323
C 66.36850 40.28030 2.00547
C 64.82240 43.03810 2.10887
C 63.42070 45.96190 2.04098
C 49.45360 46.05870 0.01572
C 72.94650 24.78250 1.07669
C 69.96980 24.14020 1.12115
C 66.88120 23.45660 1.27731
C 70.82610 27.27820 1.02365
C 67.87180 26.48150 1.28749
C 58.79640 29.27330 1.75931
C 55.70280 29.74990 1.59976
C 60.81690 32.23240 1.91130
C 57.50230 32.39010 1.89341
C 54.32520 32.63740 1.81949
C 51.18620 33.03480 1.95891
C 62.95520 34.87500 1.73509
C 59.31200 35.03750 2.01974
C 56.16650 35.24810 1.89614
C 52.88600 35.60070 1.99060
C 61.37550 37.74140 2.02655
C 57.99190 37.86720 1.89438
C 54.62190 38.38460 1.81551
C 51.40850 38.77070 1.63093
C 59.70380 40.67050 1.92026
C 56.49760 40.92770 1.72793
C 53.25040 41.06370 1.45826
C 55.21250 43.69870 1.52696
C 54.52570 24.36340 1.29393
C 72.82710 34.11000 1.57566
C 71.26490 37.58030 2.08275
C 73.01860 40.30130 2.04739
C 69.77140 40.38650 2.07173
C 71.39550 43.05160 1.99072
C 68.07630 43.07110 2.06191
C 72.99830 45.85530 1.96745
C 69.76360 45.95540 1.98857
C 66.50450 46.02250 1.89609
C 53.17310 60.44840 -1.49125
C 50.49170 61.23800 -1.30928
C 59.68170 64.86240 -0.62001
C 56.24080 64.10300 -0.98483
C 49.92020 63.95110 -1.80810
C 60.82060 67.79880 -0.41501
C 65.28490 71.43320 0.26118
C 61.88860 70.84910 -0.04508
C 67.77110 49.17320 -0.48516
C 63.99850 49.02580 -0.94155
C 73.05920 51.32920 -1.54553
C 70.19400 52.90490 -0.37231
C 73.17960 54.85880 -0.99314
C 73.55220 69.04420 -0.65899
C 51.89320 47.52400 -1.52807
C 52.55020 51.27570 -0.96892
C 51.49330 54.59220 -1.80202
C 51.32990 57.84030 -1.37708
C 60.63850 47.47850 -1.08678
C 64.78140 51.81220 -0.41458
C 61.57280 50.98760 -1.02295
C 58.42930 50.06810 -1.38638
C 70.02270 56.33200 -0.20358
C 68.06260 54.25230 1.91813
C 65.74470 54.94410 -0.16648
C 55.99570 52.59280 -1.45991
C 72.74500 58.42400 0.44937
C 53.71640 54.73270 -1.68469
C 57.93470 58.73400 -1.26978
C 54.71080 57.83680 -1.37019
C 62.27240 62.34380 -0.66340
C 59.03610 61.64150 -1.16246
C 72.68500 67.39280 -0.16474
C 62.96100 65.37680 -0.30904
C 70.74890 70.07620 0.34797
C 67.31050 69.17970 0.03084
C 64.06870 68.39430 -0.12163
C 52.95610 63.43530 -1.14775
C 57.46470 67.25320 -0.66615
C 54.38540 66.83140 -1.20616
C 51.09500 66.79550 -1.49163
C 58.71240 70.17380 -0.30920
C 55.57710 69.88810 -0.62675
C 52.44600 69.85260 -0.80164
C 71.10270 48.63000 -1.19707
C 49.28490 49.48620 -1.80046
C 48.97440 52.72020 -1.73885
C 55.32440 49.63060 -1.27679
C 62.38800 53.83780 -0.69326
C 59.16160 53.20420 -1.13750
C 69.32500 58.05400 0.56186
C 66.42670 57.64670 0.19262
C 63.38780 56.99680 -0.54292
C 60.18540 56.20480 -1.05530
C 56.93480 55.67500 -1.34081
C 70.83430 61.09950 0.39873
C 67.38600 60.52200 0.25002
C 64.36420 60.07920 -0.28993
C 61.15470 59.31450 -0.91508
C 71.69960 64.23330 0.30429
C 68.28300 63.58860 0.04409
C 65.36910 62.96530 -0.07781
C 69.38360 66.67400 0.02022
C 66.13420 66.12240 -0.03764
H 72.09950 56.06120 0.68731
H 54.92060 62.00930 -0.56415
H 52.11570 61.73210 0.36810
H 49.09910 62.61000 0.18557
H 61.08730 65.87150 1.13467
H 57.75410 65.15700 0.73086
H 62.20200 68.85230 1.23590
H 55.32760 47.77640 0.54339
H 64.72880 46.86170 0.17596
H 69.89100 49.51360 0.92718
H 65.03380 49.79090 1.25869
H 72.37600 52.61160 -0.12865
H 51.11670 49.41680 -0.02037
H 50.85340 52.86210 -0.12105
H 50.33600 56.01460 -0.13072
H 49.95960 59.32530 0.15148
H 61.85580 48.98260 0.49679
H 58.57570 48.33240 -0.08669
H 65.83930 53.01470 1.58238
H 62.69520 51.98180 0.91429
H 56.54440 50.76220 0.14062
H 69.47540 56.28230 2.31953
H 66.31850 55.95530 1.99291
H 54.07000 53.00450 0.00515
H 70.87580 59.15910 2.18526
H 54.99760 56.16930 0.08966
H 71.83430 62.27470 1.88897
H 56.01230 59.24640 0.37614
H 53.00170 58.72030 0.27958
H 72.93080 65.21300 1.44904
H 60.30850 62.83090 0.69705
H 57.48580 62.08380 -0.17691
H 70.75900 67.77880 1.33669
H 64.28610 66.48850 1.43736
H 68.40080 70.37180 1.34906
H 65.37080 69.49350 1.65709
H 54.29020 64.94200 0.27827
H 51.25010 64.82130 0.00108
H 58.95850 68.22780 1.19239
H 55.76330 67.78960 0.64740
H 52.64060 67.63240 0.33604
H 56.95230 70.88080 1.22860
H 53.88350 70.47900 1.10080
H 50.55130 70.13850 0.67663
H 71.42490 46.74030 0.37088
H 68.06910 46.82080 0.42977
H 72.97960 49.41870 0.24404
H 59.62440 51.36540 0.42739
H 63.54140 55.08430 0.95422
H 60.36120 54.40190 0.64950
H 57.24770 53.89750 0.28083
H 67.45880 58.81210 2.04491
H 64.38910 58.23460 1.28861
H 61.29340 57.49020 0.69681
H 58.28470 56.87730 0.27023
H 68.72420 61.80560 1.66696
H 65.45620 61.25740 1.62896
H 62.34880 60.47010 0.92839
H 59.23880 59.78630 0.43996
H 69.67250 64.82090 1.67993
H 66.50860 64.31600 1.62827
H 63.38020 63.49960 1.19426
H 67.57360 67.26260 1.65391
C 54.07250 60.68730 1.39436
C 50.23840 61.12740 1.83903
C 59.51470 64.49280 2.35420
C 55.97690 63.47490 1.23233
C 48.88760 64.91000 0.69768
C 60.68690 67.63590 2.86963
C 65.09940 71.25510 3.47766
C 61.79540 70.50310 3.05716
C 67.40130 49.11010 1.49937
C 63.43460 47.92420 2.15539
C 72.78830 51.48100 1.68936
C 70.19890 51.94080 1.37445
C 73.96490 54.31910 0.60372
C 74.10630 68.38590 2.89799
C 51.88210 47.74380 1.80889
C 52.50420 51.31630 1.00145
C 51.40260 54.47950 1.67105
C 51.16610 57.70640 1.58442
C 60.46020 46.84010 0.77548
C 64.30410 51.08620 2.66433
C 61.16220 50.39070 2.17511
C 58.17500 49.91870 1.75127
C 71.70350 55.57630 3.15856
C 67.88510 55.10720 3.68862
C 64.83940 54.25860 2.89244
C 55.71580 52.45510 1.71530
C 72.30180 58.01500 3.92231
C 53.47250 54.73130 1.56751
C 57.65790 58.60520 1.94032
C 54.49580 57.76490 1.91191
C 61.71820 62.23100 2.52360
C 58.61690 61.56750 1.96204
C 72.43680 67.11960 3.09262
C 62.70440 65.19020 2.78839
C 70.82750 70.03060 2.24697
C 67.16340 69.09580 3.27074
C 63.74720 68.30460 3.01848
C 52.63260 63.77590 1.66205
C 57.30840 66.64360 2.30925
C 54.13060 66.63590 2.06625
C 51.05260 66.52910 1.75979
C 58.51880 69.86420 2.87532
C 55.52030 69.28290 2.45768
C 52.20570 69.18890 2.26716
C 71.31740 48.59870 2.03299
C 49.13310 49.41230 1.67108
C 49.04650 52.57950 1.54686
C 55.22970 49.38220 1.90084
C 62.06810 53.57180 2.32990
C 58.80240 53.00340 1.98562
C 69.10310 58.20610 3.82756
C 65.65320 57.82910 3.38024
C 62.79100 56.87820 2.49020
C 59.68510 56.21890 2.15111
C 56.78390 55.69270 1.81875
C 70.37010 61.04160 3.53613
C 67.19220 60.91340 3.34919
C 63.81500 60.06050 2.86459
C 60.74500 59.30280 2.26462
C 71.39570 64.20970 3.36402
C 68.31850 63.72940 3.23079
C 64.91760 63.14490 3.07250
C 69.39000 66.75480 3.21776
C 66.01280 66.05740 3.15407
C 71.07250 86.81090 -0.35527
C 67.80470 86.03600 -0.01445
C 66.15400 87.85400 3.15587
C 63.07120 88.92560 0.97077
C 62.43960 91.90220 0.58803
C 59.00020 92.01920 1.41206
C 58.24390 95.92610 0.67917
C 49.54360 75.66230 1.76537
C 52.03690 77.53690 3.87813
C 56.10740 80.26960 0.79668
C 61.81770 84.38130 1.02390
C 49.89200 90.32540 2.57845
C 61.01350 87.20280 1.42217
C 57.93090 88.54360 1.93041
C 52.85130 91.57470 2.83309
C 59.48160 90.88700 3.20328
C 55.43320 94.27140 2.33151
C 66.32730 74.85960 1.07002
C 49.84820 72.40730 0.18002
C 64.03400 76.79780 -0.27260
C 54.35770 75.37920 0.60056
C 51.40960 75.24390 0.96405
C 65.29000 79.24280 -0.57157
C 62.10110 79.10480 -0.10517
C 58.79050 78.84360 0.44399
C 54.77440 78.64590 1.12199
C 67.30150 82.38500 -0.61428
C 63.73300 82.07780 -0.15031
C 64.76920 85.44940 0.95620
C 73.37700 71.99180 -0.25519
C 70.63840 73.45400 -0.25636
C 70.43890 76.81520 -0.26891
C 68.77420 74.00140 -0.47422
C 70.24270 80.31570 -0.14092
C 70.72190 83.66820 -0.24200
C 71.03570 89.85280 -0.14850
C 68.05180 90.14880 0.81116
C 65.23170 91.33560 0.47712
C 70.30300 92.74780 -0.34018
C 67.27370 93.78460 0.15606
C 64.44090 94.47840 0.53963
C 61.38550 95.15070 0.51387
C 72.52650 95.21830 -1.02702
C 49.85240 79.83480 2.16054
C 52.92170 81.25930 2.40113
C 49.72770 82.93330 1.91242
C 59.65330 81.98250 1.72528
C 55.76510 83.51870 1.42581
C 52.60650 84.71650 1.87563
C 49.97250 86.53520 1.95160
C 58.46660 85.31080 1.61204
C 55.48200 86.66300 1.94312
C 52.75710 87.99430 2.07004
C 55.48840 89.88790 2.47353
C 62.99010 73.65660 0.04395
C 59.70190 73.28750 0.02223
C 56.53260 72.88840 -0.07579
C 53.21120 72.64830 0.00332
C 60.58970 76.15860 0.18956
C 57.42660 75.97590 0.41766
C 73.40250 75.09840 -0.45908
H 50.03660 94.68980 3.61135
H 69.38590 85.43200 0.99608
H 62.98000 87.53450 3.12112
H 70.77790 88.14140 1.83177
H 67.57950 87.92650 1.74846
H 64.96630 89.77600 2.31833
H 61.93850 90.52950 2.69923
H 61.01650 93.50480 1.94625
H 57.91660 94.05810 2.48606
H 51.39810 79.79810 3.82677
H 55.23220 81.62630 2.74572
H 62.06950 82.55620 1.84667
H 57.90500 83.48050 2.80076
H 60.52130 85.30710 3.12105
H 60.01910 88.37120 3.39445
H 57.41730 89.79500 4.02642
H 54.65760 91.09020 4.48206
H 50.85030 92.03390 4.22356
H 66.36750 72.56770 2.38228
H 63.33300 71.84140 1.70571
H 64.31250 74.84950 1.22937
H 51.80240 72.95550 1.63822
H 66.01090 77.45040 1.20204
H 56.04880 76.63990 2.04170
H 53.14670 75.58420 2.90276
H 67.01800 80.33860 1.04620
H 63.96880 80.04140 1.32227
H 60.79580 79.79690 1.51325
H 57.92870 80.31440 2.31729
H 65.33650 83.07530 1.02677
H 71.90570 71.99340 1.24188
H 69.18210 73.08250 1.87243
H 68.62450 75.82600 1.22276
H 68.92050 78.48810 1.01080
H 72.38570 85.15930 0.91595
H 69.16760 82.20870 0.94733
H 53.26520 93.96530 3.57807
H 70.17180 91.31660 1.68270
H 67.09640 92.13580 1.88505
H 64.11900 92.77980 2.12289
H 72.42260 93.51670 0.68282
H 69.36890 94.32880 1.32254
H 66.32180 95.19310 1.93017
H 63.23530 95.86760 2.01423
H 51.64430 83.13140 3.50823
H 54.71720 84.74230 3.47494
H 51.80550 86.32060 3.60447
H 57.38790 86.67270 3.50836
H 54.56960 87.98310 3.80578
H 51.85560 89.51730 3.79945
H 60.03370 71.31590 1.49086
H 61.19040 74.27010 1.70584
H 57.97200 73.85950 1.68002
H 54.94700 73.31000 1.72697
H 62.41070 77.18960 1.50801
H 59.27270 76.90030 1.83148
H 71.62060 75.17980 1.12501
H 71.74650 78.62680 0.83029
H 71.95510 81.79240 0.68961
C 72.28800 86.99810 2.66144
C 69.22220 86.68080 3.22740
C 66.62700 88.02510 4.89838
C 63.62770 89.56200 4.46651
C 62.44940 92.69220 3.88683
C 56.36450 93.83670 5.85876
C 58.58040 95.57470 3.96076
C 50.00270 76.30300 4.06245
C 52.74420 77.44450 5.60500
C 56.42740 79.94960 4.20721
C 61.77920 83.82200 4.16398
C 49.79050 89.98310 5.03619
C 61.41310 86.86900 4.94300
C 58.43560 87.94400 5.37495
C 52.52220 90.90240 5.71484
C 56.85460 92.22040 4.18077
C 54.38780 93.25420 5.78915
C 66.69970 74.40090 4.24392
C 49.64840 71.97380 2.11075
C 64.33050 76.57650 2.96911
C 55.01030 74.84580 3.73397
C 52.03490 73.61370 4.02324
C 65.62300 79.26890 2.99207
C 62.56670 79.07000 3.05138
C 59.52060 78.73690 3.42265
C 55.87200 77.94550 4.29261
C 67.35570 82.38950 2.62221
C 64.21680 81.81290 3.06615
C 64.83810 85.90780 3.10268
C 73.80900 71.85430 2.82431
C 71.34700 73.63920 3.02227
C 70.55320 77.04220 2.33445
C 68.54040 74.96910 3.52575
C 70.41900 80.32390 1.89459
C 70.91410 83.60430 1.95483
C 71.70440 90.10700 3.09833
C 68.29030 90.21460 2.79117
C 65.55130 91.74760 3.78719
C 71.07940 93.31470 2.74550
C 67.92880 93.96230 3.31604
C 64.64190 94.67510 3.55712
C 61.59610 95.26580 3.69117
C 73.18910 95.37860 2.12056
C 49.97120 80.11710 5.50184
C 53.25250 81.44230 4.27537
C 50.07410 83.30130 5.05363
C 59.38040 81.74540 3.78433
C 56.19980 83.09770 4.57405
C 52.92730 84.61770 5.09686
C 49.84130 86.44440 5.05731
C 58.73730 84.94210 4.72329
C 55.70760 86.26140 5.22700
C 52.73160 87.80090 5.36069
C 55.54880 89.31980 5.67686
C 63.15610 73.76380 3.12241
C 59.75380 73.04080 3.22324
C 56.83210 72.44120 3.16440
C 53.63860 71.91950 3.10989
C 61.09730 76.10860 3.29058
C 57.99120 75.64780 3.42644
C 73.67560 75.47380 2.55650
C 90.11790 2.45819 -3.54048
C 94.20020 5.29123 -3.96198
C 90.72130 5.26573 -1.47145
C 95.79840 8.33995 -4.21489
C 83.28760 0.63120 -3.01036
C 80.15550 1.42656 -2.78503
C 79.03120 4.68578 -1.76219
C 76.35990 5.93062 -1.01744
C 75.15600 9.20065 -0.55268
C 72.62940 9.98013 -3.99095
C 75.07280 14.76050 -2.91740
C 76.73900 17.00150 -1.15868
C 77.73670 20.02890 -1.02572
C 86.92880 2.27339 -2.39359
C 83.75070 3.48321 -1.36909
C 81.90940 5.67234 -2.63627
C 86.40820 5.97845 -2.94669
C 80.71850 8.52960 -2.57867
C 77.79370 9.75907 -2.49696
C 93.06470 8.25784 -2.67509
C 89.28100 7.97375 -2.81943
C 77.46170 12.85640 -2.59015
C 95.80310 9.87442 -2.61396
C 79.98300 14.94650 -2.48947
C 0.75943 11.71950 -3.85433
C 81.47140 17.35760 -1.33032
C 0.12945 15.13530 -2.38063
C 81.48140 20.21270 -2.18546
C 95.83260 18.43260 -1.93423
C 93.28450 18.94480 -1.31045
C 90.31580 20.12740 -1.65287
C 87.27250 21.38480 -1.03836
C 0.82669 20.23520 -2.17441
C 96.22600 23.14580 -2.21473
C 1.02386 0.02302 -4.46146
C 95.05750 -0.10414 -4.41583
C 91.63730 -0.37300 -3.94968
C 88.48080 -0.24927 -3.53767
C -1.09925 2.83381 -4.35256
C 93.22530 2.53489 -4.04475
C 0.34942 5.71213 -4.50614
C 80.89500 95.91810 -2.65951
C 77.58100 -0.87451 -2.20428
C 74.57480 0.01929 -1.53871
C 76.76740 2.20114 -2.33341
C 73.87280 3.12187 -1.44264
C 74.31880 19.42770 -1.83789
C 75.50830 22.45590 -1.72223
C 83.39440 7.05345 -2.44658
C 86.12500 9.41037 -2.71675
C 83.36730 10.48020 -2.46888
C 80.37860 11.68150 -2.54623
C 90.98290 10.35900 -2.97131
C 88.47420 11.67110 -2.63654
C 85.71350 12.59260 -2.41853
C 82.85970 13.69030 -2.47122
C 93.32780 12.65210 -3.35062
C 91.09910 13.57170 -2.56136
C 88.06390 14.83580 -2.42568
C 84.98240 16.13000 -2.21254
C 93.49810 15.68620 -2.47954
C 90.76200 16.97830 -2.10693
C 87.68880 18.08790 -2.03041
C 84.44760 19.34530 -2.08520
H 90.30940 0.43160 -1.98799
H 91.97640 3.16604 -1.91713
H 89.01380 3.42287 -1.96503
H 96.10940 6.35738 -2.76933
H 92.96880 6.17376 -1.91820
H 86.03270 95.82470 -2.02717
H 84.99930 1.32899 -1.36357
H 82.00420 1.79705 -1.03365
H 78.83850 2.70919 -1.01326
H 78.30720 5.42966 0.64884
H 74.76570 7.01962 0.57337
H 76.29460 14.56690 -1.07703
H 77.50680 18.33900 0.89297
H 78.58930 21.35940 0.93617
H 86.03780 4.31201 -1.13587
H 82.89550 5.65096 -0.34147
H 80.12470 6.90864 -1.44587
H 88.45880 6.42380 -1.48206
H 76.63740 11.24220 -0.88205
H 91.03350 8.69077 -1.19542
H 79.22430 13.14750 -0.95415
H 0.78094 9.70871 -2.06692
H 93.40620 10.70990 -2.10596
H 79.12380 16.42330 -1.06197
H 80.11950 19.40520 -0.88952
H 95.62370 16.07940 -1.26304
H 83.10010 20.31500 -0.27110
H 80.93950 22.38810 -0.78955
H 95.09200 18.54440 0.47748
H 92.23420 19.76260 0.08018
H 89.59810 21.41160 0.14500
H 0.49566 18.19900 -0.73815
H -1.11614 20.81760 -1.15050
H -0.67147 0.85614 -2.96658
H 93.51100 0.56683 -2.62024
H 0.68433 3.83901 -2.91040
H 94.90690 3.47565 -2.48450
H 74.58070 95.86740 0.21458
H 83.01010 -1.18711 -1.38136
H 79.70730 -0.30074 -1.03551
H 76.66130 0.58733 -0.42770
H 73.61840 1.39010 0.36595
H 75.74950 3.70463 -0.47430
H 74.40880 17.41330 -0.35067
H 75.61470 20.61060 -0.08537
H 77.36150 8.11921 -0.63472
H 85.55370 7.57613 -1.26687
H 82.64910 8.80187 -0.94620
H 79.62210 10.04570 -0.89366
H 88.13720 9.61049 -1.36876
H 85.22510 10.77270 -0.82948
H 82.18880 11.93170 -0.89740
H 90.41560 11.79890 -1.09416
H 87.55020 13.04660 -0.77411
H 84.59320 14.03010 -0.81837
H 81.70690 14.91900 -0.56567
H 93.04200 13.73620 -1.00688
H 89.98060 15.01270 -0.89519
H 86.94010 16.19150 -0.67401
H 83.86790 17.18810 -0.82913
H 92.57700 16.77120 -0.45105
H 89.53410 18.13140 -0.28148
H 86.12160 19.27740 -0.41480
C 90.39350 2.07608 -0.23135
C 94.62380 5.33822 -0.84416
C 91.07220 5.40946 0.72241
C 95.71730 8.08445 -1.00141
C 83.91560 0.49364 0.26495
C 80.65640 1.47349 0.50629
C 78.07000 3.76345 2.34584
C 77.01820 6.91371 1.66054
C 74.73710 9.29571 1.42252
C 72.34630 9.92438 1.28035
C 74.61060 12.62050 -0.91976
C 76.29550 16.22400 0.78703
C 76.73950 20.01230 2.14330
C 87.11780 2.50653 -0.45735
C 84.16650 3.98495 0.56383
C 80.74480 5.69230 0.75143
C 86.72680 6.06785 0.37139
C 80.73540 8.40071 0.52946
C 77.88590 10.05700 0.87668
C 92.28840 7.33622 0.33203
C 89.19260 8.17089 0.29280
C 77.31990 13.12880 0.65444
C 0.13050 8.58764 -0.01014
C 79.55040 14.89190 0.79968
C 2.42488 10.98580 -0.62010
C 79.56460 17.88650 1.09584
C -0.28583 14.07790 -0.74965
C 81.06150 20.66930 1.10866
C 95.93050 16.32130 1.18302
C 92.95200 17.91120 1.65203
C 90.29610 19.45130 1.70856
C 87.18850 21.06890 0.90918
C -0.27148 19.74180 1.06681
C 95.52180 22.37840 0.81916
C 0.89734 -0.13748 -1.32048
C 95.40200 -0.39234 -1.27007
C 92.17600 -0.55175 -0.78926
C 87.95870 -0.25006 -1.55142
C -0.65254 2.53725 -1.23628
C 93.83090 2.10227 -0.68472
C 0.51346 5.75737 -1.22326
C 81.38010 96.06860 0.36419
C 78.27840 -0.61606 0.96946
C 75.34610 0.10314 1.60976
C 77.38520 2.51587 1.01961
C 74.53680 3.25421 1.76978
C 74.08610 19.02480 1.15788
C 74.83230 22.32150 1.47567
C 84.00200 7.44167 0.68325
C 86.50240 9.14462 0.41787
C 83.47670 10.47040 0.64368
C 80.33840 11.77620 0.67592
C 92.12420 10.51840 0.07731
C 88.67140 11.17270 0.42387
C 85.74490 12.52850 0.76628
C 82.97090 13.36060 0.90416
C 94.48640 12.37190 -0.24577
C 91.19520 13.49120 0.54250
C 88.21890 14.78050 0.84709
C 85.07640 15.72490 0.88590
C 94.20540 15.34490 0.62851
C 90.68950 16.33590 1.04745
C 87.52760 17.84130 1.12597
C 84.29260 18.72910 1.23428
C 82.61980 48.03930 -0.82701
C 92.19290 45.66700 -2.03441
C 1.18982 46.77500 -3.10111
C 85.76030 24.64050 -1.40145
C 81.98580 24.43920 0.24011
C 90.73770 26.72170 -1.11709
C 87.57280 27.22820 -1.16793
C 80.84910 27.94510 -0.91763
C 89.67140 29.53530 -1.00161
C 79.58100 31.37430 -1.32890
C 91.69640 31.86780 -0.93616
C 78.58370 34.50870 -1.32357
C 93.66790 34.37540 -0.89266
C 80.75270 36.85940 -1.26735
C 95.55390 36.70000 -1.00235
C 83.04800 39.31850 -1.45843
C 85.25100 41.62600 -1.36680
C -0.39210 41.99110 -1.42100
C 93.76290 42.56160 -1.52217
C 90.15960 43.42600 -1.46595
C 86.89350 44.23420 -0.98423
C 84.28890 44.97420 -0.72666
C 96.19310 44.92410 -1.74824
C 78.48580 23.07670 -0.94760
C 79.72680 26.00910 -1.30535
C 77.30300 28.67010 -1.52036
C 75.77750 31.61970 -2.63209
C 74.44670 34.69000 -3.05865
C 77.74580 37.45520 -1.10256
C 79.62090 40.04310 -1.22028
C 81.59470 42.84440 -0.85482
C 80.07880 46.02250 -1.33625
C 83.47480 22.31810 -1.54657
C 89.15120 23.93170 -0.11755
C 93.99790 25.81890 -0.78863
C 90.31650 24.77400 -1.81267
C 92.71800 29.15800 -0.97824
C 94.84410 31.44070 -0.97820
C -0.50065 34.09010 -0.73552
C 84.28290 27.67900 -1.25487
C 86.19300 29.97260 -1.35562
C 82.91320 30.66560 -1.34541
C 88.44820 32.55090 -1.31735
C 85.00420 33.33690 -1.27872
C 81.85360 33.63160 -1.35987
C 90.47840 34.92550 -1.14767
C 87.31020 35.54910 -1.31704
C 84.11810 36.29240 -1.45462
C 92.64730 37.35180 -1.12175
C 89.44270 37.81240 -1.24988
C 86.20340 38.56980 -1.38788
C 0.70491 39.19070 -1.11651
C 94.81130 39.82220 -1.12588
C 91.57790 40.42790 -1.20943
C 88.36930 40.92430 -1.28977
C 76.27990 25.23260 -1.72125
C 74.61460 37.72080 -1.07934
C 76.38670 40.09980 -1.12963
C 78.01560 42.94360 -1.44349
C 74.54670 42.90420 -1.30961
C 76.03110 45.68660 -1.67709
C 0.46432 25.74790 -1.32926
C 96.25960 28.53730 -1.06707
C 0.62438 31.06410 -0.81029
H 85.00320 47.32870 -0.42409
H 94.34850 46.21280 -0.95276
H 87.21150 25.37490 -0.08701
H 84.11960 25.69460 0.47289
H 89.28010 27.72770 0.65996
H 82.90410 28.85650 0.39462
H 79.24570 29.60580 -0.04998
H 91.31590 30.11650 0.75920
H 80.49710 35.01290 0.18106
H 95.30160 35.05610 0.81191
H 82.69700 37.41790 0.14844
H -0.17006 37.53030 0.46648
H 84.83610 39.78800 0.24537
H -0.89429 40.45200 0.45527
H 83.83450 42.80750 0.07075
H 95.47730 43.36640 0.01914
H 92.28340 43.97110 -0.27299
H 89.00920 44.63300 0.12921
H 85.94270 44.95790 1.28775
H 79.48650 24.63410 0.76216
H 77.49860 26.78310 -0.58736
H 75.25050 29.09520 -0.07021
H 76.10510 33.66930 -1.40729
H 77.48630 35.63910 0.57358
H 79.41470 38.12920 0.45649
H 81.61140 40.45700 0.29675
H 79.47330 43.87280 -0.08275
H 85.35070 22.60490 0.10984
H 94.41880 23.30470 -0.29462
H 92.51190 27.26920 0.51846
H 94.63820 29.56050 0.56185
H -0.90096 32.15840 0.71110
H 85.96740 28.27780 0.45369
H 87.95340 30.71530 0.22717
H 84.73080 31.31970 0.17639
H 81.49540 31.86620 0.33305
H 78.33510 32.70770 0.56953
H 93.41170 32.54580 0.70734
H 90.10890 33.10570 0.44015
H 86.91840 33.74920 0.28499
H 83.66390 34.39860 0.09952
H 92.11970 35.52200 0.55878
H 88.97180 36.08770 0.36408
H 85.84960 36.76170 0.23777
H 94.32680 38.13850 0.53472
H 91.17500 38.54720 0.38901
H 87.99770 39.07810 0.23249
H 93.36260 41.07940 0.40432
H 90.11630 41.66810 0.33723
H 87.01800 42.19730 0.30182
H 76.45390 23.64400 0.25799
H 74.33730 26.02920 -0.40518
H 74.55330 35.66730 0.43919
H 76.20220 38.38840 0.62559
H 77.89370 41.09850 0.35115
H 74.62160 41.05760 0.32579
H 76.23350 43.86920 0.12312
H 0.10492 23.67470 -0.10265
H 96.13360 26.70120 0.14096
H 0.44094 29.21800 0.77731
C 84.79610 46.96580 2.15044
C 92.97770 45.96060 1.13947
C -0.33465 49.00840 0.35656
C 85.92820 24.26440 1.80074
C 81.17420 24.32660 2.27959
C 90.80810 26.34630 2.04967
C 87.35060 26.89130 1.93112
C 81.11760 28.13730 0.96276
C 89.29300 29.53490 2.08814
C 79.71290 30.93330 1.94766
C 91.47830 31.88120 2.17503
C 79.00880 34.40990 2.14570
C 93.45350 34.42150 2.28475
C 80.98910 36.80140 1.82587
C 95.71090 37.01240 2.19790
C 83.06830 39.17470 1.84810
C 85.21620 41.69950 1.82017
C -0.62047 42.39190 1.89333
C 93.76010 43.15130 1.63630
C 90.72840 43.72190 1.66005
C 87.47710 43.95230 2.08028
C 84.31870 43.49590 2.44884
C -0.22978 45.06650 -0.06239
C 78.01670 23.11940 2.19308
C 78.27520 26.45090 1.71407
C 77.10220 29.05480 0.38854
C 75.01110 31.39010 -0.68596
C 76.02530 33.72560 1.13408
C 77.79970 37.45050 2.22637
C 79.65700 40.21870 1.87332
C 81.46640 42.75160 1.03506
C 80.03120 46.26510 0.55129
C 84.03740 21.88230 1.52893
C 92.06830 22.30000 0.43691
C 94.09380 25.44960 1.02887
C 91.21670 27.26160 3.68075
C 92.89310 28.94690 2.26561
C 94.87010 31.26350 2.27371
C -0.77851 33.95290 2.39389
C 84.20020 27.36240 1.98145
C 86.11260 30.07840 1.87888
C 83.07120 30.70190 1.91607
C 88.30000 32.49590 1.91121
C 84.98640 33.16650 1.80363
C 81.86180 33.63510 1.75408
C 90.27880 34.97660 2.08220
C 87.14250 35.51370 1.89697
C 84.03820 36.14140 1.77094
C 92.54810 37.43160 2.09563
C 89.33980 37.92050 1.93710
C 86.20280 38.57430 1.86185
C 1.18332 39.43640 1.07905
C 94.70520 40.13050 2.06300
C 91.45030 40.53020 1.89452
C 88.39320 40.86830 1.86565
C 76.24000 25.79030 1.28219
C 74.55130 37.45820 2.20812
C 76.20010 40.35280 2.09229
C 77.97170 43.18250 1.79156
C 74.86260 43.08110 1.76215
C 76.47460 45.96090 1.45774
C 0.03266 25.26470 1.79101
C 96.02650 28.16090 2.09441
C 0.41029 30.99200 2.43847
C 89.01460 46.85140 -0.99185
C 86.12420 48.54960 -1.85414
C 82.88880 49.96270 -0.92201
C 80.23070 51.45980 -0.56282
C 77.37710 53.35900 -1.51315
C 94.68450 47.95300 -2.07969
C 77.10000 56.46780 -1.59329
C 74.21960 57.40250 1.39607
C 76.56490 59.59240 -1.13584
C -0.25709 52.28550 -1.72786
C 94.27680 53.88830 -1.75601
C 91.35990 55.56600 -1.90131
C 88.72590 56.82490 -2.26872
C 76.47150 62.97950 -0.92392
C 88.13840 60.47590 -2.31015
C 85.72470 61.75600 -2.18966
C 79.23640 64.60980 -1.58747
C 84.76480 64.96070 -2.29015
C 82.25480 66.82430 -0.94081
C 86.15120 68.13180 -1.55127
C 77.80770 48.86760 -1.39611
C 75.91580 51.71180 -1.28913
C 81.93370 70.23070 -1.41518
C 79.23290 68.30200 -0.66676
C 76.35420 66.68040 0.10830
C 74.19330 63.09190 2.14059
C -0.14868 55.92900 -1.16123
C 93.89320 57.10890 -2.03984
C 93.15750 60.14500 -2.24900
C 91.82900 63.34660 -2.45425
C 91.12960 66.49090 -3.48999
C 88.06080 65.24990 -2.26987
C 89.75940 69.43980 -3.43792
C 91.06850 72.20270 -1.50515
C 91.66170 48.82810 -1.79410
C 88.73560 50.38150 -1.86285
C 85.87860 51.90620 -1.92934
C 82.81350 53.14800 -1.51364
C 80.13900 54.97110 -1.82526
C 94.49010 50.93880 -1.60126
C 91.62410 52.19530 -1.86101
C 88.62080 53.62670 -1.99622
C 85.69880 55.14840 -2.22112
C 82.77180 56.63210 -2.09623
C 79.77760 58.20400 -1.89750
C 85.56880 58.35850 -2.49171
C 82.48900 59.98660 -2.27818
C 79.41070 61.47540 -1.81795
C 82.26310 63.16750 -2.14611
C 74.63880 48.67130 -1.29699
C 76.37120 70.30990 -0.60596
C -1.12520 59.40800 -1.99361
C 0.98371 61.94310 -2.16817
C 95.23580 62.40910 -2.41067
C -0.19489 64.94370 -2.58520
C 94.31020 65.61630 -2.81754
C 96.04980 68.16320 -2.85095
C 92.95200 68.85180 -3.07212
C 0.69619 70.47210 -3.23573
C 94.82450 71.33610 -3.02658
H 83.27940 48.93460 1.51931
H 91.28640 47.05390 -0.22424
H 87.95400 48.98240 -0.06034
H 82.46740 51.95370 0.52409
H 79.43460 53.45520 -0.02024
H 76.43730 54.81290 0.32615
H 1.06281 47.14480 -0.57799
H 76.23790 58.05320 0.18995
H -1.13718 50.81340 0.14571
H 93.29970 52.37030 -0.01263
H 76.21610 61.19270 0.87455
H 93.24850 55.58670 -0.22662
H 90.17890 57.09460 -0.24984
H 87.42310 58.51680 -0.87926
H 76.03010 64.30980 0.90434
H 88.47940 61.42520 0.09231
H 81.46370 64.57000 -0.45958
H 78.71630 66.06190 0.26956
H 86.76630 63.70910 -1.24917
H 84.69120 66.32510 -0.54364
H 77.76970 46.56430 -0.62071
H 76.18540 49.96340 0.43708
H 85.27450 70.52010 -1.25256
H 83.10780 68.83960 0.24205
H 80.20860 70.26360 0.50077
H 77.40660 68.72810 0.95687
H 74.61930 70.28010 1.30268
H 96.07180 53.92180 -0.28893
H 95.68180 57.71240 -0.40419
H 92.66140 58.63870 -0.36693
H 91.80140 61.56900 -0.63990
H 89.96910 64.12050 -0.98689
H 89.74350 67.15540 -2.12018
H 91.44980 69.82330 -1.58762
H 88.18860 69.64670 -1.36342
H 85.12660 50.51690 -0.49912
H 93.53090 49.22620 -0.16723
H 90.66590 50.60960 -0.30561
H 87.84480 52.19630 -0.36888
H 84.95970 53.67330 -0.41807
H 82.07820 55.12850 -0.26436
H 79.14500 56.57230 -0.21405
H 90.51970 53.84790 -0.35854
H 87.57250 55.37690 -0.65165
H 84.76500 56.84450 -0.68871
H 81.86840 58.27130 -0.58009
H 78.93790 59.73220 -0.16226
H 84.55280 59.99940 -0.92734
H 81.54970 61.42920 -0.53584
H 78.75990 62.84770 0.07036
H 84.24180 63.11450 -0.75211
H 74.55420 46.63080 0.17710
H 0.60659 60.19800 -0.42414
H 94.87410 60.85610 -0.55202
H -0.54904 63.30940 -0.75525
H 93.80990 63.89980 -1.09190
H 95.93670 66.38900 -1.10601
H 92.78270 66.88310 -1.49876
H 0.51065 68.84450 -1.38233
H 94.74720 69.41330 -1.37897
H -0.65447 71.95470 -1.85561
C 89.02760 46.96260 0.88391
C 85.85020 49.01400 1.30642
C 83.21260 50.69890 2.63034
C 80.37010 51.53160 1.42383
C 77.62850 52.93890 1.70836
C 94.57050 47.49990 1.20950
C 77.45730 56.21200 1.61982
C 74.31390 58.37800 3.38437
C 77.36290 59.71540 1.88043
C -0.30458 52.58180 1.60739
C 94.33370 54.08970 1.48011
C 91.33830 55.45010 1.36725
C 88.50590 57.04440 0.98816
C 77.39280 63.07500 2.17267
C 90.30800 59.59520 -0.27168
C 86.01770 61.74300 0.12738
C 79.85870 64.65950 1.48092
C 85.55310 64.58050 0.72842
C 82.66120 66.42460 0.81376
C 85.58680 68.52320 0.26438
C 77.91760 48.92200 0.48875
C 76.03560 51.73020 2.26107
C 82.23960 70.11300 1.99583
C 79.80590 68.06220 1.16323
C 76.81900 66.46630 1.85391
C 73.94650 61.50280 0.86936
C -0.31285 55.95340 0.63853
C 94.05460 57.33700 1.38016
C 93.09380 60.52750 1.23697
C 91.98350 63.38080 0.61343
C 90.89850 66.17880 -0.00002
C 88.88280 62.98220 -0.39811
C 89.49780 68.97880 -0.17074
C 91.52890 71.64340 0.14520
C 91.61410 48.93560 1.32692
C 88.79500 50.71520 1.39021
C 85.95270 52.12330 1.22007
C 83.26710 53.69490 1.43206
C 80.27540 54.99080 1.44461
C 94.23490 50.78190 1.59389
C 91.41630 52.28850 1.37829
C 88.54080 54.00850 1.16112
C 85.77270 55.47670 1.04837
C 83.07850 56.83020 1.06954
C 80.21320 58.18670 1.27060
C 85.66820 58.63130 0.83071
C 82.90330 59.98150 0.93760
C 80.01560 61.26100 1.41670
C 82.64150 62.99170 1.04812
C 74.57530 48.52390 1.87843
C 76.78890 70.23590 2.72903
C 96.20930 59.66690 1.17034
C 0.58000 62.14150 1.10840
C 95.00080 62.87460 0.81882
C -0.24523 65.25660 0.69340
C 94.04510 65.88050 0.40397
C 96.25310 68.39760 0.29048
C 92.94930 68.70000 0.10858
C 0.81516 70.94990 -0.10132
C 95.41450 71.29080 0.11252
C -0.37515 94.62550 -4.48798
C 93.76610 94.70980 -4.39834
C 90.45300 94.49520 -4.14279
C 0.35861 77.78360 -4.04159
C 94.79700 78.22150 -4.55121
C 90.05420 80.68080 -4.72174
C 87.83820 83.03290 -4.24054
C 86.65850 85.95180 -5.09162
C 0.07507 89.46400 -4.28454
C 94.29240 89.28550 -4.43713
C 87.51530 89.16880 -4.38874
C 92.24350 92.03080 -4.35906
C 73.97540 88.58370 -0.47967
C 84.04830 89.14010 -4.32844
C 79.50110 90.67040 -2.16420
C 85.15060 92.29520 -3.51010
C 87.23170 94.54910 -3.93514
C 83.91610 95.21430 -3.32624
C 90.48220 75.57850 -1.64640
C 87.31170 72.07020 -1.35688
C 83.42940 70.58990 -2.81244
C 86.75020 75.27460 -2.89812
C 87.82190 78.83470 -3.81101
C 84.81570 80.88760 -3.01307
C 84.20710 83.74060 -4.01675
C 81.97410 85.88390 -3.35749
C 81.05220 88.48460 -2.04955
C 76.77110 86.73440 -1.66998
C 73.61970 85.00100 -1.21156
C -0.27951 73.93420 -3.28909
C 93.55860 73.07740 -3.41135
C 94.82740 76.09100 -4.58551
C -1.10734 80.77910 -4.29129
C 93.17030 81.02010 -4.73047
C 0.45680 83.68400 -4.34764
C 94.59330 83.73560 -4.57100
C 91.42540 83.50610 -4.63835
C 96.00850 86.81280 -4.47444
C 92.90420 86.32680 -4.61209
C 89.72370 86.29570 -4.91840
C 91.01760 89.19900 -4.45744
C 88.95520 91.90440 -4.10445
C 76.35450 90.85540 -1.39203
C 73.34730 91.83270 -0.83759
C 81.76610 92.66920 -2.66827
C 78.64340 93.64880 -2.19681
C 75.51310 94.35400 -1.56233
C 84.52140 74.26170 -1.78632
C 81.57080 73.20900 -1.32892
C 79.00240 71.78510 -0.87011
C 84.53300 77.51820 -2.78435
C 81.65550 76.26340 -1.94480
C 78.84160 74.77570 -1.17084
C 76.20340 73.44660 -0.69696
C 81.61360 79.37980 -2.55499
C 78.89950 78.03190 -1.79013
C 76.32630 76.59640 -0.98669
C 81.59380 82.70670 -2.86678
C 79.10460 81.34940 -2.11714
C 76.25540 79.78990 -1.52421
C 73.37620 78.42380 -0.96383
C 79.31530 84.74810 -2.23022
C 76.38540 83.42020 -1.64111
C 73.56140 81.81270 -1.20349
H -0.16574 92.90330 -2.54296
H 94.07820 92.80570 -2.75816
H 92.19020 95.33130 -2.59801
H 89.02230 95.27780 -2.37409
H 0.32859 76.31850 -2.44884
H 96.17860 79.05810 -2.59182
H 93.10250 79.17950 -2.91946
H 90.17960 78.97600 -2.73752
H 88.42710 81.06270 -2.96505
H 86.05290 84.62680 -3.42048
H 88.07570 87.03100 -3.23278
H 95.76290 90.24090 -2.50042
H 92.60980 90.07350 -2.79499
H 89.33430 89.84050 -2.73624
H 86.10050 89.41560 -2.75612
H 90.74190 92.65180 -2.52299
H 79.34200 88.90800 -0.22529
H 76.21250 89.58220 0.16136
H 73.06960 90.40520 1.01385
H 83.29140 90.70640 -2.95341
H 81.37390 91.17340 -0.63752
H 87.40080 92.42960 -2.58700
H 88.22990 74.38250 -0.99742
H 85.67290 73.29740 0.16688
H 88.36470 77.04390 -2.05557
H 86.01740 79.17830 -2.07604
H 82.78900 81.18870 -1.50957
H 83.12200 84.33030 -1.78117
H 83.43610 87.52380 -2.40944
H 80.79070 86.25750 -1.15486
H 77.79710 84.93500 -0.21312
H 75.10420 86.51590 0.11941
H 93.54600 72.21640 -1.05868
H 1.76458 73.97390 -1.69548
H 94.94780 74.74880 -2.42171
H 91.29480 74.24230 -0.17466
H 95.47600 95.62600 -2.93549
H 0.25870 81.90440 -2.61673
H 94.63150 81.87900 -2.95994
H 91.56090 81.66500 -3.03706
H 96.13770 84.80620 -3.10776
H 92.93440 84.57060 -2.98847
H 89.77060 84.28600 -3.47637
H 0.12950 87.57090 -2.72059
H 94.31590 87.41390 -2.85817
H 91.19090 87.13580 -3.08186
H 78.39210 91.90630 -0.40707
H 75.43030 92.64930 0.21314
H 83.89980 93.37660 -1.61273
H 80.65290 94.17610 -1.04000
H 77.60980 95.07010 -0.41587
H 82.80980 71.86910 0.25394
H 85.61090 76.24980 -0.92888
H 82.78300 75.02300 -0.10023
H 80.01010 73.51060 0.58444
H 77.33560 71.91500 0.94774
H 82.89630 78.12570 -0.84931
H 80.03750 76.63710 -0.09968
H 77.33680 75.10580 0.78505
H 74.59650 73.68040 1.20223
H 80.14420 79.77760 -0.51969
H 77.36130 78.32010 0.10311
H 74.51920 76.99970 0.75870
H 80.31850 83.01450 -0.82503
H 77.40690 81.59590 -0.29544
H 74.58940 80.15450 0.32310
H 74.81520 83.34700 0.25833
C -0.41641 94.54680 -1.32855
C 94.08450 94.36520 -1.28753
C 90.74260 94.49410 -0.83434
C 0.21820 78.39750 -0.80657
C 94.57020 78.10790 -1.03670
C 90.13390 81.05020 -1.18050
C 87.84810 83.17500 -2.35986
C 85.76840 86.92930 -2.35892
C 0.20718 89.25190 -0.94496
C 94.38920 89.30160 -1.20261
C 87.86280 88.56340 -1.25312
C 92.46420 91.75790 -0.95220
C 74.41470 88.44910 1.50242
C 82.92890 89.40370 -0.84650
C 79.80910 90.89230 1.30556
C 85.32760 91.35930 -1.55392
C 87.56100 94.14900 -0.74021
C 84.66370 95.14400 -0.02630
C 89.85420 73.95440 2.02792
C 87.96260 73.97130 1.45865
C 85.20310 71.72670 1.09209
C 87.63960 76.53510 0.35891
C 88.23150 79.43990 -1.07904
C 85.02810 81.48020 -1.31867
C 85.15300 84.02430 -1.03037
C 83.10310 86.16740 -0.22862
C 80.80300 87.73710 0.96775
C 77.39920 87.40730 0.22462
C 74.64320 85.09480 2.06490
C -0.59578 74.33010 -0.89753
C 93.83060 74.45400 -0.07812
C 93.51500 76.76030 -1.96718
C 96.03060 80.96440 -1.14926
C 93.09260 81.07460 -1.24330
C 0.06340 83.86160 -1.23359
C 94.57930 83.78710 -1.41586
C 91.18420 83.62170 -1.63565
C 96.03170 86.51140 -1.27313
C 92.74500 86.39320 -1.35334
C 89.56190 85.93960 -1.66982
C 91.07960 88.85160 -1.34004
C 89.14190 91.57020 -0.96370
C 76.97980 91.14810 1.50954
C 74.01630 92.41580 2.17268
C 82.44250 93.14980 0.40338
C 79.29470 93.80670 0.91454
C 76.18940 94.54860 1.52587
C 84.81540 75.40280 1.23490
C 82.14630 73.64750 1.83088
C 79.42480 71.82720 2.24238
C 85.16970 78.39650 0.15405
C 82.18730 77.02690 1.23712
C 79.36850 75.45960 1.99798
C 76.60680 73.61590 2.61230
C 82.32890 80.03370 0.61267
C 79.43040 78.46750 1.45102
C 76.39200 77.05680 2.03950
C 82.32460 82.97460 0.13723
C 79.56330 81.63340 1.02298
C 76.64740 80.14900 1.62290
C 73.68770 78.85120 2.21178
C 79.94570 84.92950 0.81098
C 77.01130 83.44640 1.44064
C 73.82840 81.80500 2.05139
