2979
Frame 4
C 10.54450 -1.22570 -0.54672
C 11.81000 1.87370 0.00087
C 9.76088 4.56079 -1.01877
C 8.59345 7.67862 -0.51609
C 6.34887 9.56901 -1.34622
C 3.06590 9.99345 -1.16807
C -0.59640 9.01491 -1.80017
C 21.86020 1.22235 -0.93731
C 20.05500 5.35079 0.06425
C 22.62600 6.83081 -1.43684
C 22.53950 12.49110 -1.38806
C 17.07490 1.96121 -1.31991
C 14.15730 0.08631 0.00941
C 16.91800 5.35366 -1.55643
C 20.58550 9.83076 -1.42785
C 17.36700 8.68090 -1.58899
C 11.57280 5.54963 -0.90027
C 20.76370 13.54310 -1.48119
C 12.03990 8.98400 -1.19146
C 20.89810 16.72990 -1.34839
C 9.39565 11.06010 -1.34098
C 20.90180 20.06330 -1.23002
C 9.63971 14.17090 -1.35737
C 6.59245 12.55340 -1.53651
C 21.18950 23.43900 -1.30152
C 12.80850 18.77260 -1.23879
C 9.60844 17.36360 -1.11438
C 12.69800 22.42710 -0.42684
C 18.23190 0.13449 -1.37476
C 3.34255 12.09700 -1.33135
C 4.94310 15.07600 -1.19668
C 1.42274 14.80610 -1.32223
C 6.38418 17.51900 -1.17629
C 0.04108 17.78430 -1.64137
C 7.80674 20.19310 -1.42771
C 9.59077 22.82770 -1.14339
C 7.36544 -0.96312 -1.11497
C 8.54137 1.71850 -0.95508
C 5.31068 1.56835 -1.39913
C 2.11895 1.26359 -1.69606
C 6.63369 4.38969 -1.29619
C 3.35818 4.10586 -1.53146
C 0.22825 3.80390 -1.66451
C 4.70631 7.11021 -1.30143
C 1.63371 6.71021 -1.49393
C 14.34140 3.77409 -1.10110
C 14.40210 7.16957 -1.14796
C 17.87440 11.85430 -1.40143
C 14.87110 10.54630 -1.31282
C 17.99700 15.31750 -1.40006
C 15.21220 13.76090 -1.29417
C 12.35780 12.33360 -1.25707
C 18.21560 18.71610 -1.26028
C 15.35340 17.04760 -1.19024
C 12.53550 15.62040 -1.19975
C 18.27170 21.95370 -1.20674
C 15.49090 20.40030 -1.19643
C 3.20684 17.71030 -1.50970
C 4.82649 20.43070 -1.43311
C 1.74731 20.54850 -1.60590
C 6.51401 23.13920 -1.33079
C 3.35395 23.28450 -1.54026
C 0.18257 23.33930 -1.75775
H 11.88950 -0.25087 1.29487
H 9.75070 2.92197 0.81644
H 8.03016 5.47741 0.47592
H 6.28888 8.17716 0.35891
H -0.34995 7.20342 -0.07911
H 0.86583 10.13090 -0.00107
H 20.67280 2.90645 0.53753
H 22.43990 5.23459 0.45600
H 20.85850 7.80094 0.17446
H 22.46590 10.53950 0.15348
H 23.01860 16.27890 0.16029
H 17.99740 3.84539 0.24539
H 15.34660 2.15458 0.62411
H 18.05430 6.89807 0.10778
H 12.64540 4.06035 0.65210
H 12.64800 7.33606 0.67373
H 18.85640 13.56020 0.33150
H 10.15820 9.38394 0.35359
H 21.67760 18.69540 0.13711
H 18.99920 16.92080 0.30183
H 7.55398 11.17120 0.27065
H 21.83130 21.73360 0.43021
H 7.92950 14.20190 -0.11794
H 10.96140 18.81180 0.65534
H 7.97169 18.52260 0.39465
H 20.06620 -0.02750 0.25308
H -0.64088 13.32410 -1.34723
H 4.97787 13.10290 0.26327
H 1.84462 13.01650 0.50305
H 6.14672 15.99060 0.84815
H 4.71087 18.63690 0.16405
H 9.49739 21.24880 0.14861
H 6.39695 21.28960 0.22304
H 8.73397 -0.07474 0.72654
H 5.39665 -0.30103 0.18995
H 2.22483 -0.69584 -0.23458
H -0.91672 -1.18548 -0.43715
H 6.67871 2.58401 0.38903
H 3.48047 2.26318 0.05860
H 0.32725 1.86339 -0.15979
H 4.80781 5.14954 0.19430
H 1.62024 4.81194 0.05237
H 2.92930 7.83231 0.33336
H 15.35690 5.49085 0.39215
H 18.59310 10.00290 0.16321
H 15.65470 8.78480 0.22762
H 16.03800 12.05390 0.31203
H 13.05740 10.63170 0.40035
H 16.23100 15.31800 0.33773
H 13.38410 13.89920 0.38935
H 10.48720 12.50490 0.31162
H 19.04650 20.29510 0.44370
H 16.35850 18.66840 0.38799
H 13.54100 17.12920 0.47680
H 10.64950 15.71520 0.43069
H 16.43080 22.07430 0.43111
H 13.67210 20.32330 0.51414
H 3.05795 15.86930 0.13208
H -0.19419 16.08070 0.09720
H 1.58810 18.74230 -0.03439
H 3.24091 21.47230 0.05609
H 0.10615 21.55230 -0.17280
C 10.22070 -0.57961 2.72588
C 11.77900 2.18115 1.93045
C 9.64226 4.83738 2.29197
C 8.53213 7.75393 1.33070
C 6.06454 9.78788 1.83369
C 2.40334 9.76606 1.95630
C -1.06564 9.09481 1.36484
C 21.84620 0.95708 1.67539
C 21.81730 4.03136 2.55044
C 22.50180 7.12368 2.02588
C 22.51720 12.46440 1.83883
C 17.41960 2.02765 2.08298
C 14.27130 0.07070 1.88148
C 17.17550 5.51923 2.07191
C 20.59870 9.86318 1.75338
C 17.47600 8.60820 1.92439
C 11.62010 5.58610 2.23699
C 20.84900 13.70390 1.97930
C 11.89300 9.19865 2.14142
C 21.02530 16.81710 1.78655
C 9.32661 11.10450 1.96070
C 20.88930 20.17820 2.08503
C 9.51757 14.08520 1.89613
C 6.85807 12.92030 1.83496
C 21.22860 23.56230 1.94458
C 12.95680 18.71630 2.31893
C 9.35108 17.17290 1.98724
C 12.79170 22.43730 1.41887
C 18.12820 -0.10991 1.67323
C 3.46082 11.64540 1.75445
C 4.27133 14.73990 1.95911
C 1.35878 15.09970 1.79518
C 6.16089 17.68450 1.95988
C -0.18086 17.88810 1.46705
C 7.85820 20.42460 1.94850
C 9.38833 22.97790 2.04736
C 6.90813 -1.07776 1.96231
C 8.14030 1.80124 2.23695
C 5.01785 1.47823 1.80929
C 1.94025 1.01570 1.48211
C 6.40033 4.44802 1.99749
C 3.21729 4.03578 1.73178
C 0.06372 3.61356 1.50991
C 4.48696 7.08515 1.81564
C 1.26391 6.57797 1.72602
C 14.55260 3.97840 2.21362
C 14.50830 7.29277 1.94852
C 17.96520 11.76260 1.92138
C 15.01180 10.46870 1.92897
C 18.05020 15.30760 2.03272
C 15.29690 13.75460 1.98374
C 12.25960 12.38460 1.98952
C 18.21410 18.61110 2.03185
C 15.47230 16.99100 1.98676
C 12.50470 15.53970 2.05519
C 18.33650 22.02010 2.03375
C 15.61380 20.36270 2.06382
C 3.01825 17.77560 1.67717
C 4.68023 20.50650 1.73217
C 1.52756 20.61720 1.50169
C 6.31328 23.14730 1.80315
C 3.13144 23.28260 1.61992
C -0.02187 23.37570 1.37996
C 21.29790 26.65670 -1.76744
C 18.90170 28.44390 -1.55131
C 13.22340 25.82480 -1.32792
C 16.51610 30.54420 -1.42037
C 21.88940 29.60830 -1.72774
C 22.61010 32.71700 -2.10239
C 23.13090 35.97980 -2.75419
C 23.22590 45.40330 -2.73235
C 20.22040 44.44720 -1.84344
C 19.73990 32.24680 -0.93089
C 16.54580 32.69190 -1.50722
C 13.74140 32.16970 -1.36000
C 17.78790 35.84680 -1.60187
C 11.43440 34.34680 -1.13500
C 18.82840 38.88320 -1.32816
C 9.33312 36.94110 -1.43448
C 20.09150 41.35530 -1.58657
C 16.68160 41.17240 -1.59250
C 7.03609 39.15130 -1.36809
C 3.20436 39.22420 -1.44527
C 14.53780 43.52760 -1.63555
C 1.19369 42.60920 -1.23171
C 12.26890 45.86610 -1.68120
C 3.37425 44.50220 -1.82119
C 0.71162 46.98650 -1.59377
C 11.23260 25.55350 -1.11063
C 10.03520 28.55210 -1.20743
C 11.34160 31.37270 -1.45564
C 8.23767 31.15860 -1.43780
C 7.56111 34.30760 -0.82073
C 3.94953 34.34650 -1.66413
C 2.34894 37.22710 -1.56189
C -0.95961 36.79080 -1.82795
C 18.57820 25.17020 -1.36827
C 15.77900 23.85560 -1.24666
C 16.05710 27.23750 -1.48664
C 14.61400 35.23490 -1.27481
C 15.60650 38.18340 -1.38745
C 12.46950 37.51110 -1.32948
C 13.47400 40.50450 -1.44639
C 10.23650 39.91960 -1.41907
C 11.36820 42.89220 -1.52835
C 8.20577 42.34340 -1.52741
C 5.01769 41.87200 -1.61915
C 9.29435 45.40130 -1.50568
C 6.24804 44.90460 -1.54219
C 3.99453 47.48680 -1.45890
C 8.17206 25.83140 -1.22995
C 4.99322 25.96070 -1.41838
C 1.85501 26.09090 -1.65480
C 6.70651 28.57390 -1.37444
C 3.47600 28.71040 -1.57909
C 0.29086 28.89850 -1.75131
C 5.13607 31.33770 -1.58446
C 1.96381 31.49490 -1.69967
C 0.56190 34.29030 -1.71178
H -0.67894 42.85030 0.60911
H 22.17420 24.79970 -0.19581
H 19.68030 26.77400 0.11142
H 14.02880 24.26590 0.38452
H 17.14220 28.71820 0.19990
H 14.15600 27.47470 0.35888
H 14.51120 30.40810 0.29038
H 22.64800 27.90200 -0.10513
H 23.10410 31.09210 -0.15952
H 20.16510 29.91260 0.00138
H 22.45380 40.39000 -1.31472
H 23.23210 43.37160 -2.26730
H 21.11750 43.00990 0.01030
H 18.91590 45.42630 0.14286
H 18.14140 33.88510 -0.00190
H 15.05970 33.43160 0.31028
H 12.18970 32.63130 0.45917
H 19.31210 36.86570 0.28760
H 9.61164 35.18270 0.30910
H 20.00180 40.06270 0.62050
H 7.39909 37.58970 0.29213
H 18.07980 42.40710 -0.29039
H 5.07156 40.04780 0.19563
H 1.45657 40.40250 0.10103
H 15.99640 44.80500 0.16540
H 3.33404 42.78580 -0.07369
H 13.84780 47.23290 -0.01577
H 1.39806 44.98600 -0.28472
H 11.05650 23.85610 0.56144
H 8.00920 24.01140 0.34132
H 9.72185 26.70180 0.49315
H 11.54700 29.42030 0.25908
H 9.70566 32.06100 0.27166
H 6.66092 32.22660 0.08978
H 5.28237 35.18770 0.00766
H 2.14505 35.19330 -0.13572
H -1.13539 35.05480 -0.18258
H 0.46584 37.71220 -0.06552
H 19.29290 23.55560 0.35818
H 16.76590 25.58070 0.25249
H 21.82000 45.86400 -0.76881
H 16.13960 36.38230 0.24955
H 12.81350 35.73940 0.38921
H 17.00120 39.41990 0.22284
H 13.85890 38.76140 0.25537
H 10.70370 38.19250 0.28397
H 14.89730 41.79820 0.09957
H 11.70780 41.15830 0.14505
H 8.48603 40.58850 0.19709
H 12.81340 44.18980 0.01083
H 9.61439 43.56900 0.09991
H 6.44121 43.04580 0.05252
H 10.71980 46.60980 0.07458
H 7.58865 46.07160 0.10649
H 4.50948 45.62250 0.01375
H 4.85527 24.12150 0.13637
H 1.68940 24.24640 -0.08572
H 6.53763 26.80890 0.25462
H 3.34016 26.92790 0.06674
H 0.19678 27.04040 -0.17673
H 8.24459 29.42850 0.29905
H 5.03307 29.57270 0.08529
H 1.85975 29.68490 -0.07843
H 3.55062 32.43160 -0.07433
H 0.34149 32.42660 -0.15408
C 21.58420 26.55100 1.66082
C 19.06680 28.53270 1.75158
C 13.30890 25.86030 2.11671
C 16.62690 30.61570 1.81198
C 22.09680 29.62680 1.55678
C 22.15090 32.90740 1.15672
C 21.69060 36.06970 -0.05707
C 23.31060 44.18610 0.10893
C 20.56950 45.20220 1.23393
C 19.95020 32.19750 0.94290
C 16.87190 32.74940 1.82760
C 13.90540 32.17950 2.08698
C 18.09370 35.83510 1.80574
C 11.38410 34.40530 1.90599
C 18.83030 38.97770 1.91950
C 9.37091 36.97130 2.01547
C 19.64710 42.21560 1.87072
C 16.72600 41.36980 1.70913
C 7.03792 39.23770 1.82195
C 3.15374 39.06450 1.63531
C 14.68930 43.77460 1.67448
C 1.67439 42.02880 1.67796
C 12.35740 45.90940 1.74964
C 3.06102 44.51440 1.62073
C 0.82930 46.65760 1.68583
C 11.21410 25.64210 2.15450
C 9.75078 28.59420 2.06321
C 11.11710 31.22500 2.13039
C 8.05008 31.28720 1.86862
C 7.41067 34.30710 1.10217
C 3.82418 34.36010 1.54179
C 2.19990 37.08830 1.51324
C -1.14733 36.74410 1.49948
C 18.63890 25.37440 1.85188
C 15.84630 23.99130 1.95041
C 16.14830 27.27370 2.00417
C 14.71610 35.24080 1.90460
C 15.63790 38.20170 1.86468
C 12.45480 37.62110 1.94580
C 13.50760 40.66630 1.76716
C 10.26180 40.08820 1.84667
C 11.43140 43.02760 1.70103
C 8.13559 42.47590 1.75047
C 4.87947 41.80440 1.61101
C 9.31721 45.43550 1.69817
C 6.15164 44.89980 1.66332
C 4.04331 47.33150 1.69503
C 7.96540 25.82410 1.95569
C 4.81307 25.96100 1.72239
C 1.62204 26.05460 1.52240
C 6.49215 28.67950 1.79579
C 3.33076 28.76750 1.61596
C 0.11794 28.86430 1.40767
C 4.97216 31.43130 1.64010
C 1.91640 31.54310 1.49553
C 0.49804 34.29450 1.41363
C 18.50200 47.25510 -1.71518
C 15.25220 46.63210 -1.71687
C 13.28430 50.62020 -1.76750
C 15.37380 53.56730 -1.88305
C 12.27510 54.46350 -1.78985
C 16.88350 56.35000 -1.71118
C 18.91260 58.93350 -1.74396
C 20.80210 61.64240 -1.77900
C 22.68060 64.33480 -1.52478
C 17.56170 61.69880 -1.76684
C 15.23440 59.77000 -0.97545
C 11.92110 59.16860 -1.66681
C 10.09330 56.90150 -0.65221
C 20.80520 66.69530 -1.93617
C 18.38610 64.85240 -1.23530
C 9.16419 60.67190 -1.40511
C 20.97700 69.96010 -2.22562
C 9.59357 63.95200 -1.77885
C 9.79417 67.27920 -1.91607
C 7.25160 69.28530 -1.98914
C 11.49700 51.44980 -1.48418
C 5.14707 50.39300 -1.34875
C 1.78875 49.93330 -1.42396
C 9.32705 53.83290 -1.30852
C 6.33826 53.41180 -1.15302
C 3.14436 52.88400 -1.28095
C -0.14947 52.49450 -1.64675
C 4.44915 55.87470 -1.13269
C 6.73946 58.40670 -0.86067
C 5.35165 61.26680 -1.68739
C 7.55933 63.67290 -1.98611
C 6.19745 66.44840 -1.73181
C 5.20394 69.41890 -1.77426
C 21.59140 47.89140 -2.05080
C 19.95130 50.41620 -1.80703
C 16.70640 50.09590 -1.21155
C 21.76710 53.23220 -1.81508
C 18.47880 53.43710 -1.80271
C 20.31140 56.11780 -1.77279
C 22.21050 58.76570 -1.66924
C 15.19110 63.73350 -1.70980
C 12.31160 62.20700 -1.63944
C 18.13900 68.47130 -1.95447
C 15.43550 66.83820 -1.76997
C 12.50590 65.53510 -1.83979
C 15.59060 70.21980 -1.96703
C 12.78930 68.70890 -1.86065
C 10.17550 70.52680 -2.03039
C 10.37210 48.44950 -1.51999
C 7.23364 47.90330 -1.46160
C 8.27039 50.88550 -1.36476
C 0.98387 55.64600 -0.86962
C 3.16220 58.71690 -1.50337
C -0.05669 59.31880 -1.40215
C 2.02406 61.69080 -1.45640
C 4.02866 64.06210 -1.69698
C 0.85701 64.69620 -1.44341
C 3.03512 67.11210 -1.61971
C -0.14231 67.66520 -1.39919
C 1.95797 70.01330 -1.69043
H 0.13328 50.40860 -0.08123
H 16.96210 47.82510 -0.28730
H 15.05050 51.83370 -0.40530
H 14.00530 54.81690 0.08420
H 15.45900 57.50850 0.16023
H 20.57040 59.77740 -0.17027
H 17.45980 59.91680 -0.08773
H 22.31130 62.44570 -0.03114
H 12.50120 57.34900 0.12736
H 10.91720 54.80900 0.27056
H 20.94460 65.13000 0.01382
H 19.05920 62.65140 -0.41089
H 15.75710 61.99500 -0.11398
H 13.12770 60.50510 -0.01351
H 10.31740 59.20680 0.28168
H 21.85890 68.13980 -0.62411
H 10.39210 62.38510 -0.06853
H 10.61330 65.66040 -0.19326
H 7.95905 67.63330 -0.31297
H 8.33420 70.84400 -0.40395
H 11.78450 49.65980 0.12474
H 2.25868 47.99010 0.17515
H 9.74801 51.99070 0.24152
H 6.58099 51.47920 0.32393
H 3.37803 50.92160 0.27532
H 7.80582 54.41260 0.74289
H 4.55434 53.95070 0.49332
H 1.41811 53.36680 0.05926
H 5.98422 56.54350 0.96379
H 4.97604 59.40690 0.00591
H 7.12542 61.79400 -0.38300
H 5.98273 64.75500 -0.34190
H 4.82901 67.71450 -0.11575
H 3.78060 70.73310 -0.19670
H 23.33920 48.53560 -0.48418
H 20.08760 48.50320 -0.18911
H 21.69610 51.30100 -0.28508
H 18.48940 51.56410 -0.14002
H 20.19920 54.21560 -0.19768
H 16.99100 54.43950 -0.10648
H 21.94240 56.87020 -0.12042
H 18.69780 57.05600 -0.16139
H 18.97520 66.98750 -0.31260
H 16.28730 65.25770 -0.05941
H 13.28190 63.90740 -0.10210
H 19.28030 70.05110 -0.41987
H 16.32420 68.60070 -0.25466
H 13.53890 67.05430 -0.16557
H 13.74070 70.40100 -0.34405
H 10.86570 68.89170 -0.29122
H 8.67789 49.03350 0.15157
H 5.51730 48.52480 0.14979
H 2.91622 56.81870 0.14243
H -0.45418 57.43990 0.11630
H 1.77966 59.87550 0.20996
H 3.88265 62.35270 0.06234
H 0.72505 62.90050 0.20778
H 2.75205 65.31250 -0.02033
H -0.38752 65.89300 0.25247
H 1.70515 68.31900 0.04688
H 0.63806 71.27870 -0.05825
C 18.57920 47.58990 1.56453
C 15.40680 47.05830 1.58411
C 13.49200 50.79900 1.43615
C 15.58190 53.34210 1.61794
C 12.46370 53.92470 1.98540
C 16.86950 56.41760 1.48172
C 18.95560 58.88500 1.47176
C 20.47620 61.68960 1.37274
C 22.53310 64.27160 1.63707
C 17.64360 61.80420 1.41697
C 15.27730 59.86680 0.96743
C 12.22730 59.21680 1.91035
C 10.22820 56.91950 1.23672
C 20.72110 67.12290 1.39129
C 18.63500 64.81470 0.61974
C 9.44127 60.70350 1.61934
C 21.26860 70.08020 1.11190
C 9.47440 64.02210 1.43412
C 9.73404 67.41080 1.37887
C 7.36211 69.39730 1.31871
C 11.74870 51.76160 1.62148
C 5.09567 50.23040 1.85742
C 1.85586 49.76950 1.85201
C 9.25620 53.81510 1.83835
C 6.11598 53.08330 2.15678
C 2.96500 52.71630 1.91259
C -0.02111 52.23900 1.77360
C 3.80312 55.64180 2.16417
C 5.73693 58.26640 2.22885
C 5.50411 61.27870 1.55889
C 7.46210 63.61990 1.31913
C 6.42914 66.56240 1.29616
C 5.31120 69.54590 1.37870
C 21.79560 47.40290 1.07955
C 20.08940 50.41290 1.40641
C 16.66630 50.11550 0.65237
C 21.73100 53.11860 1.37721
C 18.55240 53.44860 1.51402
C 20.27210 56.02720 1.45132
C 22.01690 58.68560 1.50718
C 15.16210 63.70440 1.52465
C 12.26910 62.28440 1.51096
C 18.23620 68.62380 1.29490
C 15.45450 66.98370 1.45423
C 12.44030 65.57640 1.52364
C 15.55770 70.37940 1.30569
C 12.75790 68.84570 1.32265
C 10.20410 70.71870 1.24065
C 10.60070 48.56460 1.64707
C 7.25573 47.85420 1.73548
C 8.36770 50.79440 1.83217
C 0.92102 55.55800 1.01583
C 3.36062 58.64890 1.73242
C 0.06798 59.13160 1.86795
C 2.20683 61.76190 1.77365
C 4.35787 64.29100 1.49006
C 1.14788 64.72300 1.74499
C 3.20640 67.11790 1.55685
C 0.08196 67.73530 1.77843
C 2.11557 70.20230 1.56776
C 7.67659 91.20520 -1.55365
C 9.10511 93.83070 -0.84908
C 6.04034 93.92690 -1.62066
C 2.96204 92.87720 -1.77559
C -0.36645 92.73890 -2.48366
C 2.85501 75.32910 -2.06592
C 7.56580 77.30650 -2.18076
C 4.53265 77.96250 -2.39404
C 1.32450 78.12130 -2.28543
C 9.94716 85.73280 -4.85023
C 8.42578 89.29790 -1.91668
C 5.14127 89.42570 -2.05137
C 1.85951 89.81120 -2.22627
C 20.84370 80.85330 -1.80318
C 17.80350 81.88930 -1.84284
C 14.77560 83.65490 -2.41987
C 11.66370 85.29010 -3.79802
C 11.39980 88.22430 -1.92373
C 10.83340 91.18760 -0.56604
C 13.34370 93.29430 -1.34992
C 15.74190 95.31430 -1.20630
C 20.93540 95.86440 -1.39687
C 21.84090 73.32810 -1.89513
C 21.65910 77.24370 -1.46418
C 18.89530 78.23190 -1.96119
C 7.23043 72.37910 -2.01877
C 13.30200 78.49220 -2.45334
C 10.57100 76.89310 -2.74813
C 6.64226 75.38260 -1.56259
C 13.78870 81.81300 -2.58808
C 4.03291 72.51440 -1.89850
C 0.87107 72.95030 -1.88366
C 4.10607 -1.17549 -1.70450
C 0.87831 95.83050 -2.06180
C 6.18420 80.58830 -2.83902
C 2.91648 80.81690 -2.62406
C -0.11275 80.93390 -2.44599
C 7.50782 83.36860 -3.77317
C 4.37289 83.51680 -2.98440
C 1.42540 83.72520 -2.69013
C 6.49631 86.51470 -2.67509
C 3.16519 86.64780 -2.67630
C -0.08204 86.67020 -2.62264
C 20.27580 84.07430 -1.83824
C 17.35710 85.40000 -1.92584
C 14.40970 86.95250 -1.98734
C 19.77230 87.45250 -1.70590
C 16.84080 88.75970 -1.68917
C 13.88880 90.05630 -1.58909
C 22.25270 89.47010 -1.59114
C 19.27250 90.69480 -1.52426
C 16.26710 91.91700 -1.43769
C 21.82000 92.73890 -1.36044
C 18.71320 93.86570 -1.42374
C 18.52840 71.77160 -2.03887
C 18.83580 75.03610 -2.13675
C 15.85870 73.39050 -2.15567
C 12.95880 71.99300 -2.06879
C 16.06690 76.58240 -2.41069
C 13.23490 75.14440 -2.37735
C 10.18000 73.66940 -2.26327
C 16.49800 80.23030 -2.26574
H 8.71260 91.87650 0.52467
H 5.78442 91.98220 -0.18154
H 10.11570 94.62190 1.43045
H 4.09939 94.40850 -0.27075
H 0.99914 93.79010 -0.66236
H 4.57531 76.24940 -0.64064
H 1.33973 76.50060 -0.23207
H 6.29866 78.97020 -0.81681
H 7.77636 81.68020 -1.62148
H 9.38338 84.07390 -2.89982
H 6.69929 89.43480 -0.16762
H 3.46607 90.03450 -0.27702
H -0.21238 90.65350 -1.02860
H 20.51150 79.04370 -0.22391
H 19.69460 82.34430 -0.07572
H 16.63120 83.66200 -0.63539
H 13.72080 84.98780 -0.47020
H 11.01770 86.36520 -1.53282
H 9.86758 88.89100 0.04846
H 12.88510 91.37920 0.21379
H 15.26990 93.31910 0.28616
H 12.47610 94.52850 -0.26305
H 17.60300 95.56520 -0.09102
H 22.14350 71.26060 -0.41590
H 22.47440 75.16610 -0.12469
H 19.63100 76.49860 -0.35574
H 17.00670 78.24050 -0.82154
H 11.32020 75.39040 -0.84747
H 8.44515 74.00510 -0.61251
H 5.71801 73.31960 -0.32877
H 14.45520 80.13150 -0.69790
H 11.60550 78.60100 -0.91673
H 2.62918 73.67490 -0.27316
H 7.19346 94.64050 0.36497
H 3.04220 79.14470 -0.83071
H -0.12773 79.28240 -0.66759
H 4.66921 81.83510 -1.24263
H 1.54265 81.98460 -1.00965
H 6.28076 84.55340 -1.86930
H 3.09501 84.69640 -1.25290
H 0.01627 84.82760 -1.02168
H 4.77026 87.25210 -0.97732
H 1.54670 87.63100 -1.04747
H 22.75140 81.15960 -0.22194
H 22.16960 84.42670 -0.24699
H 19.19470 85.59500 -0.18837
H 16.20400 86.87340 -0.25385
H 13.22830 88.13310 -0.16827
H 21.62120 87.64240 -0.07969
H 18.65790 88.83570 -0.02658
H 15.69550 90.04930 0.03872
H 21.09140 90.83520 0.09911
H 18.12280 92.05260 0.19001
H 20.50390 94.13100 0.28053
H 19.70850 73.33380 -0.56681
H 16.63490 71.82080 -0.38071
H 16.86510 75.02290 -0.62619
H 13.99100 73.63370 -0.57533
H 11.09760 72.22780 -0.47872
H 14.19320 76.79400 -0.80857
C 6.87751 90.93430 1.76718
C 8.56748 93.69760 2.17885
C 5.41849 93.58630 1.60198
C 2.88256 92.35820 0.12425
C -0.60541 92.44650 0.83161
C 3.23774 75.48490 1.28162
C 8.28707 78.58810 0.77909
C 4.81043 78.32660 0.77791
C 1.48859 78.36220 1.02103
C 11.08040 82.73400 -1.54536
C 8.20221 87.92930 1.17202
C 4.61140 88.75520 1.01718
C 1.22604 89.44290 0.67379
C 20.95650 80.74940 1.43999
C 17.93330 82.28510 1.22438
C 14.77470 83.29980 1.14020
C 11.34610 84.14060 -0.10100
C 11.33310 87.10210 1.01200
C 10.71760 90.80620 1.32908
C 13.35040 93.18920 1.83904
C 16.35590 94.73630 1.94665
C 20.92880 95.70030 1.75830
C 21.70310 73.37020 1.06650
C 21.42450 77.17470 1.14309
C 18.62170 78.17850 1.09086
C 7.52313 72.56900 1.17278
C 13.06000 78.40570 0.80143
C 9.73255 77.18360 0.27712
C 6.68299 75.43860 0.33207
C 13.34990 81.74570 0.92380
C 4.15952 72.65880 1.36058
C 0.74973 73.35160 1.23244
C 3.74224 96.02870 1.51278
C 0.75716 95.43490 1.15985
C 6.60524 81.31210 0.29818
C 3.22417 81.15720 0.57922
C 0.02507 81.25440 0.73429
C 8.30033 84.08490 -0.51244
C 4.90605 83.94100 0.08700
C 1.63642 83.89450 0.49820
C 5.99400 85.69560 0.37465
C 2.97303 86.41660 0.47657
C -0.08728 86.68700 0.58575
C 20.38930 84.20520 1.48830
C 17.27310 85.23510 1.29205
C 14.39710 86.56540 1.41072
C 19.79660 87.30720 1.51309
C 16.81350 88.46390 1.53039
C 13.87580 89.66700 1.65179
C 22.23550 89.31940 1.63150
C 19.27650 90.47550 1.69290
C 16.26210 91.63430 1.77326
C 21.69370 92.55770 1.73894
C 18.43860 93.94090 1.67861
C 18.60850 71.83880 1.12991
C 18.63540 74.84920 1.10026
C 15.79750 73.59540 1.11027
C 12.93090 72.20850 1.12759
C 15.94170 76.72220 0.89306
C 13.05950 75.39470 0.89506
C 10.26400 74.05010 0.97683
C 16.01510 79.90990 0.90290
C 36.33020 0.51167 -1.07836
C 33.28560 0.21442 -1.12711
C 37.46770 3.39334 -1.23870
C 46.56730 9.85898 -1.62993
C 43.39630 9.36852 -1.74172
C 40.02530 8.99833 -1.69848
C 40.97940 12.28080 -1.17125
C 31.59620 1.15749 -1.58605
C 25.21390 1.11969 -1.18725
C 33.77680 3.41742 -0.59922
C 35.34540 6.11558 -1.28263
C 36.85830 8.96461 -1.53709
C 24.16360 9.56198 -1.43366
C 38.55320 11.82280 -1.72208
C 37.12190 14.75810 -1.72150
C 24.21510 15.32310 -1.32974
C 26.05000 17.94610 -1.33748
C 33.07190 20.43830 -2.27046
C 31.01630 20.50530 -1.62349
C 27.53290 20.82090 -1.24203
C 24.06700 21.19620 -0.38301
C 47.51030 11.70410 -1.54623
C 44.37050 12.59410 -0.79078
C 42.95370 15.16580 -2.01153
C 41.74860 18.09640 -1.47204
C 38.48770 19.43420 -1.14251
C 38.84210 22.51660 -1.13875
C 45.62490 1.36059 -1.37638
C 42.44350 0.98902 -1.14799
C 39.36530 0.72273 -1.05025
C 47.03640 4.21978 -1.61956
C 43.83130 3.92506 -1.42794
C 40.63360 3.63253 -1.25597
C 45.29780 6.84787 -1.62414
C 41.98430 6.48741 -1.50217
C 38.68000 6.23355 -1.39534
C 28.49360 1.06070 -1.26399
C 30.11400 3.88887 -1.36708
C 26.97670 3.88275 -1.26745
C 23.77650 3.92011 -1.11140
C 31.98380 6.44549 -1.33696
C 28.77500 6.69845 -1.30154
C 25.60420 6.76173 -1.27501
C 33.67240 9.11647 -1.46672
C 30.48630 9.35545 -1.36568
C 27.27720 9.49811 -1.36104
C 35.37980 11.80310 -1.64909
C 32.14230 11.92890 -1.52712
C 28.92150 12.14810 -1.45476
C 25.70700 12.38160 -1.42036
C 33.86610 14.67650 -1.72458
C 30.59980 14.76010 -1.61387
C 27.46050 15.04850 -1.46372
C 35.54760 17.51150 -1.91031
C 32.06270 17.36950 -1.90976
C 29.18770 17.74660 -1.57055
C 47.35420 14.78650 -1.31042
C 44.44550 16.33410 -1.27910
C 47.15120 18.02310 -1.05850
C 44.39190 19.63290 -1.01042
C 41.55700 21.01880 -0.99395
C 46.94460 21.15170 -0.84544
C 44.19000 22.62470 -0.76857
H 34.66120 1.40345 0.50868
H 39.00530 4.51750 0.32082
H 35.87910 4.32761 0.38463
H 46.85200 7.91078 -0.03881
H 40.29150 7.32601 0.08911
H 44.83730 10.39520 -0.04219
H 41.63960 10.14220 -0.26278
H 28.58950 -0.69854 0.65349
H 25.49820 -0.76231 0.36990
H 30.23010 2.01332 0.39387
H 23.68170 2.07602 0.48105
H 31.86880 4.79838 0.14422
H 37.04000 7.20430 0.16920
H 33.77000 7.35113 0.23833
H 38.50330 10.02790 -0.03102
H 36.95940 12.84030 -0.07331
H 24.23510 13.34200 0.27019
H 38.49060 15.49380 -0.46564
H 35.40440 15.67740 -0.13327
H 34.00610 18.57360 -0.86016
H 24.68320 18.89870 0.70276
H 32.77130 21.47300 0.05793
H 29.56840 21.45540 0.20871
H 26.44630 21.58770 0.55884
H 46.55430 13.06660 0.23313
H 43.57440 14.63740 0.32247
H 40.94770 16.33270 -0.85388
H 40.53540 19.30170 0.42392
H 37.64370 20.73190 0.43871
H 22.54380 -0.83713 0.18698
H 45.80470 -0.42714 0.24868
H 42.68650 -0.73756 0.56364
H 39.58310 -1.00704 0.63644
H 36.41790 -1.23075 0.66111
H 47.24340 2.45229 0.07423
H 44.01570 2.19037 0.27630
H 40.86850 1.90296 0.46009
H 37.75770 1.68728 0.49128
H 45.43800 5.03461 0.04939
H 42.22700 4.75291 0.21254
H 43.56190 7.59443 -0.02289
H 26.89160 2.04808 0.38693
H 28.59750 4.86674 0.32966
H 25.46750 4.93649 0.35900
H 30.44340 7.56485 0.29273
H 27.20970 7.71105 0.28400
H 24.06360 7.83229 0.27492
H 35.36320 10.05410 0.07182
H 32.18380 10.16610 0.16600
H 28.93130 10.36510 0.22447
H 25.71630 10.52380 0.20757
H 33.85230 12.85560 -0.06294
H 30.63490 12.99940 0.07651
H 27.42020 13.19310 0.14927
H 32.32040 15.70650 -0.14805
H 29.20430 15.90010 0.03568
H 26.03670 16.04710 0.24912
H 30.96740 18.63000 -0.12846
H 27.80980 18.74950 0.17186
H 46.31340 16.22600 0.36438
H 43.46040 17.82920 0.30514
H 46.15150 19.41570 0.67330
H 43.29310 20.92920 0.70449
H 40.48510 22.46290 0.69037
H 45.95980 22.55870 0.87156
C 36.31550 0.69665 2.17867
C 33.26020 0.38366 2.27098
C 37.53060 3.57712 2.04218
C 46.45660 9.75994 1.60983
C 43.24380 9.46936 1.51030
C 40.23250 9.27707 1.56108
C 40.98190 12.42810 0.83520
C 31.45380 1.24027 2.46600
C 25.30150 1.07824 2.01912
C 33.71810 3.54038 1.28003
C 35.42840 6.29870 1.81528
C 36.98140 9.15842 1.68027
C 24.09750 9.68888 1.86562
C 38.71960 12.00250 1.45999
C 37.28860 14.93390 1.35160
C 24.15890 15.39300 1.76312
C 26.19210 17.92530 1.91877
C 35.08260 20.56180 0.36807
C 31.42930 20.41860 1.59482
C 27.87950 20.56350 1.93176
C 24.02910 21.29510 1.48791
C 47.51910 11.48180 1.78212
C 44.37090 12.47310 1.11591
C 41.36970 14.52420 1.12611
C 41.32550 17.56970 1.53545
C 38.43420 19.33260 1.95243
C 38.53820 22.51080 2.19754
C 45.78560 1.46344 1.76873
C 42.60300 1.19635 2.01674
C 39.40140 0.92101 2.12885
C 47.17810 4.32656 1.63837
C 43.97050 4.09943 1.77695
C 40.73730 3.85537 1.92097
C 45.27060 6.93407 1.61484
C 42.02820 6.69903 1.66977
C 38.74100 6.45140 1.78400
C 28.45680 0.87207 1.98445
C 30.28050 4.05573 1.94518
C 27.02590 3.92547 2.00056
C 23.82880 3.93284 1.99871
C 32.06110 6.56709 1.87169
C 28.77750 6.76496 1.89449
C 25.59210 6.84300 1.89758
C 33.79110 9.26052 1.80043
C 30.54730 9.48412 1.82758
C 27.28810 9.58343 1.84632
C 35.42390 11.97540 1.60836
C 32.29510 12.09610 1.63531
C 29.00340 12.25130 1.75273
C 25.73980 12.43670 1.80283
C 33.87980 14.73510 1.49991
C 30.82940 14.89270 1.59143
C 27.65660 15.04740 1.74928
C 35.01000 17.61560 1.27151
C 32.83270 17.65920 1.15974
C 29.50770 17.75530 1.62210
C 47.33580 14.62650 1.92603
C 44.29070 16.05150 1.81965
C 47.13550 17.73090 2.13564
C 44.23910 19.21450 2.14976
C 41.39340 20.77190 2.22151
C 47.02210 20.97090 2.34178
C 44.09540 22.44820 2.40759
C 47.27610 30.22010 -0.33785
C 45.72430 33.27300 -1.27153
C 47.56460 36.20020 -1.67041
C 46.28970 38.92840 -1.85667
C 35.94910 23.73660 -1.35335
C 38.43230 26.14990 -0.62221
C 41.26230 27.39500 -0.80343
C 46.52290 27.25570 -0.72919
C 43.86530 29.14290 -0.76328
C 35.25530 25.74730 -1.54486
C 32.60230 23.83020 -0.98788
C 29.28190 23.37260 -1.52424
C 39.21150 30.02160 -1.18294
C 36.02800 28.81790 -1.51159
C 26.56980 25.44690 -1.74221
C 42.77280 34.84540 -1.88451
C 39.54920 33.55290 -1.52079
C 24.34750 27.67760 -1.84317
C 40.43120 37.25470 -0.39943
C 37.53030 38.23630 -1.84735
C 35.32210 40.34400 -1.91380
C 33.24680 42.60300 -1.99951
C 30.18890 41.26370 -2.44359
C 27.23180 40.78670 -1.79811
C 23.11270 39.33370 -2.93098
C 24.77980 42.57130 -3.37150
C 30.03170 44.55400 -2.39994
C 26.44620 45.01770 -2.64836
C 31.36200 47.80860 -2.10936
C 44.11220 36.46310 -1.58156
C 42.60020 39.29420 -1.53267
C 39.81140 40.77670 -1.72055
C 44.56510 41.65140 -2.13380
C 39.86630 44.08430 -2.01318
C 37.20960 45.64030 -2.37899
C 33.77730 45.99490 -1.26814
C 45.36930 44.55210 -1.78808
C 41.42960 24.12170 -0.85242
C 46.73550 24.25990 -0.66095
C 44.02580 25.68820 -0.68913
C 32.84680 27.71840 -1.73014
C 29.82190 26.69500 -1.93860
C 36.49950 31.94400 -1.62870
C 33.40250 30.89880 -1.74358
C 30.40100 29.79950 -1.86458
C 27.39530 28.76160 -1.92722
C 36.94190 35.07990 -1.80284
C 33.99020 33.93610 -1.81821
C 30.98800 32.90820 -1.94771
C 27.90340 31.85400 -1.99905
C 24.87170 30.84030 -1.89572
C 34.53790 37.06300 -1.90729
C 31.60320 36.01610 -2.03783
C 28.49070 35.01040 -2.20812
C 25.51560 34.03540 -2.19291
C 32.34190 39.24160 -2.08392
C 29.14860 38.13800 -2.24884
C 26.00750 37.42620 -2.37434
C 28.26600 47.56550 -2.10059
C 42.66160 42.51240 -1.82609
C 42.57190 45.97870 -1.95302
C 39.71670 47.43020 -2.04027
H 45.65240 31.95190 0.48160
H 47.46310 34.50650 0.09752
H 45.97800 37.24790 -0.10278
H 37.64500 24.05550 0.43640
H 40.41150 25.65020 0.69209
H 39.30490 28.20580 0.48409
H 45.70000 28.85210 0.91199
H 42.87090 30.42700 0.77672
H 36.34610 27.10770 0.21290
H 33.33920 26.01520 -0.01216
H 30.41030 24.82700 -0.32977
H 40.21190 31.87760 0.44834
H 37.10220 30.32840 0.15820
H 28.00150 27.03220 -0.26426
H 25.10420 25.77660 -0.10341
H 41.04760 34.85450 -0.14600
H 38.11170 36.48750 -0.18311
H 39.12920 39.36250 -0.18602
H 23.35230 34.28380 -0.69692
H 36.43720 41.45920 -0.23586
H 30.38300 39.49970 -0.61780
H 27.34300 38.58750 -0.53680
H 23.70500 37.40250 -1.18659
H 33.97310 43.72320 -0.13759
H 30.89870 42.71780 -0.89706
H 26.33270 42.96480 -1.28287
H 31.41550 45.73290 -0.74402
H 28.23350 45.61810 -0.98308
H 44.22410 34.71090 0.15441
H 42.80040 37.53590 0.15177
H 44.65540 40.01100 -0.40109
H 41.72080 41.12280 -0.14559
H 38.90210 42.65520 -0.15878
H 36.59360 44.07110 -1.83024
H 44.35540 43.04550 -0.12237
H 43.14740 24.06150 0.85697
H 45.77200 25.73500 0.99188
H 43.06830 27.33330 0.84302
H 34.01720 29.17840 -0.08089
H 30.93610 28.05790 -0.18961
H 37.54870 33.47040 -0.03115
H 34.59180 32.29470 -0.11802
H 31.52900 31.24540 -0.22107
H 28.56380 30.19200 -0.30963
H 25.59240 29.09940 -0.23756
H 35.10010 35.39540 -0.24123
H 32.09930 34.34830 -0.33162
H 29.06410 33.35170 -0.46332
H 26.05990 32.30980 -0.40632
H 35.64970 38.47780 -0.25639
H 32.66800 37.48090 -0.39438
H 29.67290 36.42000 -0.60927
H 26.45550 35.49660 -0.79344
H 33.31920 40.64650 -0.41749
H 24.90000 45.73730 -0.88000
H 41.66440 44.31230 -0.41506
H 38.84780 45.71890 -0.57370
H 35.94500 46.85420 -0.59993
H 44.37310 46.16800 -0.24817
H 41.51800 47.50300 -0.38417
C 47.37650 30.46860 1.57654
C 45.81510 33.62700 1.79615
C 47.66730 36.49630 1.51884
C 46.31650 39.25530 1.31224
C 35.67860 23.86170 1.92541
C 38.22220 26.23980 1.52369
C 41.02830 27.51380 2.14222
C 46.48080 27.35270 2.68184
C 43.74530 29.19610 2.43150
C 34.95440 25.87040 1.85400
C 32.49360 23.86250 0.85604
C 29.54730 23.24150 1.61951
C 38.89960 30.13260 1.95924
C 35.73670 28.93400 1.70925
C 26.69710 25.52800 1.42634
C 42.54260 33.02030 0.67167
C 39.50480 33.64400 1.56745
C 24.48280 27.79180 1.54719
C 40.89860 36.71090 1.46085
C 37.45240 38.29220 1.41652
C 35.11370 40.37820 1.30885
C 32.53950 42.49350 1.12062
C 29.45960 41.32960 0.67927
C 27.23010 40.97250 0.14565
C 22.34100 39.07410 0.36704
C 24.28590 41.91400 -0.43083
C 29.80620 44.43960 0.60857
C 26.51350 44.32350 0.41753
C 31.29580 47.23220 1.25454
C 44.42140 36.52890 1.72631
C 42.94490 39.61930 1.35314
C 39.76400 40.73880 1.37561
C 45.27390 41.48630 1.46850
C 39.71240 44.15340 1.11941
C 36.90660 44.92480 0.58771
C 34.02780 46.13790 0.74496
C 45.48130 44.63870 1.39957
C 41.22900 24.09670 2.35605
C 46.83970 24.14050 2.44991
C 43.87560 25.70290 2.47855
C 32.69500 27.81040 1.51856
C 29.79280 26.57310 1.41003
C 36.31470 32.13990 1.64544
C 33.27670 30.94920 1.46650
C 30.32140 29.83310 1.37016
C 27.44860 28.78430 1.38861
C 36.78010 35.23780 1.52215
C 33.83980 34.05880 1.35887
C 30.76230 33.05570 1.25767
C 27.90780 31.98330 1.20604
C 24.98300 30.90790 1.36339
C 34.37080 37.12220 1.30713
C 31.34290 36.15080 1.14266
C 28.22220 35.17160 0.93642
C 25.22540 34.18730 1.00068
C 32.06590 39.28310 1.15218
C 28.93180 38.21980 0.99534
C 25.47240 37.35760 0.64431
C 28.15070 47.10300 1.02209
C 42.44250 42.84660 1.38722
C 42.45450 45.92990 1.25702
C 39.64320 47.20380 1.13107
H 35.83140 60.22910 0.81681
H 33.17120 58.80740 0.62985
H 39.16220 63.58150 0.70496
H 36.09760 62.97650 0.44913
H 42.92480 68.10370 0.04629
H 39.94860 66.96080 0.63836
H 27.92700 62.79920 0.16729
H 43.41160 71.38900 0.51785
H 24.27390 65.28990 0.16822
H 25.62130 68.29230 -0.21827
H 26.69860 71.30710 -0.34454
H 33.16710 61.85860 0.49751
H 36.93710 65.98490 0.31265
H 33.75080 65.03780 0.33116
H 30.75910 63.87740 0.29019
H 40.48820 70.19700 0.46071
H 37.48410 69.15340 0.25067
H 34.41760 68.08340 0.26266
H 31.23090 67.01160 0.24498
H 27.96920 65.96460 0.14945
H 35.05630 71.25260 0.08871
H 31.98970 70.17050 0.13266
H 28.87100 69.08470 0.04324
C 45.93790 66.85500 -1.80608
C 47.48720 69.61190 -1.67019
C 33.37930 50.42310 -0.97765
C 34.92880 53.23220 -0.97987
C 33.03410 55.94840 -1.10827
C 29.86870 55.79100 -1.37027
C 29.13020 58.73940 -0.68960
C 26.91580 61.30840 -1.48082
C 23.92280 61.43250 -1.55553
C 35.30470 58.39380 -0.77226
C 37.98850 61.93710 -0.68082
C 34.95060 61.50590 -1.07800
C 32.26170 60.35180 -1.20600
C 41.96520 66.55100 -0.99121
C 38.95990 65.33320 -1.01317
C 29.75750 62.29820 -1.36385
C 42.42800 69.76670 -1.15158
C 26.36410 64.38400 -0.79521
C 24.15630 67.22930 -1.54342
C 24.45310 70.49140 -0.83545
C 36.67820 48.72790 -1.99280
C 36.30840 51.78690 -1.63820
C 35.95450 55.04630 -1.31544
C 38.53960 56.80170 -1.35297
C 40.73700 58.96170 -1.16485
C 46.59480 59.36430 -1.20941
C 40.96260 62.60880 -0.75681
C 45.61200 62.47240 -0.85538
C 43.94770 63.75070 -0.35769
C 24.98430 47.83240 -2.15053
C 29.86620 50.38840 -1.70335
C 26.64260 50.39640 -1.85446
C 23.34640 50.49570 -1.96947
C 31.50800 53.09950 -1.43235
C 28.26300 53.02210 -1.56263
C 25.05720 53.16660 -1.73687
C 26.74690 55.81690 -1.55044
C 23.56660 55.91940 -1.69049
C 25.42960 58.58950 -1.45218
C 35.59190 64.61420 -1.23693
C 32.64790 63.50370 -1.19579
C 39.44890 68.64950 -1.17271
C 36.26270 67.71940 -1.35277
C 33.13410 66.69590 -1.33167
C 29.96850 65.56840 -1.34129
C 36.96500 70.89770 -1.44274
C 33.86750 69.79090 -1.45692
C 30.79430 68.72510 -1.49000
C 27.62570 67.71890 -1.63660
C 31.52400 71.83130 -1.64390
C 28.57690 70.74490 -1.78778
C 45.26060 47.78360 -1.88679
C 42.36920 49.20550 -1.90356
C 39.35980 50.58040 -1.83876
C 44.90810 51.12350 -1.79924
C 42.00610 52.45710 -1.70372
C 38.94620 53.70170 -1.57275
C 44.51010 54.25340 -1.59421
C 41.50040 55.65080 -1.51204
C 47.12990 56.16450 -1.56160
C 43.99010 57.45820 -1.38615
C 43.38290 60.54170 -0.90009
H 45.94130 65.04260 -0.58285
H 47.59670 67.72130 -0.17373
H 45.63810 69.79380 -0.05228
H 32.98730 48.10090 -0.28956
H 31.30580 51.15000 0.13198
H 32.90650 53.94130 0.30894
H 31.24670 56.62220 0.62029
H 30.33430 60.63180 0.37929
H 26.99280 59.56500 0.20629
H 25.38820 62.36420 0.09973
H 35.62710 49.97500 -0.15550
H 47.21890 47.86300 -0.19808
H 38.22720 51.86210 -0.07037
H 37.86420 55.01820 0.22256
H 34.87180 56.33000 0.43299
H 37.51000 58.14050 0.64102
H 39.89180 60.63620 0.34988
H 45.39070 60.52050 0.56235
H 42.70170 62.09270 1.03974
H 29.78750 48.37610 -0.30309
H 26.60280 48.39370 -0.40357
H 28.16810 51.08810 -0.07597
H 24.96400 51.21660 -0.28230
H 29.77550 53.86220 0.15621
H 26.60350 53.91140 -0.00575
H 23.39920 54.02910 -0.16000
H 28.21010 56.66330 0.19114
H 25.11330 56.69120 0.05698
H 23.75120 59.58110 0.03488
H 38.54970 48.76960 -0.39460
H 44.20020 49.33170 -0.24343
H 41.23160 50.63010 -0.24384
H 46.81690 51.17170 -0.16175
H 43.83100 52.46490 -0.06703
H 40.82920 53.80230 -0.03541
H 46.42400 54.33600 -0.05021
H 43.35250 55.59830 0.10310
H 40.38360 56.93010 0.26361
H 45.90610 57.44000 0.18599
H 42.74850 58.77160 0.31581
C 45.25810 67.36880 0.22422
C 47.36520 69.31750 1.64888
C 33.43280 50.15680 0.93489
C 34.95130 53.03890 1.38693
C 33.14580 55.66950 2.02947
C 29.79690 55.67820 1.87285
C 29.08630 58.69760 1.19017
C 26.83240 61.23490 1.71073
C 23.78820 61.44450 1.63122
C 35.25670 58.13970 2.00101
C 37.83600 61.55710 1.28798
C 34.82170 61.94040 2.23960
C 32.09230 60.49290 2.21544
C 41.70280 66.63180 1.89085
C 38.62140 65.25630 2.08479
C 29.57260 62.44070 1.90030
C 42.36270 69.66990 1.97820
C 26.33720 64.35490 1.09254
C 24.21390 66.97880 1.56612
C 25.08130 70.15080 1.19806
C 36.73860 48.27850 1.20333
C 36.40720 51.44660 1.58143
C 36.06980 54.81270 1.87754
C 38.56360 56.69700 1.99151
C 40.69860 58.89090 1.77476
C 46.71960 58.98660 1.97617
C 40.76500 62.28070 2.19926
C 45.98180 62.09210 2.31887
C 44.20120 63.24810 2.67199
C 24.89480 47.30100 0.98689
C 29.66100 49.98710 1.53952
C 26.43810 50.11790 1.35399
C 23.32610 50.22720 1.24942
C 31.30630 52.94510 1.84460
C 28.11990 52.85130 1.60283
C 24.90760 52.95840 1.44578
C 26.59660 55.65410 1.71684
C 23.38200 55.78020 1.55086
C 25.26340 58.53070 1.65941
C 35.54050 64.78990 1.95236
C 32.49630 63.69720 1.95091
C 39.15340 68.87340 2.08956
C 36.24250 67.76370 1.87805
C 33.08290 66.80550 1.88999
C 29.81270 65.61330 1.78104
C 36.75500 70.95160 1.81507
C 33.80820 69.95170 1.75843
C 30.64240 68.90150 1.77062
C 27.39670 67.66600 1.57077
C 31.32340 72.04320 1.57568
C 28.27590 71.00130 1.48991
C 45.45460 47.78580 1.33460
C 42.31050 49.06130 1.31855
C 39.41270 50.21750 1.36001
C 44.99280 50.95090 1.48906
C 41.96530 52.23740 1.46995
C 39.06220 53.42840 1.64602
C 44.60700 54.09730 1.59547
C 41.53430 55.34300 1.73249
C 47.29300 55.96580 1.69023
C 44.02370 57.21830 1.79226
C 43.61810 60.10660 2.21940
H 41.12230 73.43680 0.25612
H 38.67450 75.48700 0.23532
H 36.18450 77.52660 0.17905
H 24.36070 73.01980 -1.30435
H 33.98490 79.56360 -0.70490
H 30.81780 78.61800 -0.60893
H 27.72810 77.55130 -0.86141
H 24.88550 76.14790 -1.68583
H 38.07210 72.31880 0.24718
H 35.65090 74.38420 0.05770
H 32.62350 73.34790 -0.08653
H 29.61150 72.26830 -0.15850
H 33.24110 76.50110 -0.32433
H 30.15810 75.46100 -0.42252
H 27.17660 74.37800 -0.62836
C 41.38950 89.82390 -0.70950
C 34.65410 90.30480 -0.27284
C 45.77860 93.20700 -1.26481
C 43.19110 92.25440 0.20831
C 39.86320 92.64550 -0.80275
C 36.77860 92.58130 -0.80140
C 33.75510 93.13290 -1.21782
C 31.16540 95.22750 -0.36680
C 45.25370 74.94590 -0.43185
C 42.19780 76.86830 -1.16975
C 39.52130 78.76840 -1.38104
C 36.85950 80.71470 -1.43468
C 36.70550 83.76810 -1.08390
C 36.97200 86.97360 -1.01120
C 40.09180 88.33810 -1.16883
C 44.86850 88.57930 -1.12216
C 44.93170 71.74680 -1.43993
C 27.09370 95.89890 -1.27294
C 23.72350 79.61570 -1.92605
C 29.71130 80.63270 -1.44031
C 26.29240 81.70840 -1.97481
C 32.39920 84.36160 -2.16353
C 31.15210 86.00720 -2.10578
C 33.73500 87.66600 -1.46368
C 31.02490 89.22770 -1.48583
C 30.44460 92.29460 -1.35560
C 27.52630 93.81080 -1.15037
C 43.03590 72.94920 -1.38018
C 40.69720 75.31220 -1.30760
C 38.11330 77.25270 -1.36956
C 26.24900 72.77100 -2.34661
C 35.58710 79.11350 -1.65476
C 29.49530 77.11600 -2.24432
C 26.46570 75.82400 -2.52474
C 44.21860 95.87890 -1.09586
C 41.19760 95.54140 -0.95989
C 38.06730 95.35610 -0.89173
C 34.80390 95.16130 -0.87574
C 45.11560 78.47720 -1.27597
C 42.48320 80.21970 -1.26856
C 39.74490 82.03020 -1.27884
C 45.26350 81.78600 -1.32593
C 42.50480 83.54880 -1.10330
C 39.67910 85.11570 -0.79639
C 45.24140 85.17560 -1.15972
C 42.45830 86.70010 -0.79889
C 23.27710 82.91840 -1.90704
C 28.63360 83.92680 -2.05219
C 25.66190 85.10980 -1.92293
C 22.72470 86.26790 -1.80245
C 28.23280 87.20600 -1.87741
C 25.19650 88.31720 -1.72015
C 27.84290 90.51310 -1.48385
C 24.96750 91.50960 -1.47956
C 24.09390 95.09630 -0.77119
C 39.92950 71.85160 -1.30867
C 37.58010 74.02400 -1.46472
C 34.54210 72.97160 -1.59531
C 35.25880 76.12660 -1.62854
C 32.10700 74.97710 -1.86796
C 29.17050 73.87400 -1.98918
C 32.56680 77.98210 -2.23442
H 39.96170 90.89520 1.16726
H 36.78040 90.77790 1.11835
H 44.60510 94.19550 0.65790
H 35.17730 93.45500 0.80925
H 32.11040 93.04760 0.26912
H 33.21260 96.02420 0.67481
H 44.13370 76.99020 0.61818
H 41.37650 78.63750 0.37911
H 38.71360 80.42220 0.20062
H 35.90410 81.82850 0.59065
H 47.15380 78.51160 0.39419
H 35.88670 85.05600 0.60490
H 35.32560 88.10440 0.40803
H 38.34980 88.38980 0.73520
H 43.77120 89.81290 0.34178
H 46.19930 91.62580 0.67131
H 46.33110 72.80340 0.28143
H 23.52800 78.02890 0.04946
H 25.83510 80.12270 -0.40759
H 28.16420 82.22080 -0.35798
H 30.52090 84.23040 -0.49564
H 33.04920 86.03950 -0.42853
H 32.62550 89.04920 0.32262
H 29.68660 90.49690 0.20935
H 26.67350 91.83540 0.37190
H 23.51670 92.84260 0.04385
H 29.37180 93.73680 0.32728
H 41.37440 93.82450 0.78898
H 38.28630 93.60560 0.83894
H 44.36410 80.19370 0.38122
H 41.59110 81.82390 0.40793
H 38.74760 83.56050 0.44062
H 47.20800 81.78470 0.22829
H 44.45710 83.40840 0.41324
H 41.69010 84.95530 0.75970
H 47.16830 85.08490 0.40693
H 44.45600 86.73910 0.58737
H 41.34470 88.00140 0.95712
H 46.92680 88.63980 0.41892
H 25.14590 83.28450 -0.36351
H 27.55330 85.38740 -0.35803
H 24.58150 86.49420 -0.20810
H 30.08490 87.32970 -0.28312
H 27.11040 88.56210 -0.13018
H 24.11340 89.71400 0.03403
C 42.09880 89.84890 2.37389
C 34.37910 90.14430 1.62702
C 46.37360 93.57600 2.24920
C 43.18890 92.85060 2.13425
C 39.91850 92.64400 2.52412
C 36.74070 92.56520 2.51692
C 33.55030 92.27880 2.10915
C 31.16550 94.96990 1.45905
C 45.15970 74.74200 1.43264
C 41.95090 76.81150 2.03031
C 39.30390 78.76010 1.89633
C 36.79700 80.68820 1.82834
C 36.88170 83.73900 2.20299
C 36.60810 87.07210 2.24386
C 39.70110 87.11460 2.55144
C 45.14770 88.55540 2.14757
C 45.40150 71.21390 1.96679
C 26.90180 95.60840 2.11899
C 23.85990 79.52530 1.38342
C 30.02460 80.81780 0.42657
C 26.28260 81.61260 1.19949
C 31.68130 82.24850 0.38975
C 31.18420 85.75010 1.26209
C 33.49290 87.26730 1.74593
C 30.66310 88.74580 1.67161
C 30.38560 91.94480 1.73470
C 27.61540 93.62880 1.97982
C 43.06050 73.37720 1.91715
C 40.49410 75.25900 1.93786
C 37.89640 77.19290 1.87717
C 25.71730 73.17140 0.92591
C 35.27640 79.36480 1.49047
C 29.16890 77.39440 0.93367
C 26.05140 76.16090 0.69564
C 44.50500 96.18230 2.08699
C 41.26830 95.79250 2.29475
C 38.10180 95.55450 2.32705
C 34.87470 95.29550 2.33101
C 45.06570 78.40450 2.08920
C 42.49820 80.15610 2.05109
C 39.70370 81.84010 1.97129
C 45.42500 81.75030 1.99368
C 42.69460 83.21400 2.15113
C 39.79100 85.00280 2.25434
C 45.37570 84.99660 2.08995
C 42.74000 86.51610 2.34582
C 23.39580 82.95000 1.33838
C 28.64820 83.72720 1.15364
C 25.76790 84.98610 1.29039
C 22.79790 86.14340 1.44863
C 28.28080 86.99800 1.35894
C 25.29810 88.12600 1.50736
C 27.61480 90.27690 1.69838
C 24.65630 91.44760 1.79017
C 23.94710 95.01960 1.19536
C 39.84420 72.06160 1.96509
C 37.33190 74.08470 1.82024
C 34.33530 73.03860 1.63858
C 34.83750 76.19010 1.55882
C 31.87690 75.23840 1.31039
C 28.79430 74.16580 1.19818
C 32.30160 78.40260 1.03949
C 53.41640 -1.08605 -1.60434
C 50.23430 -1.23508 -2.01371
C 47.19550 -1.19773 -1.58492
C 53.82730 4.72148 -1.63765
C 50.65230 4.72587 -1.47460
C 48.63510 7.20841 -1.74881
C 58.42320 1.00367 -1.64957
C 57.22440 4.17092 -1.75078
C 56.02820 7.05686 -1.81852
C 58.09980 9.54752 -1.88617
C 69.75050 9.98521 -2.52845
C 66.71550 10.81520 -2.33628
C 63.66000 11.78850 -1.51385
C 60.46900 11.92680 -2.21338
C 69.95530 13.63610 -2.14682
C 66.77680 12.86180 -2.01645
C 64.69590 15.48120 -1.99280
C 61.33710 15.07060 -1.88583
C 62.56230 17.95560 -1.71093
C 60.77870 20.61860 -1.72244
C 61.76430 23.25480 -1.70090
C 58.56510 23.17150 -1.41098
C 52.51890 7.92223 -0.92618
C 50.35960 10.11600 -1.60452
C 55.76680 10.27930 -1.75249
C 55.73350 13.54690 -1.43064
C 58.20170 15.33850 -1.44474
C 58.66890 18.45290 -0.84838
C 55.29570 19.99420 -1.20553
C 55.37350 23.34880 -0.61771
C 55.22540 1.67113 -1.68521
C 52.08400 1.87452 -1.80640
C 48.84140 1.66274 -1.61423
C 67.62200 -0.96740 -1.85219
C 64.52440 -0.28678 -1.71500
C 61.46170 0.36923 -1.62105
C 69.75350 1.33363 -1.96917
C 66.64820 2.05666 -1.91850
C 63.54930 2.79331 -1.82948
C 60.42780 3.44111 -1.77103
C 68.81850 4.45407 -2.04019
C 65.66810 5.13239 -2.04667
C 62.51370 5.83610 -1.94322
C 59.34900 6.51946 -1.90576
C 70.96620 6.91953 -1.97100
C 67.77960 7.50080 -2.27658
C 64.63970 8.18517 -2.28301
C 61.54150 8.98262 -2.03036
C 71.31030 16.67830 -1.90555
C 67.96020 16.04490 -1.97328
C 69.01860 19.02220 -1.99586
C 65.82550 18.45170 -1.86510
C 70.04710 22.12920 -2.10578
C 66.91230 21.41400 -1.93637
C 63.81180 20.78640 -1.70954
C 52.97230 11.81310 -1.52409
C 50.19120 13.40600 -1.40885
C 52.84240 15.06790 -1.32203
C 49.92640 16.52270 -1.17769
C 55.39090 16.74590 -1.32117
C 52.56420 18.26710 -1.19867
C 49.72440 19.68650 -1.00461
C 52.42900 21.43850 -1.08418
C 49.54160 22.85900 -0.89980
H 54.99180 -0.02757 0.05381
H 51.84550 -0.12724 -0.37743
H 53.69270 2.77290 -0.12908
H 52.32820 5.68377 0.22507
H 50.13960 7.98549 -0.36112
H 58.09240 -0.65305 0.10117
H 57.03790 2.34051 -0.17164
H 55.72470 5.25276 -0.07923
H 57.90320 7.68388 -0.28304
H 54.86050 8.52968 -0.33324
H 69.62700 8.17232 -0.65880
H 66.43870 8.93379 -0.56896
H 63.25820 9.49352 -0.65070
H 59.99940 10.17800 -0.30210
H 70.26070 11.82000 -0.96579
H 71.32530 14.77860 -0.33578
H 68.20020 14.17420 -0.38941
H 65.02360 13.61220 -0.41471
H 63.02040 16.02070 -0.24273
H 60.95250 18.79710 -0.06125
H 59.40390 21.41050 0.15078
H 52.16890 10.15210 0.09965
H 49.34770 11.61470 0.10196
H 54.87760 11.82050 0.10719
H 57.56500 13.67520 0.49433
H 60.02470 15.71540 0.24287
H 57.24390 16.81820 0.28514
H 57.04220 20.09390 0.25644
H 54.25100 21.48590 0.56069
H 51.46980 22.99210 0.59146
H 48.90700 -0.28180 -0.11216
H 50.47420 2.67889 -0.08456
H 48.65320 5.27765 -0.10151
H 69.43590 -0.41749 -0.29463
H 66.35500 0.33585 -0.22315
H 63.24850 1.04553 -0.13378
H 60.15330 1.70537 -0.08055
H 68.45520 2.68697 -0.39208
H 65.35640 3.41514 -0.32297
H 62.22100 4.10462 -0.23533
H 59.07600 4.74144 -0.20296
H 70.58340 5.00396 -0.41784
H 67.46460 5.80048 -0.49777
H 64.36040 6.49582 -0.45070
H 61.15930 7.13840 -0.33965
H 61.61570 13.07910 -0.74262
H 69.41800 17.21870 -0.33553
H 66.20020 16.57100 -0.33724
H 70.49200 20.32110 -0.48781
H 67.33330 19.62980 -0.31954
H 64.16540 18.98350 -0.14547
H 68.34670 22.69900 -0.46460
H 65.28730 22.03090 -0.25445
H 62.24290 21.55840 -0.06605
H 52.03390 13.31860 0.20410
H 49.16690 14.78020 0.34210
H 54.68150 15.00610 0.27245
H 51.81940 16.51000 0.35439
H 48.98170 17.95450 0.55132
H 54.45520 18.23700 0.38477
H 51.63180 19.72490 0.50790
H 48.81330 21.15890 0.69808
C 53.19050 -0.26854 1.68056
C 50.53140 95.72960 1.06043
C 47.57810 -1.07830 1.79055
C 53.86210 4.65065 1.56826
C 50.42160 4.58797 1.53336
C 48.63240 7.20232 1.48843
C 58.40960 1.25466 1.54841
C 57.34940 4.16750 1.44676
C 56.08680 6.97718 1.31562
C 58.00750 9.56881 1.25575
C 70.19070 10.09770 0.85815
C 67.00540 10.83360 1.14960
C 63.51660 11.77480 0.35470
C 59.72120 12.13500 0.78277
C 69.94820 13.24430 1.08080
C 66.75860 12.87400 1.21951
C 64.80600 15.39420 1.34754
C 61.53350 14.68460 1.32962
C 62.67090 17.81190 1.41149
C 61.05880 20.48000 1.72605
C 61.91170 23.31770 1.53749
C 58.73550 23.29400 1.65841
C 52.88960 8.01174 1.08769
C 50.17690 9.71463 1.47418
C 55.92340 10.00340 1.41707
C 55.84870 13.45760 1.87294
C 58.37690 15.58290 2.12165
C 58.81650 18.46800 1.09622
C 55.57940 19.84130 1.98014
C 55.49950 23.49050 1.26033
C 55.33800 1.91575 1.50173
C 52.22660 1.61014 1.39040
C 48.97020 1.54438 1.53200
C 67.71170 -0.91687 1.37025
C 64.64230 -0.15439 1.46392
C 61.55250 0.55444 1.54082
C 69.82670 1.43613 1.22278
C 66.73810 2.21770 1.29305
C 63.65550 2.93287 1.37855
C 60.52100 3.59569 1.42598
C 68.77820 4.55760 1.16953
C 65.74790 5.30857 1.19169
C 62.65930 6.00340 1.25837
C 59.41990 6.62569 1.34435
C 70.85570 6.86627 1.16760
C 67.89550 7.62051 1.11483
C 64.63280 8.38529 1.16355
C 61.42700 9.18714 1.11383
C 71.16410 16.54250 1.35129
C 67.98520 15.93860 1.27914
C 69.18360 19.09630 1.22658
C 66.01950 18.35810 1.33313
C 70.15590 22.19970 1.08957
C 67.11680 21.49780 1.24418
C 64.00370 20.83040 1.40266
C 53.01780 11.70650 1.79248
C 50.22280 13.14370 1.83716
C 52.85570 14.89240 1.87936
C 50.01760 16.31280 2.02205
C 55.46800 16.61920 1.94424
C 52.63470 18.08290 2.01498
C 49.86030 19.52280 2.18631
C 52.65170 21.33890 2.10167
C 49.73990 22.71850 2.32257
C 71.89050 28.57890 -2.50204
C 61.63360 26.20450 -0.67165
C 69.41440 30.72070 -2.79282
C 66.15370 29.28760 -2.81624
C 62.88690 28.87460 -2.30878
C 57.60310 26.37320 -1.71448
C 54.56710 27.07660 -1.51855
C 51.65510 27.56040 -1.34908
C 59.70400 28.83780 -1.93537
C 50.32250 30.57640 -1.38243
C 61.41800 31.64300 -2.49608
C 63.18690 34.06530 -3.37701
C 62.76110 37.68150 -2.60713
C 61.58690 40.78080 -2.05318
C 47.76070 42.31570 -1.24914
C 59.74280 43.50560 -2.52562
C 56.47630 43.78940 -2.42444
C 50.06970 44.88750 -2.06146
C 55.97380 47.03090 -1.81380
C 52.33200 47.27240 -2.07771
C 49.22790 25.88930 -0.85402
C 69.36490 32.97400 -2.48419
C 66.68820 32.67350 -3.07496
C 67.40700 35.74890 -2.30700
C 66.13090 38.39890 -2.20626
C 64.77870 41.16210 -2.34305
C 63.04720 43.91300 -2.45685
C 61.04800 46.52150 -2.37545
C 48.17440 46.00860 -1.82964
C 70.94750 25.21470 -2.35015
C 67.76110 24.37650 -2.12734
C 64.71660 23.74980 -1.84074
C 68.59120 27.43050 -2.46205
C 65.27320 26.59910 -2.06030
C 56.55130 29.50090 -1.76096
C 53.40630 30.13020 -1.57801
C 58.29530 32.08280 -2.20355
C 55.22630 32.65020 -1.92744
C 52.13640 33.12770 -1.69629
C 48.95500 33.40570 -1.53012
C 60.05620 34.68870 -2.75706
C 57.03230 35.24730 -2.32802
C 53.97210 35.64910 -2.00981
C 50.80700 36.02350 -1.83266
C 58.99190 37.91980 -2.63969
C 55.81780 38.27630 -2.24936
C 52.60810 38.68030 -2.05658
C 49.43400 38.94010 -1.95406
C 57.78680 40.88510 -2.43371
C 54.55080 41.21250 -2.25477
C 51.25070 41.73080 -2.07064
C 53.29180 44.19840 -2.28726
C 52.26530 24.66150 -1.06136
C 70.81240 35.49250 -2.25506
C 69.31920 38.39500 -2.21675
C 71.08200 40.99560 -2.15213
C 67.84080 41.11180 -2.19280
C 69.53860 43.75970 -2.21890
C 66.33430 43.93480 -2.29061
C 71.21440 46.36490 -2.22310
C 67.95040 46.71290 -2.26360
C 64.56310 46.75330 -2.37896
H 63.16360 24.44440 -0.16116
H 60.28910 24.26570 -0.01917
H 69.86730 28.94390 -1.10475
H 63.72060 27.52430 -0.39991
H 67.34900 30.93060 -1.65787
H 64.58950 30.31310 -1.18447
H 57.32550 24.72350 0.13975
H 54.22730 25.38920 0.21951
H 59.54880 27.35810 -0.37274
H 53.35910 28.42260 0.15849
H 50.23380 29.02110 0.04379
H 61.53680 30.06110 -0.59539
H 48.96590 31.80740 0.30805
H 63.21700 32.76980 -1.13562
H 62.07300 35.58050 -1.64162
H 60.70860 38.57060 -1.51671
H 47.95050 39.99260 -0.29867
H 59.54650 41.66000 -0.86298
H 50.06100 42.88980 -0.65923
H 58.22740 44.50490 -0.59417
H 55.09360 44.92320 -0.74118
H 52.00300 45.37930 -0.42961
H 51.15780 26.12280 0.52773
H 48.36420 27.34400 1.04736
H 70.69560 33.65420 -0.57386
H 67.58800 33.75260 -1.05473
H 65.15310 34.58340 -2.58597
H 65.95930 36.60870 -0.42040
H 64.61610 39.42680 -0.57131
H 63.17750 42.14290 -0.76748
H 61.27080 44.53320 -0.83794
H 47.20310 44.48990 -0.13279
H 71.36450 23.54480 -0.58676
H 69.18240 25.76720 -0.76737
H 66.16930 25.04940 -0.41096
H 66.83080 28.00540 -0.88377
H 56.41800 27.76500 0.00950
H 58.39320 30.38520 -0.39356
H 55.28410 30.90720 -0.18930
H 52.13700 31.44080 0.06208
H 60.16890 33.03260 -0.91466
H 57.09400 33.49060 -0.60735
H 53.93310 33.93420 -0.27843
H 50.72690 34.32930 -0.08437
H 58.95180 36.02500 -0.99102
H 55.82170 36.47520 -0.58725
H 52.59300 36.87370 -0.36897
H 49.32380 37.16240 -0.20434
H 57.67140 39.03630 -0.78381
H 54.43260 39.42590 -0.57398
H 51.18320 39.81650 -0.37592
H 56.35230 41.95210 -0.74537
H 53.17280 42.38550 -0.57893
H 48.62880 24.28090 0.83503
H 69.15470 36.44390 -0.76607
H 70.95190 39.14010 -0.59879
H 67.72620 39.28750 -0.59891
H 69.48060 41.93810 -0.58646
H 66.25800 42.11290 -0.66080
H 71.20630 44.55260 -0.60378
H 67.94330 44.78670 -0.64674
H 64.63230 44.85790 -0.79744
C 71.57630 28.60670 0.72897
C 62.32830 26.35230 1.07946
C 68.74020 30.72910 0.23652
C 66.53190 30.00080 0.36000
C 63.44250 29.59100 0.91684
C 58.01280 26.65140 1.56711
C 54.75760 27.22650 1.77066
C 51.67050 28.05390 1.85210
C 59.99500 29.32510 1.21201
C 50.56660 30.77190 1.79937
C 61.74530 32.12900 0.77361
C 64.08120 34.95470 -0.29332
C 62.91950 37.74620 -0.71472
C 61.55260 40.45350 -0.12394
C 47.98080 42.30690 0.62809
C 59.98910 43.32250 0.94328
C 56.86820 43.88920 0.77468
C 50.39880 44.69130 1.13639
C 56.20800 46.96040 0.03625
C 52.66520 47.33450 1.05779
C 49.71680 25.72290 2.44155
C 68.85530 32.77410 0.74046
C 65.62170 32.50160 -1.24864
C 67.38600 35.46820 0.69185
C 66.17070 38.54070 1.14266
C 64.66390 41.31250 1.01319
C 63.02170 43.98100 0.85283
C 61.00720 46.48920 0.72365
C 48.52640 46.01970 1.24211
C 70.94850 25.44640 0.87717
C 68.06670 24.56580 1.03489
C 64.97620 23.87150 1.30709
C 68.66940 27.65870 0.64469
C 65.70270 26.97470 0.98737
C 56.80690 29.75270 1.41041
C 53.69340 30.35450 1.60526
C 58.70150 32.44350 0.95128
C 55.59620 32.92880 1.22180
C 52.34560 33.38040 1.49822
C 49.14030 33.75060 1.73915
C 60.81180 35.05740 0.36620
C 57.49030 35.42680 0.87838
C 54.24170 35.89240 1.18907
C 50.99140 36.26770 1.40115
C 59.50670 37.95730 0.49581
C 56.04480 38.37980 0.95813
C 52.80880 38.79930 1.19089
C 49.54850 39.09780 1.37144
C 57.91450 40.86700 0.84611
C 54.72280 41.29910 0.99438
C 51.44060 41.79170 1.08806
C 53.69210 44.18840 1.08978
C 52.56590 24.74180 1.93383
C 70.65530 35.55610 0.95876
C 69.27450 38.22080 0.91872
C 70.99820 40.93910 1.03852
C 67.78320 41.14120 0.95535
C 69.47840 43.80530 0.98058
C 66.23230 43.99060 0.88906
C 71.31140 46.42590 0.95927
C 67.96170 46.69370 0.93680
C 64.64740 46.79020 0.74502
C 51.93600 61.31940 -1.51064
C 48.79590 61.51700 -1.22812
C 57.84370 65.13330 -0.81885
C 54.31910 64.23000 -1.27579
C 47.96040 64.00540 -1.51590
C 59.00370 68.16590 -1.33989
C 62.98550 71.76870 -1.51461
C 59.96860 71.21880 -1.36745
C 65.99120 49.89590 -1.66851
C 62.49180 49.27530 -2.26016
C 71.51760 51.62720 -2.53012
C 68.18140 52.61060 -1.79253
C 71.69080 54.87500 -1.49789
C 71.92330 69.62700 -1.69370
C 50.61260 48.41560 -2.27856
C 51.25970 51.72460 -1.18521
C 50.06720 55.01520 -1.58767
C 50.02860 58.32370 -1.13660
C 59.48950 48.33540 -2.40830
C 63.13360 52.18230 -2.15352
C 60.10110 51.52860 -2.03652
C 57.09020 50.65310 -2.24279
C 70.15810 56.38980 -1.16512
C 67.22250 55.45130 -0.45445
C 64.22160 55.24370 -1.56113
C 54.66520 53.14710 -2.04785
C 71.36870 60.04150 -1.34099
C 52.16610 55.30160 -1.58462
C 56.49850 59.23830 -1.60012
C 53.44890 58.57950 -1.45681
C 60.72220 62.83380 -1.35435
C 57.65850 62.13600 -1.55954
C 70.71420 68.12160 -1.38627
C 61.41620 65.88250 -1.29871
C 68.88120 70.81480 -1.27547
C 65.36700 69.74950 -1.31926
C 62.20010 68.87270 -1.29337
C 51.02030 64.17400 -1.26519
C 55.56900 67.55670 -1.41550
C 52.47930 67.17540 -1.41568
C 49.33920 66.87080 -1.58628
C 56.78970 70.65690 -1.39081
C 53.62590 70.24430 -1.38962
C 50.43720 69.91240 -1.42983
C 69.74420 49.18010 -2.37931
C 47.75560 49.69120 -1.96792
C 47.62320 52.94010 -1.71624
C 53.85390 50.01860 -2.10950
C 61.08170 54.58290 -1.79655
C 57.89520 53.78740 -1.91877
C 68.16700 58.83400 -1.18908
C 65.09580 58.28910 -1.36682
C 61.99230 57.55370 -1.51652
C 58.84610 56.86250 -1.73320
C 55.45420 56.18040 -1.78100
C 68.94070 62.20220 -1.27618
C 65.94390 61.34570 -1.27202
C 62.86240 60.57560 -1.34616
C 59.83860 59.83700 -1.45508
C 69.94340 65.21140 -1.17326
C 66.78650 64.43110 -1.19528
C 63.69450 63.66460 -1.25718
C 67.67860 67.55450 -1.21647
C 64.51360 66.68940 -1.23371
H 71.79100 56.68340 0.49639
H 53.42280 62.12010 -0.22996
H 50.50830 62.31670 0.27386
H 47.56240 62.66540 0.52788
H 59.63740 66.41910 0.30885
H 55.65860 65.89020 -0.06900
H 60.39960 69.44810 0.25835
H 54.21630 48.39080 -0.67913
H 62.75510 47.33710 -0.76297
H 68.33530 50.28110 -0.94187
H 63.82080 50.43960 -0.47092
H 70.60150 52.75380 -0.86255
H 49.80020 49.86980 -0.34293
H 49.46520 53.14300 -0.02043
H 48.95250 56.41810 0.19476
H 48.53040 59.62800 0.40195
H 60.66530 49.62910 -0.62321
H 57.50780 48.80990 -0.94467
H 64.60740 53.53360 -0.51441
H 61.49490 52.67340 -0.33712
H 55.38020 51.29860 -0.53805
H 68.57580 57.26490 0.70466
H 65.40780 56.50330 0.22664
H 52.93670 53.37660 -0.32656
H 69.45840 60.31330 0.35133
H 53.75890 56.55180 0.09134
H 70.18330 63.34150 0.50992
H 54.92530 59.60540 0.41271
H 51.81040 59.41560 0.22216
H 71.21790 66.29480 0.44750
H 58.95230 63.26620 0.24930
H 55.99540 62.62130 -0.27056
H 68.91440 68.77810 0.17698
H 62.71000 67.14860 0.33623
H 66.81480 71.17570 0.42138
H 63.54920 70.17030 0.26347
H 52.46110 65.21980 0.08450
H 49.24480 65.17980 0.14476
H 57.15500 68.78980 0.20353
H 53.86760 68.41530 0.24717
H 50.73690 68.02910 0.08747
H 55.07350 71.33130 0.24987
H 51.92250 70.96160 0.22077
H 48.73740 70.63060 0.18904
H 69.70970 47.40890 -0.60071
H 66.41780 47.56360 -0.85760
H 71.53720 49.81040 -0.78373
H 58.29960 51.86970 -0.39647
H 62.33520 55.69660 -0.02302
H 59.24240 54.94350 -0.25121
H 56.08800 54.26980 -0.32519
H 66.35530 59.54010 0.35284
H 63.27030 58.75330 0.19335
H 60.15780 57.95790 0.04519
H 56.97370 57.27140 -0.19462
H 67.18570 62.62410 0.37842
H 64.14210 61.83080 0.28349
H 61.08870 61.04110 0.27169
H 57.97430 60.25410 0.06155
H 68.08370 65.71510 0.43711
H 64.98650 64.92970 0.37270
H 61.92230 64.13380 0.31755
H 65.79470 68.01030 0.36163
C 52.14130 61.30060 1.78845
C 49.03970 61.43280 2.01614
C 57.68810 65.14020 1.12479
C 54.39900 64.07340 1.06747
C 47.24160 64.85820 1.49518
C 58.93300 68.23370 1.85097
C 62.93960 71.82530 1.95973
C 59.94540 71.29130 1.81036
C 66.15460 49.84250 0.17060
C 62.55220 49.18910 0.95831
C 70.99510 51.27000 1.15216
C 68.21430 52.55740 0.09273
C 72.38090 54.25070 0.35755
C 72.04010 69.49100 2.18249
C 50.91760 48.41960 1.40200
C 51.33630 51.67270 0.67851
C 50.26340 54.80040 1.66789
C 50.16230 58.13180 1.62274
C 59.42810 47.97170 0.60096
C 63.29120 52.16310 1.30208
C 60.11910 51.24630 1.13011
C 56.99800 50.22850 0.98838
C 70.47300 56.35700 2.17531
C 67.28990 55.44370 1.51036
C 64.03450 55.05180 1.59822
C 54.79780 52.86160 1.27366
C 71.29390 59.94170 2.09454
C 52.33850 54.91560 1.51908
C 56.45680 58.99760 1.57433
C 53.29390 58.25760 1.89885
C 60.66070 62.79720 1.91037
C 57.45270 61.99000 1.69235
C 70.55880 68.28480 1.99715
C 61.39680 65.87240 1.94674
C 68.67220 70.88890 1.65170
C 65.25670 69.75350 2.00814
C 62.18100 68.93370 1.86876
C 50.82670 64.28290 1.72680
C 55.63640 67.53300 1.77619
C 52.35110 67.12740 1.70621
C 49.09480 67.11390 1.60319
C 56.81990 70.64300 1.83810
C 53.60090 70.24610 1.87964
C 50.44530 69.82330 1.76339
C 69.70580 49.42270 0.86587
C 47.99970 49.67980 1.49749
C 47.76860 52.84560 1.49720
C 54.85440 49.73180 1.33426
C 60.93590 54.31230 1.40404
C 57.84730 53.59270 1.27685
C 68.09750 58.86070 2.03745
C 64.96020 58.23240 1.87587
C 61.89150 57.37830 1.66111
C 58.68810 56.62030 1.45629
C 55.51840 55.98780 1.42859
C 68.85140 62.09730 2.09783
C 65.85990 61.32900 1.94135
C 62.86260 60.47650 1.84568
C 59.67470 59.67560 1.70336
C 69.94600 65.29280 2.08555
C 66.75370 64.41430 1.98212
C 63.67910 63.57270 1.90882
C 67.61490 67.59670 1.93830
C 64.47180 66.70070 1.95238
C 69.67120 87.33430 -2.11515
C 67.59740 87.69330 -1.86263
C 64.39010 88.41090 -1.49407
C 61.36440 89.34480 -1.78709
C 60.22850 92.36660 -1.39160
C 57.20310 93.22710 -1.31767
C 56.39830 96.19650 -1.50002
C 47.78830 76.76140 -1.44064
C 51.19910 78.36740 -1.43183
C 53.87920 80.55090 -1.56181
C 59.12800 84.82960 -1.94791
C 47.87950 90.54710 -0.85948
C 59.20720 87.09360 -1.74585
C 55.81680 88.44470 -1.61713
C 50.65820 91.85860 -1.02745
C 56.12800 91.57160 -1.59867
C 53.81120 93.65850 -0.45344
C 64.22570 74.89740 -1.56363
C 48.26380 72.60610 -1.23637
C 62.30790 77.25530 -1.56880
C 52.64690 75.57280 -1.40396
C 49.43190 75.53710 -1.12987
C 63.49790 80.36350 -1.72902
C 60.24540 79.60530 -1.61190
C 56.78540 79.06880 -1.49017
C 53.41390 78.51190 -1.52054
C 65.16410 83.07170 -1.33291
C 61.49700 82.69780 -1.58221
C 62.25890 85.88170 -0.89883
C 71.64410 72.74540 -1.44396
C 68.94010 74.27400 -1.67105
C 68.53140 77.84240 -1.14056
C 66.02010 75.78210 -1.63193
C 69.03920 80.89940 -1.61464
C 68.73860 84.28310 -1.29656
C 69.48790 90.32650 -1.76233
C 66.44100 91.13570 -1.77740
C 63.34230 91.90460 -1.62530
C 68.55930 93.45610 -1.80111
C 65.47180 94.21710 -1.69810
C 62.41850 94.88050 -1.55966
C 59.40490 95.51560 -1.44078
C 70.71550 95.78600 -1.90763
C 48.01850 80.11950 -1.49554
C 50.91720 81.87230 -1.45768
C 48.05720 83.51770 -1.34089
C 57.23860 82.18550 -0.99008
C 53.68360 83.65420 -1.42044
C 50.79100 85.19520 -1.37401
C 47.78880 86.97420 -1.18297
C 56.31690 85.42610 -1.47742
C 53.40470 86.86400 -1.32531
C 50.70690 88.47630 -1.28804
C 53.30420 90.18510 -1.22321
C 61.09390 74.20540 -1.43049
C 57.92160 73.63930 -1.42642
C 54.70030 73.12050 -1.36659
C 51.41720 72.83540 -1.25989
C 59.08720 76.61260 -1.52204
C 55.82940 76.05910 -1.52666
C 71.50940 76.01600 -1.41705
H 47.49930 94.50280 0.14946
H 67.24910 86.00920 -0.04950
H 60.82710 87.72640 0.04019
H 69.09770 88.57930 -0.07834
H 66.13630 89.13240 -0.30149
H 63.01140 90.03670 0.02364
H 59.91830 90.81600 -0.16098
H 59.04460 93.81630 0.28788
H 55.94700 94.55610 0.29524
H 50.12770 80.28330 -0.06126
H 52.85490 82.01530 0.21519
H 59.40110 83.05780 -0.22457
H 55.64070 83.71100 0.10433
H 58.15870 85.83590 0.10199
H 57.92250 88.69890 -0.10917
H 55.29930 90.05790 0.26651
H 52.55600 91.68300 0.65410
H 48.83600 92.36100 0.66787
H 64.49390 73.00460 0.20811
H 61.38480 72.43370 0.20859
H 62.52500 75.41030 0.15388
H 49.85020 73.58780 0.51163
H 63.71250 78.26390 -0.10934
H 54.18490 76.81350 0.09501
H 51.13630 76.52770 0.27760
H 64.93100 81.04940 0.33500
H 61.72590 80.75930 -0.02357
H 58.42980 80.23800 -0.10936
H 55.67950 80.63800 -0.00981
H 63.13500 83.69070 0.18747
H 69.74320 72.71000 0.13657
H 67.11720 74.25320 0.17558
H 66.53740 77.27760 0.47563
H 67.32150 80.02300 -0.89049
H 70.45700 85.80890 -0.43577
H 67.20020 82.94140 0.18534
H 50.52050 94.47100 -0.74629
H 68.20530 91.64910 -0.15920
H 65.18810 92.39990 -0.07613
H 62.09340 93.11530 0.07988
H 70.36820 93.99340 -0.26109
H 67.29350 94.79110 -0.19984
H 64.21250 95.47580 -0.03142
H 61.17470 96.17250 0.08715
H 49.95960 83.49290 0.25623
H 52.65810 85.15460 0.27725
H 49.82070 86.76290 0.27075
H 55.30560 86.88640 0.18340
H 52.56290 88.43130 0.34578
H 49.89250 90.02220 0.40249
H 58.19940 71.83390 0.20501
H 59.33860 74.84360 0.14255
H 56.20000 74.30220 0.14449
H 53.05420 73.84550 0.27803
H 60.51200 77.82990 0.10773
H 57.33190 77.24360 0.06545
H 69.69650 75.99510 0.00022
H 70.05380 79.36610 0.09992
H 70.15360 82.60710 -0.12997
C 70.38880 87.26920 1.52357
C 67.31600 87.49010 1.28048
C 64.43480 88.74270 1.59196
C 61.23850 89.53160 1.74848
C 60.45040 92.48280 1.79977
C 57.29060 93.37960 1.99367
C 56.39130 -1.06909 1.79475
C 47.76170 76.47020 1.87662
C 51.21700 78.54080 1.63705
C 54.05880 80.52540 1.76929
C 59.62840 84.32410 1.45727
C 47.98460 90.32140 1.91101
C 59.08560 87.33260 1.81527
C 56.21440 88.35280 1.88306
C 50.85110 91.62800 2.07420
C 56.53850 91.38300 2.07534
C 53.81410 93.73240 1.37631
C 64.13890 74.86040 1.96317
C 48.39900 72.49610 1.84749
C 62.20470 77.21960 1.79691
C 52.79680 75.69110 1.84328
C 49.66520 75.61660 2.00864
C 63.56510 80.29760 1.66235
C 60.13380 79.78260 1.58482
C 56.90240 79.14600 1.48750
C 53.43750 78.55700 1.66448
C 65.24590 83.27170 1.72016
C 62.00630 82.58810 1.75539
C 62.46930 86.06520 0.92397
C 71.56720 72.72850 1.87079
C 69.08120 74.44930 1.85719
C 68.33930 77.87670 0.91616
C 66.00260 75.46770 2.23697
C 68.63390 81.10030 1.10876
C 69.01830 84.45120 1.04603
C 69.58760 90.40600 1.45378
C 66.48370 90.96920 1.41779
C 63.50970 91.89730 1.63921
C 68.61420 93.49320 1.37847
C 65.63730 94.22750 1.50019
C 62.55850 94.92290 1.64986
C 59.46770 95.71960 1.75406
C 70.86050 95.84460 1.27382
C 48.18580 79.94420 1.74724
C 50.96770 81.84960 1.83847
C 48.13400 83.35190 1.93160
C 57.33380 82.16350 0.87899
C 53.85570 83.60950 1.81064
C 50.79650 85.12180 1.90664
C 47.92900 86.92010 1.92544
C 56.40570 85.34940 1.73782
C 53.57290 86.77410 1.87197
C 50.72600 88.35960 1.97215
C 53.58660 89.88720 2.07352
C 61.06750 74.28660 1.77439
C 57.92890 73.70190 1.74994
C 54.83470 73.17920 1.81369
C 51.66990 72.69630 1.93513
C 59.06700 76.67310 1.72147
C 55.91840 76.13470 1.72838
C 71.49390 76.11180 1.72770
C 88.10000 2.78838 -2.04919
C 92.27290 5.58689 -1.69945
C 88.63280 5.76103 -0.83511
C 92.94020 8.31055 -1.86113
C 81.98690 1.47700 -2.23289
C 78.35440 2.25840 -2.17998
C 77.39390 5.36313 -1.93339
C 74.12220 6.11714 -2.02585
C 73.88620 8.08797 -2.33891
C 71.69240 10.75470 -2.68717
C 73.22130 13.45480 -1.13823
C 74.86510 17.54320 -1.16412
C 75.39440 20.86220 -1.86277
C 84.99400 3.88032 -1.77194
C 81.84970 4.53148 -1.04494
C 79.10610 6.40514 -1.93993
C 84.71580 6.90353 -1.76151
C 79.16560 9.78299 -1.79659
C 76.11410 10.87620 -1.77732
C 90.75450 8.21365 -1.87382
C 87.48850 8.92432 -1.78618
C 75.94020 14.13030 -1.72967
C 93.43780 10.25970 -2.07395
C 78.28600 15.79620 -1.73863
C 96.10590 12.03300 -2.63939
C 80.61000 17.73360 -1.82252
C 95.44820 15.41840 -1.57431
C 79.93610 21.08140 -2.04988
C 94.08530 18.72630 -1.77124
C 91.26830 19.79110 -1.58249
C 88.15230 20.68190 -2.03306
C 85.35060 21.82080 -1.92281
C -1.01899 20.51800 -2.02785
C 94.28090 23.78360 -2.10725
C -1.05780 0.79371 -1.87376
C 93.23390 0.36911 -1.96127
C 89.99160 0.06281 -2.16577
C 86.10220 0.06640 -1.51457
C 94.48110 3.23005 -1.77417
C 91.26220 2.84550 -1.90762
C 95.58520 6.13287 -1.75135
C 79.26010 -0.73514 -2.18470
C 76.07050 -0.01358 -2.13301
C 72.90690 0.65937 -2.04956
C 75.16990 3.07660 -2.01675
C 71.93830 3.71202 -2.04363
C 72.41570 19.73880 -1.93848
C 73.22370 22.99510 -2.02753
C 81.88110 8.15801 -1.65625
C 84.54370 10.24910 -1.70440
C 81.61620 11.48950 -1.62724
C 78.75290 12.73040 -1.64604
C 89.82180 11.27220 -2.02601
C 86.91380 12.28900 -1.76009
C 84.00710 13.46910 -1.68983
C 81.15840 14.65960 -1.63294
C 92.53430 13.33260 -1.93583
C 89.31970 14.41610 -1.89580
C 86.42260 15.53060 -1.75520
C 83.53880 16.65450 -1.72482
C 91.75930 16.53490 -1.90186
C 88.89930 17.54910 -1.76803
C 85.87660 18.70550 -1.78414
C 82.98560 19.74030 -1.84611
H 88.25110 0.80045 -0.54836
H 89.64380 3.62849 -0.32016
H 86.71910 4.20418 -0.45339
H 93.84690 6.74185 -0.17067
H 90.81240 6.56020 -0.08675
H 84.21790 -1.33877 -0.67008
H 83.13050 2.33459 -0.47992
H 80.04100 2.65745 -0.79961
H 76.97610 3.48457 -0.38872
H 75.81380 6.38803 -0.12065
H 72.80640 7.24478 -0.27491
H 74.50260 15.32350 -0.20575
H 75.99510 19.42220 0.22259
H 76.31480 22.40400 0.07349
H 83.93120 5.39743 0.03273
H 80.99590 6.66963 -0.24499
H 78.16340 8.05598 -0.18527
H 86.87730 7.43533 -0.47044
H 75.18740 12.47930 -0.08430
H 89.48860 9.55548 -0.23761
H 77.67140 14.17750 -0.05274
H 95.34980 10.62550 -0.47179
H 91.88570 11.67830 -0.57350
H 77.07880 17.08710 0.11417
H 79.20540 19.25940 -0.18276
H 93.71820 16.72300 -0.37451
H 81.75430 21.20210 -0.32415
H 78.92150 22.40300 -0.93222
H 93.03060 19.78200 0.28476
H 90.22670 20.98900 -0.48242
H 87.29480 22.29730 -0.16793
H 95.91240 18.97050 -0.25584
H 94.61320 21.66680 -0.66797
H 94.64140 1.34379 -0.26065
H 91.44800 0.93175 -0.40101
H 95.86250 4.32375 -0.12996
H 92.74560 3.76824 -0.18171
H 72.53800 -1.12475 -0.42194
H 81.06550 -0.29778 -0.62376
H 77.87410 0.42153 -0.49201
H 74.71970 1.20686 -0.49310
H 71.55520 1.91946 -0.45395
H 73.69840 4.23876 -0.42398
H 72.62790 17.94340 -0.16582
H 73.50620 21.22840 -0.30559
H 75.27620 9.27462 -0.45871
H 83.84520 8.53435 -0.11331
H 80.90550 9.77861 -0.02975
H 77.93880 11.04720 -0.08520
H 86.42480 10.53890 -0.12108
H 83.47400 11.72550 -0.07364
H 80.53180 12.93870 -0.04687
H 88.82320 12.67940 -0.25777
H 85.86000 13.78840 -0.16580
H 82.94990 14.95620 -0.09168
H 80.01590 16.13750 -0.07781
H 91.16590 14.76990 -0.30024
H 88.24540 15.82570 -0.20509
H 85.32630 16.98140 -0.14320
H 82.35160 18.12070 -0.14893
H 90.67590 17.86440 -0.15387
H 87.71300 19.03590 -0.22267
H 84.76140 20.20160 -0.21305
C 87.92830 2.62345 1.12661
C 92.39940 5.53949 1.43221
C 89.21220 5.60482 1.09662
C 93.11020 8.43809 1.44667
C 81.68300 1.55584 1.05325
C 78.42640 2.18809 1.17100
C 77.43210 5.12831 1.45536
C 73.84310 5.84665 1.45761
C 73.21940 9.10456 1.23411
C 72.09870 10.68050 0.48779
C 73.14720 13.51320 0.75006
C 74.71800 17.34930 1.12162
C 75.08940 20.60540 1.56977
C 84.91930 3.50153 1.22931
C 82.30610 5.99505 1.78202
C 79.09650 6.26213 1.42237
C 85.15400 7.08509 1.40156
C 79.08080 9.69453 1.61651
C 76.07450 10.90080 1.52262
C 90.95870 8.35727 1.45793
C 87.65340 9.01332 1.40234
C 75.83580 14.21700 1.48912
C 93.48200 10.44750 1.11795
C 78.45460 15.63310 1.70926
C -0.49897 12.11700 0.91946
C 80.58870 17.84420 1.54159
C 95.19540 14.75530 0.12800
C 79.72500 21.00480 1.19207
C 94.48600 18.11800 1.50206
C 91.38120 19.56160 1.54135
C 88.47650 20.64360 1.47401
C 85.54040 22.04130 1.30444
C 95.86620 20.74580 1.32934
C 94.21860 23.41810 1.21822
C -1.11584 0.52421 1.30642
C 93.10570 0.17385 1.21212
C 89.84260 -0.17402 1.08797
C 86.08130 -0.03756 0.31301
C 94.44040 3.09849 1.41244
C 91.15700 2.65618 1.29434
C 95.50540 6.07260 1.51295
C 79.32230 -0.87385 1.03674
C 76.05740 -0.11882 1.08714
C 72.96240 0.70895 1.14545
C 75.10900 2.97701 1.15356
C 71.91010 3.69927 1.18037
C 72.23710 19.69510 1.22943
C 73.14170 23.18360 1.08612
C 82.06160 8.16777 1.47744
C 84.61450 10.23620 1.50102
C 81.68860 11.49650 1.53863
C 78.71930 12.67780 1.50361
C 90.17140 11.36380 1.32851
C 87.05800 12.34930 1.39892
C 84.11080 13.49190 1.47318
C 81.16430 14.67550 1.49823
C 92.48340 13.38600 1.28594
C 89.42690 14.40520 1.38098
C 86.47620 15.52850 1.43051
C 83.53620 16.72690 1.46686
C 91.94550 16.44840 1.35487
C 88.82720 17.56300 1.37937
C 85.92910 18.76850 1.39201
C 82.94670 19.92930 1.38434
C 81.06700 47.20170 -0.77490
C 90.43810 46.47080 -1.39116
C 96.05460 46.82570 -1.31791
C 83.22970 24.73230 -2.15945
C 79.69240 24.75870 -1.65507
C 88.25560 27.22140 -2.48343
C 85.02370 27.66690 -2.39464
C 78.49030 28.82120 -2.26704
C 87.21220 30.26010 -2.24044
C 77.80100 32.11030 -2.28601
C 89.40250 32.52350 -1.99653
C 76.99680 35.39800 -2.36679
C 91.43690 34.82690 -1.81972
C 79.06080 37.60540 -1.98596
C 93.36720 37.24580 -1.77021
C 81.05530 39.97210 -1.71039
C 83.30900 42.35780 -1.34010
C 95.37160 42.77270 -1.16501
C 91.80250 43.51450 -1.30971
C 88.39610 44.01810 -1.28343
C 85.35560 44.81300 -0.76036
C 82.51430 45.62470 -0.79488
C 93.25320 45.07280 -1.63084
C 76.25050 23.96030 -2.05481
C 77.27920 27.01520 -2.14509
C 75.12260 29.83000 -1.65712
C 72.35470 32.03440 -1.35312
C 73.90010 35.00040 -1.94958
C 75.76310 37.98240 -2.06354
C 77.77870 40.58580 -1.94100
C 79.71680 43.37530 -1.15726
C 77.95530 46.30570 -2.07768
C 82.38270 22.83070 -2.08031
C 87.53700 24.06280 -2.07679
C 92.45300 26.52910 -1.80357
C 89.13080 25.38690 -1.83741
C 90.62050 29.11560 -1.16131
C 92.74520 31.79080 -1.84203
C 94.63600 34.33470 -1.77289
C 81.81930 27.87530 -2.25544
C 84.02670 30.75010 -2.19636
C 80.92780 31.07110 -2.13265
C 86.23050 33.18220 -2.00720
C 83.08710 33.72470 -2.03263
C 80.07710 34.37250 -2.12617
C 88.30820 35.52330 -1.84754
C 85.18410 36.20320 -1.84471
C 82.07140 36.86480 -1.85095
C 90.31230 37.94300 -1.70184
C 87.24370 38.61220 -1.66294
C 84.16750 39.28150 -1.62507
C 95.73330 39.68750 -1.62753
C 92.61570 40.36750 -1.56372
C 89.43970 41.05080 -1.47052
C 86.26410 41.66360 -1.31142
C 74.12760 26.25980 -2.29565
C 72.52860 38.15230 -2.16955
C 74.31560 40.80140 -2.10163
C 76.27740 43.45710 -2.01938
C 72.76830 43.51500 -2.17068
C 74.40800 46.03480 -2.43078
C 96.05230 26.19970 -1.84811
C 94.40690 28.94060 -1.89935
C 96.12510 31.67130 -1.80076
H 83.44680 47.93900 -0.30269
H 92.46590 46.70060 -0.03150
H 84.82280 25.93220 -0.43503
H 81.63540 26.12020 -0.78946
H 86.83600 28.29030 -0.74594
H 80.43910 29.40930 -0.71076
H 77.36560 30.24640 -0.67475
H 88.88720 30.70760 -0.42152
H 78.65540 35.64450 -0.58221
H 93.15290 35.41390 -0.18868
H 80.67760 38.01910 -0.20758
H 95.06340 37.85920 -0.22621
H 82.76900 40.36660 0.06222
H 94.38200 40.80410 0.04715
H 81.88460 43.39950 -0.00663
H 93.59020 43.67690 0.39873
H 90.24820 44.56810 0.19782
H 87.07710 45.14480 0.49369
H 83.93750 45.47630 1.39802
H 77.52270 25.22440 -0.38752
H 75.40710 27.63170 -0.67448
H 72.86630 29.76520 -0.54679
H 73.81240 33.57210 0.25493
H 75.53730 36.10480 -0.53586
H 77.46520 38.65170 -0.43004
H 79.62990 41.02860 -0.33186
H 77.52810 44.34720 -0.40171
H 84.05210 23.21230 -0.36124
H 92.83970 24.21620 -0.39915
H 91.26660 26.96140 -0.00577
H 92.78760 29.88280 -0.26216
H 94.45000 32.49380 -0.21543
H 83.61860 28.82830 -0.72517
H 85.75090 31.27340 -0.52990
H 82.64630 31.87510 -0.48623
H 79.58940 32.53280 -0.58334
H 76.57000 33.25320 -1.03938
H 91.16750 32.91470 -0.25772
H 87.97080 33.63680 -0.32169
H 84.80580 34.28090 -0.36946
H 81.72890 34.94050 -0.41297
H 90.05130 36.02250 -0.19662
H 86.93170 36.68210 -0.19855
H 83.78320 37.32660 -0.18730
H 92.08380 38.47320 -0.11503
H 88.99420 39.11600 -0.04076
H 85.88600 39.68480 0.05668
H 91.24030 41.52390 0.12491
H 88.08590 42.10460 0.27745
H 84.99790 42.69850 0.47209
H 74.41410 24.55540 -0.51959
H 72.17120 26.72700 -0.85421
H 72.37940 36.31700 -0.58877
H 74.13350 38.94470 -0.51108
H 76.00620 41.47910 -0.41321
H 72.72210 41.73810 -0.49141
H 74.43220 44.38220 -0.59367
H 95.94940 24.30990 -0.32781
H 94.39480 27.08440 -0.30298
H 96.02670 29.79060 -0.26379
C 82.66860 47.62030 2.11419
C 90.70760 46.51220 1.74580
C -0.87451 47.60280 2.27146
C 82.93540 24.91370 1.07380
C 79.81010 24.58830 0.21930
C 88.07690 27.01180 0.99054
C 84.98460 27.40440 0.84227
C 78.54390 28.92090 0.95160
C 87.07580 29.99760 1.10652
C 77.72770 32.04030 0.94824
C 89.31920 32.38880 1.34532
C 76.93900 34.85300 0.96127
C 91.43950 34.74350 1.38767
C 78.79270 37.34550 1.18829
C 93.44860 37.19640 1.41336
C 80.84250 39.78610 1.47525
C 83.07390 42.14080 1.78476
C 95.03960 42.30400 1.95908
C 91.62790 43.26880 1.81204
C 88.60970 43.86020 1.92249
C 85.58330 44.24760 2.35684
C 82.22830 43.89230 2.42794
C 94.19960 45.45730 1.33180
C 75.95460 24.58550 1.43734
C 77.18620 27.26110 1.00861
C 75.15770 29.96790 0.27392
C 71.97180 31.84090 0.57149
C 73.87820 35.32910 1.12188
C 75.66840 37.91160 1.07316
C 77.68140 40.50880 1.18530
C 79.49140 43.32280 0.68157
C 76.93860 46.24990 1.07257
C 82.32480 22.92050 1.33482
C 88.94030 23.89720 1.11025
C 92.75480 26.25650 1.42377
C 89.28360 25.70320 0.12948
C 90.57230 29.22040 0.67761
C 92.70690 31.74720 1.35561
C 94.63340 34.28920 1.37955
C 81.83900 28.10800 0.88701
C 84.00040 30.50870 1.04109
C 80.85090 31.15780 1.03431
C 86.14720 32.96780 1.19454
C 83.03400 33.63990 1.18030
C 79.89740 34.32240 1.05996
C 88.29860 35.39230 1.37480
C 85.16490 35.99680 1.34021
C 81.98320 36.66090 1.32105
C 90.36430 37.77590 1.47295
C 87.30040 38.34430 1.52438
C 84.10890 39.00430 1.57624
C -0.91523 39.67780 0.28854
C 92.60530 40.11330 1.61354
C 89.51180 40.73090 1.71041
C 86.39510 41.28370 1.83877
C 73.92050 26.54450 0.89613
C 72.43060 38.13600 1.04297
C 74.22270 40.73660 1.15320
C 75.83050 43.36060 1.17733
C 72.76710 43.61900 1.02856
C 74.80740 46.31610 0.78928
C 95.95680 26.09150 1.30305
C 94.38380 28.90410 1.34904
C 96.06110 31.59750 1.37087
C 87.28660 47.40270 -0.52295
C 84.31000 49.53870 -1.37979
C 81.30990 50.44660 -0.78247
C 78.67600 52.37040 -1.19796
C 75.77250 53.97540 -1.72481
C 93.18910 48.42610 -1.57110
C 75.57950 57.11090 -1.49312
C 72.59330 58.35440 -1.27053
C 75.28540 60.27360 -1.38779
C 95.43070 53.38920 -1.51079
C 92.59520 54.78240 -1.25583
C 89.60440 56.12610 -1.20566
C 86.57040 57.48660 -1.26003
C 75.20890 63.40670 -1.37852
C 87.05980 60.68550 -0.95144
C 84.31260 62.28020 -0.58371
C 77.79800 65.21930 -1.50011
C 83.37630 65.28040 -1.24065
C 80.36280 67.30580 -0.66073
C 83.32400 68.92430 -0.50428
C 76.94050 49.49070 -1.90278
C 74.45080 52.37120 -1.96301
C 80.10630 70.92860 -1.12270
C 77.56760 68.78860 -0.79675
C 74.68520 67.39190 -1.32896
C 72.39770 62.96760 -0.50619
C 95.26240 56.80080 -1.12284
C 92.11500 57.76760 -1.16513
C 91.18170 60.70910 -1.10145
C 89.98420 63.55490 -1.00125
C 88.93340 66.46420 -0.76886
C 85.85300 66.82520 -0.62865
C 87.70110 69.40280 -0.39556
C 89.20180 72.22710 0.92357
C 90.10730 49.60370 -1.35666
C 87.12650 51.10350 -1.37085
C 84.19190 52.57310 -1.19244
C 81.25000 53.88760 -1.14987
C 78.55610 55.63250 -1.48856
C 92.64470 51.53940 -1.60062
C 89.83960 52.90870 -1.36200
C 86.94600 54.37270 -1.26554
C 83.95950 55.74620 -1.19065
C 81.21970 57.29880 -1.28097
C 78.32530 58.74080 -1.38156
C 84.00470 59.02840 -1.19635
C 81.03010 60.46150 -1.27160
C 78.15440 61.87670 -1.36020
C 80.83830 63.56570 -1.31468
C 73.22990 48.95210 -2.37122
C 74.67630 70.89820 -1.39336
C 94.24590 59.88280 -1.11000
C -1.11383 62.30490 -1.27677
C 93.12880 62.95020 -1.04482
C 95.18570 65.31520 -1.23787
C 92.05510 65.90460 -0.97737
C 94.06790 68.29560 -1.11765
C 90.88310 68.89570 -0.75825
C 96.18220 70.64190 -1.49314
C 92.77720 71.23550 -1.07377
H 80.87740 49.19090 1.06101
H 89.55450 47.92350 0.46200
H 86.24200 49.48180 0.28612
H 80.49770 52.38680 0.67183
H 77.61310 53.83900 0.03389
H 74.68460 55.33040 0.23292
H 95.06760 48.58090 0.32181
H 74.51030 58.53920 0.23370
H 94.64530 51.62170 0.05245
H 91.74960 52.99450 0.22657
H 74.40910 61.77040 0.34617
H 91.39400 56.08460 0.43349
H 88.39020 57.57160 0.50365
H 85.79130 59.03770 0.47219
H 74.00120 64.72440 0.48681
H 86.67920 62.15830 0.36070
H 79.67650 65.09550 0.19137
H 76.67110 66.61380 -0.04094
H 85.40810 65.07300 0.42405
H 82.57080 66.73140 0.19446
H 76.15530 47.21880 -1.16928
H 74.69490 50.15990 -0.66244
H 83.74450 71.09630 0.66906
H 81.08980 69.36740 0.44836
H 78.11710 70.91020 0.37033
H 75.32540 69.36190 0.04119
H 72.61500 71.01580 0.26481
H 94.43110 54.86710 0.42264
H 93.86280 58.07070 0.53366
H 90.80040 58.91600 0.63794
H 89.76290 61.70340 0.72268
H 88.57420 64.54520 0.93653
H 87.64340 67.36260 1.06950
H 89.63360 69.83480 1.13523
H 86.51350 70.29540 1.01478
H 83.40110 50.97450 0.48053
H 92.07430 49.85670 0.14499
H 89.04560 51.17220 0.22580
H 86.14910 52.64790 0.30013
H 83.14730 54.12320 0.41933
H 80.29640 55.63270 0.31315
H 77.42010 57.06610 0.19948
H 88.79790 54.39260 0.31901
H 85.83600 55.83400 0.40049
H 83.03200 57.39460 0.37460
H 80.11920 58.81070 0.31223
H 77.18720 60.24550 0.21488
H 82.85020 60.53800 0.36435
H 79.92710 61.96520 0.31731
H 77.10100 63.47490 0.18303
H 82.54370 63.62760 0.45324
H 72.98810 47.12910 -0.70703
H 96.08460 60.48400 0.37373
H 92.94000 61.11390 0.55909
H 95.02000 63.49950 0.39559
H 91.77220 64.07650 0.63472
H 93.92100 66.46630 0.48990
H 90.77080 66.99790 0.77348
H 95.99160 68.90370 0.24612
H 92.83030 69.45650 0.63865
H 94.81960 71.87030 0.13176
C 87.26930 47.45950 1.34078
C 84.27200 49.13050 1.78397
C 81.69260 50.85060 2.32454
C 78.64830 52.15970 1.79631
C 75.69790 53.39060 1.68951
C 93.32070 48.32700 1.71001
C 75.48120 56.75360 1.82082
C 72.77970 58.42250 2.06011
C 75.32270 60.25300 1.90520
C 95.59830 53.07720 1.88378
C 92.71800 54.61170 1.90334
C 89.58110 55.94960 2.04654
C 86.50670 57.41220 2.16825
C 75.27920 63.54770 1.94580
C 87.97850 60.00900 0.92582
C 84.38050 62.24840 1.33315
C 77.73450 65.29310 1.74360
C 83.41560 65.32550 1.99600
C 80.40440 67.17470 1.25404
C 83.29060 68.75770 1.35482
C 76.95900 49.44170 -0.00790
C 74.48560 51.76750 1.41136
C 79.92110 70.71630 2.08957
C 77.45040 68.66410 1.10257
C 74.28690 67.17710 0.59628
C 72.41690 62.86280 1.35584
C 95.35120 56.62960 1.89220
C 92.19910 57.53820 2.23240
C 91.36660 60.63220 2.37352
C 90.26280 63.46020 2.50105
C 89.26940 66.42400 2.61978
C 86.47470 65.47850 2.28059
C 87.71740 69.29080 2.69378
C 90.06700 71.78510 2.56301
C 90.32930 49.78920 1.89995
C 87.08110 50.87010 1.81961
C 84.32320 52.63150 1.98645
C 81.33280 54.21810 2.10275
C 78.34650 55.42790 1.83566
C 92.81370 51.47100 1.88162
C 89.92070 52.84080 1.86314
C 86.96850 54.30930 1.94122
C 83.97030 55.83320 1.99008
C 81.15650 57.30460 1.95540
C 78.20790 58.70810 1.85856
C 83.89300 59.03100 2.01337
C 80.95940 60.45710 1.95275
C 78.03200 61.89980 1.83523
C 80.61750 63.64160 1.96693
C 73.03740 48.95810 0.95714
C 74.65120 70.85410 1.86502
C 94.41460 59.88280 2.07124
C -0.90489 62.31870 1.91426
C 93.36270 62.94030 2.10783
C 95.43360 65.29160 1.98470
C 92.34150 65.84840 2.21611
C 94.45650 68.26380 2.03012
C 91.32570 68.70290 2.44148
C -0.99303 70.81020 1.70282
C 93.44030 71.31290 2.14473
C 95.07820 95.35690 -2.18691
C 91.95470 95.17520 -2.35463
C 88.68310 94.76510 -2.33173
C 95.68550 77.85390 -1.94713
C 92.75100 78.39340 -2.48541
C 88.36280 81.24630 -2.97831
C 86.33490 83.74800 -2.84411
C 84.47080 86.36390 -2.70485
C 96.03950 89.62590 -2.68707
C 92.70550 89.69010 -2.48100
C 85.94140 89.17660 -2.70425
C 90.53220 92.14920 -2.60804
C 72.48900 89.27620 -1.78259
C 80.41440 89.95600 -2.21740
C 77.63810 91.31310 -2.25914
C 82.99680 92.96970 -2.55209
C 85.34590 94.81410 -2.41366
C 82.42760 95.96590 -2.28213
C 88.46530 76.14550 -0.25317
C 85.64050 72.73210 0.64670
C 82.84290 72.30740 -0.76843
C 85.45590 76.24160 -1.11427
C 85.90440 79.51740 -1.96947
C 83.04330 81.46930 -1.85359
C 83.11200 84.69260 -2.37265
C 80.94700 86.76980 -1.90969
C 78.40490 88.35000 -2.08512
C 75.22500 87.31280 -1.84398
C 72.35990 85.69830 -1.99127
C 94.54730 73.79500 -1.48258
C 90.97830 73.79150 -1.13835
C 92.62370 76.33460 -2.67190
C 94.31680 80.99720 -2.41047
C 91.29360 81.36160 -2.74468
C 95.91200 83.81770 -2.57548
C 92.81300 83.90500 -2.62562
C 89.61990 83.91660 -2.71541
C 94.25510 86.77140 -2.61900
C 91.12160 86.74370 -2.67142
C 87.92380 86.51030 -2.75029
C 89.36790 89.27140 -2.63362
C 86.84560 92.04000 -1.87792
C 74.61200 91.94310 -2.11062
C 71.58680 92.68070 -1.93142
C 80.02560 93.55370 -2.25613
C 76.92810 94.35500 -2.20329
C 73.77180 95.06410 -2.07219
C 82.64920 75.26220 -0.91917
C 80.00150 74.00040 -1.00950
C 77.25020 72.53070 -1.25386
C 82.71030 78.20670 -1.50757
C 79.96910 77.00760 -1.19946
C 77.17440 75.66090 -1.21325
C 74.41000 74.26610 -1.32883
C 80.15550 80.20150 -1.54739
C 77.29000 78.80910 -1.37606
C 74.54150 77.43480 -1.41810
C 80.41750 83.37810 -1.75313
C 77.57520 82.08300 -1.64715
C 74.75390 80.64700 -1.56397
C 71.82700 79.24510 -1.58277
C 77.94200 85.26640 -1.87759
C 74.93920 83.86590 -1.84485
C 72.00730 82.48120 -1.73318
H 95.27920 93.27730 -0.56931
H 92.19210 93.08810 -0.80695
H 90.23060 95.65350 -0.64546
H 87.01120 95.45950 -0.71726
H 95.57820 76.64400 0.00474
H 94.14300 79.34900 -0.66330
H 91.06500 79.49920 -0.97577
H 88.27060 79.58550 -1.02368
H 86.56010 81.78850 -1.45317
H 84.72550 84.39460 -1.16633
H 86.19050 87.19270 -1.18524
H 93.99320 90.53210 -1.22646
H 90.82520 90.31000 -0.95833
H 87.66840 89.92460 -1.03579
H 84.52090 89.80130 -0.97441
H 88.93620 92.83460 -0.81969
H 77.33820 89.48830 -0.54574
H 74.38040 90.17190 -0.36064
H 71.33840 90.89090 -0.23231
H 82.32960 91.10790 -0.81822
H 79.49850 91.70110 -0.71676
H 84.79550 93.01640 -0.86437
H 86.45250 75.06010 0.94087
H 83.54540 73.98170 0.92433
H 86.55220 77.76720 -0.30520
H 83.93750 80.01560 -0.62894
H 81.27340 81.80200 -0.05770
H 81.62630 84.94580 -0.34916
H 81.76410 88.24080 -0.71494
H 79.06490 86.75130 -0.25534
H 76.00490 85.54180 -0.34719
H 73.20390 87.35710 -0.40190
H 91.68300 72.35660 0.82481
H -0.42455 74.04460 -0.96523
H 92.64360 75.13620 -0.42369
H 89.65400 74.66000 0.99943
H 93.38380 95.92310 -0.47534
H 95.84210 82.07320 -0.87944
H 92.73970 82.14060 -0.99301
H 89.67400 82.11740 -1.18911
H 94.34820 84.90220 -1.05114
H 91.16310 84.88300 -1.15979
H 87.90930 84.64590 -1.22950
H 95.80480 87.74660 -0.98827
H 92.63710 87.67870 -1.01126
H 89.42250 87.41970 -1.07029
H 76.40480 92.59110 -0.57971
H 73.41800 93.28600 -0.43119
H 81.84920 94.12560 -0.71460
H 78.74980 94.89540 -0.63909
H 75.62430 95.66110 -0.59066
H 80.83630 72.45710 0.65300
H 83.66040 77.02970 0.45778
H 80.80980 75.62910 0.60933
H 78.07180 74.10250 0.43666
H 75.32530 72.66080 0.31208
H 80.98930 78.73120 0.17933
H 78.12630 77.30350 0.36427
H 75.29760 75.85410 0.30813
H 72.50770 74.38880 0.26148
H 78.32000 80.49440 0.04787
H 75.44200 79.08840 0.19892
H 72.64400 77.63610 0.13917
H 78.60950 83.69230 -0.09171
H 75.72660 82.34960 -0.04302
H 72.84000 80.89380 -0.03697
H 73.07940 84.13190 -0.21127
C 95.02890 95.19490 1.21171
C 91.79740 94.85810 1.09175
C 88.60450 94.59460 0.88180
C 95.71690 78.57540 1.15611
C 92.52430 78.57190 0.96562
C 88.06100 81.63960 0.45884
C 86.49800 83.47220 0.27692
C 84.65010 86.09770 0.46652
C 95.60140 89.62450 0.63587
C 92.51050 89.48380 0.65034
C 85.99330 88.96600 0.57400
C 90.52170 91.94540 0.88184
C 72.58360 89.20200 1.13082
C 80.52800 90.00150 0.77773
C 77.78210 91.43480 1.00850
C 83.11180 92.85550 0.96053
C 85.36660 94.65480 0.90738
C 82.42550 95.85410 0.94917
C 88.36870 75.00860 2.70026
C 85.33380 73.87200 2.66229
C 82.52210 72.36770 2.42639
C 85.63200 77.15820 1.95212
C 86.16560 80.13330 0.30013
C 83.20460 81.35750 1.34808
C 83.52740 84.60630 1.01372
C 81.02530 86.65790 1.25972
C 78.78620 88.64390 1.28351
C 75.52260 87.97830 -0.03532
C 72.26060 85.98160 1.26722
C 94.86150 74.27120 0.50912
C 91.95940 74.52730 1.97999
C 91.33510 77.17140 0.14815
C 94.20480 81.31650 0.75255
C 91.08940 81.50380 0.62134
C 95.87860 83.98590 0.61162
C 92.70470 84.03940 0.48306
C 89.57550 83.92570 0.32212
C 94.23870 86.71220 0.57537
C 91.06600 86.60330 0.51504
C 87.83130 86.37330 0.42594
C 89.29780 89.15810 0.60401
C 86.81270 91.93500 0.04367
C 74.78660 92.05260 1.19982
C 71.78830 92.75880 1.30959
C 80.09190 93.49760 0.86957
C 76.97550 94.37690 0.98986
C 73.94090 95.12110 1.10990
C 82.62190 75.80130 2.25083
C 79.80300 74.04920 2.15640
C 77.13580 72.46130 1.99104
C 82.96940 79.18640 1.46690
C 79.95260 77.45940 1.96315
C 77.11740 75.74500 1.95780
C 74.33880 74.25870 1.91728
C 80.14250 80.46470 1.65817
C 77.28070 79.09670 1.79449
C 74.44820 77.56810 1.84166
C 80.55740 83.61400 1.42026
C 77.56690 82.24840 1.59297
C 74.65220 80.91210 1.63841
C 71.84790 79.42600 1.69527
C 77.79800 85.48660 1.40039
C 74.92260 84.17700 1.42594
C 71.95680 82.66240 1.47777
