2979
Frame 104
C 12.97980 95.79060 -1.51420
C 14.34070 1.08500 -1.21566
C 12.31270 3.26069 -2.87726
C 10.94870 6.66425 -3.22997
C 8.48188 9.39081 -2.98954
C 4.79535 8.84149 -4.26008
C 3.02353 8.85064 -5.23856
C 23.96190 0.74432 0.77822
C 22.25870 4.36195 1.87978
C 24.76840 6.22635 0.09114
C 25.25970 12.20300 -0.15035
C 19.72510 1.34839 -0.72393
C 16.30510 -0.77483 0.37111
C 19.70400 4.43344 -0.43840
C 22.97730 9.11640 0.40288
C 19.92850 7.59629 -0.23147
C 14.23650 4.74364 -0.84148
C 23.53540 13.08920 -0.70153
C 14.58570 8.30696 -1.64283
C 23.26370 16.24500 -0.49774
C 12.03080 10.55250 -1.89256
C 23.21480 19.75650 -0.36686
C 12.80290 13.65360 -1.47575
C 9.67072 12.63530 -2.07478
C 23.24460 22.91980 -0.15912
C 14.82250 18.02490 -0.39413
C 11.47000 16.19370 -0.20786
C 14.79590 21.61860 0.63366
C 20.61580 -0.64547 -0.60165
C 5.57394 10.89680 -1.89645
C 6.82933 14.17990 -1.05842
C 3.56350 14.33270 -1.87246
C 8.31189 16.77760 -0.49253
C 2.28100 17.24310 -1.84243
C 9.76032 19.31520 -0.25430
C 11.43670 22.06050 -0.05416
C 9.53815 95.26100 -2.43402
C 10.99920 0.50465 -2.61466
C 7.65450 0.22523 -3.24712
C 4.43666 -0.00335 -3.51901
C 9.17351 3.24978 -3.53277
C 5.67953 2.77698 -4.05160
C 2.41286 2.66253 -4.14119
C 7.27304 5.62401 -4.44908
C 3.81006 5.55370 -4.57731
C 16.94230 2.90355 -0.90688
C 17.11950 6.22276 -0.75089
C 20.58750 11.11120 0.36051
C 17.58810 9.45204 -0.60579
C 20.65550 14.61800 -0.37851
C 17.96740 12.91450 -0.40941
C 15.17320 11.56520 -1.16501
C 20.43130 18.22710 -0.33061
C 17.83620 16.56950 -0.28901
C 15.23670 14.87410 -0.69704
C 20.41200 21.55770 -0.07989
C 17.77080 19.76120 -0.04722
C 5.18371 17.11860 -1.07486
C 6.62224 19.59270 -0.62612
C 3.58178 19.81520 -1.08045
C 8.19769 22.32920 -0.31401
C 5.14529 22.46190 -0.65001
C 1.91942 22.56820 -1.20447
H 13.72400 -0.62355 0.56555
H 12.05720 1.78823 -0.79953
H 10.50640 4.39421 -2.08223
H 8.50692 6.93592 -2.63004
H 2.12239 6.54412 -2.91796
H 3.88303 9.28567 -1.80092
H 22.78450 1.97412 2.71700
H 24.74090 4.39577 1.86228
H 22.98680 6.76241 1.39917
H 25.03510 10.21190 1.27808
H 25.46570 15.82410 0.98354
H 20.27050 2.80319 1.38729
H 17.53410 1.29572 0.61700
H 20.25290 5.86069 1.62176
H 14.82390 2.75150 0.52408
H 14.93330 6.66140 0.29952
H 21.71760 13.23820 1.08058
H 12.54500 8.59064 -0.81746
H 24.10590 18.25680 0.88885
H 21.44930 16.52200 1.15817
H 9.96450 10.77130 -0.18004
H 24.16660 21.23520 1.48021
H 10.50740 13.85810 -0.31765
H 13.14940 17.95760 0.57874
H 9.74818 17.39930 1.24351
H 22.11360 -0.75921 1.23719
H 1.42730 13.03140 -2.54469
H 7.31640 12.30020 -0.76512
H 3.90233 12.26000 -0.44172
H 7.91420 14.83510 1.19860
H 6.50642 17.68840 0.95454
H 11.31720 20.10090 1.80615
H 8.07578 20.35470 1.22208
H 10.80970 -1.11057 -0.73693
H 7.62921 -1.31677 -1.33871
H 4.39000 95.97940 -1.66425
H 1.32658 95.71090 -2.15905
H 8.97227 1.48440 -1.67114
H 5.77145 1.28876 -2.07055
H 2.56128 1.02762 -2.33304
H 7.06353 4.09292 -2.46522
H 3.98313 3.85304 -2.74956
H 5.41458 6.67702 -2.99590
H 17.57480 4.51361 0.93444
H 20.72970 8.90985 1.55413
H 17.85650 7.69816 1.15509
H 18.16630 11.02250 1.27462
H 15.33530 9.75854 0.33695
H 18.64170 14.81090 1.22725
H 15.79580 13.05220 0.75641
H 13.01210 11.76290 0.08171
H 21.39350 19.75350 1.36634
H 18.72160 18.06730 1.52674
H 15.85550 16.35100 1.17767
H 13.21250 14.77700 0.68389
H 18.62820 21.42520 1.64451
H 15.84180 19.48320 1.51982
H 4.84505 15.07060 0.09673
H 1.70184 15.30040 -0.48745
H 3.31991 17.86790 0.34977
H 4.90952 20.49490 0.85088
H 1.71206 20.60600 0.31780
C 11.99260 96.01080 1.43599
C 12.97430 1.49705 1.57885
C 11.43960 3.79997 0.30141
C 10.70150 6.83862 -1.23242
C 8.50098 9.03733 -0.98491
C 4.43968 7.78413 -0.11880
C 1.85871 8.47831 -3.06999
C 23.77360 0.37732 2.65354
C 24.04740 2.93758 4.69128
C 24.53600 6.42280 3.45016
C 24.81610 12.04700 3.08590
C 19.09630 0.86966 2.75544
C 15.39130 -0.94943 2.17924
C 18.80780 4.28548 3.02777
C 23.02120 9.14426 2.39167
C 19.33780 7.69243 3.15862
C 13.47410 4.62750 0.91572
C 23.22240 13.45350 3.05890
C 13.88100 8.05757 1.48230
C 23.41780 16.43240 2.67018
C 11.58770 10.06900 1.21703
C 23.24460 19.58460 3.00991
C 11.85300 13.10910 1.77256
C 8.90168 12.57810 1.28519
C 23.62440 23.12490 3.01465
C 14.60760 17.78130 2.79242
C 11.70070 16.19180 1.92673
C 14.51290 21.33180 2.61084
C 20.03770 -1.13148 2.40726
C 5.68835 11.89130 1.27872
C 5.86274 13.79290 1.96269
C 2.90077 13.99360 1.19948
C 7.84974 16.34210 2.61148
C 1.27008 16.92500 1.33262
C 9.37115 19.16720 3.04180
C 11.23750 21.78620 3.07646
C 8.96695 95.73490 0.65658
C 10.13120 0.98872 0.46699
C 7.12111 0.72922 -0.16052
C 4.06909 0.50835 -0.46728
C 8.52843 3.67874 -0.57509
C 5.42258 3.33826 -0.81507
C 2.30468 3.09438 -1.11667
C 7.04977 6.17214 -0.98552
C 3.81727 5.87192 -1.15975
C 16.01930 2.93239 2.19530
C 16.32540 6.17632 2.29995
C 20.47390 11.28560 2.23575
C 16.65980 9.44530 2.46300
C 20.38040 14.87210 2.71308
C 17.52400 13.06450 2.64845
C 14.48270 11.40230 1.99557
C 20.64520 18.09460 3.02704
C 17.57250 16.39480 2.91942
C 14.70920 14.47830 2.51720
C 20.58210 21.16360 3.18781
C 17.58570 19.67480 3.18355
C 4.60354 16.53100 1.98167
C 6.25811 19.40910 2.59962
C 3.00645 19.57510 2.11359
C 7.91376 22.17900 2.89574
C 4.74944 22.34390 2.54558
C 1.28786 22.39440 1.85144
C 22.83350 26.34580 -0.41282
C 20.05770 28.37950 0.32444
C 15.15770 25.13660 0.73946
C 18.75370 29.72990 -0.42727
C 23.09050 29.44730 -0.16985
C 24.27010 32.00830 -1.21338
C 23.41420 35.56380 -1.42545
C 25.51860 45.98100 -2.47654
C 22.22350 44.62520 -0.84518
C 21.12010 31.97260 1.62607
C 19.12120 33.28660 -1.10505
C 15.09780 28.16910 -1.12306
C 19.67170 35.33660 -0.87574
C 12.93200 34.45670 -0.65933
C 20.61160 38.46540 -0.71372
C 10.79220 36.63080 -0.28640
C 21.65850 41.48750 -0.86335
C 18.51280 41.21800 -0.64041
C 8.65912 39.05110 -0.23006
C 4.49479 39.24360 -1.66655
C 16.55510 43.60710 -0.58745
C 2.90265 42.80350 -1.30879
C 14.17060 45.87930 -0.64907
C 5.19701 44.54740 -1.46987
C 2.90874 46.93920 -1.58611
C 13.29250 24.63430 -0.04133
C 11.93220 27.88700 -0.01235
C 12.44890 31.29600 -0.63369
C 10.07430 30.44500 -0.24446
C 9.63733 33.39180 0.92924
C 5.99367 33.73880 -0.23110
C 7.94251 36.02220 1.53209
C 1.74165 36.35550 -0.83819
C 20.55720 24.61850 0.24320
C 17.66270 23.20670 0.23240
C 17.81750 26.39500 0.63955
C 16.05630 35.26730 -1.27981
C 17.34590 38.34840 -1.05562
C 14.04210 37.51940 -0.84300
C 15.12430 40.62590 -0.71969
C 11.91020 39.89600 -0.67086
C 12.97710 42.73510 -0.67492
C 9.86794 42.29030 -0.80100
C 6.75586 41.74860 -1.02349
C 11.03970 45.26090 -0.65943
C 7.93522 45.02110 -0.96212
C 5.96139 47.45430 -1.04993
C 10.07600 24.92280 -0.27260
C 6.74384 25.14970 -0.40992
C 3.49987 25.14800 -0.79448
C 8.39978 27.81120 -0.36645
C 5.27190 27.83600 -0.47467
C 2.12418 28.12570 -0.92746
C 7.08473 30.61990 -0.37473
C 3.96782 30.67420 -0.60935
C 2.78814 33.61490 -0.67110
H 0.96973 43.01330 0.47944
H 24.11500 24.41080 0.81093
H 21.69790 26.21290 1.78938
H 16.00430 23.25130 2.03367
H 19.01440 27.72420 2.53511
H 16.30420 26.35200 2.77267
H 16.61600 28.65840 0.47605
H 24.31370 27.69810 1.02575
H 24.62230 30.96500 1.14349
H 21.67450 29.45930 1.91658
H 24.04340 40.74530 -1.12764
H 24.57870 43.99880 -1.31181
H 22.71850 42.89060 0.89908
H 20.48830 45.22350 0.96935
H 19.73040 34.00910 1.38186
H 16.79950 33.48070 -0.04191
H 13.95560 32.73290 0.96306
H 21.00850 36.82830 0.70448
H 11.51450 34.90340 1.39318
H 21.89250 39.79700 1.04632
H 9.26579 37.25230 1.52369
H 19.75330 42.20850 0.65225
H 6.70723 40.25550 0.96467
H 2.72240 40.43320 -0.49592
H 17.65280 44.59820 0.74243
H 4.89211 42.73560 0.18003
H 15.50460 47.10210 0.98703
H 3.11692 45.00510 -0.12768
H 12.95490 22.85160 1.57280
H 9.70416 23.05380 1.41074
H 11.53650 25.74290 1.25201
H 13.66600 29.69230 0.45936
H 11.25660 31.67490 1.52554
H 8.51619 31.30440 1.48024
H 7.34034 34.22560 1.30365
H 4.07232 34.45170 1.45255
H 0.99197 34.53880 0.70850
H 2.78920 37.44910 0.85804
H 21.51650 22.90370 1.68071
H 18.77740 24.64310 1.95137
H 23.48050 45.56890 1.04598
H 17.75850 36.35900 0.35146
H 14.56180 35.65150 0.67612
H 18.76220 39.19740 0.81246
H 15.61600 38.64200 0.69935
H 12.38230 38.07020 0.96577
H 16.63490 41.63660 0.98364
H 13.40230 40.98960 0.96450
H 10.05450 40.47640 0.81719
H 14.47260 43.92650 0.84079
H 11.24780 43.45110 0.95642
H 8.00688 43.08940 0.59983
H 12.39700 46.57180 0.96849
H 9.27121 46.06710 0.85270
H 6.12335 45.61690 0.54887
H 6.51300 23.25190 1.18577
H 3.31642 23.26200 0.79054
H 8.24808 25.89400 1.12411
H 4.92683 26.01490 1.06250
H 1.75008 26.16090 0.55728
H 10.03730 28.64020 1.37895
H 6.76307 28.76210 1.25111
H 3.54470 28.86080 0.99711
H 5.45534 31.67920 1.11924
H 2.22491 31.70510 0.83149
C 23.60310 26.08270 2.86934
C 20.82770 27.68700 3.65581
C 14.78630 24.48390 3.90524
C 16.85080 28.86800 3.13151
C 23.72460 29.32180 2.84375
C 23.65760 32.75650 1.82876
C 23.26480 35.76200 0.51269
C 25.00460 43.64760 1.15179
C 22.09450 44.42980 2.82014
C 20.69560 31.17860 3.46977
C 17.67270 33.30260 2.49469
C 15.83170 31.11060 0.40341
C 20.48410 35.33460 2.82271
C 13.50180 34.52850 2.70008
C 20.37210 38.43680 2.52421
C 10.96140 36.94940 2.76898
C 21.45730 41.64230 2.62307
C 18.48090 40.99630 2.49889
C 8.11255 39.14150 1.66552
C 4.77982 38.94360 0.28211
C 16.14760 43.50230 2.55203
C 3.06911 41.77650 1.59005
C 14.07290 45.71030 2.54149
C 4.46380 44.40110 1.89547
C 2.44739 46.64880 1.74514
C 12.86400 24.58460 3.13916
C 12.44210 28.01740 1.84909
C 13.29290 30.96590 2.62847
C 10.04270 30.36260 3.16015
C 10.36270 33.57110 2.79471
C 5.86538 33.32020 3.01801
C 4.58571 36.22970 2.42350
C 0.85918 36.40840 2.29613
C 20.71570 24.53130 3.37476
C 17.84740 22.91080 3.50874
C 18.12610 25.85720 4.08068
C 16.50320 34.96350 2.06599
C 17.38360 37.95380 2.33828
C 14.19680 37.40350 2.36644
C 15.23730 40.32030 2.47286
C 11.72620 39.95460 2.45369
C 13.04010 42.81250 2.51325
C 9.58693 42.35460 2.32683
C 6.29958 41.92710 2.13412
C 10.94120 45.27240 2.48709
C 7.68442 44.85820 2.27271
C 5.49623 47.33490 2.17119
C 9.78549 25.00730 2.86932
C 6.52385 25.12970 2.69781
C 3.04929 25.09030 2.42897
C 8.25180 27.67070 2.83738
C 4.97693 27.80670 2.73004
C 1.68548 27.98960 2.30438
C 6.74190 30.56220 2.92438
C 3.74782 30.82550 2.54487
C 2.10979 33.45500 2.67583
C 20.26350 47.28930 -0.70008
C 17.24660 46.68070 -0.75138
C 15.16410 49.11760 -0.55887
C 16.44860 53.12420 0.14009
C 14.19870 56.01570 0.69829
C 17.88340 56.33470 -0.24898
C 20.21570 58.47900 -0.60938
C 22.05760 61.14750 -0.63375
C 23.93550 63.90930 -0.67557
C 19.08170 61.39450 -0.79588
C 16.37740 59.83880 0.16776
C 13.86710 58.34450 0.65457
C 10.31580 57.02000 1.28868
C 22.49250 66.47650 -0.90645
C 20.20170 64.60880 -0.23618
C 10.91020 60.45380 0.61675
C 23.25400 69.66050 -0.88375
C 11.30780 63.73210 -0.80778
C 11.81800 66.98310 -1.58873
C 9.35750 68.90690 -2.48001
C 13.84490 48.70230 -2.06938
C 7.03216 50.55520 -0.63054
C 3.71904 49.98580 -1.15904
C 11.31860 54.42520 -0.09009
C 8.18946 53.40080 -0.40147
C 4.94888 52.98940 -0.82280
C 1.60874 52.35030 -1.10774
C 7.28194 56.11020 0.91397
C 8.47643 58.05270 3.11682
C 7.29752 60.62280 -0.52365
C 9.19607 63.14740 -0.82320
C 8.47052 66.03090 -1.47952
C 7.30040 68.88290 -2.77239
C 23.33080 47.36620 -0.64094
C 21.42190 50.08740 -0.43554
C 17.74230 50.11650 0.79778
C 23.06510 52.83610 -0.60636
C 19.64570 52.85770 -0.12981
C 21.59760 55.57680 -0.51733
C 23.46500 58.37910 -0.59730
C 16.83760 63.58600 -1.04335
C 13.95660 61.81010 0.31743
C 20.07220 68.24390 -1.20381
C 17.23610 66.71500 -1.26108
C 14.17320 65.22840 -1.19934
C 17.57420 70.07210 -1.46366
C 14.66320 68.61160 -1.72626
C 12.25670 70.24200 -2.24358
C 12.05430 48.44110 -0.56103
C 9.16629 48.07550 -0.61787
C 10.42200 51.24020 -0.08363
C 3.39331 55.80960 -0.04507
C 5.54492 58.28370 -0.42844
C 2.07908 58.79750 -1.40657
C 4.19180 61.20710 -1.33317
C 6.26276 63.56090 -1.41993
C 2.92673 64.20200 -2.18600
C 5.10268 66.37090 -2.41007
C 1.91349 67.23000 -2.71479
C 4.06454 69.50470 -3.09538
H 1.80268 50.43200 0.60036
H 18.68420 47.82890 1.01788
H 16.01050 51.55180 1.60773
H 15.80150 54.72120 2.10444
H 16.14890 57.51750 0.79567
H 21.84340 59.34130 1.02102
H 18.73520 59.59070 0.87592
H 23.65180 62.06890 1.02799
H 14.21280 57.19700 2.85230
H 12.16940 55.45240 1.91738
H 22.34150 64.85030 0.86754
H 20.42640 62.43120 0.67321
H 17.21620 62.02360 0.76509
H 14.73300 60.17650 1.97354
H 11.91540 58.64590 1.95879
H 23.70540 67.79470 0.69970
H 11.81010 62.66360 1.13542
H 12.22780 65.72970 0.42064
H 9.80803 67.77440 -0.39748
H 10.21680 70.79990 -1.05935
H 13.43780 49.63920 1.20001
H 4.06114 48.01430 0.30510
H 11.45180 52.31240 1.41351
H 8.29996 51.60160 1.26821
H 4.98092 51.02630 0.70602
H 9.28920 54.76500 1.33619
H 6.28370 53.87050 1.07401
H 3.05651 53.39900 0.78824
H 7.23526 55.71740 3.47063
H 6.76645 59.22150 1.68583
H 8.79760 61.70260 1.12152
H 7.60417 64.56620 0.33663
H 6.68632 67.42280 -0.88092
H 5.75413 70.47920 -1.47892
H 25.01870 48.17810 0.80130
H 21.76390 48.16820 1.09424
H 23.24180 50.94830 1.00515
H 20.11930 50.87540 1.48261
H 21.60840 53.76210 1.17862
H 18.53880 53.64760 1.50371
H 23.23790 56.55810 1.11584
H 20.12170 56.51860 0.88928
H 20.63840 66.77790 0.58475
H 17.92760 65.14060 0.51675
H 14.88160 64.00050 0.45091
H 21.09060 69.82000 0.40952
H 18.10900 68.47150 0.24047
H 15.24040 67.06540 0.08631
H 15.55040 70.26070 -0.11686
H 12.79020 68.83460 -0.23123
H 10.32810 49.12160 1.24676
H 7.15784 48.57720 0.81649
H 4.96686 56.71400 1.41888
H 1.42353 57.26470 0.46602
H 3.59383 59.50930 0.42235
H 5.60347 62.12380 0.44957
H 2.49570 62.68470 -0.29456
H 4.52807 64.98510 -0.45651
H 1.39926 65.66700 -0.89324
H 3.64323 67.99190 -1.18249
H 2.64872 71.00340 -1.95556
C 20.31420 47.18610 2.79885
C 17.24610 46.47020 2.57180
C 15.15200 49.22250 2.41660
C 16.97760 52.80680 3.30094
C 14.05440 54.73210 3.42032
C 17.85550 55.97780 1.68535
C 20.11800 58.46780 2.51999
C 21.85220 61.37790 2.47702
C 24.00180 64.06690 2.42986
C 18.95560 61.51840 2.42571
C 16.84800 59.20610 2.40649
C 13.67340 59.51410 3.58263
C 11.96290 57.02330 3.84262
C 22.25800 66.77350 2.38838
C 20.08130 64.70280 1.57918
C 10.72050 60.77060 2.36070
C 22.92190 69.75440 2.07599
C 11.09400 64.33450 2.28214
C 11.44540 67.57760 1.45125
C 8.93523 69.62010 0.73054
C 13.60050 52.19780 1.06544
C 6.61150 50.31230 2.45711
C 3.29353 49.63140 2.04499
C 10.74280 53.95620 3.20426
C 7.94920 53.37510 2.87762
C 4.69890 52.61410 2.56009
C 1.51510 52.34970 2.39525
C 5.39226 55.51360 3.63968
C 7.77682 57.70890 5.01759
C 6.72785 61.17800 2.51296
C 8.51451 63.56290 2.37846
C 8.37752 66.21690 0.42013
C 6.98841 69.33990 0.40474
C 23.54350 47.38090 2.58949
C 21.77470 49.92160 2.78271
C 18.35890 49.80470 2.59966
C 23.33930 52.80870 2.63471
C 20.24550 52.80200 3.05437
C 21.51110 55.70330 2.70608
C 23.45620 58.47710 2.66991
C 16.68220 63.84920 2.22297
C 14.01080 62.40970 2.15944
C 19.80290 68.51300 2.04094
C 17.02900 66.91660 1.81269
C 14.17550 65.77320 1.95900
C 17.21150 70.28450 1.64602
C 14.45110 68.83600 1.58067
C 11.90140 70.87610 0.78678
C 12.10370 48.30030 2.75915
C 8.99725 47.97090 2.48366
C 10.04760 50.93080 2.92408
C 2.69786 55.60170 1.80585
C 4.43419 58.77340 2.68850
C 1.54796 58.86610 1.83836
C 3.61612 61.61470 1.72962
C 5.62998 64.29790 1.63231
C 2.57588 64.71990 1.05963
C 4.83292 67.13410 0.70813
C 1.74344 67.71550 0.42224
C 3.81529 70.10650 0.06277
C 9.84743 89.79540 -1.77698
C 11.34060 92.92790 -1.83904
C 8.20132 92.79070 -2.45544
C 4.90596 92.08120 -2.93987
C 1.61137 92.01330 -3.53885
C 5.42938 75.09820 -3.75358
C 10.19000 78.32970 -3.30086
C 6.91743 78.05580 -3.50099
C 3.79709 78.00660 -3.86868
C 12.12320 86.11870 -4.56990
C 10.41620 87.76050 -1.65264
C 6.87317 89.70800 -2.67589
C 3.54488 89.54490 -3.13002
C 23.28810 80.31960 -0.93610
C 20.27790 81.48000 -1.47790
C 17.28690 83.36560 -2.57992
C 13.72280 85.28070 -5.26317
C 13.60340 87.29080 -2.00697
C 12.93650 90.20450 -1.68379
C 15.26010 92.75320 -1.16066
C 17.85910 94.67600 -0.95169
C 23.36950 95.40880 -0.36381
C 23.53150 72.90670 -1.13290
C 24.01080 76.46470 -0.53450
C 21.49590 77.81640 -1.70824
C 9.56658 72.03630 -3.14515
C 16.41000 78.10700 -3.41443
C 13.11890 76.61200 -4.10184
C 8.68710 75.15910 -2.83232
C 16.34370 81.60160 -3.05340
C 6.30221 71.99770 -3.24889
C 3.04112 72.80770 -3.55276
C 6.30470 95.18840 -3.02681
C 3.18925 94.83110 -3.48937
C 8.26604 80.83370 -3.57122
C 5.09777 80.84840 -3.71393
C 2.22556 80.93700 -4.05275
C 9.59713 83.44170 -3.84172
C 6.52921 83.69420 -3.65077
C 3.63352 83.73550 -3.68800
C 8.30679 86.43840 -3.47026
C 5.09519 86.68870 -3.46025
C 1.93868 86.76880 -3.69314
C 22.54590 83.62550 -1.11838
C 19.91940 85.03110 -1.79530
C 16.79660 86.32580 -2.04674
C 22.15150 86.98350 -1.01326
C 19.30990 88.39240 -1.36222
C 16.03160 89.49770 -1.72224
C 24.55860 89.01640 -0.55579
C 21.67460 90.23570 -0.89920
C 18.49620 91.57410 -1.10978
C 24.14160 92.21300 -0.38364
C 20.98580 93.49970 -0.82776
C 20.46700 71.41160 -1.40387
C 20.99970 74.60030 -1.63397
C 18.08600 72.99540 -1.94337
C 15.02860 71.61220 -2.15165
C 18.58450 76.20440 -2.47426
C 15.67400 74.59220 -2.99072
C 12.50630 73.53290 -3.06081
C 18.91840 79.82990 -2.40123
H 11.10380 91.09400 -0.18329
H 7.93076 90.96770 -0.86066
H 12.58740 93.88910 0.07927
H 6.15471 93.44520 -1.38323
H 2.98524 93.05200 -1.81837
H 6.61114 76.16650 -1.89200
H 3.55710 76.35380 -2.40988
H 8.34364 79.11650 -1.77142
H 9.69010 81.93570 -1.59383
H 11.44420 84.29490 -2.92051
H 9.00398 88.47540 0.18886
H 4.88511 90.26910 -1.15659
H 1.62550 90.20170 -1.77778
H 22.75630 78.35340 0.32507
H 21.95270 81.85070 0.51300
H 18.82760 83.17100 -0.58421
H 15.94110 84.36370 -0.61747
H 14.36280 85.96120 -2.91183
H 12.28020 88.19860 -0.18752
H 14.48490 90.64040 -0.13993
H 17.10840 92.72170 0.55419
H 15.30450 94.87240 -1.02011
H 19.69250 94.76790 0.52259
H 24.23570 71.15950 0.51146
H 24.17960 74.40770 0.92436
H 21.69640 76.08670 -0.00634
H 19.28410 77.98750 -0.98686
H 13.46970 75.11220 -2.02978
H 10.45090 73.84980 -1.71249
H 7.87154 73.11270 -1.72294
H 16.45690 79.73870 -1.38558
H 13.84450 78.13710 -2.83021
H 4.80440 73.52430 -1.95376
H 9.41938 93.70600 -0.55681
H 5.19539 79.07660 -2.03513
H 2.01900 79.14420 -2.48699
H 6.58020 81.82090 -2.09983
H 3.53039 81.83300 -2.12079
H 8.20471 84.78210 -2.22565
H 5.03156 84.73660 -1.91589
H 1.90048 84.66540 -2.31931
H 6.63200 87.60550 -1.84850
H 3.39531 87.51390 -1.82474
H 24.94700 80.53390 0.84866
H 24.20210 84.01660 0.71052
H 21.28760 85.11800 0.35959
H 18.46860 86.36550 -0.28962
H 15.47380 87.57320 -0.38993
H 23.77110 87.09300 0.74827
H 20.87910 88.40350 0.56003
H 17.73650 89.57500 0.16690
H 23.21040 90.38160 0.97162
H 20.25110 91.56660 0.60901
H 22.68970 93.53630 1.04512
H 21.45190 72.94910 0.18331
H 18.50080 71.72310 0.12637
H 18.79230 74.81750 -0.45943
H 15.97620 73.35410 -0.84257
H 13.02850 72.18070 -0.93055
H 16.28580 76.50520 -1.51987
C 9.15742 90.73780 1.21732
C 10.92560 93.08390 1.30260
C 7.48631 92.90680 0.59417
C 4.49463 92.27060 0.03103
C 1.66956 91.91860 -0.05578
C 4.82938 75.35490 -0.32898
C 10.02640 78.22940 -0.11935
C 6.72302 78.12200 -0.34261
C 3.38058 78.21850 -0.62724
C 13.21950 82.55620 -2.37004
C 10.45290 87.85770 1.70459
C 6.65374 89.14770 0.14342
C 3.03278 89.18680 -0.01928
C 22.87540 80.12980 1.98036
C 19.99790 81.02090 0.40843
C 16.76170 82.44220 0.79795
C 13.50240 84.10720 -1.30150
C 13.55010 87.01550 1.23213
C 12.57810 90.09070 1.46304
C 14.75500 92.99430 0.74799
C 17.56870 94.14730 1.95521
C 22.94010 95.15000 2.83507
C 23.12820 72.82410 2.09884
C 23.07880 76.51430 1.93330
C 20.49550 77.94270 1.09694
C 9.33011 72.70140 0.22981
C 14.43720 78.09580 -0.92352
C 11.32520 77.64900 -1.62968
C 8.58836 75.33540 -0.89529
C 15.13650 81.16390 0.12812
C 6.16492 72.55720 -0.13672
C 2.83314 73.00600 -0.39798
C 5.94155 95.39090 0.11892
C 2.67133 94.97250 -0.28930
C 8.35278 81.27290 -0.46514
C 5.06299 80.93020 -0.44396
C 1.70261 80.92430 -0.82099
C 10.10570 84.34460 -0.65137
C 6.73874 83.74470 -0.50936
C 3.29094 83.64980 -0.53420
C 7.99857 86.29430 -0.25603
C 5.01488 86.57080 -0.23027
C 1.75452 86.26800 -0.46986
C 22.12640 83.43400 2.03110
C 19.06460 84.63560 1.41330
C 16.42250 85.72700 0.99166
C 21.77270 86.71050 2.13062
C 18.99150 87.87850 1.61738
C 15.68700 89.14470 1.49905
C 23.99340 88.75080 2.54909
C 21.21400 90.05600 2.33564
C 18.23130 91.01120 1.99860
C 23.64460 91.99950 2.78897
C 20.54700 93.28790 2.33084
C 20.22950 71.56010 1.89495
C 20.33540 74.73520 1.44683
C 17.37860 73.58110 1.13561
C 14.66840 72.26880 0.92271
C 17.51580 76.83730 0.41239
C 14.85810 75.33360 0.02340
C 12.02920 74.30110 -0.08545
C 17.52350 78.92860 0.68261
C 38.61340 0.45071 1.47569
C 35.47670 0.35732 0.83701
C 39.94650 3.06018 1.63059
C 48.59160 9.40218 1.32000
C 45.46050 8.95156 1.34316
C 42.43980 8.50435 1.47911
C 43.03200 11.58300 1.18182
C 33.82210 -0.30277 1.88042
C 27.66260 0.78432 0.55371
C 36.03160 3.21012 2.12047
C 37.87890 5.79747 1.39633
C 39.29030 8.55639 1.32115
C 26.49000 9.06650 0.18324
C 40.94430 11.12690 0.91598
C 39.74600 14.07940 0.66208
C 26.93170 14.85820 0.06722
C 28.60570 17.65360 0.20386
C 36.77780 20.30280 0.16592
C 33.29080 20.33220 0.43913
C 30.12600 20.43100 0.50602
C 26.43520 20.94000 0.58115
C 49.56630 11.12970 0.86186
C 46.44640 12.19150 1.33748
C 44.74840 14.36630 -0.72643
C 43.70010 17.50770 -0.95728
C 40.60330 18.87020 -0.41750
C 40.41160 21.94790 -0.61310
C 47.74300 1.12035 2.58073
C 44.78430 0.75309 2.46693
C 41.72880 0.46111 2.02460
C 49.17970 3.82269 2.15920
C 46.08790 3.59779 2.37907
C 43.08420 3.38928 2.09418
C 47.56320 6.54043 1.82175
C 44.19650 6.20462 1.97384
C 41.10480 5.94200 1.82796
C 30.74870 0.31548 1.17646
C 32.87890 3.07608 1.36929
C 29.45200 3.29164 0.79310
C 26.35070 3.22423 0.46924
C 34.44030 5.83528 1.16829
C 31.22100 6.09624 0.74567
C 27.94710 6.15534 0.47185
C 36.18680 8.52797 1.15161
C 32.97760 8.84679 0.81614
C 29.66460 9.00799 0.49492
C 37.75780 11.36580 0.96082
C 34.65200 11.51130 0.78944
C 31.50420 11.77310 0.62586
C 28.39280 11.97740 0.34788
C 36.29440 14.21960 0.57634
C 33.11920 14.62580 0.54641
C 30.10430 14.63900 0.39656
C 38.20930 16.79870 0.33158
C 34.93210 17.39990 0.33165
C 31.80820 17.42740 0.45229
C 49.11570 14.19170 0.11749
C 46.36960 15.73820 -0.23116
C 49.04670 17.62290 -0.46969
C 46.35580 19.05110 -0.68887
C 43.42790 20.82090 -0.97716
C 49.03930 20.65290 -0.85218
C 46.11840 22.19870 -1.24680
H 36.80660 0.98847 2.84972
H 41.16110 4.14376 3.48001
H 38.14430 3.96881 3.01482
H 48.95850 7.80359 3.22316
H 42.48120 7.08790 3.49554
H 46.88390 10.30990 2.76196
H 43.77690 10.00270 2.95490
H 30.68030 -1.34729 3.04773
H 27.67520 96.27760 1.90548
H 32.33870 1.35799 2.87215
H 25.89330 1.38841 2.03233
H 34.12000 4.41359 3.18673
H 39.29920 6.86088 3.12843
H 36.04050 6.92279 2.66718
H 40.79270 9.64107 2.80071
H 39.46250 12.41640 2.47678
H 26.72700 12.96820 1.80438
H 40.94090 15.83220 2.25022
H 38.00420 15.15660 2.13952
H 36.56930 18.18420 1.67283
H 27.01480 18.59390 1.62076
H 34.87000 21.23060 1.41512
H 31.76480 20.99350 2.44481
H 28.79690 21.41080 1.41558
H 48.61040 13.00110 2.16964
H 45.50950 14.49580 1.77191
H 42.84510 15.92070 -0.13269
H 42.48980 19.10950 0.54806
H 39.78760 20.84490 1.23981
H 24.73410 96.14070 1.50593
H 47.93600 -0.60178 4.26033
H 44.83910 -1.05039 4.15775
H 41.75050 96.21920 3.63343
H 38.77370 95.90150 2.69231
H 49.31200 2.23260 4.04414
H 46.12880 1.96528 4.19102
H 43.08940 1.63975 3.74663
H 39.98940 1.27304 3.35976
H 47.62190 4.91235 3.75593
H 44.39400 4.56251 3.78123
H 45.80480 7.46091 3.28381
H 29.04750 1.50765 2.44328
H 30.94800 4.26509 2.48278
H 27.73290 4.36091 2.16760
H 32.69910 7.11414 2.50640
H 29.51110 7.13489 2.15470
H 26.25550 7.23135 1.93032
H 37.69300 9.73849 2.80384
H 34.47270 9.81574 2.57616
H 31.24230 9.96891 2.28162
H 28.11740 10.03730 1.90242
H 36.21850 12.58780 2.39595
H 33.07160 12.78600 2.26705
H 29.87810 12.85080 2.12987
H 34.82160 15.52240 2.06093
H 31.54950 15.59490 2.18062
H 28.43330 15.77090 1.83016
H 33.36450 18.40100 2.01237
H 30.16290 18.43880 1.99843
H 48.27630 16.15880 1.33201
H 45.29970 17.64450 0.99344
H 48.13390 19.35020 1.00626
H 45.22910 20.78020 0.56065
H 42.50320 22.52400 0.60260
H 47.88600 22.41590 0.34337
C 38.33400 -0.04570 4.47215
C 35.14020 -0.36825 3.89544
C 39.44530 3.13585 4.89928
C 48.71030 10.07610 4.37374
C 45.51420 9.50536 4.64194
C 42.20850 9.07222 4.67488
C 43.04540 11.91200 4.44045
C 33.67760 0.74268 4.92926
C 27.27820 0.33802 3.70816
C 35.97910 3.02684 3.94012
C 37.48650 5.96575 4.47162
C 39.29860 8.82632 4.52372
C 26.16510 9.22671 3.33033
C 40.85690 11.63140 4.33568
C 39.94660 14.62480 3.64301
C 26.58750 14.92030 3.26981
C 28.34470 17.64000 3.47934
C 37.37070 20.55890 1.83421
C 33.85610 20.21350 3.61155
C 29.61650 20.25520 3.59798
C 26.41920 20.99490 2.48948
C 49.80840 11.87470 4.01701
C 46.46530 12.70940 3.21261
C 43.20200 14.56460 2.20229
C 43.13170 17.24430 2.07381
C 41.02450 19.67650 2.62941
C 40.88540 22.92740 2.45672
C 47.84710 1.29264 5.77780
C 44.45170 0.88307 5.62933
C 41.43100 0.48790 5.17630
C 49.34320 4.33151 5.36615
C 46.11940 4.06507 5.44484
C 42.70220 3.57248 5.23484
C 47.65220 7.09128 4.98338
C 44.31690 6.62996 5.03281
C 40.87180 6.09095 4.93572
C 30.42640 0.43159 4.25801
C 32.29250 3.43578 4.44054
C 29.10900 3.39558 3.96347
C 25.98200 3.25285 3.62280
C 34.24800 6.17729 4.31166
C 30.90580 6.15462 3.99192
C 27.74210 6.17618 3.71912
C 35.94520 8.83984 4.32728
C 32.66290 8.98121 4.06715
C 29.42790 9.09276 3.73223
C 37.71160 11.77520 4.19589
C 34.54650 11.75370 3.98732
C 31.37120 11.89990 3.84027
C 28.17410 11.95640 3.59120
C 36.37300 14.60650 3.82351
C 33.24300 14.71050 3.75251
C 29.74510 14.75570 3.69486
C 38.99870 17.44620 1.99008
C 35.08450 17.50820 3.56521
C 31.76540 17.56890 3.67024
C 49.30570 14.91290 3.24642
C 46.19640 16.20380 2.80834
C 49.10740 17.98200 2.81142
C 46.13990 19.42720 2.41805
C 43.29830 20.86040 2.10629
C 48.81270 21.18210 2.29896
C 45.94210 22.58660 1.85793
C 49.32390 30.09790 -0.13542
C 47.86070 32.61790 -0.63383
C 49.40680 35.59250 -1.18000
C 48.06290 38.40300 -1.66423
C 37.86940 23.75540 -0.96802
C 40.17950 26.10590 -0.60865
C 43.07420 27.41400 -1.40911
C 48.49010 27.26590 -2.15537
C 45.97220 29.12310 -1.98078
C 37.03840 25.73650 -1.08194
C 33.97630 23.94100 -0.45056
C 30.11140 23.58040 1.19567
C 40.60930 29.65050 -1.51945
C 37.63820 28.71260 -1.22153
C 28.39600 25.65180 -0.86188
C 44.26540 33.42160 -1.26139
C 41.21070 33.04010 -1.83757
C 25.78700 27.83070 -0.96899
C 41.99260 36.88760 -1.17073
C 39.29960 38.48370 -1.69538
C 37.12730 40.84590 -1.37430
C 34.60400 42.56370 -1.76864
C 31.38040 41.47730 -1.82140
C 28.16510 40.41530 -2.80102
C 24.80280 39.37440 -2.61852
C 24.07630 42.79740 -2.97107
C 31.46080 44.71870 -1.21034
C 28.25510 44.50070 -0.98191
C 32.68170 47.49730 -1.12496
C 45.78100 36.05250 -0.72379
C 44.67670 39.03140 -1.88669
C 41.71550 40.50270 -1.91009
C 46.85270 41.14040 -2.43068
C 40.90310 43.67380 -1.93641
C 37.96870 45.12200 -2.43155
C 35.07370 45.89090 -0.94806
C 47.00170 44.50180 -2.58615
C 43.14380 23.94300 -1.35300
C 48.84130 23.62920 -1.58044
C 46.01110 24.98510 -2.08169
C 34.52810 27.54760 -1.14406
C 31.42210 26.53750 -0.84344
C 38.09810 31.83320 -1.49180
C 35.13420 30.73110 -1.24910
C 31.93880 29.69750 -1.21814
C 28.95760 28.52950 -0.95266
C 38.68830 34.99670 -1.75588
C 35.61570 33.81620 -1.60610
C 32.56030 32.75720 -1.38698
C 29.33300 31.55690 -1.24495
C 26.08910 30.68250 -0.83278
C 36.33790 37.18780 -1.79852
C 33.25220 35.82050 -1.66951
C 30.21820 34.85950 -1.64979
C 27.14840 33.79010 -1.49513
C 33.79860 39.35920 -1.82863
C 30.61420 38.03640 -1.90506
C 27.02430 37.00060 -1.49920
C 29.70800 47.37140 -0.78596
C 43.86990 42.37190 -2.38789
C 43.71490 45.51800 -2.35867
C 40.61980 46.55690 -1.93785
H 47.82430 31.34350 1.61060
H 49.46350 33.95170 0.72560
H 48.03300 36.69590 0.12590
H 39.62350 24.07770 0.65253
H 42.43020 25.65040 0.19748
H 41.20540 28.17910 0.05457
H 47.67480 28.59890 -0.21644
H 44.65300 29.81030 0.21845
H 38.26390 27.11600 0.51549
H 35.21890 25.97310 0.69539
H 32.15620 24.89190 1.00297
H 41.88530 31.39620 0.06951
H 38.87840 30.25940 0.20747
H 29.73100 27.06840 0.91383
H 26.76400 25.88140 0.49340
H 42.34120 34.61210 -0.24718
H 39.76900 36.55420 -0.22851
H 41.20250 38.88970 -0.11903
H 24.94650 33.97300 -0.11269
H 37.96600 41.55690 0.97109
H 31.87910 39.52610 -0.18172
H 28.96420 38.28890 -0.52887
H 24.67830 37.63840 -0.59222
H 35.72220 43.71730 0.10985
H 32.55870 42.69620 -0.26615
H 28.24780 42.77330 -0.04384
H 33.06740 45.59720 0.36712
H 29.91440 45.35110 0.73043
H 46.18460 33.88120 0.51356
H 44.04890 37.57010 -0.05044
H 46.51250 39.68790 -0.36010
H 43.65570 40.79230 -0.54340
H 40.75210 41.95170 0.00638
H 38.38530 43.11950 -1.53318
H 46.03470 42.75200 -1.31980
H 45.17770 24.01440 0.03039
H 47.90690 25.47600 -0.60932
H 45.12580 26.99870 -1.09474
H 35.78650 29.08750 0.37489
H 32.76710 28.11230 0.46426
H 39.40410 33.38700 -0.05721
H 36.38120 32.29710 0.18524
H 33.27930 31.11820 0.33288
H 30.20260 30.06330 0.53306
H 27.19370 29.03570 0.63646
H 36.81420 35.36550 -0.15888
H 33.86990 34.28220 0.19244
H 30.73300 33.25250 0.04232
H 27.64270 32.11600 0.38609
H 37.36610 38.71790 -0.15098
H 34.37760 37.46540 -0.34636
H 31.40430 36.44620 -0.10944
H 28.16340 35.19570 -0.28090
H 34.97570 40.66190 -0.15416
H 26.64600 45.37780 0.78739
H 43.04540 43.83520 -0.68487
H 40.30060 45.01820 0.08312
H 37.32120 46.22750 -0.21778
H 45.75380 45.94510 -0.96121
H 42.77340 47.08500 -0.81406
C 49.32900 30.86700 3.06973
C 47.49180 33.78700 2.30771
C 49.52940 36.06590 2.01686
C 48.00730 38.82850 1.41333
C 37.83500 24.04900 2.36089
C 40.38220 26.32340 1.36400
C 43.49800 27.72790 0.79883
C 47.95920 27.23920 1.24571
C 46.20350 30.12910 1.16461
C 37.06350 26.03850 2.39210
C 34.55120 23.73400 1.43335
C 31.50650 23.10220 3.00366
C 40.94040 30.03280 1.63460
C 37.68390 29.00600 1.96528
C 28.72810 25.28990 2.23339
C 44.20060 32.36140 0.58727
C 41.44480 33.57960 1.47366
C 26.32080 27.61810 2.44780
C 41.92050 36.77710 0.90829
C 39.21120 38.47580 1.25520
C 36.63810 40.32610 1.67659
C 34.28170 42.28190 1.57335
C 30.42430 41.44950 0.27862
C 28.31730 40.39640 -0.98674
C 23.61830 38.81430 0.66212
C 25.83170 42.07580 -0.05184
C 31.78980 44.05550 1.73231
C 28.34450 44.11900 2.18617
C 32.99590 47.40080 2.08423
C 45.80820 36.30630 1.11275
C 44.54190 39.26690 1.17796
C 42.29590 40.35840 1.44575
C 46.74610 41.71160 0.83101
C 41.91390 43.73010 1.53316
C 38.07940 44.15110 0.82036
C 35.34730 45.93240 1.14339
C 47.53110 44.47520 -0.29884
C 43.57280 24.37150 1.88469
C 48.57400 24.21260 1.46653
C 46.10910 26.10690 0.85782
C 34.60590 27.83280 2.14949
C 31.78880 26.71910 2.35128
C 38.23220 32.14580 1.70549
C 35.24700 30.99330 1.83148
C 32.08480 29.86650 2.10307
C 29.01120 28.81290 2.33945
C 38.70940 35.17030 1.44403
C 35.79870 34.06570 1.71742
C 32.54230 33.00350 1.76029
C 29.55450 31.98830 1.91572
C 26.72840 30.81670 2.32917
C 36.11880 37.16830 1.38215
C 33.21240 36.19780 1.50837
C 29.90120 35.18390 1.46924
C 26.61060 34.19700 1.43204
C 33.57700 39.19660 1.37142
C 30.50870 38.08880 1.43783
C 26.86010 37.20450 0.47097
C 29.85140 47.21000 2.32265
C 44.65060 42.52470 0.68149
C 44.14710 45.57950 0.66745
C 41.37330 46.86680 1.25609
H 37.20480 60.16910 -0.25729
H 34.69190 58.62430 0.13333
H 40.34870 63.45770 -0.62899
H 37.25670 62.89630 -0.38240
H 44.52000 68.03320 -1.11280
H 40.87200 66.73270 -0.64726
H 29.16760 62.57630 0.79922
H 44.65220 71.16510 -0.94708
H 25.56010 65.13940 0.75404
H 26.77370 68.59680 0.60896
H 27.78820 71.52200 0.95167
H 34.47100 61.73480 0.16093
H 37.88330 65.72870 -0.34990
H 34.85310 64.88940 0.23817
H 31.93200 63.76320 0.51277
H 41.68510 69.75530 -1.09643
H 38.54200 68.85320 -0.63757
H 35.47480 67.92860 0.03270
H 32.29570 66.94030 0.14143
H 29.22230 65.88970 0.59648
H 36.27390 70.93420 -0.28933
H 33.11710 70.06970 0.30131
H 29.87830 69.18410 0.42296
C 47.99520 65.80180 -4.10644
C 49.19590 69.31220 -1.74346
C 35.01360 50.28560 -0.51258
C 35.91770 53.32660 -1.91974
C 33.83560 56.28020 0.52740
C 31.27880 55.53860 -0.79722
C 30.37530 58.63950 -0.18142
C 28.11040 61.05690 -0.81897
C 25.17930 61.08020 -0.64513
C 36.63650 58.15550 -1.51200
C 39.10190 61.39880 -1.08841
C 35.88930 61.46000 -1.83701
C 33.11840 60.10790 -1.14960
C 43.00520 66.13760 -1.84472
C 39.50550 65.30720 -2.16080
C 30.78940 62.17930 -0.97273
C 43.59740 69.78460 -2.71090
C 27.66220 64.16230 -0.22442
C 25.47780 66.99760 -0.89043
C 26.29650 70.60700 -0.85459
C 37.87580 48.20980 -1.60130
C 37.90990 51.13120 -1.49019
C 37.06790 54.89730 -1.80054
C 39.79070 56.54230 -2.11244
C 42.18750 58.81450 -2.21842
C 48.16110 59.13190 -2.22029
C 42.12540 62.11820 -2.21663
C 47.49900 62.17500 -2.17448
C 45.78990 63.47780 -2.12312
C 26.41280 47.15920 -0.91014
C 31.43030 50.07740 -0.92754
C 28.02810 50.03240 -0.82856
C 24.78170 50.06990 -0.66412
C 32.87080 52.86220 -1.15909
C 29.54630 52.76090 -0.89082
C 26.35120 52.89750 -0.71872
C 28.24220 55.64750 -0.71751
C 24.77330 55.66210 -0.62987
C 26.66210 58.28120 -0.70256
C 36.26220 64.55040 -1.75970
C 33.53600 63.50270 -1.30421
C 40.16460 68.45770 -2.38523
C 36.99650 67.42290 -1.87583
C 33.94570 66.53750 -1.37811
C 30.74060 65.32950 -1.09077
C 37.71830 70.56050 -2.23590
C 34.67750 69.56060 -1.60410
C 31.59140 68.84180 -1.28859
C 28.54510 67.69930 -1.03511
C 32.57160 71.78950 -1.42165
C 29.13570 70.97870 -1.17211
C 46.51890 47.70540 -2.47170
C 43.49750 48.86820 -2.34602
C 40.57730 49.84700 -1.95975
C 46.16090 50.87430 -2.44015
C 43.15330 51.91680 -2.22864
C 40.15550 53.37220 -2.00072
C 45.72970 54.07270 -2.38478
C 42.82810 55.30390 -2.25930
C 48.64860 55.96270 -2.42615
C 45.49110 57.09320 -2.37625
C 45.09730 60.31450 -2.22353
H 47.73060 64.90080 -2.19327
H 49.17590 67.22450 -0.29795
H 47.28080 69.53640 -0.57303
H 34.52910 48.01730 0.26317
H 33.00760 51.05680 0.61947
H 34.41860 53.87920 0.04094
H 32.50610 57.81350 2.08340
H 31.49040 60.51560 0.71119
H 28.25750 59.43630 0.71413
H 26.67770 62.22540 0.80917
H 37.16150 49.47280 0.31703
H 48.21170 47.83060 -0.51716
H 39.56930 51.48210 -0.41491
H 39.20690 54.89380 -0.33083
H 36.34150 56.26880 0.09884
H 38.87490 58.04710 -0.29465
H 41.36870 60.32160 -0.76803
H 46.88730 60.43050 -0.54931
H 44.19760 62.11460 -0.66592
H 31.35720 48.30160 0.76350
H 28.13840 48.13880 0.75096
H 29.76410 50.90850 0.66058
H 26.55190 50.98820 0.83432
H 31.25860 53.71470 0.51125
H 28.08190 53.74190 0.82909
H 24.80900 53.77650 0.90594
H 29.76370 56.52960 0.95743
H 26.56210 56.41800 0.90745
H 25.08600 59.23430 0.96962
H 39.87680 48.19080 -0.24685
H 45.37030 49.15170 -0.81475
H 42.43630 50.28150 -0.52195
H 48.11370 51.04380 -0.92447
H 45.03710 52.32480 -0.79049
H 42.19430 53.52800 -0.60844
H 47.66230 54.23260 -0.93922
H 44.73280 55.50660 -0.69905
H 41.76950 56.83670 -0.66459
H 47.35450 57.31610 -0.74207
H 44.27640 58.61230 -0.79539
C 46.85610 67.07540 -1.16813
C 48.53430 68.81420 1.54499
C 35.08680 49.98480 1.56705
C 36.33750 53.22880 1.52891
C 32.82100 57.64740 4.14284
C 31.32810 55.47740 2.28706
C 30.26600 58.71230 1.88917
C 28.12060 61.11030 2.41089
C 25.39510 61.16560 2.54865
C 36.91760 58.40680 1.33386
C 39.41050 60.26480 0.77386
C 36.46270 61.62460 1.52200
C 33.57910 60.17130 1.84265
C 43.14130 66.12120 -0.03827
C 39.92940 65.11440 0.99666
C 31.03630 62.35100 2.34670
C 43.72050 69.14760 0.27607
C 27.63920 64.22790 1.68548
C 25.56400 67.05670 2.24849
C 25.92990 70.44280 2.19379
C 38.26100 47.48830 1.44568
C 38.46460 50.81460 1.72865
C 37.58470 54.85470 1.64389
C 40.16190 56.55400 1.25611
C 42.43250 58.72210 0.84696
C 48.02820 58.93440 0.95797
C 42.10230 62.67010 -0.13724
C 47.16340 62.27040 1.12396
C 45.48940 63.55940 0.93268
C 26.56120 47.00800 2.33102
C 31.42280 50.13580 2.32906
C 28.25700 49.94430 2.34773
C 24.99330 49.94830 2.45376
C 33.05020 52.89530 2.03852
C 29.86750 52.78950 2.23963
C 26.53280 52.85400 2.48106
C 28.23630 55.55330 2.52398
C 24.89820 55.63060 2.58656
C 26.88850 58.31990 2.41390
C 36.96210 64.50460 1.47927
C 33.93210 63.41630 1.88435
C 40.56830 68.32330 0.70612
C 37.58050 67.54600 1.22766
C 34.22130 66.62400 1.71509
C 31.20490 65.60880 2.03967
C 38.39240 70.66730 0.94229
C 35.14120 69.84750 1.60602
C 31.75790 68.67060 1.84227
C 28.60110 67.85190 2.14228
C 32.62400 72.00660 1.75503
C 29.55800 71.09830 2.07549
C 46.59580 47.59440 0.75848
C 43.60850 48.70900 0.90107
C 40.64160 49.92130 1.20446
C 46.26000 50.82060 0.73111
C 43.24150 52.15140 0.93863
C 40.31060 53.34130 1.01640
C 45.92550 53.98650 0.81512
C 42.94970 55.34860 0.91005
C 48.45270 55.79550 0.81518
C 45.48390 57.24270 0.86685
C 44.95190 60.27600 0.92412
H 42.13660 72.96050 -1.80131
H 39.80700 75.21470 -1.30332
H 37.68970 77.30620 -0.15443
H 26.07690 73.20490 -1.14615
H 35.12150 79.46120 1.09055
H 32.25670 78.44190 0.18278
H 29.29580 77.53120 -0.65759
H 26.46670 76.43010 -0.91365
H 39.29990 71.96360 -0.95050
H 36.81480 74.12640 -0.44807
H 33.89500 73.17210 0.03253
H 30.75850 72.29380 0.18456
H 34.61570 76.39120 0.16787
H 31.63370 75.35660 0.19932
H 28.57070 74.65100 0.16502
C 44.22650 89.53340 1.92837
C 37.44530 89.68930 0.71424
C 48.35240 93.23450 2.56011
C 45.68630 92.09260 3.55369
C 42.67550 92.54010 1.85915
C 39.83660 92.41070 0.76100
C 36.04430 92.47580 0.35226
C 34.54030 93.96170 0.78307
C 46.30320 74.85530 0.16341
C 43.31230 76.12450 1.38547
C 41.39000 78.33580 0.15784
C 39.16920 80.48190 -0.85425
C 39.17560 83.59670 -0.21921
C 39.01280 86.96780 0.55019
C 41.04700 88.89650 2.48127
C 47.27790 87.99890 2.04831
C 46.75910 71.53560 -2.10340
C 29.72710 96.09050 0.71017
C 26.02200 78.85740 -0.56358
C 30.40270 79.82820 -0.73562
C 28.15000 81.08940 -0.37903
C 35.85640 83.38390 1.31860
C 33.27510 85.04160 0.53778
C 36.05680 86.65020 0.84559
C 32.99130 88.50500 0.77794
C 32.60120 91.82530 2.11241
C 29.64910 92.91170 1.24108
C 44.09410 72.85280 -2.80390
C 41.37820 74.74530 -3.30487
C 39.00020 77.01510 -2.42809
C 25.95330 74.59350 -2.67120
C 37.12050 79.69170 -0.65750
C 31.54580 76.99330 -1.67031
C 28.53990 75.61370 -2.17530
C 46.64350 95.66370 2.69570
C 43.68020 95.34020 2.32051
C 40.80930 95.25290 1.58148
C 37.75900 95.38880 0.50711
C 46.95650 78.52120 0.97938
C 44.37550 80.15240 0.85321
C 41.79620 81.92360 0.34252
C 47.00050 81.58910 1.44570
C 44.30410 83.33560 1.25287
C 41.80470 85.17680 0.89951
C 47.04000 84.87060 1.70009
C 44.36030 86.56760 1.65720
C 25.52210 82.41450 -0.59584
C 30.99310 83.11440 0.00264
C 28.02630 84.37740 -0.21865
C 25.22250 85.73460 -0.69471
C 30.43940 86.48000 0.25910
C 27.52190 87.70310 -0.11474
C 30.04030 89.80760 0.75416
C 27.10690 91.07360 0.16128
C 26.41530 94.60750 0.67961
C 40.71740 71.20280 -2.86527
C 38.20180 73.62460 -2.40675
C 35.49220 72.69040 -1.81449
C 36.20540 76.17800 -1.71136
C 33.46070 75.01410 -1.40944
C 30.45290 73.92580 -1.42080
C 34.29610 78.45840 -1.16282
H 42.45220 90.70650 3.38142
H 39.16530 90.51580 2.28138
H 46.92770 94.00750 4.40478
H 37.70870 93.22510 1.77141
H 33.78440 93.69160 3.26266
H 35.74530 95.71860 1.77971
H 45.84510 76.75510 1.91223
H 43.06090 78.43770 2.14321
H 40.40670 80.18420 1.31278
H 37.74220 81.79380 0.81528
H 48.42620 78.26750 3.09950
H 37.80120 84.96190 1.34309
H 37.60140 87.82310 2.31113
H 40.43490 86.49130 2.49910
H 45.71050 89.57220 3.45806
H 47.98570 91.26520 4.11129
H 47.29440 72.60210 0.13599
H 25.35110 77.39340 1.37452
H 27.73600 79.24410 1.29142
H 30.06490 81.36750 1.20821
H 32.41980 83.32780 2.07104
H 34.88100 85.19580 2.63246
H 34.71480 88.39190 2.09288
H 31.59820 89.63320 2.70388
H 28.46230 90.88740 2.29715
H 25.62180 92.31060 1.63382
H 30.68710 93.02800 3.34087
H 43.66710 93.55040 3.98990
H 40.58950 93.26730 3.03034
H 45.80400 79.90260 2.80311
H 43.09350 81.57530 2.41647
H 40.49530 83.35240 1.84549
H 48.62050 81.44880 3.29076
H 45.96510 83.14420 3.08156
H 43.19750 84.77600 2.96150
H 48.90390 84.74710 3.31383
H 46.03470 86.31860 3.47724
H 43.10710 87.80920 3.37031
H 48.78220 88.09110 3.61188
H 27.14360 82.63760 1.28652
H 29.65440 84.56790 1.54716
H 26.68760 85.84380 1.27686
H 32.12920 86.51690 2.07845
H 29.10530 87.73420 1.83559
H 26.13500 89.08070 1.34928
C 43.74500 89.44230 5.12730
C 36.58480 90.00820 2.33438
C 48.75190 93.02410 5.70805
C 45.05280 92.70310 5.46779
C 41.75320 92.22040 4.92547
C 38.58890 91.94740 3.86248
C 35.48040 93.38920 4.62779
C 32.39130 94.95540 3.70869
C 46.77210 74.41390 1.87825
C 43.73700 76.25260 3.26626
C 41.06980 78.47410 3.17506
C 38.18710 80.13910 2.46982
C 38.29550 83.22950 2.92850
C 38.40490 85.86240 3.59093
C 40.97260 88.07500 4.41349
C 46.78630 87.96640 5.20108
C 46.15260 71.13380 1.15202
C 29.04820 95.12620 3.72935
C 25.75970 79.30830 2.87583
C 31.86500 80.10320 2.05176
C 28.22630 81.07990 2.87582
C 33.63780 81.28190 2.17130
C 33.10290 84.98200 3.82776
C 35.93000 87.01650 3.92540
C 33.00920 87.97230 3.92906
C 32.62730 91.56400 3.90383
C 29.13240 92.04160 4.55142
C 43.43580 72.73620 0.39281
C 42.14210 75.52130 -1.67084
C 39.89340 76.67200 0.77695
C 26.56650 73.65260 1.38194
C 37.15570 78.42340 2.14815
C 30.75580 77.23550 1.50459
C 27.78160 76.75020 1.21297
C 46.42560 95.95130 5.87637
C 43.15280 95.38480 5.51240
C 39.93120 94.90490 4.64184
C 36.79770 94.64960 3.63779
C 46.58410 77.91740 4.20240
C 43.74450 79.89980 4.10807
C 40.88300 81.45060 3.41490
C 46.58630 81.34010 4.65145
C 43.89030 82.86770 4.36791
C 40.95690 84.60880 3.94589
C 46.92920 84.53910 4.90379
C 43.99410 86.12040 4.91515
C 25.02250 82.37110 2.42884
C 30.68660 82.89800 3.17025
C 27.63650 84.36070 3.00024
C 24.55810 85.58420 2.52104
C 30.12130 86.15430 3.42614
C 26.97430 87.54380 3.06003
C 29.68320 89.19470 3.80466
C 26.53320 90.60270 3.32564
C 26.11850 94.49490 2.66890
C 41.37470 71.74880 0.30638
C 39.01190 73.78750 0.60208
C 35.83810 72.75720 1.32695
C 36.57360 75.74800 1.41812
C 33.41740 74.88980 1.70953
C 30.26710 74.10250 1.78498
C 33.96090 77.90910 2.01437
C 55.10430 96.07140 2.18953
C 52.24660 95.33380 3.49186
C 49.44310 96.32280 2.49082
C 55.49910 4.14301 1.32618
C 52.39650 4.28163 1.90146
C 50.62170 6.75613 1.58967
C 60.20660 0.51950 0.95957
C 58.93660 3.45595 0.81789
C 57.79920 6.65186 0.85458
C 60.48750 7.90657 0.03100
C 74.02960 10.57840 -2.85492
C 68.74740 10.49050 -1.75819
C 65.46870 11.07140 -0.15316
C 61.53290 11.19270 -0.54601
C 71.47360 13.32810 -1.86098
C 68.26650 12.55180 -1.48435
C 66.41660 14.94100 -1.22096
C 63.28630 14.30120 -1.40597
C 63.84740 17.51120 -0.24995
C 61.72190 20.07190 -0.64534
C 63.34060 22.71850 -1.38671
C 60.54020 22.78350 -0.73008
C 54.60030 7.55886 1.69653
C 52.30950 9.53360 1.06400
C 57.75740 9.78496 1.26466
C 57.45940 13.12000 -0.05559
C 60.29970 14.05450 -0.88365
C 60.48770 17.36570 -0.56371
C 57.40790 19.32080 -1.35880
C 57.62570 23.25400 -0.51222
C 56.89740 1.18614 1.36704
C 53.91730 1.26423 2.11351
C 50.85060 1.39219 2.28214
C 69.27380 95.76140 -0.12074
C 66.28060 -1.01282 0.30399
C 63.11270 -0.18434 0.71086
C 71.60440 0.64218 -0.43990
C 68.55020 1.36735 -0.04709
C 65.49390 2.13263 0.21446
C 62.26850 2.93107 0.51445
C 70.76460 3.72056 -0.37889
C 67.53360 4.60250 -0.06954
C 64.39780 5.30670 0.14893
C 61.26470 6.03888 0.46625
C 73.13320 6.22232 -0.50997
C 69.91370 6.49198 -0.59881
C 66.73320 7.57663 -0.34947
C 63.64480 8.19277 -0.04331
C 72.76480 16.44150 -1.55804
C 69.52570 15.70060 -1.36414
C 70.65620 18.48490 -1.50646
C 67.26030 17.78980 -1.21198
C 71.98480 21.53230 -1.69251
C 68.73480 20.67450 -1.69264
C 65.19080 20.13660 -1.19372
C 54.79740 11.15650 0.44655
C 52.11810 12.76800 0.28957
C 54.85680 14.46310 -0.01137
C 51.91930 16.04990 -0.28948
C 57.83970 16.18430 -0.19611
C 54.60130 17.68760 -0.69175
C 51.79950 19.23220 -0.67099
C 54.69480 20.95370 -1.09974
C 51.76870 22.27570 -1.13417
H 57.08450 -0.59629 2.98041
H 54.28670 -0.19166 4.07760
H 55.76230 2.44834 3.19961
H 54.44360 5.42242 2.89810
H 52.37350 7.78738 2.78381
H 60.03560 96.35370 2.60511
H 58.91820 1.80597 2.62598
H 57.65070 4.82798 2.46628
H 59.88210 7.04979 2.23919
H 56.86360 7.88695 2.73739
H 71.57240 7.32758 1.06035
H 68.47640 8.02302 0.87206
H 65.24230 8.95084 1.22483
H 61.88110 9.45218 1.41983
H 72.45850 11.45770 -1.06572
H 73.08890 14.36900 -0.21915
H 69.88390 13.72450 0.05099
H 66.78410 13.07020 0.45999
H 64.65950 15.31170 0.35804
H 62.00910 18.48850 1.00997
H 60.82430 21.33560 1.31364
H 54.28650 9.86590 2.45530
H 51.41120 11.49940 2.25366
H 56.74890 11.77050 1.82121
H 59.42030 13.43250 1.62404
H 61.55560 15.29070 0.19151
H 59.34080 16.91950 1.60986
H 59.27120 19.54180 -0.24765
H 56.48980 21.16260 0.09874
H 53.58230 22.62670 0.53652
H 51.07600 -0.24852 3.99678
H 52.51110 2.55266 3.72733
H 50.70240 5.14646 3.50691
H 71.33560 -1.17438 1.18381
H 68.26630 -0.43361 1.64536
H 65.13430 0.40595 1.98330
H 62.07340 1.21770 2.34962
H 70.53720 2.02618 1.35689
H 67.30180 2.74843 1.59429
H 64.26580 3.57935 1.87921
H 60.97520 4.16009 2.06271
H 72.66450 4.34684 1.12945
H 69.50590 4.99236 1.34771
H 66.29100 5.95474 1.54602
H 63.15050 6.54803 1.84306
H 63.34420 12.41190 0.29687
H 71.05210 16.68770 0.20829
H 67.86680 16.06010 0.41279
H 72.26380 19.67190 -0.07047
H 68.96790 19.01760 0.10048
H 65.91660 18.57050 0.63089
H 70.08330 22.14570 -0.22285
H 67.01530 21.49430 -0.21579
H 63.76310 21.14580 0.43085
H 53.99670 13.10700 1.83513
H 51.11830 14.65770 1.54006
H 56.64770 14.88900 1.53873
H 53.82810 16.36510 1.23967
H 50.93880 17.82790 1.18350
H 56.53850 18.07800 0.69353
H 53.74770 19.52520 0.70128
H 50.81930 21.02100 0.82630
C 56.25970 -0.36995 5.28725
C 52.86050 96.21690 5.24015
C 49.73360 -1.27228 5.75594
C 56.21660 4.57616 4.45652
C 52.84530 4.83269 4.70368
C 50.97930 7.31115 4.65425
C 60.46990 0.60782 4.12116
C 59.35650 3.82105 3.93950
C 58.20350 6.70747 4.07326
C 60.17130 9.09581 3.32032
C 71.40220 9.55767 0.03363
C 69.26290 10.11670 0.37250
C 65.30630 11.43050 1.68408
C 61.08950 11.60860 1.43808
C 71.60360 12.85900 1.08735
C 68.41710 12.77470 1.93150
C 66.43410 14.95410 2.08281
C 63.07680 14.03420 1.88420
C 64.02520 17.34650 1.63788
C 62.74740 20.24080 2.49614
C 64.13640 23.17190 1.79166
C 60.91790 23.46900 2.50812
C 54.67610 7.77419 3.71772
C 52.35120 9.97517 3.91354
C 57.96040 9.99357 3.24287
C 58.11420 13.54370 3.10451
C 60.60490 15.58780 2.52510
C 59.89980 19.17530 2.13797
C 57.77020 19.86640 1.73467
C 57.57900 23.02010 1.44944
C 57.35340 1.23390 4.53443
C 54.41900 2.04107 5.17711
C 51.12470 1.62777 5.53345
C 69.85140 95.94050 3.16659
C 66.74450 -0.82969 3.53042
C 63.57530 -0.06107 3.83859
C 72.12810 0.64871 2.73097
C 68.86140 1.43706 3.10630
C 65.72940 2.32622 3.45234
C 62.62690 3.13264 3.67733
C 71.03060 3.88163 2.92302
C 67.80160 4.68415 3.07072
C 64.70390 5.54773 3.38293
C 61.54540 6.02057 3.62811
C 73.08900 6.24822 2.79808
C 69.85390 6.94224 2.79108
C 66.75940 7.96616 2.89688
C 63.40270 8.75620 3.02122
C 72.95070 15.83200 1.59373
C 69.69350 15.42600 1.81773
C 70.87690 18.62110 1.64027
C 67.85970 17.86720 2.00238
C 71.81170 21.45370 1.47731
C 68.74310 21.01070 1.47747
C 65.77000 20.48170 1.74087
C 55.08000 11.76630 3.63076
C 52.18490 13.52400 3.45045
C 54.78340 15.07210 3.13955
C 52.09640 16.48410 2.91894
C 57.23490 16.95130 2.79111
C 54.84540 18.22690 2.50342
C 52.08280 19.64300 2.45330
C 54.97590 21.24420 2.01806
C 51.62530 22.98950 2.03214
C 73.88760 27.71410 -1.70302
C 63.51880 25.91300 -0.27656
C 71.18150 29.16100 -2.60558
C 67.87370 29.14590 -2.58790
C 64.91390 28.76390 -1.62682
C 60.10340 26.19200 -0.77511
C 56.72480 26.84720 -0.95669
C 53.42190 27.58850 -0.83188
C 61.90020 28.64910 -0.91846
C 52.39870 30.24100 -0.58374
C 63.73290 31.65960 -1.28883
C 65.91040 34.32830 -1.15269
C 64.40740 37.57350 -1.16975
C 63.09210 40.38500 -1.00785
C 49.84740 41.17590 -1.99213
C 61.81890 43.16670 -1.05510
C 58.54810 43.40370 -1.46602
C 52.57600 43.74410 -2.82557
C 57.30490 46.47320 -1.30221
C 53.57590 46.67770 -2.44676
C 51.25080 25.21100 -2.07591
C 71.23680 32.31180 -1.08009
C 68.19940 32.03470 -2.86783
C 69.62150 34.48720 -0.81493
C 68.06790 37.15140 -0.95575
C 66.34510 40.12570 -0.93171
C 64.61230 43.21940 -0.96185
C 63.36730 45.64160 -0.94634
C 50.69070 44.43180 -3.63914
C 73.03370 24.60130 -1.82102
C 69.74600 23.79670 -1.99342
C 66.80260 23.23620 -1.89478
C 70.55940 27.11780 -2.12116
C 66.94040 26.24420 -1.79326
C 58.75030 29.30400 -0.96754
C 55.52550 29.88160 -0.82935
C 60.55270 31.92980 -1.17159
C 57.41390 32.34270 -1.01133
C 54.29880 32.60830 -0.79151
C 51.11200 32.78210 -0.69193
C 62.34730 34.74630 -1.42456
C 59.21650 34.90970 -1.34093
C 56.16470 35.11690 -1.24737
C 52.83120 35.33670 -1.14558
C 61.34170 37.67430 -1.25049
C 58.10020 37.90460 -1.50314
C 54.68920 37.98700 -1.64619
C 51.35680 38.16340 -1.62812
C 60.00860 40.57550 -1.18601
C 56.79040 40.74490 -1.66394
C 53.59230 40.76930 -2.14405
C 55.53490 43.72360 -1.92385
C 54.41670 24.37830 -1.01261
C 73.27900 34.86810 -1.75232
C 71.14480 37.35810 -1.02437
C 72.75560 40.21780 -1.02569
C 69.44580 40.19580 -0.98275
C 71.14750 42.96110 -0.98436
C 67.90500 43.05470 -0.91695
C 72.68770 45.76820 -0.92579
C 69.63940 45.66530 -1.06152
C 66.24010 45.79700 -1.11196
H 65.06570 24.04590 -0.27707
H 62.23800 23.99780 0.48833
H 71.92370 28.33910 -0.40104
H 65.60750 27.17320 0.06574
H 69.61970 30.53890 -1.39062
H 66.72610 30.06400 -0.58172
H 59.42890 24.42690 0.77879
H 56.24670 24.96300 0.62326
H 61.65870 27.03960 1.04175
H 55.33260 27.99910 0.64893
H 52.12270 28.34150 1.18313
H 63.68000 29.80550 0.36220
H 51.00450 31.23840 1.22544
H 65.23590 32.57330 0.50508
H 64.18140 35.58980 0.03220
H 62.83520 38.47910 0.55891
H 49.78460 39.45290 -0.16367
H 61.48570 41.40830 0.60357
H 51.93700 42.09950 -1.22612
H 60.02940 44.20670 0.53825
H 56.87020 44.44020 0.07190
H 53.64160 44.87130 -0.71172
H 53.22130 25.67700 0.72874
H 50.93250 26.91920 -1.13214
H 73.15420 32.92550 -0.23422
H 69.79850 32.71060 0.98064
H 67.73760 33.01010 -1.27387
H 68.07600 35.52910 0.86782
H 66.25810 38.23280 0.48416
H 64.68150 41.20410 0.51228
H 63.15240 43.92500 0.82128
H 49.21460 43.57930 -1.94569
H 73.15380 22.83440 -0.01158
H 71.07380 25.21450 -0.57267
H 68.08410 24.64730 -0.37765
H 68.66030 27.63950 -0.83205
H 58.50070 27.47750 0.64925
H 60.54390 30.13900 0.57798
H 57.35910 30.53830 0.71655
H 54.10650 30.91500 1.00530
H 62.24990 32.88910 0.26001
H 59.17150 33.24790 0.41603
H 55.95660 33.50440 0.61345
H 52.75690 33.82490 0.76110
H 60.87550 35.81110 0.25549
H 57.78750 36.15380 0.20956
H 54.51650 36.38050 0.19211
H 51.22020 36.57300 0.27609
H 59.61880 38.74680 0.16255
H 56.32830 38.98780 -0.07593
H 53.01230 39.19940 -0.20145
H 58.19350 41.63480 0.16663
H 55.01150 41.90950 -0.42807
H 50.60780 24.05120 0.07603
H 71.24780 35.58340 0.76046
H 72.79290 38.34550 0.59153
H 69.54350 38.36550 0.62667
H 71.15620 41.12030 0.68470
H 67.96410 41.14600 0.72546
H 72.76160 43.87430 0.58032
H 69.57440 43.86900 0.72246
H 66.28280 43.98200 0.64850
C 73.73150 27.94120 1.43435
C 63.93480 26.36460 1.77098
C 72.31840 30.54850 0.36986
C 68.78810 29.49870 0.66944
C 65.70040 29.22490 1.54430
C 59.88740 26.27430 2.40611
C 56.76290 26.57410 2.16990
C 53.94090 27.23160 2.50482
C 62.19350 29.17320 2.28810
C 52.55080 30.28160 2.82779
C 63.91050 31.88210 1.86750
C 66.32500 34.73700 1.03045
C 64.45850 37.21540 1.94143
C 63.07350 40.25470 2.13943
C 49.58090 41.86740 -0.32695
C 61.51410 43.11880 2.41191
C 58.29000 43.42840 1.93256
C 51.82240 44.12480 0.31219
C 57.16340 46.79630 0.67005
C 53.45750 46.84580 0.82677
C 50.90910 26.12520 1.32739
C 71.11780 31.04450 2.05617
C 67.51060 31.88660 0.96306
C 69.65670 34.36560 2.47659
C 67.86290 37.39270 2.28316
C 66.21720 39.94060 2.09829
C 64.82390 42.93840 2.27129
C 63.19530 45.76980 2.28866
C 49.29860 45.64420 -0.80534
C 72.56750 24.77350 1.37215
C 69.82480 24.07490 1.19762
C 66.84460 23.45480 1.29059
C 70.51520 27.19760 0.80454
C 67.74620 26.45790 1.15433
C 58.85590 29.28120 2.25603
C 55.70540 29.64230 2.38110
C 60.68890 32.13090 2.03734
C 57.59180 32.48940 2.18510
C 54.26970 32.92810 2.40570
C 51.00780 33.40840 2.51906
C 62.52320 34.83140 1.77821
C 59.16990 35.18290 1.91830
C 56.05730 35.58320 1.91846
C 52.82640 35.95060 1.99082
C 61.09330 37.71950 1.85527
C 57.76770 38.11280 1.65934
C 54.50660 38.46680 1.51793
C 51.13830 38.81320 1.45019
C 59.62500 40.57850 1.86851
C 56.19170 40.92540 1.43459
C 52.94280 41.45150 0.89829
C 55.12950 43.84340 1.20121
C 54.49450 24.22760 2.25012
C 72.87630 33.80140 1.63932
C 71.18530 37.34000 2.28658
C 72.84740 40.19670 2.21002
C 69.50170 40.19790 2.28156
C 71.20270 42.95400 2.33992
C 67.86930 43.05160 2.29706
C 72.62770 45.67230 2.27173
C 69.26900 45.87440 2.14695
C 66.21430 45.95450 2.05034
C 53.32610 60.65540 -2.09013
C 50.53790 61.36800 -1.93882
C 59.64840 64.71180 -0.64566
C 56.31540 64.16880 -1.12391
C 50.07050 63.91150 -2.24670
C 60.81570 67.66190 -0.45792
C 65.02370 71.49070 0.00949
C 61.74690 70.70120 -0.25332
C 67.62700 48.92190 -0.40325
C 63.87790 48.73930 -0.87248
C 72.98370 51.14730 -1.05819
C 70.08490 52.64280 -0.11931
C 73.26340 54.85600 -0.10093
C 73.75050 68.43510 -0.39339
C 51.60720 47.40900 -2.55986
C 52.62520 51.28480 -1.67398
C 51.60060 54.48770 -2.27675
C 51.50340 57.95890 -2.03020
C 60.60210 47.25990 -1.26875
C 65.07870 51.69280 -0.53628
C 61.72260 50.65390 -1.25779
C 58.57350 50.08510 -1.99382
C 70.25400 55.97600 0.40666
C 67.87010 54.18680 1.97358
C 65.58250 54.92710 -0.11474
C 56.28000 52.59030 -2.20990
C 72.72580 58.55020 1.05851
C 53.77320 54.81950 -2.05933
C 57.93910 58.75060 -1.44555
C 54.94500 57.86880 -1.87761
C 62.27250 62.20230 -0.54275
C 59.22310 61.64290 -1.32381
C 72.12030 67.26240 0.06858
C 62.93770 65.29420 -0.40557
C 70.69740 70.04040 0.62453
C 67.23610 68.94800 -0.07020
C 63.92510 68.30270 -0.32735
C 53.03630 63.68550 -1.34946
C 57.52080 67.04660 -0.88811
C 54.32230 66.91700 -1.32129
C 51.20510 66.81980 -1.65246
C 58.59650 69.95000 -0.46775
C 55.52990 69.79590 -0.85403
C 52.35880 69.66110 -1.10802
C 70.99420 48.61690 -0.88786
C 49.13930 49.34700 -2.48614
C 48.93790 52.73500 -2.45709
C 55.53360 49.28240 -2.42816
C 62.70510 53.76650 -0.98161
C 59.26450 53.17110 -1.72993
C 69.34230 57.87620 0.84589
C 66.33510 57.37210 0.33304
C 63.39730 56.99540 -0.46916
C 60.19500 56.34380 -1.22338
C 57.01910 55.70330 -1.74894
C 70.55690 60.95740 0.71352
C 67.32130 60.38820 0.31576
C 64.29350 59.79030 -0.20959
C 61.29700 59.32120 -0.85579
C 71.42560 64.06210 0.48628
C 68.24680 63.36430 0.22176
C 65.14030 62.77240 -0.10367
C 69.13840 66.56930 0.18683
C 66.17430 65.83590 -0.04408
H 72.15070 56.19980 1.75571
H 54.90310 62.12970 -0.81024
H 52.09460 61.74670 -0.17044
H 49.06690 62.59550 -0.39426
H 61.04310 65.77390 1.15309
H 57.61150 65.11900 0.84387
H 62.12460 68.78850 1.28090
H 55.25560 47.85360 -0.81643
H 64.50300 46.75700 0.43634
H 69.74040 49.46950 1.10682
H 64.94770 49.74700 1.25002
H 72.33310 52.58010 0.29285
H 50.98560 49.48050 -1.08260
H 50.69550 52.79350 -0.63745
H 50.25120 56.07460 -0.89088
H 49.94950 59.35740 -0.56993
H 61.80600 48.71400 0.38929
H 58.66390 48.41690 -0.41487
H 65.73450 52.82490 1.38487
H 62.73420 51.90310 0.57425
H 56.59620 50.79530 -0.61572
H 69.22940 56.22280 2.77262
H 66.09840 55.83010 2.11782
H 54.19290 52.89280 -0.81772
H 70.74130 59.17940 2.43484
H 55.04630 56.00290 -0.18464
H 71.53910 62.48920 2.52199
H 55.90560 59.27060 0.06884
H 53.00450 58.70390 -0.62897
H 72.64430 65.36760 1.83601
H 60.25310 62.75280 0.68073
H 57.42650 62.06260 -0.26704
H 70.47660 67.84690 1.82982
H 64.25820 66.46820 1.28304
H 68.27190 70.23310 1.49887
H 65.23040 69.48670 1.38769
H 54.39070 65.03400 0.09867
H 51.18230 64.80750 -0.22801
H 58.81720 68.19530 0.94328
H 55.70540 67.82630 0.55899
H 52.50300 67.62320 0.26076
H 56.76820 70.85040 0.99128
H 53.70820 70.52960 0.63558
H 50.34790 69.99120 0.41313
H 71.08720 46.66160 0.63161
H 67.85370 46.71510 0.34078
H 72.75050 49.32380 0.75070
H 59.64030 51.38840 -0.12580
H 63.42480 55.03530 0.97838
H 60.49040 54.36760 0.05960
H 57.35530 53.72060 -0.27325
H 67.36340 58.76930 2.07843
H 64.39080 58.13700 1.47153
H 61.31770 57.39590 0.70104
H 58.13140 56.78150 0.09338
H 68.56770 61.68420 2.00532
H 65.34210 61.08660 1.58243
H 62.27510 60.42860 1.12601
H 59.22590 59.75270 0.35333
H 69.46690 64.83530 1.84969
H 66.38120 64.06750 1.60357
H 63.27830 63.55220 1.25804
H 67.30560 67.13480 1.73609
C 53.85530 60.53240 0.88598
C 50.19140 61.15400 1.22039
C 59.48210 64.39510 2.39698
C 55.81030 63.40300 1.19883
C 48.77080 64.89680 0.20588
C 60.46760 67.58300 2.72442
C 64.74200 71.21030 3.15576
C 61.66690 70.61690 2.94319
C 67.30820 48.96420 1.52849
C 63.24660 47.96410 2.18305
C 72.45640 51.36920 2.18038
C 70.04240 51.92060 1.73294
C 73.83560 54.32080 1.66431
C 73.89710 68.61690 3.03152
C 51.61780 47.84180 0.88579
C 52.43310 51.27820 0.16597
C 51.27220 54.59920 0.92677
C 51.15330 57.73230 0.78708
C 60.32640 46.68600 0.52266
C 63.98000 51.22310 2.69135
C 61.10140 50.34040 1.66710
C 58.05740 50.11070 1.28534
C 71.55190 55.51810 3.71506
C 67.56440 54.98510 3.92376
C 64.50560 54.35470 3.11346
C 55.77270 52.38250 1.02530
C 72.06160 58.93390 4.53017
C 53.54090 54.26680 0.99316
C 57.36000 58.63070 1.64663
C 54.28320 57.47360 1.17312
C 61.71470 62.27810 2.60768
C 58.60110 61.51070 1.96097
C 72.26740 67.35070 3.46860
C 62.75520 65.33970 2.82003
C 70.61620 70.23220 2.52389
C 66.70610 68.98020 3.22737
C 63.82510 68.19480 2.92429
C 52.57680 63.71550 1.25269
C 57.18980 66.82210 2.34046
C 54.03480 66.56700 1.95453
C 50.73620 66.52810 1.49319
C 58.34630 70.01390 2.67644
C 55.17680 69.42280 2.25166
C 52.03300 69.38620 1.99031
C 71.10630 48.41200 2.48957
C 49.26200 49.73770 0.84569
C 48.73360 52.75480 0.81028
C 55.25230 49.26980 0.95376
C 61.76690 53.51700 2.03781
C 58.92320 53.09490 1.48449
C 68.83300 58.35840 4.02292
C 65.74850 57.77630 3.51113
C 62.64070 56.73770 2.54201
C 59.62890 55.95150 1.77320
C 56.55830 55.30320 1.47521
C 70.23030 61.36410 3.84386
C 66.94720 60.75920 3.44621
C 63.76400 59.91190 2.98917
C 60.56570 59.05980 2.27155
C 71.03080 64.46770 3.76605
C 67.98960 63.63150 3.41056
C 64.75230 62.97430 3.07914
C 69.06740 66.75760 3.39632
C 65.79700 65.89040 3.13665
C 70.83070 86.57120 -0.32769
C 67.58230 85.71990 -0.06208
C 65.94870 87.61260 3.07066
C 62.65950 88.96830 1.06534
C 62.17040 91.87080 0.99830
C 59.02340 91.84900 1.92567
C 58.09650 95.66290 1.22366
C 49.54490 76.00910 0.46717
C 51.51910 77.33190 2.98260
C 55.98700 80.26570 1.12780
C 61.90670 84.35860 1.42678
C 49.89210 90.23390 2.95995
C 60.54780 87.05690 1.72744
C 57.68290 88.18020 2.23377
C 52.63010 91.32270 3.19102
C 59.42350 90.66620 3.73687
C 55.24500 94.13220 2.77146
C 66.13530 74.65810 0.83639
C 49.68270 72.13420 -0.57614
C 63.79360 76.57660 -0.35845
C 54.34360 75.36400 0.01493
C 51.25210 75.27260 -0.02648
C 64.98220 79.08470 -0.50659
C 61.90880 79.14870 0.15581
C 58.70640 78.93150 0.77532
C 54.82340 78.56370 0.83668
C 67.05350 82.33540 -0.51565
C 63.60390 81.87990 0.10762
C 64.57980 85.24960 0.88663
C 73.39300 71.83670 -0.44582
C 70.59250 73.29780 -0.15217
C 70.31180 76.69390 -0.21767
C 68.68620 73.83410 -0.45014
C 70.20880 80.08640 -0.11638
C 70.56250 83.40470 -0.27934
C 70.95620 89.60810 0.00664
C 68.02760 89.96790 0.78473
C 65.05940 91.25140 0.62003
C 70.18810 92.79680 -0.01396
C 67.21830 93.54480 0.36075
C 64.21830 94.29590 0.74382
C 61.11600 94.95410 0.88399
C 72.42870 94.98120 -0.53019
C 49.83400 79.96090 1.78469
C 52.75840 81.14950 2.64114
C 49.96590 83.01190 1.86711
C 59.53050 81.74550 2.37317
C 55.69140 83.32640 2.03693
C 52.62130 84.52560 2.30419
C 50.02080 86.53550 2.05236
C 58.38500 84.90280 1.96652
C 55.23630 86.38910 2.43338
C 52.60250 87.93760 2.50342
C 55.20210 89.83170 2.75270
C 62.59030 73.54020 -0.28056
C 59.58380 73.05330 -0.21314
C 56.52840 72.88560 -0.33050
C 53.53280 72.56440 -0.76310
C 60.58310 76.19610 0.00362
C 57.44240 75.95570 0.04953
C 73.26290 75.02030 -0.56990
H 49.96410 94.52140 4.04365
H 69.11820 85.12760 0.91389
H 62.57730 87.41380 3.09062
H 70.57380 87.99190 1.74637
H 67.41630 87.69930 1.70370
H 64.67930 89.54960 2.43541
H 61.71240 90.42880 2.83869
H 60.86830 93.32890 2.55414
H 57.77950 93.81380 3.03311
H 51.19740 79.55950 3.89376
H 55.07870 81.52930 3.08428
H 61.96500 82.48060 2.12595
H 57.74920 83.21100 3.57955
H 60.44740 85.21520 3.48743
H 59.72900 88.17590 3.75516
H 57.19190 89.65940 4.16833
H 54.42750 90.93010 4.83500
H 50.71470 91.81800 4.73455
H 66.17940 72.45210 2.27029
H 63.08090 71.83490 1.40410
H 64.15630 74.67920 1.12963
H 51.64220 72.98150 0.63948
H 65.81780 77.23060 1.05561
H 55.94200 76.40810 1.72412
H 52.73260 75.63240 2.03170
H 66.82470 80.16910 1.02886
H 63.87260 79.84090 1.56926
H 60.72760 79.61730 2.23888
H 57.80060 80.04170 2.82305
H 65.11590 82.88320 1.17223
H 71.87470 72.01280 1.53419
H 69.12100 72.95560 1.87128
H 68.43680 75.69910 1.13176
H 68.72530 78.36150 1.00165
H 72.10280 84.98520 0.74610
H 69.00740 81.96020 0.88912
H 53.09580 93.71830 4.03249
H 70.02440 91.08670 1.66267
H 66.96080 91.79810 2.03083
H 64.00540 92.60290 2.41596
H 72.15100 93.32910 1.27748
H 69.12250 94.13060 1.74686
H 66.19010 94.88980 2.05283
H 62.97720 95.62790 2.37903
H 51.47770 82.88100 3.82077
H 54.53740 84.54500 3.99971
H 51.67680 86.15410 3.95734
H 57.32840 86.32200 3.73100
H 54.49260 87.80590 4.10790
H 51.71870 89.32110 4.28799
H 59.92410 71.24600 1.28056
H 60.97190 74.25350 1.41429
H 57.94000 73.87870 1.42586
H 54.73460 73.32270 1.30576
H 62.29700 77.12610 1.49817
H 59.08950 76.77600 1.94355
H 71.55890 75.07600 1.18291
H 71.63970 78.39780 0.94243
H 71.81290 81.65280 0.89117
C 72.08020 86.77660 2.55668
C 69.11460 86.46490 3.07661
C 66.42060 87.88830 4.84401
C 63.19130 89.37350 4.57265
C 62.40440 92.40720 4.22433
C 56.16790 93.75010 6.24172
C 58.39560 95.39090 4.29235
C 49.63990 76.23880 3.11547
C 52.10470 77.41540 4.97002
C 56.21040 79.66910 4.50056
C 61.76340 83.57090 4.53732
C 49.53210 89.68860 5.31607
C 61.30060 86.85820 5.21134
C 58.05470 87.80560 5.57851
C 52.39330 90.73580 6.21157
C 56.58940 92.10800 4.56168
C 54.23590 93.07470 6.22103
C 66.47660 74.23360 4.15870
C 49.47090 72.09550 1.33812
C 64.16990 76.37790 2.91353
C 54.53470 74.84520 3.25126
C 51.62020 73.64980 3.03207
C 65.61550 78.97740 3.02133
C 62.45370 78.81690 3.37060
C 59.23840 78.37140 3.86629
C 55.59730 77.68430 4.03969
C 67.25650 82.23020 2.60749
C 64.16730 81.66800 3.23746
C 64.42260 85.92990 3.04672
C 73.92650 72.09120 2.90974
C 71.13140 73.66720 3.20365
C 70.31420 76.83070 2.34542
C 68.34740 74.73690 3.50765
C 70.23550 80.13000 1.95453
C 70.61960 83.44750 2.01382
C 71.37850 89.80140 3.24398
C 68.26540 89.88670 2.76791
C 65.40820 91.39560 3.98741
C 70.69800 92.87890 3.16540
C 67.62730 93.61700 3.57947
C 64.62670 94.51610 3.84335
C 61.41160 95.06570 4.18816
C 73.05610 95.18830 2.57824
C 49.31210 79.72780 5.05934
C 53.02610 81.11660 4.54620
C 49.74880 82.96070 4.95898
C 59.16650 81.56530 4.34562
C 55.83890 82.71570 5.09878
C 52.55140 84.38570 5.53143
C 49.56330 86.30140 5.19829
C 58.67780 84.85350 5.18181
C 55.53670 85.92910 5.46196
C 52.68680 87.60300 5.75279
C 55.57700 89.04010 5.95583
C 62.74620 73.68410 2.89971
C 59.70890 72.91480 2.98034
C 56.56460 72.57570 2.78536
C 53.13130 72.12050 2.46208
C 60.96040 75.95090 3.18884
C 57.67260 75.45500 3.36762
C 73.61040 75.34190 2.44222
C 89.81200 2.40298 -3.71909
C 93.92700 5.22570 -3.79519
C 90.43690 5.24179 -1.92975
C 95.47830 8.24409 -4.27241
C 83.14740 0.67731 -2.55678
C 79.96370 1.22642 -2.14986
C 78.92990 4.42608 -1.25983
C 76.28910 5.68886 -0.37300
C 75.13170 9.12824 0.38056
C 72.15740 10.74100 -3.52969
C 74.79740 14.36900 -2.11446
C 76.57260 16.66060 -0.69775
C 77.52300 19.81310 -0.56605
C 86.55280 2.33695 -1.95285
C 83.67360 3.47789 -0.85321
C 81.79230 5.53928 -1.98948
C 86.10440 5.83336 -2.33052
C 80.68050 8.67405 -2.14454
C 77.66180 9.47049 -1.75735
C 92.69150 8.03739 -2.70001
C 88.84250 7.92595 -2.44064
C 77.50190 12.60260 -1.79445
C 95.45600 9.81752 -2.78363
C 79.77820 14.52530 -1.99485
C 0.58310 12.07400 -4.07406
C 81.38930 17.18470 -0.86050
C -0.00059 15.10020 -2.33289
C 81.09270 20.02410 -2.03513
C 95.48210 18.32680 -1.87306
C 92.81020 18.98220 -1.25206
C 89.92330 20.03550 -1.75786
C 86.75720 21.36170 -1.10961
C 1.02880 20.11460 -1.98941
C 95.73820 22.93090 -2.11117
C 1.11720 -0.14373 -3.86462
C 95.04210 -0.45023 -3.91470
C 91.66550 -0.36112 -3.90117
C 88.02190 -0.46405 -3.26999
C -0.86501 2.65021 -4.19357
C 93.17020 2.29550 -3.97165
C 0.32735 5.61277 -4.42665
C 80.78040 95.89210 -2.15285
C 77.63830 -1.07025 -1.57797
C 74.56420 -0.09323 -0.98306
C 76.62900 2.05529 -1.60909
C 73.61210 3.10765 -0.82690
C 74.32470 19.26950 -1.42601
C 75.17720 22.13250 -1.22240
C 83.28440 6.78843 -1.82295
C 85.94150 9.05120 -2.27837
C 83.03000 10.39090 -2.05157
C 80.29760 11.67880 -1.82781
C 90.67310 10.28160 -2.94186
C 88.25960 11.51960 -2.43294
C 85.40000 12.65870 -2.10792
C 82.77870 13.45370 -2.00894
C 93.30720 12.47670 -3.42167
C 90.71910 13.53450 -2.61120
C 87.66120 14.71710 -2.10176
C 84.81130 15.88910 -1.78812
C 93.17940 15.82220 -2.38039
C 90.35020 16.98410 -2.01445
C 87.22700 17.80560 -1.77835
C 84.40680 19.07300 -1.82908
H 90.06860 0.42262 -2.19886
H 91.71220 3.14797 -2.20494
H 88.77340 3.28294 -1.48911
H 95.84530 6.32707 -2.72955
H 92.74300 6.10688 -1.76577
H 85.91780 95.74780 -1.41739
H 84.84480 1.28458 -1.29931
H 81.80940 1.89253 -0.63805
H 78.71410 2.53763 -0.40634
H 78.28700 5.20856 1.20728
H 74.75580 6.83317 1.40612
H 76.18800 14.18980 -0.40642
H 77.36630 18.11230 1.18175
H 78.47100 21.23580 1.32744
H 85.93090 4.27449 -0.49289
H 82.86470 5.57156 0.23055
H 80.02390 6.75036 -0.84844
H 88.38440 6.46450 -1.09995
H 76.64950 11.02230 -0.09203
H 90.86400 8.63261 -1.16064
H 79.15750 13.07170 -0.14828
H 0.83162 9.96240 -2.38982
H 93.13060 10.55270 -2.36355
H 79.00840 16.19810 -0.69109
H 79.93670 19.15840 -0.55797
H 95.19810 15.92360 -1.18820
H 82.88730 20.20000 -0.26337
H 80.73050 22.20830 -0.57839
H 94.67550 18.48010 0.52767
H 91.81500 19.84460 0.10478
H 89.17780 21.40500 -0.24658
H 0.38897 18.10980 -0.64636
H 96.01190 20.66980 -1.03495
H -0.62105 0.85990 -2.48213
H 93.39980 0.47975 -2.27902
H 0.61707 3.72151 -2.78901
H 94.74290 3.32617 -2.37621
H 74.52020 95.59200 0.65653
H 82.81830 -1.21846 -0.79407
H 79.67900 -0.45756 -0.38306
H 76.60060 0.33354 0.19158
H 73.66390 1.25587 0.89563
H 75.76780 3.46562 0.33115
H 74.29180 17.31480 0.05854
H 75.39870 20.39980 0.45726
H 77.35950 7.88865 0.11493
H 85.40220 7.44756 -0.62182
H 82.49250 8.62075 -0.49167
H 79.57770 9.92377 -0.33225
H 87.91890 9.66220 -0.88361
H 85.01580 10.72300 -0.68270
H 82.12130 11.87010 -0.30902
H 90.29110 11.73160 -1.01003
H 87.34410 12.85060 -0.60145
H 84.44630 13.92020 -0.29717
H 81.63640 14.78190 -0.29516
H 92.79270 13.62940 -1.17437
H 89.72360 14.89680 -0.82709
H 86.76070 16.02620 -0.17491
H 83.80590 17.05250 -0.55949
H 92.15080 16.80110 -0.34268
H 89.11960 18.17490 -0.23438
H 86.08620 19.18650 0.07200
C 90.20510 2.17151 -0.32251
C 94.54080 5.18508 -0.72593
C 91.41920 5.73797 0.98885
C 95.58530 8.20279 -1.08625
C 83.58190 0.57699 0.70505
C 80.63810 1.52428 0.90598
C 77.65340 3.69688 2.83755
C 77.06360 6.93533 2.51707
C 74.92580 9.10062 2.52112
C 71.89700 9.63777 1.92758
C 74.51360 12.39100 0.07630
C 76.09260 16.04710 1.24484
C 76.73660 19.59650 2.46168
C 86.83920 2.37237 0.07089
C 84.05920 3.97942 1.19224
C 80.80500 5.43386 1.24225
C 86.72850 6.11905 0.92932
C 80.66090 8.32661 1.05326
C 77.96940 9.91471 1.50343
C 92.28620 7.34157 0.31435
C 89.25700 8.20642 0.59769
C 77.34610 12.87470 1.41485
C 0.22655 8.72348 -0.27105
C 79.77840 14.81030 1.36375
C 2.37739 11.25040 -0.87111
C 79.40960 17.69330 1.47446
C -0.32810 14.03900 -0.95331
C 80.97020 20.49770 1.28265
C 95.36320 16.15790 1.26982
C 92.61170 18.06780 1.75835
C 89.65440 19.81390 1.58450
C 86.85370 21.45210 0.79717
C -0.35984 19.65030 1.14269
C 95.26880 22.19710 0.98062
C 0.94344 0.03249 -0.77159
C 95.22910 -0.30436 -0.86903
C 91.90460 -0.48531 -0.65174
C 87.89950 -0.35825 -1.33213
C -0.62847 2.64568 -0.87997
C 93.44230 2.30257 -0.59217
C 0.51821 5.66524 -1.17152
C 81.27150 95.85680 1.02235
C 78.28440 -0.92069 1.56860
C 75.24250 -0.15507 2.17875
C 77.41820 2.19999 1.67223
C 74.23670 3.18197 2.37861
C 73.92180 18.92010 1.70899
C 74.69370 22.21870 1.86217
C 83.68360 7.27581 1.21146
C 86.30690 9.27769 0.82490
C 83.30620 10.27740 1.02528
C 80.31580 11.56360 1.30189
C 92.08230 10.43380 -0.02985
C 88.73120 11.33670 0.77898
C 85.66580 12.36050 1.05077
C 82.79790 13.46900 1.42183
C 94.23090 12.02030 -0.46768
C 91.20720 13.39460 0.55927
C 88.11780 14.46680 1.03169
C 84.84440 15.73240 1.23703
C 93.59030 15.22490 0.63577
C 90.27400 16.44130 1.09248
C 87.29360 17.81600 1.48395
C 83.91710 18.74700 1.34437
C 82.26840 47.85360 0.19339
C 91.69690 45.80890 -1.22510
C 0.92838 47.08800 -2.25655
C 85.15990 24.79220 -1.86593
C 81.63060 24.36490 0.44972
C 90.39550 26.65740 -1.87807
C 87.03310 27.31680 -1.76388
C 80.58820 28.09830 -1.18016
C 89.30270 29.63330 -1.67838
C 79.38850 31.35220 -1.24290
C 91.42810 32.02520 -1.56003
C 78.56190 34.24940 -1.04096
C 93.33430 34.35500 -1.36393
C 80.59630 36.77470 -1.10299
C 95.44750 36.69690 -1.33476
C 82.60470 39.28890 -0.95357
C 84.87970 41.71500 -0.81205
C -0.55468 42.18650 -1.07255
C 93.30320 42.93370 -1.07401
C 89.79780 43.70190 -0.74606
C 86.49970 44.30900 -0.16197
C 83.99680 44.97890 -0.03835
C 95.77380 45.26240 -1.12740
C 78.31980 22.86770 -0.67282
C 79.23740 25.58130 -1.15528
C 77.18520 28.50050 -1.20997
C 76.23380 31.40000 -2.28014
C 74.81150 34.88370 -3.03261
C 77.62010 37.21010 -0.92743
C 79.50000 39.95870 -0.88586
C 81.21180 42.60570 -0.38526
C 79.78230 46.01250 -0.34928
C 83.06110 22.27250 -1.64867
C 88.70280 23.88790 -0.66696
C 93.70940 25.38920 -0.94545
C 89.85590 24.48650 -2.30178
C 92.75270 28.80460 -1.63744
C 94.69080 31.34940 -1.36079
C -0.49613 33.83250 -1.11246
C 83.92910 27.68690 -1.57365
C 85.96460 30.21030 -1.44586
C 82.89480 30.74170 -1.39429
C 88.14280 32.52950 -1.41755
C 84.90770 33.13460 -1.39501
C 81.77580 33.70090 -1.24248
C 90.13950 34.97480 -1.38446
C 86.83690 35.56880 -1.21336
C 83.81880 36.26540 -1.14798
C 92.26310 37.39590 -1.33443
C 88.98690 38.16680 -1.31259
C 85.71810 38.63300 -1.07289
C 0.57465 39.26960 -0.98691
C 94.62520 39.93100 -1.06935
C 91.22780 40.63910 -1.08154
C 88.02960 41.18500 -0.90700
C 76.03100 24.98940 -1.42345
C 74.43510 37.58130 -1.06133
C 76.23680 40.08880 -0.98116
C 77.79910 43.00540 -1.06395
C 74.55370 43.07950 -1.00442
C 76.04910 45.85760 -0.91701
C 0.26103 25.57360 -1.41190
C 96.03670 28.52200 -1.33999
C 0.77940 30.99330 -1.01702
H 84.71400 47.30260 0.45573
H 93.89760 46.26370 -0.24834
H 86.89120 25.42790 -0.52982
H 83.75240 25.79480 0.21270
H 88.92060 27.72470 -0.19317
H 82.58880 28.86410 0.15408
H 79.08400 29.49570 0.16003
H 91.13620 30.01950 -0.14300
H 80.41050 34.84590 0.43352
H 95.06810 34.92700 0.31990
H 82.39510 37.32990 0.54801
H -0.18628 37.39230 0.36847
H 84.39650 39.76690 0.65408
H -0.96035 40.44320 0.76528
H 83.47180 42.76700 0.62090
H 95.10380 43.43690 0.48621
H 91.90040 44.08160 0.57978
H 88.70220 44.63370 1.10266
H 85.54620 44.76840 2.08505
H 79.21320 24.43820 1.08290
H 77.24640 26.48790 -0.15103
H 75.05380 28.95630 0.09080
H 76.12130 33.59590 -1.33616
H 77.44240 35.48550 0.83340
H 79.29880 37.96590 0.56686
H 81.26540 40.37150 0.83853
H 79.25820 43.81270 0.37689
H 85.00120 22.86140 -0.11745
H 94.00350 22.96040 -0.14439
H 92.13510 27.03100 -0.03841
H 94.40790 29.49550 0.05332
H -0.92200 31.99270 0.45211
H 85.65150 28.30540 0.10066
H 87.82550 30.67110 0.04139
H 84.60740 31.36830 0.26770
H 81.37180 31.79650 0.29430
H 78.19740 32.50100 0.82643
H 93.13890 32.43760 0.23083
H 89.98170 33.04830 0.19781
H 86.69850 33.67180 0.22302
H 83.60770 34.32300 0.28415
H 91.92400 35.52810 0.27011
H 88.75290 36.26470 0.24728
H 85.56890 36.78900 0.49595
H 94.05120 37.96970 0.26612
H 90.84480 38.60550 0.26990
H 87.59820 39.20090 0.41614
H 93.00920 41.07550 0.49183
H 89.80180 41.64970 0.74048
H 86.68060 42.15470 0.87748
H 76.29840 23.45760 0.53256
H 74.15060 25.90070 -0.01974
H 74.34970 35.55970 0.47986
H 76.05710 38.23440 0.68748
H 77.70190 40.96420 0.48569
H 74.46550 41.06170 0.51152
H 76.03880 43.80320 0.54064
H 0.00849 23.40330 -0.12448
H 95.77480 26.38640 0.06931
H 0.38476 29.09220 0.51546
C 84.08910 46.60510 2.90938
C 92.60120 46.05320 1.90623
C -0.52455 49.19400 0.92350
C 85.61200 24.59840 1.61411
C 81.20360 24.39080 2.49169
C 90.17100 25.90810 0.95741
C 87.20640 27.02190 1.45577
C 80.78140 27.70480 0.74313
C 89.36830 29.36730 1.50371
C 79.71250 30.67540 1.95107
C 91.33370 31.64660 1.74194
C 78.87750 33.98880 2.30730
C 93.30300 34.19130 1.88828
C 80.61070 36.64730 2.11207
C 95.29140 36.63900 1.94192
C 82.65950 39.05370 2.29903
C 84.82660 41.56750 2.28378
C -0.73617 42.35310 2.28395
C 93.51170 42.86620 2.05534
C 90.45350 43.41810 2.39718
C 87.08620 43.69400 2.84836
C 83.89410 43.13530 3.08298
C -0.38469 45.19320 0.69215
C 77.69450 23.02600 2.55700
C 78.02370 26.29220 2.21304
C 77.06330 28.90080 0.62834
C 74.97370 31.33000 -0.66720
C 75.88880 33.64800 1.20327
C 77.68070 37.36790 2.36266
C 79.23110 39.89860 2.16745
C 81.14180 42.58290 1.58828
C 79.82490 46.06130 1.45779
C 83.72720 21.96850 1.38584
C 91.44840 22.37550 0.20585
C 93.62250 25.30640 0.85722
C 90.25880 26.30690 2.69613
C 92.47910 28.66150 1.48826
C 94.48330 31.11380 1.83596
C -0.87660 33.71930 2.08279
C 83.93370 27.46260 1.76970
C 86.06610 30.07090 1.73005
C 82.86180 30.52860 1.84545
C 88.15610 32.37500 1.74464
C 84.94290 33.08710 1.92998
C 81.89930 33.55240 1.90543
C 90.07860 34.90830 1.84187
C 87.05370 35.40340 1.85755
C 83.87010 36.06220 2.08683
C 92.23200 37.35330 1.89624
C 89.09690 38.00740 1.95706
C 85.90070 38.59050 2.11172
C 1.14939 39.27570 1.18495
C 94.50510 39.73290 2.04227
C 91.26980 40.29640 2.09531
C 88.05800 40.79330 2.27257
C 75.88290 25.51980 1.71400
C 74.44040 37.26760 2.22888
C 76.05800 40.19210 2.18366
C 77.72410 42.91750 2.11097
C 74.35770 42.87270 2.15661
C 76.19550 45.59280 2.34944
C -0.03685 24.99740 1.73287
C 95.64710 27.95450 1.67799
C 0.33991 30.81780 2.15809
C 88.53310 46.79890 -0.12688
C 85.58520 48.64960 -0.93376
C 82.55460 49.81360 0.13508
C 79.82880 51.77080 0.41562
C 77.04730 53.41610 -0.56289
C 93.85940 48.01230 -1.35955
C 76.86290 56.87780 -0.32945
C 74.04100 57.73290 2.20261
C 76.65720 60.05110 -0.19337
C -0.52730 52.30500 -1.23308
C 93.85540 53.97030 -1.00187
C 90.93760 55.52730 -0.92953
C 88.12370 56.80800 -0.95134
C 76.52640 63.43050 -0.07365
C 87.51690 60.24300 -1.42423
C 85.53710 61.65400 -1.01969
C 79.27810 64.62360 -0.63499
C 84.69430 64.42850 -1.69537
C 82.14080 66.67150 -0.48315
C 85.95150 67.82000 -1.64712
C 77.97730 49.06890 0.44998
C 75.87090 51.74320 -0.84977
C 81.79490 70.01780 -1.41345
C 79.31250 68.14080 -0.18487
C 76.23610 66.77210 0.45086
C 73.87260 63.32990 2.80980
C -0.38290 56.01980 -0.72542
C 93.61540 57.01050 -1.29170
C 92.78270 60.12400 -1.66005
C 91.46120 62.83470 -2.07448
C 90.71570 66.04930 -3.55122
C 87.87620 65.01960 -1.83072
C 89.13510 69.05790 -3.46560
C 90.75220 71.82070 -2.47220
C 91.26530 48.99150 -0.79568
C 88.35480 50.47410 -0.73733
C 85.52980 52.08270 -0.81165
C 82.49680 53.06910 -0.33582
C 79.76820 54.92650 -0.47768
C 93.98500 50.89370 -0.88814
C 91.17130 52.27140 -0.85361
C 88.24720 53.80500 -0.83720
C 85.41990 55.07800 -0.75635
C 82.37990 56.60300 -0.68689
C 79.51360 58.23970 -0.53592
C 84.97560 58.24110 -1.16375
C 82.20270 59.92670 -0.93140
C 79.36970 61.50970 -0.55885
C 82.09100 63.09100 -0.99185
C 74.57360 48.52450 -0.71907
C 76.31070 70.10500 -0.60385
C 96.01930 59.36540 -1.57316
C 0.94164 61.74460 -1.99519
C 94.87590 62.34830 -2.13843
C -0.10377 64.76850 -2.64484
C 93.88810 65.03420 -2.91080
C 95.83250 67.96400 -3.17818
C 92.55950 68.52780 -3.35333
C 0.74383 70.27790 -3.39562
C 94.63500 71.08650 -3.56785
H 83.04420 48.90070 2.52857
H 90.84280 47.19320 0.61591
H 87.54270 48.95890 0.75145
H 82.04000 51.78260 1.65626
H 78.84120 53.32210 1.10730
H 76.22250 54.90840 1.28656
H 0.93008 47.27980 0.25416
H 76.16450 58.12160 1.44574
H 95.86740 50.97070 0.74681
H 93.01850 52.39920 0.71824
H 76.04350 61.36520 1.53115
H 92.86660 55.63460 0.61517
H 89.89810 56.97960 0.88923
H 87.09660 58.40010 0.24541
H 75.78010 64.53670 1.57959
H 88.35010 61.29990 0.76371
H 81.33690 64.63600 0.76805
H 78.53210 66.16080 1.06356
H 86.63470 63.68680 -0.30626
H 84.59460 66.20840 -0.32045
H 77.49730 46.58150 0.95418
H 75.77420 50.04790 0.96620
H 84.98670 70.26830 -1.49329
H 82.97270 68.90410 0.49840
H 80.07890 70.30040 0.55456
H 77.36290 68.84600 1.23321
H 74.48920 70.30650 1.22840
H 95.68700 54.03240 0.20477
H 95.34450 57.79720 0.26477
H 92.37100 58.57620 0.27844
H 91.49320 61.39060 -0.01449
H 89.84530 63.98560 -0.55755
H 89.45020 66.78480 -2.13376
H 91.11960 69.44870 -1.95197
H 87.84880 69.52000 -1.65774
H 84.82790 50.51580 0.60052
H 93.16700 49.29050 0.73700
H 90.32300 50.69220 0.91229
H 87.43710 52.15650 0.82308
H 84.54110 53.52220 0.99709
H 81.71420 55.02110 1.02350
H 78.87480 56.59280 1.13560
H 90.17730 53.84730 0.74099
H 87.25550 55.30780 0.80305
H 84.41040 56.75630 0.74777
H 81.56560 58.31030 0.90845
H 78.79420 59.86360 1.08489
H 84.32700 59.98850 0.31339
H 81.41270 61.51030 0.77053
H 78.69500 63.07890 1.21072
H 84.06790 63.14440 0.34884
H 74.33290 46.56070 0.77145
H 0.49973 60.22680 -0.04831
H 94.61280 60.81590 -0.14944
H -0.57914 63.22040 -0.82440
H 93.37520 63.83830 -0.77629
H 95.53750 66.12700 -1.43811
H 92.43000 66.62420 -1.77256
H 0.39163 68.76800 -1.42872
H 94.41320 69.22040 -1.82668
H -0.75841 71.89390 -2.23942
C 88.70350 47.04830 1.81681
C 85.62850 48.87630 2.28596
C 82.87420 50.56380 3.77994
C 79.83680 51.35940 2.34011
C 76.99800 53.04630 2.77689
C 94.13760 47.46700 1.91844
C 77.05250 56.11520 2.79406
C 74.07090 59.07000 3.83806
C 77.25940 59.58560 3.00972
C -0.52348 52.75950 2.16890
C 94.05660 54.06760 2.07891
C 91.17090 55.45570 2.39493
C 88.27800 57.14560 2.17795
C 77.13610 63.07140 3.17865
C 90.05840 59.44220 0.61824
C 85.90470 61.73190 1.03057
C 79.78740 64.77790 2.62941
C 85.47380 64.84210 1.49524
C 82.62590 66.59690 1.27832
C 85.47010 68.50610 0.26846
C 77.74510 48.69250 2.20682
C 75.48610 51.68790 2.79627
C 82.13610 70.43290 1.98778
C 79.68630 68.18490 1.67832
C 76.51440 66.82850 2.33457
C 73.64810 61.61300 1.65173
C -0.44735 55.96860 1.28825
C 93.69420 57.43540 2.10554
C 93.06630 60.54030 1.73898
C 91.76260 63.44690 1.05206
C 90.73260 66.24470 -0.02103
C 88.84430 62.90910 0.39869
C 89.15090 68.81620 -0.50584
C 91.04020 71.45810 -0.62790
C 91.25020 48.96870 2.30134
C 88.42990 50.56290 2.44221
C 85.60880 51.91960 2.45385
C 82.76810 53.57200 2.83461
C 79.81300 54.85550 2.64164
C 93.89980 50.89060 2.35302
C 91.25160 52.33370 2.43382
C 88.32780 53.79150 2.39597
C 85.42830 55.28090 2.42346
C 82.65770 56.77180 2.51335
C 79.80560 58.27890 2.63519
C 85.41770 58.55710 2.06305
C 82.73540 60.05870 2.22593
C 79.90150 61.45840 2.58499
C 82.56310 63.09450 2.26351
C 74.24230 48.38870 2.41514
C 76.63100 70.50410 2.75024
C 95.95550 59.70220 1.62657
C 0.54581 62.29580 1.19184
C 94.88420 62.97660 0.91073
C -0.51881 65.22700 0.55753
C 93.72550 65.89380 0.22025
C 95.83120 68.13340 -0.01536
C 92.72130 68.56840 -0.27324
C 0.67233 71.05310 -0.39786
C 94.83920 71.16850 -0.37735
C -0.09510 94.46240 -3.80831
C 93.64440 94.33650 -3.97961
C 90.34200 94.32160 -3.87999
C 0.71792 77.91410 -4.23356
C 94.71930 77.97960 -4.84957
C 89.81770 80.75220 -5.44567
C 87.59940 83.01810 -4.50920
C 86.97370 86.17150 -5.01101
C 0.09436 89.38900 -3.58518
C 94.25270 89.26670 -3.94405
C 87.38330 89.10710 -4.08362
C 92.35180 91.78620 -3.87835
C 73.87040 88.65930 -0.32048
C 84.02190 89.10950 -4.10135
C 79.12070 90.46980 -1.64034
C 84.92090 92.22780 -2.98757
C 86.82870 94.41720 -3.46260
C 83.76130 95.12480 -2.71475
C 90.01010 75.31880 -2.75496
C 86.73350 71.80450 -2.24144
C 83.31950 69.96190 -3.05808
C 86.19210 75.39970 -4.05885
C 87.39280 78.84830 -4.74654
C 84.52880 81.09480 -3.28609
C 83.97240 84.12020 -4.44428
C 81.81920 86.07280 -3.45297
C 80.77940 88.27990 -1.87000
C 76.58950 86.78890 -1.60376
C 73.44810 84.95780 -1.35237
C -0.02492 73.90080 -3.46884
C 93.71320 72.95580 -4.08686
C 95.01820 75.90060 -4.99666
C -0.84349 80.85700 -4.64940
C 92.97770 80.73700 -5.19497
C 0.49127 83.83160 -4.22018
C 94.39610 83.83980 -4.74145
C 91.28590 83.61850 -5.15774
C 95.96640 86.66470 -3.97879
C 92.72140 86.59790 -4.49707
C 89.40190 86.40820 -4.62727
C 90.69440 89.20080 -4.00901
C 88.65470 91.82150 -3.74648
C 76.33960 91.06660 -1.25699
C 73.13810 91.90150 -0.49532
C 81.63890 92.60860 -2.22408
C 78.53100 93.37420 -1.52241
C 75.47840 94.21830 -1.18193
C 84.22450 73.98250 -2.16797
C 81.40140 73.11100 -1.68498
C 78.89220 71.57210 -1.03745
C 84.14550 77.57220 -3.44615
C 81.38570 76.15040 -2.23790
C 78.70880 74.82480 -1.31786
C 76.09650 73.39450 -0.81097
C 81.24790 79.40010 -2.73604
C 78.73150 78.02360 -1.86026
C 76.10250 76.58530 -1.26715
C 81.43800 82.55250 -3.30118
C 78.68710 81.09060 -2.25869
C 75.89760 79.81230 -1.47526
C 73.19450 78.36370 -0.94474
C 78.85980 84.80910 -2.55944
C 76.16970 83.16820 -1.91392
C 73.33510 81.55350 -1.04281
H -0.21181 92.75530 -1.75497
H 93.84430 92.64450 -1.98323
H 92.01280 95.33080 -2.37289
H 88.80170 95.07990 -2.11213
H 0.35723 76.30630 -2.20431
H 96.03980 78.96680 -3.05792
H 92.71530 78.89200 -3.32730
H 89.78640 78.88830 -3.64664
H 88.20800 80.81500 -3.58546
H 85.89140 84.60170 -3.52723
H 87.85340 87.01630 -2.79032
H 95.58210 90.08470 -1.79118
H 92.42120 89.82240 -2.40227
H 89.03800 89.77750 -2.33447
H 85.91360 89.30300 -2.34101
H 90.58960 92.45480 -2.32110
H 79.20690 88.51790 0.14058
H 76.10790 89.41410 0.16009
H 72.95820 90.27270 1.37306
H 83.12740 90.56350 -2.59291
H 81.14620 91.03090 -0.30936
H 87.21030 92.38730 -1.96597
H 87.69700 74.15490 -2.37050
H 85.66760 73.17060 -0.28836
H 87.99730 76.92170 -3.14153
H 85.68350 79.02090 -2.88503
H 82.63350 81.11020 -1.64983
H 82.84350 84.19170 -2.16153
H 83.23120 87.43110 -2.35384
H 80.56700 86.04220 -1.32584
H 77.42900 84.76720 -0.50956
H 74.80640 86.37890 0.07199
H 93.11070 72.04210 -1.82308
H 1.74407 73.92570 -1.64715
H 94.79450 74.61410 -2.78365
H 90.53120 73.88140 -1.06820
H 95.34100 95.40480 -2.49813
H 0.37698 81.83360 -2.73100
H 94.43290 81.72350 -3.43089
H 91.30230 81.62630 -3.72259
H 95.89270 84.50960 -2.73720
H 92.71810 84.45230 -3.36905
H 89.52560 84.28010 -3.60041
H 0.19905 87.42330 -2.07146
H 94.17260 87.23700 -2.55738
H 90.97700 87.04330 -2.82246
H 78.28810 91.73380 0.30111
H 75.26060 92.50310 0.57464
H 83.70970 93.24090 -1.04204
H 80.60750 94.05090 -0.54717
H 77.47940 94.79320 0.15190
H 82.70160 71.88230 0.01315
H 85.35680 76.09100 -1.80305
H 82.64720 74.88370 -0.51877
H 79.89600 73.44480 0.18623
H 77.20480 71.94110 0.77937
H 82.71810 78.01050 -1.32666
H 79.97420 76.65370 -0.25556
H 77.10590 75.23620 0.52176
H 74.45340 73.56620 1.01314
H 79.92870 79.78370 -0.60252
H 77.18010 78.36380 0.05074
H 74.42510 76.83890 0.55910
H 79.98370 82.95790 -1.33302
H 77.19690 81.54400 -0.40354
H 74.48590 80.01290 0.54769
H 74.68950 83.29700 0.02957
C -0.37361 94.68510 -0.55882
C 93.74980 94.22840 -0.94311
C 90.58000 94.24460 -0.63360
C 0.17578 78.08030 -1.12413
C 94.42700 77.95060 -1.52286
C 89.99190 80.75020 -1.88535
C 87.61940 82.97830 -2.62038
C 85.59030 86.80330 -2.14998
C 0.10561 88.97610 -0.15330
C 94.04320 88.88070 -0.68009
C 87.65920 88.45460 -0.76387
C 92.10360 91.46130 -0.57163
C 74.19760 88.28060 1.40945
C 82.48830 89.04580 -0.65029
C 79.65800 90.12090 1.61498
C 85.11900 91.25280 -1.08845
C 87.57140 94.17290 -0.20878
C 84.69410 95.15980 0.38653
C 89.38950 74.50710 1.08564
C 88.20090 73.18880 -0.02763
C 85.11930 71.68370 0.71288
C 87.57510 76.10500 -0.76760
C 87.90380 79.13310 -1.82860
C 84.95560 81.40170 -1.45100
C 84.98200 83.70980 -1.20124
C 82.83400 85.98060 -0.36792
C 80.36550 86.61620 1.17431
C 77.12280 87.13000 0.28649
C 74.32200 84.86920 1.86159
C -0.69200 74.17090 -1.07391
C 93.13200 73.95270 -0.84057
C 93.35600 76.58420 -2.40116
C 95.69370 80.92180 -1.49145
C 92.69190 80.47850 -2.01824
C 0.12830 83.64440 -1.02406
C 94.01270 83.36370 -1.63940
C 91.08790 83.31970 -1.99584
C 95.66700 86.17800 -0.88657
C 92.62280 85.90110 -1.40930
C 89.40840 85.65490 -1.52036
C 90.77270 88.69730 -0.96802
C 89.08050 91.48320 -0.59956
C 76.60930 90.98670 1.99090
C 73.81580 92.18700 2.64261
C 82.24110 92.85360 0.98282
C 79.15930 93.56880 1.49899
C 76.07390 94.26660 2.09479
C 84.75170 75.36310 0.50767
C 81.94310 73.69870 1.52845
C 79.29690 71.95530 2.07212
C 85.06780 78.25530 -0.60641
C 82.21900 76.95050 0.78530
C 79.14100 75.28040 1.67529
C 76.55910 73.71830 2.32954
C 82.24180 79.96930 0.30354
C 79.35330 78.46740 1.30901
C 76.43530 77.06830 2.00836
C 82.07230 82.94720 -0.13358
C 79.32200 81.78820 0.72612
C 76.62720 80.23000 1.58592
C 73.63290 78.43860 2.27703
C 79.61350 84.70170 0.53016
C 76.77010 83.28820 1.29740
C 73.91510 81.97790 1.98081
