2979
Frame 120
C 12.90080 95.47690 -1.48440
C 14.07880 0.75073 -1.18068
C 12.06770 2.44475 -2.84754
C 10.85230 6.10744 -3.15072
C 8.34403 9.02837 -2.93893
C 4.91227 8.73035 -3.94231
C 3.01954 8.63302 -4.90458
C 24.07520 0.45415 0.18450
C 22.39120 4.00994 0.97375
C 24.70310 6.02541 -0.52617
C 25.11100 11.87130 -0.61321
C 19.78030 0.97835 -1.25340
C 16.14610 -1.09204 0.16772
C 19.40550 4.30551 -1.15465
C 22.86880 8.96566 0.01372
C 19.86420 7.40793 -0.83522
C 14.18250 4.51249 -0.85262
C 23.29430 12.80910 -1.16677
C 14.38530 8.18611 -1.64141
C 23.26250 16.03500 -0.67598
C 11.77280 10.38190 -1.80623
C 23.24940 19.22320 -0.36723
C 12.76920 13.51610 -1.14380
C 9.50209 12.66510 -1.69105
C 23.09750 22.62350 -0.40125
C 14.59240 17.81520 -0.14849
C 11.36230 16.02900 0.22832
C 14.74880 21.33510 0.82612
C 20.39810 -1.00340 -0.90008
C 5.56958 10.85090 -1.67205
C 6.59582 14.09610 -0.78106
C 3.50430 13.98350 -1.44845
C 8.20541 16.48320 -0.19728
C 2.21387 17.05340 -1.42456
C 9.77066 19.09110 0.16062
C 11.33000 21.73160 0.28591
C 9.53265 95.11250 -2.45215
C 10.93680 0.41046 -2.43528
C 7.57017 -0.04283 -3.28031
C 4.14596 -0.14688 -3.64176
C 8.92417 2.68905 -3.53078
C 5.65917 2.65556 -3.87016
C 2.35153 2.58238 -3.90301
C 7.20938 5.43546 -4.27597
C 3.71826 5.42822 -4.28733
C 16.76760 2.39879 -1.05554
C 17.04600 5.92965 -1.16748
C 20.41720 10.89170 0.11727
C 17.49480 9.36547 -0.82004
C 20.44920 14.39800 -0.49140
C 17.86010 12.66030 -0.14472
C 15.10990 11.38440 -1.11448
C 20.28400 17.95860 -0.32463
C 17.70320 16.16170 -0.17712
C 14.95240 14.83620 -0.53671
C 20.35740 21.11570 -0.16892
C 17.61950 19.40010 -0.14487
C 5.00972 16.84570 -0.71101
C 6.55403 19.45200 -0.14470
C 3.53619 19.58490 -0.58461
C 8.21395 22.03030 0.13111
C 5.07510 22.21730 -0.10295
C 1.83411 22.37880 -0.62889
H 13.65610 -0.94946 0.64963
H 11.90590 1.59814 -0.43302
H 10.42250 4.06675 -1.93667
H 8.44226 6.67138 -2.42181
H 2.03768 6.37552 -2.49859
H 3.85957 9.04751 -1.61469
H 22.88630 1.72729 2.08509
H 24.87950 3.95878 0.96368
H 23.18630 6.45587 0.67442
H 25.06480 9.87908 0.77038
H 25.40730 15.41620 0.74058
H 20.26590 2.63602 0.70668
H 17.59580 0.94892 0.19755
H 20.33450 5.55929 0.84549
H 14.82040 2.41765 0.59079
H 15.07140 6.34667 -0.04190
H 21.59170 12.95070 0.69490
H 12.47280 8.22723 -0.55319
H 23.99930 17.94180 0.83962
H 21.39900 16.20560 1.03021
H 9.79103 10.53050 -0.06603
H 24.17380 20.98560 1.23570
H 10.43430 13.69810 0.06690
H 12.99780 17.75510 1.18468
H 9.63559 17.23950 1.61435
H 22.14900 -0.93461 0.70390
H 1.33683 12.68490 -1.92077
H 7.21169 12.25830 -0.50260
H 3.87871 11.91400 -0.03643
H 7.73619 14.59430 1.48086
H 6.43181 17.45310 1.20270
H 11.14250 19.98940 2.23633
H 8.08544 20.11750 1.67793
H 10.70980 96.26380 -0.64896
H 7.43574 95.96160 -1.40566
H 4.21609 95.63940 -1.91355
H 1.13350 95.42240 -1.97812
H 8.82696 1.19884 -1.53429
H 5.63764 0.99435 -2.06681
H 2.40638 0.79397 -2.17406
H 7.13692 3.81279 -2.34666
H 3.81825 3.66983 -2.47384
H 5.24108 6.41133 -2.88171
H 17.54440 4.18457 0.50091
H 20.72500 8.60817 1.17312
H 17.85500 7.45735 0.60668
H 18.20200 10.56300 1.27983
H 15.28280 9.43693 0.38364
H 18.69940 14.51030 1.41139
H 15.79510 12.88070 0.69847
H 12.92150 11.49770 0.14968
H 21.30170 19.53600 1.22730
H 18.57150 17.82900 1.48304
H 15.79580 16.16200 1.33145
H 13.16490 14.58850 1.07613
H 18.45410 21.04960 1.46661
H 15.80050 19.27590 1.56061
H 4.68672 14.80270 0.57464
H 1.66789 15.06100 -0.22034
H 3.17968 17.59360 0.75830
H 4.79198 20.25560 1.38657
H 1.63014 20.34340 0.78868
C 11.90360 95.82380 1.55282
C 13.05840 1.21808 1.76454
C 11.39220 3.72015 0.48158
C 10.70560 6.50243 -1.18878
C 8.11512 8.85655 -0.97761
C 4.35088 7.62044 0.04526
C 1.82334 8.30887 -2.84276
C 23.88550 0.11273 2.05592
C 24.04300 2.60988 4.16289
C 24.92840 5.98384 2.49008
C 24.98840 11.66890 2.65946
C 19.26520 0.85770 2.27447
C 15.52710 96.08770 2.11985
C 19.05410 4.10750 2.50048
C 23.10660 8.70987 1.90470
C 19.35920 7.24209 2.55135
C 13.62450 4.52929 0.87422
C 23.27860 12.98400 2.63013
C 13.84610 7.73311 1.58742
C 23.39600 16.03340 2.52312
C 11.32090 9.89242 1.33475
C 23.26370 19.35650 2.81672
C 11.83140 12.75560 1.99572
C 8.77899 12.32350 1.51529
C 23.53080 22.55740 2.74189
C 14.77800 17.59670 3.06599
C 11.55690 15.90390 2.37557
C 14.49960 21.06880 2.61243
C 20.26140 -1.16471 2.08517
C 5.78386 11.47200 1.49943
C 5.73858 13.37800 2.26524
C 2.74892 13.67920 1.52091
C 7.68625 16.13770 2.95563
C 1.23032 16.51550 1.68452
C 9.24094 18.88660 3.49880
C 11.19590 21.64720 3.47739
C 8.81921 95.46260 0.57577
C 9.90711 0.61854 0.64260
C 7.01624 0.45999 -0.11975
C 4.01591 0.10046 -0.51877
C 8.51757 3.35804 -0.36776
C 5.45595 3.12901 -0.74942
C 2.33888 2.77071 -0.73689
C 6.89557 5.91512 -0.94471
C 3.89813 5.64196 -0.89080
C 16.57450 2.50697 2.11747
C 16.49480 5.87120 1.94062
C 20.49870 10.92290 2.02494
C 16.86910 9.04338 2.29223
C 20.41190 14.44550 2.62311
C 17.56110 12.56720 2.48288
C 14.51700 11.14670 1.94732
C 20.60140 17.76100 2.81772
C 17.66810 16.01020 2.97590
C 15.00090 14.26710 2.64531
C 20.38550 21.07720 2.97744
C 17.50060 19.37830 3.11870
C 4.57582 16.47230 2.37445
C 6.26482 19.11500 2.97839
C 2.89574 19.19570 2.52944
C 8.17728 21.91640 3.38847
C 4.65285 22.05270 3.05156
C 1.36826 22.08850 2.43201
C 22.76610 26.18430 -0.56330
C 20.08010 28.06720 0.13801
C 15.28060 24.67180 0.52265
C 18.65920 29.51130 -0.37059
C 23.12680 29.07450 -0.35040
C 23.41690 32.06370 -0.88300
C 23.18490 35.59210 -1.35140
C 25.94460 45.39730 -2.95013
C 22.32090 44.16670 -1.42405
C 21.19800 31.70360 1.66940
C 18.95870 33.03660 -0.94575
C 14.77960 27.63370 -0.49498
C 19.43080 34.95490 -0.67168
C 12.87870 34.19630 -0.29450
C 20.35770 38.23320 -1.01392
C 10.60660 36.28720 0.00034
C 21.64430 41.14050 -1.35980
C 18.21800 40.73490 -1.09513
C 8.52117 38.96060 -0.37851
C 4.10715 38.69520 -1.42418
C 16.28150 43.18640 -1.08976
C 2.66436 42.44020 -1.12449
C 14.11020 45.57850 -1.19345
C 5.02700 44.06460 -1.70914
C 2.77733 46.73830 -1.68178
C 13.26220 24.35230 0.32067
C 11.85020 27.68370 0.33404
C 12.49700 31.11990 -0.35065
C 9.90135 30.12220 0.11327
C 9.46642 33.11350 1.40924
C 5.75191 33.29890 0.64866
C 7.64494 35.72010 2.17466
C 1.53145 36.19160 -0.07778
C 20.39580 24.36480 0.03342
C 17.58090 22.78350 0.24037
C 17.81130 26.13950 0.50589
C 15.94900 34.59030 -0.81086
C 17.00490 37.82470 -0.98082
C 13.88510 37.16210 -0.55452
C 15.02930 40.14470 -0.83947
C 11.87800 39.46360 -0.72540
C 12.97410 42.50440 -1.04143
C 9.93713 41.86390 -1.10151
C 6.68366 41.36270 -1.12723
C 11.06740 45.02520 -1.19173
C 8.03969 44.42510 -1.26095
C 5.91043 47.17670 -1.40926
C 10.02290 24.65450 0.15641
C 6.59111 24.91470 0.23951
C 3.60036 25.17930 -0.03227
C 8.33777 27.61760 0.24075
C 5.06939 27.59740 0.32306
C 1.93378 27.87960 -0.04549
C 6.70250 30.25340 0.30121
C 3.74550 30.50380 0.26141
C 2.76922 33.37650 0.29749
H 0.88502 42.73430 0.74143
H 24.05430 24.14490 0.61778
H 21.52570 25.85860 1.64249
H 15.97190 22.95210 2.12731
H 18.93230 27.49540 2.35262
H 16.22650 26.01950 2.58642
H 16.52770 28.36300 0.51464
H 24.22310 27.29800 1.00507
H 24.45210 30.54860 0.97347
H 21.60690 29.24240 1.77969
H 24.09190 40.34730 -1.45027
H 24.70510 43.46000 -1.82816
H 22.62510 42.55810 0.49187
H 20.51050 44.82740 0.32068
H 19.59120 33.56950 1.53347
H 16.72890 33.03200 0.17144
H 13.87300 32.53360 1.25863
H 20.64970 36.59980 0.93864
H 11.47160 34.62880 1.75940
H 21.75960 39.56840 0.53364
H 9.03922 37.42460 1.74073
H 19.66780 41.95250 0.18157
H 6.59775 39.98630 0.97740
H 2.60576 40.11410 -0.08680
H 17.55000 44.37680 0.23725
H 4.82185 42.37910 0.06370
H 15.51270 46.83790 0.10535
H 3.06252 44.75280 -0.21275
H 12.87980 22.54970 1.91854
H 9.75505 22.82230 1.82482
H 11.56090 25.50120 1.80211
H 13.55520 29.53860 0.81504
H 11.15280 31.42050 1.72648
H 8.41804 30.95150 1.85520
H 7.13478 33.91620 1.81878
H 4.00668 34.21760 2.39688
H 0.92207 34.36630 1.53505
H 2.65796 37.21160 1.45098
H 21.42920 22.65700 1.43488
H 18.69310 24.28720 1.81442
H 23.55570 45.20280 0.46755
H 17.58020 36.01730 0.55659
H 14.54170 35.41160 1.03819
H 18.60210 38.92360 0.53773
H 15.47320 38.40420 0.87030
H 12.23440 37.79050 1.11974
H 16.51110 41.38260 0.62702
H 13.23290 40.83580 0.71120
H 10.05330 40.26760 0.69474
H 14.42220 43.74280 0.50684
H 11.21760 43.25550 0.53530
H 8.09830 42.71190 0.36387
H 12.34840 46.45430 0.33320
H 9.29612 45.76960 0.35504
H 6.17731 45.31190 0.11688
H 6.57076 22.93090 1.74458
H 3.24747 23.12700 1.30342
H 8.34133 25.66520 1.70316
H 4.98501 25.71590 1.95143
H 1.77082 25.88490 1.38503
H 10.01740 28.37630 1.89725
H 6.77093 28.38560 1.94678
H 3.43880 28.56120 1.75975
H 5.30767 31.23340 2.02435
H 2.13942 31.54120 1.79772
C 23.70890 25.61710 2.80352
C 20.79080 27.42950 3.51518
C 15.01360 24.14990 3.98963
C 16.73720 28.60280 3.10672
C 23.74590 28.97020 2.85409
C 23.32860 32.39680 2.17347
C 22.83850 35.54620 0.59218
C 24.98910 43.18520 0.72725
C 22.16530 44.28100 2.29850
C 20.64710 30.85600 3.52751
C 17.47550 32.71640 2.60229
C 15.63770 30.82720 0.51691
C 19.68220 35.21040 2.87761
C 13.59580 34.27330 3.05221
C 20.41800 38.22040 2.19184
C 11.13130 36.76310 3.11409
C 21.32840 41.32260 2.21147
C 18.36320 40.69110 2.18341
C 8.15496 39.08320 1.55604
C 4.65535 38.54160 0.59990
C 16.07940 43.22810 2.23357
C 3.07631 41.67020 1.77334
C 14.10010 45.72720 1.84345
C 4.63443 44.21760 1.71191
C 2.29010 46.56920 1.52413
C 12.95350 24.25630 3.60516
C 12.40670 27.80640 2.08457
C 13.18230 30.80030 2.96801
C 10.11350 30.13950 3.53352
C 10.32630 33.22660 3.25603
C 5.78808 32.98710 3.76820
C 4.58984 36.08130 2.86763
C 0.92701 36.25990 3.12487
C 20.70420 24.15160 3.23499
C 17.94280 22.57390 3.36756
C 18.00700 25.52920 3.84329
C 16.56360 34.55680 2.23537
C 17.36830 37.73810 2.29892
C 14.20730 37.22440 2.65374
C 15.04130 40.26540 2.32174
C 11.75240 39.84360 2.44955
C 12.85270 42.74550 2.21023
C 9.73860 42.14520 2.17650
C 6.39232 41.77310 1.95066
C 11.02620 45.16070 1.98208
C 7.78710 44.61140 1.88684
C 5.78151 47.01450 1.82936
C 9.95740 24.74250 3.32629
C 6.74151 24.83300 3.36053
C 3.08110 24.78390 3.16117
C 8.42712 27.42690 3.51608
C 4.98968 27.61870 3.48480
C 1.69684 27.62120 3.17237
C 6.88180 30.17350 3.62604
C 3.52573 30.37600 3.42595
C 2.23717 33.45210 3.43697
C 20.21560 46.89460 -1.34223
C 17.36750 46.29490 -1.43336
C 15.19060 48.62520 -1.66300
C 16.67050 52.53130 -1.10955
C 14.00860 55.52250 -0.45182
C 16.72110 56.29640 -2.43133
C 20.21640 58.07130 -1.37994
C 21.84130 60.83500 -1.31187
C 23.96020 63.76760 -1.07474
C 18.90690 61.08570 -1.37922
C 16.34650 59.51480 -0.69574
C 13.67610 57.94590 -0.29453
C 10.42120 56.58910 0.27206
C 22.37700 66.17370 -1.18229
C 20.16400 64.20410 -0.71977
C 10.65900 60.09180 0.01362
C 23.28540 69.24750 -1.18526
C 11.43660 63.20890 -1.27886
C 11.64780 66.53160 -2.24670
C 9.09350 68.41910 -2.86503
C 13.48540 48.10290 -2.93572
C 6.95835 50.18820 -1.13701
C 3.85708 49.55170 -1.23857
C 11.11800 53.65660 -0.85794
C 8.05756 53.09300 -1.03409
C 4.87843 52.48000 -1.26114
C 1.68849 51.83380 -1.22685
C 7.28375 55.95870 0.35858
C 8.60492 57.80110 2.22238
C 7.43984 60.53970 -0.89620
C 9.38605 62.85120 -1.12644
C 8.33443 65.64440 -2.05171
C 7.05738 68.57030 -3.07297
C 23.34930 46.92910 -1.24113
C 21.39230 49.55780 -1.28559
C 17.96640 49.60430 -0.41623
C 23.22950 52.36940 -1.49150
C 19.96110 52.47690 -1.41916
C 21.51450 55.24300 -1.37828
C 23.28460 58.01180 -1.34390
C 16.62550 63.20390 -1.48161
C 13.85430 61.33720 -0.70211
C 20.01860 67.77360 -1.53219
C 17.24840 66.25650 -1.69378
C 14.22590 64.80870 -1.78341
C 17.55150 69.39700 -2.14552
C 14.62960 67.98770 -2.17937
C 12.16720 69.64290 -2.99843
C 11.99160 48.23180 -1.32389
C 9.06192 47.63010 -1.13318
C 9.97283 50.62240 -1.07195
C 3.37438 55.53940 -0.51842
C 5.34207 58.34570 -0.87951
C 2.17984 58.71950 -1.32175
C 4.06679 61.22680 -1.35360
C 6.21949 63.40900 -1.64832
C 2.86047 63.99830 -2.11907
C 4.90838 66.19350 -2.52306
C 1.45550 67.04330 -2.76760
C 3.79463 69.15220 -3.43596
H 2.00329 50.05350 0.52784
H 18.62530 47.35340 0.48068
H 16.37360 51.05550 0.85510
H 15.60650 54.02730 0.58875
H 15.99780 57.12390 -0.47882
H 21.76880 59.03860 0.32356
H 18.62850 59.04190 -0.03160
H 23.46790 61.74660 0.28433
H 14.21000 56.64610 1.71800
H 12.14860 55.00190 0.95818
H 22.23110 64.44950 0.51052
H 20.29190 61.98010 0.19908
H 17.11910 61.55160 0.29963
H 14.55020 59.82270 1.09869
H 11.74160 58.22570 1.06489
H 23.47930 67.40740 0.50265
H 12.01470 62.04960 0.79315
H 12.33290 65.23490 -0.20698
H 9.74339 67.28340 -0.83223
H 10.15000 70.30810 -1.63344
H 13.63880 49.40520 0.29764
H 4.11657 47.70710 0.20123
H 11.44510 51.97200 0.60162
H 8.32572 51.31020 0.62077
H 5.19371 50.71200 0.50256
H 9.24255 54.47650 0.61841
H 6.24786 53.74070 0.43869
H 3.25800 53.11030 0.22916
H 7.26730 55.53160 2.86389
H 6.82348 59.10610 1.12441
H 8.88043 61.58670 0.84478
H 7.75512 64.37710 0.05576
H 6.63695 67.13170 -1.17575
H 5.55064 70.19910 -1.95325
H 25.03400 47.74890 0.20503
H 21.75650 47.74000 0.40878
H 23.30430 50.44070 0.10063
H 20.13930 50.52840 0.17644
H 21.67130 53.31740 0.15005
H 18.56360 53.32830 0.50726
H 23.20220 56.12360 0.27014
H 20.01520 56.17540 0.46830
H 20.46160 66.32710 0.32133
H 17.86660 64.62090 0.02599
H 14.81060 63.41240 0.17437
H 21.01750 69.45810 -0.03881
H 17.96640 68.04460 -0.16750
H 15.20890 66.49690 -0.23611
H 15.50080 69.78950 -0.84453
H 12.60520 68.36930 -0.91388
H 10.34700 48.84980 0.59027
H 7.21101 48.31130 0.37160
H 4.94770 56.65010 0.87223
H 1.66904 57.09250 0.46926
H 3.64865 59.51920 0.47129
H 5.76173 61.94360 0.28414
H 2.46258 62.49470 -0.17412
H 4.57573 64.81290 -0.47745
H 1.39172 65.45020 -0.83439
H 3.40188 67.79940 -1.38991
H 2.51055 70.80090 -2.17498
C 20.16660 46.84130 2.11538
C 17.07030 46.23620 1.98032
C 15.33380 48.86980 1.62976
C 16.83870 52.71040 2.33633
C 14.00360 54.27590 2.40187
C 17.51520 55.58010 0.78271
C 20.02400 58.18530 1.86914
C 21.76810 60.90130 1.87353
C 23.79830 63.50080 2.06581
C 18.83260 60.75930 1.73365
C 16.61610 58.71660 1.37179
C 13.57190 58.83890 2.75042
C 12.03260 56.56650 2.82188
C 22.11770 66.25920 2.09066
C 19.93930 64.16810 1.20804
C 10.70380 60.28800 1.89669
C 22.69720 69.27100 1.83948
C 11.22360 64.03360 1.80187
C 11.41790 67.24240 0.95884
C 9.04223 69.39240 0.32415
C 14.10340 51.96970 0.50449
C 6.83261 50.04870 2.11738
C 3.57647 49.41850 1.95856
C 10.68320 53.68990 2.40022
C 7.89870 53.14200 2.19356
C 4.79149 52.50280 2.07091
C 1.73934 52.07760 2.01063
C 5.36823 55.53780 3.14107
C 8.37326 57.50700 4.13827
C 6.94278 60.96240 2.29109
C 9.00232 63.63440 2.09586
C 8.02107 66.40660 0.78038
C 6.88315 69.28710 -0.06843
C 23.54290 47.09740 2.00429
C 21.76500 49.68750 1.83576
C 18.29850 49.54380 1.54031
C 23.30050 52.35360 1.70053
C 20.06480 52.37060 1.87147
C 21.28860 55.25560 1.75642
C 23.40270 57.96490 1.90463
C 16.65190 63.44590 1.80889
C 13.94510 62.04610 2.08805
C 19.63630 68.16960 1.57672
C 16.95850 66.45500 1.46342
C 14.01380 65.28620 1.57783
C 17.14570 70.08210 0.96590
C 14.32950 68.50550 0.88246
C 11.87460 70.52640 0.01701
C 12.12000 48.21160 2.08164
C 8.88046 47.56120 2.00655
C 9.97811 50.53460 2.28133
C 2.97074 55.20480 1.44551
C 4.69775 58.51630 2.45479
C 1.63152 58.82230 1.86671
C 3.74368 61.51380 1.69431
C 5.78039 64.05930 1.54217
C 2.68567 64.63710 1.07776
C 4.86969 67.02120 0.48916
C 1.60829 67.65380 0.27387
C 3.77644 69.94290 -0.20277
C 9.65686 89.53860 -1.97336
C 11.25740 92.56510 -1.84547
C 8.20583 92.36450 -2.62213
C 4.82307 91.78200 -3.11225
C 1.68420 91.60930 -3.78864
C 5.28055 74.57470 -4.44681
C 9.94926 77.67800 -4.34645
C 6.75738 77.64710 -4.40217
C 3.59387 77.37030 -4.55753
C 12.11090 86.11620 -5.00215
C 10.40230 87.72800 -2.08569
C 6.73245 89.30250 -2.68631
C 3.47987 89.09170 -3.45484
C 23.71430 79.85470 -1.56894
C 20.18530 81.56680 -2.16140
C 17.10600 83.06680 -2.90232
C 13.99300 85.73580 -5.77396
C 13.43870 87.06860 -2.38346
C 12.83050 90.03420 -1.78357
C 15.20580 92.49270 -1.18107
C 17.79250 94.44010 -0.86956
C 23.21090 95.00180 -0.76389
C 23.60710 72.64400 -1.28713
C 23.96290 76.19770 -0.70371
C 21.10770 77.53090 -1.87981
C 9.49492 71.42860 -3.72226
C 15.99160 77.73820 -4.37148
C 13.24940 76.16170 -4.87247
C 8.52161 74.38990 -3.59083
C 16.15540 81.39190 -3.65168
C 6.23325 71.59150 -3.87449
C 3.05047 72.33070 -4.05803
C 6.16217 94.89590 -3.19841
C 2.80571 94.52740 -3.56609
C 8.30985 80.62550 -4.50939
C 4.98733 80.54200 -4.46216
C 1.99380 80.61380 -4.71337
C 9.76538 83.33000 -4.52408
C 6.50875 83.31080 -4.27123
C 3.38929 83.41160 -4.44514
C 8.26045 86.18870 -3.88836
C 5.03681 86.55810 -3.93539
C 1.84108 86.24450 -3.98037
C 22.82120 83.44170 -1.62236
C 19.88710 84.80530 -2.04822
C 16.49890 85.94800 -2.42723
C 22.21420 86.79750 -1.39294
C 19.08560 87.90420 -1.81413
C 15.95850 89.04840 -2.02576
C 24.73000 88.79650 -0.55990
C 21.49050 90.00040 -1.14634
C 18.36380 91.24380 -1.30243
C 24.08300 92.07240 -0.48260
C 20.79650 93.25750 -0.82410
C 20.60450 70.92600 -1.95937
C 21.04350 73.97380 -2.25756
C 18.22470 72.63280 -2.78386
C 15.14830 70.89440 -3.05146
C 18.52830 75.60230 -3.42577
C 15.72280 73.95770 -3.98192
C 12.41640 72.77280 -3.99310
C 18.63290 79.07190 -3.49687
H 10.88670 90.77880 -0.31198
H 7.78249 90.65790 -0.92650
H 12.42470 93.60220 0.20853
H 6.14671 93.10900 -1.49048
H 2.91436 92.69540 -1.89475
H 6.64567 75.75780 -2.64004
H 3.47322 75.89010 -3.10199
H 8.32023 78.77530 -2.80732
H 9.70600 81.53370 -2.48538
H 11.26500 84.14750 -3.64888
H 8.87196 88.04710 -0.16957
H 4.66468 89.92930 -1.37426
H 1.52188 89.81430 -2.03158
H 22.70850 78.16490 -0.08912
H 22.20820 81.50230 -0.52797
H 18.60800 82.87730 -0.92536
H 15.65210 84.00170 -0.96020
H 14.13820 85.57170 -3.26803
H 12.09850 87.98770 -0.45237
H 14.46960 90.36890 -0.45650
H 17.07910 92.38700 0.53182
H 15.20960 94.48330 -1.04272
H 19.67710 94.53450 0.51579
H 24.10970 70.70930 0.26840
H 24.17250 74.12500 0.70760
H 21.65560 75.53290 -0.53188
H 18.89910 77.46800 -2.13594
H 13.45510 74.41370 -2.99392
H 10.47450 73.32910 -2.53981
H 7.79457 72.48640 -2.25503
H 16.22220 79.19580 -2.35040
H 13.49180 77.62960 -3.30724
H 4.79888 73.13310 -2.53754
H 9.25395 93.43760 -0.68591
H 5.05393 78.61240 -2.87600
H 1.92885 78.68480 -3.22334
H 6.55105 81.53020 -2.90321
H 3.37992 81.53490 -2.86896
H 8.20328 84.31220 -2.67627
H 4.84304 84.37700 -2.70861
H 1.71138 84.17860 -2.74722
H 6.48884 87.14650 -2.29793
H 3.28800 87.10230 -2.17490
H 24.92360 80.18510 0.55823
H 24.16280 83.70150 0.43767
H 21.21990 84.81820 -0.24163
H 18.14410 85.94220 -0.65213
H 15.25470 87.14180 -0.67068
H 23.63680 86.84250 0.62301
H 20.62600 88.06590 0.11638
H 17.59300 89.17440 -0.15440
H 23.07460 90.14540 0.77984
H 20.10830 91.27060 0.46556
H 22.55620 93.30640 0.96448
H 21.40160 72.54720 -0.24100
H 18.45730 71.19240 -0.79502
H 18.83700 74.38390 -1.20776
H 15.96810 72.86500 -1.78406
H 13.05110 71.49470 -1.88955
H 16.20450 75.94910 -2.68844
C 9.05729 90.15370 1.10595
C 10.62430 92.68510 1.26323
C 7.39393 92.52880 0.55694
C 4.52433 91.85700 -0.06019
C 1.37185 91.59230 -0.28841
C 4.85711 75.10840 -1.01250
C 10.07530 78.04340 -1.17924
C 6.70268 77.84530 -1.18945
C 3.27947 77.81700 -1.32644
C 13.05640 82.26720 -3.45565
C 10.29030 87.49150 1.31770
C 6.52272 88.69850 -0.33309
C 2.86545 88.64210 -0.27977
C 22.65830 79.97900 1.46168
C 19.84210 80.74920 -0.48146
C 16.43090 81.91960 0.10570
C 13.27410 83.68970 -1.89091
C 13.21890 86.39370 0.71321
C 12.54050 89.77040 1.18426
C 14.65520 92.61900 0.75158
C 17.67910 93.89030 2.08222
C 22.93870 94.96090 2.32749
C 22.94000 72.53880 1.76849
C 22.96520 76.22070 1.39880
C 20.40410 77.56000 -0.17380
C 9.48452 72.29780 -0.51598
C 14.42970 77.42970 -1.62778
C 11.01330 76.90360 -2.67114
C 8.67445 74.73210 -1.61365
C 14.92480 80.60770 -0.67087
C 6.02179 72.23120 -0.60336
C 2.90780 72.92390 -0.85298
C 5.70005 95.03000 0.00411
C 2.73440 94.59770 -0.28029
C 8.34788 80.91480 -1.31788
C 4.96767 80.53850 -1.28447
C 1.62905 80.41100 -1.49058
C 10.18650 83.87240 -1.25890
C 6.40077 83.36450 -1.16634
C 3.30053 83.24910 -1.08424
C 7.95685 85.88840 -0.73669
C 4.77734 85.95520 -0.78531
C 1.41954 85.89420 -0.97044
C 21.93260 83.08230 1.41899
C 18.99860 84.11580 0.84707
C 16.18020 85.26800 0.76972
C 21.45340 86.36130 1.73846
C 18.44380 87.34800 1.31162
C 15.47420 88.68950 1.12332
C 23.80750 88.58970 2.33279
C 20.95320 89.55830 2.00239
C 18.09450 90.62060 1.85745
C 23.52820 91.75460 2.68166
C 20.45980 92.65600 2.09811
C 19.93730 71.22210 1.21376
C 20.10660 74.32100 0.88738
C 17.31530 73.13590 0.26547
C 14.59110 71.72360 0.06343
C 17.38650 76.31870 -0.60098
C 14.77410 74.82610 -0.90654
C 12.00870 73.60850 -1.04425
C 17.40690 78.64000 -0.43602
C 38.44290 -0.00757 1.77312
C 36.42920 -0.03343 1.03725
C 39.64920 2.84264 1.98183
C 48.54170 9.15290 0.96837
C 45.32970 8.52889 1.23889
C 42.32240 8.07956 1.29601
C 43.15130 11.14640 0.72999
C 33.57190 -0.78008 2.23862
C 27.78090 0.29357 0.05487
C 36.06600 2.68004 2.21315
C 37.73440 5.16435 1.38315
C 39.29970 8.02692 0.99354
C 26.56520 8.86209 -0.59106
C 41.02360 10.60950 0.49690
C 39.91850 13.53110 -0.06699
C 26.80940 14.53170 -0.42637
C 28.46340 17.34160 -0.15394
C 36.99450 19.87630 -0.33190
C 33.40810 20.05790 -0.12545
C 30.03420 19.91800 0.12850
C 26.43420 20.53230 0.36131
C 49.61300 11.08010 0.60487
C 46.45360 11.85920 0.93645
C 45.30500 14.27250 -1.21098
C 43.81990 17.17600 -1.16867
C 40.67250 18.87210 -1.02280
C 40.56530 22.05400 -0.91239
C 47.72700 0.92366 2.49721
C 44.63470 0.43458 2.56616
C 41.44560 0.39389 2.32499
C 49.08260 3.71142 2.02655
C 45.95940 3.38555 2.24748
C 42.78480 2.99492 2.13433
C 47.44960 6.18663 1.73079
C 44.18660 5.75384 1.76949
C 41.10920 5.41522 1.61414
C 30.91730 0.01356 1.03819
C 32.89430 2.72677 1.10626
C 29.57040 3.00856 0.22439
C 26.26730 2.90134 -0.21827
C 34.43730 5.38357 0.98934
C 31.35070 5.64342 0.42113
C 28.22460 6.08351 -0.35425
C 36.27350 7.93069 0.64154
C 33.07500 8.37343 0.30967
C 29.88780 8.68846 -0.18493
C 37.80580 10.87580 0.30967
C 34.76530 11.03580 0.08674
C 31.53870 11.25670 -0.19685
C 28.25810 11.70770 -0.42681
C 36.35310 13.59360 -0.33907
C 33.17480 13.97080 -0.46055
C 29.97710 14.40330 -0.38547
C 38.41320 16.33280 -0.66410
C 34.77180 16.94580 -0.69991
C 31.68060 17.17250 -0.29089
C 49.47680 14.04160 0.12516
C 46.57490 15.61960 -0.46982
C 49.21690 17.20430 -0.44693
C 46.22990 18.80670 -0.86298
C 43.57700 20.65120 -1.09847
C 49.15070 20.40570 -0.93927
C 46.26970 21.95550 -1.06262
H 36.68320 0.63283 3.41601
H 41.11400 3.90794 3.51407
H 37.87870 3.73613 3.38131
H 48.89340 7.46986 2.82980
H 42.47480 6.68041 3.22233
H 46.85650 9.99634 2.46009
H 43.64910 9.68164 2.71928
H 30.62630 96.02190 2.95623
H 27.75880 95.96390 1.62333
H 32.24280 1.14243 2.94147
H 25.97850 1.06304 1.42479
H 34.07220 3.98380 2.96843
H 39.25600 6.44539 2.86761
H 36.01200 6.50754 2.54523
H 40.68120 9.30599 2.53619
H 39.45610 12.02400 1.81427
H 26.71680 12.61010 1.24345
H 41.04490 15.18810 1.58850
H 38.00980 14.68130 1.06322
H 36.71970 17.70450 0.71740
H 27.06420 18.18570 1.27292
H 34.96390 20.72630 1.21102
H 31.86270 20.47060 1.98703
H 28.79250 20.86960 1.37857
H 48.44960 12.79210 1.98903
H 45.54580 14.14470 1.31140
H 43.18980 15.56700 -0.62856
H 42.55760 18.88330 0.32000
H 39.87470 20.49380 0.99018
H 24.75640 95.81320 0.89923
H 47.96230 -0.73298 4.34105
H 44.77790 -1.26260 4.41420
H 41.67460 95.97990 3.76404
H 38.64520 95.63190 3.06669
H 49.30580 2.15121 3.88582
H 46.07830 1.71772 4.07122
H 42.88860 1.38671 4.03222
H 39.69370 1.03992 3.58822
H 47.52460 4.62406 3.71587
H 44.19660 4.24354 3.68930
H 45.62110 7.07514 3.23939
H 29.08580 1.21576 1.93249
H 30.99480 3.91550 2.12775
H 28.02470 4.11454 1.14407
H 32.70750 6.75609 2.18556
H 29.63410 6.90720 1.55800
H 26.57160 6.84691 0.90290
H 37.62320 9.30243 2.18527
H 34.61470 9.35701 1.88427
H 31.39100 9.59243 1.63264
H 28.18510 9.79532 1.13585
H 36.23380 12.14200 1.70350
H 33.13820 12.36040 1.34607
H 29.99750 12.47750 1.21481
H 34.85130 15.04350 1.00606
H 31.72270 15.17560 1.14772
H 28.46950 15.28350 1.31538
H 33.47480 17.86740 1.17173
H 30.19540 17.88160 1.54645
H 48.29250 15.80680 1.34263
H 45.32330 17.28420 0.81735
H 48.12300 18.98540 0.78788
H 45.32540 20.47750 0.66520
H 42.55710 22.15840 0.54436
H 48.13460 22.07740 0.49738
C 38.11150 -0.32762 4.85405
C 34.92980 -0.76689 4.28398
C 39.51330 2.97600 5.05662
C 48.50070 9.67474 4.12435
C 45.28280 9.30808 4.27837
C 42.08230 8.71713 4.41305
C 42.87700 11.73990 3.77652
C 33.42820 0.57444 5.05820
C 27.29100 0.18615 3.25619
C 35.70440 2.75558 4.16530
C 37.50490 5.56133 4.39545
C 39.01130 8.54400 4.10751
C 26.47080 8.70203 2.55218
C 40.77600 11.33340 3.82259
C 39.65990 14.28450 2.98083
C 26.70060 14.50600 2.83443
C 28.48550 17.06670 3.11644
C 37.44370 20.13810 1.60223
C 33.90240 19.40700 3.14213
C 30.02210 19.60010 3.34572
C 26.37780 20.50810 2.25813
C 49.33000 11.56360 3.86059
C 46.19990 12.27540 2.81306
C 43.26920 14.02320 1.59078
C 43.07640 16.81250 1.66640
C 40.91180 19.10210 2.41402
C 40.92170 22.41700 2.40151
C 47.85150 1.29332 5.66188
C 44.53740 0.83644 5.73962
C 41.20210 0.08644 5.26139
C 49.35690 4.22686 5.28445
C 45.90710 3.77836 5.36270
C 42.61720 3.43717 5.36290
C 47.54790 6.81609 4.83699
C 44.14690 6.29248 5.00358
C 40.76900 5.96703 4.75275
C 30.11180 0.55279 4.09171
C 32.04860 3.30032 4.21496
C 28.89990 3.19008 3.28899
C 25.79570 2.92102 2.97637
C 34.08660 5.77864 4.03355
C 30.89420 6.00055 3.52444
C 27.90560 5.92040 2.81841
C 35.96330 8.54284 3.85853
C 32.80870 8.81034 3.49303
C 29.62770 8.88475 2.99209
C 37.67630 11.39710 3.48431
C 34.48350 11.42310 3.24503
C 31.45790 11.65800 2.99605
C 28.34840 11.58430 2.82821
C 36.34190 14.23030 2.85430
C 33.36880 14.37910 2.79274
C 30.11060 14.37780 2.85538
C 39.11330 16.88530 1.10396
C 35.46420 16.98000 2.46287
C 32.00410 16.90780 2.89867
C 49.09990 14.69510 3.41340
C 46.15110 15.82430 2.67059
C 49.16820 17.73380 2.59924
C 46.20610 18.88660 2.34507
C 43.36170 20.45760 2.10755
C 48.96870 20.66870 2.27304
C 46.31460 22.17700 2.11442
C 49.21100 29.76680 0.72224
C 47.62490 32.45790 0.39677
C 49.62350 35.40420 0.10175
C 48.29220 38.06980 -0.28162
C 37.64560 23.22470 -0.66024
C 40.17160 25.74290 -0.31654
C 42.88500 27.12310 -1.20836
C 48.91910 27.03480 -1.12204
C 45.93990 28.93330 -1.31748
C 36.98370 25.26730 -0.87671
C 33.90640 23.71230 -0.65330
C 30.05330 23.03520 1.19332
C 40.55710 29.65990 -1.14193
C 37.55860 28.32530 -0.84437
C 28.32580 25.15760 -0.77858
C 44.14660 33.24110 -0.50404
C 41.20910 32.77510 -0.91797
C 25.79390 27.31140 -0.92448
C 42.13860 36.28280 -0.14529
C 39.49020 37.93480 -0.88894
C 37.23240 40.59030 -0.73128
C 34.78380 42.07690 -1.24148
C 31.14960 41.13090 -1.12534
C 28.38470 40.22680 -2.54739
C 24.71610 38.86760 -2.60881
C 24.16870 42.14610 -3.45110
C 31.81160 44.20090 -1.13831
C 28.45010 43.87120 -1.27824
C 32.94370 46.98110 -1.22335
C 46.00670 35.58920 0.39868
C 44.83130 38.66060 -0.59444
C 42.12800 39.84850 -0.93479
C 46.92190 40.83120 -0.95827
C 41.26330 43.37710 -0.99431
C 38.04990 44.51000 -1.96500
C 35.33170 45.40180 -0.63867
C 47.26640 44.21510 -0.95726
C 43.36230 23.84710 -1.09302
C 48.92450 23.50080 -1.33088
C 46.13750 24.86970 -1.56313
C 34.56680 27.30250 -0.88892
C 31.43090 26.16060 -0.88169
C 38.12480 31.49540 -0.96267
C 35.12040 30.39680 -0.94025
C 32.04640 29.44470 -0.95652
C 28.95240 28.11900 -0.83043
C 38.76480 34.83170 -1.01771
C 35.55780 33.50140 -1.08492
C 32.63380 32.53870 -1.03260
C 29.36070 31.33200 -0.98781
C 26.06750 30.32850 -0.84065
C 36.21560 36.92110 -1.18476
C 33.41140 35.51920 -1.14182
C 30.12850 34.51610 -1.35136
C 26.44550 33.48370 -0.81532
C 33.97920 38.96080 -1.14388
C 30.94610 37.70310 -1.56193
C 27.07670 36.60400 -1.20632
C 29.80620 46.77760 -1.23048
C 44.21940 41.84370 -0.94592
C 44.22600 45.09900 -0.91234
C 41.12650 46.15510 -0.94535
H 47.74700 30.94040 2.45770
H 49.24600 33.66780 1.92954
H 47.98050 36.53800 1.58816
H 39.60100 23.70070 0.73986
H 42.42630 25.31360 0.49743
H 41.10200 27.87230 0.31151
H 47.56340 28.42980 0.47775
H 44.59330 29.56580 0.89043
H 38.19490 26.64280 0.84269
H 35.12860 25.45840 0.85623
H 32.08160 24.40010 0.77941
H 41.69610 30.94330 0.83184
H 38.79990 29.78620 0.66839
H 29.68030 26.47220 0.89016
H 26.73890 25.34160 0.52721
H 42.34500 34.04450 0.85565
H 39.89070 36.06250 0.70857
H 41.30240 38.40170 0.75815
H 24.15670 33.58290 0.07509
H 38.02060 41.31500 1.68136
H 31.94880 39.17930 0.20568
H 28.94880 38.01610 -0.15919
H 24.64710 37.27300 -0.45201
H 35.83250 43.29170 0.46552
H 32.75160 42.30330 0.21234
H 28.36930 42.19080 0.05220
H 33.21290 45.29400 0.49338
H 30.03770 44.93560 0.36530
H 46.01540 33.35910 1.46333
H 44.16420 37.13570 1.01206
H 46.61520 39.28220 0.99613
H 43.73400 40.29370 0.85076
H 40.78930 41.47080 0.69631
H 38.71440 42.75850 -0.83736
H 46.22950 42.38410 0.34625
H 45.31080 23.61540 0.44503
H 47.92950 25.25830 0.06386
H 45.14000 26.70280 -0.45618
H 35.72310 28.74900 0.74412
H 32.67310 27.67220 0.69132
H 39.32720 32.99850 0.56862
H 36.31670 31.87490 0.62336
H 33.29590 30.81690 0.68440
H 30.19030 29.67290 0.68965
H 27.21280 28.58460 0.68785
H 36.76980 35.01780 0.44616
H 33.83080 33.90500 0.57900
H 30.77680 32.83720 0.46504
H 27.68780 31.74180 0.52411
H 37.50150 38.37420 0.45095
H 34.38730 37.08540 0.44007
H 31.37440 35.99980 0.21304
H 28.36500 34.88190 0.04509
H 35.12790 40.32740 0.49219
H 26.70100 44.87480 0.33907
H 43.19990 43.39230 0.51619
H 40.37790 44.66930 0.99120
H 37.50610 45.92800 0.15124
H 45.92700 45.55820 0.74241
H 42.94180 46.63880 0.66586
C 49.11560 30.17230 3.87498
C 47.28690 33.14500 3.51373
C 49.44520 35.61780 3.38835
C 48.00440 38.40210 2.84520
C 38.06300 23.50040 2.62963
C 40.31890 25.93440 1.59454
C 43.34220 27.43300 1.27641
C 47.68050 26.82720 1.98854
C 46.04510 29.79210 2.01468
C 36.99050 25.30290 2.54848
C 34.38520 23.15190 1.22389
C 31.52340 22.64290 2.72819
C 40.80950 29.47880 2.20929
C 37.66340 28.32040 2.29902
C 28.62310 24.70160 2.35627
C 43.89760 32.04240 1.40921
C 41.05380 32.98560 2.35835
C 26.25610 27.11700 2.46928
C 42.05450 36.28810 1.79921
C 39.34560 37.94580 2.13894
C 36.66830 39.91230 2.37450
C 34.38820 42.08580 2.03480
C 30.56970 41.20440 0.65046
C 28.40310 39.88350 -0.66604
C 23.42760 38.65250 0.45898
C 25.98870 41.61170 -0.47791
C 31.76540 43.90720 1.82530
C 28.39690 43.59360 1.77271
C 32.91640 47.14950 2.01778
C 45.73550 35.71180 2.23780
C 44.74460 38.72850 2.51547
C 42.04860 39.96470 2.48260
C 46.62540 41.13130 2.47232
C 41.72730 43.17460 2.47621
C 38.05360 43.85120 1.41865
C 35.44090 45.48000 1.42369
C 47.46220 44.02050 1.63306
C 43.49870 23.89000 2.07563
C 48.87770 23.91900 1.83973
C 46.11300 25.67710 1.56967
C 34.54190 27.42380 2.42254
C 31.71380 26.02140 2.31778
C 38.17750 31.58730 2.21917
C 35.13300 30.55640 2.31544
C 32.02190 29.44820 2.30732
C 29.11670 28.12800 2.33148
C 38.53760 34.73590 2.17594
C 35.67740 33.64360 2.20143
C 32.55060 32.60570 2.19697
C 29.54270 31.55700 2.21618
C 26.58950 30.35140 2.31712
C 36.29770 36.88660 2.01244
C 33.03770 35.68900 2.01970
C 29.91500 34.70510 1.85751
C 26.45450 33.78710 1.21701
C 33.56000 38.98240 1.87645
C 30.56030 37.74550 1.79025
C 26.77620 36.77900 0.71744
C 29.88360 46.51240 1.84042
C 44.65100 42.00600 2.13360
C 44.06090 44.99800 2.22017
C 41.23360 46.55760 2.42435
H 37.31220 59.80570 0.48956
H 34.88450 58.17070 0.27391
H 40.42580 63.20430 0.43367
H 37.43430 62.62990 0.33714
H 44.53990 67.69600 -0.28290
H 41.12570 66.45080 0.27901
H 29.14130 62.08260 0.30303
H 44.77500 70.82500 -0.09478
H 25.55040 64.70910 0.58186
H 26.51000 68.33670 0.26280
H 27.85570 71.19730 0.94767
H 34.51230 61.35420 0.40557
H 38.07720 65.61230 0.08519
H 34.94000 64.45520 0.33643
H 31.94520 63.37040 0.37168
H 41.87640 69.49480 -0.37280
H 38.76690 68.67200 -0.11737
H 35.58820 67.63090 0.22990
H 32.37980 66.59360 0.43430
H 29.31990 65.20200 0.37436
H 36.28780 70.75640 0.08165
H 33.19320 69.80360 0.50629
H 30.23980 68.89700 0.38213
C 47.69410 65.35220 -3.28679
C 49.18530 69.08650 -1.33541
C 35.13820 49.68740 -0.47432
C 36.08220 53.16190 -1.92736
C 33.88040 55.81930 0.56109
C 31.26110 55.16340 -1.15337
C 30.40280 58.32710 -0.75367
C 28.03660 60.81650 -1.41015
C 25.01690 60.78270 -1.36251
C 37.10590 57.98580 -1.05390
C 39.26610 61.04140 -0.20388
C 36.28480 61.11590 -1.25673
C 33.47030 59.74390 -1.15555
C 43.14480 66.06440 -1.32852
C 39.96790 64.94770 -1.37588
C 30.94790 61.81620 -1.29620
C 43.71170 69.59410 -1.91763
C 27.58070 63.76340 -0.58912
C 25.49080 66.88790 -0.99915
C 26.32450 70.27770 -1.01416
C 38.21440 47.76560 -1.08970
C 38.02410 50.98240 -0.90004
C 37.59760 54.59810 -1.60239
C 40.11990 56.31320 -1.21205
C 42.19160 58.38030 -1.00807
C 48.10260 58.63260 -0.95790
C 42.20790 61.80820 -1.03655
C 47.38910 61.89770 -1.18437
C 45.52460 63.31170 -0.82576
C 26.53020 46.64610 -1.34306
C 31.62250 49.62830 -1.29750
C 28.24690 49.35790 -1.38994
C 24.91750 49.48020 -1.48092
C 32.96750 52.39030 -1.16648
C 29.79240 52.46750 -1.33854
C 26.55730 52.40610 -1.48484
C 28.19750 55.18170 -1.34904
C 24.74300 55.13670 -1.40518
C 26.34880 57.80330 -1.44634
C 36.69050 64.20120 -1.39094
C 33.78350 63.01570 -1.24799
C 40.56530 67.91680 -1.60781
C 37.29540 67.31240 -1.55397
C 34.25280 66.19620 -1.21416
C 31.22720 65.10330 -1.25130
C 37.87680 70.29950 -1.69896
C 34.82840 69.41950 -1.32393
C 31.77440 68.53510 -1.10262
C 28.59330 67.39650 -0.66685
C 32.68740 71.65570 -1.11682
C 29.43200 70.74130 -1.09272
C 46.75970 47.37630 -0.69134
C 43.76950 48.46340 -0.78882
C 40.80420 49.50890 -1.02609
C 46.37820 50.47940 -0.70051
C 43.49760 51.62930 -0.80161
C 40.51400 53.01360 -1.24155
C 46.02440 53.64150 -0.76989
C 42.93390 54.96240 -0.96194
C 48.52200 55.52530 -0.79607
C 45.43330 56.83520 -0.99603
C 45.00810 60.10680 -1.06101
H 47.57810 64.54310 -1.39482
H 49.21170 66.97180 0.23991
H 47.35110 69.43260 -0.00607
H 34.66270 47.52560 0.37023
H 33.03440 50.50500 0.53687
H 34.47030 53.40260 0.08960
H 32.36260 57.36850 1.92491
H 31.59760 60.17040 0.44127
H 28.07460 58.82390 0.04076
H 26.52670 61.73970 0.24900
H 37.29770 49.19460 0.71469
H 48.38820 47.42630 1.31231
H 39.72660 51.21170 0.25485
H 39.29880 54.53270 0.26321
H 36.45980 55.86670 0.27545
H 39.04520 57.69100 0.54360
H 41.42790 59.95540 0.34045
H 46.91520 60.19700 0.54584
H 44.26290 61.83800 0.65088
H 31.34750 47.83140 0.34205
H 28.18490 47.59740 0.36129
H 29.77160 50.47310 0.13920
H 26.52280 50.43260 0.09934
H 31.24500 53.22930 0.51260
H 28.09410 53.30400 0.28300
H 24.93600 53.20260 0.05388
H 29.92710 56.12600 0.08418
H 26.54320 55.99960 0.19594
H 24.93530 58.89800 0.25923
H 40.07360 47.77640 0.57265
H 45.53430 48.84820 0.88607
H 42.52630 49.92460 0.72423
H 48.09840 50.69050 1.06717
H 45.27580 51.96000 0.89801
H 42.26290 53.23790 0.59084
H 47.78890 53.84080 0.83411
H 44.77360 55.21620 0.63682
H 41.83330 56.49870 0.60140
H 47.30800 57.01430 0.66645
H 44.26390 58.40950 0.51870
C 46.90440 66.87790 -0.46495
C 48.75570 68.61540 2.05320
C 35.08230 49.62710 1.57792
C 36.06090 52.64960 1.89592
C 32.65440 57.30920 4.07497
C 31.06000 55.13120 2.04790
C 30.18770 58.28540 1.25570
C 27.96700 60.52210 1.76838
C 24.99080 60.80340 1.90091
C 36.87810 57.86570 1.83533
C 39.40550 59.89320 1.72250
C 36.29630 61.33120 2.07871
C 33.52930 59.65620 1.89966
C 43.14870 65.53690 0.46372
C 39.80680 65.06440 1.88100
C 30.91360 61.81160 1.97861
C 43.81620 68.86270 1.06424
C 27.58320 63.66310 1.30235
C 25.42790 66.63250 1.82448
C 25.78610 70.01840 2.02837
C 38.13080 47.33180 2.04506
C 38.46180 50.52140 2.29844
C 37.27050 54.20650 1.90351
C 39.93340 56.05200 2.09682
C 42.30010 58.45810 2.07824
C 48.07130 58.80420 2.20292
C 42.15320 62.30860 1.01146
C 47.50650 61.96580 2.10934
C 45.75990 63.14590 2.25709
C 26.47880 46.52630 1.77195
C 31.36330 49.74160 1.94124
C 28.14230 49.40040 1.69184
C 24.94920 49.59350 1.73766
C 33.01240 52.47680 2.08731
C 29.71130 52.28020 1.91947
C 26.45010 52.23360 1.76876
C 28.29810 55.23630 1.74034
C 24.86600 55.06290 1.70324
C 26.67240 57.86520 1.76673
C 36.86040 64.47570 1.89013
C 33.69650 63.09140 1.96948
C 40.66520 68.16330 1.39711
C 37.67040 67.49890 1.64846
C 34.17050 66.26650 1.82480
C 31.10290 65.10800 1.99893
C 38.27080 70.44820 1.45500
C 35.17900 69.41760 1.86074
C 31.89010 68.42060 2.07554
C 28.58670 67.28350 1.27568
C 32.69700 71.63930 2.06389
C 29.47240 70.54410 2.11616
C 46.60670 47.24140 2.54939
C 43.59590 48.40720 2.32806
C 40.38550 49.62550 2.04727
C 46.19560 50.46420 2.61355
C 43.28110 51.80510 2.27769
C 40.22270 52.92130 1.94400
C 45.87830 53.78690 2.35057
C 42.89520 55.02800 2.20071
C 48.30820 55.62850 2.44341
C 45.35340 57.01090 2.20236
C 45.11880 60.03600 2.20886
H 42.32520 72.65990 -1.11840
H 39.89810 75.01860 -0.45933
H 37.69350 76.92790 0.89142
H 26.20540 72.84450 -1.23832
H 35.22610 79.10510 1.77187
H 32.37520 78.18650 0.62428
H 29.46390 77.35230 -0.15829
H 26.42860 76.02210 -0.76050
H 39.40530 71.69970 -0.33395
H 37.00020 73.81050 0.22055
H 33.99510 72.96770 0.47166
H 30.85870 71.99190 0.49263
H 34.69030 76.09440 0.51573
H 31.64800 75.10260 0.34803
H 28.55750 74.42080 0.26677
C 43.86560 89.25650 2.01363
C 37.48350 89.25930 1.25314
C 48.35460 92.97040 2.71736
C 45.52010 91.85800 3.89078
C 42.54670 92.12290 2.19215
C 39.64330 91.86480 1.21126
C 35.66440 91.90320 0.72116
C 34.45430 93.63800 0.94106
C 46.41720 74.66600 1.40782
C 43.40460 75.80740 3.10336
C 41.58260 78.00970 1.12688
C 39.18960 80.05330 -0.06200
C 39.12120 83.22100 0.45847
C 39.04350 86.51130 1.16323
C 40.80720 88.48300 3.07245
C 46.99470 87.91350 2.42599
C 46.81610 71.75440 -1.02390
C 29.94220 95.65330 0.55666
C 26.24320 78.50410 -0.59197
C 30.73310 79.54790 -0.34731
C 28.21220 80.92710 -0.16571
C 35.89330 82.79360 1.82192
C 33.36110 84.73610 0.86787
C 36.07670 86.22200 1.32611
C 32.93400 88.09660 0.94090
C 32.33770 91.49340 2.08438
C 29.48610 92.62110 1.07280
C 44.03140 71.78510 -2.38744
C 41.73020 74.85360 -2.17517
C 38.92640 76.90760 -1.40435
C 26.18300 74.36280 -2.72494
C 37.36700 79.23210 0.24281
C 31.70840 76.85490 -1.30023
C 28.73520 76.06160 -1.78935
C 46.58720 95.51370 2.82494
C 43.59020 95.02110 2.63036
C 40.62300 94.98980 1.78447
C 37.76700 94.73580 0.89672
C 46.61220 77.94480 1.78169
C 44.16800 79.76110 1.68433
C 41.83170 81.45570 1.12368
C 46.99340 81.35160 1.95111
C 44.40950 83.02910 1.79691
C 41.67380 84.77550 1.47681
C 47.03190 84.69580 2.12318
C 44.27210 86.25640 2.05718
C 25.67730 82.11050 -0.69662
C 30.94550 82.89800 0.26719
C 27.96450 84.15340 -0.12261
C 25.05000 85.54170 -0.92158
C 30.44480 86.17090 0.45121
C 27.52370 87.42180 -0.07790
C 30.02710 89.37840 0.67038
C 27.15430 90.69770 0.05359
C 26.47430 94.19560 0.54326
C 40.96550 70.98660 -2.16984
C 38.48680 73.44100 -1.81627
C 35.59020 72.53950 -1.34500
C 36.57360 75.81990 -1.03405
C 33.60970 74.70780 -1.16054
C 30.50250 73.71550 -1.26075
C 34.52950 78.24760 -0.61695
H 42.21160 90.49420 3.46225
H 38.99010 90.17560 3.04141
H 46.84540 93.81420 4.51474
H 37.48010 92.85590 2.08889
H 33.58100 93.30340 3.30390
H 35.62010 95.47190 2.07048
H 45.87250 76.51140 3.29143
H 43.03380 78.27040 3.26429
H 40.43690 79.84190 2.05065
H 37.75500 81.41060 1.49103
H 48.65020 78.21970 3.36514
H 37.73880 84.53360 1.97595
H 37.53260 87.36650 2.89230
H 40.33830 86.05970 3.12575
H 45.44680 89.35100 4.09247
H 47.85880 91.09450 4.32237
H 47.39910 72.34320 1.44770
H 25.25670 77.10170 1.23618
H 27.59710 79.08890 1.46734
H 29.99740 81.16620 1.53952
H 32.35950 82.98240 2.38226
H 34.80130 84.76790 2.95902
H 34.56400 87.90320 2.58345
H 31.44990 89.25110 2.71404
H 28.48760 90.54560 2.19256
H 25.59580 92.00750 1.55658
H 30.43380 92.84720 3.07302
H 43.49450 93.36040 4.20238
H 40.47270 93.06230 3.19424
H 45.97380 79.78050 3.43303
H 43.21690 81.43660 3.19016
H 40.44220 82.95120 2.53808
H 48.86550 81.46960 3.57177
H 46.07060 82.97480 3.60009
H 43.19950 84.48280 3.38294
H 48.79280 84.66500 3.79563
H 45.94260 86.09990 3.88340
H 42.98800 87.60770 3.66349
H 48.70940 87.84470 3.87306
H 26.99100 82.43250 1.32973
H 29.46300 84.33380 1.75631
H 26.44170 85.59570 1.15869
H 32.00380 86.18120 2.31625
H 28.93410 87.47790 1.91272
H 26.07670 88.84690 1.22239
C 43.66140 89.32850 5.33234
C 36.48050 89.57230 2.97280
C 48.73820 92.90610 5.83175
C 45.08800 92.52900 5.83605
C 41.64680 92.22790 5.20385
C 38.57910 91.79300 4.24861
C 35.25770 92.98900 4.96992
C 32.29310 94.58390 3.61418
C 47.16120 74.30130 3.11710
C 43.86940 76.37120 4.85202
C 41.04910 78.84000 4.29668
C 38.26680 79.67370 3.21721
C 38.21900 82.78510 3.60016
C 38.22930 85.42820 4.16500
C 40.83580 87.55920 4.92080
C 46.81950 87.61750 5.54859
C 46.20230 70.72030 2.01270
C 28.91590 94.90230 3.55455
C 25.41640 79.06400 2.74013
C 31.76790 79.81290 2.43861
C 28.01610 81.03750 3.07003
C 33.62000 80.81500 2.66451
C 33.06790 84.73500 4.14222
C 35.84830 86.53770 4.42890
C 32.64880 87.66220 4.19627
C 32.23550 91.25190 3.91798
C 28.86710 91.74470 4.47632
C 43.58110 72.45560 1.10709
C 42.38890 75.08750 -0.51358
C 39.93530 76.50730 1.66024
C 26.49060 73.37650 1.33293
C 37.13720 78.05450 3.07835
C 30.84430 76.79390 1.93104
C 27.66280 76.52240 1.36456
C 46.59050 95.76470 6.03835
C 42.98610 95.27210 5.71083
C 39.94010 94.81280 4.87993
C 36.66950 94.30640 4.00149
C 47.08320 78.17150 4.97932
C 44.00620 79.84930 4.90631
C 41.01390 81.10440 4.09760
C 46.94790 81.26760 5.15967
C 44.08730 82.80430 4.95250
C 41.00880 84.20700 4.54928
C 46.89120 84.40660 5.40571
C 43.87660 85.90120 5.20427
C 24.77460 82.05070 2.21097
C 30.53490 82.78000 3.45566
C 27.34210 84.18200 2.97425
C 24.33530 85.25870 2.38537
C 29.93010 85.94190 3.58830
C 26.73920 87.24720 2.97598
C 29.50940 88.97860 3.89208
C 26.39440 90.25670 3.26097
C 26.09780 94.28620 2.25945
C 41.53140 71.41570 0.94980
C 39.13400 73.45960 1.37732
C 35.83760 72.36530 1.87919
C 36.44680 75.36620 2.11094
C 33.37580 74.70480 2.04502
C 30.25100 73.92380 2.01134
C 34.01820 77.53330 2.44029
C 54.98620 95.94750 2.52105
C 52.19060 95.01850 3.50943
C 49.44450 96.16700 2.51965
C 55.82350 4.03985 1.74167
C 52.67230 4.13730 2.08579
C 50.69560 6.54146 1.41934
C 60.19360 0.38685 1.26470
C 59.17020 3.39071 1.25938
C 57.84230 6.62215 1.44520
C 60.47840 8.28798 0.49739
C 73.65800 10.47110 -3.62583
C 68.34210 10.29230 -1.94758
C 65.14780 10.89630 -0.00485
C 61.47030 11.24890 -0.12454
C 71.32380 13.23730 -2.27120
C 68.04490 12.44020 -1.60621
C 66.22420 14.73910 -0.86858
C 63.44960 14.16980 -0.70186
C 63.66100 17.30750 0.35723
C 61.79040 20.18190 0.16335
C 63.42590 22.61940 -0.37071
C 60.61190 22.70340 0.25711
C 54.63010 7.31024 2.19429
C 52.22300 9.39875 1.24483
C 57.85640 9.56129 2.16415
C 57.44210 12.67460 0.50606
C 60.46170 14.05120 -0.42572
C 60.59610 17.09310 0.17377
C 57.30730 19.12720 -0.78868
C 57.81950 22.98590 0.10233
C 56.98250 1.02863 1.72194
C 53.95880 1.18503 2.35362
C 51.02820 1.33418 2.38622
C 69.37480 95.44290 -0.18080
C 66.25210 -1.10522 0.28546
C 63.20820 -0.30680 0.89417
C 71.35640 0.22206 -0.72308
C 68.41210 1.11016 -0.28909
C 65.33610 1.92049 0.26220
C 62.19630 2.63322 0.85079
C 70.67560 3.34076 -0.78741
C 67.33070 4.15377 -0.29595
C 64.20930 4.97224 0.20674
C 61.19180 5.82049 0.78666
C 72.95020 5.93963 -1.07036
C 69.85610 6.22794 -0.97952
C 66.65240 7.50159 -0.38129
C 63.57030 8.10746 0.12818
C 72.76870 16.34050 -1.60589
C 69.37140 15.61950 -1.37154
C 70.38840 18.42860 -1.18911
C 67.29680 17.76430 -0.69215
C 71.71160 21.39310 -1.17947
C 68.53930 20.70220 -0.80472
C 65.28890 20.18870 -0.46538
C 54.95560 11.02230 0.96433
C 52.28640 12.75170 0.55014
C 54.80050 14.28300 0.33823
C 52.09430 15.72120 0.08683
C 57.89810 15.93700 0.29895
C 54.64660 17.24350 -0.28319
C 51.95940 18.97050 -0.72622
C 54.62990 20.81360 -0.92036
C 51.90500 22.00020 -0.93676
H 57.00600 -0.71028 3.41203
H 54.19950 -0.19979 4.52457
H 55.85360 2.26090 3.51849
H 54.50340 5.19391 3.43199
H 52.33730 7.58131 2.89646
H 59.97340 96.22960 3.04655
H 58.97670 1.70175 2.96861
H 57.88750 4.68822 2.98050
H 60.01230 6.99763 2.62316
H 56.80730 7.57815 3.29277
H 71.55980 7.13743 0.61909
H 68.50670 7.71299 0.71355
H 65.19410 8.76279 1.42670
H 61.94260 9.39430 1.58288
H 72.22160 11.33460 -1.65733
H 72.90140 14.16480 -0.53120
H 69.83840 13.42050 -0.25057
H 66.70630 12.79230 0.52548
H 64.75770 15.26030 1.08949
H 62.01970 18.34370 1.73208
H 60.77840 21.16130 2.27060
H 54.19660 9.64219 2.65971
H 51.31150 11.36740 2.33560
H 56.73560 11.61930 2.61298
H 59.48230 13.24690 1.99533
H 61.74780 15.10980 0.87796
H 59.32600 16.62230 2.23098
H 59.38150 19.29520 0.41875
H 56.49620 21.04280 0.67726
H 53.70440 22.47770 0.67782
H 51.07980 -0.43338 4.07079
H 52.62480 2.46455 3.94093
H 50.71090 4.97515 3.35018
H 71.38170 -1.46918 1.05859
H 68.31420 -0.59329 1.44476
H 65.18340 0.24480 2.04420
H 62.13220 1.02771 2.65436
H 70.46740 1.64438 1.01320
H 67.36740 2.42183 1.48788
H 64.27070 3.26835 2.01717
H 61.15260 4.04076 2.54210
H 72.53080 4.06515 0.60316
H 69.41440 4.63701 0.90791
H 66.22660 5.65081 1.32459
H 63.17930 6.38751 1.92406
H 63.23410 12.24480 0.69659
H 71.05190 16.46000 0.20366
H 67.91320 15.77790 0.62738
H 72.13250 19.43120 0.20777
H 68.98770 18.83180 0.79878
H 65.77320 18.37360 1.14559
H 70.08610 21.94220 0.63575
H 66.96040 21.41900 0.89377
H 63.78980 20.89440 1.23757
H 54.02140 12.90770 2.22369
H 51.09980 14.42940 1.96112
H 56.65050 14.60000 1.88127
H 53.88570 16.07650 1.78250
H 51.08640 17.52900 1.10117
H 56.54910 17.79870 1.18039
H 53.81090 19.26350 0.73868
H 50.89910 20.67650 0.75885
C 56.20530 -0.60917 5.77407
C 52.57130 95.72770 5.43021
C 49.71050 96.13430 5.86348
C 56.34170 4.30114 4.87773
C 52.67700 4.76828 4.93619
C 50.70090 7.11220 4.60330
C 60.56690 0.55877 4.46720
C 59.58620 3.58910 4.38407
C 58.45810 6.53416 4.54533
C 60.54840 8.83778 3.70933
C 71.31420 9.17857 -0.71872
C 69.38650 9.96363 -0.10703
C 65.24780 11.20190 1.83291
C 61.20350 11.54310 2.21195
C 71.63580 12.40190 0.71978
C 68.52500 12.32810 1.66706
C 66.42440 14.64010 2.28795
C 63.25570 13.78500 2.40909
C 64.05570 17.17700 2.44819
C 62.73430 20.04970 3.30053
C 63.95590 22.62360 2.75908
C 61.01990 23.24210 3.29577
C 54.45720 7.57788 4.03505
C 52.10800 9.78456 3.99261
C 57.62830 9.79581 4.04837
C 58.00960 13.53470 3.69107
C 60.75940 15.34320 3.14517
C 59.86170 18.85950 2.91784
C 57.63280 19.63460 2.38021
C 57.65130 22.88360 2.06530
C 57.54110 1.17325 4.87661
C 54.44820 2.12230 5.57757
C 50.95690 1.51113 5.52050
C 69.97280 95.83570 2.94799
C 66.80980 -0.93323 3.35473
C 63.79230 -0.22029 3.98589
C 72.14850 0.48070 2.32079
C 68.97900 1.28401 2.92693
C 65.88190 1.99005 3.41098
C 62.84870 2.97451 3.98419
C 70.97840 3.55348 2.46527
C 67.80540 4.46838 2.80297
C 64.80130 5.32113 3.33280
C 61.80660 5.95742 3.92417
C 73.20620 5.89597 2.15011
C 70.04160 6.50984 2.47349
C 66.85040 7.63321 2.78136
C 63.47090 8.42467 3.26635
C 72.97910 15.43410 1.49283
C 69.90550 14.90880 1.74226
C 71.00090 18.07620 1.99310
C 67.69950 17.46980 2.43269
C 71.98650 21.09400 2.00285
C 68.78730 20.71510 2.38962
C 65.70840 20.01130 2.55784
C 54.80050 11.50340 4.11332
C 52.15520 13.16590 3.81086
C 54.87740 14.76760 3.62982
C 51.88710 16.38840 3.19813
C 57.41770 16.62900 3.20822
C 54.69090 18.10250 2.79411
C 52.00110 19.42040 2.43083
C 54.83330 20.98080 2.28576
C 51.69310 22.61580 2.02879
C 73.65950 27.59310 -1.17832
C 63.53950 25.57370 0.26755
C 71.04320 29.35390 -1.49069
C 67.86380 28.92010 -1.21626
C 64.96350 28.62990 -0.54379
C 59.90330 25.93140 -0.04025
C 56.91280 26.69080 -0.26620
C 53.76830 27.36460 -0.38823
C 61.81860 28.57420 -0.07557
C 52.31980 29.88690 0.20098
C 64.05250 31.65070 0.17859
C 65.83640 34.04210 0.62509
C 64.65530 37.07560 0.88760
C 62.85950 39.97590 0.63337
C 49.90490 40.94860 -0.43651
C 61.44090 42.84300 0.76195
C 58.32290 43.15680 0.41015
C 52.69510 43.39900 -1.05664
C 57.33480 46.18970 0.65448
C 53.78950 46.21560 -0.59355
C 51.77440 24.86740 -1.85946
C 71.16990 32.00280 0.37702
C 68.31720 32.05520 -1.41267
C 69.74000 34.20770 0.77280
C 67.80670 37.01500 0.79870
C 66.33990 39.63760 0.74570
C 64.76370 42.67470 0.77430
C 63.40620 45.20260 0.67812
C 50.80610 44.25470 -1.74542
C 72.81710 24.42830 -1.15053
C 69.54730 23.65970 -1.04821
C 66.50870 23.13970 -0.74099
C 70.49720 26.84280 -1.11256
C 67.11850 26.06860 -0.76247
C 58.70890 29.19840 -0.04495
C 55.52260 29.75310 0.09404
C 60.60810 31.85570 0.09861
C 57.49360 32.21340 0.12683
C 53.96760 32.50260 0.28801
C 50.81200 32.61230 0.38829
C 62.62610 34.53140 0.26622
C 59.28740 34.81110 0.24847
C 55.99020 35.07820 0.18633
C 52.76490 35.11160 0.26129
C 61.17090 37.41720 0.45425
C 57.96960 37.66260 0.31215
C 54.70790 37.66160 0.15930
C 51.34040 38.00930 -0.01158
C 59.91620 40.26410 0.56804
C 56.73720 40.43060 0.18966
C 53.68430 40.45820 -0.41721
C 55.41220 43.48330 -0.05543
C 54.56860 24.30700 -0.70131
C 72.98290 34.67370 -0.33555
C 71.07470 37.04790 0.46167
C 72.77800 39.92100 0.43064
C 69.50050 39.91150 0.53464
C 71.13030 42.49380 0.47226
C 67.92640 42.56940 0.64656
C 72.73710 45.28910 0.26047
C 69.43300 45.43020 0.47251
C 66.43440 45.46480 0.59170
H 65.00200 23.81620 0.95610
H 62.39140 23.81530 1.38710
H 71.99020 28.20550 0.54194
H 65.51200 26.86740 0.91487
H 69.57200 30.31580 -0.04115
H 66.71350 29.84560 0.69472
H 59.42580 24.26510 1.64679
H 56.29230 24.69690 1.03135
H 61.76000 26.78240 1.44354
H 55.37190 27.66680 1.42002
H 52.20610 28.12920 1.46089
H 63.65670 29.59610 1.36483
H 50.89070 30.82290 2.06798
H 65.38680 32.13280 2.21852
H 64.15670 35.05710 2.10484
H 62.83940 38.12470 2.22760
H 49.86530 39.11790 1.32313
H 61.38350 40.90670 2.41149
H 51.96770 41.71640 0.48560
H 60.05460 44.03040 2.23274
H 56.71120 44.15740 1.99781
H 53.60840 44.41670 1.10223
H 53.19480 25.42430 0.97652
H 51.55340 26.55480 -1.35905
H 72.93150 32.65520 1.01113
H 69.96280 32.37840 2.51741
H 67.70560 32.94430 0.29965
H 68.18980 35.19780 2.51343
H 66.37010 37.93640 2.64111
H 64.67010 40.63130 2.20653
H 63.17700 43.43550 2.49373
H 49.25880 43.37210 -0.13606
H 73.13920 22.63370 0.46478
H 71.01180 25.02080 0.44087
H 68.02710 24.38610 0.77435
H 68.74630 27.33880 0.54078
H 58.54380 27.28570 1.53706
H 60.43250 29.86910 1.59370
H 57.32400 30.29440 1.61744
H 54.08220 30.57430 1.88633
H 62.27640 32.54260 1.68376
H 59.14340 32.92220 1.82967
H 55.89210 33.16790 1.65128
H 52.54510 33.44850 2.00645
H 60.98640 35.43080 1.89819
H 57.63890 35.80360 1.83445
H 54.39670 35.97680 1.86394
H 51.20910 36.28060 1.79852
H 59.58520 38.31110 2.00048
H 56.27420 38.61910 1.84125
H 53.09670 38.88920 1.50982
H 58.18600 41.24260 2.02327
H 55.03480 41.50660 1.42423
H 50.70750 23.90200 0.16442
H 71.32930 35.29900 2.23063
H 72.82270 37.93500 1.95635
H 69.61130 38.02570 2.11474
H 71.18230 40.71790 2.19033
H 67.98750 40.72550 2.30987
H 72.86050 43.46380 1.91728
H 69.66950 43.55350 2.09495
H 66.41940 43.64740 2.33036
C 74.15220 27.75570 1.89525
C 63.85520 25.59010 2.04119
C 72.27450 30.27510 1.74269
C 68.69960 29.30830 2.02249
C 65.46170 28.75550 2.55872
C 59.99940 26.19500 3.09824
C 56.76830 26.20550 2.85386
C 53.64740 26.81110 2.95878
C 62.02130 28.60790 3.00181
C 52.47430 29.58910 3.48684
C 63.66190 31.23560 3.33623
C 66.43580 34.23790 2.59069
C 64.51470 36.94920 3.78339
C 63.13860 39.89770 3.92934
C 49.55830 41.50680 1.33842
C 61.24880 42.82780 4.01618
C 58.09170 43.01850 3.72989
C 51.75850 43.75050 2.02496
C 57.14510 46.45070 2.57034
C 53.47480 46.41410 2.74218
C 50.86840 26.08510 1.14869
C 71.13000 30.59550 3.53890
C 67.72650 31.46730 2.30696
C 69.97230 34.16380 4.00064
C 68.30070 36.96250 3.94186
C 66.32830 39.75050 3.95113
C 64.97080 42.44720 3.94050
C 63.15000 45.10620 3.82885
C 49.32330 45.43470 1.08458
C 72.80880 24.48680 2.04349
C 69.81720 23.83120 2.26383
C 66.73270 23.20540 2.47873
C 70.77030 27.00430 1.96489
C 67.51040 26.27010 2.31996
C 58.72120 29.11270 3.19079
C 55.75390 29.28350 3.20194
C 60.64160 31.67280 3.35862
C 57.44360 32.03310 3.33432
C 54.34330 32.44160 3.41155
C 50.67770 32.75500 3.58320
C 62.63890 34.33770 3.42886
C 59.23190 34.73420 3.42871
C 55.94980 34.85770 3.39049
C 52.64520 35.39150 3.52833
C 61.05890 37.29310 3.65927
C 57.79970 37.60310 3.53391
C 54.45260 37.97400 3.32451
C 51.34770 38.31740 3.16599
C 59.58880 40.08630 3.76145
C 56.15630 40.54310 3.39112
C 52.92000 41.02630 2.65588
C 54.90470 43.45620 3.02442
C 54.54560 24.03000 2.48109
C 72.99390 33.54690 2.89700
C 71.32270 37.24290 3.76210
C 72.96610 39.74470 3.55160
C 69.66560 39.77540 3.87417
C 71.34850 42.65400 3.67877
C 68.16350 42.63010 3.84463
C 72.82670 45.33660 3.52852
C 69.51180 45.50550 3.67594
C 66.11440 45.60460 3.73861
C 53.40790 60.05320 -1.25793
C 50.46160 60.70180 -1.14111
C 59.69910 64.25880 -0.48775
C 56.41320 63.88880 -0.90996
C 49.90140 63.50260 -1.73036
C 60.70670 67.34210 -0.43948
C 65.25430 71.04300 -0.11301
C 61.81480 70.39000 -0.58377
C 67.43190 48.73810 1.46157
C 64.18180 48.23860 0.42050
C 72.67070 50.89220 0.10321
C 69.77630 52.50070 1.22769
C 73.73190 54.31060 1.73290
C 73.55400 68.17260 -0.09128
C 52.08350 47.25850 -0.75248
C 52.48860 51.01470 0.19606
C 51.59330 54.30310 -0.65239
C 51.40590 57.49550 -0.75423
C 60.65570 47.10530 0.30052
C 64.92570 51.26620 1.00801
C 61.54540 50.52310 0.31562
C 58.34430 49.60720 0.08148
C 70.15760 55.72520 2.15670
C 67.94490 53.65990 3.76870
C 65.62550 54.38440 1.20332
C 55.99930 52.04700 -0.15896
C 72.50150 58.32690 2.41789
C 53.69650 54.30940 -0.44436
C 58.07910 58.15590 -0.77363
C 54.87420 57.30710 -0.78570
C 62.32720 61.84290 -0.19609
C 59.32860 61.27530 -0.79871
C 72.14670 66.74990 0.34678
C 62.79090 64.95230 -0.15742
C 70.60610 69.57570 0.70494
C 67.31980 68.85410 0.16085
C 63.91550 68.08210 -0.22561
C 53.11600 63.33450 -1.08515
C 57.58100 66.73790 -0.64046
C 54.34360 66.78800 -1.11059
C 51.03310 66.52340 -1.33855
C 58.51720 69.94540 -0.65330
C 55.45500 69.80270 -0.69291
C 52.31900 69.47900 -0.89324
C 71.14200 48.19280 0.44629
C 49.43270 49.15530 -0.38055
C 49.20410 52.28980 -0.52488
C 55.11220 49.06270 -0.22444
C 62.55650 53.50690 0.42180
C 59.16010 52.67480 -0.06623
C 69.35890 57.62450 2.14690
C 66.44480 57.19570 1.31770
C 63.38830 56.52270 0.51124
C 60.28650 55.78230 -0.15740
C 56.98480 55.14890 -0.31688
C 70.32680 60.77230 1.60965
C 67.39490 60.24120 1.14481
C 64.36100 59.36480 0.51347
C 61.36210 58.76460 -0.11842
C 71.46410 63.74150 1.08876
C 68.45880 63.03660 0.74367
C 65.13330 62.39350 0.24922
C 69.14090 66.09430 0.42980
C 66.17610 65.61950 0.08692
H 72.35630 55.94670 3.42806
H 54.98670 61.82660 -0.49060
H 52.22640 61.49930 0.36723
H 49.19050 62.25640 0.32278
H 60.89740 65.57960 1.27172
H 57.75270 64.91460 1.01016
H 61.98970 68.67140 1.17547
H 55.13320 47.38100 1.19778
H 64.57130 46.34020 1.93416
H 69.73500 49.18910 2.46567
H 65.17180 49.46940 2.48470
H 72.29930 52.21770 1.54273
H 51.20640 48.97510 0.94639
H 50.78150 52.69050 0.93929
H 50.32590 55.87770 0.93737
H 50.00100 59.06740 0.67471
H 62.10390 48.54090 1.90157
H 58.74490 48.04200 1.51048
H 65.62590 52.62810 3.15022
H 62.72770 51.73230 2.14645
H 56.41940 50.32090 1.65070
H 69.30340 56.54960 4.46371
H 66.47030 55.62340 3.22151
H 54.08530 52.65360 1.38279
H 70.49570 59.27570 3.61541
H 55.00950 55.75210 1.19079
H 71.50500 62.24480 3.21083
H 56.08250 59.03030 0.74478
H 53.09010 58.38250 0.57903
H 72.65580 65.00660 2.33246
H 60.35440 62.51890 1.09676
H 57.53030 61.85210 0.09308
H 70.42950 67.51450 2.02962
H 64.11130 66.26740 1.42615
H 68.21340 69.95660 1.59192
H 65.23970 69.25970 1.51932
H 54.50440 64.78380 0.35966
H 51.23660 64.55480 0.02348
H 58.82050 68.14160 1.00309
H 55.80280 67.77280 0.75589
H 52.56790 67.38290 0.44571
H 56.94120 70.72340 1.00735
H 53.67090 70.35280 0.93271
H 50.50970 69.77540 0.76065
H 71.19130 46.30180 1.98482
H 67.98210 46.42660 2.25709
H 72.87440 49.12470 2.14267
H 59.54970 51.06700 1.75805
H 63.46150 54.86620 2.24449
H 60.39150 54.02540 1.58486
H 57.32140 53.37460 1.40271
H 67.31950 58.71810 3.03876
H 64.35730 57.83630 2.34912
H 61.30780 57.07400 1.67813
H 58.24180 56.40500 1.00153
H 68.37990 61.71120 2.88109
H 65.32230 60.88210 2.14185
H 62.35610 60.18380 1.58738
H 59.31030 59.43230 0.93171
H 69.44180 64.61480 2.33598
H 66.41120 63.86980 1.69769
H 63.29740 63.24410 1.54927
H 67.29480 66.94850 1.76277
C 54.14790 60.53080 1.50151
C 50.55980 61.13240 2.08065
C 59.45770 64.18650 2.70656
C 55.92300 63.21250 1.53974
C 48.92180 64.60570 0.84669
C 60.40480 67.56510 2.71398
C 64.90740 71.34140 2.80383
C 61.69610 70.63120 2.65749
C 67.39540 48.59320 3.39034
C 63.80480 47.94790 3.76733
C 72.83310 51.34120 3.56348
C 69.94700 51.63400 2.96058
C 74.25670 54.26880 3.69000
C 73.72550 68.62640 3.36021
C 51.70930 47.27820 2.76406
C 52.29180 51.09080 2.04786
C 51.20760 54.53770 2.61375
C 51.33760 57.78750 2.28619
C 60.68110 46.50380 2.27940
C 64.17380 51.17800 4.19373
C 61.21360 50.06920 3.37491
C 58.21660 49.67660 3.35809
C 71.52430 56.60350 5.70607
C 67.68760 54.86900 5.28218
C 64.58630 54.57970 4.44965
C 55.84780 52.32200 3.10486
C 71.69900 58.83720 5.65425
C 53.52370 54.43070 2.87106
C 57.52590 58.43480 2.38840
C 54.60380 57.52820 2.45914
C 61.76430 62.10470 3.00657
C 58.59330 61.32160 2.32358
C 72.33850 67.24330 3.63736
C 62.53770 65.09860 2.99403
C 70.57130 69.91880 2.66911
C 66.78040 68.75680 3.35639
C 63.63390 68.15050 2.96196
C 52.79890 63.53810 1.65621
C 57.38570 66.78370 2.48167
C 54.25960 66.57350 2.11769
C 51.00990 66.22040 1.84713
C 58.64010 70.04020 2.60400
C 55.44780 69.53530 2.46054
C 52.20540 69.02760 2.37709
C 71.19090 48.11680 3.78938
C 49.31660 49.32940 2.73911
C 48.86150 52.42240 2.55610
C 54.92140 49.37050 2.98219
C 61.80370 53.43320 3.53251
C 58.94660 52.82240 3.23350
C 68.60710 58.48460 5.21552
C 65.70860 57.49120 4.42435
C 62.64090 56.73180 3.67029
C 59.66460 55.90370 2.98085
C 56.91900 55.34770 2.78394
C 70.00360 61.47990 4.79896
C 66.61960 60.70320 4.21363
C 63.65850 59.86090 3.59216
C 60.63720 59.08790 2.93266
C 70.97610 64.39320 4.28951
C 67.70660 63.80970 3.82277
C 64.83010 62.88270 3.39878
C 68.95870 66.69450 3.58322
C 65.78420 65.74360 3.21697
C 70.93640 86.60020 -0.50554
C 67.55550 85.95370 -0.19754
C 65.74140 87.34720 3.36532
C 62.73030 89.12480 1.35233
C 61.92500 91.83530 1.26384
C 58.76670 91.79650 2.43446
C 58.09560 95.51390 1.58767
C 49.43000 75.72640 0.81001
C 51.69280 77.18230 3.03409
C 55.57570 80.30020 0.53361
C 62.52330 84.60760 -0.93031
C 49.75360 90.01760 3.16419
C 60.44400 87.28940 1.71567
C 57.68620 88.30030 2.50113
C 52.63510 91.12150 3.47612
C 59.35070 90.56710 4.28507
C 55.15170 93.84040 2.87183
C 66.15670 74.52040 0.39365
C 49.68280 72.06260 0.20182
C 63.80170 76.32690 -0.93956
C 54.27880 75.22280 0.07056
C 51.29600 75.12430 0.21625
C 65.06720 78.77770 -1.39071
C 61.89850 78.88670 -0.68593
C 58.51330 78.66170 -0.06159
C 54.82700 78.34050 0.39917
C 67.34110 82.11340 -1.45188
C 63.75820 81.45390 -1.40402
C 64.35160 84.97870 0.01838
C 73.33110 71.53510 -0.38759
C 70.68800 73.00530 -0.36131
C 70.32310 76.61120 -0.50222
C 68.79340 73.63940 -0.76682
C 70.31590 80.02330 -0.56666
C 70.54590 83.36520 -0.66230
C 70.93630 89.47030 0.04965
C 68.01500 89.75530 1.01460
C 64.89420 91.07790 0.89392
C 70.15710 92.38240 -0.03447
C 67.19100 93.29280 0.19756
C 64.12630 94.11230 0.79694
C 61.09080 94.93210 1.24961
C 72.28720 94.72050 -0.83893
C 49.82410 79.88040 1.88441
C 52.84580 81.06270 2.30349
C 49.66230 83.20000 2.04539
C 59.62300 81.84120 0.68339
C 55.34530 83.21560 1.66051
C 52.57650 84.51310 2.21709
C 49.91800 86.28330 2.31128
C 57.99930 85.09270 1.81433
C 55.21190 86.37160 2.43722
C 52.56920 87.90570 2.69519
C 55.12950 89.70350 3.11564
C 62.59650 73.36070 -0.62834
C 59.48970 73.02110 -0.39273
C 56.64530 72.72860 -0.32022
C 53.56870 72.38490 -0.48721
C 60.70250 75.93050 -0.47045
C 57.44630 75.67590 -0.05278
C 73.21780 74.92220 -0.66130
H 49.85310 94.36960 4.14858
H 69.13250 85.08520 0.63138
H 62.58610 87.26250 3.06955
H 70.71540 87.65410 1.75046
H 67.45820 87.47870 1.94422
H 64.68690 89.52740 2.95936
H 61.63720 90.33620 3.33997
H 60.81500 93.28210 3.04477
H 57.68640 93.65980 3.30517
H 51.42810 79.52990 3.73645
H 55.15990 81.39510 2.77351
H 62.07560 82.47430 0.46045
H 57.61570 83.31990 2.88307
H 60.19160 85.29150 3.14110
H 59.73590 88.12530 3.94757
H 57.16880 89.47320 4.51763
H 54.39060 90.82920 5.22699
H 50.62920 91.57980 4.90327
H 66.20560 72.37600 1.83596
H 63.17280 71.66190 0.96571
H 64.20160 74.60230 0.73735
H 51.78930 72.83740 0.98276
H 65.88750 77.18810 0.42369
H 56.04720 76.37290 1.55037
H 52.90720 75.56330 2.16674
H 66.88270 79.96380 -0.01902
H 63.86630 79.83680 0.49129
H 60.69280 79.61650 0.86538
H 57.79870 80.24880 1.56208
H 65.20020 82.61520 -0.03236
H 71.72710 71.72010 1.47126
H 69.14280 72.71600 1.65340
H 68.42110 75.54030 0.76932
H 68.81020 78.36160 0.61804
H 72.16660 84.79940 0.50698
H 68.96780 81.85430 0.42520
H 53.03310 93.48400 4.15481
H 70.12530 90.83650 1.92700
H 66.89460 91.69600 2.02834
H 63.82840 92.51050 2.63570
H 72.24470 93.09480 1.02919
H 69.15150 93.84780 1.64321
H 66.16030 94.69350 1.98786
H 63.08850 95.46160 2.57367
H 51.62690 82.92460 3.50924
H 54.63050 84.44010 3.76434
H 51.62460 86.01890 4.04349
H 57.25660 86.29610 3.86537
H 54.41780 87.69860 4.39529
H 51.62330 89.18600 4.53901
H 59.99820 71.08080 0.94473
H 61.06270 74.11700 1.11029
H 58.04440 73.75850 1.43478
H 54.96760 73.25740 1.36206
H 62.39850 77.07090 0.92707
H 59.27170 76.75050 1.37202
H 71.46010 74.91000 0.90758
H 71.66650 78.36090 0.63570
H 71.90450 81.62730 0.38981
C 72.09530 86.39750 2.54710
C 68.79250 86.41320 2.89755
C 66.32220 87.42140 5.13529
C 63.06760 88.96760 4.90156
C 62.45110 92.30770 4.70018
C 56.06300 93.51420 6.48918
C 58.40520 95.30690 4.78728
C 49.78960 76.22860 3.07914
C 52.29650 77.44340 4.91626
C 56.63580 79.61530 3.68414
C 61.53200 84.27250 2.22259
C 49.43770 89.50210 5.56024
C 61.28160 86.44860 5.02182
C 58.16680 87.58790 5.79274
C 52.29430 90.56100 6.48035
C 56.57420 91.86710 4.96375
C 54.01370 92.98270 6.42548
C 66.36120 74.11180 3.63285
C 49.76320 71.76220 2.01053
C 64.35640 76.51760 2.32148
C 54.89530 74.81240 3.34953
C 52.01740 73.56540 3.34569
C 65.56030 79.16480 2.08497
C 62.54810 79.01410 2.38265
C 59.40310 78.66120 2.81868
C 55.52340 77.84200 3.59428
C 66.93350 81.86950 1.80673
C 63.56640 81.80770 2.00257
C 64.45960 85.72900 3.09455
C 73.65330 72.02440 2.92319
C 71.11330 73.59200 2.98602
C 70.33160 76.78760 1.97130
C 68.31290 74.59380 3.13056
C 70.32990 80.17850 1.55976
C 70.59980 83.26520 1.58975
C 71.67610 89.39500 3.25506
C 68.19690 89.73980 2.86696
C 65.45690 91.26090 4.14511
C 70.90810 92.85570 3.09510
C 67.64760 93.50010 3.51956
C 64.78110 94.35870 3.97619
C 61.62790 95.16150 4.53358
C 73.19350 95.07820 2.25901
C 49.81320 79.73590 5.14952
C 53.19370 81.18030 4.36249
C 49.85140 83.03260 5.25010
C 59.41760 81.81640 2.85203
C 56.06180 82.66520 4.74857
C 52.72020 84.17420 5.34625
C 49.64840 86.16670 5.54303
C 58.61450 84.48560 4.88490
C 55.53390 85.79560 5.60073
C 52.54060 87.35760 5.90579
C 55.42090 89.04400 6.28387
C 62.99950 73.60940 2.53937
C 59.77290 72.78530 2.71912
C 56.68830 72.33520 2.81735
C 53.34790 72.11280 2.72940
C 61.19310 75.99440 2.71959
C 57.99200 75.61080 3.06318
C 73.42430 75.10520 2.41055
C 89.82650 2.08622 -3.48589
C 94.33880 4.85195 -3.61835
C 90.48500 4.85873 -1.42137
C 95.54760 7.84487 -3.84158
C 82.64510 0.16661 -3.21426
C 79.83520 1.13395 -2.90434
C 78.83400 4.24873 -1.67793
C 76.35570 5.41587 -1.01484
C 74.87510 8.77105 -0.45954
C 71.78390 10.16640 -4.12340
C 74.60860 14.41840 -2.37696
C 76.44440 16.53740 -0.69691
C 77.24480 19.54210 -0.36040
C 86.61270 2.08757 -2.27628
C 83.60820 3.18475 -1.55298
C 81.51680 5.46279 -2.57482
C 86.28130 5.46213 -2.29435
C 80.46980 8.40774 -2.27598
C 77.64860 9.43264 -2.15507
C 92.81760 7.74291 -2.32116
C 88.83720 7.73378 -2.37173
C 77.12080 12.44120 -2.12539
C 95.51270 9.58690 -2.51888
C 79.54040 14.49550 -1.89963
C 0.95419 11.84860 -3.67160
C 81.11290 16.80360 -0.50677
C -0.13525 14.82170 -2.00241
C 80.86270 19.95420 -1.66415
C 95.58970 18.06740 -1.45152
C 92.84390 18.59710 -0.74301
C 89.91590 19.63240 -0.97202
C 86.84690 20.86190 -0.38615
C 0.60762 19.82820 -1.47192
C 95.80510 22.95320 -1.45391
C 0.92122 -0.36235 -3.63373
C 94.95820 -0.55536 -3.48881
C 91.69840 -0.48150 -3.39636
C 88.46690 -0.92428 -3.65709
C -1.04789 2.26667 -3.66439
C 93.09170 2.01566 -3.44968
C 0.22521 5.33388 -3.96887
C 80.63410 95.39390 -2.76020
C 77.50100 96.38030 -2.28657
C 74.28420 -0.34930 -1.63230
C 76.48480 1.83744 -2.24136
C 73.82320 2.87732 -1.31949
C 74.18510 19.14650 -1.14037
C 75.06220 21.94550 -0.87997
C 83.27960 6.77962 -2.14245
C 85.93040 8.92280 -2.14813
C 83.05300 10.09160 -2.00212
C 80.07520 11.44730 -1.99081
C 90.72980 9.87725 -2.60591
C 88.16430 11.19370 -1.95784
C 85.36860 12.24750 -1.77557
C 82.48140 13.42990 -1.73307
C 93.23830 12.08510 -2.90249
C 90.70650 13.24890 -2.05099
C 87.70490 14.35050 -1.62024
C 84.72560 15.59050 -1.55480
C 93.01670 15.38090 -1.85042
C 90.34680 16.43200 -1.33897
C 87.30860 17.80160 -1.13923
C 84.19830 18.87960 -1.33530
H 90.11210 0.08033 -2.05643
H 91.68410 2.78235 -2.00684
H 88.72470 2.96779 -1.42872
H 95.96330 6.01210 -2.20269
H 92.85990 5.71807 -1.69526
H 85.88760 95.27310 -1.95901
H 84.64650 0.93498 -1.70806
H 81.74060 1.59359 -1.27938
H 78.60100 2.35337 -1.06345
H 78.20590 4.95239 0.77737
H 74.69620 6.49310 0.54295
H 76.04010 14.05010 -0.60586
H 77.10580 17.81170 1.42183
H 78.33160 20.85450 1.66771
H 85.76290 4.03935 -0.98748
H 82.68350 5.16420 -0.34224
H 79.90400 6.51239 -1.32261
H 88.37340 6.10770 -0.80225
H 76.40060 10.76310 -0.48356
H 90.81780 8.22024 -0.81850
H 78.81590 12.74110 -0.35619
H 0.71721 9.63349 -2.14229
H 93.12100 10.14150 -1.91604
H 78.78500 15.93880 -0.34368
H 79.67480 18.90660 -0.34232
H 95.27520 15.66790 -0.79010
H 82.64750 19.73420 0.06775
H 80.78600 21.96060 0.01519
H 94.75320 18.20840 1.00472
H 91.84490 19.39390 0.85092
H 89.23050 21.03460 0.58020
H 0.27746 17.78620 -0.11528
H -1.37013 20.50470 -0.52549
H -0.67549 0.48629 -2.01592
H 93.47090 0.26413 -1.81054
H 0.56821 3.46214 -2.35656
H 94.78280 3.12341 -1.92295
H 74.43630 95.34940 0.08330
H 82.65990 96.02950 -1.43815
H 79.58760 -0.62311 -1.13698
H 76.39400 0.17000 -0.50788
H 73.47850 0.89189 0.30359
H 75.63200 3.26233 -0.31371
H 74.28610 17.06980 0.14942
H 75.23830 20.21530 0.81406
H 77.15050 7.69986 -0.47882
H 85.29770 7.10694 -0.61867
H 82.32030 8.26760 -0.58013
H 79.38040 9.68383 -0.46839
H 87.87330 9.21700 -0.60767
H 84.85730 10.30360 -0.36281
H 81.90420 11.41110 -0.33673
H 90.28880 11.33120 -0.64824
H 87.18830 12.40400 -0.07332
H 84.29280 13.59910 -0.05692
H 81.38370 14.47890 -0.20551
H 92.74420 13.26910 -0.57744
H 89.66220 14.42230 -0.10311
H 86.63890 15.69260 0.09222
H 83.58770 16.69310 -0.10706
H 92.21140 16.37040 0.28148
H 89.18600 17.67090 0.48541
H 85.80640 18.77180 0.68751
C 90.03570 1.86911 -0.26693
C 94.71190 4.95961 -0.30698
C 91.31590 5.05040 1.07002
C 95.53630 7.84769 -0.54193
C 83.69610 0.31122 -0.00032
C 80.43210 1.29197 0.44636
C 78.08930 3.24853 2.43071
C 76.90340 6.55859 1.82705
C 74.62050 8.69672 1.70439
C 72.49800 9.06109 1.96412
C 74.33690 12.16890 -0.62134
C 75.99130 15.60430 1.32065
C 76.46720 19.63040 2.94493
C 86.66140 1.90915 -0.39654
C 83.87740 3.42709 0.48033
C 80.68450 5.22821 0.78143
C 86.42710 5.46097 0.88867
C 80.42600 7.85907 0.76475
C 77.62180 9.48528 1.19963
C 92.24850 6.75498 0.54577
C 89.22370 7.81898 0.93513
C 76.89700 12.45140 1.15599
C 0.03009 8.39151 0.05558
C 79.49870 14.30110 1.35348
C 2.27449 10.77780 -0.40379
C 79.08140 17.41920 1.77151
C -0.39208 13.72410 -0.37705
C 80.78680 20.03760 1.61417
C 95.70400 15.97940 1.68745
C 92.78670 17.51140 2.39873
C 89.79980 19.17860 2.35625
C 86.86270 20.87180 1.51660
C -0.40168 19.40360 1.62483
C 95.24560 22.05200 1.53397
C 0.91521 -0.28333 -0.38705
C 95.16020 -0.55583 -0.31815
C 91.77980 -0.70274 -0.42580
C 87.82210 -0.73685 -1.75858
C -0.79142 2.47145 -0.51689
C 93.26780 2.10393 -0.25799
C 0.53798 5.35151 -0.73438
C 81.11550 95.67110 0.38320
C 78.11890 -0.98838 0.80905
C 75.19720 -0.32717 1.53750
C 77.30230 1.98585 1.02353
C 74.22610 2.85179 1.72815
C 73.82340 18.46110 1.81583
C 74.75670 22.05730 2.30202
C 83.53280 6.88326 1.05620
C 86.13220 8.69790 1.01822
C 83.00760 9.80696 1.12349
C 80.01240 11.28640 1.22237
C 91.95800 9.77699 0.40356
C 88.65680 10.80230 1.12897
C 85.30780 11.96050 1.43490
C 82.43570 13.04560 1.46173
C 94.37790 11.79910 -0.14917
C 91.05300 12.83240 1.17995
C 87.90220 14.13720 1.59077
C 84.74560 15.26560 1.66138
C 93.76740 14.85460 1.16490
C 90.33030 15.88410 1.78254
C 87.10100 17.26490 1.98165
C 83.83800 18.42740 1.82310
C 82.33410 47.75160 0.62045
C 91.58340 45.55580 -0.86144
C 0.87961 46.85820 -2.27189
C 85.41690 24.17540 -0.74605
C 81.72350 24.13000 0.89538
C 90.29320 26.29730 -0.77825
C 87.23060 26.87410 -0.79385
C 80.73060 27.72890 -0.32967
C 89.33750 29.34240 -0.68989
C 79.68320 31.23960 -0.39581
C 91.39380 31.80240 -0.40666
C 78.53070 34.05380 -0.24543
C 93.48790 34.13040 -0.42890
C 80.58480 36.69210 -0.07222
C 95.36070 36.52420 -0.39084
C 82.58710 39.13420 -0.43686
C 84.71260 41.49520 -0.47662
C -0.75791 41.84640 -0.55784
C 93.34900 42.65290 -0.57096
C 89.67100 43.43040 -0.19063
C 86.58390 44.04860 0.14917
C 84.29310 44.72240 0.33685
C 95.75200 44.90330 -0.83290
C 78.45550 22.68310 -0.21665
C 79.37410 25.65790 -0.47591
C 77.46990 28.60050 -0.45253
C 75.92700 31.39790 -1.50487
C 74.34920 34.67230 -1.90271
C 77.47150 37.09020 0.03698
C 79.28430 39.73490 -0.10516
C 81.41600 42.59120 0.16616
C 79.69070 45.62140 0.31480
C 83.16480 21.91040 -0.87595
C 88.83420 23.50270 0.60697
C 93.73870 25.47350 -0.18327
C 90.19140 24.20280 -0.98597
C 92.60430 28.69090 -0.60797
C 94.78580 31.28070 -0.39768
C -0.58458 33.62220 -0.10240
C 84.03190 27.38650 -0.73674
C 86.19370 29.85080 -0.66938
C 83.00260 30.42120 -0.55321
C 88.25820 32.34450 -0.47692
C 85.09050 32.90450 -0.50699
C 81.81640 33.45850 -0.43844
C 90.29900 34.59620 -0.38103
C 87.15660 35.28240 -0.46202
C 83.79990 35.93800 -0.43320
C 92.23930 37.15820 -0.43401
C 89.08420 37.73320 -0.51237
C 85.86510 38.34300 -0.41315
C 0.39721 39.02110 -0.25244
C 94.42730 39.71390 -0.34717
C 91.24700 40.25150 -0.50409
C 88.03840 40.81030 -0.41318
C 75.99400 24.96260 -1.04761
C 74.40240 37.28030 0.16545
C 76.03560 39.81410 0.20190
C 77.64940 42.60340 -0.13651
C 74.43270 42.65970 0.19265
C 76.11020 45.58560 0.18257
C 0.33809 25.35290 -0.64531
C 96.13390 28.46780 -0.44141
C 0.72319 30.73920 -0.03060
H 84.78390 47.10560 0.74262
H 93.83700 46.03080 0.08775
H 87.03670 25.10940 1.06596
H 83.89520 25.47720 1.02682
H 88.93800 27.51810 0.88440
H 82.72960 28.49010 0.96824
H 79.49370 29.35350 0.90188
H 91.08260 29.82470 0.97866
H 80.45580 34.54770 1.23125
H 95.08850 34.76310 1.25509
H 82.43650 37.17610 1.18054
H -0.31247 37.18360 1.22074
H 84.54000 39.53970 1.07286
H -1.12604 40.22400 1.35001
H 83.61410 42.67240 1.16179
H 95.15800 43.27560 1.01373
H 91.87610 43.89000 0.93927
H 88.74130 44.52250 1.42571
H 85.78320 44.63360 2.52560
H 79.27970 24.24270 1.60371
H 77.27290 26.40650 0.49607
H 75.09750 28.75490 0.47950
H 76.02610 33.50260 -0.33875
H 77.56670 35.31210 1.73177
H 79.21300 37.89480 1.61163
H 81.35730 40.19820 1.00022
H 79.28640 43.47970 0.98671
H 85.21460 22.51010 0.49497
H 94.04860 22.91410 0.40752
H 92.03720 26.80790 0.91874
H 94.29490 29.29210 1.06848
H -0.97960 31.72970 1.39639
H 85.82810 27.95530 0.86460
H 87.87410 30.49470 0.91172
H 84.76140 31.00340 1.00513
H 81.58850 31.54320 1.16123
H 78.31740 32.28860 1.58426
H 93.17320 32.31920 1.15479
H 89.97540 32.83010 1.33288
H 86.79640 33.50040 1.18404
H 83.64050 34.00170 1.07760
H 91.98740 35.30090 1.14860
H 88.85620 35.92150 1.09173
H 85.66580 36.41820 1.13531
H 93.95240 37.79420 1.20347
H 90.81330 38.42690 1.12093
H 87.71430 38.91560 1.12734
H 93.01220 40.90400 1.16117
H 89.89080 41.37460 1.19789
H 86.69410 41.92180 0.94973
H 76.32900 23.24780 0.76568
H 74.17780 25.70060 0.42999
H 74.46330 35.27830 1.64965
H 76.09030 37.99050 1.83082
H 77.79030 40.78360 1.63042
H 74.52570 40.75680 1.84079
H 76.12000 43.54620 1.64500
H 0.01200 23.19670 0.55024
H 95.89720 26.31570 0.92519
H 0.27542 28.84880 1.57762
C 84.24260 46.35710 3.25281
C 92.48000 45.85770 2.29415
C -0.25386 48.65400 0.78429
C 85.30830 23.99070 2.56384
C 81.13100 23.92960 2.93520
C 90.20170 25.89570 2.25088
C 87.20620 26.67510 2.48107
C 80.95160 27.43750 1.71656
C 89.26340 29.28630 2.52265
C 79.92630 30.69950 2.84871
C 91.39150 31.57880 2.76289
C 78.94370 33.59240 3.01416
C 93.34550 34.17850 2.82209
C 80.69610 36.34700 2.80417
C 95.31620 36.58350 2.84169
C 82.71390 39.13450 2.69341
C 85.08370 41.35380 2.64623
C -0.69279 42.14760 2.73504
C 93.53360 42.90470 2.57296
C 90.38620 43.27510 2.75554
C 87.50650 44.18070 3.64369
C 84.35310 42.88290 3.56080
C -0.40155 44.97470 0.83803
C 77.72370 22.63270 2.82422
C 78.07350 25.75300 2.82747
C 77.42210 28.77370 1.54048
C 74.87180 31.21160 0.28592
C 76.09620 33.41130 2.18353
C 77.73320 37.08450 3.39016
C 79.74010 39.85540 2.91301
C 81.29410 42.36310 2.00503
C 79.98190 45.57410 2.27460
C 83.61340 21.53570 1.62895
C 91.71960 21.91510 1.07859
C 93.79090 25.12550 1.67452
C 90.82160 25.94830 3.93772
C 92.44690 28.41740 2.53357
C 94.51370 31.03080 2.85051
C -0.95590 33.57520 2.91501
C 84.11280 26.99400 2.49503
C 86.21490 29.69440 2.52188
C 83.06510 30.10620 2.57893
C 88.10700 32.13100 2.73791
C 85.00840 32.72230 2.68311
C 81.97910 33.30280 2.76393
C 90.19100 34.61150 2.74049
C 87.10990 35.40290 2.75077
C 83.85220 35.82060 2.68728
C 92.14140 37.13670 2.72192
C 89.12170 37.72490 2.75106
C 85.90600 38.26500 2.74180
C 1.06138 39.14460 1.74676
C 94.55810 39.64870 2.75015
C 91.34170 40.14890 2.78848
C 88.06480 40.73080 2.68927
C 75.90630 25.17700 2.17990
C 74.52070 36.95920 3.46610
C 76.45080 39.98850 3.29222
C 78.13010 42.90430 2.93422
C 74.73790 42.70980 3.40402
C 76.16940 45.45330 3.37926
C -0.08660 24.80890 2.52319
C 95.59240 27.82450 2.67484
C 0.37123 30.62180 3.21565
C 88.49330 46.61670 0.21568
C 85.84190 48.33630 -0.77056
C 82.50930 49.74020 0.62956
C 79.83220 51.30000 1.04772
C 77.09980 53.19990 0.32266
C 93.89400 47.59980 -1.24051
C 76.72110 56.39360 0.74175
C 73.93500 57.43060 3.24541
C 76.46310 59.67190 0.82686
C -0.19464 52.48200 -0.93154
C 94.14110 53.75460 -0.96976
C 91.03250 55.18650 -1.00345
C 88.19720 56.42200 -1.19773
C 76.29750 63.06790 0.63406
C 88.59010 59.50370 -1.07501
C 85.36340 61.42080 -0.84536
C 79.16210 64.31310 -0.20876
C 84.66860 64.30550 -1.42006
C 82.18720 66.25060 -0.17346
C 85.90810 67.71490 -1.17764
C 77.65970 48.77790 0.86197
C 75.78510 51.61570 -0.03634
C 81.62170 69.76220 -1.14634
C 79.19610 67.90250 0.06615
C 76.16080 66.45820 0.86725
C 73.91740 63.20000 3.67953
C -0.25761 55.74560 -0.41462
C 93.76190 56.70710 -1.39711
C 92.82380 59.99490 -1.83706
C 91.41490 62.87300 -1.90973
C 90.87960 66.06380 -2.97971
C 87.74330 65.07360 -1.49785
C 89.24360 68.98850 -2.93694
C 90.80160 71.65410 -1.73869
C 91.34110 48.62200 -0.72576
C 88.47890 50.29990 -0.68995
C 85.59340 51.76550 -0.66070
C 82.33630 53.03620 -0.01983
C 79.60750 54.99980 0.23981
C 94.12690 50.61770 -0.97993
C 91.21100 51.89700 -0.81084
C 88.35550 53.35750 -0.88172
C 85.17210 55.04240 -0.72610
C 82.31230 56.40740 -0.30494
C 79.47010 58.11100 0.23209
C 85.21040 58.05420 -0.96900
C 82.09030 59.64430 -0.36556
C 79.26540 61.13890 0.12096
C 81.89710 62.66040 -0.56921
C 74.34240 48.31420 0.17753
C 76.22180 69.83030 -0.38957
C -1.15323 59.14230 -1.67080
C 0.87470 61.78880 -1.80901
C 95.03410 62.26220 -1.96998
C -0.36584 64.54570 -2.38835
C 93.85320 65.11320 -2.57368
C 95.73420 67.63100 -2.96150
C 92.46920 68.31570 -2.94048
C 0.39248 70.31680 -3.30572
C 94.62260 70.91090 -3.17977
H 83.15870 48.62410 2.94658
H 90.87760 47.04000 0.95464
H 87.57990 48.75300 1.01976
H 82.14090 51.70820 2.11540
H 79.03490 53.24870 1.92576
H 76.13230 54.74130 2.05220
H 0.87526 47.01420 0.06145
H 76.12940 57.92640 2.67935
H 96.15060 50.62300 0.59433
H 93.13890 52.20910 0.69511
H 76.03470 61.11120 2.35369
H 92.91470 55.31990 0.50665
H 89.91470 56.80510 0.63374
H 86.99650 58.21900 0.19844
H 75.73700 64.29250 2.32584
H 88.36580 61.13150 0.96260
H 81.27340 64.38660 1.14786
H 78.47400 65.88380 1.40282
H 86.64000 63.40260 -0.20365
H 84.65260 66.06320 0.20458
H 77.76080 46.32450 1.97240
H 76.09340 49.70720 1.54511
H 84.95510 70.13220 -1.11690
H 82.84740 68.58210 0.69400
H 80.01740 70.05360 0.81647
H 77.25570 68.57650 1.43184
H 74.42810 70.13670 1.39944
H 95.87890 53.89800 0.85493
H 95.52530 57.52220 0.15781
H 92.45230 58.30360 0.04264
H 91.47320 61.19350 -0.11790
H 89.77030 63.90340 -0.26290
H 89.46040 66.74250 -1.62104
H 91.13690 69.34670 -1.20258
H 87.89790 69.41620 -1.23058
H 84.80880 50.19540 0.71907
H 93.28550 49.08780 0.74910
H 90.41390 50.37500 0.88085
H 87.52000 51.90100 0.92308
H 84.55930 53.40170 1.01360
H 81.70610 54.83180 1.53880
H 78.90910 56.48590 2.05218
H 90.24330 53.58550 0.70098
H 87.26380 55.02060 0.59661
H 84.44950 56.62950 1.00173
H 81.60550 58.05060 1.45214
H 78.76670 59.59170 1.95271
H 84.25460 59.74600 0.61885
H 81.41010 61.30970 1.43163
H 78.57540 62.75880 1.67239
H 83.99660 62.91980 0.52910
H 74.35020 46.30820 1.77661
H 0.47846 59.97520 -0.08759
H 94.63510 60.51690 -0.24690
H -0.63924 63.05030 -0.37509
H 93.45820 63.59770 -0.56877
H 95.62900 65.93380 -1.14139
H 92.56560 66.66120 -1.16053
H 0.25389 68.46430 -1.60779
H 94.42780 69.07490 -1.51481
H -0.88022 71.86220 -1.87542
C 88.73820 46.87640 2.17951
C 85.74100 48.71810 2.55021
C 82.67870 50.24090 4.15015
C 80.02090 51.08090 2.88124
C 77.34700 52.94700 3.58805
C 94.57850 47.49600 2.05147
C 77.23960 56.05400 3.86595
C 74.73390 58.26710 4.78674
C 77.38230 59.63420 3.99866
C -0.22837 52.26930 2.39500
C 94.23010 54.00040 2.25916
C 91.11160 55.28890 2.26585
C 88.27780 56.86610 2.03052
C 77.28780 62.85860 3.79807
C 90.14760 59.27340 0.57494
C 85.86620 61.46940 1.18248
C 79.65800 64.52860 3.02826
C 85.45610 64.61400 1.61566
C 82.59380 66.30960 1.67136
C 85.34570 68.46120 0.81782
C 78.10000 48.32950 2.92689
C 76.29540 51.15840 3.65943
C 81.97410 70.24270 2.38698
C 79.59800 67.94480 2.04477
C 76.52830 66.64450 2.80351
C 73.76710 61.28610 3.14043
C -0.30345 55.99850 1.50710
C 93.77150 57.12020 1.89480
C 92.97190 60.24580 1.59095
C 91.71530 62.98620 1.21923
C 90.77320 66.17090 0.43147
C 88.78270 62.65100 0.72234
C 89.34540 68.51700 0.34336
C 91.33090 71.34620 0.10960
C 91.52240 48.81110 2.52796
C 88.63920 50.42710 2.60502
C 85.63530 51.74600 2.48923
C 83.16340 53.40510 3.10248
C 80.02720 54.66920 3.40654
C 94.22420 50.80090 2.32719
C 91.33600 52.17400 2.39991
C 88.36400 53.70970 2.38610
C 85.64560 55.06120 2.45944
C 82.91140 56.49890 2.91692
C 80.01790 58.01220 3.41517
C 85.64160 58.39430 2.25224
C 82.83150 59.77200 2.74564
C 79.85450 61.33340 3.27283
C 82.75810 62.98610 2.63770
C 74.69610 48.31730 3.35589
C 76.45520 70.38230 2.92336
C -1.40499 59.23540 1.47716
C 0.65208 61.94750 1.41201
C 94.87550 62.54680 1.17480
C -0.38886 65.12770 0.82352
C 93.95370 65.57080 0.61922
C 95.88890 68.00000 0.14920
C 92.85160 68.55840 0.33843
C 0.57122 70.70860 -0.56413
C 94.80550 71.06260 -0.05930
C -0.38883 94.12340 -3.53216
C 93.70370 94.51350 -3.80604
C 90.62070 94.05640 -3.77734
C 0.53148 77.49010 -4.90900
C 94.54060 78.09180 -5.74689
C 89.67110 80.21610 -5.41061
C 87.58010 82.55630 -4.65830
C 86.83430 85.70190 -5.41129
C 0.24388 88.96300 -4.04720
C 94.40230 89.13060 -3.90331
C 87.42350 88.86230 -4.46992
C 92.43260 91.63100 -3.89924
C 73.71790 88.33820 -0.63439
C 84.09320 88.84690 -4.09433
C 79.21310 90.18890 -2.04597
C 84.94690 91.87640 -3.27811
C 87.06320 93.91930 -3.77610
C 83.73970 94.68860 -3.26817
C 90.26940 75.21430 -2.21348
C 86.79680 71.78640 -1.85131
C 83.17920 69.67070 -2.66076
C 86.35720 74.91540 -3.44701
C 87.38180 78.40090 -4.42913
C 84.78190 80.87540 -3.00907
C 84.13350 83.69130 -4.46107
C 81.79860 85.88220 -3.39959
C 80.94740 88.09360 -1.84576
C 76.61630 86.48820 -1.83077
C 73.52140 84.55880 -1.48961
C -0.54841 73.54990 -3.72495
C 93.38830 72.70380 -3.61105
C 94.36500 76.04870 -5.95276
C -1.17953 80.64800 -5.16856
C 92.97810 80.62590 -5.34517
C 0.24527 83.47730 -4.57226
C 94.39820 83.46650 -4.95078
C 91.06810 83.07730 -5.11550
C 96.02390 86.22460 -4.34731
C 92.79930 86.12450 -4.59253
C 89.62690 85.85730 -4.88615
C 91.00090 88.86230 -4.30690
C 88.95720 91.53610 -3.97589
C 76.20040 90.83460 -1.78528
C 73.21940 91.57080 -0.70653
C 81.51380 92.15690 -2.60574
C 78.36720 93.16740 -2.18254
C 75.32910 93.97820 -1.70861
C 84.16930 73.67600 -1.79812
C 81.37290 72.90840 -1.36280
C 78.87380 71.44630 -0.86133
C 84.20010 77.16260 -3.11611
C 81.57450 75.89840 -1.86135
C 78.79180 74.61140 -1.23912
C 76.06540 73.00250 -0.77546
C 81.50500 79.04560 -2.67338
C 78.80780 77.65150 -1.75212
C 75.94860 76.36130 -1.13962
C 81.68270 82.22760 -3.24834
C 78.88590 80.80730 -2.31018
C 76.13110 79.51070 -1.54987
C 73.39730 78.06290 -1.05416
C 79.15920 84.54940 -2.68852
C 76.43620 83.04400 -1.81295
C 73.52070 81.24750 -1.40463
H -0.30683 92.50310 -2.20475
H 93.81620 92.37300 -2.43569
H 92.04700 95.01390 -1.99343
H 88.82530 94.63160 -2.24508
H 0.30316 75.90370 -2.77527
H 96.06360 78.53980 -3.80062
H 92.82570 78.50580 -3.83526
H 89.82030 78.48360 -3.51755
H 88.09890 80.50610 -3.56696
H 85.93090 84.22800 -3.64312
H 87.86620 86.74290 -3.33388
H 95.64920 89.78450 -2.49865
H 92.42820 89.57450 -2.42140
H 89.14610 89.41610 -2.79370
H 85.99340 89.04630 -2.41353
H 90.61730 92.13030 -2.22766
H 79.09760 88.44650 -0.26429
H 75.96660 89.06620 -0.05959
H 73.03470 89.93610 1.22678
H 83.09560 90.29920 -2.85249
H 81.14590 90.75880 -0.63738
H 87.23430 91.88860 -2.27866
H 87.94250 73.99900 -1.62291
H 85.65230 73.00590 0.09460
H 88.07250 76.59400 -2.70412
H 85.70240 78.78150 -2.48881
H 82.79350 80.82610 -1.43819
H 82.96270 83.97550 -2.19573
H 83.32060 87.14960 -2.41652
H 80.58910 85.85640 -1.24342
H 77.65750 84.56610 -0.60885
H 74.82930 86.17680 -0.24803
H 93.22590 71.90720 -1.27683
H 1.63669 73.67550 -2.35170
H 94.78210 74.49170 -2.53045
H 90.87480 73.87470 -0.48299
H 95.23790 95.13330 -1.92293
H 0.20696 81.42360 -3.20680
H 94.33670 81.35350 -3.63848
H 91.20300 81.07090 -3.69924
H 95.75700 84.15970 -2.98172
H 92.58480 84.02790 -3.43037
H 89.45750 83.91680 -3.76053
H 0.04613 87.06770 -2.52055
H 94.27010 86.88870 -2.76881
H 91.00840 86.80400 -2.96634
H 78.15500 91.45960 -0.35565
H 75.20200 92.16490 0.01520
H 83.57910 92.95990 -1.53914
H 80.44460 93.70950 -0.98301
H 77.41810 94.62940 -0.49615
H 82.58280 71.57960 0.30558
H 85.29950 75.77620 -1.35036
H 82.66010 74.59620 -0.04888
H 79.88490 73.24110 0.46360
H 77.18230 71.69090 0.95761
H 82.72510 77.61560 -1.15474
H 79.97050 76.36360 -0.00919
H 77.07030 74.91440 0.50373
H 74.35570 73.36750 0.95263
H 80.05090 79.42100 -0.67593
H 77.20560 78.07510 0.06548
H 74.39390 76.66220 0.72808
H 80.15540 82.69260 -1.31784
H 77.41040 81.24430 -0.31348
H 74.46790 79.81080 0.30781
H 74.67380 82.99710 0.00901
C -0.33875 94.36580 -0.29373
C 93.66080 94.04400 -0.40176
C 90.41490 93.91050 -0.52761
C 0.09515 77.80050 -1.72540
C 94.53760 76.98420 -2.64643
C 89.78620 80.45710 -1.83790
C 87.61000 82.69610 -2.65085
C 85.53660 86.54680 -2.65462
C -0.12953 88.68320 -0.66071
C 94.03080 88.46120 -0.88546
C 87.59090 88.14370 -1.24317
C 92.26160 91.23920 -0.62301
C 74.08100 87.98860 1.23825
C 82.59930 88.86420 -0.89844
C 79.60640 90.30150 1.28437
C 85.03840 91.02700 -1.42122
C 87.38760 93.55970 -0.57789
C 84.69990 94.90080 -0.40870
C 89.59180 74.26860 1.47994
C 88.20570 73.07420 0.70525
C 84.94090 71.48760 1.13109
C 87.44210 76.17550 -0.24051
C 88.03290 78.92680 -1.66798
C 85.17030 80.95780 -1.10215
C 85.10010 83.86510 -1.19339
C 82.81510 85.72880 -0.42408
C 80.16890 87.15170 0.90283
C 77.15770 86.95350 -0.02899
C 74.33930 84.80390 1.69863
C -0.54206 74.15560 -0.99590
C 93.40930 74.18330 -0.38341
C 93.19540 75.94920 -3.89756
C 95.75560 80.16070 -2.01092
C 92.83770 79.89160 -2.19791
C -0.02425 83.13050 -1.35249
C 94.02450 82.89340 -1.77349
C 90.87880 82.88470 -2.06404
C 95.77400 85.84990 -1.13764
C 92.53420 85.60530 -1.46291
C 89.27340 85.41980 -1.81816
C 90.68460 88.47240 -1.13583
C 88.99250 90.95740 -0.81681
C 76.60170 90.56610 1.31838
C 74.03990 91.95670 2.23955
C 82.14020 92.69310 0.51424
C 78.98780 93.37750 0.99053
C 76.08020 93.99250 1.41115
C 84.78310 75.13990 1.00438
C 81.87700 73.33930 1.90805
C 79.19540 71.80600 2.31135
C 84.98870 77.99720 -0.21881
C 82.02560 76.69040 1.02150
C 79.08480 75.09080 1.86272
C 76.35570 73.48610 2.39839
C 82.21150 79.29180 0.48588
C 79.29240 78.28080 1.35855
C 76.47940 76.77930 2.04828
C 82.32130 82.84550 -0.08999
C 79.65160 81.37580 0.75665
C 76.66340 80.02580 1.53128
C 73.44530 78.54800 2.19435
C 79.78280 84.37700 0.54795
C 76.81750 83.06510 1.22789
C 73.83320 81.68260 1.86325
