2979
Frame 167
C 12.89130 95.42910 -1.82058
C 13.98630 0.98324 -1.42562
C 11.80000 2.64118 -2.89886
C 10.74220 6.16757 -3.33201
C 8.48171 9.14910 -3.35330
C 4.51472 8.66867 -4.23415
C 2.67718 8.57685 -5.16544
C 23.98250 0.49067 0.22197
C 22.26850 4.18430 0.81615
C 24.82990 5.89510 -0.66103
C 24.84930 11.71470 -0.56881
C 19.63510 1.02775 -1.53217
C 16.15260 -0.96977 0.01042
C 19.40140 4.16297 -1.33732
C 22.97290 8.50770 -0.67185
C 19.85140 7.56873 -1.25379
C 14.05620 4.70028 -1.37007
C 23.56770 13.35480 -0.18183
C 14.36660 8.20837 -2.11769
C 23.19000 16.11270 -1.32936
C 11.80980 10.25170 -2.31138
C 22.82830 19.68430 -1.25441
C 12.62800 13.52850 -1.83867
C 9.54013 12.61280 -2.14886
C 23.13530 22.76160 -1.03888
C 14.68460 17.69910 -0.69405
C 11.36690 16.00280 -0.26823
C 14.46600 21.08690 0.25780
C 20.66620 -0.97878 -1.20454
C 5.59171 10.50810 -2.05275
C 6.62961 14.02650 -1.45872
C 3.60496 14.06450 -2.17222
C 8.11921 16.58680 -0.75888
C 2.33856 17.13730 -2.24087
C 9.76541 19.10820 -0.50847
C 11.17530 21.81190 -0.35046
C 9.41954 95.24380 -2.74035
C 10.75000 0.62890 -2.59059
C 7.39297 0.12834 -3.30372
C 4.04519 -0.20281 -3.63234
C 8.82033 2.84189 -3.52738
C 5.43331 2.58627 -3.91099
C 2.17928 2.43041 -3.99339
C 7.13352 5.32004 -4.42206
C 3.61844 5.27550 -4.40728
C 16.62820 2.73262 -1.49814
C 16.94700 6.11098 -1.42884
C 20.76820 11.04180 -0.21905
C 17.51500 9.22551 -1.54065
C 20.49400 14.26190 -0.89516
C 17.79590 12.53590 -1.26945
C 14.94960 11.38660 -1.69451
C 20.37160 17.77080 -0.95016
C 17.79260 16.08590 -0.92020
C 15.05930 14.56770 -1.19345
C 20.24130 20.98820 -0.77674
C 17.56690 19.37480 -0.73598
C 5.19531 16.90900 -1.31741
C 6.55407 19.49420 -0.70775
C 3.60301 19.68870 -1.32823
C 8.24436 22.03260 -0.41402
C 5.25225 22.27090 -0.79527
C 2.13496 22.43050 -1.46159
H 13.61220 -0.78902 0.34205
H 11.78400 1.73314 -0.54182
H 10.16750 4.13780 -1.88107
H 8.37011 6.71638 -2.66427
H 1.90491 6.26550 -2.65840
H 3.66854 8.93941 -1.77181
H 22.78820 1.93792 2.00031
H 24.74130 4.12681 1.08261
H 23.05310 6.58170 0.97281
H 24.59970 9.65068 1.08626
H 25.20430 15.33240 0.03461
H 20.23560 2.63608 0.53685
H 17.53650 1.10248 -0.08428
H 20.26350 5.71038 0.53819
H 14.75440 2.67163 0.29851
H 15.05540 6.42087 -0.46237
H 21.54380 13.07170 1.15804
H 12.46400 8.29136 -0.99018
H 24.09240 18.00990 0.21059
H 21.43600 16.20330 0.45993
H 9.90234 10.55550 -0.58403
H 24.07520 20.96920 0.45062
H 10.48240 13.67610 -0.52709
H 13.06620 17.71370 0.41991
H 9.66773 17.24660 1.08953
H 22.12410 -0.96399 0.74178
H 1.53420 12.70530 -2.90417
H 7.16135 12.11630 -1.03396
H 3.86896 12.00370 -0.80251
H 7.83631 14.59390 0.85397
H 6.40311 17.45890 0.78505
H 11.30860 19.93900 1.50604
H 8.12768 20.04220 1.08426
H 10.71770 -1.27909 -0.92407
H 7.39897 95.76610 -1.46165
H 4.18534 95.42680 -1.84164
H 0.97503 95.08860 -2.11577
H 8.70481 1.27517 -1.62749
H 5.52642 0.98900 -2.02994
H 2.32705 0.71297 -2.23038
H 6.92349 3.87691 -2.38129
H 3.75930 3.60816 -2.47680
H 5.10153 6.40205 -3.15315
H 17.52690 4.32146 0.27949
H 20.84770 8.74746 0.60594
H 17.90500 7.61857 0.28274
H 18.30480 10.81710 0.18539
H 15.41480 9.52491 -0.21853
H 18.68590 14.32560 0.43368
H 15.76740 12.72430 0.19443
H 12.86130 11.49990 -0.39906
H 21.30770 19.35410 0.64487
H 18.61730 17.67740 0.83566
H 15.90960 15.96040 0.70363
H 13.13870 14.51420 0.34020
H 18.53550 20.89650 0.99077
H 15.84350 19.17180 1.02299
H 4.66575 14.86320 -0.14204
H 1.66696 15.09950 -0.99547
H 3.26642 17.66850 -0.02182
H 4.77689 20.37060 0.73947
H 1.67440 20.44980 -0.03100
C 11.90920 95.57320 1.25855
C 13.06950 1.32077 1.59783
C 11.40530 3.91311 0.38140
C 10.64910 6.53671 -1.37534
C 8.40347 9.01351 -1.33742
C 4.06380 7.65065 0.05647
C 1.59878 8.18566 -2.98946
C 23.74720 0.25149 2.09718
C 23.89920 3.01753 4.05596
C 24.41150 6.04733 2.67346
C 24.84370 11.83150 2.55857
C 19.13140 0.87202 2.02549
C 15.45970 -1.18235 1.99659
C 19.06680 4.21877 2.23324
C 22.59290 8.70416 2.37922
C 19.48780 7.49699 2.18478
C 13.51170 4.67922 0.66144
C 23.12230 12.81180 3.13608
C 13.98480 7.98751 1.14233
C 23.47530 16.09440 1.84907
C 11.33400 9.89312 0.86094
C 23.21000 19.44100 2.21066
C 11.84260 12.80570 1.40067
C 8.87491 12.27390 0.86716
C 23.46790 22.64530 2.18726
C 14.78740 17.35400 2.42661
C 11.63080 15.93460 1.74106
C 14.44470 20.92710 2.06384
C 20.12410 -1.13941 1.95954
C 5.65677 11.62730 0.93795
C 5.65273 13.55120 1.63895
C 2.68908 13.68280 0.69912
C 7.78684 16.07000 2.42108
C 1.20763 16.57240 0.95157
C 9.36782 18.87050 2.90762
C 11.28410 21.54680 2.93824
C 8.93395 95.05420 0.38613
C 9.97976 0.67099 0.49012
C 6.95315 0.35643 -0.12750
C 3.85605 0.05177 -0.45978
C 8.33277 3.37759 -0.39755
C 5.33567 3.01412 -0.67339
C 2.20058 2.71809 -0.82597
C 6.91421 6.08958 -1.14100
C 3.79807 5.74153 -1.04452
C 16.44650 2.67251 1.83740
C 16.44770 6.06573 1.55760
C 20.36190 10.96900 1.66134
C 16.93960 9.36417 1.71946
C 20.50140 14.57730 2.22370
C 17.64130 12.55710 1.86379
C 14.39060 11.06820 1.44863
C 20.56460 17.67240 2.27436
C 17.79140 15.83170 2.24196
C 14.84420 14.14820 2.03869
C 20.56070 20.88170 2.40850
C 17.65880 19.14750 2.58843
C 4.44934 16.46120 1.72399
C 6.18357 19.23420 2.43575
C 2.85303 19.28520 1.80006
C 7.95608 21.86550 2.76387
C 4.57542 22.20460 2.36991
C 1.40875 22.23540 1.57559
C 22.69940 26.01800 -1.17307
C 20.04090 27.77830 -0.36822
C 15.24200 24.63530 0.03267
C 18.57330 29.08940 -1.22721
C 23.07360 28.98030 -1.11964
C 24.10650 31.87110 -1.98324
C 23.65510 35.28700 -2.52532
C 25.94640 45.85660 -3.34122
C 22.37790 44.30770 -2.03872
C 21.22500 31.63620 0.53885
C 19.05770 32.66110 -1.80099
C 14.94420 27.72490 -1.44690
C 19.36470 34.69270 -1.76742
C 12.92710 34.20910 -1.32942
C 20.47260 38.03330 -1.91435
C 10.76230 36.43920 -1.06799
C 21.59690 41.27610 -2.09754
C 18.18190 40.67080 -1.98200
C 8.88126 38.79730 -1.38663
C 4.22805 38.92120 -2.20148
C 16.29250 43.30060 -1.84665
C 2.76480 42.39390 -1.67895
C 14.19180 45.66180 -1.81602
C 5.04344 44.10680 -2.16002
C 2.73682 46.57770 -2.05769
C 13.30370 24.30600 -0.31107
C 11.94870 27.58750 -0.36062
C 12.33490 31.11010 -1.29182
C 9.83211 30.16790 -0.61162
C 9.50704 33.16570 0.45065
C 5.83891 33.38150 -0.31988
C 7.76366 36.10870 0.99749
C 1.71279 36.12180 -0.86929
C 20.27230 24.18850 -0.61081
C 17.61530 22.70020 -0.38677
C 17.68910 26.01800 0.00932
C 15.95850 34.59570 -1.81926
C 17.23440 37.68280 -1.97307
C 13.98780 37.08380 -1.58092
C 15.20660 40.26950 -1.78886
C 11.87180 39.48920 -1.54815
C 13.07320 42.71540 -1.70048
C 10.00010 42.08800 -1.61405
C 6.82921 41.54520 -1.83796
C 11.09730 45.19520 -1.69223
C 8.06936 44.57760 -1.71652
C 5.93640 47.07010 -1.78675
C 9.92173 24.68570 -0.34053
C 6.85362 24.79790 -0.55516
C 3.60139 25.08130 -1.03854
C 8.30333 27.34920 -0.48961
C 5.34127 27.67780 -0.67054
C 2.10228 28.05850 -1.13300
C 6.85570 30.37490 -0.51155
C 3.92553 30.63710 -0.61551
C 2.66564 33.37060 -0.63476
H 1.01360 42.57110 0.26153
H 24.00170 24.13220 0.12475
H 21.41260 25.85190 0.86049
H 15.91400 22.71710 1.39867
H 18.86550 27.33970 1.80160
H 16.12430 25.94980 2.12833
H 16.47780 28.34070 -0.04529
H 24.24750 27.30300 0.29257
H 24.54110 30.52010 0.16226
H 21.67030 29.14380 1.02901
H 24.07960 40.60600 -2.32383
H 24.84990 43.75230 -2.35023
H 22.65960 42.59380 -0.28459
H 20.54040 44.92050 -0.32994
H 19.78110 33.73310 0.57860
H 16.81080 33.01670 -0.59147
H 13.79920 32.48510 0.36846
H 20.83910 36.47350 -0.57727
H 11.47750 34.69470 0.58655
H 21.77190 39.57240 -0.29242
H 9.22893 37.50510 0.69777
H 19.70950 42.00960 -0.43244
H 6.94994 39.77160 0.11566
H 2.65274 40.03430 -0.81274
H 17.59990 44.44920 -0.49377
H 4.93377 42.26910 -0.51056
H 15.48690 46.97230 -0.36976
H 3.13885 44.64170 -0.59174
H 12.83490 22.54330 1.24307
H 9.71826 22.83370 1.36830
H 11.55370 25.51640 1.09484
H 13.54580 29.50210 -0.12109
H 11.22860 31.47660 0.90767
H 8.41622 31.12020 1.19992
H 7.26245 34.01620 1.15629
H 4.01146 34.24710 1.38650
H 0.94718 34.37540 0.78643
H 2.71766 37.22760 0.64702
H 21.41280 22.51050 0.77755
H 18.65170 24.20140 1.25785
H 23.47290 45.23530 -0.03763
H 17.67770 36.00840 -0.48442
H 14.54110 35.39670 0.13930
H 18.71790 38.92060 -0.37582
H 15.55570 38.45590 -0.27212
H 12.35120 37.76340 0.19963
H 16.68500 41.38710 -0.15593
H 13.38210 40.84870 -0.12312
H 10.22150 40.39390 0.02498
H 14.50130 43.87960 -0.10601
H 11.37260 43.38110 -0.04040
H 8.14235 42.76930 -0.13213
H 12.42830 46.36030 -0.17642
H 9.34082 45.82880 -0.02362
H 6.21344 45.18480 -0.28024
H 6.56536 23.00130 1.13925
H 3.41636 23.20690 0.53871
H 8.24891 25.65920 1.25424
H 5.09400 25.77750 0.79485
H 1.85786 26.07350 0.29510
H 10.05080 28.40000 0.98777
H 6.87094 28.52220 1.06622
H 3.60633 28.64720 0.76834
H 5.39020 31.38920 1.20061
H 2.22783 31.47900 0.93624
C 23.36850 25.82220 2.08264
C 20.72390 27.41990 2.73845
C 15.03720 23.98420 3.34657
C 16.72590 28.44430 2.59468
C 23.67380 28.97630 2.05583
C 23.51700 32.45850 1.11705
C 23.24690 35.56650 -0.48452
C 24.96550 43.27490 0.18052
C 22.04600 44.07920 1.63951
C 20.82060 30.95150 2.43041
C 17.71900 33.18290 1.88733
C 15.61240 30.83340 -0.31755
C 21.04230 35.09830 1.77974
C 13.36360 34.35890 2.08230
C 20.45010 38.23980 1.29066
C 11.13670 36.70770 2.11036
C 21.38440 41.32300 1.47581
C 18.46830 40.58170 1.39179
C 8.92912 39.23830 1.86847
C 4.74885 38.53990 -0.13954
C 16.29520 43.22010 1.47317
C 3.25060 41.50340 1.15888
C 14.22650 45.74820 1.40274
C 4.65723 43.98510 1.24045
C 2.43646 46.38690 1.20252
C 12.95480 24.24970 2.85541
C 12.45410 27.78170 1.41878
C 13.20270 30.65340 2.04303
C 10.19670 30.20400 2.67148
C 10.35870 33.32440 2.21110
C 5.60163 33.11040 2.99853
C 4.62587 36.12620 2.07620
C 0.96572 36.29320 2.29169
C 20.78440 24.11260 2.51471
C 17.76110 22.45700 2.81630
C 17.96230 25.44280 3.33615
C 16.56010 34.67300 1.34385
C 17.33630 37.78210 1.31681
C 14.30440 37.31200 1.61065
C 15.20160 40.24330 1.44014
C 11.97770 39.71720 1.61815
C 13.11850 42.70290 1.53373
C 9.86641 42.30310 1.57221
C 6.53396 41.52220 1.36975
C 11.07790 45.23960 1.57506
C 7.79820 44.55570 1.44166
C 5.72228 46.82610 1.48451
C 9.91107 24.76400 2.88120
C 6.41935 24.87880 2.64515
C 3.14368 25.02450 2.13162
C 8.42908 27.58980 2.72784
C 5.14891 27.63790 2.41533
C 1.79472 27.73600 2.12333
C 6.84216 30.25530 2.82116
C 3.62519 30.29420 2.56026
C 2.07524 33.28140 2.64939
C 20.21660 47.03520 -1.87344
C 17.24360 46.53380 -2.04465
C 15.07650 48.90100 -1.91220
C 16.57180 52.40560 -1.36247
C 14.25750 55.69160 -0.99654
C 16.97570 56.42150 -3.45697
C 20.28950 57.99290 -1.77890
C 21.97620 60.82090 -1.51708
C 24.12260 63.76130 -1.18576
C 19.23850 61.03880 -2.08507
C 16.62810 59.60610 -2.03607
C 13.80380 58.07290 -1.80885
C 10.50340 56.58320 -0.50319
C 22.38630 66.17650 -1.57741
C 20.10780 64.27400 -1.24367
C 10.94820 60.09950 -1.40123
C 23.23380 69.28690 -1.47757
C 11.25510 63.40020 -2.47218
C 11.75800 66.73400 -3.09059
C 9.04296 68.54640 -3.82916
C 13.49460 48.36240 -3.25510
C 7.12143 50.08490 -1.47462
C 3.78521 49.43550 -1.69438
C 11.28390 53.98140 -1.51097
C 8.13812 52.90670 -1.44139
C 5.04040 52.54260 -1.76247
C 1.83573 51.90970 -1.75161
C 7.32384 55.87420 -0.35826
C 8.82702 57.97890 1.56599
C 7.21295 60.26230 -1.98292
C 9.18855 62.91340 -2.41053
C 8.23457 65.72340 -2.90783
C 6.93675 68.67480 -3.75002
C 23.41800 47.14930 -1.61168
C 21.55670 49.82860 -1.53251
C 17.98710 49.73730 -0.64811
C 23.24330 52.51140 -1.49724
C 19.86010 52.49710 -1.45968
C 21.70610 55.17100 -1.59488
C 23.46480 58.02110 -1.41039
C 16.76660 63.49700 -2.53555
C 14.10920 61.54780 -1.68063
C 20.08840 67.93450 -2.04609
C 17.32710 66.52700 -2.44344
C 14.16110 65.21210 -2.72562
C 17.72830 69.76350 -2.57760
C 14.74250 68.27760 -3.05321
C 12.21390 69.75740 -3.77660
C 12.00510 48.33620 -1.52536
C 9.10945 47.74060 -1.48920
C 10.46150 50.87910 -1.13181
C 3.30186 55.29470 -0.82233
C 5.37851 58.02930 -1.63618
C 2.17577 58.18220 -1.87271
C 4.14369 60.91090 -2.26533
C 6.15792 63.38960 -2.56449
C 2.99722 63.88430 -2.87322
C 4.87604 66.33270 -3.18422
C 1.83508 66.97960 -3.36681
C 3.84428 69.29560 -3.81737
H 2.01426 49.98620 0.08205
H 18.60460 47.40630 -0.17406
H 16.33910 50.99370 0.57648
H 15.53440 54.02080 0.30239
H 16.16870 57.20170 -1.57519
H 21.67020 59.05710 0.04441
H 18.55640 59.16480 -0.49143
H 23.41630 61.79510 0.19745
H 14.61790 56.94660 1.08071
H 12.35030 55.14430 0.39053
H 22.13140 64.44400 0.09329
H 20.28200 62.09130 -0.18452
H 17.17100 61.71350 -0.91867
H 14.85320 59.65620 -0.30763
H 12.05010 58.27050 -0.15241
H 23.46020 67.44040 0.21100
H 11.97720 62.14350 -0.67051
H 12.27980 65.30480 -1.10538
H 9.78428 67.22340 -1.82150
H 10.11050 70.27230 -2.57041
H 13.59110 49.51000 -0.00439
H 4.14781 47.52890 -0.21158
H 11.52860 51.97640 0.11324
H 8.41005 51.25980 0.35345
H 5.21205 50.62100 -0.13217
H 9.34455 54.44330 -0.01458
H 6.27320 53.66330 0.08056
H 3.14949 52.92310 -0.21168
H 7.53286 55.68050 2.19468
H 6.92538 58.97740 0.24543
H 8.90608 61.36230 -0.58470
H 7.77532 64.26840 -0.93009
H 6.64489 67.22060 -1.81241
H 5.61822 70.30730 -2.34318
H 25.09280 47.86930 0.00058
H 21.71190 47.85300 -0.09098
H 23.29460 50.61260 0.07264
H 20.15900 50.54320 0.05573
H 21.61550 53.34400 0.08528
H 18.51180 53.24240 -0.04843
H 23.16210 56.18480 0.04398
H 19.88810 56.18130 0.05587
H 20.43790 66.42940 -0.21396
H 17.81680 64.81850 -0.72796
H 14.88590 63.73620 -0.92914
H 21.00370 69.46340 -0.33288
H 18.03540 68.14600 -0.73134
H 15.22800 66.74650 -1.22694
H 15.58890 69.98360 -1.52190
H 12.75110 68.53180 -1.71454
H 10.34640 48.85380 0.35289
H 7.19350 48.16590 0.04802
H 5.04351 56.53280 0.31830
H 1.78702 57.01200 0.18706
H 3.77990 59.38370 -0.39429
H 5.77418 61.85300 -0.68448
H 2.63106 62.35870 -0.99530
H 4.63746 64.77780 -1.23797
H 1.53007 65.35220 -1.57325
H 3.48724 67.84180 -1.84284
H 2.40824 70.85490 -2.52669
C 20.30920 46.74890 1.55325
C 17.06720 46.23060 1.37589
C 15.18170 48.86370 1.31971
C 16.97010 52.60630 1.88562
C 14.22460 54.63300 2.02405
C 17.44720 55.47910 -0.22623
C 19.70540 58.35780 1.51573
C 21.59950 61.01200 1.59920
C 23.68330 63.65000 1.73783
C 18.45590 61.09230 1.08547
C 16.59720 58.26150 0.71393
C 13.55390 59.04910 1.69922
C 12.28050 57.02890 1.94579
C 21.94490 66.25830 1.67545
C 19.77710 64.29170 0.58620
C 10.77300 60.30620 0.47393
C 22.56190 69.27370 1.59849
C 11.29830 63.88520 0.77265
C 11.51730 67.18340 -0.01401
C 9.10810 69.24290 -0.60831
C 14.08000 51.99340 0.16804
C 6.81312 49.93560 1.66714
C 3.62593 49.37480 1.41753
C 10.87610 53.83130 1.82115
C 8.09833 53.19400 1.77611
C 4.84404 52.40660 1.59504
C 1.73150 52.05710 1.57052
C 5.55601 55.71670 2.68181
C 8.39162 57.72290 3.51478
C 7.18407 60.94030 1.21731
C 9.19993 63.28530 0.83565
C 8.13968 66.18230 -0.15183
C 6.97581 69.20660 -0.51211
C 23.34510 47.04540 1.56444
C 21.66790 49.59730 1.63990
C 18.23850 49.47450 1.12773
C 23.15510 52.37920 1.75122
C 20.04150 52.36620 1.69159
C 21.25670 55.34860 1.53290
C 23.07690 58.03510 1.76814
C 16.55080 63.38570 0.81541
C 14.11120 61.84950 0.45750
C 19.57020 68.15320 1.16875
C 16.81900 66.52280 0.66482
C 14.08580 65.53290 0.53707
C 16.99700 69.96440 0.49551
C 14.37710 68.57590 0.09365
C 11.93790 70.36180 -0.80613
C 12.04960 48.12500 1.58636
C 8.85034 47.47640 1.71360
C 10.26740 50.77780 1.94292
C 3.10796 55.14430 0.95667
C 4.85431 58.49580 1.69323
C 1.88121 58.90170 1.19533
C 3.97894 61.47060 0.92449
C 5.96607 63.92360 0.64016
C 2.79675 64.40120 0.34518
C 4.91210 66.89090 -0.08290
C 1.75562 67.30080 -0.14706
C 3.79367 69.96560 -0.66415
C 9.91181 89.51460 -2.72025
C 11.36300 92.54320 -2.37764
C 8.01740 92.45000 -3.14584
C 4.68508 91.85060 -3.48076
C 1.36381 91.63530 -3.73959
C 4.89510 74.71860 -4.96295
C 10.07360 77.52780 -4.51875
C 6.79909 77.77480 -5.03800
C 3.60775 77.78130 -5.24892
C 13.94240 83.57760 -5.47935
C 10.60980 87.51920 -2.75589
C 6.73522 89.09300 -3.40196
C 3.28073 89.09020 -3.82749
C 23.29220 80.14780 -0.83708
C 19.70630 80.88250 -0.83065
C 17.47870 82.81370 -2.69834
C 13.76780 85.54210 -5.98978
C 13.79350 86.88460 -2.79489
C 12.92770 89.94460 -2.41919
C 15.18320 92.44380 -1.54484
C 17.84040 94.37970 -1.20005
C 23.39580 94.82640 -0.70449
C 23.68790 72.78890 -1.26666
C 24.08390 76.37300 -0.48768
C 21.18450 77.72850 -1.68844
C 9.27418 71.54910 -4.52687
C 15.67700 77.83050 -4.17678
C 13.15880 76.12190 -5.00551
C 8.57811 74.66830 -4.27095
C 16.08880 81.40510 -3.48218
C 5.85928 71.66640 -4.51813
C 2.55021 72.51150 -4.29533
C 6.08478 94.85980 -3.29561
C 2.66431 94.43740 -3.57825
C 8.30250 80.52910 -4.97522
C 5.17411 80.56900 -5.02911
C 1.85531 80.51570 -5.26222
C 10.28740 83.73110 -4.46238
C 6.43384 83.42300 -4.83705
C 3.37955 83.37190 -4.79654
C 7.99048 86.27710 -4.42235
C 4.84036 86.26090 -4.40291
C 1.61761 86.19910 -4.42532
C 22.53820 83.19320 -1.00170
C 19.85740 84.57340 -1.70073
C 16.94240 85.94510 -2.48965
C 22.18060 86.55090 -0.86586
C 19.36480 87.82710 -1.66964
C 16.12710 89.09970 -2.27188
C 24.50860 88.50810 -0.07289
C 21.59990 89.77400 -0.89878
C 18.38470 91.23460 -1.45147
C 24.10230 91.74680 -0.32820
C 20.97870 92.99780 -1.05805
C 20.58770 71.05780 -2.18903
C 21.03170 74.24960 -2.32843
C 18.19980 72.77430 -2.89541
C 15.20070 71.37390 -3.52199
C 18.23850 75.73610 -3.41616
C 15.66690 74.36360 -4.07155
C 12.24510 72.85220 -4.67602
C 18.54910 79.09500 -3.34560
H 11.04400 90.64580 -0.93994
H 7.90893 90.47110 -1.73239
H 12.37830 93.50980 -0.24579
H 6.04026 92.95240 -1.73994
H 2.84443 92.52550 -1.96772
H 6.55823 75.81250 -3.44983
H 3.45529 76.07170 -3.50314
H 8.33195 78.73140 -3.18193
H 9.91415 81.50560 -3.14952
H 12.54050 82.86700 -3.45865
H 8.99045 87.99960 -0.95379
H 4.73341 89.78630 -2.01101
H 1.46913 89.66760 -2.17962
H 22.59040 78.13020 0.25111
H 21.74490 81.46540 0.61408
H 18.69660 82.77510 -0.45893
H 15.88960 84.05330 -1.07959
H 14.67510 85.40810 -3.59155
H 12.32670 87.86750 -1.07872
H 14.45050 90.32130 -0.84501
H 16.97770 92.40210 0.23540
H 15.22460 94.45530 -1.36720
H 19.67900 94.47040 0.13170
H 24.03840 70.71120 0.15963
H 24.02710 74.24520 0.85725
H 21.76460 75.66060 -0.52457
H 18.84260 77.51510 -2.02065
H 13.35170 74.72480 -3.39812
H 10.35310 73.31990 -3.23781
H 7.57376 72.71860 -3.14407
H 16.18480 79.30230 -2.10829
H 13.35240 77.98340 -2.98789
H 4.54972 73.18340 -3.06057
H 9.30576 93.25940 -1.25781
H 5.09518 78.65520 -3.49559
H 1.75443 78.52930 -3.81661
H 6.68275 81.50590 -3.32005
H 3.42499 81.33190 -3.48429
H 8.11147 84.38760 -3.28085
H 4.91197 84.21290 -3.05323
H 1.73243 84.14540 -3.10252
H 6.35884 86.86350 -2.50625
H 3.21696 86.89660 -2.61446
H 24.65280 80.18090 1.21206
H 24.05080 83.48430 0.97645
H 21.18070 84.69390 0.41241
H 18.32190 85.97360 -0.46741
H 15.42520 87.11300 -0.94056
H 23.44520 86.73280 1.26853
H 20.60150 87.93670 0.46749
H 17.69760 89.11750 -0.31121
H 22.99460 90.02250 1.06633
H 20.00060 91.17360 0.42147
H 22.52480 93.18460 0.94526
H 21.36160 72.62090 -0.44205
H 18.48040 71.40270 -0.91258
H 18.76000 74.48800 -1.33648
H 15.91960 73.14450 -1.93814
H 13.00350 71.71370 -2.57789
H 16.01910 76.17040 -2.41087
C 9.11605 90.09590 0.35955
C 10.71270 92.56240 0.67193
C 7.55570 92.12330 0.02318
C 4.48137 91.62250 -0.30543
C 1.46128 91.27120 -0.29487
C 4.91349 75.20910 -1.71582
C 9.98817 77.91520 -1.39833
C 6.66905 77.73590 -1.78410
C 3.31800 78.00340 -2.00192
C 12.24230 80.25310 -3.17960
C 10.37850 87.32020 0.59429
C 6.62745 88.61040 -0.76943
C 3.09001 88.43530 -0.65610
C 22.45580 79.61570 2.14796
C 19.42090 80.77950 1.04451
C 16.34100 82.17860 0.53729
C 13.63130 83.54190 -2.00217
C 13.28320 86.27820 0.16615
C 12.44610 89.64650 0.68167
C 14.57930 92.57850 0.36010
C 17.74330 93.79890 1.77472
C 22.84570 94.91130 2.60267
C 22.84760 72.54120 1.62704
C 22.57030 76.17560 1.72878
C 20.29860 77.49710 -0.00606
C 9.21105 72.13440 -1.38597
C 14.31410 77.64560 -1.29655
C 11.10570 76.82630 -2.81087
C 8.60272 74.88690 -2.46095
C 14.96370 80.81860 -0.44415
C 6.06188 72.46920 -1.23381
C 2.91704 72.91920 -1.11472
C 5.70050 94.67700 -0.01737
C 2.55071 94.34080 -0.34550
C 8.44848 80.81540 -1.59340
C 5.09800 80.50640 -1.83624
C 1.72207 80.19040 -2.08779
C 10.41510 84.00920 -2.41996
C 6.56453 83.26550 -1.57823
C 3.32300 82.97830 -1.63293
C 8.05791 85.76920 -1.10798
C 4.73618 85.71470 -1.06734
C 1.53470 85.66230 -1.19014
C 21.86320 83.07180 2.20807
C 18.85160 84.30230 1.29068
C 16.27980 85.67350 0.88049
C 21.19630 86.33710 2.25274
C 18.43160 87.53150 1.45407
C 15.58160 88.76710 0.88668
C 23.58620 88.52670 2.96170
C 20.82150 89.64200 2.20031
C 17.92730 90.61490 1.67112
C 23.30760 91.73120 2.83412
C 20.27260 92.94620 2.07688
C 19.95460 71.17070 1.05534
C 20.13740 74.36730 0.72435
C 17.25220 73.24080 0.13880
C 14.37120 71.82620 -0.50798
C 17.31860 76.37140 -0.44941
C 14.38260 74.86250 -1.11839
C 11.93320 73.68850 -1.49858
C 17.44580 78.55320 -0.22008
C 38.39320 0.03715 1.99887
C 36.52080 -0.06630 1.15527
C 39.62670 2.79577 2.15849
C 48.43830 9.31583 1.99284
C 45.35220 8.90389 2.02970
C 42.34020 8.34323 1.88817
C 43.06650 11.23750 1.33277
C 33.71430 -0.69189 2.44317
C 27.82170 0.29768 0.27208
C 35.75300 2.73711 2.42723
C 37.62880 5.39324 1.55278
C 39.24240 8.18298 1.36932
C 26.29670 8.73112 -0.57571
C 40.96700 10.78490 1.11332
C 39.81920 13.67070 0.11980
C 26.74840 14.34690 -0.87364
C 28.39920 17.06620 -0.85913
C 36.86130 19.72170 -0.47976
C 33.41760 19.89880 -0.55857
C 29.96190 19.72800 -0.74891
C 26.29100 20.41400 -0.50278
C 49.46510 11.00470 1.71045
C 46.20270 12.10620 2.17582
C 43.31890 13.48860 -1.36941
C 42.63530 16.91370 -0.71677
C 40.18810 19.34080 -0.88104
C 40.37810 21.68690 -0.93894
C 47.81340 1.07885 3.17233
C 44.71410 0.57614 2.98537
C 41.58970 0.25588 2.57040
C 49.09200 4.01428 3.00910
C 46.03390 3.57057 2.88995
C 42.86450 3.10182 2.56584
C 47.29650 6.46148 2.51492
C 44.18300 6.00968 2.36359
C 40.95200 5.52199 2.05028
C 30.91850 0.03905 1.35507
C 32.74300 2.71380 1.41886
C 29.62920 2.88190 0.50892
C 26.39680 2.85135 -0.28178
C 34.27270 5.46500 1.16018
C 31.18240 5.63933 0.52848
C 28.00070 5.74935 -0.15828
C 36.05000 8.11616 0.65472
C 32.66190 8.26390 0.38104
C 29.61020 8.51828 -0.09679
C 37.75770 10.92310 0.54534
C 34.42710 11.13760 0.07880
C 31.32140 11.21130 -0.15438
C 28.17610 11.45300 -0.51760
C 36.26630 13.71410 -0.24397
C 32.98500 13.96380 -0.38517
C 29.90640 14.12700 -0.51852
C 38.24640 16.37260 -0.56521
C 34.90060 16.87060 -0.59871
C 31.65230 16.88450 -0.48892
C 49.18200 13.90860 0.95045
C 46.16130 15.18920 0.49286
C 48.89710 17.03350 -0.07932
C 46.03010 18.36870 -0.63025
C 43.21660 20.36410 -1.16372
C 49.00330 20.09210 -0.83762
C 45.90850 21.62060 -1.44547
H 36.59300 0.69816 3.50054
H 40.94760 3.92699 3.89608
H 37.75310 3.71744 3.53410
H 48.81340 7.72314 3.98504
H 42.24390 6.76374 3.79505
H 46.76790 10.21260 3.48713
H 43.51240 9.87309 3.47333
H 30.50090 95.82400 3.33562
H 27.70530 95.77420 1.81880
H 32.23150 1.20562 3.24213
H 25.88270 1.20546 1.44292
H 33.84560 4.10953 3.22389
H 39.04090 6.55908 3.24028
H 35.79820 6.62568 2.63261
H 40.50380 9.34006 3.11119
H 39.26050 12.17290 2.15320
H 26.52310 12.54490 0.87402
H 40.86050 15.11910 1.64854
H 37.83100 14.74500 1.25356
H 36.53590 17.66140 0.83829
H 26.85490 18.03130 0.29371
H 34.72890 20.78290 0.68150
H 31.56200 20.46110 1.15056
H 28.60290 20.93210 0.40998
H 48.42390 12.82060 2.92745
H 45.28280 14.38200 2.78795
H 43.68480 14.83570 0.13594
H 42.11300 19.09000 0.29241
H 39.54090 20.76500 1.25425
H 24.65230 95.69730 1.15097
H 47.78210 -0.68613 4.85779
H 44.68340 -1.13002 4.76382
H 41.63060 95.81270 4.17948
H 38.59050 95.48500 3.35857
H 49.11460 2.30267 4.80847
H 46.00590 1.85624 4.60124
H 42.84910 1.39240 4.29342
H 39.71480 1.09622 3.92023
H 47.35770 4.87939 4.46606
H 44.14140 4.38450 4.25889
H 45.46110 7.35151 3.95215
H 29.01420 1.23558 2.27383
H 30.82650 4.01523 2.38573
H 27.69280 3.94063 1.50498
H 32.51890 6.78377 2.25650
H 29.37110 6.81589 1.67255
H 26.23610 6.87490 1.10019
H 37.38610 9.33752 2.44713
H 34.33670 9.41798 1.87817
H 31.01170 9.55587 1.68180
H 27.82060 9.63101 1.18600
H 36.00860 12.19250 1.74424
H 32.80990 12.26700 1.46071
H 29.65410 12.39720 1.18068
H 34.60120 14.98800 1.12580
H 31.41260 15.13200 1.18876
H 28.25820 15.25570 0.89819
H 33.27320 17.96760 1.07183
H 29.90270 17.91080 0.97113
H 48.00270 15.84850 1.92339
H 45.06380 17.33290 1.49717
H 47.82770 18.94720 1.00473
H 45.06080 20.37460 0.50699
H 42.35420 22.18320 0.30195
H 47.75860 21.93840 0.07969
C 37.98870 -0.23894 5.08268
C 34.87200 -0.69693 4.33090
C 39.23890 2.95972 5.40729
C 48.41260 9.94716 5.15778
C 45.20920 9.47707 5.24689
C 41.85870 8.80185 5.10130
C 42.48520 11.89270 4.50435
C 33.45610 0.53365 5.32179
C 27.04570 0.18084 3.35153
C 35.60330 2.74532 4.29458
C 37.11070 5.64884 4.58018
C 38.62590 8.66780 4.49299
C 25.99300 8.77194 2.74763
C 40.35200 11.47700 4.28895
C 39.29520 14.47190 3.28262
C 26.29960 14.53280 2.20792
C 28.09830 17.19810 2.47055
C 37.15560 20.16330 1.31042
C 33.47250 19.80220 2.74615
C 29.54380 19.83380 2.53610
C 26.26720 20.38860 1.36447
C 49.34260 11.75400 4.96302
C 46.27220 12.52540 4.04039
C 43.04390 14.22630 2.67309
C 42.60120 16.94090 1.34770
C 40.57990 19.41310 2.32068
C 40.74740 22.85630 2.03954
C 47.52570 1.22685 6.32590
C 44.36770 0.93083 6.12276
C 41.19470 0.34347 5.71898
C 49.05920 4.31603 6.23265
C 45.78270 3.82846 6.02687
C 42.44110 3.33791 5.72369
C 47.17840 7.02659 5.72069
C 43.87310 6.45260 5.61636
C 40.41830 5.93094 5.22573
C 30.05490 0.59429 4.47972
C 31.89810 3.29512 4.52987
C 28.83970 3.28909 3.57940
C 25.81980 3.01061 2.99009
C 33.84460 6.11367 4.26826
C 30.66090 6.11089 3.69852
C 27.49740 5.93051 3.00507
C 35.53730 8.70065 3.94160
C 32.58680 8.88872 3.48916
C 29.17620 8.83448 3.09353
C 37.35700 11.51050 3.65957
C 34.19200 11.45980 3.29423
C 31.05880 11.57530 3.04185
C 27.87170 11.58570 2.68205
C 36.13780 14.30220 2.98601
C 33.07420 14.33010 2.84844
C 29.63240 14.39830 2.71018
C 38.99720 16.89190 1.18957
C 34.92130 16.98300 2.65157
C 31.55250 17.14840 2.63642
C 49.00020 14.91610 4.00828
C 46.05060 16.00680 3.57064
C 48.76770 17.93050 3.05163
C 45.86230 19.18790 2.59313
C 43.14740 20.63980 1.96664
C 48.65390 21.00720 2.17531
C 45.89630 22.33980 1.64890
C 49.15910 29.76580 -0.58042
C 47.67190 32.54580 -0.54058
C 49.46840 35.32160 -0.60253
C 48.06560 37.98680 -0.93114
C 37.67550 23.24340 -1.46141
C 40.05770 25.67410 -1.10514
C 42.94310 26.92860 -1.81299
C 48.80820 26.73540 -2.30635
C 45.69160 28.72770 -2.46033
C 36.99100 25.26340 -1.77531
C 33.86790 23.70040 -1.47519
C 29.86580 23.13430 0.17396
C 40.43360 29.46870 -2.06024
C 37.49470 28.37780 -1.81095
C 28.21970 25.21590 -1.79303
C 44.17050 33.13510 -1.17098
C 40.94900 32.65940 -1.98370
C 25.56690 27.27610 -1.80459
C 41.98680 36.40180 -1.11360
C 39.37910 38.08050 -1.66062
C 37.17020 40.56820 -1.51187
C 34.57860 42.36520 -1.95453
C 31.36130 41.20650 -2.11225
C 28.37950 40.30960 -3.80793
C 24.60310 39.11590 -3.80354
C 24.50240 42.58810 -4.12118
C 31.70490 44.43790 -1.56753
C 28.32780 44.17810 -1.81763
C 32.84380 47.15550 -1.32859
C 46.02140 35.54620 -0.47844
C 44.85080 38.81890 -1.34041
C 41.93150 40.16880 -1.57324
C 47.30250 40.94770 -1.24616
C 41.16660 43.35660 -1.37294
C 38.12260 44.85270 -2.02740
C 35.22110 45.56800 -0.79861
C 47.14920 44.26970 -1.20386
C 43.04720 23.54460 -1.63168
C 48.70010 23.13520 -1.87642
C 45.91930 24.51090 -2.41065
C 34.51060 27.29470 -1.89476
C 31.37200 26.19730 -1.85332
C 38.03790 31.56690 -1.90062
C 34.96780 30.40290 -1.90501
C 32.04110 29.48360 -2.00838
C 28.85480 28.17250 -1.91578
C 38.71070 34.69310 -1.89121
C 35.56230 33.58100 -2.02524
C 32.59350 32.52690 -2.00136
C 29.41350 31.39650 -2.13017
C 26.12030 30.25000 -1.83208
C 36.24570 36.84940 -2.10409
C 33.24560 35.64630 -2.14505
C 29.99050 34.58560 -2.34066
C 27.00100 33.39280 -2.34292
C 33.85640 39.05620 -2.11641
C 30.87880 37.71190 -2.53699
C 27.11620 36.65780 -2.29117
C 29.80720 47.02500 -1.35798
C 44.17170 41.95600 -1.51713
C 44.01190 45.32270 -1.26523
C 40.92940 46.39220 -1.06672
H 47.67810 30.72150 1.29869
H 49.21250 33.61900 1.18895
H 47.89370 36.43360 0.97363
H 39.42010 23.70300 0.17331
H 42.23960 25.24310 -0.15883
H 41.02150 27.80930 -0.49526
H 47.55260 28.25280 -0.80592
H 44.64400 29.46490 -0.19101
H 38.11380 26.71430 -0.12630
H 35.09890 25.58770 -0.09495
H 31.93290 24.49740 -0.09769
H 41.72460 30.88840 -0.23762
H 38.68940 29.90440 -0.29824
H 29.58480 26.59650 -0.13800
H 26.66480 25.39350 -0.31402
H 42.19390 34.05520 -0.32036
H 39.74740 36.08550 -0.18650
H 41.21780 38.41080 -0.00266
H 24.85980 33.58480 -0.91384
H 37.75420 41.16010 0.96754
H 31.84650 39.18250 -0.69471
H 29.02810 38.00550 -1.56282
H 24.68190 37.44200 -1.70754
H 35.75130 43.33180 -0.00849
H 32.58200 42.40230 -0.45900
H 28.36260 42.42330 -0.85978
H 33.03910 45.32970 0.27237
H 29.85110 45.02100 0.03642
H 45.99320 33.34610 0.68160
H 44.13060 37.09250 -0.04749
H 46.51170 39.28290 0.44562
H 43.59640 40.29640 0.18930
H 40.61480 41.43130 0.31185
H 38.55640 42.81600 -1.31130
H 46.12800 42.33940 -0.16245
H 45.05480 23.57460 -0.28215
H 47.68830 25.08970 -0.81530
H 44.97110 26.53940 -1.43072
H 35.63610 28.74590 -0.24592
H 32.60250 27.71650 -0.30943
H 39.16980 32.97440 -0.19676
H 36.19370 31.87720 -0.33858
H 33.16270 30.84900 -0.29692
H 30.13260 29.73830 -0.44896
H 27.03460 28.58310 -0.31658
H 36.71420 35.07130 -0.43808
H 33.71460 33.98970 -0.40683
H 30.61260 32.90510 -0.61292
H 27.53790 31.74150 -0.50765
H 37.32820 38.34350 -0.41766
H 34.31470 37.15040 -0.55345
H 31.24690 35.98170 -0.72711
H 28.13670 34.95730 -0.76785
H 34.99010 40.43460 -0.44729
H 26.68470 44.99680 -0.04263
H 43.08650 43.47170 0.08561
H 40.23030 44.64750 0.57704
H 37.40440 45.92170 0.14505
H 45.72800 45.54550 0.46566
H 42.83180 46.62030 0.47244
C 49.08630 29.65830 2.45608
C 47.15260 32.91310 2.49443
C 49.53660 35.60800 2.63454
C 47.90510 38.37260 2.22263
C 37.65710 23.59660 1.81219
C 40.20110 25.93610 0.84541
C 43.29240 27.35890 0.25392
C 47.54740 26.82350 0.97518
C 46.07030 29.64520 0.80390
C 36.93950 25.51500 1.63941
C 34.25310 23.30310 0.45234
C 31.48180 22.54040 1.76451
C 40.64880 29.53580 1.24197
C 37.46620 28.55350 1.36542
C 28.67550 24.86180 1.35041
C 43.96990 31.87210 0.45285
C 41.11450 32.88650 1.40018
C 26.31960 27.18540 1.59502
C 41.98000 36.24410 0.82791
C 39.13640 38.03050 1.22262
C 36.50970 39.90570 1.44473
C 34.28610 41.93780 1.38175
C 30.42610 41.10740 -0.27162
C 28.49690 40.10290 -2.05348
C 23.55870 38.62280 -0.59936
C 25.94350 41.68930 -1.07605
C 31.48250 43.77550 1.34841
C 28.22160 43.67790 1.44743
C 32.80830 47.00400 2.03615
C 45.62660 35.68810 1.46746
C 44.54410 38.60840 1.74670
C 41.88800 39.77480 1.88291
C 46.48130 41.15490 1.94357
C 41.59210 43.17320 2.02943
C 37.96230 43.72590 1.03306
C 35.26150 45.43780 1.18927
C 47.19620 44.03060 1.30509
C 43.35130 24.11850 1.45935
C 48.48110 23.95040 1.19974
C 45.86800 25.68940 0.68131
C 34.38080 27.32530 1.42218
C 31.51440 26.18650 1.41714
C 37.99690 31.56060 1.36837
C 34.92760 30.51430 1.32223
C 31.94350 29.38010 1.27708
C 28.93180 28.34750 1.26102
C 38.52220 34.83480 1.36796
C 35.50300 33.64920 1.23004
C 32.34930 32.68680 1.12387
C 29.42800 31.53410 1.09732
C 26.49640 30.41450 1.35589
C 36.06170 36.85010 1.14397
C 32.92980 35.81470 1.02112
C 29.67740 34.77010 0.81288
C 26.70350 33.64110 0.88472
C 33.35640 38.97900 0.85943
C 30.22100 37.80220 0.58971
C 26.80810 37.10630 -0.47307
C 29.66890 46.72390 1.80793
C 44.44870 41.96370 1.59788
C 43.79140 44.99670 1.93082
C 41.03150 46.35420 2.17456
H 37.20550 59.70610 0.94142
H 34.76630 58.13170 0.71196
H 40.30910 63.16680 0.82636
H 37.28860 62.60300 0.87096
H 44.51020 67.59100 1.49047
H 40.96970 66.27790 0.85898
H 29.15680 62.04720 0.88024
H 44.65660 70.73260 1.55171
H 25.38550 64.84640 0.28718
H 26.39500 68.32560 0.22858
H 27.66990 71.24210 1.09569
H 34.39570 61.29830 0.79576
H 37.95520 65.50990 0.84103
H 34.84020 64.50020 0.80760
H 31.87430 63.29340 0.84538
H 41.79470 69.42080 1.15334
H 38.64290 68.49620 1.04084
H 35.44570 67.59140 0.87882
H 32.26960 66.56070 0.83077
H 29.34970 65.24540 0.69727
H 36.19530 70.60230 1.20878
H 33.11080 69.64300 0.97888
H 30.00940 68.90880 1.08216
C 47.70930 65.53700 -1.84681
C 49.08730 68.91910 0.33311
C 35.04900 49.92680 -0.00696
C 35.88880 53.01880 -1.31600
C 33.83280 55.77770 1.18759
C 31.34100 55.21000 -0.49941
C 30.18350 58.33330 -0.32172
C 27.98020 60.94190 -1.04330
C 25.09430 60.78400 -1.21160
C 36.90030 57.91230 -0.67092
C 39.14410 61.05240 0.29370
C 36.19830 61.09200 -0.80912
C 33.41910 59.65980 -0.80403
C 43.23200 65.73770 0.01488
C 39.73600 64.99270 -0.83602
C 30.93610 61.76240 -0.83241
C 43.84240 69.29900 -0.30217
C 27.48980 64.29600 -0.77756
C 25.47190 66.93720 -1.28326
C 26.32080 70.44230 -1.02010
C 38.04950 48.01290 -0.98643
C 37.91470 50.91620 -0.56849
C 37.36190 54.31980 -1.06277
C 40.08590 56.14860 -0.81311
C 42.13860 58.33830 -0.59665
C 47.91630 58.82980 -0.36522
C 42.27110 61.94610 -0.44557
C 47.30360 62.01190 -0.08109
C 45.56290 63.28990 0.06714
C 26.64920 46.86610 -1.61608
C 31.50220 49.86780 -1.01325
C 28.16520 49.70040 -1.25961
C 25.01190 49.82200 -1.44265
C 32.77190 52.50990 -0.67483
C 29.78340 52.59660 -0.92351
C 26.72720 52.58420 -1.23489
C 28.17060 55.21350 -1.07871
C 25.01350 55.24950 -1.34633
C 26.54380 57.95000 -1.15016
C 36.68170 64.28350 -0.83008
C 33.68780 63.06830 -0.76575
C 40.46940 68.22310 -0.59996
C 37.33300 67.36660 -0.63950
C 34.15020 66.26150 -0.75441
C 31.22580 65.02590 -0.80285
C 37.96630 70.26450 -0.51918
C 35.00190 69.51150 -0.60565
C 31.72840 68.43810 -0.67707
C 28.63490 67.39590 -0.35084
C 32.64780 71.56840 -0.47557
C 29.56910 70.72540 -0.57996
C 46.46340 47.36200 -1.00286
C 43.61930 48.42700 -0.92455
C 40.70690 49.59290 -0.87233
C 46.23820 50.44020 -0.80619
C 43.29100 51.63690 -0.79242
C 40.22790 52.84720 -0.91883
C 45.81010 53.67610 -0.73324
C 42.91790 54.95230 -0.67502
C 48.44940 55.65820 -0.64520
C 45.36820 56.83660 -0.64304
C 44.91790 60.09790 -0.30605
H 47.62360 64.58890 -0.02804
H 49.23640 66.82530 1.77153
H 47.28570 69.21590 1.55559
H 34.50970 47.57740 0.35382
H 32.86760 50.56960 0.95639
H 34.28760 53.37190 0.59760
H 32.19020 57.39000 2.32009
H 31.60260 60.05000 0.82778
H 27.99370 59.09200 0.53315
H 26.34860 61.63850 0.67098
H 37.10860 49.05180 1.00593
H 48.22600 47.62600 0.81215
H 39.56290 51.04120 0.66530
H 39.18950 54.32260 0.71951
H 36.35610 55.78520 0.67969
H 38.90130 57.55470 0.88863
H 41.37170 59.98490 0.64599
H 46.75120 60.11510 1.38709
H 44.11370 61.78590 1.38724
H 31.26800 47.88440 0.37887
H 28.13410 47.79910 0.22984
H 29.67600 50.59650 0.49255
H 26.53000 50.60720 0.27964
H 31.15900 53.29900 1.12611
H 28.06810 53.40120 0.61856
H 24.80180 53.34680 0.13211
H 29.71940 56.16470 0.62255
H 26.48160 56.19960 0.48517
H 24.86540 58.95050 0.39510
H 39.90490 47.78920 0.58212
H 45.41270 48.70500 0.77401
H 42.46910 49.86370 0.73691
H 48.10940 50.65990 0.81661
H 45.10990 51.89310 0.85081
H 42.11770 53.13260 0.76544
H 47.64210 53.81060 0.87081
H 44.69890 55.09600 0.96110
H 41.70710 56.39430 0.99195
H 47.17920 56.94950 1.01395
H 44.11960 58.22050 1.03425
C 46.85690 66.69500 1.20793
C 48.73790 68.46130 3.55548
C 34.81930 49.38080 1.94394
C 36.00980 52.54190 2.30362
C 32.55150 57.19640 4.42388
C 30.85580 55.06860 2.63759
C 30.01940 58.39460 1.68243
C 27.79460 60.67400 2.42890
C 24.61100 60.72270 2.06778
C 36.77880 57.74490 2.30316
C 39.38370 59.72380 2.05777
C 36.13230 61.14710 2.55163
C 33.50060 59.60860 2.34832
C 43.18520 65.57140 1.97644
C 39.68610 64.68160 2.41087
C 30.97370 61.72060 2.52475
C 43.64670 68.77320 2.75485
C 27.44050 63.76290 1.14857
C 25.15380 66.85210 1.88798
C 25.59880 70.05020 2.02762
C 38.16350 47.09700 2.12821
C 38.34470 50.10800 2.67743
C 37.26250 54.18010 2.41511
C 39.83780 55.92250 2.54865
C 42.10090 58.38370 2.46261
C 47.87690 58.51770 2.79951
C 42.01430 62.30030 1.52279
C 47.24070 61.78890 3.12075
C 45.41870 62.88140 3.27243
C 26.47590 46.53100 1.58676
C 31.23400 49.59900 2.17411
C 27.95820 49.53110 1.96518
C 24.81110 49.60450 1.70694
C 32.91710 52.40380 2.59345
C 29.34700 52.20880 2.35057
C 26.24470 52.41770 1.90519
C 28.02980 55.28180 2.19673
C 24.59310 55.23020 1.79853
C 26.38570 58.05550 2.09856
C 36.63680 64.31080 2.52183
C 33.66300 62.98780 2.36738
C 40.41020 67.95420 2.63626
C 37.23920 67.15330 2.49439
C 34.07590 66.18770 2.44343
C 30.71740 65.04040 2.18231
C 38.13890 70.22940 2.68745
C 34.83080 69.18050 2.67029
C 31.53920 68.36350 2.51745
C 28.28370 67.24430 1.64715
C 32.40640 71.30740 2.72944
C 29.09920 70.76540 2.59014
C 46.30500 47.03540 2.37091
C 43.46560 48.18960 2.21331
C 40.49380 49.43280 2.24560
C 46.22660 50.29490 2.41874
C 43.12550 51.51170 2.38496
C 40.24410 52.73560 2.31643
C 45.83510 53.55500 2.55627
C 42.79400 54.77620 2.51593
C 48.31690 55.47660 2.63342
C 45.32850 56.75780 2.63558
C 44.75730 59.82220 2.82038
H 42.28200 72.65560 0.63269
H 39.78040 74.81630 1.08168
H 37.49340 76.87540 2.47638
H 26.25810 73.03190 -1.04760
H 34.93510 79.00930 3.04538
H 32.04410 78.15820 1.80016
H 29.29660 77.22540 0.62734
H 26.52150 76.12840 -0.42303
H 39.27700 71.61930 1.03014
H 36.84610 73.79160 1.36763
H 33.87670 72.76050 1.28888
H 30.79510 71.96650 1.15205
H 34.54770 76.06860 1.63704
H 31.53740 75.04790 1.21125
H 28.46350 74.30820 0.80769
C 43.91220 89.03540 2.80721
C 37.15840 88.93790 1.80199
C 48.35690 92.83970 3.53691
C 45.47690 91.79350 4.62922
C 42.50610 91.87270 2.69196
C 39.67090 91.77070 1.54302
C 35.66710 91.83040 0.99431
C 34.40020 93.58250 1.12292
C 46.28070 74.53020 2.58854
C 43.11220 75.65470 4.23170
C 41.21530 78.08340 2.33082
C 38.83190 80.07380 1.25148
C 38.77510 83.04740 1.64142
C 38.72530 86.25890 2.04352
C 40.72900 88.44050 3.55760
C 46.86770 88.01100 3.32671
C 46.69740 71.44240 0.35907
C 29.95700 95.35980 0.92039
C 25.97960 78.51680 0.06370
C 30.27880 79.50080 0.66711
C 28.28900 80.48690 0.57279
C 35.48280 82.86280 3.10019
C 33.07810 84.65080 1.92626
C 35.74870 86.06600 2.27357
C 32.67000 87.76880 1.64479
C 32.17500 91.35780 2.50206
C 29.28510 92.42550 1.71172
C 44.11830 72.40830 -0.31930
C 41.61150 74.75080 -0.60950
C 38.73150 76.67790 0.22913
C 26.37230 74.54590 -2.53497
C 37.12370 79.14000 1.53891
C 31.62210 76.91440 -0.36755
C 28.88150 75.72920 -1.28137
C 46.45410 95.40300 3.28991
C 43.58220 94.89820 2.95052
C 40.63170 94.80610 2.21663
C 37.82130 94.53250 1.16767
C 46.33790 77.95540 2.75803
C 43.79610 79.68510 2.70444
C 41.49940 81.42660 2.20877
C 46.70340 81.30810 2.93321
C 44.02570 82.95100 2.75102
C 41.30860 84.67850 2.50609
C 46.81900 84.64660 3.02471
C 44.01200 86.13970 2.88416
C 25.62560 82.01930 -0.10369
C 30.68400 82.85320 1.29690
C 27.84640 83.98630 0.57157
C 25.03980 85.39200 -0.17073
C 30.18220 86.02780 1.30890
C 27.37940 87.30570 0.71915
C 29.76480 89.04700 1.28987
C 26.86170 90.45750 0.57300
C 26.43390 94.03220 0.77472
C 40.97860 70.98430 -0.58953
C 38.52830 73.48090 -0.43173
C 35.73260 72.45040 -0.31789
C 36.63280 75.95560 0.34561
C 33.67430 74.90070 -0.05935
C 30.54870 73.71830 -0.56375
C 34.25730 78.28130 0.64170
H 42.21110 90.35280 4.09458
H 38.81010 90.05980 3.38142
H 46.73440 93.80800 5.11264
H 37.45790 92.68070 2.37791
H 33.41900 93.33890 3.50722
H 35.63230 95.35830 2.18430
H 45.55590 76.46060 4.20778
H 42.78570 78.16330 4.40838
H 40.15080 79.77130 3.30567
H 37.34410 81.33450 2.85616
H 48.25530 78.19450 4.60490
H 37.42730 84.46270 3.11853
H 37.22910 87.35180 3.70001
H 40.05620 86.06810 4.12683
H 45.30650 89.39280 4.81482
H 47.75340 90.98940 5.08343
H 47.24020 72.24700 2.70455
H 24.94210 76.99210 1.77682
H 27.34490 78.85380 2.19416
H 29.71340 80.96800 2.60552
H 32.03020 82.86580 3.41797
H 34.46130 84.83460 4.12506
H 34.23830 87.97240 3.21410
H 31.21250 89.22430 3.25298
H 28.23910 90.36280 2.70413
H 25.51350 91.86390 1.67990
H 30.29960 92.56570 3.69177
H 43.45740 93.22760 4.61735
H 40.38940 92.84810 3.67117
H 45.56470 79.70410 4.38996
H 42.88570 81.36050 4.29070
H 40.19180 82.87210 3.71865
H 48.52090 81.34710 4.59232
H 45.69780 83.01220 4.53024
H 42.94490 84.50280 4.36232
H 48.66840 84.54150 4.61862
H 45.72070 86.19460 4.69277
H 42.79860 87.54630 4.45606
H 48.50510 87.87800 4.83644
H 26.91750 82.13780 1.94960
H 29.15890 84.22380 2.63052
H 26.35720 85.47030 1.88538
H 31.64900 86.09110 3.26315
H 28.72840 87.34360 2.74574
H 25.82620 88.69530 1.99001
C 43.58860 89.33550 6.00078
C 36.21900 89.53130 3.39211
C 48.47110 92.86710 6.52954
C 44.99840 92.54320 6.35236
C 41.53120 92.10910 5.72253
C 38.37820 91.75420 4.72208
C 35.20000 93.10760 5.19018
C 31.98330 94.49670 3.94016
C 46.79740 74.27630 4.26811
C 43.59660 76.41290 5.90162
C 40.88190 78.40060 5.33568
C 37.97090 79.74090 4.55008
C 38.04780 82.81820 4.89638
C 37.91200 85.64340 5.27104
C 40.69570 87.89470 5.66016
C 46.51950 87.80360 6.38145
C 46.13300 70.51610 3.55381
C 28.70660 94.64910 3.85948
C 25.09820 78.95260 3.31747
C 31.56040 79.66260 3.60354
C 27.65220 80.71700 3.84710
C 33.35950 80.81230 3.79378
C 32.70840 84.73050 5.16106
C 35.37680 86.91070 5.33127
C 32.26070 87.79550 4.93819
C 32.31110 91.16600 4.33097
C 28.82030 91.42760 5.01014
C 43.33830 72.17310 2.88383
C 42.26800 75.03160 1.19647
C 39.53390 76.22750 3.22919
C 26.24360 73.29950 1.56980
C 36.71710 78.11840 4.53311
C 30.57090 76.69030 2.78204
C 27.36470 76.32420 1.92411
C 46.27950 95.70410 6.52430
C 42.97250 95.16810 6.14220
C 39.79540 94.64970 5.27698
C 36.60890 94.26640 4.14333
C 46.66440 78.02300 6.00508
C 43.72360 79.82490 6.00715
C 40.69980 81.08010 5.32809
C 46.57140 81.25900 6.09435
C 43.70060 82.83160 6.02974
C 40.81460 84.33370 5.63110
C 46.73850 84.50600 6.20104
C 43.71490 86.03690 6.14544
C 24.64160 81.91190 2.88666
C 30.13040 82.75080 4.40292
C 26.94740 83.90990 3.69707
C 24.21980 85.03940 2.92959
C 29.53890 85.81020 4.45902
C 26.53070 87.18150 3.73643
C 29.10720 88.99240 4.52137
C 26.01220 90.46140 3.70042
C 25.89750 94.13420 2.48677
C 41.32660 71.29040 2.51129
C 38.78240 73.28900 2.76933
C 35.64710 72.30500 2.91132
C 36.20570 75.26760 3.29434
C 33.23160 74.43370 2.89899
C 30.00810 73.74270 2.66697
C 33.59950 77.26950 3.61344
C 55.05580 95.51220 3.43584
C 52.03730 95.13450 4.64517
C 49.54120 96.11410 3.32737
C 55.57860 3.80500 2.88984
C 52.41170 4.13931 3.13568
C 50.62370 6.58675 2.56070
C 60.07460 0.15047 2.58045
C 58.81760 3.31585 2.42588
C 57.67330 6.21333 2.46605
C 60.21400 7.60378 1.42582
C 73.18450 9.88254 -2.28752
C 68.09740 10.14360 -0.67673
C 65.21050 10.76610 0.99779
C 61.53830 10.86580 0.81298
C 71.02840 13.19300 -1.24910
C 67.99730 12.25980 -0.37090
C 66.21280 14.70330 -0.02278
C 63.28800 13.85630 0.01869
C 63.66260 17.30410 0.98591
C 61.66100 19.90230 0.63394
C 63.26100 22.40100 0.16199
C 60.64270 22.52350 0.55243
C 54.39700 7.36984 3.12415
C 52.15170 9.40204 2.24657
C 57.87720 9.50919 3.50555
C 57.51000 12.80110 1.60134
C 60.13420 13.73120 0.15926
C 60.44890 17.03010 0.58278
C 57.20290 18.85720 -0.35609
C 57.63900 22.78740 0.26900
C 56.71670 0.92507 2.78606
C 53.75480 1.04129 3.41649
C 50.86990 1.34397 3.34834
C 69.07020 95.26560 1.57352
C 66.20120 96.05500 2.06142
C 63.20440 -0.57554 2.45373
C 71.27130 0.15865 0.76626
C 68.24520 0.99597 1.36297
C 65.17290 1.68432 1.79522
C 62.05910 2.49623 2.18756
C 70.46160 3.26303 0.67112
C 67.26110 4.04776 1.11366
C 64.08880 4.71905 1.57664
C 60.91570 5.66260 1.99341
C 72.59160 5.91533 0.38041
C 69.49610 6.47654 0.56146
C 66.43140 6.93150 0.80942
C 63.35230 7.74457 1.05027
C 72.58480 16.17330 -0.85768
C 69.21790 15.40900 -0.29412
C 70.44490 18.37550 -0.35303
C 67.25210 17.66320 0.15598
C 71.69100 21.39010 -0.39819
C 68.41880 20.62510 -0.19904
C 65.22660 19.90070 0.20930
C 54.87950 11.10930 1.99417
C 52.05180 12.65010 1.44895
C 54.68430 14.14340 1.08921
C 51.84370 15.57130 0.55696
C 57.57190 15.81670 0.93825
C 54.52290 17.27180 0.19061
C 51.66990 18.70630 -0.23486
C 54.62010 20.58350 -0.58615
C 51.75350 21.65830 -0.96048
H 56.93710 -0.82270 4.49032
H 53.83170 -0.66505 5.14201
H 55.58390 2.11056 4.67519
H 54.25100 5.26872 4.47158
H 52.12450 7.76190 4.06710
H 59.92580 95.91330 4.43842
H 58.70650 1.53729 4.07543
H 57.57760 4.48098 4.25237
H 59.68130 6.76846 3.76055
H 56.59800 7.53499 4.26947
H 71.39790 7.22303 2.14052
H 68.18790 7.64869 1.80898
H 64.98510 8.57813 2.19481
H 61.69660 9.02321 2.54597
H 71.86530 11.22130 -0.47177
H 72.73290 14.06860 0.37798
H 69.73050 13.39920 0.96219
H 66.51430 12.79250 1.60494
H 64.56130 15.22460 1.73227
H 61.80390 18.22040 2.29126
H 60.60660 21.03370 2.63006
H 54.06810 9.73687 3.72560
H 51.20120 11.36770 3.40504
H 56.58960 11.67420 3.75050
H 59.19350 13.12200 2.55449
H 61.53460 15.01340 1.45409
H 59.15400 16.56030 2.68119
H 59.12460 19.16470 0.77360
H 56.28970 20.86570 0.93726
H 53.37710 22.30200 0.78351
H 50.85980 -0.30257 5.07212
H 52.37460 2.48872 4.99505
H 50.61920 5.11320 4.59522
H 71.17510 95.92610 2.64069
H 68.19860 -0.61095 3.28151
H 65.17760 0.16563 3.72864
H 61.93750 0.85532 3.98655
H 70.34110 1.65647 2.54548
H 67.16640 2.44022 2.95603
H 64.08530 3.13357 3.50095
H 60.85350 3.89550 3.77318
H 72.44590 4.04078 1.99784
H 69.30320 4.66187 2.30108
H 66.11460 5.43538 2.79154
H 62.98210 6.23960 3.09818
H 63.32560 12.29050 1.78307
H 70.98160 16.41440 1.06286
H 67.72150 15.79200 1.67202
H 72.08780 19.47900 1.11561
H 68.87230 18.87540 1.50544
H 65.72830 18.24010 2.01300
H 69.95280 21.89730 1.26112
H 66.76460 21.25150 1.53741
H 63.64050 20.71410 1.81317
H 53.81270 13.04680 3.09687
H 50.91860 14.51230 2.53547
H 56.39180 14.73040 2.78306
H 53.64420 16.09460 2.15862
H 50.73560 17.51850 1.56590
H 56.34920 17.74860 1.75146
H 53.56280 19.28340 1.30193
H 50.59200 20.65430 0.93351
C 55.53490 -1.15779 6.56253
C 52.22560 95.70150 6.49843
C 49.29820 96.04790 6.59571
C 55.71830 4.27775 5.97180
C 52.51880 4.66451 6.16382
C 50.49470 7.30582 5.84529
C 60.23420 0.55725 5.72905
C 59.30750 3.35880 5.57431
C 58.11260 6.45264 5.66570
C 60.05610 8.76660 4.50717
C 71.07070 9.18262 0.64052
C 68.99740 9.75150 1.33476
C 65.17270 11.00900 2.83103
C 61.03630 11.41600 2.62111
C 71.49430 12.45830 1.87923
C 68.38050 12.26610 2.87555
C 66.27720 14.64520 3.38522
C 63.06070 13.91340 3.22676
C 63.77540 17.14860 3.06563
C 62.53140 19.94720 3.86867
C 63.66030 22.63350 3.28015
C 60.62500 23.23920 3.60274
C 54.30150 7.72960 5.15865
C 52.12430 9.98340 5.21205
C 57.21460 9.77565 5.26557
C 57.71040 13.67090 4.64332
C 60.28830 15.23150 3.68735
C 59.60850 18.87440 3.26854
C 57.47810 19.67930 2.71776
C 57.41700 22.82970 2.13703
C 57.32370 1.06903 6.01922
C 54.07500 1.46866 6.49045
C 50.71930 1.60017 6.56439
C 69.83660 95.64390 4.69098
C 66.75930 -0.98305 5.21907
C 63.58530 -0.15762 5.55524
C 72.04200 0.47845 3.90879
C 68.81840 1.45348 4.45053
C 65.80120 2.19746 4.96901
C 62.44890 2.78790 5.34309
C 71.06500 3.73950 3.78281
C 67.83010 4.43106 4.25603
C 64.56380 5.22740 4.70385
C 61.57570 5.87837 5.02554
C 73.21620 5.98795 3.45564
C 69.73750 6.75841 3.59330
C 66.62540 7.69798 3.80332
C 63.27580 8.51853 4.08786
C 72.92840 15.46220 2.36523
C 69.77930 15.08790 2.82737
C 70.84260 18.14020 2.78766
C 67.72090 17.60350 3.33978
C 71.66520 21.25480 2.81134
C 68.63490 20.71470 3.02652
C 65.51030 20.09040 3.34375
C 54.57130 11.76620 5.05781
C 51.88520 13.46960 4.53662
C 54.50870 15.07610 4.27511
C 51.73190 16.50190 3.61092
C 57.10100 16.80150 3.94466
C 54.47260 18.15240 3.29033
C 51.64070 19.47520 2.80848
C 54.55910 21.08320 2.64518
C 51.27550 22.76600 1.91917
C 73.77330 27.37080 -0.60978
C 63.32180 25.42970 0.47829
C 70.95630 28.71810 -1.39227
C 67.80750 28.44590 -1.15208
C 64.65820 28.40960 -0.54985
C 59.99110 25.71740 -0.11634
C 56.73560 26.45220 -0.66158
C 53.70070 27.04060 -0.98180
C 61.81130 28.58220 -0.22898
C 52.42350 29.97560 -0.75988
C 63.56450 31.31440 -0.39978
C 65.75100 33.89730 -0.47122
C 64.37550 36.97440 -0.32003
C 62.92300 39.96850 -0.24593
C 50.49660 39.84860 -1.69134
C 61.44140 42.68790 -0.30408
C 58.35170 42.99500 -0.65312
C 52.18610 43.40180 -1.52165
C 57.09160 46.22290 -0.39425
C 53.62720 46.46550 -1.10742
C 51.64270 24.39620 -2.41379
C 71.07090 31.70720 -0.00560
C 68.35180 31.41760 -1.89439
C 69.55660 33.99610 0.00503
C 67.70910 36.99160 -0.31390
C 66.12820 39.71650 -0.27909
C 64.55110 42.64860 -0.27679
C 63.28720 45.21080 -0.46966
C 50.24180 44.08130 -2.29390
C 72.72820 24.35880 -0.44747
C 69.43870 23.63730 -0.37576
C 66.27350 23.00260 -0.13724
C 70.48000 26.66920 -0.71347
C 66.88720 25.78680 -0.39984
C 58.74070 29.03520 -0.38779
C 55.48460 29.55970 -0.52395
C 60.34080 31.62190 -0.31850
C 57.33060 32.13540 -0.26901
C 54.14290 32.45870 -0.41175
C 50.81930 32.71400 -0.52634
C 62.30660 34.30820 -0.49880
C 59.19190 34.56760 -0.36670
C 56.00610 34.73730 -0.42856
C 52.75020 35.10120 -0.58196
C 61.21110 37.32690 -0.35702
C 58.02650 37.49280 -0.51032
C 54.82570 37.60100 -0.75965
C 51.33830 37.97650 -0.90305
C 59.80030 40.17310 -0.38787
C 56.68990 40.39550 -0.77230
C 53.48780 40.29550 -1.34761
C 55.10330 43.35660 -1.22154
C 54.49390 23.89250 -0.75401
C 72.67810 34.57280 -0.62407
C 71.03550 37.01640 -0.29979
C 72.62830 39.85870 -0.39329
C 69.44960 39.84590 -0.33743
C 71.07210 42.44600 -0.54328
C 67.75570 42.58730 -0.41844
C 72.72690 45.29940 -0.72692
C 69.54970 45.23130 -0.72518
C 66.28420 45.41040 -0.48363
H 64.72170 23.79030 1.45897
H 62.17110 23.80540 1.81401
H 71.90020 28.00210 0.87628
H 65.27680 26.82870 1.10038
H 69.46250 30.00000 -0.09350
H 66.57940 29.66560 0.58110
H 59.24680 24.19340 1.70009
H 56.14530 24.65180 0.96161
H 61.57770 26.87690 1.35273
H 55.17630 27.60960 0.83528
H 52.05870 27.97780 0.72667
H 63.47740 29.59560 1.37299
H 50.82150 30.74300 0.92317
H 65.13260 32.21350 1.36104
H 64.10970 35.13530 0.85498
H 62.82750 38.07580 1.36228
H 49.68620 39.05530 0.57879
H 61.35510 40.89430 1.42549
H 51.59080 41.47230 -0.29951
H 59.87080 43.83660 1.38418
H 56.76200 43.94880 0.45001
H 53.57490 44.52940 0.35876
H 53.06280 25.32000 0.64454
H 51.43090 26.26890 -1.77315
H 72.80150 32.51230 0.76053
H 69.69650 32.43310 1.98009
H 67.61680 32.55650 -0.38737
H 68.00080 35.27460 1.42237
H 66.06790 37.86870 1.33576
H 64.61970 40.80490 1.34874
H 63.04330 43.53500 1.43340
H 49.34860 43.64610 -0.14741
H 73.07170 22.57400 1.27753
H 70.92040 24.92970 1.10500
H 67.77190 24.23400 1.29515
H 68.61500 27.14240 0.73024
H 58.34180 27.14590 1.12965
H 60.28870 29.88470 1.31777
H 57.11060 30.17670 1.13358
H 53.88520 30.53230 1.09947
H 62.09680 32.45760 1.20911
H 58.98700 32.80910 1.35780
H 55.72670 33.04930 1.34164
H 52.49320 33.38610 1.09703
H 60.86080 35.44390 1.17893
H 57.61870 35.71200 1.09181
H 54.42620 35.98350 0.97515
H 51.16970 36.26010 0.88981
H 59.54340 38.32980 1.28021
H 56.29730 38.60760 0.89096
H 53.07100 38.81660 0.56178
H 58.14660 41.17550 1.10251
H 54.81370 41.49280 0.39351
H 50.48530 23.60670 -0.25730
H 71.09770 35.22550 1.35565
H 72.65960 38.03790 1.24391
H 69.40760 37.98860 1.23046
H 71.03100 40.77040 1.25158
H 67.79990 40.74120 1.25682
H 72.69050 43.50620 0.97511
H 69.49320 43.51460 1.05882
H 66.24060 43.60780 1.29488
C 73.81240 27.72520 2.56614
C 63.54630 25.73770 2.28640
C 72.13920 30.25720 1.69028
C 68.59630 29.21850 2.04615
C 65.45400 28.81520 2.61687
C 59.79630 26.22850 2.98789
C 56.45910 26.48990 2.62247
C 53.47570 26.88800 2.47208
C 61.82430 28.73260 2.96252
C 52.19870 29.62160 2.62602
C 63.49300 31.44690 3.01058
C 66.27320 34.43180 1.78724
C 64.41590 36.77030 2.76885
C 63.03190 39.88490 3.01533
C 49.26660 41.39290 0.67707
C 61.41050 42.68100 3.10815
C 58.07920 43.26000 2.50786
C 51.66880 43.80720 0.71490
C 57.03340 46.17290 1.57709
C 53.46690 46.21200 2.22339
C 50.69190 25.87510 0.68940
C 70.95540 30.82700 3.39545
C 67.47960 31.58970 1.93327
C 69.57060 34.32050 3.12801
C 67.81420 37.17400 2.94757
C 66.25630 39.78680 2.91210
C 64.71900 42.70000 3.02561
C 63.06140 45.53380 2.93982
C 49.25870 45.89150 0.71372
C 72.63210 24.49100 2.81938
C 69.61080 23.79280 2.80630
C 66.47430 23.15680 3.03195
C 70.45380 27.01180 2.40885
C 67.22280 26.25560 2.53782
C 58.60500 29.02620 2.80336
C 55.27370 29.32670 2.58841
C 60.45130 31.76570 2.95300
C 57.27100 31.93110 2.85623
C 53.93650 32.24920 2.78643
C 50.74480 32.51030 2.64233
C 62.54500 34.41350 2.64492
C 59.11830 34.74310 2.76945
C 55.81820 35.08130 2.70387
C 52.69890 35.28230 2.56619
C 61.04880 37.22540 2.89786
C 57.67070 37.63060 2.68647
C 54.39220 38.01730 2.40143
C 51.26070 38.35920 2.22435
C 59.45730 40.21820 2.90000
C 56.08480 40.57790 2.30885
C 52.71180 41.01100 1.69626
C 54.87130 43.41560 2.00466
C 54.22020 24.04800 2.37342
C 72.51990 33.85410 2.76606
C 71.06470 37.13890 2.83598
C 72.75170 39.93750 2.80175
C 69.47120 39.79830 2.88723
C 71.14580 42.63930 2.73445
C 67.92500 42.65740 2.83491
C 72.63720 45.38920 2.60092
C 69.42120 45.45610 2.55424
C 66.24480 45.72380 2.59788
C 53.17280 60.26740 -0.28252
C 50.36550 60.85380 -0.18840
C 59.42520 64.28660 0.79569
C 56.11660 63.88110 0.32237
C 49.89980 63.55110 -0.42313
C 60.71300 67.43760 1.08010
C 65.07670 71.15690 1.67981
C 61.73840 70.43290 1.45085
C 67.43640 48.47070 -0.40598
C 63.68820 48.31670 -0.36304
C 72.99800 50.87690 -0.90484
C 69.75950 52.65670 -0.18624
C 73.81410 53.97100 1.46747
C 73.51970 67.80710 1.18462
C 51.68840 47.23980 -0.94784
C 52.42490 51.11310 0.06232
C 51.37210 54.42670 -0.55741
C 51.05180 57.76390 -0.40637
C 60.51330 46.81840 -0.42907
C 64.55570 51.12900 0.57631
C 61.40010 50.60920 -0.17464
C 58.42000 49.71060 -0.86088
C 70.44990 55.64280 2.43371
C 67.74690 53.18820 3.42355
C 65.28200 54.25420 1.27910
C 55.74560 52.51500 -0.77550
C 72.59980 58.38950 2.86705
C 53.50610 54.69700 -0.32186
C 57.68520 58.49780 0.05318
C 54.70350 57.70850 -0.11453
C 62.10270 62.03710 0.82815
C 58.93890 61.37590 0.25210
C 71.82580 66.50410 1.32109
C 62.77940 65.00510 1.05481
C 70.65940 69.59930 2.07337
C 67.07580 68.72420 1.47622
C 63.90180 68.06760 1.43627
C 52.94430 63.32810 0.22990
C 57.37090 66.91280 0.70603
C 54.11890 66.75040 0.44514
C 51.07680 66.57960 0.12670
C 58.61970 69.89660 1.16180
C 55.51060 69.72770 0.89973
C 52.16460 69.37410 0.68215
C 71.18690 48.07570 -0.84910
C 49.22940 49.19720 -0.93072
C 48.97030 52.41540 -0.69195
C 55.06100 49.38650 -0.99042
C 62.27670 53.62560 0.50805
C 59.15690 52.98180 -0.32308
C 69.40980 57.39070 2.57180
C 66.25470 57.00160 1.65607
C 63.32030 56.50230 0.94085
C 60.02840 55.94970 0.21438
C 56.66700 55.53360 -0.24355
C 70.29870 60.53050 2.28808
C 67.22050 59.96590 1.85349
C 64.21950 59.41490 1.21472
C 61.13430 59.00780 0.53982
C 70.99100 63.51600 1.56637
C 68.08240 62.84620 1.64622
C 65.17050 62.33470 1.36217
C 68.82770 66.00140 1.55550
C 65.96070 65.52320 1.37501
H 72.36280 56.08180 4.03975
H 54.79160 61.80260 0.85534
H 51.98050 61.43360 1.50049
H 49.08900 62.16880 1.49566
H 60.83140 65.45840 2.49548
H 57.47520 64.88010 2.18272
H 61.97750 68.44450 2.93365
H 55.11980 47.39770 0.78013
H 64.44590 46.38060 1.07359
H 69.59060 49.16180 0.91316
H 64.77690 49.43210 1.67280
H 72.16170 52.09910 0.78599
H 51.02920 49.15250 0.72041
H 50.66730 52.68750 1.08344
H 50.22610 55.87770 1.14042
H 49.76600 59.01750 1.30940
H 61.65180 48.42710 1.18203
H 58.49920 47.98220 0.55596
H 65.38400 52.22470 2.91936
H 62.43600 51.55350 1.89283
H 56.40870 50.44860 0.51165
H 69.17740 55.90040 4.67508
H 66.29310 55.20310 3.33209
H 53.95980 52.71340 0.92293
H 70.52470 58.80270 4.25322
H 54.88740 55.74010 1.51899
H 71.42590 61.84290 3.48796
H 55.89350 59.00380 1.79381
H 52.91450 58.32750 1.26926
H 72.41710 64.86210 3.29060
H 60.10840 62.43120 2.23080
H 57.32660 61.88390 1.17036
H 70.32370 67.35720 3.04750
H 64.07460 66.09270 2.88814
H 68.26840 69.83010 2.95915
H 65.22560 69.21520 3.13293
H 54.26830 64.67780 1.79570
H 51.16410 64.51990 1.44507
H 58.71030 67.83810 2.59451
H 55.61360 67.61930 2.24369
H 52.44880 67.34580 2.05871
H 56.87350 70.50420 2.81155
H 53.67620 70.20480 2.46094
H 50.43250 69.78530 2.31274
H 71.08370 46.25380 0.87107
H 67.89000 46.34230 0.78004
H 72.74860 48.97950 0.85193
H 59.34150 50.97270 1.10973
H 63.20840 54.62170 2.59070
H 60.21140 53.94740 1.69295
H 57.16580 53.44920 1.03267
H 67.23030 58.22490 3.58228
H 64.24910 57.64460 2.90218
H 61.23490 57.04300 1.99618
H 58.00660 56.51230 1.48624
H 68.27740 61.31430 3.60115
H 65.22290 60.69840 3.05257
H 62.20370 60.11650 2.38922
H 59.07340 59.43890 1.79447
H 69.33240 64.27680 3.25417
H 66.24870 63.73090 3.01843
H 63.20130 63.16310 2.62239
H 67.16310 66.79900 3.09895
C 53.79080 60.25190 2.61245
C 50.27580 60.67230 3.08076
C 59.21100 64.07240 3.81979
C 55.81600 63.07090 2.78584
C 48.84740 64.45700 2.24425
C 60.36370 67.16000 4.29049
C 64.87320 70.95490 4.98508
C 61.61390 70.17810 4.61021
C 67.14270 48.64550 1.56831
C 63.28260 47.74150 2.95000
C 72.43750 50.86840 2.56763
C 69.53330 51.64930 1.53156
C 73.49010 53.93880 3.64078
C 74.07480 67.82860 3.40496
C 51.84110 47.48790 2.50807
C 52.33120 51.02730 1.85793
C 51.44910 54.26670 2.78159
C 51.05190 57.54630 2.82695
C 60.23990 46.34550 1.44808
C 63.93480 50.72110 3.77520
C 60.77350 50.04230 2.93886
C 57.83920 49.33040 2.25744
C 71.13580 55.72540 6.29437
C 67.62550 54.05790 5.23975
C 64.51430 54.05940 4.60228
C 55.73780 51.95980 2.38468
C 71.63900 57.64510 6.03829
C 53.62460 54.03600 2.89598
C 57.37390 58.25550 3.24365
C 54.38450 57.22850 3.06900
C 61.64790 61.88140 4.01639
C 58.31320 61.15870 3.31700
C 72.38500 67.10610 4.53848
C 62.42080 64.83580 4.25349
C 70.67610 69.66310 3.93618
C 66.86530 68.58020 4.83866
C 63.74890 67.83190 4.55337
C 52.53260 63.34270 2.97340
C 57.09500 66.50120 3.93996
C 54.00220 66.27300 3.62418
C 50.94030 65.99650 3.40321
C 58.58920 69.58370 4.35312
C 55.21230 69.18300 4.08356
C 52.11350 68.92480 3.90301
C 70.74450 48.27960 2.35516
C 49.13000 49.17720 2.54850
C 48.76800 52.34930 2.58348
C 54.91240 49.06960 2.14314
C 61.55170 53.05210 3.57917
C 58.58460 52.50410 2.85975
C 68.56790 57.84630 5.68667
C 65.58730 56.99980 4.87924
C 62.45030 56.48050 4.08698
C 59.59780 55.73460 3.21432
C 56.68670 55.01100 2.93020
C 69.93010 60.75960 5.40245
C 66.60690 60.15340 4.98846
C 63.53590 59.51540 4.36235
C 60.54190 58.77690 3.60409
C 70.92990 63.82740 5.11535
C 67.75760 63.32010 4.87125
C 64.68580 62.59350 4.49152
C 68.96790 66.27970 4.71557
C 65.73050 65.51030 4.62761
C 70.91350 86.08850 1.29217
C 67.13470 84.81210 2.53830
C 65.81290 87.09700 5.67067
C 62.72010 88.71230 3.57090
C 62.03160 91.42360 3.27602
C 59.00100 91.38560 4.06948
C 58.17470 95.22730 2.86521
C 49.39540 75.60530 2.26213
C 51.83630 77.32820 4.45812
C 55.88820 80.17520 2.19352
C 62.47860 84.20620 1.23673
C 49.74360 89.95630 4.14877
C 60.64240 86.78570 3.85409
C 57.76180 87.94450 4.27364
C 52.60320 91.00420 4.65028
C 59.22960 90.34080 5.94049
C 55.19930 93.54870 4.19086
C 66.27970 74.48270 2.59771
C 49.57640 72.02680 1.68877
C 64.07700 76.19610 1.18901
C 54.57300 75.05590 1.58189
C 51.29740 74.92480 1.75308
C 65.09980 78.65280 0.89529
C 62.11320 78.82230 1.59485
C 58.86360 78.69440 1.87018
C 55.12080 78.19510 2.01928
C 67.48740 82.05680 0.97296
C 64.17560 81.43580 1.11711
C 63.84000 84.62150 2.55397
C 73.63790 71.28850 1.31029
C 70.80840 72.88060 1.36403
C 70.46690 76.36790 1.38278
C 68.81870 73.60450 1.10036
C 70.46760 79.75950 1.45279
C 70.63290 83.08470 1.32560
C 70.67170 89.20410 1.57506
C 67.70870 89.33210 3.02091
C 64.81240 90.66700 3.02467
C 69.83450 92.18660 1.62798
C 66.96720 92.89310 2.26995
C 64.10240 93.74100 2.67459
C 61.13130 94.44420 2.90451
C 72.09880 94.50850 0.80667
C 49.66560 79.72140 2.95945
C 52.72770 81.13230 3.41374
C 49.65780 82.85740 2.96682
C 59.89730 81.61370 2.70938
C 55.57590 83.16650 3.25895
C 52.50920 84.55160 3.39477
C 49.83380 86.36290 3.35665
C 58.16620 84.85900 3.93903
C 55.29870 86.19500 4.00509
C 52.68850 87.85070 4.01044
C 55.19810 89.48730 4.51848
C 62.76390 73.18950 1.42302
C 59.54540 72.93100 1.48074
C 56.74860 72.54880 1.44881
C 53.48370 72.33330 1.13461
C 60.93510 75.87690 1.53818
C 57.67290 75.52220 1.76011
C 73.43460 74.65490 1.06164
H 49.78970 94.28280 4.94885
H 69.30540 84.75490 2.76689
H 62.47810 87.12210 5.58859
H 70.81400 87.48160 3.40429
H 67.53570 87.05090 3.99595
H 64.70090 89.25240 5.20837
H 61.60910 90.08980 5.36605
H 60.83080 92.97940 4.84271
H 57.66930 93.44150 4.76488
H 51.12810 79.50220 4.31194
H 55.04360 81.35360 4.31924
H 62.33630 82.33560 2.86923
H 57.56400 83.11940 4.93456
H 60.12700 85.07340 5.71654
H 59.60800 87.91730 5.84783
H 56.98990 89.29940 6.13616
H 54.17460 90.69510 6.49526
H 50.50970 91.59640 5.90760
H 66.32420 72.17800 3.79653
H 63.15270 71.50230 3.20393
H 64.32150 74.42220 2.89934
H 51.78450 72.69460 2.49669
H 66.02340 77.06300 2.68415
H 56.14290 76.18540 3.20131
H 53.01660 75.48170 3.64346
H 66.92620 79.83450 2.27210
H 64.09080 79.63910 2.85976
H 60.96880 79.42270 3.09701
H 58.04990 80.03250 3.47330
H 65.48510 82.70510 2.50370
H 72.00280 71.46580 3.06519
H 69.26700 72.57750 3.42871
H 68.64360 75.41460 2.81871
H 69.01030 78.08100 2.67497
H 72.35990 84.48530 2.45411
H 69.21030 81.54780 2.63836
H 52.96220 93.49560 5.28806
H 69.94730 90.56230 3.53503
H 66.90980 91.39730 4.17346
H 63.87430 92.25530 4.60064
H 72.08040 92.80010 2.53674
H 69.03980 93.60880 3.46153
H 66.07000 94.46840 3.88897
H 63.04140 95.24820 4.23036
H 51.34360 82.83370 4.77510
H 54.24970 84.36670 5.11433
H 51.51460 86.00690 5.17946
H 57.06860 86.12690 5.78368
H 54.32470 87.54530 5.83832
H 51.46420 89.09330 5.66506
H 59.94680 70.99920 2.91284
H 61.16500 73.97010 3.03555
H 58.05400 73.59540 3.28176
H 54.97770 73.08980 3.00053
H 62.62720 76.86010 3.04112
H 59.37710 76.62480 3.32204
H 71.65790 74.69680 2.73918
H 71.90080 78.03440 2.50181
H 72.04740 81.35350 2.32582
C 72.11100 86.19180 4.31770
C 69.07470 86.26860 4.88818
C 66.67700 87.15450 7.26800
C 63.02350 89.07970 7.19862
C 62.42320 92.14800 6.56243
C 55.91780 93.24550 8.02212
C 58.18100 95.05870 5.96043
C 49.69300 76.32300 4.41644
C 52.14840 77.29560 6.36207
C 56.45730 79.67400 5.44617
C 61.61300 83.78900 4.83294
C 49.20840 89.56550 6.52845
C 60.90760 86.62130 7.58251
C 57.87580 87.53630 7.62981
C 51.98770 90.49520 7.61207
C 56.41850 91.73850 6.28842
C 53.92640 92.82450 7.66151
C 66.55760 73.91680 5.73881
C 49.61790 71.85700 3.40718
C 64.47220 76.22130 4.54518
C 55.06710 74.60900 4.92074
C 52.00570 73.53740 4.87070
C 65.85640 78.89710 4.44389
C 62.71270 78.77370 4.61962
C 59.55910 78.54430 4.94258
C 55.49790 77.85120 5.14422
C 67.25050 81.69360 4.13227
C 63.99500 81.62700 4.43455
C 64.35690 85.58740 5.89398
C 74.02590 71.60690 4.57752
C 71.44540 73.22890 4.71189
C 70.61650 76.53720 3.96519
C 68.52800 74.30890 5.15220
C 70.62010 79.79530 3.61314
C 70.85350 82.97340 3.74761
C 71.71580 89.35060 4.76790
C 68.25980 89.46350 4.93569
C 65.45710 91.21570 6.18958
C 70.85170 92.46610 4.71674
C 67.61240 93.34260 5.47193
C 64.60630 94.23970 5.79719
C 61.49660 95.06750 6.09743
C 72.92600 94.71760 3.95128
C 49.62420 79.75470 6.17175
C 52.80630 81.01270 5.45232
C 49.44370 82.85620 6.35044
C 59.21560 81.81910 5.08538
C 55.56620 82.62830 6.37502
C 52.29380 84.22050 6.67591
C 49.35410 86.18020 6.45311
C 58.05410 84.31150 7.12221
C 55.08680 85.60410 7.13555
C 52.22680 87.39320 7.17827
C 55.14670 88.87730 7.78404
C 62.92620 73.38690 4.64218
C 59.79670 72.70090 4.67087
C 56.59160 72.17860 4.62915
C 53.28980 71.89650 4.25324
C 61.25600 75.71890 4.72225
C 58.01860 75.56950 4.86618
C 73.70240 74.99650 4.12323
C 89.40520 2.06461 -3.24217
C 93.68990 4.81701 -3.73724
C 90.09190 4.84250 -1.24700
C 95.04340 7.77577 -4.01383
C 82.44110 0.19852 -2.44170
C 79.21990 0.90010 -1.83919
C 78.43060 4.16675 -0.88401
C 75.88810 5.45381 0.06301
C 74.70090 8.82744 0.59185
C 71.27040 9.96956 -2.78166
C 73.98540 14.59860 -1.75362
C 76.27800 16.48910 -0.25085
C 77.16480 19.61870 -0.03834
C 86.32520 1.92072 -1.92708
C 83.13580 3.05289 -0.76387
C 81.37510 5.27947 -1.98237
C 85.83870 5.39701 -2.28788
C 80.20550 8.28455 -1.95079
C 77.21270 9.29885 -1.67095
C 92.39740 7.62713 -2.48438
C 88.48380 7.41490 -2.24670
C 76.80060 12.49530 -1.71961
C 95.06570 9.40084 -2.53780
C 79.29310 14.42670 -1.87251
C 0.98982 11.37550 -4.33974
C 81.04170 16.93610 -0.38360
C 0.13006 14.84710 -2.98236
C 80.17950 20.33120 -1.66539
C 95.19070 18.23830 -2.24031
C 92.49170 18.35860 -1.45443
C 89.39810 19.59040 -1.77991
C 86.19290 21.09590 -0.65783
C 0.66869 19.97810 -2.31386
C 95.77470 22.99700 -2.32418
C 0.76226 -0.44095 -3.77755
C 94.53780 -0.65004 -3.79118
C 91.24850 -0.73635 -3.59733
C 87.82870 -0.76344 -3.01337
C -1.15576 2.08968 -3.96730
C 92.69960 1.90297 -3.71728
C 0.13171 5.19211 -4.14850
C 80.30290 95.30300 -1.88983
C 77.12580 95.89740 -0.87403
C 74.19480 -0.62302 0.03363
C 76.17760 1.74066 -0.99461
C 73.43340 2.71248 0.09212
C 73.86600 18.99040 -0.49747
C 74.89830 21.99090 -0.29822
C 82.90190 6.59997 -1.78429
C 85.56800 8.71717 -2.15640
C 82.71660 9.97007 -2.00417
C 79.75150 11.30170 -1.88894
C 90.36930 9.67151 -2.76611
C 87.88320 10.88540 -2.31977
C 85.11900 12.16090 -2.08361
C 82.35920 13.18660 -2.06836
C 92.40940 12.30670 -3.02883
C 90.57310 12.98970 -2.30422
C 87.58410 14.27740 -2.03135
C 84.40830 15.54280 -1.68009
C 93.17260 15.26880 -1.87137
C 90.18670 16.40410 -1.85146
C 87.00460 17.47970 -1.79275
C 83.86100 18.75710 -1.53073
H 89.71690 0.04320 -1.84435
H 91.32700 2.73232 -1.79541
H 88.42800 2.94057 -1.05555
H 95.50550 5.94954 -2.41981
H 92.40490 5.62717 -1.76120
H 85.51070 95.19690 -1.29119
H 84.31750 0.87506 -0.93691
H 81.32130 1.40892 -0.47517
H 78.24800 2.31786 -0.13020
H 77.96130 5.05210 1.58266
H 74.48970 6.61570 1.78632
H 75.80190 13.98230 -0.22018
H 77.09280 17.83380 1.69017
H 78.22340 20.78300 2.01975
H 85.40040 3.89624 -0.70206
H 82.44280 5.23907 0.23542
H 79.59180 6.47917 -0.76070
H 87.93700 6.01382 -0.90432
H 76.23130 10.75590 0.06820
H 90.48310 8.08509 -0.91341
H 78.75990 12.69270 -0.19766
H 0.63289 9.61744 -2.32142
H 92.71300 10.13780 -1.94338
H 78.67200 15.98450 -0.36482
H 79.58820 18.97620 -0.10691
H 95.06410 15.71990 -1.67358
H 82.74440 19.70940 0.60861
H 80.61080 21.88840 0.43327
H 94.48590 18.08270 0.23328
H 91.51820 19.54070 -0.18235
H 88.66660 20.80900 -0.06248
H 0.31387 17.84670 -0.97568
H 95.78770 20.58680 -1.28684
H -0.87082 0.40479 -2.23144
H 92.98320 0.11162 -2.08132
H 0.45234 3.27135 -2.52278
H 94.33470 2.95886 -2.24601
H 74.27920 95.10860 1.92668
H 82.37230 95.81330 -0.69946
H 79.25580 -0.83146 -0.00299
H 76.21300 0.06158 0.83981
H 73.33510 0.90354 1.82852
H 75.37530 3.19703 0.98509
H 74.15820 16.92490 0.81461
H 75.17210 20.09080 1.29628
H 76.90130 7.69334 0.25283
H 85.00340 7.01477 -0.51852
H 82.07250 8.33005 -0.34253
H 79.17540 9.65451 -0.18490
H 87.48720 9.12937 -0.69835
H 84.63390 10.32440 -0.58773
H 81.70440 11.51680 -0.45765
H 89.87270 11.19340 -0.92150
H 87.00840 12.35970 -0.58568
H 84.08470 13.49970 -0.38709
H 81.31740 14.49060 -0.30002
H 92.44360 13.16520 -0.56592
H 89.50780 14.45500 -0.52772
H 86.47330 15.56740 -0.27362
H 83.51830 16.67180 -0.13666
H 91.89250 16.40940 -0.07385
H 88.91440 17.66560 -0.20025
H 85.92610 18.68210 -0.09969
C 89.79910 1.80721 0.05477
C 94.17350 4.76130 -0.56781
C 90.80970 5.02149 1.14797
C 95.19890 7.72525 -0.74162
C 83.23650 0.23482 0.82909
C 80.09500 1.22503 1.25662
C 78.16900 3.34356 3.36623
C 76.93760 6.66719 2.65454
C 74.55370 8.86258 2.74189
C 72.42150 9.21092 3.22159
C 74.17390 12.12620 0.22499
C 76.12540 15.59810 1.60145
C 76.47370 19.44660 3.38369
C 86.42970 1.84211 0.11693
C 83.62040 3.39997 1.07305
C 80.43950 5.36137 1.45249
C 86.30450 5.48978 0.94196
C 80.24360 8.00273 1.20296
C 77.67090 9.63962 1.75389
C 91.86400 6.67243 0.52817
C 88.85870 7.69819 0.75653
C 77.01040 12.61520 1.49828
C 0.05090 8.46268 -0.09640
C 79.48380 14.40850 1.41600
C 2.25356 11.00630 -1.02235
C 78.98810 17.30100 1.92783
C -0.30324 13.68350 -1.33622
C 80.62080 19.92610 2.06725
C 95.13210 15.71960 0.95161
C 92.41050 18.05160 1.69334
C 89.42990 19.48020 1.50990
C 86.36100 20.74000 1.19501
C -0.37965 19.42920 0.84254
C 95.32780 22.26500 0.75162
C 0.82234 -0.38101 -0.64799
C 94.70430 -0.77322 -0.59544
C 91.50040 -0.86617 -0.42307
C 87.48830 -0.73973 -1.10306
C -0.91161 2.28456 -0.72145
C 93.16780 1.83265 -0.38697
C 0.37159 5.19033 -0.93075
C 81.01410 95.35480 1.27450
C 77.98800 -1.07923 2.12160
C 75.13170 -0.26271 3.04108
C 77.29860 2.03222 2.13797
C 74.23080 2.79922 3.21074
C 73.81450 18.52220 2.63042
C 74.78110 21.90360 2.94461
C 83.30140 6.92589 1.31263
C 85.74610 8.82094 0.97850
C 82.88110 10.07820 1.08207
C 80.04800 11.35700 1.28925
C 91.50560 9.81447 0.31204
C 88.29520 10.86750 0.83091
C 85.29050 11.99320 1.05595
C 82.42180 12.99680 1.30492
C 94.02360 11.66720 -0.16433
C 90.67430 12.72350 0.87148
C 87.71360 13.93590 1.12083
C 84.71340 15.06610 1.35287
C 93.13710 14.93970 1.13730
C 89.94570 16.02130 1.29034
C 87.15570 17.22650 1.46531
C 84.14370 18.39630 1.71926
C 82.23140 47.59250 0.33252
C 91.51780 45.49170 -1.74489
C 0.92937 47.01520 -2.56815
C 84.98850 24.28050 -0.92485
C 81.65200 23.96890 1.20166
C 89.83700 26.20560 -1.53543
C 86.71040 27.02890 -1.23784
C 80.35920 27.45110 0.06429
C 88.91230 29.34720 -1.23089
C 79.20220 30.91650 -0.45041
C 91.02890 31.70240 -1.22788
C 78.15320 34.09230 -0.50393
C 92.99520 34.05690 -1.27357
C 80.24970 36.46830 -0.77139
C 95.04440 36.45310 -1.30490
C 82.41710 38.91730 -0.98768
C 84.69230 41.26330 -1.05142
C -0.68914 41.74190 -1.52385
C 93.00290 42.55570 -1.46223
C 89.59850 43.30200 -1.09561
C 86.44570 44.08490 -0.27779
C 84.19070 44.64800 -0.20737
C 95.62940 44.81190 -1.58291
C 78.19970 22.64920 0.25746
C 79.24560 25.58420 0.13817
C 77.09700 28.25630 -0.41455
C 75.63330 31.08160 -1.60063
C 74.08430 34.40420 -2.18211
C 77.17860 36.82580 -0.45330
C 79.23050 39.53300 -0.78246
C 81.20730 42.42620 -0.52987
C 79.67030 45.60990 -0.60821
C 82.81480 21.82880 -0.86155
C 88.76510 23.44030 0.18365
C 93.48680 25.57680 -1.19206
C 89.64010 24.03440 -1.68122
C 92.15820 28.76950 -1.32499
C 94.36300 31.20990 -1.19006
C -0.52479 33.63340 -1.02249
C 83.56960 27.25620 -0.66042
C 85.60800 29.88000 -1.02077
C 82.26720 30.33210 -0.64505
C 87.73390 32.39850 -1.20746
C 84.63120 32.87350 -0.95054
C 81.38330 33.23640 -0.69673
C 89.88130 34.77870 -1.30771
C 86.64640 35.18930 -1.15466
C 83.48340 35.81630 -1.06107
C 91.96920 37.14080 -1.27936
C 88.84280 37.87390 -1.20521
C 85.77550 38.30130 -1.04272
C 0.48073 38.87570 -1.20780
C 94.08190 39.60360 -1.33763
C 90.86590 40.26890 -1.30581
C 87.84280 40.70360 -1.12221
C 75.94460 24.99730 -0.32545
C 74.22340 37.09270 -0.30068
C 75.81770 39.73020 -0.56122
C 77.48150 42.55150 -0.90071
C 74.31610 42.49230 -0.55248
C 76.05060 45.35530 -0.74300
C 0.45731 25.44140 -1.68477
C 95.65780 28.28830 -1.35039
C 0.70333 30.93600 -0.93719
H 84.67570 47.02020 0.37137
H 93.73780 46.02000 -0.72367
H 86.67030 24.87020 0.25012
H 83.68360 25.43710 1.17135
H 88.58790 27.44960 0.32011
H 82.43620 28.58790 1.16005
H 79.00050 29.24270 0.92270
H 90.67710 29.87330 0.41645
H 80.07210 34.63320 0.79640
H 94.76020 34.68980 0.31246
H 82.19140 37.02370 0.65890
H -0.23229 37.12420 0.32037
H 84.32710 39.39570 0.55632
H -1.06631 40.09980 0.28160
H 83.45770 42.49860 0.44030
H 94.90320 43.08870 0.05786
H 91.65470 43.85210 0.11484
H 88.59710 44.35570 0.91437
H 85.49150 44.51810 2.02300
H 79.16180 24.01470 2.16484
H 77.20660 26.31400 0.89693
H 75.05730 28.71020 1.08982
H 75.70910 33.28150 -0.59411
H 77.10860 35.24000 1.41030
H 79.01570 37.71090 0.91508
H 81.19380 40.13490 0.50425
H 79.09970 43.44900 0.24338
H 84.60730 22.40640 0.75711
H 94.15400 23.21850 -0.52612
H 91.71960 26.89860 -0.13075
H 94.03640 29.25860 0.35884
H -0.98284 31.79710 0.57530
H 85.52700 28.07670 0.66202
H 87.46380 30.52660 0.35428
H 84.24920 31.06260 0.65151
H 81.08200 31.57640 1.09270
H 78.06080 32.37100 1.40942
H 92.79640 32.29620 0.37043
H 89.55280 32.91040 0.32578
H 86.43870 33.50070 0.55265
H 83.20820 34.09260 0.70839
H 91.65930 35.35610 0.31549
H 88.47040 35.94400 0.23781
H 85.29020 36.43270 0.53639
H 93.75180 37.78540 0.27939
H 90.60650 38.40210 0.21204
H 87.51940 38.96940 0.53012
H 92.67140 40.79180 0.22534
H 89.60630 41.40710 0.43268
H 86.53370 41.82500 0.65448
H 76.15580 23.22650 1.43070
H 74.01600 25.64600 1.15603
H 74.15730 35.15290 1.32432
H 75.88110 38.03790 1.22373
H 77.61720 40.65050 0.84807
H 74.29660 40.72240 1.15156
H 75.99370 43.46920 0.93108
H 0.31296 23.38250 -0.37334
H 95.67980 26.12530 -0.07890
H 0.35879 28.87480 0.45483
C 84.18590 46.32920 2.88648
C 92.46880 45.76730 1.46207
C -0.25852 48.70280 0.48526
C 85.52510 24.01750 2.44938
C 81.21200 24.03030 3.37988
C 90.09990 25.99840 1.62351
C 87.01070 26.73940 2.10301
C 80.65340 27.62050 2.14598
C 88.85450 29.30980 1.94343
C 79.49440 30.77250 2.82686
C 91.01080 31.72170 1.93039
C 78.77120 34.09390 2.85184
C 93.00430 34.13020 1.94712
C 80.51040 36.43210 2.34218
C 94.99050 36.50080 1.88772
C 82.51830 38.92380 2.21531
C 84.68850 41.26940 2.17548
C -0.44703 42.07060 1.77538
C 93.28370 42.70750 1.67463
C 90.17440 43.21680 2.02508
C 87.14780 44.06200 3.00151
C 83.93560 42.90260 2.91727
C -0.27782 44.82220 0.19219
C 77.52450 22.77660 3.46758
C 77.94690 25.81580 3.21887
C 77.08080 28.71510 1.48551
C 74.75890 31.02380 0.24726
C 75.74170 33.27470 1.97230
C 77.51820 37.16300 2.82981
C 79.45880 39.69390 2.30160
C 81.15910 42.54490 1.29673
C 79.73920 45.68440 1.36776
C 83.34390 21.64780 2.28793
C 92.47350 21.75700 -0.61538
C 93.42670 25.26530 0.66725
C 90.93980 26.96670 3.24901
C 92.08110 28.40120 1.81768
C 94.13120 30.80280 1.90205
C -0.98008 33.69080 2.14900
C 84.03680 27.15070 2.51693
C 85.85950 29.90680 2.15473
C 82.72690 30.41900 2.54210
C 87.91070 32.26670 1.99712
C 84.79310 32.88680 2.21683
C 81.52140 33.47220 2.41625
C 89.86560 34.70570 1.87852
C 86.87000 35.37250 2.02268
C 83.64430 35.91310 2.31911
C 91.97200 37.15170 1.83463
C 88.98850 37.63660 1.93101
C 85.80930 38.27810 2.11175
C 1.06150 39.08030 0.92120
C 94.11080 39.63790 1.86577
C 91.01920 40.13090 1.87671
C 88.05530 40.71310 2.19129
C 75.94020 25.30070 2.69945
C 74.29890 37.13700 2.83151
C 76.08430 40.01330 2.66448
C 77.96290 42.69460 2.28532
C 74.36180 42.69620 2.60837
C 76.01980 45.35280 2.54199
C -0.09313 25.02540 1.47300
C 95.47520 27.82220 1.79065
C 0.31490 30.56560 2.26046
C 88.35680 46.40110 -0.45920
C 85.54950 48.19120 -1.36166
C 82.42570 49.56870 0.22554
C 79.68580 51.40050 0.80275
C 77.09770 53.09030 -0.21855
C 94.04470 47.67410 -1.70918
C 76.66590 56.30640 0.57260
C 74.22160 57.46870 3.88569
C 76.54030 59.46900 0.83123
C -0.26414 52.09230 -1.72271
C 93.89400 53.67990 -1.58436
C 90.90510 55.16080 -1.61959
C 87.69120 56.36840 -1.72626
C 76.66940 62.84340 0.83322
C 87.19750 59.98000 -1.88209
C 85.45700 61.24630 -1.03314
C 79.16580 64.51770 0.26049
C 84.54660 64.25120 -1.59736
C 82.10100 66.38650 0.13297
C 85.69800 67.69190 -1.29836
C 77.90260 48.47280 0.06102
C 75.92260 51.35470 -0.41929
C 81.65870 69.93110 -0.40837
C 79.51350 67.89280 1.18958
C 76.53730 66.38710 1.99154
C 74.22290 63.94160 3.25929
C 0.01636 55.69330 -1.03274
C 93.81380 56.73870 -1.76958
C 92.81690 59.67660 -2.24229
C 91.53040 62.59620 -2.56294
C 90.59360 65.97180 -3.54033
C 87.63400 64.74980 -1.86696
C 88.91320 69.01980 -3.39384
C 90.54810 71.81330 -2.24728
C 91.23060 48.68700 -1.39463
C 88.29240 50.16690 -1.26613
C 85.47960 51.68040 -1.09505
C 82.30790 52.83120 -0.32213
C 79.70440 54.76020 -0.21769
C 93.97570 50.60160 -1.45774
C 91.10700 51.92340 -1.38867
C 88.17870 53.31090 -1.33565
C 85.20700 54.72380 -1.12431
C 82.36380 56.22370 -0.64286
C 79.40220 57.98420 -0.12903
C 84.76780 57.87750 -1.36470
C 82.23870 59.57130 -0.79187
C 79.30840 61.20590 0.03403
C 81.92200 62.70640 -0.68831
C 74.70840 48.21750 -0.43393
C 76.40800 69.63260 1.20607
C 95.82210 58.99380 -2.27327
C 0.88789 61.49270 -2.52758
C 94.68240 62.12950 -2.55276
C -0.19885 64.53610 -3.02071
C 93.60910 64.98960 -3.03731
C 95.58670 67.60350 -3.36709
C 92.23510 68.37770 -3.32606
C 0.47173 70.00260 -3.80504
C 94.30760 70.74400 -3.67201
H 83.28220 48.65590 2.52024
H 90.72190 46.93190 0.19928
H 87.53180 48.60370 0.20084
H 82.05260 51.47330 1.73448
H 78.96680 53.07350 1.40131
H 76.22040 54.68250 1.68457
H 0.91530 46.95700 -0.16135
H 76.23780 57.69660 2.72793
H 95.90430 50.57320 0.17496
H 92.99020 52.12690 0.23106
H 76.19720 60.94140 2.56300
H 92.79730 55.30460 0.03614
H 89.83580 56.55620 -0.34203
H 87.05150 58.00320 -0.38633
H 76.31800 64.07960 2.98864
H 88.33050 60.84690 0.29175
H 81.46780 64.24180 1.22127
H 78.95160 65.80370 2.27309
H 86.59090 63.29360 -0.50022
H 84.58180 65.92040 -0.01218
H 77.47930 46.22110 0.72204
H 75.85770 49.67640 1.44142
H 84.92330 70.13630 -0.95338
H 83.05810 68.48100 1.03703
H 80.39100 70.03350 1.83468
H 77.60750 68.46090 2.72497
H 74.86910 70.14580 3.20362
H 95.64300 53.76490 -0.22169
H 95.44710 57.44560 -0.41872
H 92.39280 58.23740 -0.27158
H 91.42180 60.98750 -0.63843
H 89.91150 63.70700 -0.89465
H 89.27000 66.63330 -2.22183
H 90.92390 69.39880 -1.84197
H 87.67330 69.30690 -1.54078
H 84.81980 50.13210 0.11743
H 93.10470 49.01840 0.19089
H 90.28520 50.28160 0.26307
H 87.44670 51.78850 0.42904
H 84.54640 53.24680 0.65689
H 81.76040 54.70830 1.20065
H 78.96320 56.23940 1.59063
H 90.13830 53.53430 0.17050
H 87.24670 54.92960 0.23455
H 84.46960 56.38940 0.55775
H 81.63750 57.92580 0.97570
H 78.88270 59.44320 1.78291
H 84.36080 59.58930 0.32727
H 81.57800 60.99730 1.06933
H 78.91710 62.65790 1.95061
H 84.06550 62.75470 0.34063
H 74.30070 46.18300 0.95442
H 0.61138 59.81040 -0.77851
H 94.57920 60.48870 -0.76204
H -0.51383 62.97520 -1.12629
H 93.27120 63.47010 -1.03389
H 95.34770 65.95770 -1.57610
H 92.29080 66.48370 -1.66597
H 0.42900 68.39550 -1.86732
H 94.20960 68.96560 -1.87442
H -0.79632 71.56420 -2.37193
C 88.65470 46.79680 1.50660
C 85.77030 48.73540 1.91210
C 82.96250 50.21350 3.82421
C 80.03230 51.04870 2.66858
C 77.28820 52.85240 3.20742
C 94.20840 47.23890 1.41218
C 77.40060 56.09390 3.60281
C 74.71090 58.62060 5.29233
C 77.71740 59.28770 4.01813
C -0.21244 52.41560 1.58523
C 93.95860 53.90500 1.66887
C 90.90200 55.45160 1.58208
C 88.12150 56.79320 1.52635
C 77.61670 62.63630 4.09266
C 90.00130 59.03060 -0.11132
C 85.95680 61.33490 0.91015
C 80.26020 64.15600 3.42546
C 85.56160 64.41690 1.42686
C 82.88420 66.14720 1.86735
C 85.47220 68.20430 0.59262
C 77.60260 48.62030 1.94068
C 75.95040 51.32170 3.38142
C 82.66930 69.75420 2.83266
C 79.98330 67.93250 3.04615
C 77.10480 66.33220 3.82209
C 73.94380 61.77680 3.39036
C -0.17510 55.71320 0.73512
C 93.80700 57.05110 1.41224
C 92.99730 60.20600 1.10719
C 91.68660 62.97710 0.85248
C 90.55380 66.00410 -0.00111
C 88.81450 62.44810 -0.03711
C 89.14800 68.47060 -0.33098
C 91.19590 71.33710 -0.32984
C 91.26310 48.71980 1.85615
C 88.53940 50.13520 1.91433
C 85.64650 51.53480 2.01172
C 83.06120 53.19200 2.74024
C 80.07770 54.56230 3.02948
C 94.00730 50.56360 1.87192
C 91.15630 52.00490 1.80817
C 88.33730 53.45720 1.90485
C 85.67510 54.85880 2.09246
C 82.95470 56.40130 2.49717
C 80.24800 57.71870 2.96597
C 85.71680 58.08250 1.71798
C 83.04410 59.45410 2.33156
C 80.27640 60.94060 3.15473
C 82.83680 62.62860 2.42776
C 74.14700 48.06250 2.63904
C 77.07540 70.14620 4.45410
C 95.90950 59.42020 0.99407
C 0.78967 61.84610 0.60460
C 94.87030 62.49010 0.62060
C -0.14117 65.02120 0.14898
C 93.65910 65.53670 0.18961
C 95.69690 67.99120 -0.13678
C 92.55220 68.46090 -0.18001
C 0.75013 70.51030 -0.68504
C 94.68490 70.95610 -0.45802
C -0.48268 94.06210 -3.75305
C 93.07800 93.90690 -3.83194
C 89.93930 93.66930 -3.59943
C 0.30825 77.91450 -5.81136
C 93.74320 78.01570 -6.25186
C 89.47910 79.13280 -4.15231
C 87.18880 82.12670 -3.62529
C 86.65450 85.32770 -4.58266
C -0.07354 88.94510 -4.00679
C 93.60940 88.78960 -4.10069
C 86.90920 88.43990 -3.84764
C 91.54510 91.24370 -3.70174
C 73.73800 87.77750 1.39906
C 83.37140 88.59520 -3.69387
C 78.79470 89.92340 -1.01365
C 84.44900 91.73450 -2.80327
C 86.44380 93.87670 -3.31803
C 83.36890 94.53340 -2.61486
C 89.72270 75.75690 -2.08569
C 86.68400 71.74250 -1.76595
C 82.99330 69.90340 -2.18414
C 85.76460 75.20840 -2.79710
C 86.03770 78.67760 -3.26527
C 84.32550 80.76550 -1.50570
C 83.75990 83.26890 -3.51793
C 81.55630 85.40800 -2.53071
C 80.53600 87.88800 -1.05276
C 76.53140 86.13670 -0.11048
C 73.80800 84.42330 0.44983
C -0.41662 73.33890 -4.05618
C 93.41700 72.54480 -4.26211
C 93.71540 75.94570 -6.37718
C 95.41250 81.12960 -5.43984
C 92.20430 80.37850 -5.13917
C 0.16307 83.51500 -4.92413
C 93.82840 83.21750 -4.84311
C 90.57860 82.80650 -4.64290
C 95.35180 86.21600 -4.50510
C 92.08010 85.82960 -4.45650
C 88.71600 85.36910 -4.26881
C 90.19040 88.44570 -3.93493
C 88.16740 91.19910 -3.52195
C 75.88190 90.32610 0.03717
C 72.99170 91.33860 0.72005
C 81.22260 92.12130 -1.93478
C 77.95190 92.86820 -0.86056
C 74.95430 93.69520 0.01467
C 84.14620 73.79860 -1.07590
C 81.38900 72.95550 -0.31787
C 78.89250 71.36650 0.51875
C 83.98000 77.30090 -1.75231
C 81.45840 75.94810 -0.68202
C 78.82620 74.48380 0.21169
C 76.15990 72.92950 0.79655
C 81.39480 78.90690 -1.22789
C 78.78860 77.61530 -0.23927
C 76.19310 76.22890 0.48512
C 81.33050 82.04100 -1.83754
C 78.87890 80.77570 -0.71421
C 76.27240 79.44540 0.11750
C 73.49050 77.78780 0.66973
C 78.90600 83.96980 -1.24547
C 76.27490 82.55580 -0.15567
C 73.56020 81.13770 0.46640
H -0.40007 92.19620 -1.85703
H 93.34920 92.03510 -1.98468
H 91.56660 94.70680 -2.09830
H 88.41020 94.49920 -1.95101
H -0.07884 75.90190 -4.11071
H 95.60400 78.70300 -4.68912
H 92.59810 78.17540 -3.89599
H 90.23450 78.26600 -1.83362
H 87.94720 80.07160 -2.56831
H 85.69970 83.95530 -2.81848
H 87.36610 86.40070 -2.49827
H 95.11900 89.45990 -2.09731
H 91.91940 89.26170 -2.30133
H 88.64710 89.13160 -2.14181
H 85.41990 88.75680 -2.09680
H 90.00780 91.85660 -1.89145
H 79.11760 88.21780 0.95154
H 76.01250 88.81720 1.67014
H 72.89300 89.74400 2.58883
H 82.67900 90.11440 -2.27629
H 80.84310 90.67880 0.03842
H 86.73190 91.75070 -1.94936
H 87.74770 74.07710 -1.66660
H 85.88660 72.80890 0.51424
H 87.54580 76.94360 -2.31706
H 85.64040 78.77230 -0.79913
H 82.67830 80.68410 -0.36941
H 82.88740 83.80040 -1.17083
H 82.78890 87.03150 -1.78231
H 80.36750 85.62520 -0.32855
H 77.66670 84.33810 0.88448
H 75.10290 85.86780 1.92969
H 92.96760 71.85980 -1.92070
H 1.46669 73.83990 -2.37269
H 94.53860 74.30380 -2.90809
H 90.77480 73.83430 -0.81200
H 94.77010 94.83220 -2.22788
H 0.17101 81.34540 -3.69264
H 93.90100 81.07420 -3.51671
H 90.83620 80.88150 -3.16642
H 95.41690 84.04080 -3.29096
H 92.19330 83.76840 -3.08919
H 89.02950 83.47210 -2.87029
H -0.03779 86.82960 -2.68160
H 93.62380 86.66850 -2.77874
H 90.44040 86.34710 -2.70844
H 78.04040 91.19500 0.92051
H 75.14530 91.97200 1.76786
H 83.28900 92.78460 -0.86117
H 80.20890 93.52420 -0.14700
H 77.16500 94.26900 1.00085
H 82.87050 71.53360 1.02381
H 85.34300 75.82230 -0.44024
H 82.78950 74.59360 0.83065
H 80.12030 73.13280 1.80403
H 77.40340 71.59640 2.47184
H 82.81170 77.68350 0.41627
H 80.10190 76.29760 1.32989
H 77.25870 74.69590 2.10514
H 74.54570 73.17910 2.64704
H 80.16560 79.36000 0.84541
H 77.38560 77.97290 1.75607
H 74.62290 76.40510 2.39282
H 80.18670 82.53170 0.27680
H 77.55210 81.10800 1.37313
H 74.69100 79.53990 1.97742
H 74.88210 82.73500 1.89074
C -0.59280 93.86810 -0.56690
C 93.24840 93.64070 -0.60923
C 90.07450 93.75790 -0.34117
C 1.46466 76.12940 -3.37952
C 94.64560 76.81070 -3.24119
C 89.76130 80.60270 -0.96583
C 87.21630 82.28580 -1.81001
C 85.01590 86.26170 -2.00762
C 0.02531 88.30050 -0.67030
C 93.69060 88.28310 -0.78613
C 87.17320 87.92390 -0.55519
C 91.67180 90.82020 -0.40323
C 74.38000 87.82710 3.20589
C 82.27000 88.80820 -0.17680
C 79.81260 89.99180 2.23468
C 84.67620 90.78240 -0.90407
C 87.07240 93.40370 -0.21883
C 84.32250 94.71210 0.43466
C 89.88470 74.28830 1.43891
C 88.49390 72.99380 0.51855
C 85.33560 71.12080 1.43033
C 87.65730 76.01110 0.03761
C 88.04490 78.63950 -0.55867
C 85.06510 80.78560 0.23917
C 85.00540 83.90170 -0.33344
C 82.72490 85.72210 0.28615
C 80.52320 86.43640 2.04140
C 77.33190 86.71450 1.68720
C 74.43820 84.30750 3.72277
C -0.75125 73.67120 -1.12966
C 92.80430 74.27600 -1.28902
C 92.81630 75.68960 -4.25039
C 95.67720 79.79470 -2.41017
C 92.52180 79.50680 -2.03530
C 0.03890 82.90750 -1.79237
C 93.98950 82.67050 -1.74395
C 90.70590 82.65990 -1.42866
C 95.29080 85.59960 -1.31667
C 92.14870 85.36720 -1.23025
C 88.92470 85.13930 -1.11463
C 90.40870 87.95840 -0.84072
C 88.44060 90.73760 -0.35085
C 76.76090 90.38920 2.91772
C 73.88110 91.69610 3.84762
C 82.01620 92.49990 1.19591
C 79.04640 93.12220 2.04466
C 76.05380 93.86090 3.13443
C 85.05840 74.85630 1.74902
C 82.39800 73.19830 2.80163
C 79.61300 71.51690 3.62100
C 85.11130 77.59890 1.23303
C 82.31800 76.43110 2.43249
C 79.41170 74.95730 3.29753
C 76.55470 73.31590 4.00347
C 82.36410 79.67910 1.77771
C 79.54560 78.11950 2.87294
C 76.72690 76.58180 3.63920
C 82.51820 82.63100 0.97894
C 79.74760 81.28640 2.33281
C 76.78480 79.80260 3.29013
C 73.73620 78.23220 3.87707
C 79.92170 84.47930 1.80090
C 77.10810 83.06640 2.84341
C 74.01290 81.25920 3.68733
