2979
Frame 142
C 12.74230 95.53620 -1.93954
C 13.94200 1.11392 -1.55881
C 11.98760 3.15859 -2.93006
C 10.88880 6.40200 -3.50457
C 8.38374 9.37168 -3.41316
C 4.54173 8.81204 -4.32756
C 2.56640 8.83552 -5.01133
C 23.85160 0.35421 0.27648
C 22.00630 4.13250 0.88212
C 24.68350 5.72259 -0.93759
C 24.70750 11.72840 -0.58338
C 19.39520 0.74709 -1.42602
C 15.97530 -1.06427 0.04971
C 19.18870 3.86909 -0.98486
C 22.84280 8.45820 -0.99014
C 19.71490 7.51850 -1.08520
C 13.84280 4.71004 -0.97018
C 23.21740 12.89000 -1.32862
C 14.54640 8.27162 -1.58145
C 22.94820 16.30550 -0.83202
C 11.97220 10.14410 -1.84839
C 22.97630 19.65290 -0.26038
C 12.63340 13.41250 -1.40203
C 9.56801 12.58650 -2.06291
C 22.97820 22.70770 0.05149
C 14.51110 17.97120 -0.32398
C 11.27240 16.02830 -0.12340
C 14.43230 21.40470 0.94900
C 20.44700 -1.07086 -1.18087
C 5.67472 10.84360 -1.91378
C 6.50902 14.10800 -1.07340
C 3.49930 14.16720 -1.58958
C 8.12880 16.65650 -0.58933
C 2.25734 17.09420 -1.62216
C 9.77050 19.17910 -0.13440
C 11.27750 21.93450 0.34151
C 9.35731 95.06980 -2.94821
C 10.86850 0.56949 -2.82638
C 7.66657 0.08287 -3.67690
C 4.03928 0.00006 -4.01406
C 8.85108 2.94699 -3.86073
C 5.62402 2.88971 -4.27343
C 2.28016 2.66550 -4.17080
C 6.82349 5.64298 -4.50377
C 3.38813 5.45916 -4.50568
C 16.48020 2.73206 -1.21202
C 16.87720 6.05455 -0.97537
C 20.36780 10.89380 -0.25025
C 17.33200 9.50088 -0.98461
C 20.29850 14.57570 -0.80947
C 17.76050 12.68390 -0.66873
C 14.90360 11.50450 -1.18411
C 20.22070 18.16870 -0.22894
C 17.57460 16.37190 -0.30217
C 15.01370 14.72350 -0.78382
C 20.22570 21.42070 0.07041
C 17.56590 19.55460 0.00479
C 5.00552 16.99130 -0.96445
C 6.61918 19.56380 -0.53412
C 3.43479 19.82580 -0.87242
C 8.20074 22.14060 -0.05692
C 5.03178 22.40620 -0.52803
C 1.47482 22.66640 -0.76270
H 13.40410 -0.67589 0.18821
H 11.69780 1.77495 -0.81697
H 10.29950 4.26979 -2.37097
H 8.47953 6.90711 -2.84542
H 2.13825 6.39803 -2.58780
H 3.95477 9.19496 -1.87595
H 22.59370 1.86028 1.99591
H 24.48660 4.07074 0.90786
H 22.88880 6.48880 0.66857
H 24.11760 9.44114 0.54622
H 25.14230 15.51480 0.50198
H 20.05520 2.54681 0.42117
H 17.32790 0.96999 0.20407
H 20.02670 5.67953 0.60584
H 14.52720 2.55582 0.41162
H 15.04950 6.47842 0.12531
H 21.37080 13.05280 0.38721
H 12.44700 8.29859 -0.64715
H 23.76790 18.05410 0.86238
H 21.18300 16.24810 0.97960
H 9.85603 10.63650 -0.32404
H 24.01150 21.04420 1.60964
H 10.35560 13.73990 -0.25570
H 12.91620 17.78080 0.74512
H 9.61132 17.30710 1.26011
H 21.88560 -1.01451 0.76624
H 1.44287 12.77060 -2.14219
H 7.23929 12.35540 -0.87128
H 4.01066 12.08660 -0.35893
H 7.80374 14.72100 1.09880
H 6.42454 17.63600 0.90612
H 11.11160 19.98610 2.03793
H 7.97589 20.20850 1.43740
H 10.56720 -1.25924 -1.19523
H 7.39772 95.98310 -1.80473
H 4.24798 95.69660 -2.29401
H 1.07043 95.27070 -2.67559
H 8.80103 1.38596 -1.94782
H 5.71508 1.09061 -2.60250
H 2.44715 0.87130 -2.48134
H 7.04550 3.98477 -2.64653
H 3.92918 3.80002 -2.75222
H 5.27971 6.63196 -3.17336
H 17.25930 4.20825 0.70679
H 20.98660 8.69232 0.69766
H 17.85570 7.70781 0.61557
H 18.14870 10.86430 0.87591
H 15.30680 9.62425 0.38985
H 18.46160 14.45090 1.00340
H 15.70780 12.85390 0.69158
H 12.82390 11.49170 0.11086
H 21.15180 19.63410 1.50775
H 18.46710 17.84940 1.50054
H 15.59550 16.15140 1.17025
H 13.05820 14.58960 0.65602
H 18.38700 21.11350 1.69624
H 15.57780 19.32140 1.57364
H 4.71888 14.97100 0.40072
H 1.64277 15.11690 -0.27729
H 3.29791 17.78930 0.46124
H 4.84138 20.44850 0.85245
H 1.63479 20.55380 0.58278
C 11.53120 95.80020 1.10775
C 12.55780 1.38699 1.43168
C 10.65520 3.78547 0.03482
C 10.78020 6.59120 -1.58129
C 8.51108 9.03408 -1.34263
C 4.33956 7.85116 -0.15668
C 1.67464 8.36454 -2.73759
C 23.59380 0.17093 2.00259
C 23.72940 2.91425 4.00215
C 24.44440 5.95143 2.57748
C 24.49060 11.55940 1.98494
C 19.00220 0.70464 2.08260
C 15.03360 -1.17563 1.91483
C 18.97270 4.08119 2.30934
C 22.75790 8.30735 2.41131
C 19.62050 7.47311 2.36253
C 13.42450 4.66590 0.79813
C 23.10290 13.07010 2.15332
C 13.80260 8.06578 1.59788
C 23.20970 15.96120 2.35237
C 11.07900 9.83851 1.09783
C 23.16210 19.55440 2.95646
C 11.66690 12.92360 1.72655
C 8.78815 12.32850 1.17873
C 23.26790 22.69470 3.24937
C 14.42690 17.53860 2.89541
C 11.47160 15.93300 1.89387
C 14.42720 21.15110 2.85088
C 19.86590 96.09700 1.74434
C 5.77844 11.68400 1.24212
C 5.76156 13.55580 2.10565
C 2.84969 13.66580 1.27106
C 7.73040 16.67780 2.74793
C 1.43321 16.70190 1.53334
C 9.58214 19.13030 3.00873
C 10.90350 22.02050 3.73558
C 8.70767 95.18620 0.14902
C 9.75790 0.60399 0.19970
C 7.02678 0.52324 -0.53629
C 4.20675 0.15870 -0.90578
C 8.55892 3.44594 -0.74243
C 5.66397 3.05091 -1.09201
C 2.53341 2.85167 -0.99478
C 7.03979 6.02105 -1.24818
C 4.01907 5.76777 -1.13069
C 15.98360 2.48976 2.01463
C 16.56430 6.15017 2.06415
C 20.44850 10.96240 1.57596
C 17.07980 9.51859 2.13929
C 20.18230 14.35660 2.38865
C 17.44260 12.64570 2.38309
C 14.19680 11.25140 1.93936
C 20.47540 17.70380 2.92307
C 17.43580 15.89760 2.82181
C 14.66460 14.27300 2.46229
C 20.14250 20.91310 3.33198
C 17.17080 19.36250 3.08770
C 4.55739 16.53240 2.11052
C 6.06242 19.26500 2.59955
C 3.11628 19.48730 2.18691
C 7.69863 21.93810 3.17489
C 4.62478 22.08830 2.59868
C 1.37132 22.29900 2.26040
C 22.61330 26.10760 0.06166
C 20.07830 28.40610 0.65190
C 15.08800 24.87500 0.72294
C 18.67710 29.73150 -0.19537
C 22.97430 29.08450 0.18834
C 23.03410 32.30250 0.01868
C 23.51810 35.49610 -1.54522
C 25.48690 45.72430 -3.85160
C 22.23310 44.21580 -2.31367
C 20.68450 31.53600 1.88759
C 19.07760 32.92230 -0.79413
C 15.03120 28.10240 -0.54900
C 19.63560 34.86020 -0.81588
C 13.02940 34.14360 -0.54301
C 20.21420 38.06090 -1.49637
C 10.74180 36.40070 -0.44130
C 21.46880 41.27210 -2.11284
C 18.28930 40.82450 -1.59696
C 8.66238 38.60560 -0.58262
C 3.87052 38.69450 -1.33025
C 16.10660 43.36140 -1.61312
C 2.53586 42.18970 -1.34360
C 13.82900 45.53610 -1.84072
C 4.86445 43.83910 -2.14465
C 2.41114 46.66470 -2.39296
C 13.02210 24.33380 0.54572
C 12.02700 27.58070 0.60404
C 12.65290 31.00390 -0.27448
C 9.79523 30.28550 0.12894
C 9.53474 33.27420 1.44397
C 5.81369 33.53650 0.55677
C 7.87621 35.90630 2.04022
C 1.47239 36.34280 0.19384
C 20.54900 24.45030 0.47515
C 17.56380 23.05060 0.37864
C 17.95330 26.25190 0.84078
C 16.13520 34.64820 -1.09828
C 17.08500 37.83850 -1.36187
C 14.12910 37.17870 -0.94935
C 15.04410 40.21850 -1.31398
C 12.08630 39.48430 -1.17078
C 13.00100 42.45950 -1.53010
C 9.84341 41.79120 -1.51293
C 6.43698 41.29010 -1.57073
C 10.80690 44.89940 -1.83240
C 7.75517 44.37930 -1.91559
C 5.70575 46.91010 -2.15589
C 9.88785 24.73500 0.20275
C 6.64612 25.01080 -0.14371
C 3.26872 25.29050 -0.47564
C 8.30542 27.65760 0.07715
C 5.16752 27.95730 -0.16173
C 1.93528 28.09160 -0.34387
C 6.71730 30.64340 0.17540
C 3.83072 30.81640 0.04783
C 2.66887 33.59850 0.37762
H 0.83662 42.79580 0.48091
H 23.98260 24.20640 1.14845
H 21.46460 25.95450 2.27032
H 15.85060 23.02680 2.13854
H 18.88940 27.68570 2.84511
H 16.17590 26.20900 2.75351
H 16.65470 28.50650 0.72429
H 24.19160 27.36950 1.49686
H 24.50060 30.56310 1.07829
H 21.76160 29.28400 2.44992
H 23.80470 40.49340 -2.41041
H 24.59570 43.66780 -2.68334
H 22.56180 42.65670 -0.33158
H 20.37680 44.92350 -0.67841
H 19.76190 33.92310 1.61520
H 16.82780 33.15950 0.45017
H 13.89660 32.63600 1.36290
H 20.96760 36.67360 0.55603
H 11.50700 34.78360 1.30182
H 21.68710 39.61520 -0.27066
H 9.38118 37.25620 1.47470
H 19.56880 41.94930 -0.50292
H 6.70529 39.90180 0.58525
H 2.41247 40.08690 0.05541
H 17.44060 44.40940 -0.71387
H 4.67939 42.33390 -0.17999
H 15.39180 46.98130 -0.54128
H 2.90665 44.70380 -0.87426
H 12.71120 22.65070 2.23400
H 9.58193 22.91860 1.86531
H 11.38070 25.62660 1.96783
H 13.59810 29.50990 1.10384
H 11.22770 31.53370 1.67489
H 8.37133 31.19720 1.93388
H 7.18394 34.02350 1.91447
H 4.03833 34.29950 2.37457
H 0.92556 34.50750 1.83045
H 2.65486 37.24060 1.59129
H 21.25810 22.61370 1.89428
H 18.72360 24.31640 2.11208
H 23.40810 45.28150 -0.45963
H 17.75140 36.11840 0.33372
H 14.67350 35.52260 0.73647
H 18.66450 39.04140 0.11143
H 15.62340 38.59780 0.46358
H 12.46840 37.81470 0.64371
H 16.52670 41.56650 0.02091
H 13.35070 40.94500 0.38580
H 10.23820 40.19480 0.33524
H 14.31060 43.92180 0.03630
H 11.21790 43.30800 0.00826
H 7.91576 42.77010 -0.17375
H 12.21850 46.51920 -0.52392
H 9.10403 45.87160 -0.38654
H 5.94923 45.20520 -0.43380
H 6.44148 23.14690 1.37320
H 3.21378 23.26740 0.94073
H 8.20514 25.79590 1.58895
H 4.87985 25.92100 1.27234
H 1.57200 26.10640 1.03994
H 9.97878 28.48090 1.73863
H 6.70479 28.64820 1.64835
H 3.51185 28.77030 1.37851
H 5.28484 31.51490 1.88040
H 2.19427 31.65200 1.65291
C 23.42550 25.83580 3.28069
C 20.72350 27.55340 4.15484
C 14.91100 24.38210 3.99374
C 16.58190 28.83100 3.32270
C 23.95560 29.21970 3.14809
C 23.61420 32.74630 1.82195
C 23.28150 35.77420 0.31407
C 24.88010 43.38620 -0.20537
C 22.02720 44.40550 1.34676
C 20.97370 31.29300 3.85391
C 17.74200 33.45350 2.91234
C 15.73010 30.93880 0.86599
C 20.93370 35.31080 2.88199
C 13.50420 34.69820 2.78481
C 20.52720 38.52230 1.69204
C 11.14500 36.94410 2.64228
C 21.26210 41.45230 1.38463
C 18.27600 40.99630 1.54679
C 8.23107 39.05720 1.24615
C 4.48152 38.69840 0.74764
C 16.21810 43.58410 1.47883
C 3.04376 41.97400 1.62980
C 13.90490 46.02810 1.23547
C 4.31099 44.34370 1.22256
C 2.35534 46.58280 0.90445
C 12.82930 24.45470 3.80559
C 12.27120 27.89610 2.47179
C 13.14470 30.88180 3.06748
C 10.12480 30.14620 3.43614
C 10.59860 33.45320 3.13285
C 5.63248 33.02310 3.78752
C 4.66870 36.17450 2.94405
C 0.95571 36.41970 3.33356
C 20.62370 24.10050 3.70370
C 17.61320 22.64530 3.57384
C 17.82860 25.58600 4.16261
C 16.59870 35.02590 2.22969
C 17.46340 38.06710 1.97132
C 14.35440 37.46660 2.18466
C 15.23710 40.57620 1.88684
C 11.94070 39.84340 2.08223
C 12.89940 42.89410 1.80416
C 9.57156 42.23740 1.61930
C 6.31383 42.09780 1.71514
C 10.86160 45.46270 1.26030
C 7.63209 44.74010 1.27170
C 5.57066 47.12660 1.01238
C 9.79259 24.88400 3.35417
C 6.38821 25.00630 3.04418
C 3.12230 25.01540 2.72069
C 8.22787 27.62230 3.24413
C 5.01509 27.63220 3.02759
C 1.84595 27.77310 2.85035
C 6.71321 30.31090 3.44867
C 3.53030 30.42380 3.22933
C 2.09173 33.22910 3.55654
C 20.18270 46.95380 -2.29565
C 17.12390 46.47020 -2.24944
C 14.93010 48.72420 -2.28663
C 16.35720 52.38240 -1.99733
C 13.87520 55.57220 -1.45901
C 16.33450 56.58250 -4.06669
C 19.86590 58.04350 -2.84400
C 21.58240 60.80620 -2.69814
C 23.82590 63.76190 -2.32910
C 18.73210 61.03180 -2.73698
C 16.19850 59.52400 -2.40272
C 13.33200 58.16000 -2.11202
C 10.23020 56.54050 -0.50043
C 22.22430 66.34700 -2.24426
C 19.90860 64.19880 -1.92436
C 10.66540 60.13980 -1.25924
C 23.04980 69.41330 -2.20587
C 11.15840 63.31110 -2.39029
C 11.28730 66.69810 -2.98985
C 8.75843 68.54340 -3.25778
C 13.53210 48.04620 -3.73232
C 6.74200 50.25430 -2.06703
C 3.58882 49.57790 -2.12732
C 11.05500 53.91310 -1.69136
C 8.01529 53.26730 -1.89223
C 4.53865 52.53300 -1.99761
C 1.47321 52.00930 -1.80180
C 7.08721 55.88540 -0.40158
C 8.48362 57.76230 1.50619
C 7.15366 60.46520 -1.51055
C 9.12192 63.03170 -2.04873
C 8.04318 65.79260 -2.51133
C 6.70407 68.74050 -3.28258
C 23.16150 46.99530 -2.11468
C 21.39880 49.70730 -2.05333
C 17.82690 49.72750 -1.19437
C 23.06360 52.29380 -2.17236
C 19.85370 52.54850 -2.16453
C 21.43470 55.16610 -2.38865
C 23.07720 57.73860 -2.56919
C 16.46390 63.47920 -2.84400
C 13.73200 61.48210 -1.83513
C 19.85180 67.91290 -2.55075
C 17.07070 66.53500 -2.68897
C 13.83420 64.98750 -2.87614
C 17.52060 69.65780 -3.08490
C 14.38630 68.24630 -3.24460
C 11.75990 69.86780 -3.66470
C 11.88070 48.15190 -2.25907
C 8.93995 47.67610 -2.09672
C 9.74520 50.66970 -2.08909
C 3.08552 55.51990 -0.91173
C 5.15850 58.23610 -1.25706
C 1.85682 58.56300 -1.40970
C 3.88596 61.01970 -1.72942
C 5.89346 63.51670 -2.03907
C 2.67721 64.25610 -2.22924
C 4.68660 66.47460 -2.68315
C 1.58705 67.15910 -2.73522
C 3.63993 69.37710 -3.26135
H 1.75621 49.99970 -0.30446
H 18.54490 47.48920 -0.50468
H 16.17660 51.02180 0.06000
H 15.36370 53.98930 -0.35922
H 15.74420 57.10160 -2.08313
H 21.47290 58.92240 -1.12305
H 18.31070 59.03510 -1.19298
H 23.18540 61.71350 -1.10249
H 14.52090 56.71830 0.60725
H 12.16760 55.08960 0.25194
H 22.02180 64.36250 -0.81924
H 20.00160 61.91160 -1.20033
H 16.82280 61.60470 -1.30444
H 14.58490 59.59180 -0.56200
H 11.81710 58.20630 -0.23189
H 23.25510 67.49140 -0.62950
H 11.80400 62.17080 -0.49909
H 12.12410 65.27070 -1.11243
H 9.57644 67.24660 -1.33932
H 9.86698 70.39730 -2.06973
H 13.36050 49.50800 -0.61232
H 3.91630 47.71000 -0.65651
H 11.29320 51.99730 -0.50137
H 8.10514 51.31260 -0.33551
H 5.00500 50.68040 -0.43431
H 9.10083 54.39770 -0.11493
H 6.05919 53.58740 -0.32539
H 3.02120 53.04560 -0.05831
H 7.22942 55.41130 2.10261
H 6.66273 59.18980 0.70407
H 8.75860 61.36500 -0.36117
H 7.66208 64.43290 -0.52182
H 6.48372 67.27490 -1.40057
H 5.46942 70.33220 -1.83981
H 24.90870 47.86240 -0.57430
H 21.62300 47.83870 -0.43986
H 23.10870 50.57550 -0.40059
H 20.03040 50.57370 -0.62134
H 21.58830 53.40980 -0.52986
H 18.43590 53.33080 -0.77687
H 23.08480 56.15660 -0.71203
H 19.84900 56.15710 -1.07549
H 20.23010 66.31400 -0.83232
H 17.68610 64.69720 -1.16724
H 14.69790 63.57310 -1.17165
H 20.85400 69.49630 -0.99805
H 17.90520 68.16160 -1.09329
H 15.00000 66.61860 -1.40425
H 15.36710 69.93890 -1.89781
H 12.46570 68.48610 -1.69753
H 10.26690 48.96720 -0.46840
H 7.09240 48.24960 -0.60022
H 4.79474 56.55000 0.25651
H 1.54692 57.14350 0.02310
H 3.53432 59.46950 0.17852
H 5.61006 61.91420 -0.19072
H 2.44915 62.54710 -0.47762
H 4.48414 64.98150 -0.72898
H 1.31069 65.67030 -0.71705
H 3.36087 67.98530 -1.23063
H 2.34531 70.91500 -1.85487
C 20.19900 46.75170 1.20284
C 17.04300 46.28880 1.08387
C 15.28070 48.89640 0.94151
C 16.83230 52.66870 1.26915
C 14.08790 54.51050 1.63393
C 17.29520 55.45580 -1.16403
C 19.73740 58.18150 0.52781
C 21.49500 60.80820 0.43212
C 23.67000 63.39740 0.69236
C 18.41730 60.92460 0.38830
C 16.43840 58.15010 0.12157
C 13.48890 58.79800 1.48731
C 12.37060 56.90970 1.84650
C 21.97130 66.09460 0.90484
C 19.74330 64.09110 -0.11705
C 10.71160 60.27670 0.57594
C 22.55020 69.33160 0.76843
C 11.05030 63.98750 0.78881
C 11.46720 67.25620 0.22596
C 8.99966 69.27030 -0.05165
C 13.88810 51.96150 -0.36125
C 6.72347 49.95040 1.11275
C 3.39630 49.41440 1.11905
C 10.75300 53.60200 1.53670
C 7.77847 53.02410 1.42387
C 4.73626 52.33930 1.39994
C 1.52410 51.79480 1.53900
C 5.27245 55.53630 2.56255
C 8.28511 57.19340 3.48655
C 7.17782 61.00810 1.60181
C 9.11935 63.36820 1.10393
C 7.89115 66.34300 0.39204
C 6.85956 69.23920 -0.11994
C 23.30450 47.13310 1.13892
C 21.44700 49.60230 1.17766
C 18.12110 49.63200 0.63888
C 23.27350 52.50950 1.12450
C 20.04230 52.42890 1.02732
C 21.42610 55.40920 0.91175
C 23.11600 58.17200 0.60720
C 16.50440 63.28950 0.41398
C 13.88760 61.81170 0.31044
C 19.65380 68.10680 0.62268
C 16.83890 66.42780 0.28111
C 14.00780 65.27920 0.41463
C 17.04310 69.99900 -0.05333
C 14.40330 68.55280 -0.08403
C 11.83150 70.57960 -0.56401
C 12.28590 48.56860 0.99052
C 8.78626 47.79600 1.11665
C 9.92966 50.73660 1.21494
C 2.72648 55.14790 0.90095
C 4.69468 58.29920 2.05563
C 1.67011 58.83230 1.68918
C 3.76051 61.56350 1.38684
C 5.88028 63.96660 1.11682
C 2.73423 64.53590 0.94659
C 4.89095 67.02080 0.44414
C 1.65092 67.81450 0.54031
C 3.75900 70.08690 -0.02266
C 9.62554 89.64740 -2.44407
C 11.25040 92.61190 -2.24832
C 8.00950 92.31890 -3.01300
C 4.69058 91.98630 -3.51478
C 1.45580 91.74220 -4.24296
C 4.75604 74.73660 -4.54820
C 9.86168 77.74390 -4.56351
C 6.59970 77.54460 -4.80804
C 3.55866 77.61610 -5.14646
C 13.87850 83.70220 -5.56359
C 10.44230 87.77210 -2.55413
C 6.82319 89.40780 -3.27036
C 3.58278 89.14680 -4.02929
C 23.46310 80.12600 -1.63668
C 20.24800 81.16260 -1.63470
C 17.18880 82.79990 -2.81312
C 13.46600 85.54020 -5.90260
C 13.40590 86.84980 -2.71170
C 12.66910 89.96240 -2.28744
C 14.90990 92.43970 -1.65859
C 17.56560 94.36500 -1.59008
C 23.12820 94.95780 -0.73860
C 23.58130 72.77380 -2.14671
C 23.94130 76.32050 -1.37079
C 21.15210 77.83060 -2.38208
C 9.23226 71.47030 -4.24088
C 15.43790 78.09880 -4.65459
C 12.76020 76.01050 -5.08153
C 8.38208 74.39430 -4.29933
C 16.08620 81.45620 -3.84839
C 5.83946 71.69580 -3.97146
C 2.45468 72.41020 -3.85474
C 6.13602 94.80680 -3.56520
C 2.72928 94.67860 -4.04518
C 8.31038 80.46350 -5.01400
C 5.03786 80.50680 -5.10075
C 1.97474 80.46150 -5.34326
C 10.34900 83.80680 -4.45628
C 6.42678 83.42130 -4.92480
C 3.50681 83.43930 -4.91781
C 7.98939 86.29340 -4.49571
C 4.99397 86.28070 -4.45379
C 1.79142 86.24530 -4.82201
C 22.66340 83.37670 -1.51725
C 19.65290 84.55860 -2.11778
C 16.63730 85.82570 -2.56440
C 21.98530 86.71460 -1.39359
C 19.11840 87.89650 -1.98191
C 15.95380 89.06920 -2.33202
C 24.50560 88.70700 -0.66960
C 21.34530 89.81380 -1.29441
C 18.32520 91.21300 -1.71157
C 23.89750 91.97790 -0.54527
C 20.94420 93.00370 -1.23083
C 20.51670 71.13910 -2.81517
C 20.91840 74.18130 -3.06146
C 17.99240 72.75400 -3.58982
C 14.71880 71.25340 -3.94831
C 18.34910 75.90880 -4.02928
C 15.62980 74.32900 -4.70046
C 12.12770 72.74280 -4.64878
C 18.45900 79.32220 -3.78860
H 10.87740 90.72910 -0.68586
H 7.65215 90.59060 -1.35135
H 12.29210 93.66540 -0.19806
H 6.03107 93.12180 -1.73905
H 2.83976 92.62860 -2.44308
H 6.50166 75.73070 -3.25970
H 3.28682 76.13560 -3.18224
H 8.07586 78.73040 -3.11910
H 9.83379 81.50860 -3.37479
H 12.61420 82.83320 -3.53811
H 8.81025 88.04350 -0.69785
H 4.70654 89.93020 -1.97460
H 1.48948 89.70370 -2.74055
H 22.63260 78.17660 -0.52808
H 21.91460 81.43520 -0.14171
H 18.62810 82.88570 -0.67352
H 15.70880 83.95500 -1.11025
H 14.32310 85.46420 -3.56805
H 12.22240 87.89950 -0.82865
H 14.37870 90.32950 -0.77680
H 16.88780 92.40090 -0.05360
H 14.98080 94.51780 -1.51636
H 19.47610 94.34510 -0.18599
H 24.06320 70.79120 -0.61033
H 24.04930 74.16690 -0.08863
H 21.60610 75.71990 -1.31813
H 18.75710 77.59150 -2.57796
H 13.36160 74.60670 -3.71350
H 10.29590 73.40310 -3.14119
H 7.52411 72.62940 -2.91847
H 16.07420 79.40230 -2.49522
H 13.25450 77.97470 -3.20322
H 4.41943 73.24490 -2.55005
H 9.16129 93.35920 -1.13998
H 4.95668 78.71170 -3.38457
H 1.75715 78.56030 -3.85244
H 6.58926 81.48540 -3.52846
H 3.36555 81.49860 -3.55128
H 8.13376 84.42710 -3.36600
H 4.95763 84.25920 -3.10688
H 1.76732 84.24510 -3.38098
H 6.43245 87.17200 -2.55446
H 3.20737 86.98060 -2.94457
H 24.72850 80.13100 0.42634
H 24.06680 83.59190 0.53711
H 21.15360 84.70570 -0.10869
H 18.17250 86.01730 -0.69921
H 15.25090 87.11250 -1.02531
H 23.42610 86.81430 0.60367
H 20.54900 87.99930 0.08645
H 17.58640 89.16880 -0.46913
H 22.85930 89.99720 0.69643
H 19.90570 91.15490 0.18055
H 22.27770 93.26590 0.88138
H 21.35220 72.66230 -1.12561
H 18.36330 71.28140 -1.73050
H 18.72050 74.49060 -1.91640
H 15.76710 73.00300 -2.61391
H 12.81620 71.71810 -2.48479
H 16.04100 76.21220 -3.14083
C 8.96139 90.19340 0.66243
C 10.63000 92.74310 0.78761
C 7.39544 92.35430 0.19232
C 4.32375 91.93860 -0.50051
C 1.32202 91.41870 -0.88408
C 4.78714 75.36600 -1.41776
C 9.84329 77.96060 -1.51390
C 6.54396 77.74700 -1.72788
C 3.30465 78.26040 -1.87490
C 12.23780 80.28710 -3.35326
C 10.29900 87.28850 0.83817
C 6.39809 88.72840 -0.59545
C 3.03034 88.62900 -1.01403
C 22.55560 79.60840 1.42255
C 19.46260 80.80110 0.17751
C 16.36340 82.10440 0.29674
C 13.77300 83.46160 -1.92822
C 13.29910 86.49310 0.54220
C 12.48700 89.67840 0.85406
C 14.48440 92.72590 0.29302
C 17.59490 93.83920 1.55659
C 22.66170 94.91120 2.52205
C 22.85050 72.57180 0.92766
C 22.76810 76.12440 0.81410
C 20.27850 77.69130 -0.68117
C 9.27294 72.22720 -1.17497
C 14.37140 77.57770 -1.85045
C 10.96160 76.94900 -2.94426
C 8.43164 74.88040 -2.48397
C 14.99460 80.68660 -0.63010
C 6.10450 72.47860 -0.92088
C 2.79505 73.05410 -0.64310
C 5.60256 95.11980 -0.32762
C 2.62643 94.45620 -0.88104
C 8.26475 80.84140 -1.75562
C 4.92633 80.68830 -1.91498
C 1.75379 80.33760 -2.21306
C 10.49640 83.95030 -2.65043
C 6.45652 83.30710 -1.73417
C 3.18704 83.18110 -1.72627
C 8.08504 85.75230 -1.29762
C 4.76502 85.96210 -1.26551
C 1.53727 85.89820 -1.56140
C 21.87250 83.13030 1.68747
C 18.86150 84.21220 0.92030
C 16.09900 85.67810 0.72807
C 21.32230 86.29010 1.75680
C 18.40140 87.46560 1.18413
C 15.48280 88.69980 0.85650
C 23.64600 88.44580 2.39911
C 20.72530 89.61870 1.91723
C 17.80660 90.71040 1.43672
C 23.06020 91.59830 2.52097
C 20.01910 92.88290 1.85931
C 19.77610 71.32500 0.24185
C 20.09790 74.45180 0.16018
C 17.25620 73.16340 -0.64664
C 14.53630 71.92550 -0.74952
C 17.27110 76.34850 -1.07126
C 14.65800 74.90910 -1.58445
C 11.94150 73.92860 -1.67917
C 17.42160 78.50580 -0.62471
C 38.26480 0.17453 1.72128
C 36.21250 0.03701 1.05825
C 39.40850 2.98882 1.74517
C 48.50140 9.48697 1.21964
C 45.37770 8.70033 1.13012
C 42.23880 8.11403 1.14279
C 42.89730 11.18750 0.57161
C 33.43720 -0.65089 2.36202
C 27.63830 0.19608 0.20620
C 35.85190 2.97004 2.20950
C 37.48060 5.54168 1.25749
C 38.97360 8.19030 0.93652
C 26.27080 8.70554 -0.65840
C 40.83160 10.55860 0.29392
C 39.33260 13.65060 -0.57798
C 26.46450 14.62050 -0.60762
C 28.18690 17.31450 -0.60408
C 36.75570 19.75060 -0.81122
C 33.07940 19.69230 -0.85518
C 29.80430 19.96090 -0.50263
C 26.07780 20.62720 0.19617
C 49.48460 11.23450 0.93303
C 46.09190 12.14650 1.28656
C 42.00450 14.30270 -1.48723
C 43.41300 17.27340 -1.91311
C 40.42300 18.91130 -1.20925
C 40.29650 21.95900 -1.51583
C 47.63240 0.97374 2.85717
C 44.60680 0.60775 2.64699
C 41.40400 0.37226 2.18049
C 49.06890 3.74142 2.30874
C 45.95610 3.34790 2.29748
C 42.76560 3.21720 2.15652
C 47.52780 6.48664 1.86934
C 44.01770 6.02065 1.74407
C 40.70020 5.51638 1.66000
C 30.62370 -0.00559 1.18449
C 32.62810 2.70185 1.29743
C 29.46330 2.91250 0.32228
C 26.20770 2.80229 -0.29611
C 34.16600 5.41999 0.95216
C 30.93190 5.73140 0.51236
C 27.94570 5.74283 -0.33059
C 35.84730 8.25459 0.50378
C 32.71050 8.32594 0.18478
C 29.42440 8.68794 -0.26211
C 37.56590 10.82930 0.03114
C 34.37640 11.07610 -0.16468
C 31.30720 11.22420 -0.34281
C 27.95240 11.81260 -0.51603
C 36.09360 13.72180 -0.45294
C 32.92940 14.00850 -0.54147
C 29.69950 14.25960 -0.55341
C 37.90030 16.40360 -0.91728
C 34.62570 16.69160 -0.86238
C 31.40070 16.99110 -0.57298
C 49.02550 14.16260 0.06405
C 46.07840 15.71580 -0.24710
C 49.01500 17.17130 -0.65694
C 45.97040 18.61240 -1.05772
C 43.37300 20.51960 -1.73503
C 48.74210 20.24860 -1.65233
C 45.78380 21.90210 -1.98052
H 36.53540 0.83121 3.34516
H 40.86110 3.97385 3.47423
H 37.68550 3.82624 3.10919
H 48.81920 7.82172 3.14933
H 42.22580 6.77976 3.16414
H 46.68670 10.19490 2.54312
H 43.57080 9.70568 2.39565
H 30.32520 95.93020 3.18787
H 27.46180 95.88690 1.85813
H 32.04590 1.16319 3.04535
H 25.74490 1.12516 1.45593
H 33.76110 4.12892 3.04886
H 39.02780 6.64450 2.86120
H 35.70940 6.66780 2.46878
H 40.55480 9.35513 2.39458
H 39.27920 12.09490 1.38989
H 26.43920 12.69100 1.05795
H 40.86660 15.17730 0.81759
H 37.77450 14.76130 0.98438
H 36.54270 17.71710 0.54743
H 26.78190 18.21380 0.87552
H 34.85460 20.71270 0.77251
H 31.74570 20.60760 1.15360
H 28.54440 20.98390 0.70903
H 48.28430 12.93180 2.14945
H 45.33340 14.49760 1.81091
H 43.56780 15.57970 -0.70673
H 42.38720 18.93530 -0.16260
H 39.60530 20.61840 0.62617
H 24.49010 95.62420 1.12845
H 47.70530 -0.59601 4.73935
H 44.65860 -1.15181 4.28324
H 41.44480 96.04180 3.86493
H 38.46450 95.74160 3.13075
H 49.07550 2.28082 4.27047
H 45.92750 1.90196 4.30757
H 42.77250 1.50049 3.93948
H 39.58840 1.27312 3.48467
H 47.33650 4.79892 3.68789
H 44.17170 4.41166 3.57972
H 45.53010 7.36302 3.14844
H 28.83590 1.29138 2.05613
H 30.65570 3.96057 2.25862
H 27.53820 4.00659 1.38399
H 32.58550 6.78970 2.10242
H 29.28200 6.87954 1.45730
H 26.03210 6.76464 0.83161
H 37.37940 9.46074 2.08235
H 34.24130 9.47075 1.68333
H 31.02120 9.56672 1.47128
H 27.88820 9.76093 1.04810
H 36.02130 12.12140 1.37679
H 32.78640 12.31940 1.30110
H 29.71040 12.42740 1.11849
H 34.57950 15.00280 0.96906
H 31.38410 15.22140 1.00501
H 28.25360 15.37330 0.98682
H 33.29300 17.88410 0.79310
H 29.94480 18.05870 1.09456
H 47.99110 16.06790 1.27519
H 45.02930 17.63540 1.12444
H 47.89720 19.13700 0.37830
H 45.10160 20.64210 -0.00903
H 42.37040 22.16500 -0.20759
H 47.74920 22.15490 -0.49425
C 37.99890 -0.02761 4.82958
C 34.75750 -0.48239 4.27051
C 39.13870 3.17965 4.95125
C 48.18870 9.95398 4.39775
C 45.19670 9.43540 4.31177
C 42.09940 8.85177 4.20442
C 42.96910 11.85940 3.44903
C 33.33770 0.79560 5.18896
C 26.99060 0.23829 3.37251
C 35.59770 2.90586 4.11829
C 37.10660 5.93128 4.25978
C 38.85130 8.81243 3.95925
C 25.92880 8.77192 2.29216
C 40.79230 11.56790 3.38572
C 39.64700 14.33300 2.59341
C 26.52750 14.68770 2.59851
C 28.29540 17.18010 2.69473
C 37.29210 20.22050 1.05456
C 33.86300 19.74410 2.46753
C 29.88140 19.91660 2.74379
C 26.36920 20.51350 2.06544
C 49.21690 11.68250 4.03217
C 46.12640 12.45690 3.14176
C 43.09370 14.35710 1.61067
C 42.60940 16.92090 1.34585
C 40.66270 19.33530 1.79971
C 40.76230 22.59500 1.65126
C 47.60930 1.44354 6.00744
C 44.27330 0.80049 5.72663
C 40.98490 0.55615 5.27977
C 48.94420 4.45527 5.46817
C 45.73450 3.93796 5.47593
C 42.57370 3.49543 5.20126
C 47.31950 7.05852 4.85978
C 43.98280 6.54867 4.80095
C 40.51370 6.02823 4.75052
C 29.84510 0.41981 4.17367
C 31.87020 3.36286 4.36630
C 28.59600 3.29424 3.49170
C 25.60020 3.06845 2.89850
C 33.85640 5.99005 4.09646
C 30.63690 6.06056 3.42839
C 27.44160 6.02193 2.78456
C 35.57790 8.68926 3.63762
C 32.52850 8.78179 3.33974
C 29.17470 8.83023 2.96117
C 37.74570 11.72920 3.11493
C 34.31740 11.48070 3.03594
C 31.09260 11.54070 2.94054
C 27.97290 11.72700 2.70172
C 36.25950 14.24090 2.67657
C 32.97200 14.31600 2.70289
C 29.75960 14.37800 2.64561
C 38.97370 16.89330 0.70546
C 35.26950 17.08710 2.25792
C 31.71510 17.12590 2.54797
C 48.99800 14.88420 3.28199
C 46.11940 16.19850 3.01514
C 48.85180 18.07390 2.42859
C 46.06420 19.56920 2.06522
C 43.22420 20.63340 1.50442
C 48.74640 21.15870 1.51121
C 45.95880 22.58270 1.14607
C 48.98510 29.75210 -0.54207
C 47.32710 32.48440 -0.56486
C 49.31880 35.29260 -0.77140
C 47.86510 38.02240 -1.05087
C 37.32760 23.43430 -1.57680
C 39.92440 25.82780 -1.30866
C 42.76150 27.37270 -1.78832
C 48.98280 27.02080 -2.12400
C 45.67870 29.01480 -2.39098
C 36.62640 25.41870 -1.55811
C 33.83170 23.60700 -0.81702
C 29.67710 23.21670 0.35542
C 40.22090 29.68950 -1.88016
C 37.31520 28.45180 -1.45252
C 27.92780 25.93010 -1.19135
C 43.79410 33.52850 -1.09683
C 40.84590 32.95540 -1.71934
C 25.31450 27.56830 -0.59918
C 41.77230 36.59250 -0.86741
C 39.26510 38.13400 -1.49657
C 37.16060 40.52800 -1.45582
C 34.58600 42.25250 -2.18135
C 31.02290 41.16320 -2.28818
C 28.03160 40.07700 -3.70771
C 24.45510 38.72170 -3.55158
C 24.44780 42.36350 -4.28516
C 31.76820 44.42120 -2.21608
C 28.14540 44.01640 -2.34289
C 32.87560 47.21290 -2.17782
C 45.73610 35.75790 -0.54384
C 44.49980 38.82270 -1.20127
C 41.65940 40.15780 -1.47148
C 46.89650 40.88030 -1.47892
C 41.10650 43.29240 -1.53954
C 38.23900 44.66320 -2.56215
C 35.34380 45.66990 -1.53612
C 46.99870 44.15800 -1.78201
C 42.98510 23.73200 -2.01599
C 48.52480 23.49960 -2.41317
C 45.80100 25.01610 -2.67581
C 34.20500 27.41710 -1.38274
C 31.11550 26.18390 -1.19792
C 37.83750 31.68170 -1.59616
C 34.87150 30.46600 -1.49672
C 31.62480 29.49690 -1.42974
C 28.52490 28.18370 -0.89504
C 38.41660 35.01970 -1.62612
C 35.39810 33.57250 -1.67809
C 32.27360 32.50500 -1.70807
C 29.02490 31.49550 -1.28622
C 25.90680 30.35080 -0.65128
C 36.11510 36.88270 -1.83530
C 33.14480 35.71740 -1.98709
C 29.58460 34.47900 -1.74375
C 26.42700 33.37500 -1.37039
C 33.77500 39.00230 -2.06624
C 30.66810 37.50950 -2.37741
C 27.35380 36.52700 -2.19953
C 29.66250 46.81890 -2.20465
C 44.08780 42.01150 -1.62786
C 43.83590 45.24520 -1.76757
C 40.84800 46.36640 -1.74012
H 47.51870 30.76060 1.33788
H 49.06180 33.53680 0.94513
H 47.75220 36.42680 0.81575
H 39.33390 23.76030 -0.10419
H 42.18130 25.35990 -0.45982
H 40.84290 27.94430 -0.48688
H 47.41330 28.34160 -0.70840
H 44.39600 29.57280 -0.16418
H 38.00870 26.68540 0.06914
H 34.92590 25.66290 0.27645
H 31.76760 24.59730 0.24524
H 41.52920 31.09040 0.00020
H 38.59960 29.98340 0.00122
H 29.48720 26.70970 0.68032
H 26.51790 25.52840 0.61591
H 42.13490 34.35040 -0.05415
H 39.54750 36.29560 0.11138
H 40.95700 38.62720 0.22090
H 24.87130 33.91780 0.00638
H 37.61580 41.39150 0.93154
H 31.69410 39.17230 -0.69846
H 28.77700 37.88490 -1.42530
H 24.46290 37.77510 -0.99039
H 35.76310 43.47930 -0.41869
H 32.43520 42.45020 -0.77363
H 28.12010 42.32820 -0.96328
H 33.15090 45.44280 -0.47122
H 29.90540 44.98960 -0.70733
H 45.82480 33.43420 0.55094
H 43.91490 37.20840 0.08617
H 46.36030 39.27130 0.34528
H 43.40360 40.47510 0.24240
H 40.54020 41.66790 0.41257
H 38.51870 42.73440 -1.56254
H 45.99570 42.35670 -0.43372
H 44.97210 23.80150 -0.68414
H 47.64740 25.25470 -1.08505
H 44.84880 26.77750 -1.62981
H 35.56170 28.79170 0.28899
H 32.42620 27.79610 0.22427
H 39.02020 33.19340 -0.04962
H 36.05210 31.94750 0.05217
H 33.00160 30.91840 0.06301
H 29.94770 29.83550 0.31633
H 26.99910 28.69320 0.91143
H 36.48850 35.11950 -0.10557
H 33.50680 34.04530 -0.23291
H 30.54630 32.96710 0.00163
H 27.43140 31.96240 0.55515
H 37.16780 38.43740 -0.25197
H 34.17050 37.19150 -0.38398
H 31.14770 35.92820 -0.49821
H 27.97690 34.95260 -0.15639
H 34.88530 40.42710 -0.49749
H 26.62220 45.04270 -0.52570
H 43.05050 43.60800 -0.05386
H 40.18410 44.81680 0.20831
H 37.46720 45.99640 -0.51503
H 45.67280 45.69210 -0.28326
H 42.71030 46.82600 -0.19871
C 49.02310 29.89280 2.46753
C 47.19020 32.86680 2.60370
C 49.19600 35.63400 2.31285
C 47.76840 38.42410 2.15054
C 37.66740 23.39650 1.64234
C 40.21160 25.93980 0.77537
C 43.16280 27.50660 0.23654
C 47.42090 26.75310 0.93630
C 45.91630 29.72990 0.81497
C 36.86240 25.45980 1.92729
C 34.48060 23.23610 0.83671
C 31.42620 22.57920 1.95333
C 40.68030 29.59520 1.41283
C 37.55360 28.45810 1.71078
C 28.64950 24.68040 1.76455
C 43.82140 32.04010 0.50595
C 41.04450 33.29040 1.48940
C 26.33110 27.19650 2.68838
C 41.75150 36.51790 1.08642
C 38.92640 38.15480 1.55016
C 36.45940 40.17730 1.46731
C 34.19400 42.21510 1.00838
C 30.27160 41.07510 -0.45943
C 28.17870 39.94480 -1.87729
C 23.39040 38.93200 -0.37495
C 25.65480 41.72990 -1.28416
C 31.66400 44.03610 0.92125
C 28.34130 43.66910 0.81780
C 32.72910 47.17580 1.19224
C 45.43460 35.75540 1.46116
C 44.40190 38.89990 1.81660
C 41.83240 39.99940 2.04352
C 46.45180 41.29760 1.70408
C 41.55970 43.53460 1.91538
C 37.95060 43.92060 0.65187
C 35.29770 45.63980 0.62557
C 47.19830 44.14820 0.76136
C 43.30070 24.04200 1.11127
C 48.67190 24.06470 0.70054
C 45.85050 25.81930 0.40347
C 34.27920 27.35080 1.84327
C 31.62870 26.14690 1.91143
C 37.97240 31.69430 1.61415
C 34.85100 30.58990 1.74189
C 31.92630 29.45120 1.77453
C 29.11360 28.31930 2.17865
C 38.29950 34.93850 1.58812
C 35.27220 33.67730 1.50590
C 32.44450 32.73910 1.59928
C 29.58090 31.70330 1.84983
C 26.59230 30.57590 2.39989
C 35.81860 37.04530 1.36674
C 32.84630 35.85920 1.24660
C 29.93170 34.89980 1.34594
C 26.71630 33.95560 1.76511
C 33.24380 39.06230 0.95754
C 30.09670 37.83430 0.65050
C 26.64240 36.88700 -0.17562
C 29.70370 46.80590 1.05567
C 44.43850 42.17230 1.46639
C 43.91030 45.34950 1.35580
C 40.86930 46.86710 1.49506
H 37.06620 59.94000 0.26614
H 34.63550 58.40770 -0.07418
H 40.31250 63.28820 0.47406
H 37.15670 62.76630 0.24932
H 44.39580 67.91600 0.09657
H 40.93800 66.52550 0.41058
H 28.93620 62.16120 -0.61782
H 44.57430 71.17210 0.28116
H 25.28760 64.71720 -0.46757
H 26.21510 68.36060 -0.86548
H 27.57190 71.26420 -0.05599
H 34.27000 61.56730 0.00528
H 37.85940 65.69770 0.05504
H 34.73430 64.75240 -0.22861
H 31.83980 63.47630 -0.40007
H 41.74560 69.79060 -0.31552
H 38.75010 68.76300 -0.09115
H 35.47680 67.83560 -0.25806
H 32.16400 66.80720 -0.23052
H 29.19770 65.30590 -0.55254
H 36.11790 70.94960 -0.16755
H 32.98150 69.93640 -0.04497
H 29.93690 69.07090 -0.56794
C 47.98300 65.70610 -2.76016
C 48.97380 69.07400 -0.70154
C 34.90970 49.93430 -1.21532
C 36.06420 53.23840 -2.23416
C 33.70190 56.09990 -0.06662
C 31.09060 55.47210 -1.54704
C 30.07770 58.45460 -1.36306
C 28.00830 60.83760 -2.45612
C 24.66960 60.74380 -2.78375
C 36.93800 58.09640 -1.28259
C 39.08110 61.18910 -0.09420
C 36.15830 61.27220 -1.50346
C 33.45520 59.98470 -1.67923
C 43.16020 65.86590 -0.62499
C 39.89630 64.78540 -1.15546
C 30.86410 61.93090 -2.06317
C 43.79210 69.78210 -1.69846
C 27.36060 63.83540 -1.36343
C 25.19750 66.80030 -2.10868
C 26.14820 70.48700 -2.07516
C 38.04890 47.99340 -1.85671
C 37.97170 51.05790 -1.64295
C 37.38850 54.73370 -1.76818
C 40.02770 56.57260 -1.30274
C 42.08630 58.71820 -0.68621
C 47.99260 58.89570 -0.84584
C 42.13170 62.41620 0.13162
C 47.20260 61.94830 -0.83261
C 45.58420 63.15800 -0.70007
C 26.34050 46.75960 -2.25395
C 31.33790 49.82470 -2.12806
C 27.95790 49.53470 -2.06368
C 24.67270 49.71770 -2.04271
C 32.78530 52.67710 -1.97691
C 29.71220 52.41000 -2.01338
C 26.48320 52.33650 -2.19720
C 28.09920 55.25140 -2.12725
C 24.76010 55.24000 -2.31361
C 26.56880 57.91170 -2.47922
C 36.71990 64.36330 -1.65765
C 33.76750 63.16870 -1.83700
C 40.61850 67.93770 -1.56952
C 37.46310 67.36420 -1.73497
C 34.11610 66.51840 -1.82747
C 31.27250 65.29380 -1.96519
C 37.90750 70.28660 -1.78672
C 34.79710 69.53990 -1.75915
C 31.71160 68.72840 -1.89502
C 28.41260 67.42110 -1.64123
C 32.61960 71.72110 -1.70025
C 29.29600 71.00930 -2.00283
C 46.69930 47.60700 -1.47615
C 43.76570 48.57910 -1.55540
C 40.93060 49.81360 -1.77716
C 46.35920 50.55280 -1.13768
C 43.34380 51.81050 -1.33986
C 40.44100 53.33350 -1.62666
C 45.92570 53.72820 -1.04139
C 42.89110 55.24710 -1.12467
C 48.49240 55.73890 -0.84285
C 45.40980 57.04190 -0.98982
C 44.89330 60.10980 -0.79165
H 47.58690 64.61480 -0.99969
H 49.16180 66.99090 0.76177
H 47.12940 69.39420 0.43783
H 34.49100 47.69290 -0.40584
H 32.74390 50.72820 -0.33726
H 34.20530 53.61930 -0.42776
H 31.94660 57.56810 1.23275
H 31.38950 60.26190 -0.32800
H 27.76090 59.00430 -0.75040
H 26.20720 61.73060 -1.19695
H 37.01730 49.33390 0.02276
H 48.27610 47.55710 0.53861
H 39.67120 51.34610 -0.26089
H 39.12510 54.61890 0.08792
H 36.26420 55.98110 0.07593
H 38.78580 57.78250 0.40140
H 41.19490 60.07280 0.87428
H 46.74700 60.17410 0.80430
H 44.18380 61.84840 0.85152
H 31.25190 47.89260 -0.57201
H 28.03590 47.71100 -0.54098
H 29.61160 50.47790 -0.49616
H 26.41890 50.53080 -0.46105
H 31.05890 53.33130 -0.18150
H 27.97360 53.31930 -0.48736
H 24.76520 53.31650 -0.71107
H 29.49900 56.29550 -0.31350
H 26.33330 56.14320 -0.72102
H 24.70120 58.89420 -1.16815
H 39.88900 48.08920 -0.36079
H 45.40460 48.79560 0.28724
H 42.53110 49.99510 0.09122
H 48.06760 50.74850 0.63649
H 45.07700 51.97110 0.46570
H 42.15040 53.31790 0.30560
H 47.64430 53.93760 0.70060
H 44.74460 55.22330 0.56069
H 41.70590 56.54110 0.54831
H 47.19190 57.19650 0.68005
H 44.15890 58.32820 0.71435
C 46.80590 66.85690 0.05589
C 48.58060 68.69110 2.46125
C 34.74720 49.80210 0.78216
C 36.06060 52.68920 1.06684
C 32.26240 57.42740 3.36223
C 30.92140 55.22170 1.43981
C 29.79490 58.63890 0.57993
C 27.37580 60.83650 0.74435
C 24.78930 60.66700 0.48275
C 36.52620 58.01160 1.63456
C 39.03630 59.95880 1.73490
C 35.89750 61.30390 1.87160
C 33.14310 59.85300 1.38250
C 43.02360 65.88710 1.35821
C 39.52590 65.31010 1.91148
C 30.54670 62.07210 1.20271
C 43.50730 69.16980 1.52118
C 27.51250 63.82780 0.42434
C 25.17780 66.64430 0.82362
C 25.57390 69.98090 1.02439
C 38.08300 47.40880 1.20562
C 38.00890 50.57460 1.60343
C 37.18170 54.34130 1.74503
C 39.74460 56.19140 1.99155
C 42.23290 58.25190 2.32659
C 47.95160 58.79200 2.39440
C 41.99160 62.02030 2.20095
C 47.21250 61.97160 2.33493
C 45.42640 63.19720 2.52266
C 26.43010 46.56720 0.98866
C 31.15640 49.58090 1.15184
C 28.03540 49.54020 1.09506
C 24.78260 49.58370 1.11112
C 32.65130 52.48370 1.45723
C 29.44500 52.21450 1.18792
C 26.24050 52.38900 1.06670
C 27.81270 55.19320 1.11911
C 24.69290 55.22460 0.90861
C 26.04460 58.06690 0.77588
C 36.32390 64.62110 1.69507
C 33.48480 63.40130 1.40681
C 40.64890 68.33270 1.48236
C 37.26000 67.61830 1.52239
C 33.93710 66.59100 1.29863
C 30.82980 65.16480 1.17752
C 38.05060 70.60140 1.37468
C 34.83310 69.58150 1.45811
C 31.37420 68.57090 1.34247
C 28.20780 67.42650 0.29168
C 32.39380 71.62800 1.45518
C 29.15050 70.77900 1.22225
C 46.52200 47.08410 1.69070
C 43.40730 48.30200 1.62653
C 40.51090 49.65670 1.44833
C 46.21700 50.39320 2.01173
C 43.06810 51.62840 1.91918
C 40.06850 52.98400 1.65461
C 45.69240 53.58520 2.21176
C 42.78240 54.86380 2.07919
C 48.29510 55.73160 2.41056
C 45.34590 56.83670 2.28993
C 44.85460 60.03020 2.40302
H 42.11270 73.06130 -0.72591
H 39.69470 75.16870 -0.32075
H 37.45720 77.15300 1.05502
H 26.16480 73.09150 -2.07236
H 34.89170 79.15760 1.90411
H 32.07310 78.22150 0.78960
H 29.34410 77.40830 -0.61495
H 26.32760 76.15580 -1.36992
H 39.12090 71.93420 -0.39317
H 36.84590 74.05400 0.17829
H 33.74910 73.09910 -0.04132
H 30.67780 72.16110 -0.27432
H 34.41580 76.25150 0.45946
H 31.46640 75.18240 -0.02850
H 28.43750 74.41630 -0.37105
C 43.84740 89.52680 2.25282
C 37.07570 89.39210 1.25587
C 48.46710 93.09800 3.21870
C 45.46370 91.96870 3.98976
C 42.38130 92.27200 2.16262
C 39.26420 91.96290 1.14476
C 35.48450 92.11110 0.87446
C 34.20820 93.78850 1.17983
C 46.27500 74.82410 1.18318
C 43.23930 76.01480 2.43380
C 40.99440 78.25460 1.12616
C 38.74930 80.41700 -0.00098
C 38.82960 83.46970 0.68583
C 38.66760 86.66590 1.25790
C 40.59120 88.60890 2.93812
C 46.67170 88.46580 2.65404
C 46.73820 71.67870 -0.79854
C 29.67860 95.48810 0.88399
C 26.06800 78.61340 -0.93724
C 30.52050 79.65260 -0.34794
C 28.35090 80.79220 -0.30242
C 35.45730 83.09000 2.11941
C 33.12430 84.95870 1.16528
C 35.72320 86.37430 1.41641
C 32.56860 88.08500 1.16263
C 32.23650 91.43480 2.38025
C 29.62500 92.47300 1.35725
C 44.07680 72.72260 -1.74972
C 41.31130 75.06820 -2.21151
C 38.68860 77.02310 -1.32288
C 26.04390 74.67330 -3.47780
C 36.93400 79.47190 0.28039
C 31.66310 77.08540 -1.44614
C 28.67930 76.10110 -2.32282
C 46.54330 95.57450 3.00477
C 43.36290 95.22190 2.54187
C 40.37630 95.18510 1.80397
C 37.55430 94.78830 1.03357
C 46.41370 78.36940 1.48728
C 43.91120 79.85580 1.50661
C 41.45470 81.74330 1.02752
C 46.71190 81.71420 1.93836
C 43.95540 83.44670 1.80340
C 41.45110 84.99430 1.61894
C 46.74670 84.94970 2.16305
C 44.00500 86.47480 2.08985
C 25.53510 82.09960 -0.81131
C 30.75620 82.88970 0.40323
C 27.89100 84.18020 -0.12736
C 25.02000 85.51300 -0.74266
C 30.30680 86.05060 0.64564
C 27.38680 87.27620 -0.05515
C 29.82700 89.34900 0.78818
C 26.92220 90.64070 0.10734
C 26.29110 94.13140 0.54902
C 40.90290 71.29030 -2.05573
C 38.41340 73.74780 -1.81379
C 35.64740 72.91990 -1.55539
C 36.47760 76.26840 -0.96837
C 33.49890 75.13770 -1.36654
C 30.47670 74.07370 -1.86220
C 34.15440 78.46620 -0.49513
H 41.97260 90.63490 3.49996
H 38.76550 90.27480 2.89704
H 46.68100 93.93780 4.69170
H 37.25170 92.93130 2.33950
H 33.40210 93.32530 3.59773
H 35.45110 95.52290 2.23071
H 45.64360 76.77810 2.84953
H 42.78040 78.40940 2.92614
H 40.07590 80.05990 2.04327
H 37.30410 81.62660 1.70844
H 48.33990 78.39780 3.36242
H 37.39510 84.74110 2.12906
H 37.21130 87.57130 2.89755
H 40.07980 86.20190 3.23083
H 45.15380 89.58990 4.42597
H 47.67960 91.19760 4.60192
H 47.16430 72.49100 1.54051
H 25.09710 77.03560 0.74553
H 27.52400 78.90490 1.08844
H 29.84140 81.00220 1.69011
H 32.11880 83.06320 2.50402
H 34.56150 85.09940 3.35250
H 34.31540 88.14910 2.58417
H 31.18390 89.38200 2.85122
H 28.22130 90.58940 2.26322
H 25.19240 91.99610 1.20468
H 30.27660 92.72150 3.49356
H 43.45790 93.40260 4.15312
H 40.28050 93.14920 3.12119
H 45.67700 79.95400 3.27605
H 42.96780 81.59160 3.00120
H 40.24840 83.15730 2.70229
H 48.52340 81.66400 3.64463
H 45.69400 83.24490 3.62541
H 42.93370 84.81620 3.60176
H 48.56120 84.84690 3.80179
H 45.72050 86.46010 3.81855
H 42.80070 87.80680 3.65156
H 48.41580 88.21780 4.00293
H 26.99980 82.27740 1.18914
H 29.31050 84.24910 1.87004
H 26.38100 85.50100 1.31745
H 31.70530 86.25450 2.66711
H 28.80470 87.51970 1.97005
H 25.89120 88.71730 1.30296
C 43.29430 89.47820 5.43656
C 36.24180 89.76750 2.96598
C 48.39960 92.95780 6.11669
C 44.99030 92.57450 5.83215
C 41.60670 92.54300 5.12428
C 38.54890 91.82240 4.28192
C 35.28200 93.17670 5.20341
C 32.04300 94.57050 3.95748
C 46.89560 74.67430 2.97404
C 43.52780 76.46190 4.22289
C 40.87340 78.79330 4.17036
C 38.06880 79.87780 3.45088
C 38.07900 82.98790 3.77130
C 37.93510 85.74750 4.32582
C 40.63690 87.65190 4.83827
C 46.55460 87.90900 5.65874
C 45.96830 70.85600 2.38723
C 28.79210 94.85000 3.72554
C 25.36690 78.73710 2.45653
C 31.68810 79.72280 2.68082
C 27.88970 80.71100 2.92473
C 33.31670 80.94480 2.73619
C 32.77400 84.70560 4.36181
C 35.53760 87.02420 4.64544
C 32.45210 87.94600 4.31081
C 32.04610 91.19260 4.21114
C 28.54590 91.61370 4.60149
C 43.48590 72.73930 1.51787
C 42.13680 75.56100 -0.62347
C 39.65120 76.55470 1.83036
C 26.34230 73.42130 0.54194
C 36.86190 78.15720 3.25230
C 30.54820 76.75520 1.57668
C 27.53350 76.42790 0.79427
C 46.09480 95.76690 6.19278
C 42.92680 95.30070 5.66692
C 39.69940 94.70420 4.93845
C 36.55800 94.54550 4.11630
C 46.27190 78.21130 4.88756
C 43.77470 79.90190 4.69760
C 40.86490 81.13960 4.13055
C 46.57530 81.41930 5.09549
C 43.67720 82.92700 5.00848
C 40.82180 84.46120 4.73613
C 46.59140 84.76650 5.37173
C 43.77210 86.33360 5.32769
C 24.83950 81.85910 2.19804
C 30.39470 82.74540 3.50409
C 27.25740 83.96940 3.04894
C 24.18830 85.17400 2.37830
C 29.62400 85.92490 3.67510
C 26.59190 87.09580 3.10047
C 29.33720 89.05750 3.95464
C 25.93450 90.46920 3.08762
C 25.90940 94.06720 2.36196
C 41.13610 71.48860 1.06808
C 38.81900 73.61060 1.45203
C 35.47890 72.57430 1.60173
C 35.99900 75.39230 2.05415
C 33.02260 74.62910 1.71569
C 30.07690 73.75940 1.42758
C 33.77790 77.54900 2.48193
C 54.83740 95.73650 2.79312
C 52.07020 95.46270 4.35811
C 49.45450 -1.06735 3.16670
C 55.52820 3.96228 1.88921
C 52.30410 4.02791 2.24652
C 50.59220 6.69981 1.69399
C 59.93500 0.25712 1.60863
C 58.83320 3.40392 1.55006
C 57.80020 6.38587 1.61064
C 60.40020 7.94715 1.04087
C 73.51690 10.51340 -2.32220
C 68.49980 10.39790 -0.86281
C 65.18980 10.83110 0.51526
C 61.28770 11.09480 0.50443
C 71.20480 13.15610 -1.05403
C 68.23150 12.45240 -0.68060
C 66.27980 14.79530 -0.39737
C 63.31790 14.16760 -0.49378
C 63.63240 17.45010 0.57327
C 61.58170 20.08590 0.15817
C 63.40270 22.70660 -0.40402
C 60.67990 22.92540 -0.05973
C 54.30130 7.40771 2.10548
C 52.12200 9.58361 1.25254
C 57.53380 9.86398 2.16337
C 57.33470 13.08670 0.67185
C 60.22220 14.00550 -0.14959
C 60.50120 17.13280 0.19682
C 57.32870 19.05480 -0.95337
C 57.65260 23.03560 -0.26144
C 56.69380 0.91044 1.96890
C 53.61700 1.13858 2.70505
C 50.78550 1.20720 2.98777
C 69.01930 95.39340 0.82227
C 66.16650 96.01230 1.18237
C 63.02370 -0.48029 1.27917
C 71.22560 0.40854 0.34700
C 68.33630 1.19288 0.83142
C 65.18240 1.98449 0.97818
C 61.95260 2.76847 1.36510
C 70.51630 3.57355 0.39056
C 67.42140 4.28428 0.63487
C 64.19490 5.06041 0.97793
C 60.98610 5.72274 1.35842
C 72.74230 6.09724 0.21655
C 69.56340 6.70212 0.37030
C 66.53990 7.48459 0.45627
C 63.40050 7.92683 0.75727
C 72.77120 16.10300 -0.81148
C 69.33550 15.50070 -0.52394
C 70.61980 18.40090 -0.52129
C 67.12630 17.80440 -0.21412
C 71.91250 21.29690 -0.55529
C 68.65070 20.69910 -0.50036
C 65.26930 20.13970 -0.22699
C 54.83210 11.20360 0.98745
C 52.01770 12.73180 0.63776
C 54.72380 14.25420 0.37868
C 51.79030 15.82980 -0.19810
C 57.68840 16.03510 0.44478
C 54.59480 17.45370 -0.50105
C 51.69920 18.81250 -1.02025
C 54.65850 20.78140 -1.21790
C 51.80830 21.93190 -1.77197
H 56.79700 -0.82737 3.64965
H 53.87610 -0.36433 4.61629
H 55.53990 2.22964 3.74695
H 54.21550 5.27513 3.34380
H 52.02740 7.84083 3.02578
H 59.79490 95.96620 3.26783
H 58.64250 1.62347 3.24947
H 57.53540 4.57795 3.31850
H 59.72330 6.77292 3.20406
H 56.54690 7.77030 3.29346
H 71.39670 7.17567 2.02142
H 68.25520 7.88330 1.67515
H 64.90840 8.75269 2.02983
H 61.65590 9.24869 2.22984
H 72.13880 11.21420 -0.22942
H 72.89750 14.03740 0.55908
H 69.70340 13.56810 0.97519
H 66.61670 12.78560 1.13116
H 64.64770 15.31690 1.28973
H 61.83950 18.39500 1.83504
H 60.40760 21.41070 2.04790
H 54.11690 9.77170 2.64621
H 51.22730 11.38780 2.63041
H 56.59400 11.77880 2.69161
H 59.24260 13.43400 2.35286
H 61.63040 15.19220 1.08215
H 59.15430 16.78960 2.27886
H 59.14160 19.26790 0.31041
H 56.29330 21.05190 0.30324
H 53.36270 22.46680 0.09302
H 50.77430 -0.12187 4.99437
H 52.42710 2.61277 4.33706
H 50.52010 5.13112 3.65050
H 71.12420 96.11530 1.95952
H 68.04810 -0.58435 2.47368
H 64.99990 0.20611 2.59406
H 61.88020 0.90876 3.00369
H 70.31170 1.82936 2.15709
H 67.10290 2.57424 2.37413
H 63.94990 3.27452 2.72737
H 60.68260 3.91384 3.04287
H 72.49030 4.13165 1.74307
H 69.33670 4.86681 2.09972
H 66.07900 5.66632 2.16366
H 62.87910 6.31827 2.62648
H 63.29380 12.44310 1.11373
H 71.02580 16.44950 0.93957
H 67.71510 15.89510 1.26255
H 72.17900 19.40440 1.00799
H 68.88870 18.92430 1.21007
H 65.69800 18.42430 1.43642
H 70.10960 21.89390 1.06112
H 66.89960 21.32530 1.12968
H 63.59910 21.03140 1.26179
H 53.78710 13.05730 2.31769
H 50.90600 14.57990 1.67262
H 56.36060 14.83090 2.14520
H 53.67040 16.23150 1.40782
H 50.75610 17.76300 0.98685
H 56.37400 17.93030 1.17620
H 53.50750 19.40790 0.52190
H 50.58270 20.80310 -0.07279
C 55.74260 -0.98732 5.92798
C 52.41180 95.98420 6.17885
C 49.27190 96.08490 6.44605
C 55.70560 4.37574 5.01488
C 52.47100 4.90468 5.21694
C 50.58950 7.28551 4.88431
C 60.19650 0.44182 4.75640
C 59.05810 3.48015 4.86198
C 57.83430 6.56517 4.86230
C 60.06980 8.98071 4.24444
C 71.22530 9.36210 0.97575
C 69.16020 9.93481 1.32809
C 65.11960 11.20480 2.42075
C 61.05030 11.68530 2.27252
C 71.31330 12.58620 1.86911
C 68.20050 12.49760 2.70551
C 66.34040 14.63320 2.91576
C 63.09390 14.13690 2.86029
C 63.83450 17.27670 2.51305
C 62.32380 20.36930 3.26759
C 63.95140 22.92870 2.79338
C 60.54850 23.40590 3.03509
C 54.24250 7.75750 4.06066
C 52.10850 10.10300 4.06832
C 57.67830 9.81275 4.10174
C 57.69570 13.65090 3.96763
C 60.42590 15.61120 3.29255
C 59.62730 19.08690 2.77448
C 57.43720 19.85850 2.18878
C 57.31900 23.03810 1.44673
C 57.08400 1.06814 5.14561
C 54.17290 1.76153 5.80531
C 50.85390 2.12620 5.96350
C 69.77290 95.76770 3.83242
C 66.63520 -0.88848 4.13476
C 63.47550 -0.20612 4.47375
C 71.95780 0.51871 3.35394
C 68.74480 1.41962 3.81465
C 65.54970 2.01763 4.15546
C 62.31340 2.81803 4.48178
C 70.87110 3.71121 3.61007
C 67.52980 4.43750 3.80013
C 64.51010 5.26425 4.07890
C 61.40680 5.73350 4.53983
C 73.08080 5.92299 3.44160
C 69.54530 6.86789 3.60525
C 66.53150 7.67888 3.53682
C 63.20290 8.35106 3.92707
C 72.80210 15.53220 2.38126
C 69.64600 15.27810 2.67949
C 70.81590 18.16600 2.63276
C 67.55780 17.67800 2.86877
C 71.76490 21.13520 2.65858
C 68.68190 20.73690 2.76183
C 65.45680 20.23330 2.80157
C 54.78760 11.62400 4.09759
C 51.83290 13.49970 3.74317
C 54.44360 15.13310 3.57052
C 51.69010 16.60830 2.92296
C 57.06890 16.88920 3.36842
C 54.38900 18.26310 2.58353
C 51.58660 19.76060 1.94958
C 54.45220 21.20270 1.90836
C 51.18440 22.88480 1.15182
C 73.90680 27.55370 -0.14153
C 63.53860 25.72340 0.27471
C 71.18290 28.98570 -0.95473
C 67.96470 28.77820 -0.85085
C 64.90310 28.66220 -0.51661
C 59.80420 26.03130 -0.75383
C 56.70190 26.74010 -1.10084
C 53.76620 27.15010 -1.40381
C 61.82450 28.81470 -0.67725
C 52.21510 30.06260 -1.06380
C 63.72210 31.70120 -0.21730
C 65.42970 33.96470 0.01267
C 64.53950 37.13230 -0.09753
C 62.95410 40.16170 -0.13850
C 49.97290 41.02910 -1.13784
C 61.33760 43.03730 -0.12381
C 58.27120 43.20320 -0.55067
C 52.41460 43.47330 -1.55474
C 57.15160 46.48300 -0.05048
C 53.29600 46.50060 -0.80149
C 51.60880 24.64460 -3.02655
C 71.17880 31.99970 0.44967
C 68.30930 31.70330 -1.51998
C 69.40790 34.21480 0.38517
C 67.87390 36.88850 0.08452
C 66.20410 39.93010 0.04870
C 64.70340 42.84350 0.05549
C 63.28650 45.58420 0.13570
C 50.51110 44.24510 -2.46245
C 73.00160 24.48280 -0.39832
C 69.92120 23.75090 -0.57907
C 66.61020 23.01930 -0.62536
C 70.63980 26.98240 -0.50528
C 67.18490 26.11480 -0.49250
C 58.65540 29.23790 -0.81932
C 55.43870 29.76490 -0.98550
C 60.45790 31.77120 -0.58972
C 57.30980 32.25810 -0.81251
C 53.88180 32.56760 -0.70147
C 50.78250 32.74180 -0.70219
C 62.25830 34.42960 -0.34323
C 59.21460 34.81270 -0.53982
C 55.95810 35.09150 -0.67483
C 52.63180 35.32110 -0.66545
C 61.03350 37.56150 -0.31934
C 57.84010 37.72290 -0.52450
C 54.81460 37.87220 -0.73644
C 51.30880 38.17340 -0.97348
C 59.71790 40.26160 -0.32142
C 56.54640 40.63560 -0.64947
C 53.56260 40.52160 -1.07119
C 55.20040 43.50110 -0.78336
C 54.51430 24.09730 -1.30335
C 73.24280 34.59320 -0.40325
C 71.00480 37.04290 0.17318
C 72.60320 39.96390 0.23343
C 69.47320 39.96850 0.14664
C 71.05420 42.78170 0.28270
C 67.73180 42.85290 0.07770
C 72.71080 45.66160 0.38325
C 69.33850 45.78840 0.38030
C 66.35960 45.67960 0.35075
H 65.03140 23.91830 0.87681
H 62.32520 23.96180 1.41842
H 71.99170 28.10280 1.27854
H 65.45220 26.89350 1.16747
H 69.67900 30.29710 0.19751
H 66.67660 29.83520 0.99027
H 59.31110 24.41950 1.03634
H 56.12570 24.90520 0.45237
H 61.47270 26.85380 0.88365
H 55.13560 27.79990 0.43209
H 52.06650 28.07900 0.16616
H 63.46830 29.62680 1.10474
H 50.67850 30.83340 0.79149
H 64.96740 32.27070 1.86488
H 63.81000 35.19460 1.28395
H 62.70640 38.18620 1.27547
H 49.54610 39.09370 0.45845
H 61.22420 41.08230 1.40881
H 51.77610 41.80050 0.07230
H 59.91640 44.04030 1.26179
H 56.67100 44.29330 1.15083
H 53.33800 44.43740 0.67089
H 53.00750 25.39050 0.14809
H 51.45790 26.50550 -2.37254
H 72.88790 32.64010 1.10191
H 69.60630 32.67360 2.31509
H 67.46460 32.78780 0.05838
H 67.87620 35.40560 1.96954
H 66.17360 38.09980 1.63675
H 64.51840 40.89890 1.63872
H 62.99910 43.58530 1.66048
H 49.03020 43.41090 -0.88406
H 73.10580 22.55880 1.16861
H 71.10700 25.06980 1.02942
H 68.03520 24.29110 0.89475
H 68.78320 27.36250 0.92752
H 58.23600 27.34860 0.69646
H 60.24190 29.90090 0.88577
H 57.06390 30.32230 0.67185
H 53.83660 30.53760 0.73802
H 61.94540 32.53190 1.22702
H 58.87250 32.86920 0.96150
H 55.62750 33.18350 0.75471
H 52.41440 33.47170 1.04411
H 60.69420 35.60730 1.22597
H 57.58970 35.80070 1.02182
H 54.36440 36.06340 0.94473
H 51.05380 36.26160 0.66316
H 59.37070 38.49060 1.31986
H 56.20270 38.74940 0.93514
H 52.96220 38.90080 0.62896
H 58.05200 41.39460 1.13969
H 54.86990 41.61540 0.75142
H 50.47010 23.84310 -0.92236
H 71.04950 35.41470 1.78014
H 72.59490 38.04990 1.82396
H 69.31950 38.09830 1.68771
H 71.01150 40.86660 1.86618
H 67.78550 41.00010 1.66428
H 72.60290 43.76640 1.91593
H 69.39670 43.75340 1.71239
H 66.13200 43.68260 1.80929
C 73.83630 27.62080 3.01068
C 63.40130 26.02250 2.21882
C 72.10510 30.34410 2.12597
C 68.81710 29.40720 2.28769
C 65.19080 28.71440 2.74406
C 59.66580 26.40700 2.46657
C 56.35610 26.61620 2.16916
C 53.47500 26.98130 1.89838
C 61.62650 28.75210 2.51841
C 52.18060 29.47150 2.19483
C 63.42870 31.39630 2.97652
C 66.06440 34.45450 2.05725
C 64.24820 37.09460 2.89937
C 62.70540 39.98400 3.03057
C 49.30610 41.50020 0.48881
C 61.20740 42.78700 3.16657
C 58.11940 43.16400 2.93059
C 51.54620 43.77520 1.71904
C 57.14980 46.54020 1.92154
C 53.44840 46.18990 2.45411
C 50.67270 26.06520 0.05360
C 70.92300 31.10640 3.65875
C 67.31560 31.83520 2.43456
C 69.48240 34.55010 3.64331
C 67.74200 37.39030 3.46488
C 66.16470 39.99500 3.24556
C 64.50880 42.62550 3.33917
C 63.06850 45.35920 3.37722
C 49.14210 45.54760 0.22415
C 72.67930 24.38550 2.80653
C 69.64850 23.82010 2.59574
C 66.62120 23.18280 2.56943
C 70.57430 26.90950 2.61928
C 67.42850 26.07040 2.46949
C 58.50100 29.19800 2.31087
C 55.37990 29.41120 2.19992
C 60.11660 31.65280 2.63337
C 57.06870 32.03410 2.34765
C 54.06110 32.28710 2.43297
C 50.52460 32.65000 2.52787
C 62.05130 34.37260 2.88296
C 58.96850 34.64010 2.68597
C 55.82190 34.88760 2.51927
C 52.48870 35.41010 2.46978
C 60.95930 37.43200 2.89925
C 57.55490 37.54300 2.69032
C 54.36060 37.99530 2.41562
C 50.96830 38.33220 2.08876
C 59.43850 40.34090 2.93209
C 56.20860 40.55650 2.56395
C 52.92950 40.80570 2.03372
C 54.96060 43.49060 2.41416
C 54.27310 24.06970 1.78460
C 72.51150 33.95900 3.24525
C 70.92950 37.27960 3.43070
C 72.58560 39.87710 3.50723
C 69.26150 39.90410 3.32343
C 70.99070 42.85950 3.45296
C 67.82780 42.81260 3.33878
C 72.61550 45.50290 3.67577
C 69.41110 45.46030 3.51594
C 66.05470 45.55930 3.49733
C 53.43800 60.27940 -0.73658
C 50.34900 60.85090 -0.79139
C 59.54050 64.42060 0.53612
C 56.13330 64.06410 -0.06330
C 49.92570 63.67160 -1.18949
C 60.70970 67.46920 0.75828
C 64.88630 71.24990 1.37492
C 61.59550 70.47740 1.07428
C 67.13650 48.72720 1.33720
C 64.00010 48.47670 0.43524
C 72.58250 51.06020 0.43185
C 69.61030 52.79380 1.20893
C 73.77860 54.12180 2.57980
C 73.27690 68.19670 0.95278
C 51.52000 47.40750 -0.94226
C 52.33830 51.06340 0.18250
C 51.44810 54.34290 -0.52677
C 51.10500 57.72620 -0.57318
C 60.63370 47.47800 -0.19168
C 64.76160 51.57320 0.95725
C 61.63390 50.48020 0.36835
C 58.55030 49.85260 -0.28751
C 70.44940 55.84080 3.09850
C 67.71690 53.50190 4.07805
C 65.53690 54.43310 1.57457
C 56.04350 52.14150 -0.41146
C 72.66350 58.59450 3.53134
C 53.52750 54.54050 -0.40157
C 57.82410 58.43130 -0.19944
C 54.67240 57.47260 -0.36578
C 62.00370 61.97430 0.78917
C 59.08140 61.46650 0.02884
C 72.10330 66.73960 1.87518
C 62.85350 64.92930 0.98291
C 70.54920 69.72610 2.02125
C 66.97590 68.79910 1.43245
C 63.78000 68.04860 1.20016
C 53.03540 63.40710 -0.30520
C 57.62050 67.13820 0.28070
C 54.27650 66.82070 -0.28311
C 51.04910 66.52030 -0.73815
C 58.63310 70.06790 0.74311
C 55.49130 69.66530 0.10459
C 52.26100 69.47750 -0.31653
C 70.99280 48.43870 0.48328
C 49.26530 49.37240 -0.96767
C 49.06320 52.53720 -0.82344
C 55.12980 49.07420 -0.67811
C 62.29940 53.50680 0.69600
C 59.20760 52.98730 0.09719
C 69.36830 57.62460 3.02911
C 66.30830 57.14810 1.86208
C 63.27140 56.49610 0.91610
C 59.96840 55.86010 0.17415
C 56.80700 55.20750 -0.21298
C 70.38670 60.69810 2.54003
C 67.26510 60.09980 1.94535
C 64.17670 59.62430 1.18585
C 61.10940 59.01610 0.46069
C 71.33590 63.74830 2.04795
C 68.15610 63.03280 1.75934
C 65.06940 62.54880 1.21720
C 69.05020 66.30870 1.66574
C 65.88890 65.79450 1.36397
H 72.24970 56.35540 4.76434
H 54.82920 61.93710 0.39287
H 52.04000 61.50670 0.88272
H 49.02150 62.32840 0.67990
H 60.80080 65.67610 2.33092
H 57.51200 65.11790 1.77581
H 61.83860 68.64530 2.63482
H 55.00510 47.51320 0.78583
H 64.47290 46.44140 1.75578
H 69.47820 49.13700 2.27216
H 64.96210 49.52740 2.26714
H 72.05630 52.29030 2.09546
H 51.12550 48.99310 0.97282
H 50.54380 52.63550 1.04152
H 50.19460 55.94320 1.06023
H 49.76620 59.14070 0.82986
H 61.87610 48.54090 1.86702
H 58.66880 48.19260 0.90464
H 65.51280 52.50860 3.30237
H 62.62800 51.64980 2.29840
H 56.48750 50.42430 1.02303
H 69.02380 56.33650 5.20330
H 66.24790 55.50670 3.69883
H 54.01550 52.60490 1.06195
H 70.48620 59.14580 4.64286
H 54.88700 55.71380 1.40637
H 71.40880 62.10100 3.57687
H 55.85980 59.06340 1.30019
H 52.84840 58.51680 1.01878
H 72.27500 65.19140 3.97553
H 59.97550 62.58060 2.12651
H 57.37090 62.05170 0.81237
H 70.30260 67.61480 3.30312
H 63.94690 66.22030 2.84256
H 68.15020 69.99190 3.04769
H 64.98330 69.33190 2.89279
H 54.23340 64.87100 1.23354
H 51.10510 64.58290 0.77412
H 58.81460 68.12830 2.25762
H 55.63810 67.71070 1.60797
H 52.36170 67.51490 1.07255
H 56.67150 70.64730 2.05258
H 53.64620 70.36380 1.53387
H 50.39350 69.95060 1.25478
H 71.06070 46.48700 2.02951
H 67.72570 46.49000 2.16312
H 72.66560 49.17280 2.13193
H 59.58420 51.09500 1.64875
H 63.36440 54.73060 2.50831
H 60.23470 54.07110 1.91735
H 57.16130 53.43700 1.45879
H 67.14360 58.45960 3.78378
H 64.15200 57.79540 2.84046
H 61.14810 57.11000 1.95922
H 57.96480 56.57980 1.45288
H 68.28930 61.52280 3.68654
H 65.22670 60.88520 3.07204
H 62.06360 60.14270 2.43552
H 59.00120 59.57330 1.67761
H 69.28650 64.50710 3.30006
H 66.16860 63.92100 2.93174
H 63.11390 63.17400 2.62254
H 67.13710 66.96310 3.15667
C 53.87730 60.49290 2.19268
C 50.16030 60.97500 2.36594
C 59.07060 64.39450 3.58918
C 55.74680 63.33890 2.27976
C 48.71500 64.64980 1.33113
C 60.30690 67.37890 4.09492
C 64.63160 71.17890 4.53298
C 61.42950 70.47080 4.26550
C 67.09790 48.66480 3.17801
C 63.39730 47.86920 3.50136
C 72.44450 50.99710 3.90048
C 69.47080 51.54240 2.75916
C 73.27100 54.21300 4.72714
C 74.08360 68.36650 4.24195
C 51.68490 47.11990 2.60004
C 52.27830 51.07480 2.02868
C 51.23530 54.23420 2.72565
C 51.10890 57.87920 2.50527
C 60.49950 46.48770 1.52008
C 64.19120 51.08760 4.19666
C 61.01340 50.22420 3.48959
C 58.10580 49.55430 2.82616
C 70.78370 56.04380 6.92148
C 67.34560 54.65820 5.76368
C 64.36750 54.34400 4.74464
C 55.70430 51.96910 2.81667
C 71.45490 57.96420 6.63131
C 53.37740 54.13670 2.74636
C 57.19560 58.41740 3.02747
C 54.36790 57.37610 2.70672
C 61.41370 61.96060 3.98205
C 58.07240 61.35820 3.14083
C 72.26910 67.48610 4.94687
C 62.32000 64.95720 4.16917
C 70.55320 70.03380 3.76002
C 66.54020 68.74210 4.73016
C 63.48750 68.11170 4.39999
C 52.60470 63.34880 2.29529
C 57.02630 66.91210 3.46043
C 53.81950 66.51590 2.82138
C 50.79580 66.23140 2.51867
C 58.13440 69.89090 3.90988
C 54.99030 69.33620 3.33924
C 51.97360 69.12810 2.92405
C 70.80300 48.36110 3.63987
C 49.28490 49.20690 2.24678
C 48.53890 52.44200 2.43785
C 55.01370 48.99330 2.61119
C 61.71440 53.35680 3.72152
C 58.70400 52.72010 3.26567
C 68.37500 58.35900 5.98059
C 65.32470 57.29670 4.98875
C 62.39870 56.47040 3.94632
C 59.48090 55.85470 3.32187
C 56.67000 55.20590 3.09413
C 70.03520 61.19810 5.54879
C 66.67770 60.49960 5.06848
C 63.49300 59.66360 4.32928
C 60.32570 58.81050 3.56912
C 70.91190 64.03840 5.15107
C 67.63950 63.56620 4.88141
C 64.59940 62.80200 4.52132
C 69.08110 66.54890 4.74695
C 65.61100 65.75020 4.60852
C 70.65030 86.36340 0.87265
C 66.97910 85.01430 2.11837
C 65.84450 87.24030 5.23980
C 62.75100 88.46940 3.04197
C 62.08920 91.33830 2.26881
C 58.81290 91.45000 3.05798
C 57.84610 95.30040 1.86409
C 49.57140 76.05670 0.94561
C 51.59660 77.49680 2.95417
C 55.93120 80.47320 1.32874
C 62.38220 84.57820 0.71642
C 49.63300 90.32190 3.47141
C 60.90140 86.97800 3.21952
C 57.71290 88.39770 3.39502
C 52.50790 91.37550 4.04853
C 59.23490 90.58180 5.03455
C 54.92020 93.77170 3.31297
C 66.10230 74.71650 2.42341
C 49.51660 72.21170 0.55764
C 63.97970 76.36320 0.79605
C 54.47640 75.35190 0.62547
C 51.41120 75.07450 0.45217
C 65.28450 78.83990 0.40720
C 62.23430 78.93910 0.84736
C 58.78110 78.82230 1.00346
C 54.87810 78.58980 1.35270
C 67.32430 82.38930 0.49096
C 63.85200 81.58980 0.48872
C 63.80650 84.80500 2.20662
C 73.10800 71.48100 0.64459
C 70.44190 73.31090 1.10738
C 70.27010 76.48750 0.95117
C 68.55790 73.77200 0.98441
C 70.23740 80.04800 0.89774
C 70.59280 83.37710 0.88793
C 70.82200 89.29090 1.07355
C 67.67310 89.56350 2.22835
C 64.99800 90.58910 2.28633
C 69.95230 92.31390 0.87936
C 66.94850 92.80430 1.51427
C 64.02410 93.76300 1.69879
C 60.96050 94.46510 1.68337
C 72.05090 94.60580 0.26517
C 49.27760 79.85780 1.97963
C 52.69190 81.37330 2.60955
C 49.52940 83.26490 2.07988
C 59.73850 82.00880 2.11607
C 55.55930 83.44530 2.31418
C 52.54310 84.76600 2.48565
C 49.73300 86.64830 2.57323
C 58.24110 85.14240 3.01841
C 55.25930 86.58910 3.05461
C 52.39290 88.03190 3.10477
C 55.14240 89.68020 3.84742
C 62.69490 73.40720 0.98270
C 59.67530 73.00570 0.88137
C 56.56840 72.58480 0.47541
C 53.48020 72.40040 0.07831
C 60.88270 76.17140 0.95133
C 57.63780 75.88130 0.82307
C 72.91720 74.86650 0.37487
H 49.83990 94.47560 4.64558
H 69.14970 84.99650 2.35245
H 62.56710 87.16540 5.16973
H 70.67140 87.66960 3.02386
H 67.32870 87.38480 3.43091
H 64.75760 89.29770 4.40655
H 61.68300 90.22170 4.52100
H 60.67900 93.00420 3.53074
H 57.46370 93.58220 3.74150
H 51.06980 79.82090 3.80607
H 55.05600 81.59260 3.42595
H 62.18790 82.58390 2.10544
H 57.43850 83.36730 4.06139
H 60.06990 85.16850 4.83805
H 59.62590 88.10080 5.07505
H 57.01780 89.53970 5.44105
H 54.12380 90.83800 5.86635
H 50.40200 91.77940 5.32941
H 66.11390 72.26410 3.49504
H 62.91560 71.72130 2.78181
H 64.16210 74.61860 2.51555
H 51.64500 72.86940 1.59516
H 65.84130 77.32170 2.38259
H 55.92460 76.56900 2.45764
H 52.82590 75.63940 2.50280
H 66.85690 80.22810 1.90915
H 64.01390 79.88350 2.31410
H 60.75320 79.74420 2.41603
H 57.93620 80.30700 2.70599
H 65.39030 82.88700 2.15005
H 71.78880 71.76200 2.51513
H 69.15520 72.87290 3.32887
H 68.42850 75.70100 2.45644
H 68.79990 78.34330 2.03136
H 72.22000 84.76750 2.08333
H 69.12760 81.84550 2.10195
H 52.93070 93.79570 4.87166
H 69.81760 90.75250 2.74559
H 66.86960 91.58140 3.56011
H 63.82130 92.35850 3.66902
H 71.96650 93.01040 2.12769
H 68.99470 93.75260 2.61536
H 65.98400 94.52230 2.98428
H 62.87490 95.33590 3.08543
H 51.32560 83.11920 3.68643
H 54.30940 84.58050 4.24046
H 51.40660 86.10510 4.29987
H 56.98250 86.47170 4.76672
H 54.07000 87.71400 4.97141
H 51.37410 89.34950 4.83743
H 59.81290 71.21370 2.62343
H 61.01780 74.30170 2.52270
H 57.89770 73.81510 2.25068
H 54.88200 73.26220 1.94819
H 62.45650 77.17900 2.56114
H 59.17140 76.92940 2.57937
H 71.52750 74.99130 2.45272
H 71.63330 78.27910 1.84974
H 71.88230 81.59130 1.87946
C 72.09480 86.55940 3.84527
C 68.87480 86.52940 4.48715
C 66.42980 87.48180 6.87945
C 63.00690 88.89230 6.33373
C 62.12890 92.22780 5.56665
C 56.06910 93.30490 7.36437
C 58.12480 95.00270 4.91927
C 49.77430 76.37740 3.13959
C 52.18260 77.93580 4.96058
C 56.34300 79.87730 4.59483
C 61.47010 83.87910 4.25538
C 49.16310 89.69600 5.83165
C 60.83370 86.56560 6.79138
C 57.84350 87.61370 6.76958
C 51.93070 90.59970 6.90697
C 56.37970 91.96930 5.47885
C 54.05310 93.00870 7.09698
C 66.57180 73.80920 5.55241
C 49.47070 71.93350 2.45023
C 64.19870 76.48960 4.18763
C 54.78530 74.82170 3.95577
C 52.05820 73.68630 3.92721
C 65.70460 79.27470 4.03848
C 62.52610 79.06020 4.07984
C 59.28970 78.73340 4.23364
C 55.50680 77.96480 4.58795
C 67.28170 82.06170 3.75291
C 63.96530 81.85220 3.90668
C 64.51560 85.59010 5.38486
C 73.89030 71.92840 3.77103
C 71.15660 73.39180 4.33777
C 70.38700 76.89700 3.47892
C 68.32250 74.70060 4.83611
C 70.43150 80.02930 3.06834
C 70.72610 83.23300 3.29992
C 71.45040 89.69030 4.30574
C 68.24660 89.71180 4.35223
C 65.22030 91.23050 5.44648
C 70.60150 92.64830 4.13595
C 67.56470 93.68300 4.62803
C 64.36060 94.39630 4.80728
C 61.34700 95.00540 4.95206
C 72.77180 94.96190 3.44441
C 49.38490 79.93310 5.30446
C 52.84470 81.33540 4.54942
C 49.48640 83.19060 5.35371
C 59.14420 82.01620 4.21831
C 55.46760 82.85730 5.53708
C 52.31230 84.27890 5.68859
C 49.27960 86.40080 5.52688
C 57.95960 84.60480 6.16344
C 55.07870 85.86560 6.23834
C 52.03030 87.50550 6.28214
C 55.02200 88.98620 6.94293
C 62.67670 73.67870 4.22930
C 59.48910 73.17930 4.08336
C 56.45650 72.52740 3.69295
C 53.27490 72.08040 3.31530
C 60.97190 76.18170 4.16643
C 57.88290 75.58810 4.04765
C 73.69070 75.13000 3.42895
C 89.71440 2.34293 -2.76157
C 93.79340 5.01991 -3.40601
C 90.32040 4.89172 -0.78695
C 95.04580 8.05707 -3.72793
C 82.60880 0.42885 -2.36367
C 79.46600 1.16631 -2.02856
C 78.63190 4.48484 -0.85151
C 75.91840 5.55479 -0.02748
C 74.86430 8.90353 0.72791
C 71.69170 9.86014 -2.54577
C 74.38630 14.42940 -1.41896
C 76.48710 16.41680 0.19566
C 77.51260 19.82330 0.50395
C 86.57920 2.17482 -1.55110
C 83.43480 3.20833 -0.72823
C 81.58870 5.42782 -1.76060
C 86.19390 5.65936 -1.85647
C 80.58690 8.32220 -1.69648
C 77.47450 9.39979 -1.39285
C 92.61830 7.75860 -1.83699
C 88.60430 7.74736 -1.72128
C 77.21540 12.46390 -1.28215
C 95.13920 9.78565 -2.42896
C 79.45250 14.45730 -1.30004
C 0.82200 11.76220 -4.00341
C 81.25260 16.98610 0.09953
C -0.05920 14.86440 -2.06703
C 80.76870 20.08410 -0.68102
C 95.07390 18.08880 -1.06547
C 92.69230 18.59860 -0.06365
C 89.77890 19.56570 -0.21929
C 86.78390 21.27500 0.52994
C 0.36670 20.06970 -1.52382
C 95.19850 22.80340 -1.16811
C 0.93915 -0.20751 -4.14566
C 94.68060 -0.36123 -3.98992
C 91.27700 -0.56726 -3.48301
C 87.91050 -0.44527 -3.06327
C 95.98370 2.49431 -3.90342
C 92.65770 2.31128 -3.35935
C 0.25975 5.51817 -4.03112
C 80.40400 95.49510 -2.13744
C 77.12680 96.17970 -1.28643
C 74.10720 -0.36789 -0.40933
C 76.39900 1.82581 -1.33294
C 73.53550 2.91420 -0.29501
C 74.21850 19.08640 -0.39333
C 75.12260 22.07290 -0.04082
C 83.16100 6.61379 -1.36237
C 85.85970 8.86569 -1.43681
C 83.13490 10.16270 -1.39566
C 80.15510 11.48080 -1.30570
C 90.42320 9.96957 -2.06437
C 88.11950 11.10160 -1.49374
C 85.48950 12.23750 -1.16199
C 82.75100 13.16850 -1.25436
C 92.67560 12.34760 -2.42051
C 90.70970 13.09430 -1.45657
C 87.66300 14.49050 -0.99687
C 84.70880 15.74940 -0.64208
C 93.11420 15.36290 -1.43989
C 90.30680 16.52200 -0.76585
C 87.22980 17.76960 -0.43991
C 84.20540 18.89780 -0.43194
H 89.86600 0.18234 -1.70191
H 91.59200 2.84288 -1.20558
H 88.66000 2.98542 -0.54856
H 95.72320 6.15701 -2.31183
H 92.68040 5.74592 -1.15932
H 85.55520 95.33050 -1.31641
H 84.45880 0.99574 -0.69693
H 81.45720 1.64783 -0.37094
H 78.31670 2.42822 -0.19084
H 77.91120 5.04187 1.55613
H 74.55130 6.62935 1.82992
H 76.01400 13.92340 0.32851
H 77.22670 17.91780 2.11987
H 78.28400 20.82630 2.75088
H 85.68670 3.98482 -0.13124
H 82.53800 5.16223 0.56915
H 79.87040 6.62331 -0.53956
H 88.24850 6.08986 -0.48797
H 76.42700 10.80580 0.36544
H 90.63460 8.22234 -0.39921
H 78.96560 12.76400 0.41402
H 0.64733 9.76755 -2.12586
H 92.85280 10.24060 -1.41404
H 78.92090 15.98040 0.31580
H 79.88960 18.94280 0.67666
H 95.19960 15.66060 -0.59809
H 83.04160 19.76900 1.68296
H 80.78220 21.93400 1.23939
H 94.71510 18.14980 1.47243
H 91.81990 19.32520 1.57134
H 89.25450 21.01640 1.32560
H 0.36452 17.91090 -0.28782
H 95.63150 20.46020 -0.28748
H -0.67325 0.51310 -2.39585
H 93.17020 0.27841 -2.09932
H 0.70080 3.57400 -2.50284
H 94.56700 3.15327 -2.05836
H 74.09980 95.35100 1.36923
H 82.37630 96.07500 -0.77515
H 79.31460 -0.58095 -0.29165
H 76.14200 0.17673 0.42280
H 73.33330 1.10241 1.41824
H 75.39130 3.23814 0.52573
H 74.20120 16.99410 0.88016
H 75.31450 20.17570 1.57507
H 77.07330 7.77008 0.43674
H 85.22370 7.03797 -0.03960
H 82.40250 8.38667 0.01874
H 79.42790 9.66802 0.07601
H 87.75700 9.23370 0.04723
H 84.92140 10.31670 0.30449
H 81.95710 11.49240 0.34255
H 90.11340 11.35610 -0.12779
H 87.32270 12.50230 0.35739
H 84.40900 13.53720 0.56652
H 81.44250 14.47960 0.32209
H 92.81490 13.25330 -0.04792
H 89.69740 14.51920 0.36327
H 86.67230 15.72540 0.91653
H 83.68420 16.73110 0.91306
H 92.25460 16.32720 0.72146
H 89.12270 17.60560 1.23850
H 86.06130 18.88970 1.27693
C 89.92310 1.71825 0.37599
C 94.62530 4.95164 -0.26469
C 90.97490 5.17451 1.67025
C 95.39810 7.82303 -0.52532
C 83.24050 0.22175 0.97082
C 80.10300 1.35235 1.25394
C 78.05350 3.23664 3.14122
C 76.98330 6.45992 2.73765
C 74.50800 8.96233 2.70329
C 72.00020 9.40251 2.99062
C 74.33490 12.05600 0.62377
C 76.02480 15.69440 2.01626
C 76.31030 19.55820 3.77417
C 86.62770 1.78509 0.30074
C 83.80220 3.46229 1.40777
C 80.27540 4.97629 1.42876
C 86.52650 5.29456 1.24326
C 80.52370 7.91205 1.48719
C 77.86070 9.60625 1.96761
C 92.01360 6.88625 1.03856
C 89.08800 7.61565 1.33518
C 77.10840 12.38000 2.03038
C 0.15330 8.49179 0.03728
C 79.68390 14.40170 2.14907
C 2.36187 10.83540 -0.54754
C 79.28320 17.23720 2.62427
C -0.34575 13.68550 -0.60465
C 80.75310 19.98270 2.86345
C 95.67180 15.96690 1.85053
C 92.78420 17.33890 2.89474
C 89.77770 19.20240 3.09235
C 86.91080 20.83730 2.47301
C -0.21044 19.39480 1.68186
C 95.24070 21.98230 1.83777
C 1.12522 -0.44333 -0.91509
C 94.93460 -0.72672 -0.74844
C 91.63700 -0.88831 -0.51675
C 87.58640 -0.65819 -1.24391
C -0.57880 2.34036 -0.74440
C 93.22510 2.04114 -0.21372
C 0.64753 5.46642 -0.85780
C 80.86770 95.65410 1.11422
C 77.90360 -0.88697 1.72367
C 75.04500 -0.17899 2.55757
C 77.09010 2.02990 1.88425
C 74.25030 2.93442 2.77003
C 73.81740 18.46210 2.62319
C 74.61480 21.91610 3.10246
C 83.46020 6.90439 1.70632
C 86.05030 8.59062 1.63290
C 83.02950 9.92517 1.82736
C 80.09260 11.20020 1.82504
C 91.83660 9.93316 0.83616
C 88.57200 10.93000 1.67976
C 85.60670 12.00320 1.98978
C 82.58100 13.09260 2.08474
C 94.30720 11.59130 0.32739
C 91.24750 12.90530 1.42945
C 87.96610 14.04800 2.09232
C 84.91670 15.04940 2.45765
C 93.94880 14.91060 1.51373
C 90.40240 15.86950 2.31261
C 87.19760 17.31560 2.80931
C 84.10830 18.41870 2.95582
C 82.07230 47.64250 1.03221
C 91.24990 45.49210 -0.79074
C 0.39553 47.00180 -2.78395
C 84.60180 24.45710 0.23889
C 81.72260 24.06050 2.13597
C 89.96070 26.51590 -0.07020
C 86.83830 27.03630 0.31476
C 80.61400 27.60420 1.05836
C 88.95190 29.36450 0.34299
C 79.47770 31.01710 0.61103
C 90.98460 31.81970 0.21617
C 78.52300 34.04160 0.53115
C 93.13960 34.16880 -0.01246
C 80.52620 36.51600 0.42904
C 94.96840 36.65260 -0.00952
C 82.43290 38.93190 0.15889
C 84.41220 41.36960 -0.00927
C -0.82427 41.59780 -0.69724
C 93.01280 42.44940 -0.51133
C 89.49380 43.24540 -0.09670
C 86.31080 44.19080 0.48813
C 83.98870 44.69570 0.66260
C 95.50490 44.71320 -1.07156
C 78.39760 22.64360 0.87315
C 79.45420 25.81710 0.63082
C 77.36980 28.48630 0.44257
C 75.68320 31.21780 -0.92554
C 74.85250 34.22480 -1.71282
C 77.36470 36.84470 0.42301
C 79.00740 39.75670 0.48160
C 81.07550 42.45170 0.68226
C 79.29940 45.50810 0.19069
C 83.04450 21.75970 0.04704
C 88.77060 23.55640 1.21687
C 93.32120 25.46270 0.28681
C 89.82700 24.22850 -0.40808
C 92.16230 28.91300 0.00230
C 94.33060 31.23360 -0.09002
C -0.57086 33.81620 0.04029
C 83.75580 27.39790 0.76943
C 85.76090 29.78630 0.59591
C 82.56170 30.27350 0.81217
C 87.91890 32.11590 0.35025
C 84.67950 32.74250 0.42084
C 81.62770 33.24640 0.52127
C 90.01440 34.67430 0.20022
C 86.84100 35.22830 0.16115
C 83.61090 35.80830 0.34905
C 91.98740 37.20460 0.08702
C 88.82900 37.72710 0.03444
C 85.62790 38.35730 0.06214
C 0.29133 39.00460 -0.19501
C 94.25800 39.62250 0.01636
C 90.90610 40.19890 -0.07354
C 87.81010 40.74660 0.03557
C 76.03020 24.86260 -0.03510
C 74.22900 37.27200 0.22717
C 75.93550 39.82910 0.40686
C 77.45150 42.52700 0.35819
C 74.22120 42.70640 0.35192
C 75.91870 45.59340 0.29429
C -0.12533 25.57300 -0.66973
C 95.60370 28.36620 -0.40071
C 0.57003 30.93610 -0.08197
H 84.49930 46.98890 1.05896
H 93.59490 45.97470 -0.08050
H 86.79350 25.14090 1.40215
H 83.77590 25.46010 2.55412
H 88.73060 27.45560 1.81964
H 82.50680 28.55730 2.55642
H 79.17450 29.33380 1.99989
H 90.83300 29.90420 1.84241
H 80.32770 34.64850 2.02765
H 94.87680 34.82240 1.60285
H 82.32000 37.18720 1.98077
H -0.35933 37.35830 1.50646
H 84.25210 39.56920 1.73200
H -0.94715 40.36100 1.49178
H 83.37400 42.55390 1.39750
H 94.92150 43.16630 0.77157
H 91.64780 43.82100 0.99380
H 88.50970 44.45140 1.47130
H 85.47200 44.64030 2.78022
H 79.24160 24.26180 2.56689
H 77.25610 26.35540 1.41641
H 75.12340 28.78470 1.70090
H 76.11200 33.30800 0.22651
H 77.36020 35.28700 2.39014
H 79.00620 37.82000 2.01389
H 81.01590 40.15670 1.75495
H 78.99290 43.39910 1.56092
H 84.91780 22.40880 1.70045
H 93.85200 22.92840 1.09100
H 91.84310 26.94230 1.49624
H 94.14900 29.25700 1.44141
H 96.05010 31.90860 1.56718
H 85.59240 27.98720 2.30137
H 87.56750 30.39540 2.10934
H 84.44130 31.02790 2.26646
H 81.23720 31.67150 2.34658
H 78.19260 32.36160 2.52453
H 92.92580 32.36820 1.65510
H 89.63020 32.91900 1.93001
H 86.57990 33.43500 1.87783
H 83.39730 34.05240 2.05614
H 91.69600 35.37310 1.65086
H 88.57560 35.94410 1.76307
H 85.48550 36.53030 1.71549
H 93.74390 37.93720 1.72939
H 90.58920 38.39130 1.61350
H 87.41270 38.90990 1.66448
H 92.73570 40.91050 1.46004
H 89.63430 41.38840 1.66508
H 86.43320 41.91580 1.40367
H 76.27850 23.23860 1.82281
H 74.18690 25.66030 1.41738
H 74.25880 35.27510 1.89003
H 75.82650 38.00580 1.99284
H 77.47110 40.75490 2.19627
H 74.21700 40.79100 1.93919
H 75.89050 43.65040 1.93311
H -0.13282 23.39340 0.52617
H 95.44040 26.43390 1.18966
H 0.29368 28.92370 1.31397
C 84.18050 46.41770 3.62527
C 92.43790 45.80530 2.19538
C -0.51576 48.83260 0.49147
C 85.24010 24.33890 3.38731
C 80.96050 23.78310 4.06356
C 90.17380 25.80590 2.94735
C 87.17960 26.53340 3.51367
C 80.69610 27.63480 3.19945
C 89.12320 29.10820 3.51011
C 79.61710 30.66880 3.98154
C 91.25800 31.74230 3.41588
C 78.92980 34.05530 4.01523
C 93.15650 34.22290 3.28087
C 80.42800 36.58890 3.54328
C 95.12570 36.65610 3.22941
C 82.56270 39.16740 3.43487
C 84.74520 41.53410 3.17260
C -0.64763 42.31000 2.63051
C 93.35790 43.03230 2.59286
C 90.22650 43.44720 2.95785
C 87.17020 44.26130 3.65902
C 83.78780 43.15250 3.72835
C -0.45182 45.00720 0.68026
C 77.79420 22.62760 3.79988
C 77.91130 25.93760 3.76480
C 77.05040 28.70550 2.30382
C 74.90140 31.10330 0.87448
C 75.84550 33.42480 2.81700
C 77.34320 37.30150 3.84276
C 79.38040 39.78380 3.52396
C 81.13970 42.38720 2.53467
C 79.93450 45.59620 1.93789
C 83.58000 21.71960 3.36062
C 91.63120 21.94540 1.59928
C 93.53990 25.14210 2.23610
C 90.30560 26.08040 4.61595
C 92.40490 28.37080 3.12093
C 94.34600 31.01580 3.13295
C -0.84487 33.66110 3.30190
C 84.07600 27.49260 4.14604
C 85.96130 29.85120 3.87593
C 82.70360 30.55020 3.99264
C 87.89930 32.27550 3.61169
C 84.92240 32.97990 3.66793
C 81.69220 33.64200 3.77807
C 90.00830 34.79420 3.36860
C 86.84020 35.39960 3.39766
C 83.85330 35.99040 3.48186
C 92.00040 37.23010 3.26838
C 88.89310 37.72420 3.26405
C 85.67980 38.33380 3.32351
C 1.12950 39.17100 2.03613
C 94.27970 39.89910 3.09005
C 91.11220 40.22010 3.23868
C 87.83230 40.86380 3.19339
C 75.95640 25.18810 3.17574
C 74.12140 37.19540 3.58236
C 75.95690 40.00330 3.52981
C 77.66550 42.78780 3.56732
C 74.25410 42.76890 3.45093
C 75.99460 45.52220 3.52660
C -0.22729 25.00300 2.42989
C 95.66770 27.99330 2.99647
C 0.49433 30.61410 3.06062
C 88.33640 46.59800 0.33178
C 85.46690 48.23030 -0.41910
C 82.27450 49.72850 0.97089
C 79.50970 51.50930 1.34080
C 76.77930 53.18210 0.88583
C 93.80930 47.48320 -1.39085
C 76.70350 56.51330 1.46737
C 74.33680 57.63800 4.64579
C 76.42920 59.71300 1.77105
C -0.50232 52.29510 -1.65015
C 93.68640 53.78160 -1.39337
C 90.78920 55.27900 -1.25785
C 87.85200 56.45010 -1.02838
C 76.45690 62.93890 1.32899
C 88.28540 59.52700 -0.82119
C 85.43250 61.55890 -0.22943
C 79.19440 64.26980 0.44388
C 84.45000 64.57360 -0.72256
C 81.95770 66.50500 0.43957
C 85.82930 67.68550 -0.50171
C 77.67250 48.57740 1.28536
C 75.61120 51.50780 0.95767
C 81.52290 69.78320 -0.66258
C 79.14440 67.98450 0.81247
C 76.11290 66.34870 1.88001
C 74.00420 64.26600 3.68500
C -0.32855 55.83270 -0.82483
C 93.49470 56.91370 -1.37177
C 92.42410 60.03950 -1.65852
C 91.21910 62.89540 -1.54979
C 90.59230 66.05260 -2.61440
C 87.65270 65.11080 -1.05413
C 89.11170 68.81940 -2.73011
C 90.33340 71.72040 -1.62956
C 90.98550 48.59820 -0.68843
C 88.05030 50.22840 -0.47264
C 85.21820 51.82470 -0.29971
C 82.24700 52.97840 0.45619
C 79.60590 54.98730 0.64307
C 93.62380 50.52820 -1.27756
C 90.92450 51.85600 -0.98566
C 87.85630 53.38720 -0.66902
C 84.93640 54.96510 -0.23640
C 82.19350 56.58950 0.26667
C 79.48290 57.98460 0.78843
C 84.81310 58.04250 -0.60417
C 82.03220 59.62500 0.11706
C 79.28600 61.07610 0.71145
C 81.90430 62.66980 -0.11587
C 74.55620 48.53940 0.67549
C 75.96050 69.81550 0.34664
C 95.74830 59.25030 -1.54127
C 0.66990 61.66810 -2.03424
C 94.46280 62.33790 -1.86582
C -0.33306 64.70520 -2.30726
C 93.46190 65.23300 -2.30662
C 95.44220 67.75250 -2.76283
C 92.39010 68.37030 -2.74155
C 0.40249 70.30320 -3.24102
C 93.96900 71.03130 -3.01709
H 83.10000 48.73890 3.21996
H 90.68350 46.90760 1.11442
H 87.45340 48.71620 1.13736
H 81.78970 51.72110 2.46911
H 78.87100 53.26270 2.25176
H 76.12290 54.79420 2.75490
H 0.81060 46.89760 -0.31900
H 76.29680 57.84660 3.62660
H 95.68030 50.75890 0.12632
H 92.89180 52.24440 0.38505
H 76.04520 61.13870 3.19402
H 92.68270 55.31370 0.30739
H 89.73450 56.78400 0.54458
H 87.01700 58.18910 0.53142
H 75.96050 64.33670 3.36851
H 88.26080 61.14380 1.28841
H 81.36230 64.40280 1.62570
H 78.54070 65.98300 2.05511
H 86.45550 63.63410 0.44024
H 84.40540 66.12650 0.85468
H 77.48420 46.29300 1.66507
H 75.69470 49.67810 2.77653
H 84.95600 70.18220 -0.60349
H 82.74330 68.70710 1.24977
H 79.99960 70.19670 1.30565
H 77.12180 68.60640 2.13438
H 74.40270 70.07110 2.36023
H 95.51320 53.90940 0.03469
H 95.25070 57.55720 0.25189
H 92.15720 58.37000 0.20813
H 91.34380 61.19140 0.27981
H 89.66930 63.86170 -0.04187
H 89.27860 66.73340 -1.34426
H 90.90570 69.42980 -1.10557
H 87.67680 69.38010 -0.67141
H 84.63640 50.25570 0.92481
H 93.04130 49.02000 0.54104
H 90.15800 50.36770 0.88547
H 87.27090 51.90550 1.18064
H 84.43560 53.37590 1.55529
H 81.69210 54.88050 1.96409
H 78.95590 56.37940 2.58656
H 90.04050 53.63240 0.51095
H 87.07720 55.08580 0.99774
H 84.34040 56.63940 1.40894
H 81.59180 58.11890 2.04663
H 78.79380 59.53330 2.58412
H 84.22030 59.79600 0.95990
H 81.45810 61.31300 1.81787
H 78.71050 62.84050 2.39826
H 83.99670 62.96130 1.08699
H 74.25480 46.49260 2.07285
H 0.41604 60.12630 -0.06140
H 94.30330 60.59450 -0.14627
H -0.69405 63.00890 -0.50258
H 93.19630 63.72740 -0.32943
H 95.20960 66.08760 -0.86539
H 92.22480 66.75290 -0.82615
H 0.21291 68.65590 -1.37334
H 94.13630 69.19960 -1.27879
H -1.03461 71.76440 -1.81386
C 88.56920 46.77900 2.31875
C 85.58450 48.70270 2.68468
C 82.66970 50.34470 4.44551
C 79.72780 51.02760 3.24810
C 77.45670 53.02150 4.25438
C 94.09680 47.29330 1.90919
C 77.47210 56.11470 4.65082
C 74.64050 58.63560 6.21467
C 77.54970 59.69530 4.75749
C -0.33429 52.42910 1.73872
C 93.89810 53.87940 1.94975
C 90.96800 55.27670 2.08724
C 88.04880 56.89300 2.40199
C 77.22410 63.17150 4.51048
C 89.92280 59.22910 0.89773
C 85.84380 61.52910 1.57207
C 79.77200 64.74460 3.57347
C 85.32920 64.59340 2.39089
C 82.43860 66.44980 2.47183
C 85.21210 68.46590 1.31778
C 77.72050 48.34590 3.18656
C 75.96140 51.62950 4.51320
C 81.92140 70.43170 2.82912
C 79.46770 68.23040 2.64787
C 76.73730 66.71120 3.60593
C 73.77760 61.61600 3.96839
C -0.42343 56.00040 1.08067
C 93.49950 57.03620 1.87576
C 92.95720 60.11590 1.85994
C 91.61830 63.16410 1.52157
C 90.49920 66.06500 0.70854
C 88.63930 62.66850 0.92022
C 89.08550 68.64750 0.39005
C 90.85270 71.47210 0.23855
C 91.48720 48.89980 2.40407
C 88.41350 50.20800 2.67823
C 85.43780 51.58580 2.86772
C 82.88170 53.36900 3.57588
C 80.13320 54.65150 3.83227
C 93.93850 50.72280 2.07504
C 91.10480 52.01180 2.10714
C 88.43240 53.55530 2.40836
C 85.57870 55.08550 2.85479
C 82.91370 56.51720 3.34771
C 80.11470 58.03110 4.03805
C 85.50800 58.48270 2.50065
C 82.89110 59.85580 3.11089
C 79.93350 61.36340 3.78359
C 82.70250 63.03950 3.11367
C 74.30250 48.37780 3.91131
C 76.57950 70.36350 3.62722
C 95.69100 59.45980 1.55028
C 0.75515 62.15470 1.32320
C 94.66610 62.60390 1.25550
C -0.43735 65.01950 0.88198
C 93.54940 65.57980 0.90936
C 95.65780 68.14020 0.41556
C 92.57540 68.77100 0.51240
C 0.59702 70.78110 -0.10748
C 94.48890 71.25300 0.18540
C -0.58353 94.27730 -4.28260
C 93.10170 94.26870 -4.22308
C 90.03660 94.06510 -4.00787
C 0.15850 77.80310 -5.64143
C 93.75580 77.97700 -6.30423
C 89.29460 80.39150 -5.27737
C 87.15700 82.72700 -4.20195
C 85.98470 85.67590 -4.90499
C 0.19172 88.95160 -4.72103
C 93.72340 89.02280 -4.60116
C 86.70380 88.60800 -4.15549
C 91.56160 91.43450 -4.49053
C 73.74300 88.13090 0.83809
C 83.41610 88.51400 -3.59799
C 78.85030 90.39670 -1.17016
C 84.47960 91.81160 -3.02116
C 86.49940 94.16850 -3.49355
C 83.37510 94.61300 -2.61216
C 89.82040 75.16780 -2.36005
C 86.87030 71.75040 -1.27455
C 83.31150 70.05720 -2.16733
C 86.04700 75.03730 -3.42184
C 87.02240 78.62460 -4.18468
C 84.25640 80.64490 -2.81872
C 83.32790 83.72480 -3.91918
C 81.64330 85.84070 -2.66199
C 80.77100 88.10000 -1.08697
C 76.35680 86.45000 -0.42290
C 73.59770 84.77130 0.08597
C -0.71253 73.52150 -3.61551
C 92.87270 72.68360 -3.50629
C 93.84950 75.86970 -6.23814
C 95.73800 81.01520 -5.79441
C 92.50300 80.58040 -5.64001
C 0.20078 83.58570 -5.16275
C 94.01430 83.43580 -5.22157
C 90.80870 83.15300 -5.10799
C 95.38910 86.21250 -4.83112
C 92.25590 86.02380 -4.80443
C 89.13570 85.80960 -4.73275
C 90.34420 88.75200 -4.49518
C 88.11540 91.45300 -3.98360
C 75.86230 90.58020 -0.30951
C 72.93360 91.50890 0.32255
C 81.32760 92.18040 -2.00280
C 78.17840 92.99920 -1.18821
C 75.15490 93.89590 -0.41858
C 84.07850 73.74070 -1.59350
C 81.12430 72.88970 -1.02110
C 78.63060 71.43250 -0.27944
C 83.88640 77.25360 -2.83712
C 81.25170 75.91220 -1.62153
C 78.40790 74.58480 -0.65948
C 75.90710 73.12380 -0.04206
C 81.13690 79.16620 -2.15212
C 78.42720 77.78740 -1.37236
C 75.77810 76.18450 -0.42273
C 81.11740 82.31370 -2.51797
C 78.42810 81.15690 -1.46041
C 75.87740 79.57550 -0.65365
C 73.23770 78.14430 -0.02233
C 78.95490 84.50070 -1.65404
C 76.04070 83.07850 -0.78192
C 73.31410 81.51200 -0.06934
H -0.47648 92.36860 -2.53651
H 93.44280 92.26230 -2.94578
H 91.64580 94.80870 -2.24525
H 88.51470 94.77810 -2.23866
H -0.31380 76.10010 -3.63753
H 95.50300 78.77230 -4.63552
H 92.43560 78.42780 -4.12654
H 89.49350 78.68780 -3.35499
H 87.95330 80.66310 -3.21608
H 85.31120 84.18490 -3.23595
H 87.48490 86.50170 -3.00825
H 95.28510 89.73880 -3.10510
H 92.02060 89.56540 -2.89716
H 88.70240 89.34180 -2.80084
H 85.60690 88.86570 -2.20197
H 90.13800 92.06940 -2.57595
H 79.04180 88.49620 0.70365
H 75.95570 89.05840 1.19827
H 72.91310 89.97630 2.28254
H 82.77810 90.17710 -2.34910
H 80.99990 90.78980 0.03325
H 86.87610 92.01260 -2.26135
H 87.57080 74.12410 -1.61200
H 85.42750 73.12020 0.39574
H 87.75920 76.75150 -2.66836
H 85.43110 78.79570 -2.32213
H 82.45520 80.82150 -1.07307
H 82.61080 83.87380 -1.46685
H 83.06690 87.10740 -1.50243
H 80.45220 85.82200 -0.35381
H 77.55670 84.58700 0.45929
H 74.98650 86.13330 1.62293
H 92.76430 72.08140 -1.11096
H 1.36231 73.89590 -2.11148
H 94.26370 74.59380 -2.52224
H 90.33340 73.89960 -0.46023
H 94.80840 95.07380 -2.59059
H 0.22986 81.44750 -3.90730
H 94.09650 81.30990 -3.99270
H 91.03410 81.13880 -3.80753
H 95.55280 84.13260 -3.44102
H 92.39410 84.00280 -3.41645
H 89.21160 83.73990 -3.37138
H 0.04136 86.95190 -3.25167
H 93.79320 86.95090 -3.11397
H 90.65420 86.73720 -3.02106
H 78.04600 91.48450 0.78074
H 75.03240 92.23420 1.45823
H 83.44340 92.90360 -0.97687
H 80.30130 93.75170 -0.39547
H 77.14900 94.53500 0.49795
H 82.44770 71.62720 0.69996
H 85.18720 75.88220 -1.21147
H 82.45230 74.61070 0.11651
H 79.72420 73.28540 0.92885
H 77.07910 71.66500 1.59695
H 82.55500 77.69510 -0.68514
H 79.66760 76.43420 0.23050
H 76.98980 74.95750 1.26715
H 74.33450 73.35670 1.73642
H 79.77930 79.51590 -0.23072
H 77.02780 78.05590 0.64411
H 74.26320 76.53030 1.49146
H 79.97370 82.71890 -0.36571
H 77.19280 81.33660 0.56935
H 74.41090 79.82590 1.35858
H 74.74280 82.97010 1.28892
C -0.52053 93.90720 -1.23076
C 93.50520 93.90950 -0.85234
C 90.11500 93.67500 -0.72246
C 1.29003 76.26280 -3.01142
C 94.43180 77.09680 -3.01648
C 89.91490 80.69880 -1.75957
C 87.19440 82.73200 -2.29314
C 85.34480 86.33300 -1.84117
C -0.09412 88.54690 -1.30413
C 93.65570 88.66140 -1.30392
C 87.63910 88.00270 -1.04510
C 91.85520 91.24200 -1.12835
C 74.36330 88.09610 2.89706
C 82.53530 88.98150 -0.16581
C 79.79870 90.44510 2.23354
C 84.90120 90.90020 -1.10364
C 87.30810 93.61050 -0.38999
C 84.37610 94.91170 0.32277
C 89.53570 74.63890 1.75362
C 87.97870 73.62940 0.81366
C 84.75980 71.56310 1.60723
C 87.34250 76.28890 -0.21922
C 87.76840 78.99630 -1.46122
C 84.83820 81.05000 -0.92964
C 84.74250 83.28100 -0.88134
C 82.77500 85.49310 0.38648
C 80.48230 87.12630 1.84922
C 77.22820 86.92260 1.27166
C 74.35950 84.43840 3.26443
C -0.85646 74.01750 -0.81641
C 92.85760 74.53300 -0.57820
C 92.76490 75.78680 -4.25599
C 95.70610 80.20290 -2.49153
C 92.67220 79.90940 -2.45336
C 0.15385 83.00370 -2.02201
C 94.02220 82.76650 -2.03796
C 90.82270 82.71040 -1.97673
C 95.50050 85.68520 -1.72457
C 92.30790 85.68270 -1.56915
C 89.12430 85.44760 -1.53579
C 90.49050 88.56070 -1.35392
C 88.66230 90.96060 -0.92702
C 76.60840 90.71250 2.67440
C 73.71500 91.94680 3.52853
C 82.05070 92.69830 1.11379
C 79.01740 93.48000 1.74626
C 75.93200 94.24540 2.60364
C 84.66110 75.20350 1.10561
C 81.84030 73.44990 2.19842
C 79.15660 71.91720 2.83334
C 84.92870 77.98940 -0.00551
C 81.83000 76.57540 1.40233
C 79.16240 75.23250 2.33316
C 76.38620 73.51010 3.08305
C 81.93440 79.46180 0.91928
C 79.17690 78.23870 1.77015
C 76.38130 76.84470 2.67782
C 82.12940 82.53920 0.59754
C 79.43040 81.22910 1.50820
C 76.56960 79.71240 2.40860
C 73.68210 78.21770 3.11869
C 79.80470 84.35770 1.45378
C 76.98570 83.12950 2.28434
C 73.88050 81.52960 3.13425
