2979
Frame 174
C 12.76080 95.67630 -2.27437
C 13.74520 1.21270 -1.88259
C 11.74480 3.20656 -3.07795
C 10.33360 6.33180 -3.81368
C 7.94194 9.30394 -3.52986
C 4.43371 8.60709 -4.33244
C 2.49309 8.88081 -5.14693
C 23.94690 0.61664 -0.20315
C 22.12930 4.28465 0.37452
C 24.94230 6.09538 -0.96309
C 24.56280 12.04440 -0.72946
C 19.60370 1.19976 -1.82087
C 16.00350 -0.71389 -0.56637
C 19.23110 4.27998 -1.75112
C 22.85990 8.76420 -1.12019
C 19.69260 7.47310 -1.62777
C 13.82240 4.97709 -1.63435
C 23.32610 13.53200 -0.01174
C 14.25780 8.40425 -2.29922
C 22.85590 16.25540 -1.12247
C 11.63020 10.38080 -2.50154
C 22.65030 19.69330 -1.12315
C 12.34720 13.58000 -2.04847
C 9.24535 12.64270 -2.43308
C 22.83970 22.84460 -0.91222
C 14.59530 17.86620 -1.11518
C 11.10010 16.18430 -0.56705
C 14.25940 21.24000 -0.15493
C 20.50830 -0.72175 -1.65200
C 5.35413 10.60950 -2.07937
C 6.52138 14.15910 -1.40895
C 3.42929 14.15100 -1.96676
C 7.86238 16.59810 -0.82179
C 2.14344 17.08180 -2.11126
C 9.37256 19.18470 -0.69653
C 11.00990 21.76620 -0.76542
C 9.28901 95.25570 -3.22779
C 10.75830 0.93638 -2.92190
C 7.23279 0.30549 -3.76936
C 3.77770 -0.09917 -3.91863
C 8.64692 3.15934 -3.90670
C 5.37700 2.69496 -4.24364
C 1.95849 2.46671 -4.15857
C 6.70177 5.54076 -4.61983
C 3.25337 5.29042 -4.65380
C 16.57030 2.89722 -1.96887
C 16.71610 6.24356 -1.73602
C 20.42120 11.16740 -0.41189
C 17.31130 9.65827 -1.62646
C 20.50560 14.48270 -0.86410
C 17.70960 13.09090 -1.37373
C 14.84040 11.50290 -1.82072
C 20.21910 17.93050 -0.83667
C 17.59680 16.36970 -1.03183
C 14.90520 14.93150 -1.41578
C 20.07320 21.19950 -0.75737
C 17.51740 19.50720 -0.83985
C 4.91568 16.85640 -1.23447
C 6.40813 19.37670 -0.81128
C 3.35789 19.72650 -1.32293
C 7.92932 21.94550 -0.67452
C 4.79514 22.26590 -0.98462
C 1.67830 22.53680 -1.41823
H 13.49150 -0.53775 -0.13200
H 11.62640 1.97298 -0.89445
H 9.96046 4.39846 -2.21448
H 8.05803 6.89185 -3.00225
H 1.75284 6.35365 -2.92253
H 3.52486 8.95523 -1.90582
H 22.59290 1.98498 1.50917
H 24.58050 4.32624 0.78408
H 22.92020 6.74218 0.52576
H 24.42920 9.84705 0.74723
H 24.97760 15.47140 0.16496
H 20.05540 2.80934 0.22784
H 17.34220 1.26666 -0.44093
H 20.07240 5.71925 0.16051
H 14.58210 2.91077 -0.33948
H 14.85680 6.54480 -0.75064
H 21.17090 13.05230 1.16292
H 12.25640 8.54795 -1.30316
H 23.73110 18.02250 0.57899
H 21.18130 16.26880 0.70082
H 9.73226 10.66980 -0.67013
H 23.79260 21.05690 0.58645
H 10.16290 13.85840 -0.76104
H 12.87770 17.88750 -0.00131
H 9.45107 17.34480 0.94678
H 22.03970 -0.83145 0.18404
H 1.32365 12.74680 -2.48502
H 6.99247 12.22240 -1.02889
H 3.77017 12.07600 -0.62732
H 7.60910 14.68820 0.90854
H 6.26034 17.56010 0.73310
H 11.05270 20.05580 1.20233
H 7.89135 20.14770 1.00713
H 10.56410 -1.04519 -1.47642
H 7.22587 95.88800 -1.96070
H 3.90056 95.48790 -2.10541
H 0.68058 95.13110 -2.22848
H 8.52972 1.47222 -2.07694
H 5.33969 1.07384 -2.40163
H 2.16082 0.81103 -2.35904
H 6.70910 3.98754 -2.65918
H 3.63077 3.65638 -2.79012
H 4.91724 6.45062 -3.12931
H 17.36780 4.41610 -0.14071
H 20.72560 8.78312 0.19315
H 17.78440 7.73716 -0.03183
H 18.00120 11.00390 -0.07623
H 15.18280 9.63207 -0.25127
H 18.42160 14.62100 0.51934
H 15.61670 13.04760 -0.00150
H 12.71210 11.65730 -0.57728
H 21.05720 19.56360 0.81785
H 18.34590 17.86430 0.78115
H 15.62590 16.28160 0.50618
H 12.95900 14.74060 -0.00489
H 18.27640 21.09150 0.91054
H 15.54320 19.37890 0.69330
H 4.58215 14.87040 0.01651
H 1.56513 15.16090 -0.66300
H 3.10154 17.78380 0.08527
H 4.71019 20.38830 0.60571
H 1.48336 20.52620 0.00539
C 11.79320 95.83250 0.69340
C 12.99480 1.58438 1.10408
C 11.13800 4.11347 0.01218
C 10.40060 6.85919 -1.88078
C 8.00211 9.00569 -1.51586
C 3.95415 7.42028 -0.17396
C 1.38607 8.31036 -3.07683
C 23.66450 0.33049 1.59113
C 23.62850 2.79364 3.68921
C 24.30790 6.07659 2.60324
C 24.51620 11.80580 2.35860
C 18.94110 0.93170 1.67030
C 15.34450 -0.96949 1.38067
C 18.72800 4.36135 1.87405
C 22.45920 8.77816 2.07087
C 19.35820 7.51368 1.84792
C 13.24530 4.79947 0.23295
C 22.65300 12.32880 3.08309
C 13.66050 7.98831 0.84091
C 23.24470 15.92180 2.09241
C 11.17330 10.03840 0.66044
C 22.92790 19.69770 2.44042
C 11.66930 13.03510 1.15288
C 8.75449 12.43770 0.89657
C 23.20150 22.71450 2.28565
C 14.40430 17.71500 2.13393
C 11.48690 16.15400 1.38328
C 14.08940 21.10030 1.73562
C 20.05390 -0.95557 1.51762
C 5.58435 11.80000 1.10439
C 5.55204 13.66440 1.88051
C 2.61078 13.72660 1.00012
C 7.63819 16.31030 2.40573
C 1.06557 16.80250 1.05784
C 9.23253 19.01010 2.75432
C 11.12760 21.85750 2.52603
C 8.75616 95.35240 -0.05628
C 9.98303 0.94031 -0.05734
C 6.84424 0.50748 -0.53534
C 3.83986 0.12780 -0.68094
C 8.16087 3.48830 -0.72567
C 5.17466 3.06958 -1.00589
C 2.17723 2.84226 -1.00053
C 6.76970 6.16427 -1.38717
C 3.53525 5.69263 -1.21015
C 16.05590 2.82142 1.31781
C 16.32890 6.22418 1.18043
C 20.02670 10.89810 1.38216
C 16.88930 9.46245 1.52924
C 20.26440 14.57650 2.34234
C 17.40530 12.71200 1.70521
C 14.28430 11.29520 1.28185
C 20.22940 17.81060 2.34912
C 17.40740 16.10690 2.21947
C 14.58800 14.48120 1.76309
C 20.13080 21.09470 2.47370
C 17.31660 19.38810 2.45379
C 4.36113 16.54980 1.79249
C 6.03424 19.33660 2.38664
C 2.82527 19.52130 1.78094
C 7.90205 22.08810 2.44118
C 4.64640 22.21260 2.21012
C 1.22230 22.34680 1.60450
C 22.56950 26.21610 -1.09293
C 19.96290 27.85020 -0.34089
C 14.93510 24.78180 -0.23048
C 18.68900 29.26130 -1.26933
C 22.87390 29.21590 -0.87794
C 24.21820 31.77860 -1.88553
C 23.51720 35.51370 -2.11178
C 25.77720 45.72860 -3.12994
C 22.25510 44.37170 -1.76102
C 20.99250 31.68690 0.76167
C 18.86530 32.71700 -1.64446
C 15.00500 27.91100 -1.60969
C 19.30040 34.88360 -1.57774
C 12.91820 34.20880 -1.44851
C 20.20650 38.25080 -1.63156
C 10.52890 36.41450 -1.24114
C 21.31300 41.45820 -1.76406
C 18.00520 40.80480 -1.74568
C 8.44862 38.96270 -1.66988
C 4.05354 38.84420 -2.35583
C 16.24800 43.27460 -1.73393
C 2.59852 42.37410 -2.17120
C 13.96590 45.47500 -2.16274
C 4.96430 44.11310 -2.65576
C 2.73462 46.62760 -2.73384
C 12.99350 24.39680 -0.89464
C 11.80250 27.64600 -0.74041
C 12.40660 31.08570 -1.45824
C 9.49575 30.27560 -0.99539
C 9.28620 33.31420 0.24689
C 5.53225 33.44830 -0.52775
C 7.46673 36.03640 0.57832
C 1.39188 36.07620 -1.00812
C 20.20290 24.38990 -0.56090
C 17.42770 22.89570 -0.51677
C 17.57400 26.14570 -0.14346
C 16.03310 34.63940 -1.77168
C 17.06070 37.76180 -1.70896
C 13.97810 37.23390 -1.54118
C 14.99460 40.24480 -1.67011
C 11.83330 39.56290 -1.63916
C 12.96120 42.59380 -1.89231
C 9.74413 41.98370 -2.04083
C 6.49346 41.39320 -2.19823
C 10.72200 45.07830 -2.15646
C 7.82376 44.54130 -2.23223
C 5.80194 47.25960 -2.32683
C 9.65138 24.71460 -0.81935
C 6.50405 24.86860 -0.84807
C 3.28559 25.13940 -1.02692
C 8.03007 27.52270 -0.89883
C 4.95765 27.74440 -0.83554
C 1.81817 27.95750 -1.02832
C 6.57549 30.36850 -0.71851
C 3.62955 30.57490 -0.74797
C 2.50799 33.45200 -0.77589
H 0.70276 42.68620 -0.46488
H 23.76870 24.22470 0.15209
H 21.22930 26.02220 0.95523
H 15.62090 22.85510 1.13576
H 18.63650 27.52320 1.77059
H 15.91520 26.07640 1.88209
H 16.47770 28.42420 -0.36106
H 24.05280 27.45340 0.48425
H 24.40050 30.64770 0.47819
H 21.46910 29.20350 1.19999
H 23.76450 40.68070 -1.98758
H 24.67220 43.77090 -2.10491
H 22.41850 42.69540 0.09961
H 20.29190 44.91180 -0.19764
H 19.57670 33.79360 0.74747
H 16.74900 33.06840 -0.53040
H 13.74690 32.57120 0.25744
H 20.71560 36.64070 -0.23735
H 11.34300 34.73170 0.45743
H 21.48010 39.72790 0.01560
H 8.87056 37.47780 0.43820
H 19.48330 42.12910 -0.06535
H 6.66029 39.91590 -0.06307
H 2.47607 40.07410 -1.04472
H 17.34820 44.40930 -0.44050
H 4.71825 42.40610 -0.91509
H 15.38630 46.86420 -0.78666
H 2.99072 44.70610 -1.19801
H 12.58480 22.70410 0.75570
H 9.56819 22.90030 0.87560
H 11.30050 25.56040 0.50006
H 13.46610 29.50300 -0.18880
H 10.96730 31.56360 0.52235
H 8.17326 31.23680 0.88895
H 6.97890 34.12010 0.69687
H 3.80316 34.24600 1.29461
H 0.76300 34.35570 0.62153
H 2.53541 37.14290 0.48058
H 21.13150 22.69390 0.89378
H 18.45180 24.32460 1.18095
H 23.30330 45.37790 0.22021
H 17.54310 36.08540 -0.21537
H 14.44790 35.43080 0.03282
H 18.44140 39.08150 -0.03300
H 15.37410 38.48840 -0.00228
H 12.16740 37.81110 0.12771
H 16.34920 41.46500 -0.04888
H 13.19490 40.90180 -0.08635
H 9.92765 40.34260 -0.19492
H 14.28390 43.88000 -0.31274
H 11.09130 43.37050 -0.45370
H 7.89618 42.80140 -0.67712
H 12.24120 46.36900 -0.68350
H 9.08534 45.85220 -0.51033
H 5.99871 45.39570 -0.83193
H 6.38323 23.06010 0.77301
H 3.20316 23.22710 0.46429
H 8.06490 25.74620 0.79178
H 4.87784 25.88570 0.72645
H 1.53321 25.99950 0.45874
H 9.78639 28.45680 0.58485
H 6.56121 28.49570 0.84048
H 3.35749 28.67720 0.82015
H 5.16383 31.46050 0.96158
H 1.90312 31.60940 0.75585
C 23.25730 25.84630 2.22529
C 20.41680 27.48640 2.85747
C 14.70460 24.14000 3.04483
C 16.42730 28.62020 2.29546
C 23.49710 29.10930 2.29808
C 23.33540 32.54450 1.38927
C 22.99130 35.56740 -0.21294
C 24.73370 43.38800 0.40028
C 21.79580 44.36800 1.85271
C 20.47140 30.93200 2.60483
C 17.55850 32.97740 1.91438
C 15.60950 30.87730 -0.06776
C 20.29300 35.26390 2.05503
C 13.29840 34.33700 1.95211
C 20.13810 38.31840 1.60861
C 10.75670 36.71720 1.93440
C 21.22370 41.41900 1.85188
C 17.99490 40.81700 1.66375
C 8.57217 39.25610 1.69397
C 4.49987 38.52700 -0.31917
C 15.93700 43.39410 1.42349
C 2.87112 41.61880 0.64738
C 13.93910 45.88580 1.00286
C 4.53447 44.18120 0.73172
C 2.26768 46.46650 0.57651
C 12.77700 24.47710 2.36292
C 12.12980 27.79450 1.20778
C 12.87720 30.83160 1.87167
C 9.95010 30.24820 2.30949
C 10.20590 33.41960 1.99619
C 5.67451 33.22180 2.66608
C 4.40321 36.11130 1.99718
C 0.75286 36.24600 2.13984
C 20.44840 24.33000 2.57221
C 17.43610 22.59950 2.66590
C 17.63780 25.60030 3.23153
C 16.31900 34.62500 1.43470
C 17.09880 37.80930 1.60067
C 14.03440 37.23950 1.65611
C 14.95870 40.31680 1.55819
C 11.65370 39.81360 1.51593
C 12.76670 42.82740 1.31596
C 9.50909 42.39120 1.16843
C 6.33240 41.62010 0.90060
C 10.90530 45.24910 1.07437
C 7.50812 44.62710 0.91411
C 5.56450 47.12670 0.86948
C 9.76078 24.88030 2.33545
C 6.39580 24.91800 2.35381
C 3.08064 25.01980 2.13432
C 8.26437 27.63670 2.37854
C 4.90591 27.67400 2.46699
C 1.45798 27.77190 2.17255
C 6.61773 30.24990 2.53278
C 3.37910 30.58510 2.42273
C 1.85316 33.34730 2.54053
C 20.19430 46.89880 -1.91589
C 17.28980 46.26580 -2.21065
C 14.95610 48.63000 -2.45099
C 16.53110 52.30490 -2.19608
C 13.97410 55.62320 -1.89662
C 17.06950 56.76250 -4.00454
C 19.92800 58.18960 -2.42680
C 21.54510 60.93190 -2.07900
C 23.50420 63.41910 -1.98284
C 18.66520 61.03220 -2.45484
C 16.24980 59.70150 -2.43561
C 13.52200 58.23220 -2.37433
C 10.20040 56.65170 -1.10894
C 22.07180 66.18570 -2.12619
C 19.77340 64.14920 -1.62710
C 10.42400 60.18740 -1.75714
C 22.89270 69.43790 -2.13866
C 11.01290 63.44450 -2.83817
C 11.08310 66.67800 -3.31868
C 8.65043 68.74640 -3.97289
C 13.55550 48.15150 -3.94697
C 6.71879 50.08590 -2.16794
C 3.60242 49.60620 -2.32716
C 10.88920 53.86830 -2.27601
C 7.72478 53.16290 -2.33339
C 4.55804 52.49580 -2.27523
C 1.41060 51.87350 -2.38012
C 6.93124 55.88770 -0.88421
C 8.27117 57.93560 0.95019
C 6.90654 60.53560 -2.25574
C 8.88332 62.95770 -2.59700
C 7.71322 65.90910 -3.29999
C 6.52120 68.85040 -3.87896
C 23.24570 47.10830 -1.52063
C 21.42660 49.80820 -1.51596
C 17.81710 49.55480 -1.25178
C 23.04860 52.40010 -1.56393
C 19.81930 52.48030 -1.97169
C 21.28250 55.18330 -1.94434
C 23.08910 57.93580 -1.86062
C 16.36140 63.42960 -2.77465
C 13.76090 61.42650 -1.93438
C 19.65020 67.95140 -2.40163
C 16.86390 66.53240 -2.66372
C 13.75730 65.18150 -2.85726
C 17.29720 69.77180 -2.97925
C 14.28880 68.18330 -3.23784
C 11.83570 69.94230 -3.94727
C 11.92410 48.17360 -2.35813
C 8.76789 47.59680 -2.18592
C 9.88103 50.71960 -2.28099
C 2.96123 55.51870 -1.50093
C 4.95525 58.20910 -1.95558
C 1.73753 58.66830 -2.35242
C 3.64573 61.15600 -2.58467
C 5.80903 63.53810 -2.90552
C 2.45787 64.15410 -3.05257
C 4.50727 66.49520 -3.49107
C 1.25849 67.17720 -3.47999
C 3.42567 69.61180 -3.88082
H 1.78482 50.08340 -0.50363
H 18.39340 47.38660 -0.28952
H 16.08800 51.00620 -0.23484
H 15.28390 53.96160 -0.69781
H 15.87260 57.24200 -2.28122
H 21.32640 59.01890 -0.53963
H 18.17110 59.08900 -0.97335
H 23.02350 61.65600 -0.24552
H 14.30220 56.63880 0.33134
H 12.05400 55.07980 -0.49726
H 21.88760 64.41380 -0.46119
H 19.83850 61.92760 -0.55565
H 16.69090 61.66840 -1.14126
H 14.61360 59.55010 -0.60816
H 11.77720 58.32080 -0.72560
H 23.16290 67.44330 -0.58303
H 11.64910 62.15570 -1.03259
H 11.87250 65.32790 -1.30878
H 9.28522 67.27150 -2.10692
H 9.77101 70.44650 -2.69519
H 13.32960 49.41450 -0.75984
H 3.90566 47.70070 -0.83237
H 11.25860 51.98800 -0.48717
H 8.13869 51.36750 -0.62292
H 4.97211 50.67680 -0.56383
H 8.99867 54.51310 -0.74914
H 5.98412 53.59390 -0.50727
H 2.87596 53.11020 -0.82672
H 7.18839 55.52980 1.66620
H 6.44718 59.19210 -0.11048
H 8.58294 61.47120 -0.73540
H 7.41894 64.43370 -1.25395
H 6.23432 67.36750 -2.02609
H 5.24449 70.37350 -2.37688
H 24.71770 47.95720 0.22460
H 21.46840 47.83660 -0.01478
H 23.02400 50.66030 0.20192
H 19.82830 50.58700 -0.29979
H 21.36640 53.37690 -0.17888
H 18.31100 53.27570 -0.71214
H 22.86510 56.14990 -0.13361
H 19.63220 56.18490 -0.75259
H 20.15860 66.37080 -0.63240
H 17.50100 64.75680 -1.03683
H 14.49660 63.59760 -1.15751
H 20.70170 69.55570 -0.90978
H 17.62380 68.27550 -1.01402
H 14.82490 66.77740 -1.24266
H 15.14250 69.93870 -1.73813
H 12.20800 68.49300 -1.97725
H 10.15960 48.90830 -0.66340
H 7.12980 48.32140 -0.53723
H 4.72084 56.55570 -0.05718
H 1.37947 57.17290 -0.59129
H 3.35487 59.58100 -0.68064
H 5.35874 62.02160 -1.04497
H 2.19716 62.55170 -1.19823
H 4.28320 64.91510 -1.62866
H 1.15688 65.60610 -1.58147
H 3.12358 67.96930 -2.07955
H 2.02196 70.96420 -2.39120
C 19.87920 46.76900 1.56652
C 16.73820 46.28180 1.16744
C 14.89590 48.91800 0.58160
C 16.56040 52.67080 1.10649
C 13.76480 54.36090 1.14838
C 17.21160 55.46130 -1.10479
C 19.50950 58.15760 0.91792
C 21.18840 60.83880 1.15313
C 23.52950 63.65330 1.15481
C 18.00560 60.86690 0.74874
C 16.32870 57.96760 0.11726
C 13.34680 58.70870 1.24490
C 12.02540 56.83570 1.28424
C 21.87820 66.27200 1.11158
C 19.55330 64.20980 0.22385
C 10.50520 60.29370 0.13374
C 22.36510 69.22640 0.86971
C 10.85760 63.78590 0.47174
C 10.98330 67.11670 -0.23752
C 8.77796 69.24550 -0.78363
C 13.83540 51.89160 -0.73154
C 6.73319 50.16720 1.02387
C 3.37672 49.43760 0.91747
C 10.64820 53.94820 1.13458
C 7.89793 53.14170 1.04139
C 4.41896 52.46600 1.04897
C 1.36610 52.02790 0.97416
C 5.21890 55.43200 2.23960
C 7.70791 57.70040 2.85108
C 6.65670 61.08160 0.88626
C 8.78185 63.49640 0.62277
C 7.73326 66.38780 -0.33247
C 6.74466 69.28920 -0.68550
C 23.00850 47.18510 1.79947
C 21.25900 49.70950 1.53672
C 17.84830 49.56520 0.74413
C 22.87910 52.61530 1.58796
C 19.62870 52.45150 1.29000
C 21.01530 55.32690 1.31679
C 22.71130 58.13380 1.33614
C 16.22550 63.36430 0.57517
C 13.71190 61.67240 0.13208
C 19.37500 68.19250 0.73007
C 16.63460 66.52310 0.44843
C 13.65560 65.27450 0.41319
C 16.65120 70.03390 0.25255
C 13.78970 68.65800 -0.08188
C 11.42480 70.45640 -0.82682
C 11.89160 48.20540 0.93852
C 8.88075 47.74710 1.06364
C 10.07890 50.87850 0.94200
C 2.66175 55.29730 0.40895
C 4.38431 58.40680 1.25058
C 1.48147 58.78530 0.78469
C 3.58218 61.61420 0.59238
C 5.57927 64.03860 0.28526
C 2.61264 64.54310 0.10987
C 4.52151 67.03340 -0.33909
C 1.44206 67.63570 -0.29650
C 3.47389 69.94750 -0.66863
C 9.57822 89.60880 -2.72027
C 11.15330 92.73810 -2.71171
C 7.76510 92.33630 -3.26952
C 4.38039 91.75200 -3.52716
C 1.13363 91.60580 -3.81709
C 4.78823 74.83400 -4.51193
C 9.80530 77.80060 -4.37717
C 6.64078 77.64570 -4.69173
C 3.38761 77.75500 -5.04016
C 13.65990 83.56450 -5.58714
C 10.29660 87.61470 -2.74812
C 6.48659 89.38900 -3.35750
C 3.09901 89.12750 -3.78560
C 23.16880 80.07390 -1.58921
C 19.91100 81.08280 -2.19442
C 16.93720 82.96180 -3.37141
C 13.39740 85.49120 -6.24672
C 13.43960 87.09420 -3.06610
C 12.75690 90.11200 -2.55886
C 14.97610 92.62930 -2.03154
C 17.63860 94.49800 -1.80231
C 23.34090 95.02330 -1.32653
C 23.28180 72.87520 -1.93592
C 23.72130 76.44830 -1.16955
C 20.88160 77.83490 -2.01018
C 9.03132 71.82430 -4.25118
C 15.44860 78.01530 -4.30293
C 12.75340 76.26980 -4.86942
C 8.29333 74.80500 -3.80393
C 15.72050 81.35250 -3.99971
C 5.65641 71.95350 -4.24988
C 2.30491 72.74200 -4.06073
C 5.73982 94.76610 -3.59709
C 2.44755 94.31780 -3.71796
C 8.31423 80.72800 -4.68805
C 4.92188 80.70600 -4.89681
C 1.64869 80.61170 -5.09387
C 9.96240 83.87290 -4.31186
C 6.04085 83.49400 -4.71573
C 3.05557 83.45490 -4.67930
C 7.62187 86.24840 -4.46164
C 4.66711 86.53280 -4.29797
C 1.43627 86.21650 -4.31801
C 22.44700 83.19710 -1.83186
C 19.49900 84.59180 -2.55831
C 16.63090 86.13290 -3.00922
C 21.91960 86.60710 -1.92438
C 19.02460 88.06170 -2.45381
C 15.89490 89.30410 -2.68395
C 24.38010 88.57820 -1.34399
C 21.34700 89.98160 -1.84426
C 18.33510 91.43290 -2.12561
C 24.08740 91.90940 -1.20631
C 20.79950 93.30340 -1.68926
C 20.15810 71.23260 -2.65724
C 20.59440 74.34910 -2.63841
C 17.83760 72.95450 -3.19954
C 14.75460 71.38220 -3.73721
C 18.10890 76.24920 -3.32279
C 15.43460 74.59410 -4.20388
C 11.81690 73.02740 -4.52167
C 18.39530 79.74060 -3.26248
H 10.82000 90.88840 -1.08604
H 7.69493 90.60530 -1.55595
H 12.28560 93.69160 -0.70517
H 5.82789 92.94540 -1.92351
H 2.60147 92.45380 -2.03833
H 6.27958 75.95410 -2.88088
H 3.17384 76.14130 -3.14282
H 8.01822 78.81560 -2.93960
H 9.58665 81.62520 -3.15248
H 12.24860 83.05610 -3.56972
H 8.79110 88.09550 -0.83196
H 4.51817 89.85980 -1.85514
H 1.20848 89.69730 -2.23281
H 22.42460 78.25070 -0.18465
H 21.61030 81.46990 -0.19295
H 18.51500 82.93500 -1.45945
H 15.76650 84.24120 -1.42185
H 14.31680 85.54290 -3.88033
H 12.15410 88.02680 -1.21487
H 14.39620 90.51240 -1.12091
H 16.90500 92.52640 -0.36428
H 15.05160 94.65760 -1.90855
H 19.54880 94.57110 -0.31784
H 23.77870 70.74490 -0.62992
H 23.88880 74.30410 0.15504
H 21.41940 75.72950 -0.85255
H 18.54620 77.70730 -1.97307
H 13.04650 74.84770 -3.32951
H 10.11620 73.55630 -2.79182
H 7.31507 72.83070 -2.73128
H 16.00450 79.55200 -2.31611
H 13.12660 78.28990 -3.06142
H 4.25225 73.30970 -2.67400
H 9.10751 93.43940 -1.51202
H 4.87481 78.76750 -3.34481
H 1.51083 78.56900 -3.73940
H 6.43998 81.57070 -3.19325
H 3.13139 81.39380 -3.30406
H 7.82115 84.44490 -3.25187
H 4.56655 84.42630 -2.97272
H 1.38567 84.15340 -2.96817
H 6.17632 87.14190 -2.48189
H 2.95114 86.99290 -2.55557
H 24.57940 80.26310 0.40678
H 23.95710 83.57780 0.12812
H 21.02490 84.80490 -0.55210
H 18.16480 86.14100 -1.12547
H 15.24160 87.33320 -1.35697
H 23.37070 86.78980 0.08035
H 20.54650 88.06670 -0.46702
H 17.64320 89.39890 -0.91325
H 22.95660 90.04170 0.04530
H 20.00540 91.33370 -0.30450
H 22.47040 93.29550 0.21653
H 21.07410 72.64220 -0.84840
H 18.04970 71.34810 -1.32821
H 18.39390 74.51890 -1.49026
H 15.55650 73.11780 -2.21620
H 12.66650 71.79130 -2.52993
H 15.73940 76.30920 -2.54169
C 9.00035 90.27090 0.44037
C 10.56680 92.85140 0.48933
C 7.39265 92.49700 -0.04786
C 4.31503 91.68390 -0.36742
C 1.11323 91.31230 -0.35971
C 4.50308 75.32720 -1.23998
C 9.66400 78.01860 -1.24222
C 6.28131 78.01260 -1.38574
C 3.00926 78.25790 -1.84138
C 11.89370 80.52600 -3.25612
C 10.33310 87.44990 0.57873
C 6.40553 88.77840 -0.59725
C 2.77742 88.55310 -0.65093
C 22.45900 79.88120 1.56996
C 19.42710 80.82580 -0.32481
C 16.51830 82.35930 0.07816
C 13.42220 83.69710 -2.19197
C 13.22030 86.48970 -0.08575
C 12.40640 89.94350 0.41735
C 14.49000 92.85060 -0.09055
C 17.47320 94.02750 1.26567
C 22.76630 94.93870 1.93208
C 22.68800 72.26440 1.08172
C 22.62620 76.27400 1.20840
C 20.16270 77.66260 -0.11948
C 8.99386 72.16440 -1.12005
C 14.16650 77.88300 -1.41330
C 10.92370 77.10590 -2.66213
C 8.30080 75.01480 -1.99047
C 14.97600 80.97100 -0.58327
C 5.69496 72.37670 -0.93313
C 2.47654 72.95750 -0.89518
C 5.57987 94.87930 -0.41314
C 2.34607 94.39280 -0.54705
C 8.26958 80.92030 -1.52116
C 4.82928 80.63220 -1.68485
C 1.56087 80.22910 -1.91365
C 10.16670 84.00340 -2.42595
C 6.28001 83.43300 -1.51923
C 3.05332 83.12200 -1.50786
C 7.90186 85.83730 -1.20917
C 4.54491 85.94750 -1.00629
C 1.41281 85.79170 -1.09440
C 21.76050 83.16500 1.26415
C 18.87480 84.43870 0.54548
C 16.21990 85.93100 0.41304
C 21.23910 86.43210 1.29793
C 18.45250 87.70340 0.74451
C 15.58330 88.96710 0.45756
C 23.68160 88.53990 1.80456
C 20.83770 89.73570 1.32895
C 17.98500 90.87860 1.09447
C 23.33200 91.69480 1.90486
C 20.35710 93.01990 1.48732
C 19.63160 71.18890 0.57286
C 19.88760 74.36640 0.51039
C 16.91000 73.16610 -0.11887
C 14.14800 71.87000 -0.56997
C 17.00130 76.39550 -0.54341
C 14.30110 74.94260 -1.15078
C 11.73750 73.78650 -1.33536
C 17.01770 78.39810 -0.26174
C 38.28820 0.37871 1.69647
C 36.29910 0.18013 0.79168
C 39.46420 3.10586 2.15022
C 48.24810 9.20884 2.00257
C 45.08220 8.79042 2.00352
C 41.96700 8.27712 1.96204
C 42.74790 11.26660 1.46057
C 33.46220 -0.52716 2.00414
C 27.71310 0.53634 -0.14944
C 35.70070 2.88086 2.15347
C 37.55060 5.67440 1.55433
C 38.97570 8.29589 1.50731
C 26.04930 9.01405 -0.51426
C 40.62800 10.94370 1.24850
C 39.44920 13.84020 0.59140
C 26.62130 14.56610 -0.90373
C 28.12860 17.47820 -0.51867
C 36.53290 19.87850 -0.18221
C 33.26920 20.04260 -0.22929
C 29.88800 20.00370 -0.49422
C 26.07150 20.65960 -0.26245
C 49.25780 10.97890 1.53337
C 45.96320 12.04290 2.02979
C 43.10890 13.52240 -1.40768
C 42.40180 16.94860 -0.66869
C 39.73300 19.55280 -0.79724
C 39.98100 21.73700 -0.83605
C 47.45780 1.13820 3.47412
C 44.44940 0.72591 3.25038
C 41.46980 0.48245 2.62722
C 48.82420 3.88288 3.06368
C 45.70930 3.56026 3.05056
C 42.67590 3.24349 2.81370
C 47.03330 6.33073 2.58395
C 43.91380 5.92840 2.54356
C 40.75270 5.74347 2.21291
C 30.75480 0.16652 0.85489
C 32.50850 2.89386 1.09062
C 29.42390 3.06073 0.21695
C 26.36760 3.09570 -0.50973
C 34.18930 5.78782 1.05510
C 31.03410 5.86647 0.52699
C 27.89110 6.01765 -0.18111
C 35.84100 8.47154 0.98725
C 32.59010 8.58121 0.54033
C 29.39290 8.77907 0.01053
C 37.50220 11.15690 0.87645
C 34.32200 11.22530 0.42372
C 31.11210 11.40300 -0.03878
C 27.95450 11.65120 -0.48867
C 36.05190 13.91730 0.22843
C 32.90950 14.22850 -0.01608
C 29.84260 14.33340 -0.35595
C 37.92430 16.56970 -0.05246
C 34.59720 16.95000 -0.19082
C 31.47040 17.23820 -0.28473
C 48.88750 14.00930 0.79926
C 45.91370 15.28320 0.43176
C 48.63010 17.10280 -0.12475
C 45.67610 18.57060 -0.61128
C 42.83100 20.43510 -1.11177
C 48.58830 20.17200 -0.81345
C 45.66330 21.76320 -1.38401
H 36.40180 0.79735 3.16498
H 40.76700 4.09287 4.06316
H 37.67280 3.86605 3.23677
H 48.57970 7.67108 3.98218
H 42.09670 6.84388 3.91081
H 46.52900 10.14690 3.43093
H 43.32510 9.80186 3.39765
H 30.33830 95.82150 2.64712
H 27.62980 95.80750 1.18374
H 31.98890 1.24515 2.87893
H 25.78820 1.38773 1.09521
H 33.70260 4.19828 2.92886
H 38.82140 6.76480 3.40047
H 35.65910 6.76339 2.77095
H 40.28730 9.50749 3.20417
H 38.99390 12.27300 2.58956
H 26.30290 12.73160 0.78487
H 40.60520 15.27960 1.75170
H 37.56050 14.96160 1.83363
H 36.35740 17.89990 1.37901
H 26.68590 18.22970 0.56419
H 34.53930 20.98420 1.18659
H 31.43160 20.67870 1.48244
H 28.38580 20.99450 0.81770
H 48.13180 12.75560 2.75030
H 45.17780 14.39320 2.70808
H 43.44460 14.82280 0.09997
H 41.82840 19.07090 0.19917
H 39.39020 20.80170 1.45532
H 24.62730 95.74290 0.59723
H 47.48010 -0.56037 5.19584
H 44.41900 -1.06696 4.81596
H 41.33840 95.81000 4.08128
H 38.37720 95.70610 2.95708
H 48.89690 2.37886 4.95161
H 45.71990 2.00734 4.89632
H 42.57060 1.55761 4.56403
H 39.46530 1.21138 3.75079
H 47.14560 4.83903 4.52935
H 43.96410 4.44335 4.46238
H 45.26960 7.30967 3.99568
H 28.88310 1.29499 1.90769
H 30.60920 4.08049 2.18692
H 27.57050 4.13566 1.36569
H 32.37170 6.87806 2.36124
H 29.18290 6.99752 1.71959
H 26.03470 7.03178 1.07834
H 37.24120 9.55718 2.69830
H 34.04190 9.58975 2.32361
H 30.86710 9.71446 1.81786
H 27.63870 9.89475 1.30124
H 35.71440 12.34120 2.14325
H 32.62220 12.41600 1.62959
H 29.44480 12.54550 1.35306
H 34.47510 15.23780 1.64128
H 31.26840 15.39890 1.37256
H 28.09190 15.45060 0.94721
H 33.09530 18.06580 1.38219
H 29.78140 18.15940 1.20762
H 47.77010 15.90420 1.89810
H 44.82200 17.37210 1.47061
H 47.51510 18.95500 1.04136
H 44.76410 20.51200 0.52382
H 42.01080 22.24510 0.37760
H 47.47340 22.07060 0.20464
C 37.78480 -0.18842 4.86304
C 34.67610 -0.58946 3.94721
C 38.86970 3.02573 5.25212
C 48.18860 9.93562 5.13541
C 45.02920 9.48491 5.19885
C 41.68980 8.87560 5.08616
C 42.47160 11.94250 4.41008
C 33.22050 0.66074 4.93009
C 26.95370 0.13049 2.89011
C 35.48030 2.89678 3.97046
C 36.92880 5.77953 4.66519
C 38.45790 8.86420 4.66434
C 25.83850 8.90158 2.71246
C 40.30690 11.53610 4.56693
C 39.10420 14.53510 3.72544
C 26.15660 14.65340 2.27701
C 27.95730 17.30520 2.62539
C 37.01150 20.38580 1.66664
C 33.22510 19.90880 3.12630
C 29.56430 19.97060 2.92570
C 26.00370 20.53210 1.61563
C 49.05700 11.75360 4.82129
C 45.94730 12.44530 3.90117
C 42.78470 14.29400 2.62363
C 42.45410 16.90940 1.36496
C 40.93600 19.39560 2.50349
C 40.34500 22.61360 2.19026
C 47.33600 1.42821 6.60954
C 44.09930 0.84557 6.30743
C 40.78880 0.33951 5.66552
C 48.77200 4.46356 6.25826
C 45.59910 4.01381 6.24232
C 42.28310 3.54452 5.96963
C 46.97390 6.94956 5.73766
C 43.74390 6.49576 5.71223
C 40.22410 6.07376 5.33080
C 29.90850 0.52049 4.04220
C 31.73810 3.38934 4.26055
C 28.61770 3.21529 3.38390
C 25.54780 3.12552 2.75010
C 33.75910 5.98672 4.28207
C 30.43150 6.06460 3.65778
C 27.32900 6.04453 2.97169
C 35.42120 8.79617 4.21452
C 32.15220 8.88292 3.77810
C 28.96590 8.97823 3.20736
C 37.14900 11.63190 4.06566
C 33.85900 11.63750 3.65082
C 30.88290 11.70830 3.22850
C 27.48100 11.88470 2.73698
C 35.84560 14.38220 3.50684
C 32.71710 14.42420 3.10645
C 29.44860 14.58230 2.78448
C 38.76140 17.07940 1.63219
C 34.91260 17.35020 2.97882
C 31.36760 17.30120 2.90091
C 48.71700 14.81770 3.92905
C 45.80200 16.02990 3.44709
C 48.55720 17.90110 3.04717
C 45.47510 19.14320 2.56992
C 42.71770 20.55260 1.92234
C 48.32970 20.95410 2.20931
C 45.64260 22.35860 1.79871
C 48.91610 29.68410 -0.36745
C 47.57620 32.32800 -0.70218
C 49.23310 35.25980 -1.12922
C 47.98790 38.10080 -1.70114
C 37.22520 23.31010 -1.24021
C 39.68860 25.77190 -0.96612
C 42.56950 27.11990 -1.68080
C 48.35550 26.73130 -2.01689
C 45.51300 28.75050 -2.21765
C 36.51080 25.31280 -1.48892
C 33.56800 23.71190 -1.27197
C 29.54680 23.21550 0.54495
C 40.27170 29.48320 -1.88794
C 37.15380 28.39330 -1.64136
C 27.90320 25.42910 -1.60686
C 43.94450 32.91350 -1.41219
C 40.79240 32.71710 -2.05515
C 25.51000 27.56040 -1.48752
C 41.67100 36.51550 -1.43681
C 38.90410 38.12600 -1.78789
C 36.87590 40.70020 -1.42344
C 34.32810 42.36060 -1.75996
C 30.88060 41.27140 -1.67977
C 28.02070 40.56460 -3.22943
C 24.16600 39.01410 -3.31103
C 24.40350 42.51000 -3.87553
C 31.48350 44.55890 -1.33362
C 28.21830 44.16500 -1.44572
C 32.54510 47.22160 -1.12101
C 45.64240 35.54510 -1.02757
C 44.45190 38.78390 -1.97074
C 41.29920 40.17780 -1.91906
C 46.57660 40.85470 -2.44001
C 40.78660 43.39680 -1.58969
C 37.75620 45.01570 -2.07905
C 34.91710 45.66160 -0.74577
C 46.29050 44.34460 -2.17566
C 42.83540 23.52290 -1.53569
C 48.44850 23.23560 -1.70369
C 45.60830 24.83950 -2.11440
C 34.06920 27.38020 -1.58864
C 31.00490 26.38240 -1.66112
C 37.72760 31.58670 -1.87091
C 34.64310 30.50090 -1.71176
C 31.62650 29.50180 -1.68879
C 28.62400 28.37550 -1.55864
C 38.27000 34.70520 -1.96963
C 35.29700 33.55590 -1.95423
C 32.20120 32.57800 -1.92150
C 29.14920 31.44680 -1.79892
C 25.98880 30.53160 -1.43558
C 35.91740 36.92010 -1.94973
C 32.86070 35.86930 -2.01045
C 29.83380 34.69260 -2.09833
C 26.92270 33.53700 -2.00213
C 33.50150 39.16000 -1.86935
C 30.53950 37.85420 -2.19930
C 26.68020 36.84020 -1.93564
C 29.42030 46.95790 -1.15889
C 43.56620 42.11190 -2.11707
C 43.46100 45.43560 -1.65944
C 40.55200 46.52320 -1.25581
H 47.52240 30.88520 1.41030
H 49.08900 33.62130 0.83072
H 47.73870 36.30760 0.06494
H 39.08060 23.78740 0.31511
H 41.92890 25.30460 -0.12440
H 40.70920 27.89980 -0.29108
H 47.29010 28.29300 -0.45085
H 44.26690 29.45720 -0.03736
H 37.75000 26.76810 0.10806
H 34.65800 25.67330 0.16089
H 31.59340 24.52710 0.03551
H 41.49610 31.01520 -0.12329
H 38.41020 29.93180 -0.21494
H 29.30210 26.71230 0.09311
H 26.41360 25.47780 -0.07701
H 41.91550 34.16610 -0.77053
H 39.44800 36.15120 -0.40365
H 40.80410 38.46940 -0.23757
H 24.70840 33.73890 -0.54972
H 37.56120 41.27040 1.01790
H 31.54400 39.26340 -0.32294
H 28.65180 38.12210 -1.16565
H 24.35470 37.59890 -1.08420
H 35.43190 43.45520 0.22250
H 32.36810 42.51190 -0.24216
H 28.02300 42.41870 -0.29472
H 32.82090 45.40840 0.50080
H 29.74010 45.01400 0.43663
H 45.88880 33.37520 0.29980
H 43.79220 37.09860 -0.25411
H 46.32720 39.23120 -0.39036
H 43.25890 40.30260 -0.44724
H 40.45840 41.50330 0.18585
H 38.21310 42.99390 -1.30022
H 45.59910 42.31180 -1.26624
H 44.75800 23.63000 -0.10981
H 47.45350 25.06710 -0.48925
H 44.77390 26.54380 -1.30203
H 35.32900 28.87400 0.01179
H 32.27980 27.81200 -0.01903
H 38.99140 33.00090 -0.29294
H 35.90590 31.95670 -0.18538
H 32.81740 30.94220 -0.14691
H 29.87310 29.87950 -0.04396
H 26.91800 28.76850 0.15182
H 36.47670 35.09790 -0.37707
H 33.44520 34.05140 -0.43999
H 30.38880 33.01240 -0.37345
H 27.40460 31.93750 -0.12355
H 36.99690 38.43380 -0.31598
H 34.02410 37.24590 -0.35875
H 30.97680 36.09000 -0.39993
H 27.84470 35.05800 -0.69605
H 34.75550 40.45680 -0.21990
H 26.47690 45.08280 0.22433
H 42.80780 43.51780 -0.20053
H 40.01490 44.73310 0.45524
H 37.12320 46.04700 0.15930
H 45.40630 45.66670 -0.18541
H 42.49030 46.75530 0.24306
C 48.90380 30.04370 2.66120
C 47.22770 33.11860 2.41158
C 49.16690 35.72860 2.03141
C 47.62270 38.35070 1.51478
C 37.41180 23.79300 2.08841
C 39.89670 26.01920 1.02351
C 43.02800 27.38220 0.35225
C 47.38970 26.92960 1.19780
C 45.81030 29.76550 1.03107
C 36.54440 25.77400 1.91783
C 33.91860 23.39820 0.69180
C 31.10230 22.74470 2.09677
C 40.39070 29.72710 1.37589
C 37.22810 28.69780 1.56377
C 28.35820 24.99540 1.64246
C 43.79620 31.98490 0.45842
C 40.92250 33.13810 1.29120
C 26.07030 27.23820 1.88863
C 41.64450 36.30850 0.56110
C 38.86760 37.98450 1.19036
C 36.31380 39.91690 1.66029
C 34.00380 41.96570 1.60323
C 30.21080 41.22490 0.23075
C 28.09090 40.14500 -1.41969
C 23.24760 38.83160 -0.18834
C 25.62680 41.75120 -0.68513
C 31.44530 43.77570 1.70080
C 28.02940 43.85410 1.85789
C 32.46150 47.14350 2.16615
C 45.48340 35.74360 1.02284
C 44.38080 38.72200 1.19101
C 41.89280 39.73750 1.49897
C 46.45990 41.32630 0.82086
C 41.47680 43.23990 1.89772
C 37.76190 43.85630 1.07784
C 35.05940 45.55000 1.43697
C 46.97780 44.19140 -0.31979
C 43.03200 24.14320 1.59579
C 48.30510 23.97590 1.46600
C 45.53500 25.77530 0.85474
C 34.08370 27.50270 1.67578
C 31.23710 26.18340 1.60949
C 37.77830 31.69980 1.40938
C 34.62540 30.70190 1.48016
C 31.65890 29.60430 1.57098
C 28.85010 28.47310 1.67977
C 38.33540 34.78750 1.24965
C 35.20880 33.77000 1.31128
C 32.16890 32.81330 1.27154
C 29.27540 31.76740 1.40636
C 26.51910 30.60340 1.75583
C 35.81840 36.84790 1.26140
C 32.77540 35.79110 1.19934
C 29.54070 34.75260 1.10758
C 26.36760 33.90260 1.02293
C 33.20230 39.10270 1.21419
C 29.94450 37.86020 0.97409
C 26.49970 37.12540 -0.08775
C 29.29370 46.85680 1.92710
C 44.39400 41.96270 0.87259
C 43.75020 45.01960 1.49125
C 40.78310 46.48180 2.04827
H 37.05490 59.83390 0.49978
H 34.53400 58.20660 0.16661
H 40.14370 63.16540 0.49725
H 37.10390 62.56310 0.28572
H 44.40920 67.83270 0.21772
H 40.88980 66.36620 0.32635
H 28.96030 61.99660 0.41027
H 44.54110 70.95820 0.38534
H 25.11360 64.78430 -0.53267
H 26.21490 68.40470 -0.68167
H 27.50200 71.24010 0.24768
H 34.28600 61.27440 0.26313
H 37.74860 65.43370 0.19257
H 34.69270 64.49620 0.26613
H 31.70300 63.31120 0.30858
H 41.61470 69.50340 -0.14534
H 38.40500 68.48250 -0.04937
H 35.23070 67.51800 0.14875
H 32.10910 66.56840 0.07276
H 29.19310 65.23610 0.05272
H 36.04060 70.54330 0.12996
H 32.92640 69.62700 0.20393
H 29.87470 68.93600 0.19609
C 47.37280 65.12770 -2.67352
C 49.00130 68.96110 -0.55005
C 34.72960 49.89950 -0.14401
C 35.68730 53.33570 -1.98608
C 33.59090 55.90890 0.66080
C 31.22810 55.32370 -0.71481
C 30.00940 58.33670 -0.53756
C 27.84700 60.73940 -1.47408
C 24.76700 60.68570 -1.76730
C 36.78440 57.96170 -0.98671
C 39.01310 61.08670 -0.11017
C 36.07670 61.03670 -1.34211
C 33.20460 59.78820 -1.33191
C 43.08360 65.90480 -0.92129
C 39.65130 64.86340 -1.30713
C 30.72810 61.78930 -1.35972
C 43.66310 69.64760 -1.54873
C 27.36760 64.31800 -1.51199
C 25.10870 66.95180 -2.11464
C 26.01350 70.58350 -1.89546
C 37.74900 48.05630 -1.09336
C 37.54560 51.28470 -0.41435
C 37.32190 54.59040 -1.41487
C 39.93580 56.30720 -1.07059
C 42.18610 58.37030 -0.90957
C 48.02730 58.71060 -0.61640
C 42.11150 61.90310 -0.68638
C 47.21290 61.90560 -0.66349
C 45.40740 63.12560 -0.50628
C 26.27690 46.86460 -1.38590
C 31.17130 49.85940 -1.01919
C 27.87890 49.83300 -1.34381
C 24.73500 49.81290 -1.35290
C 32.70480 52.53520 -1.02546
C 29.48300 52.62690 -1.09130
C 26.38440 52.57500 -1.32718
C 28.15030 55.29410 -1.16493
C 24.67410 55.30200 -1.56641
C 26.41400 58.03200 -1.51646
C 36.43930 64.16970 -1.44289
C 33.52600 63.00010 -1.25255
C 40.32370 68.03740 -1.55819
C 37.00230 67.09980 -1.50481
C 33.94150 66.13060 -1.43521
C 30.79500 64.94760 -1.38689
C 37.69300 70.22380 -1.66290
C 34.68140 69.26910 -1.45297
C 31.65080 68.39310 -1.48092
C 28.45830 67.36410 -1.11843
C 32.46780 71.47540 -1.35245
C 29.32550 70.70670 -1.45275
C 46.29360 47.65920 -1.37425
C 43.31730 48.62050 -1.10732
C 40.41530 49.78070 -1.04275
C 46.04000 50.59150 -0.90877
C 43.02120 51.77190 -0.90260
C 40.18090 53.14640 -0.97825
C 45.69250 53.70110 -0.76270
C 42.75030 54.96810 -0.78898
C 48.43370 55.65460 -0.56619
C 45.30660 56.71570 -0.72008
C 44.94070 60.00240 -0.77487
H 47.50390 64.50470 -0.66944
H 49.14500 66.88490 0.97467
H 47.21160 69.28130 0.63278
H 34.21920 47.64530 0.60078
H 32.62090 50.73030 0.82704
H 34.23360 53.48890 0.13008
H 32.01540 57.45290 1.90647
H 31.35180 60.12000 0.30319
H 27.76360 59.03790 0.32061
H 26.07370 61.67030 0.04904
H 36.85960 49.19990 0.90072
H 48.04170 47.60630 0.30154
H 39.37710 51.32730 0.47864
H 38.97420 54.58890 0.47360
H 36.11980 55.89970 0.31546
H 38.70900 57.71020 0.62618
H 41.22670 59.94800 0.32019
H 46.71370 60.09910 0.89119
H 44.08430 61.64030 0.91715
H 30.92830 48.00480 0.49870
H 27.82410 47.99120 0.28920
H 29.37880 50.69400 0.41343
H 26.27580 50.72950 0.23816
H 30.99790 53.49380 0.64084
H 27.80480 53.48790 0.47097
H 24.61200 53.41730 0.00650
H 29.36760 56.27970 0.72211
H 26.23100 56.19150 0.14541
H 24.55750 58.88150 -0.13250
H 39.65320 47.97880 0.46499
H 45.15870 48.78790 0.54773
H 42.22880 50.04440 0.59620
H 47.78260 50.70520 0.75893
H 44.86000 51.95070 0.77553
H 41.94810 53.25020 0.80222
H 47.46590 53.89670 0.93231
H 44.52440 55.08340 0.89433
H 41.60560 56.49750 0.71734
H 47.10780 57.03870 0.97742
H 44.08630 58.24830 0.73833
C 46.80220 66.80370 0.17410
C 48.51260 68.56970 2.70963
C 34.64210 49.71860 1.81377
C 36.02140 52.76400 1.89129
C 32.56110 57.24990 4.00295
C 30.74960 55.23410 2.40919
C 29.82490 58.56740 1.56598
C 27.41670 60.79200 1.99240
C 24.38710 60.71730 1.57016
C 36.48740 57.88600 1.81554
C 39.16690 59.96940 1.65342
C 35.95400 61.27620 2.04219
C 33.28350 59.69910 1.78180
C 43.18690 65.63380 0.99459
C 39.52330 64.71630 1.81127
C 30.80890 61.80530 2.05194
C 43.45690 68.98570 1.52078
C 27.23990 63.79740 0.47885
C 25.02430 66.68530 0.92547
C 25.33700 70.06680 1.11909
C 37.88380 47.19670 2.01510
C 38.21220 50.30250 2.47135
C 37.06310 54.48430 2.07661
C 39.73340 56.08780 2.28554
C 42.03520 58.51180 2.12633
C 47.71950 58.67860 2.61938
C 41.83640 62.30980 1.22357
C 47.07200 61.84660 2.54303
C 45.30130 63.05870 2.52539
C 26.23450 46.69470 1.71273
C 30.87660 49.79320 2.16943
C 27.72060 49.74490 1.96143
C 24.66490 49.77940 1.80198
C 32.72780 52.42010 2.10253
C 29.27700 52.51660 2.12423
C 25.98450 52.56480 1.83032
C 27.54260 55.33100 2.06005
C 24.40790 55.27290 1.57982
C 25.97120 58.05930 1.72747
C 36.45830 64.28750 1.94671
C 33.54040 62.99900 1.83563
C 40.30360 68.12870 1.56548
C 37.10040 67.28720 1.66672
C 33.88040 66.27820 1.77973
C 30.84250 65.12630 1.77705
C 37.99670 70.25590 1.57463
C 34.79150 69.23560 1.75298
C 31.41310 68.34120 1.71384
C 28.07900 67.34860 0.74593
C 32.33190 71.36410 1.81966
C 28.92900 70.80480 1.66977
C 46.25760 46.98020 1.83829
C 43.25530 48.31190 2.02228
C 40.21460 49.71240 2.05282
C 45.90880 50.33600 2.30824
C 43.01710 51.61750 2.36589
C 39.89820 52.96920 2.16422
C 45.60580 53.58740 2.49051
C 42.62140 54.97580 2.40347
C 48.24320 55.56130 2.67228
C 45.14880 56.79540 2.47538
C 44.80770 59.89410 2.43693
H 41.98080 72.64260 -0.53448
H 39.56730 74.86410 -0.33871
H 37.33810 76.93160 1.09923
H 25.86080 73.00740 -1.76240
H 34.74750 78.87540 1.73930
H 31.85280 78.04100 0.49227
H 29.11040 77.18000 -0.79535
H 26.17020 76.13740 -1.27672
H 39.09320 71.57080 -0.20294
H 36.71980 73.69940 0.23608
H 33.67820 72.71880 0.31681
H 30.59520 71.97090 0.18930
H 34.36370 75.91150 0.55650
H 31.40720 74.95330 0.00170
H 28.29760 74.27520 -0.24740
C 43.92030 89.25350 2.33661
C 37.29880 89.24560 0.82947
C 48.09160 93.07270 3.58792
C 45.25350 91.85460 4.21835
C 42.42940 92.11330 2.28462
C 39.49330 92.01280 1.06103
C 35.81680 92.07020 0.17844
C 34.51410 93.76600 0.48561
C 46.18520 74.76130 1.36381
C 43.18520 75.78150 2.56527
C 41.11140 77.88260 1.19755
C 38.89160 80.05160 -0.04439
C 39.01390 83.33190 0.47722
C 38.81960 86.52000 0.96179
C 40.65630 88.54000 2.76547
C 46.74490 87.96530 2.66015
C 46.73590 71.40190 -0.72639
C 29.82800 95.63350 0.18673
C 25.72720 78.56580 -0.89908
C 30.21620 79.48450 -0.63823
C 28.03630 80.70450 -0.55269
C 35.50230 82.96190 1.68379
C 33.08370 84.83790 0.38810
C 35.79530 86.26640 0.88547
C 32.73950 87.93860 0.33093
C 32.48520 91.37850 1.52680
C 29.67460 92.57070 0.49207
C 43.78870 71.99710 -1.81506
C 41.43720 74.62930 -1.99130
C 38.32010 76.65300 -1.33490
C 26.33010 74.87390 -3.48536
C 36.99030 79.29650 0.30753
C 31.33000 76.81610 -1.65345
C 28.23820 75.44080 -2.51173
C 46.28560 95.46030 3.51209
C 43.41040 95.10660 2.87817
C 40.41640 95.03550 1.89100
C 37.64680 94.77960 0.80115
C 46.60400 78.13020 1.86932
C 43.97040 79.88500 1.63186
C 41.47580 81.56620 1.12065
C 46.82860 81.56160 2.11175
C 44.02430 83.14200 1.87576
C 41.37070 84.86350 1.56519
C 46.81950 84.83640 2.41515
C 43.98990 86.30790 2.15161
C 25.43770 82.02890 -1.07815
C 30.52990 82.80600 -0.18793
C 27.73220 84.02140 -0.63435
C 24.90260 85.41350 -1.27000
C 30.17410 86.01760 -0.08950
C 27.42530 87.26940 -0.65767
C 29.83120 89.24930 -0.02009
C 27.01380 90.48850 -0.69586
C 26.39000 94.17220 -0.05739
C 40.76660 71.00330 -1.94435
C 38.26730 73.36090 -1.69999
C 35.45140 72.37660 -1.36147
C 36.40350 75.79070 -0.95579
C 33.54470 74.62390 -1.23214
C 30.34190 73.59510 -1.66888
C 34.01330 78.08150 -0.64727
H 42.02520 90.42750 3.64749
H 38.75210 90.14590 2.74239
H 46.36120 93.78470 5.25905
H 37.30540 92.88040 1.95496
H 33.57840 93.25930 2.80061
H 35.48740 95.51060 1.81549
H 45.51560 76.61000 3.12702
H 42.73310 78.24250 3.21057
H 40.09010 79.84990 2.17711
H 37.50970 81.50440 1.54462
H 48.17100 78.29380 4.00332
H 37.40060 84.60110 1.75970
H 37.14850 87.42160 2.52470
H 39.96020 86.16850 3.09673
H 45.11410 89.42120 4.07339
H 47.46290 91.13550 4.98206
H 47.18580 72.41730 1.58144
H 24.97050 77.03490 0.94727
H 27.33830 78.89540 0.99992
H 29.68410 81.04900 1.32308
H 32.09390 83.00110 1.82703
H 34.40350 84.95580 2.60189
H 34.26500 88.06380 1.95525
H 31.32660 89.36630 1.91561
H 28.31760 90.59150 1.40055
H 25.43810 91.97010 0.58251
H 30.47780 92.58850 2.54100
H 43.24470 93.29700 4.36629
H 40.25750 93.00590 3.23234
H 45.59900 79.85670 3.45644
H 42.85890 81.42910 3.18157
H 40.16850 83.00170 2.65105
H 48.42040 81.46050 3.96899
H 45.65490 83.04320 3.71500
H 42.87120 84.55640 3.45384
H 48.45540 84.61950 4.21282
H 45.53730 86.18230 4.04409
H 42.68580 87.59080 3.72948
H 48.20930 87.97430 4.38309
H 26.86080 82.31560 0.88908
H 29.22780 84.26940 1.31472
H 26.36130 85.54530 0.68178
H 31.67990 86.23430 1.85029
H 28.79360 87.48470 1.36521
H 25.86410 88.73310 0.62714
C 43.08340 89.19540 5.56583
C 36.19600 89.64960 2.47396
C 48.12290 92.85910 6.67604
C 44.59720 92.26520 6.09562
C 41.25060 92.13430 5.31550
C 38.24730 91.76530 4.12233
C 35.09530 92.96190 4.60864
C 32.04220 94.48640 3.25390
C 46.59710 74.38310 3.14891
C 43.30100 76.14530 4.45108
C 40.74070 78.41700 4.28592
C 37.91650 79.89160 3.43643
C 38.00030 83.04580 3.61056
C 37.76920 85.50440 3.97748
C 40.41010 87.73600 4.73160
C 46.06140 87.85950 5.79251
C 45.99290 70.74840 2.47768
C 28.83300 94.49970 2.98950
C 25.24720 78.99850 2.44363
C 31.53200 79.77940 2.24900
C 27.68420 80.79690 2.71813
C 33.29860 80.86540 2.37342
C 32.57290 84.80450 3.70262
C 35.28820 86.79610 4.03366
C 32.33450 87.87510 3.61145
C 32.30330 91.14480 3.40068
C 28.94270 91.18370 3.78111
C 43.58690 72.62840 1.50303
C 42.03260 75.11470 -0.27952
C 39.55930 76.31490 1.77062
C 26.19430 73.38260 0.81682
C 36.69160 78.16310 3.31477
C 30.45530 76.76540 1.41885
C 27.39610 76.37360 0.87939
C 45.89880 95.67010 6.68395
C 42.66290 95.05340 6.02263
C 39.38790 94.61350 4.87453
C 36.41630 94.34910 3.74528
C 46.30350 78.14570 5.16606
C 43.64110 79.85760 4.95153
C 40.65640 81.22500 4.22900
C 46.40240 81.23060 5.33073
C 43.61710 82.86940 5.06826
C 40.73530 84.34640 4.62045
C 46.51160 84.45520 5.55303
C 43.41420 85.99590 5.35110
C 24.71650 82.13270 2.02227
C 30.22530 82.80980 3.09038
C 27.09640 84.13210 2.51472
C 24.20370 85.32620 1.84683
C 29.59860 85.91010 3.08326
C 26.66300 87.26870 2.47005
C 29.31090 89.13310 3.19748
C 26.08920 90.38710 2.46924
C 25.88520 94.13660 1.77714
C 41.03220 71.30560 1.36228
C 38.80030 73.37680 1.46805
C 35.44890 72.27290 1.79315
C 36.03060 75.09300 2.17750
C 32.91810 74.47140 1.86928
C 29.90680 73.84520 1.60557
C 33.50520 77.47760 2.33398
C 54.66020 95.54880 3.28285
C 51.75490 95.17730 4.77688
C 49.16470 96.12500 3.58744
C 55.29640 3.92356 2.87363
C 52.32290 4.21288 3.19311
C 50.43030 6.62182 2.57905
C 59.64480 0.31210 2.40605
C 58.54570 3.44136 2.46538
C 57.34620 6.47438 2.57032
C 59.81630 8.06127 1.68427
C 73.18650 10.36590 -1.94983
C 68.00840 10.20890 -0.40486
C 65.00350 10.73320 1.13445
C 61.09030 11.02620 0.95959
C 70.93780 12.97310 -0.78912
C 67.79850 12.30470 -0.24822
C 65.85240 14.59880 0.04663
C 62.97900 13.94460 -0.00780
C 63.34410 17.21350 0.88706
C 61.28010 19.89400 0.52390
C 62.97640 22.45730 -0.09500
C 60.16530 22.57330 0.38547
C 54.17570 7.36469 3.30036
C 51.93990 9.39862 2.27787
C 57.77230 9.75541 3.88962
C 57.27390 12.74000 1.93307
C 59.85140 13.72340 0.29577
C 60.04660 16.94360 0.63772
C 57.08980 18.80990 -0.35203
C 57.28290 22.79480 0.09736
C 56.54250 1.02908 2.79627
C 53.50640 1.10228 3.33051
C 50.56470 1.34795 3.49875
C 68.90520 95.26100 1.51118
C 65.78510 96.06440 1.84025
C 62.69400 -0.40864 2.14327
C 71.04380 0.30722 0.93833
C 67.96330 1.16860 1.29004
C 64.76420 1.92926 1.73299
C 61.70540 2.66993 2.13050
C 70.23390 3.37898 0.82348
C 66.91460 4.17043 1.26155
C 63.81860 4.96180 1.62356
C 60.65920 5.72557 2.12623
C 72.64420 5.82994 0.49593
C 69.33450 6.29667 0.63894
C 66.29510 7.20823 1.04282
C 63.06600 7.79952 1.29588
C 72.41230 16.02870 -0.63339
C 69.04060 15.28520 -0.23797
C 70.37630 18.24230 -0.50281
C 66.90140 17.52090 -0.11021
C 71.42580 21.29780 -0.63807
C 68.07680 20.55720 -0.58895
C 64.88900 19.86960 -0.02870
C 54.76140 10.91480 2.20479
C 51.86270 12.53400 1.37216
C 54.58340 14.19420 1.08640
C 51.49750 15.64950 0.41332
C 57.33310 15.78710 1.03087
C 54.28690 17.27570 0.03426
C 51.48370 18.76070 -0.38782
C 54.38820 20.48160 -0.60569
C 51.53850 21.79680 -1.06421
H 56.57470 -0.80861 4.35832
H 53.58200 -0.53386 5.13898
H 55.31600 2.20566 4.62267
H 54.12160 5.30446 4.65111
H 51.88480 7.72999 4.13682
H 59.47390 95.84390 4.04609
H 58.50620 1.63445 4.12633
H 57.28450 4.62041 4.20773
H 59.41650 6.83523 3.88270
H 56.34930 7.79126 4.42388
H 71.11750 7.00563 2.22070
H 67.96180 7.73456 2.20328
H 64.70730 8.65534 2.55463
H 61.41580 9.15311 2.70216
H 71.77710 11.12900 0.11567
H 72.50630 14.05710 0.83143
H 69.47520 13.33420 1.26791
H 66.36850 12.76940 1.72874
H 64.34270 15.18240 1.63841
H 61.50540 18.16090 2.13388
H 60.26490 21.11890 2.50416
H 53.77650 9.72150 3.90943
H 50.90240 11.33890 3.34876
H 56.25130 11.78630 4.12058
H 58.99440 13.30410 2.85070
H 61.26960 14.99900 1.55532
H 58.82470 16.63550 2.78431
H 58.86080 19.12660 0.78681
H 56.03430 20.82080 0.82108
H 53.20260 22.25720 0.73495
H 50.55360 -0.24330 5.30827
H 52.20630 2.48624 4.88041
H 50.39990 5.07004 4.53806
H 70.93000 95.97500 2.77991
H 67.81240 -0.54322 3.10772
H 64.68310 0.19983 3.51234
H 61.50420 0.87443 3.81060
H 69.96400 1.71513 2.64166
H 66.82580 2.45394 3.02902
H 63.70830 3.28445 3.42660
H 60.52850 3.98810 3.83689
H 72.19340 3.99252 2.12471
H 68.96330 4.65442 2.52512
H 65.79390 5.58548 2.95963
H 62.69840 6.32303 3.32399
H 63.04320 12.22440 1.72186
H 70.68990 16.47730 1.16774
H 67.45260 15.79910 1.54275
H 71.76130 19.55280 1.08338
H 68.55480 18.81760 1.12021
H 65.45250 18.24800 1.74669
H 69.56860 21.88240 0.84905
H 66.50290 21.22120 1.15850
H 63.28300 20.78530 1.61075
H 53.59530 12.98150 3.02407
H 50.67340 14.45010 2.44093
H 56.15980 14.75710 2.92966
H 53.36490 16.05910 1.98781
H 50.43000 17.55940 1.47579
H 56.05080 17.73280 1.70004
H 53.25450 19.16920 1.20762
H 50.34740 20.64980 0.79004
C 55.29740 -1.06921 6.49006
C 52.05880 95.70270 6.63580
C 49.08400 96.00350 6.85952
C 55.61440 4.24760 6.05058
C 52.19250 4.63038 6.14013
C 50.22420 7.15680 5.82153
C 59.97490 0.32096 5.59880
C 58.94510 3.45674 5.62552
C 57.77300 6.55945 5.75960
C 59.94590 8.96105 4.77350
C 70.94560 9.23893 1.38779
C 68.77920 9.71721 1.65344
C 64.91890 11.08570 2.98347
C 60.78290 11.51780 2.87696
C 71.21910 12.52950 2.33594
C 68.06350 12.21280 3.11342
C 66.10610 14.74560 3.27866
C 62.87630 13.86310 3.16107
C 63.55290 17.14670 2.88223
C 62.18550 19.95230 3.67449
C 63.43600 22.67390 3.08304
C 60.26230 23.21530 3.35395
C 54.04790 7.71118 5.32609
C 51.71920 9.90645 5.24927
C 56.97020 10.00100 5.67218
C 57.43640 13.80670 4.88263
C 60.26050 15.43830 3.84356
C 59.39500 18.90620 3.25211
C 57.24750 19.63860 2.64590
C 57.01790 22.83710 1.99069
C 56.97310 1.00398 5.93916
C 53.69480 1.60663 6.44611
C 50.58970 1.79390 6.61487
C 69.40190 95.64870 4.63900
C 66.26580 -0.90056 5.01219
C 63.03290 -0.23575 5.31855
C 71.66900 0.63149 4.08948
C 68.43280 1.37756 4.53254
C 65.31590 2.16313 4.91650
C 62.19590 2.76005 5.20127
C 70.65630 3.63091 4.03000
C 67.36160 4.40068 4.43680
C 64.29040 5.17356 4.85092
C 61.22010 5.82813 5.24726
C 72.84990 5.89036 3.78231
C 69.38750 6.59504 3.96434
C 66.37480 7.70631 4.15660
C 63.05670 8.49395 4.47128
C 72.48340 15.65790 2.64661
C 69.39880 15.16550 2.86732
C 70.37230 18.32430 2.74702
C 67.39750 17.67920 3.07379
C 71.32230 21.41000 2.54308
C 68.38690 20.73130 2.65050
C 65.25320 20.08630 2.98534
C 54.20860 11.84260 5.18183
C 51.60720 13.44230 4.47435
C 54.08030 15.11420 4.16900
C 51.43910 16.51780 3.46937
C 56.66650 16.91950 3.93130
C 54.13380 18.02990 3.18585
C 51.36750 19.49250 2.73169
C 54.35330 20.97780 2.52608
C 51.16040 22.63780 2.00769
C 73.49630 27.48460 -1.07161
C 63.07110 25.37960 0.28927
C 70.66260 28.49080 -2.05204
C 67.20650 28.50580 -1.71137
C 64.35100 28.29480 -0.86616
C 59.57660 25.71350 -0.26631
C 56.54170 26.48070 -0.76087
C 53.37140 27.13410 -0.99550
C 61.40300 28.31590 -0.38412
C 52.05240 29.98010 -0.86245
C 63.22520 31.33380 -0.69642
C 65.50260 34.16190 -0.58363
C 63.99970 37.04820 -0.58642
C 62.68100 39.97280 -0.42355
C 50.08890 40.78650 -1.84101
C 61.23800 42.76760 -0.23530
C 58.14800 43.15440 -0.49010
C 51.55260 43.75910 -2.18238
C 56.92980 46.35940 0.08689
C 53.59640 46.43300 -0.57915
C 51.09850 24.60310 -2.27549
C 70.66680 31.66550 -0.70298
C 67.82110 31.32910 -2.59115
C 69.15410 33.89030 -0.60191
C 67.39830 36.83520 -0.72018
C 65.78270 39.75200 -0.58586
C 64.30510 42.61540 -0.34361
C 62.94660 45.38240 -0.16862
C 49.76430 43.87500 -2.96745
C 72.38970 24.36360 -0.90404
C 69.12420 23.57930 -0.86836
C 65.88120 22.87950 -0.52586
C 70.01150 26.66500 -1.29848
C 66.46520 25.73790 -0.86720
C 58.39710 29.07320 -0.59454
C 55.17910 29.55970 -0.73341
C 60.21840 31.62560 -0.54497
C 57.12660 32.16450 -0.75608
C 53.88830 32.48590 -0.76797
C 50.68450 32.56580 -0.74186
C 62.25430 34.29160 -0.54836
C 59.04310 34.64730 -0.68384
C 55.74870 34.93930 -0.94041
C 52.59620 35.07270 -1.00027
C 60.92420 37.24290 -0.55979
C 57.66110 37.60110 -0.80608
C 54.55940 37.72760 -1.06658
C 51.26960 37.91730 -1.38362
C 59.59470 40.30150 -0.46074
C 56.51240 40.44830 -0.74450
C 53.54480 40.61570 -1.46695
C 54.86150 43.43820 -0.86039
C 54.18300 23.82330 -0.92200
C 72.46550 34.58960 -1.05804
C 70.70680 37.01350 -0.78982
C 72.25670 39.84670 -0.75445
C 69.13080 39.81930 -0.67966
C 70.70970 42.55070 -0.75814
C 67.44500 42.52290 -0.62131
C 72.36380 45.28670 -0.77752
C 69.13670 45.39410 -0.68419
C 65.98700 45.46800 -0.41687
H 64.52020 23.71540 1.22369
H 61.86590 23.75200 1.61821
H 71.48330 27.98100 0.22952
H 65.00900 26.76570 0.81185
H 69.09580 29.87900 -0.91733
H 66.17940 29.66950 0.22644
H 58.86050 24.21300 1.50179
H 55.83990 24.65860 0.72180
H 61.27920 26.71070 1.23925
H 54.96560 27.63090 0.69619
H 51.77400 28.04690 0.78823
H 63.16570 29.52710 0.94084
H 50.61410 30.78500 0.94232
H 64.86370 32.25460 0.98053
H 63.92250 35.18280 1.02178
H 62.53300 38.09700 1.09943
H 49.52870 39.07690 0.05720
H 61.17880 40.88130 1.33700
H 51.84220 41.82410 -0.74983
H 59.79130 43.91970 1.51652
H 56.60790 44.03480 0.73749
H 53.47980 44.43980 0.97856
H 52.85530 25.29170 0.54019
H 50.97170 26.33400 -1.70115
H 72.54310 32.53260 0.32954
H 69.44830 32.37420 1.33222
H 67.27020 32.42420 -0.91177
H 67.41980 35.05410 0.77411
H 65.78690 37.84450 0.93271
H 64.36190 40.72750 1.17798
H 62.87960 43.47140 1.48348
H 49.40930 43.81520 -0.58630
H 72.71370 22.66800 0.91978
H 70.51130 25.01060 0.51414
H 67.47080 24.22100 0.78471
H 68.15940 27.18760 0.13003
H 58.05740 27.20520 1.04654
H 60.03630 29.84760 1.11478
H 56.87370 30.31430 0.86316
H 53.67650 30.62590 0.82228
H 61.89330 32.45520 1.05019
H 58.69920 32.84390 0.96116
H 55.54430 33.18900 0.75153
H 52.33650 33.43310 0.77884
H 60.70410 35.41920 1.05661
H 57.38270 35.71660 0.72191
H 54.14720 36.01570 0.59698
H 50.96860 36.24370 0.40796
H 59.26530 38.32710 0.95310
H 56.00680 38.60450 0.72818
H 52.80420 38.89790 0.22823
H 57.91350 41.22740 1.13315
H 54.69120 41.48890 0.58727
H 50.24360 23.63010 -0.07037
H 70.69850 35.17090 0.74693
H 72.28050 37.99880 0.82570
H 69.07850 37.89650 0.85996
H 70.74730 40.74770 0.96516
H 67.50300 40.64760 0.94686
H 72.41410 43.45120 0.80070
H 69.16530 43.50580 0.87916
H 65.99840 43.50440 1.16268
C 73.24370 27.71100 2.08010
C 63.30670 25.58110 2.08469
C 71.67970 30.26400 0.83439
C 68.39720 29.30810 1.32577
C 65.08600 28.76520 2.27526
C 59.46650 26.21850 2.83005
C 56.19510 26.41360 2.43986
C 53.31930 26.88120 2.34931
C 61.58790 28.71420 2.67139
C 52.15920 29.79930 2.55690
C 63.31980 31.27880 2.70731
C 65.78930 34.17580 2.38305
C 64.12270 37.05810 2.66297
C 62.81580 39.82590 2.81339
C 49.52900 41.51950 0.25158
C 61.03640 42.75530 3.02361
C 57.63320 43.09350 2.76565
C 51.53060 43.83750 0.80139
C 56.89890 46.15810 2.01709
C 53.18050 46.27910 2.71621
C 50.48650 25.87320 0.78905
C 70.76630 30.95000 2.67586
C 67.21610 31.58780 1.48671
C 69.14360 34.16980 2.41844
C 67.50280 36.78650 2.45804
C 66.03560 39.64520 2.61955
C 64.60650 42.44820 2.88016
C 63.11150 45.28710 3.18283
C 49.02010 46.02770 0.30853
C 72.19810 24.70270 2.24382
C 69.32260 23.81940 2.33440
C 66.35580 23.15490 2.66094
C 70.02490 27.06070 1.81502
C 67.06130 26.24780 2.09751
C 58.20810 29.12220 2.58306
C 55.18470 29.41440 2.32677
C 60.15960 31.77470 2.65143
C 56.90000 32.16760 2.49036
C 53.86700 32.50180 2.39500
C 50.69840 32.72280 2.42171
C 62.22100 34.31870 2.66209
C 58.82510 34.75920 2.47662
C 55.58300 35.07810 2.28495
C 52.39510 35.37760 2.20062
C 60.76510 37.26380 2.62852
C 57.44160 37.54980 2.38946
C 54.09350 37.97140 2.08986
C 50.83360 38.35060 1.74015
C 59.34210 40.06210 2.75287
C 55.93360 40.39090 2.38612
C 52.48870 40.99120 1.48380
C 54.71100 43.38490 2.27089
C 54.03260 24.00690 2.29494
C 72.20690 33.87690 2.19182
C 70.72980 36.92150 2.43671
C 72.44630 39.80460 2.46311
C 69.13950 39.68790 2.50959
C 70.78170 42.66420 2.48471
C 67.70970 42.47570 2.58775
C 72.44500 45.27570 2.47588
C 69.12000 45.34830 2.49924
C 66.11880 45.39450 2.70953
C 53.17810 60.26970 -0.38845
C 50.34570 60.89590 -0.45633
C 59.41650 64.36480 0.82363
C 56.16640 63.91740 0.24981
C 49.86110 63.58480 -0.94597
C 60.53100 67.45170 1.16402
C 65.02630 71.09040 1.87812
C 61.61240 70.33470 1.44282
C 67.05100 48.55490 -0.06174
C 63.73630 48.52980 0.22826
C 72.23650 50.91130 -0.66054
C 69.24020 52.67830 0.54759
C 73.37990 53.80520 1.72440
C 73.23910 67.80990 1.07127
C 51.77260 47.33130 -0.90384
C 52.27780 51.16540 0.08124
C 51.35490 54.43680 -0.36384
C 51.15070 57.65270 -0.19339
C 60.28270 47.13300 -0.21339
C 64.49660 51.65250 0.76612
C 61.24660 50.53780 0.07823
C 57.95200 50.01160 -0.51599
C 70.20320 55.48590 2.62576
C 67.56480 53.31150 3.78679
C 65.20460 54.26130 1.54675
C 55.62180 52.40560 -0.35551
C 72.52720 58.39650 2.88557
C 53.36430 54.58170 -0.27819
C 57.62750 58.46240 0.23608
C 54.57230 57.69880 -0.19047
C 62.00000 61.96090 1.07002
C 58.93210 61.36780 0.37288
C 71.71830 66.47770 1.49813
C 62.73100 64.98430 1.36334
C 70.49850 69.71040 2.30683
C 66.95360 68.69590 1.82516
C 63.70940 67.99860 1.67747
C 52.91040 63.34670 -0.08021
C 57.45170 66.95900 0.64523
C 54.13930 66.77430 0.01102
C 51.10570 66.56820 -0.41673
C 58.50990 69.87350 0.98282
C 55.32740 69.66800 0.54711
C 52.18000 69.42790 0.06129
C 70.78800 48.14510 -0.75577
C 49.17510 49.47270 -0.99660
C 48.70670 52.44860 -0.69731
C 54.90800 49.39240 -0.47425
C 62.11690 53.74100 0.67606
C 58.87470 53.06780 -0.01298
C 69.09300 57.36280 2.67468
C 66.09130 57.05690 1.96355
C 63.03300 56.65760 1.17489
C 59.80900 56.08890 0.47359
C 56.63060 55.38610 -0.01301
C 70.14100 60.46100 2.14155
C 66.97680 59.92690 1.94972
C 63.98480 59.44330 1.45233
C 61.05230 58.97180 0.78547
C 70.91010 63.56060 1.85523
C 67.98900 63.02870 1.89740
C 64.94100 62.59900 1.62534
C 68.77680 66.20050 1.77557
C 65.73700 65.55380 1.76684
H 72.15600 56.07550 4.03071
H 54.76650 61.86720 0.70440
H 51.90370 61.56360 1.30884
H 48.92520 62.28580 0.98039
H 60.66310 65.47480 2.64789
H 57.39040 64.98720 2.17510
H 61.78450 68.45580 3.09708
H 54.90840 47.43660 1.32584
H 64.29320 46.28650 1.31353
H 69.32560 49.03160 1.21405
H 64.60830 49.33630 1.96090
H 71.65880 52.01150 1.13109
H 50.78960 49.14880 0.64655
H 50.43900 52.60400 1.03703
H 50.07400 55.86340 1.34939
H 49.68700 59.16540 1.19575
H 61.52220 48.48440 1.63819
H 58.31590 48.08290 0.92305
H 65.25470 52.24040 3.24993
H 62.35470 51.68540 1.99074
H 56.10470 50.43590 1.14524
H 68.97240 55.98210 4.84352
H 66.05640 55.28250 3.66036
H 53.74670 52.72460 1.18828
H 70.38360 58.83460 4.17767
H 54.66630 55.82160 1.50480
H 71.31130 61.91210 3.27567
H 55.64060 59.02880 1.73511
H 52.78800 58.50560 1.37565
H 72.30610 64.98420 3.45701
H 59.98060 62.50250 2.33598
H 57.24900 61.86890 1.22439
H 70.25060 67.45900 3.29304
H 63.90370 66.10770 3.24644
H 68.12640 69.85940 3.35260
H 65.06050 69.14300 3.41522
H 54.16990 64.81840 1.45598
H 51.02120 64.54760 0.98055
H 58.64140 67.97420 2.60434
H 55.46670 67.66560 1.94476
H 52.30140 67.44140 1.51391
H 56.67420 70.64700 2.34763
H 53.42360 70.24840 2.00020
H 50.28150 69.79960 1.47630
H 70.81070 46.23960 0.90016
H 67.50270 46.36140 0.93090
H 72.43020 48.89470 0.96313
H 59.19140 51.05700 1.38588
H 63.11090 54.73160 2.75220
H 60.00540 54.10280 1.96267
H 56.94440 53.45170 1.46462
H 67.06900 58.33350 3.81537
H 64.04780 57.68670 3.16325
H 60.99430 57.10170 2.38670
H 57.79960 56.51840 1.85679
H 68.24470 61.29060 3.56566
H 65.08330 60.77340 3.20616
H 62.02700 60.14550 2.68108
H 58.97460 59.45860 2.01724
H 69.19070 64.42770 3.45815
H 66.16400 63.77710 3.38417
H 62.99290 63.14580 2.96145
H 67.06680 66.76820 3.44318
C 53.70520 60.48750 2.57003
C 50.03060 60.99990 2.76116
C 58.97020 64.13470 3.90612
C 55.66010 63.24780 2.62581
C 48.63770 64.59370 1.61991
C 60.12380 67.18100 4.43772
C 64.52330 70.91680 5.11802
C 61.33400 70.37350 4.60263
C 66.93730 48.63220 1.95099
C 63.13800 47.52340 3.21542
C 72.32080 50.76060 2.71658
C 69.17930 51.44080 2.03969
C 73.15420 53.83560 3.87822
C 73.97200 67.76450 3.34225
C 51.31230 47.17770 2.32467
C 52.07590 50.93760 1.89113
C 51.04340 54.14860 2.91998
C 50.96760 57.75530 2.81553
C 60.13160 46.41910 1.71796
C 63.81010 50.89110 3.95367
C 60.74850 50.05810 3.12944
C 57.80740 49.32800 2.65441
C 70.95400 55.64810 6.30510
C 67.38950 54.29450 5.58548
C 64.25740 54.11300 4.86751
C 55.37570 52.06690 2.86068
C 71.58920 57.61370 6.00850
C 53.11360 54.29370 2.86447
C 57.16590 58.39820 3.40772
C 54.21220 57.35010 3.15071
C 61.37880 61.88650 4.28488
C 58.16590 61.26550 3.46912
C 72.35860 67.20830 4.57846
C 62.19080 64.87290 4.48642
C 70.58330 69.72350 4.19515
C 66.74280 68.55350 5.13420
C 63.47900 67.92930 4.84410
C 52.39980 63.54870 2.66603
C 56.88040 66.63800 3.79338
C 53.73980 66.44850 3.24406
C 50.65330 66.21550 2.80437
C 58.06370 69.80590 4.19683
C 55.01120 69.43620 3.65657
C 51.70060 69.05500 3.29074
C 70.60840 48.11080 2.58515
C 48.76720 48.99860 2.25128
C 48.50760 52.29790 2.54220
C 54.69100 48.99490 2.78966
C 61.46810 53.20040 3.75629
C 58.47930 52.51400 3.19719
C 68.52570 58.00930 5.85046
C 65.38950 57.15960 5.15822
C 62.37250 56.48230 4.33115
C 59.32330 55.75880 3.64907
C 56.31880 55.05820 3.22724
C 70.04940 60.92020 5.28859
C 66.57750 60.38990 5.09020
C 63.43040 59.59050 4.53615
C 60.36980 58.84690 3.92985
C 71.13230 63.88510 4.97528
C 67.85430 63.24370 5.07288
C 64.59730 62.63000 4.75910
C 69.02120 66.46360 4.94172
C 65.54950 65.55090 4.96138
C 70.49190 86.18490 1.28240
C 66.75230 84.81460 2.50871
C 65.66450 87.22910 5.70403
C 62.50930 88.34130 3.67240
C 61.58360 91.14260 2.94999
C 58.49430 91.41600 3.64014
C 57.65090 95.14620 2.63866
C 49.41720 75.85990 1.37016
C 51.48770 77.31770 3.64159
C 55.61010 80.22030 1.75757
C 62.02840 84.08810 0.97867
C 49.49470 90.11030 4.07735
C 60.63830 86.95860 3.90687
C 57.60810 88.13810 4.08631
C 52.28350 91.10960 4.66040
C 58.91170 90.44190 5.62397
C 54.76750 93.58270 4.09079
C 66.07060 74.41270 3.03723
C 49.59260 72.05450 0.70239
C 63.91910 76.11980 1.37574
C 54.37580 75.06970 0.95151
C 51.23140 75.10200 0.84125
C 65.04710 78.60380 1.03141
C 61.89910 78.73930 1.44815
C 58.55440 78.61440 1.66858
C 54.62580 78.39420 1.57920
C 67.22800 81.89760 0.91388
C 63.84600 81.36920 1.03191
C 63.52950 84.53310 2.37188
C 73.27320 71.46060 1.38836
C 70.42650 72.96500 1.69397
C 70.16410 76.37950 1.65184
C 68.54050 73.59720 1.43118
C 70.18270 79.74400 1.64055
C 70.48300 83.04950 1.50833
C 70.52540 89.22000 1.58379
C 67.64880 89.28350 2.74322
C 64.55710 90.52250 2.71071
C 69.78230 92.28060 1.59163
C 66.75640 92.89300 2.00139
C 63.73640 93.70770 2.31748
C 60.57990 94.28330 2.51511
C 71.86720 94.56010 0.99489
C 49.45740 79.88850 2.38348
C 52.56350 81.27420 3.23284
C 49.56810 83.13730 2.61607
C 59.57910 81.65410 2.65499
C 55.36890 83.22700 2.81533
C 52.31100 84.67140 3.10163
C 49.70040 86.42130 3.05024
C 58.03520 85.02080 3.48930
C 55.05170 86.34780 3.65443
C 52.29230 87.87350 3.71898
C 54.98000 89.63740 4.37606
C 62.59200 73.26980 1.49455
C 59.53590 72.96260 1.27626
C 56.57420 72.59230 0.89198
C 53.37940 72.23810 0.46775
C 60.70390 75.85780 1.52424
C 57.47020 75.73530 1.27390
C 73.02530 74.79780 1.23301
H 49.50680 94.28130 5.17796
H 68.94690 84.71550 2.69285
H 62.33320 86.97170 5.87320
H 70.48830 87.47300 3.42483
H 67.28890 87.09080 3.90255
H 64.47070 89.24570 4.98292
H 61.36820 90.04810 5.21404
H 60.42110 92.89080 4.21968
H 57.29830 93.48280 4.63713
H 50.96790 79.61830 4.36755
H 54.87210 81.43630 3.76497
H 62.02090 82.29430 2.67000
H 57.37850 83.20220 4.42002
H 59.86170 85.03590 5.34931
H 59.40720 87.96810 5.89095
H 56.68180 89.45480 5.91678
H 53.87220 90.69820 6.39697
H 50.18080 91.60870 5.96174
H 66.04100 72.03470 4.12912
H 62.93590 71.50610 3.17678
H 64.08730 74.36930 3.12798
H 51.62710 72.83290 1.78055
H 65.78360 77.02520 2.94287
H 55.77400 76.37450 2.67902
H 52.74040 75.50080 2.88674
H 66.70920 79.90920 2.55009
H 63.75430 79.60690 2.83848
H 60.59960 79.42860 2.84939
H 57.67500 80.20260 3.17472
H 65.22210 82.60550 2.36603
H 71.74840 71.63490 3.31538
H 69.01040 72.63220 3.75461
H 68.34900 75.41800 3.11371
H 68.70120 78.08690 2.93950
H 72.03040 84.66920 2.48603
H 68.93160 81.59470 2.69377
H 52.61290 93.51170 5.36760
H 69.64250 90.60560 3.41690
H 66.61060 91.31620 3.83676
H 63.48010 92.16600 4.19092
H 71.81080 92.88610 2.78074
H 68.72920 93.62030 3.33581
H 65.70980 94.39840 3.65723
H 62.49660 95.18150 3.83463
H 51.18900 82.93680 4.50614
H 54.15350 84.41270 4.70946
H 51.24700 85.99360 4.93731
H 56.84790 86.18770 5.41035
H 54.01320 87.65890 5.49713
H 51.20020 89.08940 5.52243
H 59.70990 71.01360 2.82324
H 60.85400 73.97890 3.10791
H 57.81550 73.69470 2.71708
H 54.70810 73.09180 2.35642
H 62.31950 76.87420 3.07674
H 59.02070 76.62260 3.08058
H 71.40010 74.74310 3.03596
H 71.57560 78.04500 2.75178
H 71.82970 81.30630 2.60674
C 71.75960 86.33710 4.37746
C 68.80170 86.17900 4.89064
C 66.43540 87.53020 7.28128
C 62.76780 88.81960 6.98192
C 61.88050 92.02390 6.10981
C 55.47800 93.27570 7.97994
C 58.01730 95.16030 5.89104
C 49.58020 76.30050 3.66211
C 51.89080 77.55450 5.65125
C 56.07770 79.63820 4.97645
C 61.16510 83.74360 4.55726
C 48.88870 89.50180 6.23810
C 60.51070 86.25220 7.51314
C 57.36820 87.61820 7.37491
C 51.70480 90.39400 7.52783
C 56.01770 91.86100 6.25508
C 53.43450 92.80710 7.65117
C 66.56700 73.72410 6.07315
C 49.46480 71.89920 2.57066
C 64.06630 76.27830 4.71633
C 54.74720 74.61350 4.27611
C 51.73760 73.55280 4.13187
C 65.37680 78.97010 4.62019
C 62.18040 78.86670 4.57480
C 59.03760 78.52790 4.55263
C 55.23290 77.81160 4.81011
C 67.00020 81.93770 4.17999
C 63.62720 81.64060 4.25035
C 64.40850 85.55880 5.81290
C 73.86980 71.64410 4.63471
C 71.15220 73.25500 4.99943
C 70.30800 76.53930 4.25397
C 68.34170 74.39990 5.44136
C 70.27020 79.86930 3.81199
C 70.58990 83.09590 3.70575
C 71.24430 89.38830 4.81704
C 67.93040 89.49280 4.79701
C 65.08210 91.19990 5.89623
C 70.39020 92.54140 4.73403
C 67.18780 93.23540 5.24218
C 64.06480 94.20620 5.44515
C 60.95330 94.82120 5.67953
C 72.60660 94.74260 4.13115
C 49.20240 79.91990 5.78656
C 52.76400 81.10300 5.07412
C 49.16210 82.86070 5.82319
C 59.06960 81.70560 4.76611
C 55.43590 82.63940 5.88191
C 52.24650 84.15380 6.32798
C 49.05580 86.22470 6.01518
C 57.79960 84.29950 6.64291
C 54.79720 85.72600 6.76921
C 52.06980 87.31390 6.93904
C 54.74960 89.03400 7.48979
C 62.54780 73.31860 4.77363
C 59.28340 72.75000 4.49097
C 56.31630 72.35020 4.06289
C 52.98580 72.00060 3.67597
C 60.74610 75.90180 4.70259
C 57.64840 75.54680 4.39552
C 73.52840 75.06250 4.26263
C 89.14250 2.13536 -2.67026
C 93.55880 5.00828 -3.61861
C 90.08980 4.85278 -0.80338
C 94.88540 7.97614 -3.90056
C 82.42310 0.22960 -1.67582
C 79.51260 0.86304 -1.23493
C 78.42010 4.36628 -0.45290
C 75.78840 5.43508 0.42014
C 74.56430 8.91496 1.13128
C 71.31400 9.65685 -2.01516
C 73.86560 14.44470 -1.21917
C 75.94720 16.47510 -0.00789
C 76.87710 19.71540 0.06992
C 86.24090 2.11061 -1.16031
C 83.14380 3.15738 -0.13454
C 81.35040 5.38082 -1.40814
C 85.70210 5.45478 -1.57140
C 80.06580 8.31806 -1.41272
C 77.12530 9.49621 -1.08850
C 92.21850 7.82542 -2.26634
C 88.26520 7.58672 -1.85740
C 76.59310 12.69970 -0.99874
C 94.89410 9.54398 -2.35975
C 79.06830 14.38860 -1.45078
C 0.51050 11.75210 -4.02565
C 80.81010 17.09370 -0.24458
C -0.15565 14.85920 -2.46971
C 79.76930 20.35810 -1.73105
C 94.96180 18.14720 -2.13905
C 92.24100 18.40790 -1.31660
C 89.28490 19.52000 -1.49667
C 85.99890 21.26690 -0.48885
C 0.57914 20.07040 -2.28130
C 95.39010 22.99690 -2.16478
C 0.65361 -0.33947 -3.92716
C 94.38850 -0.52103 -3.81044
C 90.90920 -0.56367 -3.32180
C 87.49620 -0.58574 -2.36103
C 95.60150 2.27803 -3.96917
C 92.40030 2.16743 -3.47688
C -0.18742 5.28398 -4.21871
C 80.15160 95.24440 -1.18901
C 76.99280 95.95940 -0.44562
C 73.97540 -0.51871 0.31924
C 76.34890 1.81310 -0.58473
C 73.35810 2.67661 0.26127
C 73.61520 19.01360 -0.43792
C 74.58050 22.00980 -0.54374
C 82.85380 6.64650 -1.17473
C 85.42050 8.86953 -1.55277
C 82.58120 10.12290 -1.42681
C 79.62110 11.42470 -1.20625
C 90.12130 9.85261 -2.42790
C 87.70240 11.03690 -1.80038
C 85.05020 12.23020 -1.51158
C 82.22110 13.10880 -1.53921
C 92.10500 12.38150 -2.90201
C 90.37770 13.14250 -1.92529
C 87.40300 14.33470 -1.53597
C 84.30980 15.54880 -1.40732
C 93.03410 15.40800 -1.82481
C 89.96130 16.36610 -1.48700
C 86.74750 17.67180 -1.33435
C 83.79580 18.99370 -1.37618
H 89.59870 0.10433 -1.34987
H 91.22450 2.75464 -1.36038
H 88.38770 2.97482 -0.39570
H 95.37990 6.11193 -2.35664
H 92.33140 5.74439 -1.52309
H 85.38160 95.21840 -0.55272
H 84.27640 0.95337 -0.11899
H 81.36940 1.46416 0.37292
H 78.16350 2.33449 0.34480
H 77.78600 5.05088 2.01852
H 74.33820 6.57426 2.23714
H 75.58280 13.99190 0.50336
H 76.84320 17.99460 1.86633
H 77.92790 21.06240 1.98019
H 85.40210 4.09668 0.12070
H 82.32950 5.34664 0.88537
H 79.53960 6.60712 -0.22698
H 87.93570 6.09609 -0.37376
H 76.12020 10.82570 0.67559
H 90.35660 8.26160 -0.65434
H 78.59380 12.84040 0.46601
H 0.40557 9.69376 -2.29747
H 92.54030 10.26280 -1.77018
H 78.42670 16.03580 0.00843
H 79.34240 19.07330 -0.04942
H 94.91350 15.77810 -1.26213
H 82.47670 19.82750 0.72009
H 80.34300 22.04650 0.26872
H 94.29110 18.36700 0.34004
H 91.38400 19.50940 0.07360
H 88.49070 20.90500 0.10467
H 0.14964 17.92860 -0.97790
H 95.56510 20.51430 -1.33338
H -0.95513 0.50211 -2.30087
H 92.85360 0.22748 -2.03703
H 0.32508 3.44736 -2.60300
H 94.21250 3.14384 -2.19768
H 73.98030 95.14210 2.14216
H 82.26720 95.79570 -0.01037
H 79.12740 -0.71723 0.63767
H 76.07900 0.15646 1.24743
H 73.08480 0.97299 2.13123
H 75.19480 3.27584 1.25972
H 73.84620 16.99130 1.05931
H 74.85150 20.30290 1.25650
H 76.76420 7.73172 0.73269
H 84.93240 7.18424 0.08136
H 81.99750 8.45556 0.15212
H 79.04310 9.69643 0.39604
H 87.43400 9.23460 -0.21207
H 84.51170 10.45110 0.07294
H 81.56250 11.60400 0.24846
H 89.77160 11.34860 -0.52933
H 86.90630 12.47570 0.00783
H 83.91540 13.63180 0.13925
H 81.10430 14.60990 0.17482
H 92.38300 13.29610 -0.47253
H 89.34980 14.46610 -0.05140
H 86.28500 15.71820 0.15265
H 83.33150 16.83560 -0.01695
H 91.81730 16.44560 0.10126
H 88.76430 17.67940 0.16063
H 85.72610 18.91080 0.21961
C 89.80610 1.74447 0.55259
C 94.02400 4.93910 -0.49782
C 90.92460 5.29694 1.50127
C 95.02880 7.84745 -0.65538
C 83.27980 0.13261 1.58640
C 79.91560 1.30793 1.94171
C 77.76030 3.41577 3.84347
C 76.83220 6.69262 3.13963
C 74.54710 8.83749 3.31143
C 71.49450 9.29478 3.40269
C 73.98450 12.11880 0.86695
C 75.73760 15.80830 2.18195
C 76.24410 19.55500 3.25001
C 86.35840 2.01559 0.90250
C 83.61530 3.61623 1.80149
C 80.24540 5.43405 1.96070
C 86.31890 5.85255 1.62628
C 80.25460 8.07956 1.71674
C 77.49240 9.65499 2.29950
C 91.88530 6.98886 0.75451
C 88.90020 7.85069 1.22640
C 76.87270 12.63470 2.19163
C -0.08494 8.47772 -0.05020
C 79.33310 14.59490 2.00646
C 2.13836 10.86280 -0.82253
C 78.86560 17.55310 2.16052
C -0.43656 13.83750 -0.97285
C 80.32770 20.26020 2.08200
C 94.94800 16.06000 1.22045
C 92.32300 18.00590 1.91644
C 89.36990 19.56780 1.77112
C 86.21540 21.06130 1.39111
C -0.52104 19.48670 0.87792
C 95.18180 22.08310 0.74728
C 0.74438 -0.27425 -0.69602
C 94.64360 -0.62063 -0.62338
C 91.60050 -0.85631 -0.24389
C 87.40070 -0.60273 -0.42681
C -0.99417 2.39687 -0.73616
C 93.11170 1.98344 -0.24685
C 0.27554 5.40365 -0.99721
C 80.81970 95.40800 1.94708
C 77.71870 -0.94205 2.66217
C 74.84960 -0.31034 3.34230
C 76.96110 2.15229 2.54615
C 73.98820 2.92073 3.43609
C 73.52590 18.79390 2.66282
C 74.33860 22.17370 2.71864
C 83.22050 7.18001 1.89242
C 85.81850 8.97242 1.57577
C 82.74030 10.13690 1.73464
C 79.84160 11.37080 1.94969
C 91.49660 10.06740 0.54645
C 88.23360 10.93730 1.33615
C 85.18150 12.18710 1.66332
C 82.31250 13.15970 1.92297
C 94.01010 11.84410 -0.19232
C 90.66630 12.80830 1.18791
C 87.53820 14.19360 1.63514
C 84.46040 15.37900 1.74196
C 93.12420 15.00620 1.33466
C 89.94040 16.18180 1.64637
C 86.96560 17.43300 1.81279
C 83.85140 18.54240 1.92982
C 81.98200 47.52280 -0.07665
C 91.33350 45.55460 -2.10918
C 0.76921 46.79150 -3.35646
C 84.82840 24.37950 -0.83716
C 81.33670 24.21690 1.17633
C 89.77550 26.17850 -1.61431
C 86.61720 26.86460 -1.29375
C 80.15380 27.48650 -0.17786
C 88.77910 29.20250 -1.27198
C 79.04710 30.89550 -0.72921
C 90.81530 31.64760 -1.32195
C 77.99430 33.83520 -0.86961
C 92.94980 34.10670 -1.34555
C 80.12350 36.36560 -1.14748
C 94.91880 36.51110 -1.40245
C 82.13240 38.99940 -1.28819
C 84.31230 41.18590 -1.44306
C -0.78124 41.76240 -1.77852
C 92.86080 42.42720 -1.78282
C 89.31950 43.26140 -1.38530
C 86.10420 44.13090 -0.76341
C 83.92170 44.58760 -0.49276
C 95.39440 44.85320 -2.04653
C 77.90430 22.70790 0.05155
C 78.95810 25.61330 -0.40429
C 76.71650 28.40470 -0.74453
C 74.90140 30.98740 -1.91227
C 74.03240 34.43280 -2.46871
C 76.89890 36.91620 -0.93111
C 78.89560 39.66080 -1.06396
C 80.91990 42.39660 -0.57778
C 79.41120 45.52250 -0.80735
C 82.62140 21.89450 -0.91151
C 88.60290 23.53190 0.09469
C 93.31960 25.47710 -1.30937
C 89.68620 24.05000 -1.74164
C 92.00960 28.63080 -1.40355
C 94.14810 31.20140 -1.36869
C -0.80494 33.72260 -1.13415
C 83.33280 27.22430 -0.81939
C 85.45130 29.70610 -1.19673
C 82.15400 30.17610 -0.74128
C 87.66230 32.25030 -1.24532
C 84.49540 32.77560 -1.17289
C 81.27640 33.18740 -1.01382
C 89.70290 34.67860 -1.26029
C 86.67400 35.18720 -1.18706
C 83.32010 35.79240 -1.33430
C 91.75620 37.04970 -1.36700
C 88.63210 37.52870 -1.29202
C 85.50440 38.24020 -1.35823
C 0.36849 38.89820 -1.32093
C 94.14980 39.55770 -1.41323
C 90.84280 40.07560 -1.40653
C 87.72420 40.56460 -1.43659
C 75.60820 24.91950 -0.80519
C 73.86680 37.17800 -0.77419
C 75.49450 39.78710 -0.89018
C 77.52860 42.67020 -0.92649
C 73.96520 42.52360 -0.87326
C 75.52130 45.22390 -1.03945
C -0.03109 25.48090 -1.52582
C 95.50460 28.34340 -1.35598
C 0.47420 30.85060 -1.11092
H 84.46410 46.96220 -0.06744
H 93.52890 46.05490 -1.10565
H 86.43430 24.85110 0.27571
H 83.40730 25.54290 1.05831
H 88.46470 27.30090 0.30428
H 82.23840 28.47070 1.03018
H 78.67250 29.26600 0.55909
H 90.57430 29.79070 0.26624
H 79.89900 34.57870 0.50619
H 94.61550 34.78210 0.28295
H 81.97820 37.07820 0.29424
H -0.46498 37.15470 0.22178
H 84.05900 39.39530 0.25117
H 95.86060 40.22930 0.24196
H 83.19800 42.44570 0.26403
H 94.70010 43.18070 -0.36761
H 91.51500 43.81900 -0.28189
H 88.34600 44.30690 0.30602
H 85.42620 44.48580 1.65035
H 78.85630 24.29320 1.72920
H 76.81660 26.31750 0.41335
H 74.59360 28.73500 0.69371
H 75.51370 33.24300 -0.87555
H 76.98470 35.24290 0.94656
H 78.76640 37.70290 0.47028
H 80.91000 40.04970 0.30102
H 78.88150 43.38710 0.56061
H 84.28860 22.50590 0.85493
H 93.91830 23.13360 -0.69822
H 91.59550 26.82860 -0.09119
H 93.82010 29.28810 0.26174
H 95.78550 31.81740 0.37872
H 85.30690 27.90320 0.53088
H 87.28780 30.38450 0.29769
H 84.15910 30.96510 0.50734
H 80.92690 31.56680 0.86587
H 77.71490 32.25590 1.17769
H 92.57160 32.24100 0.22482
H 89.41350 32.80960 0.33079
H 86.24030 33.39400 0.49577
H 83.07210 34.01280 0.40199
H 91.49410 35.26220 0.27235
H 88.35530 35.86420 0.42153
H 85.12170 36.41710 0.24482
H 93.52990 37.76290 0.13347
H 90.42640 38.31240 0.22642
H 87.26850 38.85930 0.28034
H 92.67530 40.80520 0.12086
H 89.47480 41.30040 0.20701
H 86.29750 41.79480 0.06665
H 75.80280 23.32380 1.13000
H 73.71540 25.73860 0.62629
H 73.89780 35.28270 0.89101
H 75.54940 38.00460 0.79536
H 77.26150 40.65860 0.61030
H 73.96580 40.72180 0.80139
H 75.70340 43.38350 0.65833
H 0.00080 23.30670 -0.31249
H 95.43300 26.16750 -0.20461
H 0.10579 28.94480 0.43084
C 84.13490 46.31380 2.51339
C 92.22240 45.78420 1.07874
C -0.60411 48.93800 -0.05803
C 85.17170 24.26080 2.42929
C 80.75450 24.03080 3.21169
C 90.05380 25.88470 1.54539
C 86.79880 26.70600 2.05518
C 80.25170 27.67810 1.84305
C 88.77750 29.18590 1.85281
C 79.31560 30.69180 2.52284
C 90.90440 31.61210 1.85875
C 78.47920 33.88200 2.51196
C 92.94100 34.02040 1.82525
C 80.29650 36.47050 2.01141
C 94.82670 36.59320 1.84105
C 82.37100 38.87700 1.94106
C 84.70090 41.22710 1.86067
C -0.96523 42.32870 1.53118
C 93.06670 42.86830 1.41676
C 90.15010 43.18220 1.62941
C 87.11290 43.89320 2.51991
C 83.88610 42.91530 2.69436
C -0.53210 44.89600 -0.40998
C 77.34510 22.76930 3.08950
C 77.60110 26.03000 2.76341
C 76.44100 28.65880 1.08839
C 74.47460 31.02300 -0.01608
C 75.45480 33.45170 1.67389
C 77.25850 37.25170 2.37319
C 79.09400 39.63580 1.96798
C 80.98260 42.34920 1.34355
C 79.53770 45.66520 1.14885
C 83.04010 21.78480 2.48461
C 92.20640 21.74130 -0.34229
C 93.24900 25.16640 0.61785
C 90.86080 27.00080 3.21341
C 91.90820 28.40690 1.80045
C 93.97390 30.97950 1.86594
C 95.91410 33.65220 1.97530
C 83.81250 27.11790 2.45096
C 85.66250 29.79030 2.07010
C 82.53790 30.18940 2.28338
C 87.76630 32.17600 1.97394
C 84.44130 32.84620 2.08583
C 81.37050 33.38070 2.15604
C 89.79470 34.59290 1.90000
C 86.55970 35.36920 1.97545
C 83.40660 35.93520 1.92490
C 91.87840 37.13320 1.80182
C 88.73560 37.77440 1.92560
C 85.48490 38.24080 1.83181
C 0.92812 39.07550 0.77501
C 94.05900 39.58070 1.73630
C 90.96660 40.16590 1.79511
C 87.74530 40.68720 1.84033
C 75.49380 25.36680 2.31164
C 73.93480 37.19790 2.47839
C 75.72660 39.89510 2.31690
C 77.34710 42.49330 2.31404
C 74.12130 42.61610 2.36551
C 75.95730 45.35300 2.15983
C -0.38982 24.88030 1.55182
C 95.26340 27.80480 1.69049
C 0.06539 30.72820 2.14097
C 88.18960 46.49450 -0.86180
C 85.44330 48.29350 -1.63591
C 82.14630 49.44240 -0.17208
C 79.40490 51.04790 0.43191
C 76.47280 52.99930 -0.40251
C 93.76010 47.69570 -2.33024
C 76.19080 56.12990 0.31319
C 74.12800 57.32550 3.66506
C 75.98500 59.48590 0.58139
C -0.60051 52.15620 -2.28522
C 93.57440 53.76150 -2.12760
C 90.55670 55.12570 -2.14248
C 87.20110 56.48660 -2.33953
C 76.03250 62.89150 0.49119
C 86.95930 60.14830 -2.39692
C 84.97680 61.33940 -1.77666
C 78.77020 64.36700 -0.32414
C 84.08420 64.38130 -2.04633
C 81.76590 66.43390 -0.16087
C 85.32270 67.83000 -1.55811
C 77.37890 48.44470 -0.71826
C 75.22140 51.41530 -0.42992
C 81.23320 70.00700 -0.50796
C 78.88010 67.89620 0.74155
C 76.03700 66.32370 1.63628
C 74.04760 64.11520 3.28894
C -0.35939 55.75740 -1.66302
C 93.28680 56.86240 -2.39727
C 92.39480 59.99170 -2.70027
C 91.00010 62.92450 -2.70289
C 90.28830 65.97510 -3.38570
C 87.20410 64.92900 -2.12280
C 88.76490 68.91010 -3.60687
C 90.22080 71.88700 -2.11750
C 90.91060 48.78080 -1.81921
C 88.04610 50.24730 -1.66863
C 85.10290 51.68850 -1.54317
C 81.99110 52.68840 -0.81754
C 79.16220 54.63410 -0.67815
C 93.58760 50.66110 -1.97739
C 90.79880 51.98730 -1.89431
C 87.92850 53.34990 -1.78087
C 84.81180 54.76060 -1.60249
C 81.82580 56.05970 -1.24835
C 78.84920 57.78130 -0.59343
C 84.21040 57.86860 -2.00852
C 81.55410 59.55680 -1.47338
C 78.80320 61.01850 -0.49796
C 81.49440 62.79030 -1.30582
C 74.16880 48.19040 -0.62841
C 75.96550 69.88880 0.94051
C 95.50350 59.34480 -2.56669
C 0.50739 61.68490 -2.79253
C 94.34400 62.40950 -2.74051
C -0.63418 64.76350 -3.03665
C 93.29410 65.21000 -3.04628
C 95.17000 67.66930 -3.38554
C 92.09370 68.38140 -3.39742
C 0.18553 70.12740 -3.83524
C 93.91030 70.86280 -3.65720
H 82.94200 48.59090 2.14369
H 90.55170 46.94640 -0.24150
H 87.34940 48.66720 0.07521
H 81.80400 51.41340 1.29808
H 78.57530 52.94060 1.02015
H 75.81570 54.52830 1.58790
H 0.80450 46.96630 -0.88789
H 76.00700 57.62840 2.42823
H 95.56520 50.77240 -0.36495
H 92.64590 52.24110 -0.37431
H 75.77320 60.90560 2.22088
H 92.50700 55.41590 -0.55469
H 89.48290 56.60590 -0.99536
H 86.58910 58.07250 -1.04467
H 75.84940 64.07280 2.67423
H 87.86850 60.92060 -0.05198
H 81.05220 64.22580 0.67603
H 78.39980 65.70160 1.66275
H 86.08870 63.34880 -0.95027
H 84.19310 65.97470 -0.24683
H 77.19940 46.23130 0.11082
H 75.64250 49.48590 1.11947
H 84.51860 70.20680 -0.99853
H 82.70320 68.53250 0.95702
H 79.87260 69.96020 1.63529
H 77.12220 68.39180 2.38991
H 74.59220 70.16160 3.16821
H 95.32520 53.92470 -0.82569
H 95.06910 57.57600 -0.85119
H 92.02530 58.36840 -0.76139
H 90.98470 61.17730 -0.93778
H 89.34150 63.82300 -1.02198
H 88.88900 66.74070 -2.13825
H 90.59480 69.47490 -1.94954
H 87.34960 69.43250 -1.88142
H 84.52400 50.10930 -0.09633
H 92.84440 49.00340 -0.33214
H 89.99720 50.39440 -0.15782
H 87.09950 51.86250 -0.00442
H 84.16300 53.25330 0.20441
H 81.30300 54.57810 0.56788
H 78.56910 56.11720 1.22369
H 89.84070 53.60580 -0.25952
H 86.88370 54.95550 -0.27994
H 83.94850 56.39460 0.01892
H 81.14780 57.86300 0.31619
H 78.42440 59.35000 1.30590
H 83.83770 59.58250 -0.50283
H 81.07510 61.03410 0.41923
H 78.36820 62.58050 1.34432
H 83.61280 62.82380 -0.18966
H 74.05370 46.17820 0.81543
H 0.22742 60.07490 -0.98543
H 94.10960 60.67200 -1.03263
H -0.83107 63.11290 -1.28373
H 92.87590 63.64980 -1.17362
H 95.02000 66.06720 -1.55807
H 91.94750 66.67280 -1.56683
H -0.02114 68.53610 -1.99969
H 93.89790 69.12730 -1.90339
H 95.82130 71.60510 -2.39941
C 88.40650 46.63660 1.00547
C 85.48370 48.56240 1.66194
C 82.70590 50.24520 3.41106
C 79.77320 50.91760 2.30129
C 77.04060 52.63220 3.02066
C 93.82820 47.15500 1.01953
C 77.18410 56.05610 3.33356
C 74.71100 58.28430 5.19668
C 77.38230 59.31680 3.58809
C -0.56854 52.54570 1.01052
C 93.68180 53.97970 1.06276
C 90.66740 55.53730 1.06366
C 87.77320 56.95200 0.90802
C 77.18350 62.76480 3.58917
C 89.64450 59.11540 -0.61105
C 85.43420 61.33100 0.27151
C 79.81270 64.08650 2.79682
C 85.07550 64.41830 1.04276
C 82.40650 66.11700 1.55217
C 85.15830 68.17360 0.45102
C 77.48310 48.60940 1.23158
C 75.62270 51.13950 3.09131
C 82.11640 69.82220 2.77933
C 79.47750 67.72280 2.55338
C 76.74290 66.20030 3.46415
C 73.55350 61.50250 3.35120
C -0.52134 55.89990 0.32169
C 93.36390 57.19000 0.98389
C 92.53530 60.29760 0.80410
C 91.22820 63.11400 0.62720
C 90.15760 65.99780 -0.01413
C 88.28510 62.52030 -0.28572
C 88.75360 68.71240 -0.39319
C 90.73690 71.40060 -0.42767
C 91.11410 48.75950 1.35934
C 88.26390 50.38780 1.63359
C 85.33900 51.69410 1.68766
C 82.68060 53.23170 2.24762
C 79.84490 54.45300 2.52181
C 93.63450 50.67830 1.26370
C 90.91830 52.15980 1.36264
C 88.04690 53.61220 1.42415
C 85.23850 54.97720 1.56761
C 82.29550 56.28770 1.89726
C 79.88150 57.69330 2.46385
C 85.18960 58.21870 1.05815
C 82.53090 59.43370 1.62141
C 79.74020 60.96520 2.56767
C 82.41260 62.50160 1.89413
C 74.04650 47.99750 2.60216
C 77.03080 69.97490 4.19236
C 95.47210 59.52870 0.66141
C 0.51245 62.01940 0.48234
C 94.48480 62.63270 0.44455
C -0.47751 65.10920 0.11000
C 93.36370 65.65530 0.16390
C 95.36550 68.13000 -0.25672
C 92.17380 68.69480 -0.23472
C 0.23751 70.64410 -0.72052
C 94.21790 71.13450 -0.50838
C -0.78147 94.09270 -3.87534
C 92.87740 93.97400 -3.76373
C 89.55520 93.84270 -3.27070
C 0.30268 77.81790 -5.76149
C 93.75440 78.08510 -6.28666
C 89.17240 79.23120 -4.11303
C 87.09340 82.25920 -3.48613
C 86.52350 85.53090 -4.33410
C -0.28629 88.83010 -4.07166
C 93.35000 88.77840 -4.12490
C 86.73460 88.52850 -3.44057
C 91.44440 91.34380 -3.63391
C 73.50270 88.04920 1.34131
C 83.23170 88.57440 -2.97850
C 78.72920 90.10070 -0.51698
C 84.30680 91.67980 -2.25751
C 86.23390 93.97360 -2.62506
C 83.29720 94.57110 -1.92742
C 89.47590 75.78280 -2.08366
C 86.30430 71.85890 -1.85066
C 82.51780 70.30150 -2.26752
C 85.62740 75.32660 -3.04414
C 85.91300 78.84870 -3.33726
C 84.21250 80.93490 -1.52040
C 83.59090 83.55210 -3.22317
C 81.24920 85.50410 -2.12407
C 80.56170 87.95240 -0.51742
C 76.35110 86.26280 -0.03173
C 73.35390 84.46970 0.44856
C -0.71886 73.40780 -4.00021
C 92.96500 72.62550 -4.15528
C 93.48160 76.01290 -6.42722
C 95.32640 80.73470 -5.24460
C 92.03630 80.27010 -5.06789
C -0.08709 83.42780 -4.79497
C 93.70520 83.14770 -4.73416
C 90.28940 82.94400 -4.47755
C 95.25000 86.07630 -4.38580
C 91.91700 85.83490 -4.30980
C 88.61670 85.60070 -4.04483
C 89.97980 88.50500 -3.74119
C 87.98200 91.27680 -3.12401
C 75.80560 90.45800 0.29261
C 72.74300 91.55330 0.94575
C 81.08300 92.05200 -1.20017
C 77.89860 92.96530 -0.30165
C 74.87380 93.78660 0.29261
C 83.80960 73.85950 -1.24668
C 81.03450 73.02500 -0.43515
C 78.60400 71.47670 0.28224
C 83.65080 77.47690 -1.78002
C 81.16940 76.07380 -0.71582
C 78.62080 74.58450 0.13539
C 75.84710 73.05010 0.83310
C 81.17610 79.10030 -1.17577
C 78.54800 77.65210 -0.15816
C 75.89140 76.24360 0.49866
C 81.14070 82.16890 -1.73555
C 78.60000 80.91750 -0.68443
C 75.85800 79.31920 0.20615
C 73.17150 77.94800 0.87882
C 78.64920 84.23580 -0.95515
C 75.91300 82.84230 -0.08974
C 73.25970 81.17830 0.65160
H -0.64659 92.21700 -2.02603
H 93.21770 92.13430 -1.97572
H 91.38340 94.76420 -1.98452
H 88.26130 94.59300 -1.34537
H -0.34174 75.93830 -4.01297
H 95.45650 78.77740 -4.61658
H 92.33720 78.26420 -4.05004
H 90.01060 78.28860 -1.86921
H 87.74260 80.15890 -2.38104
H 85.56440 84.01400 -2.66577
H 87.30870 86.46140 -2.18357
H 95.00500 89.59320 -2.25403
H 91.75560 89.32340 -2.26335
H 88.55290 89.18200 -1.84646
H 85.38520 88.75960 -1.48635
H 89.98480 91.91720 -1.73083
H 78.87350 88.26910 1.26832
H 75.78420 88.95110 1.71625
H 72.58680 89.84540 2.75929
H 82.57180 90.09350 -1.64940
H 80.77350 90.62560 0.83156
H 86.66420 91.79310 -1.40483
H 87.51540 74.13810 -1.74355
H 85.53190 72.89980 0.36836
H 87.31710 77.03210 -2.37135
H 85.46450 78.88430 -0.88351
H 82.46980 80.85730 -0.18253
H 82.61120 83.92170 -0.91586
H 82.79200 86.98730 -1.10226
H 80.21410 85.69360 0.13891
H 77.33500 84.40880 1.19028
H 74.68740 86.00750 1.82295
H 92.62940 71.92150 -1.84528
H 1.06266 73.91560 -2.16412
H 94.16840 74.47870 -2.96413
H 90.37940 73.87680 -0.60297
H 94.57850 94.94780 -2.26805
H -0.03035 81.35180 -3.46370
H 93.70470 81.10460 -3.37404
H 90.57810 80.94400 -3.14968
H 95.27500 83.95030 -3.00256
H 92.07030 83.77780 -2.97470
H 88.85940 83.66450 -2.64921
H -0.22346 86.80980 -2.63414
H 93.59150 86.72310 -2.68674
H 90.39020 86.44820 -2.45790
H 77.86270 91.22360 1.46848
H 74.87520 92.01940 2.03004
H 83.23780 92.79070 -0.27800
H 80.14310 93.52970 0.52844
H 76.99450 94.36420 1.45917
H 82.48350 71.59320 0.98383
H 85.00720 75.82660 -0.70800
H 82.49360 74.61390 0.71887
H 79.84010 73.12240 1.66831
H 77.18760 71.60700 2.31574
H 82.56400 77.76090 0.41402
H 79.90410 76.30700 1.34191
H 77.07600 74.76760 2.05986
H 74.27480 73.28120 2.71220
H 79.85040 79.43970 0.86011
H 77.13840 77.92990 1.81786
H 74.37720 76.46980 2.42933
H 79.94980 82.62680 0.42422
H 77.13710 81.13830 1.27117
H 74.44300 79.62350 2.22806
H 74.50650 82.87250 1.95202
C -0.84076 93.74880 -0.82037
C 93.18500 93.68380 -0.65671
C 90.21370 93.75720 -0.10022
C 1.13572 76.22270 -3.17256
C 94.46770 76.99650 -3.15029
C 89.61570 80.63740 -0.92685
C 87.05580 82.36150 -1.62819
C 84.99350 86.24000 -1.62335
C -0.28999 88.40060 -0.70927
C 93.71100 88.50370 -0.89592
C 87.17110 87.92480 -0.19416
C 91.67800 90.83130 -0.31609
C 74.11070 87.94170 3.18477
C 82.24910 88.76280 0.42440
C 79.53850 90.04910 2.90186
C 84.61540 90.77270 -0.35395
C 86.93910 93.42930 0.41629
C 84.15380 94.64790 1.21139
C 89.33600 74.13480 1.54958
C 88.07340 72.86020 0.40028
C 84.95060 71.16030 1.42654
C 87.27190 76.05350 -0.03975
C 87.85740 78.60280 -0.49849
C 84.91650 80.88840 0.29005
C 84.89050 84.31200 -0.21949
C 82.49290 85.58820 0.89566
C 80.14120 86.54550 2.50873
C 76.97260 86.80830 1.76318
C 74.18220 84.54110 3.71720
C 95.81830 73.71970 -1.06669
C 92.50040 74.30780 -1.12874
C 92.40590 75.73600 -4.44880
C 95.45750 79.80380 -2.31260
C 92.23670 79.63100 -1.94378
C -0.09411 82.82870 -1.52024
C 93.76890 82.68500 -1.51971
C 90.52150 82.65090 -1.38555
C 95.21690 85.56030 -1.17539
C 92.17930 85.40110 -1.14769
C 88.94320 85.27380 -0.83849
C 90.32180 88.08810 -0.62981
C 88.55190 90.81100 -0.06058
C 76.42890 90.61750 3.37188
C 73.51300 91.70410 4.11389
C 82.03380 92.48590 1.86432
C 78.76210 93.17730 2.61452
C 75.60790 93.86490 3.45565
C 84.88640 74.63330 1.48005
C 82.05690 73.25270 2.73666
C 79.37670 71.51040 3.43628
C 84.88700 77.53230 1.03981
C 82.08660 76.37350 2.38087
C 79.24460 74.87010 3.21006
C 76.43390 73.30750 3.91871
C 82.05080 79.64260 1.88876
C 79.35920 78.15040 2.87889
C 76.53790 76.52270 3.71886
C 82.20170 82.82890 1.23185
C 79.36370 81.28040 2.38760
C 76.60480 79.80750 3.33557
C 73.50700 78.16930 4.05823
C 79.58060 84.49060 2.17297
C 76.70520 82.88930 3.03902
C 73.91360 81.44550 3.87236
