2979
Frame 182
C 12.50790 95.36610 -1.95910
C 13.70230 0.86472 -1.67617
C 11.55560 2.64847 -3.11788
C 10.44050 6.15700 -3.49246
C 7.92492 8.97334 -3.52584
C 4.51187 8.45936 -4.38968
C 2.56666 8.36957 -5.30076
C 23.80340 0.30809 -0.18398
C 22.03770 4.04086 0.29009
C 24.91570 5.80555 -1.05280
C 24.55290 11.63550 -0.81967
C 19.39610 0.83652 -1.88229
C 15.88000 -1.03601 -0.39659
C 19.11810 4.15688 -1.78397
C 22.65060 8.56846 -1.18602
C 19.51310 7.35650 -1.59721
C 13.65560 4.57955 -1.57190
C 23.20630 13.23770 -0.75910
C 14.11380 8.24675 -2.30002
C 22.77680 16.14380 -1.40846
C 11.45970 10.34140 -2.56410
C 22.54890 19.68320 -1.14942
C 12.34320 13.39090 -2.00024
C 9.09558 12.43820 -2.45498
C 22.79890 22.80890 -0.80729
C 14.36130 17.71050 -0.91874
C 11.00800 15.91730 -0.67137
C 14.21020 21.10250 0.13640
C 20.44480 -0.99641 -1.64349
C 5.29480 10.62610 -2.20187
C 6.30818 13.94250 -1.47995
C 3.20175 14.01850 -2.20237
C 7.89508 16.39290 -0.96178
C 1.90779 16.96940 -2.38478
C 9.46960 19.08460 -0.77610
C 11.04950 21.71380 -0.60208
C 9.19568 94.94940 -2.75943
C 10.50450 0.56244 -2.74372
C 7.16584 -0.00854 -3.43392
C 3.86397 -0.28952 -3.84271
C 8.52537 2.81130 -3.76494
C 5.22186 2.49741 -4.06502
C 1.93634 2.29333 -4.12176
C 6.77211 5.38454 -4.57302
C 3.16744 5.06281 -4.60583
C 16.36720 2.63299 -1.81374
C 16.63640 6.04696 -1.74233
C 20.39600 10.89940 -0.51582
C 17.25490 9.35920 -1.57412
C 20.31760 14.48240 -1.10856
C 17.62060 12.79150 -1.29885
C 14.73870 11.36240 -1.79860
C 20.07350 17.88780 -0.94511
C 17.42380 16.25100 -1.06714
C 14.76560 14.65470 -1.34402
C 20.03600 21.13310 -0.67443
C 17.37690 19.42310 -0.75064
C 4.86572 16.76990 -1.53941
C 6.27208 19.33840 -1.01710
C 3.17971 19.68090 -1.51290
C 7.83327 21.91650 -0.81614
C 4.68161 22.17810 -1.10228
C 1.50285 22.40770 -1.50545
H 13.34060 -0.83914 0.15851
H 11.52630 1.66849 -0.79701
H 9.94184 4.12211 -2.15909
H 8.04558 6.67185 -2.78894
H 1.70247 6.18395 -2.91714
H 3.52229 8.89408 -2.00176
H 22.47690 1.74164 1.45238
H 24.46000 4.05355 0.72745
H 22.87680 6.47661 0.35485
H 24.42880 9.39139 0.53163
H 24.83970 15.17800 -0.08857
H 19.96420 2.56851 0.03913
H 17.23370 1.08580 -0.45750
H 20.02090 5.57675 0.17958
H 14.45330 2.59417 -0.10179
H 14.76620 6.37179 -0.73637
H 21.23150 12.98000 0.81361
H 12.17840 8.25707 -1.20549
H 23.68270 17.86730 0.36744
H 21.13080 16.14840 0.48866
H 9.61592 10.47280 -0.69925
H 23.76620 20.88410 0.59890
H 10.09270 13.58320 -0.80001
H 12.65910 17.66860 0.16468
H 9.36547 17.17600 0.78967
H 21.87660 -1.10034 0.26943
H 1.20260 12.54230 -2.91379
H 6.83888 12.11050 -1.20101
H 3.55519 11.95900 -0.84145
H 7.46855 14.53690 0.74773
H 6.14510 17.36840 0.49496
H 10.86550 19.87030 1.31820
H 7.74189 20.02850 0.75883
H 10.41300 96.11990 -1.02587
H 7.13858 95.70470 -1.55477
H 3.91291 95.39930 -2.00402
H 0.70312 95.00370 -2.14252
H 8.41425 1.29737 -1.76489
H 5.27659 0.90066 -2.21673
H 2.12907 0.60470 -2.34691
H 6.63454 3.82423 -2.61258
H 3.48425 3.54473 -2.69320
H 4.88690 6.29090 -3.17174
H 17.28410 4.24081 -0.08001
H 20.57630 8.53394 0.22571
H 17.64700 7.51269 0.04099
H 17.97760 10.73360 0.06286
H 15.09970 9.44805 -0.27405
H 18.33120 14.50150 0.44926
H 15.51470 12.77620 0.09894
H 12.59660 11.38880 -0.57490
H 21.00300 19.36420 0.74596
H 18.29320 17.67260 0.75837
H 15.55120 16.05020 0.56287
H 12.84330 14.45290 0.15594
H 18.23450 20.84140 1.07192
H 15.47400 19.15610 0.87000
H 4.35735 14.81000 -0.19757
H 1.26301 15.01490 -0.99642
H 2.97063 17.62210 -0.27303
H 4.54464 20.25490 0.44191
H 1.34729 20.41690 -0.03543
C 11.60250 95.63560 1.15823
C 12.82200 1.29958 1.30474
C 11.02020 3.84123 0.14543
C 10.27830 6.60499 -1.54072
C 7.80985 8.97112 -1.52798
C 3.92222 7.54631 -0.23904
C 1.46875 8.07693 -3.17843
C 23.52310 0.07066 1.61058
C 23.47180 2.66272 3.61970
C 24.23210 5.89745 2.48570
C 24.50650 11.36570 2.26450
C 18.89520 0.74420 1.59382
C 15.28640 95.96680 1.60193
C 18.79960 4.07884 1.84843
C 22.46120 8.52635 1.93876
C 19.23360 7.26639 1.90065
C 13.15580 4.57648 0.33074
C 22.88550 12.59990 2.70702
C 13.62410 7.85897 0.93062
C 23.16050 15.81260 1.90077
C 11.08360 9.77648 0.75371
C 22.85440 19.35740 2.35539
C 11.47810 12.70310 1.17911
C 8.51539 12.27370 0.73972
C 23.21700 22.58080 2.32258
C 14.27840 17.43650 2.22597
C 11.30140 15.82660 1.45762
C 14.03590 20.87860 2.02264
C 19.79990 -1.23643 1.37088
C 5.33820 11.57840 0.81389
C 5.37226 13.47090 1.56481
C 2.36930 13.60980 0.67694
C 7.46537 16.05510 2.15018
C 1.01593 16.57350 0.83031
C 8.86982 18.80980 2.62133
C 10.76430 21.65580 2.65492
C 8.59088 95.15670 0.37039
C 9.63262 0.72507 0.32305
C 6.68164 0.36989 -0.25860
C 3.72216 -0.01758 -0.54685
C 8.09796 3.41186 -0.62330
C 5.07597 2.93599 -0.93496
C 2.07334 2.62104 -0.96598
C 6.68910 5.95149 -1.25661
C 3.49025 5.57638 -1.22376
C 16.03790 2.63480 1.41015
C 16.20200 5.90905 1.27604
C 20.17610 10.77430 1.29292
C 16.70810 9.19371 1.58217
C 20.26480 14.42640 2.16783
C 17.39780 12.56410 1.75370
C 14.14880 11.08620 1.32870
C 20.20730 17.60900 2.28355
C 17.33140 15.92110 2.25202
C 14.55190 14.24280 1.89629
C 20.21550 20.83010 2.52190
C 17.21450 19.04880 2.54139
C 4.12896 16.48510 1.58100
C 5.94463 19.16470 2.15310
C 2.68689 19.18880 1.59753
C 7.67299 21.88890 2.36672
C 4.37474 22.04480 2.11709
C 1.04658 22.14310 1.63491
C 22.46160 26.01890 -0.95292
C 19.85870 27.76460 -0.15818
C 14.86300 24.54310 0.11647
C 18.52270 29.10150 -1.08035
C 22.73010 29.04850 -0.65908
C 24.08780 31.65280 -1.54715
C 23.20740 35.33590 -1.68331
C 25.56120 45.53120 -2.94035
C 22.01940 44.22790 -1.42639
C 20.83460 31.48250 1.11344
C 18.83170 32.68290 -1.23400
C 14.71870 27.76250 -1.28119
C 19.22600 34.68110 -1.14586
C 12.82620 34.07210 -1.23204
C 20.16330 38.00140 -1.32724
C 10.55350 36.18930 -1.09337
C 21.24540 41.16670 -1.54106
C 18.08720 40.70980 -1.39728
C 8.57076 38.63100 -1.58716
C 4.00616 38.57110 -2.44837
C 16.16600 43.23670 -1.33045
C 2.55485 42.13500 -2.10437
C 13.89320 45.35380 -1.65998
C 4.89828 43.78120 -2.45851
C 2.59777 46.36680 -2.61619
C 12.90590 24.24580 -0.50546
C 11.63160 27.51030 -0.36908
C 12.31560 30.87040 -1.10690
C 9.39705 30.11270 -0.72339
C 9.18121 33.02500 0.57530
C 5.52687 33.21570 -0.41812
C 7.43216 35.76730 0.80271
C 1.32500 35.88830 -1.05863
C 20.02270 24.32640 -0.30281
C 17.38890 22.69970 -0.27224
C 17.45490 25.87300 0.13561
C 15.90230 34.53960 -1.52313
C 16.92690 37.75800 -1.41416
C 13.90000 37.02340 -1.29526
C 14.86280 40.02650 -1.38223
C 11.79230 39.26640 -1.46539
C 12.82030 42.45400 -1.58487
C 9.70100 41.79690 -1.81035
C 6.56757 41.26180 -2.07855
C 10.76010 44.81890 -1.79047
C 7.79931 44.36150 -1.99255
C 5.76266 46.85970 -2.20530
C 9.76533 24.70220 -0.68817
C 6.35112 24.68170 -0.92707
C 3.08501 24.97700 -1.14380
C 7.91430 27.40200 -0.74562
C 4.83316 27.62590 -0.87479
C 1.69787 27.78010 -1.11997
C 6.44183 30.17250 -0.57098
C 3.55559 30.57160 -0.71274
C 2.38827 33.31550 -0.69495
H 0.67515 42.46110 -0.36067
H 23.75720 24.09530 0.24706
H 21.17300 25.78400 1.13226
H 15.61140 22.65940 1.46507
H 18.56870 27.28210 1.96252
H 15.85140 25.86210 2.17052
H 16.33800 28.21140 -0.05686
H 23.92090 27.26240 0.62584
H 24.21320 30.50460 0.71532
H 21.32430 29.01550 1.43011
H 23.65620 40.39230 -1.67586
H 24.44760 43.53340 -1.77416
H 22.28970 42.49860 0.32308
H 20.11780 44.77870 0.25629
H 19.40700 33.61900 1.20858
H 16.56910 32.89270 -0.11955
H 13.60590 32.40760 0.54295
H 20.53500 36.42270 0.20792
H 11.23420 34.43610 0.58313
H 21.37160 39.51570 0.33067
H 8.87524 37.19590 0.51998
H 19.28780 41.86560 -0.05364
H 6.64459 39.55330 -0.09815
H 2.37649 39.80070 -1.19737
H 17.23660 44.27900 0.00008
H 4.63493 42.05530 -0.73685
H 15.19500 46.75820 -0.11353
H 2.85988 44.43430 -1.10226
H 12.50360 22.50520 1.12120
H 9.37455 22.75870 0.86730
H 11.20020 25.37180 0.85057
H 13.28070 29.33660 0.19854
H 10.84240 31.27290 0.88552
H 8.00446 30.93040 1.17593
H 6.92357 33.93030 1.11981
H 3.73317 34.08050 1.31029
H 0.64349 34.25580 0.69422
H 2.44554 37.05700 0.43208
H 21.09680 22.55070 1.03399
H 18.38780 24.11940 1.52924
H 23.20010 45.15330 0.51348
H 17.41010 35.89930 0.14639
H 14.36620 35.27090 0.30490
H 18.36610 38.83740 0.26006
H 15.23910 38.29660 0.32767
H 12.05450 37.60410 0.34775
H 16.21770 41.30200 0.23091
H 13.07150 40.69350 0.09413
H 9.91139 40.08520 -0.07096
H 14.16320 43.66140 0.06884
H 10.96810 43.09450 -0.13336
H 7.83536 42.50870 -0.34916
H 12.07040 46.17680 -0.21966
H 8.98545 45.57880 -0.26980
H 5.92526 45.01380 -0.60986
H 6.16815 22.87440 0.70331
H 2.97923 23.06710 0.39124
H 7.91697 25.53580 0.79420
H 4.69306 25.68060 0.56938
H 1.43124 25.87730 0.41444
H 9.61641 28.22610 0.85254
H 6.37577 28.29380 0.95264
H 3.19859 28.59730 0.68207
H 5.03869 31.27750 1.10265
H 1.87919 31.45050 0.81598
C 23.27380 25.66330 2.35053
C 20.43560 27.23320 3.07000
C 14.64140 23.91980 3.36266
C 16.38660 28.44600 2.56507
C 23.27800 28.90220 2.43696
C 23.15670 32.25600 1.66579
C 22.83470 35.41790 0.21778
C 24.60380 43.19520 0.79324
C 21.77510 44.11040 2.19113
C 20.35240 30.73000 3.02183
C 17.33390 32.92750 2.43624
C 15.43710 30.65550 0.31394
C 20.19670 35.04280 2.54920
C 13.14140 34.25410 2.18493
C 20.01840 38.17580 1.99330
C 10.71350 36.42010 2.08520
C 20.84840 41.31510 1.95150
C 17.95030 40.65340 1.83031
C 8.54029 38.90090 1.71169
C 4.42814 38.34460 -0.39918
C 15.82760 43.14770 1.82508
C 2.75052 41.32470 0.76070
C 13.73240 45.59160 1.50632
C 4.36795 43.87640 0.86986
C 2.34632 46.17340 0.78934
C 12.60140 24.22940 2.65912
C 11.96650 27.62830 1.52555
C 12.81960 30.72550 2.24352
C 9.77445 29.94400 2.63091
C 10.11820 33.12640 2.32552
C 5.37250 32.94700 2.91213
C 4.28861 35.95070 1.91844
C 0.70230 36.20570 2.14062
C 20.45360 24.10990 2.80636
C 17.47530 22.30450 2.93834
C 17.68030 25.42730 3.56091
C 16.18880 34.52510 1.82680
C 16.98830 37.66410 1.92049
C 13.87290 37.04090 1.93000
C 14.72280 40.22340 1.82393
C 11.54630 39.63590 1.69894
C 12.59650 42.55940 1.61697
C 9.44525 42.01840 1.44742
C 6.17957 41.33790 1.15904
C 10.64000 44.99000 1.38798
C 7.45052 44.38980 1.16692
C 5.44409 46.78540 1.00799
C 9.50556 24.59160 2.48293
C 6.14495 24.71630 2.28996
C 2.93810 24.84800 2.07760
C 8.03961 27.30230 2.47778
C 4.58465 27.40920 2.31833
C 1.40714 27.58460 2.08317
C 6.35289 29.99990 2.72175
C 3.26326 30.30500 2.45094
C 1.76688 33.16980 2.55911
C 19.94500 46.78240 -1.45225
C 17.05880 46.22470 -1.63706
C 14.98280 48.53460 -1.82639
C 16.31350 52.09710 -1.57708
C 13.80410 55.43650 -1.30956
C 16.92720 56.20310 -3.58025
C 19.85260 57.90010 -2.12958
C 21.53670 60.79810 -1.75674
C 23.64320 63.40100 -1.59041
C 18.72230 60.81630 -2.16547
C 16.11520 59.40280 -2.07505
C 13.33970 58.00180 -2.00460
C 10.11680 56.27320 -0.72808
C 22.00310 65.95410 -1.83122
C 19.72220 63.97400 -1.34271
C 10.36220 59.89370 -1.32684
C 22.86110 69.12280 -1.80204
C 10.93630 63.29230 -2.35091
C 11.10260 66.54420 -2.93944
C 8.64779 68.37930 -3.59648
C 13.62820 48.09140 -3.35389
C 6.76231 49.80920 -1.98082
C 3.48645 49.37200 -2.18532
C 11.01000 53.45480 -1.67226
C 7.83523 52.80040 -1.97809
C 4.70147 52.48700 -1.85230
C 1.56154 51.88540 -1.96790
C 6.96560 55.59930 -0.53089
C 8.31617 57.52430 1.33910
C 6.77491 60.22960 -1.85434
C 8.90571 62.77060 -2.19251
C 7.67441 65.58120 -2.78475
C 6.63717 68.60600 -3.33637
C 23.07260 46.86970 -1.21701
C 21.34470 49.52290 -1.26879
C 17.73580 49.56250 -0.51946
C 22.92410 52.25220 -1.35553
C 19.58270 52.24470 -1.36183
C 21.13690 55.06390 -1.56695
C 23.03000 57.79100 -1.60258
C 16.29470 63.19010 -2.48813
C 13.64960 61.25280 -1.69120
C 19.67590 67.72860 -2.17229
C 16.83020 66.29410 -2.42089
C 13.75490 64.98080 -2.57251
C 17.23120 69.46440 -2.70558
C 14.20610 67.98300 -2.95430
C 11.68120 69.65380 -3.64378
C 11.85950 47.99110 -1.87326
C 8.80589 47.40440 -1.84322
C 9.96048 50.46280 -1.81438
C 2.95688 55.19510 -0.99452
C 4.88204 57.84620 -1.39796
C 1.68180 58.30750 -1.78276
C 3.65897 60.92560 -1.98964
C 5.76563 63.29750 -2.32954
C 2.55621 63.81320 -2.52042
C 4.58855 66.23070 -2.93868
C 1.39690 66.94950 -3.16378
C 3.55256 69.22800 -3.45948
H 1.74334 49.91120 -0.38846
H 18.26910 47.30410 0.29519
H 15.91430 50.80210 0.47416
H 15.15190 53.73570 -0.11790
H 15.70510 56.94290 -1.84577
H 21.26230 58.88460 -0.27576
H 18.13180 58.85890 -0.71793
H 23.02130 61.59140 0.04586
H 14.21510 56.53380 0.85421
H 11.93830 54.80890 0.13899
H 21.81320 64.22190 -0.15177
H 19.76810 61.76040 -0.28029
H 16.70740 61.43060 -0.86288
H 14.45040 59.35970 -0.26468
H 11.64540 58.03590 -0.30927
H 23.07630 67.26260 -0.09236
H 11.63320 61.88240 -0.61412
H 11.88570 65.14380 -0.94294
H 9.31009 67.00900 -1.64450
H 9.66784 70.15680 -2.29860
H 13.20290 49.20380 -0.11687
H 3.87242 47.42400 -0.75172
H 11.15870 51.63520 0.15576
H 8.08851 51.00180 -0.27625
H 4.90830 50.42230 -0.49512
H 8.99888 54.15870 -0.32447
H 5.97130 53.36310 -0.42650
H 2.89859 52.86540 -0.07166
H 7.08674 55.17030 2.00512
H 6.51051 58.92790 0.33793
H 8.49646 61.21390 -0.36289
H 7.49429 64.18520 -0.74046
H 6.27467 67.09900 -1.49103
H 5.26627 70.16920 -1.92989
H 24.68290 47.71040 0.42753
H 21.40250 47.65660 0.34932
H 22.95460 50.48120 0.29696
H 19.84440 50.45710 0.41180
H 21.28120 53.25590 0.20036
H 18.11720 53.01920 -0.07152
H 22.78020 56.04090 0.12419
H 19.54530 55.95940 -0.32673
H 20.09000 66.15670 -0.39717
H 17.44950 64.58770 -0.78905
H 14.46880 63.41930 -0.83398
H 20.67500 69.29320 -0.57666
H 17.65260 67.97750 -0.80112
H 14.82490 66.56480 -1.00810
H 15.14020 69.69050 -1.44367
H 12.20460 68.33680 -1.64587
H 10.09920 48.62680 -0.17590
H 6.96765 48.01470 -0.39636
H 4.73135 56.32680 0.28984
H 1.37566 56.91780 -0.22489
H 3.30593 59.33100 -0.14946
H 5.39988 61.71500 -0.46813
H 2.28589 62.33540 -0.56775
H 4.28285 64.70500 -1.08430
H 1.17132 65.38320 -1.26086
H 3.16674 67.71900 -1.58147
H 2.15550 70.72540 -2.11556
C 19.88040 46.71000 2.05450
C 16.65750 46.10400 1.74582
C 14.76580 48.78490 1.37730
C 16.38010 52.48620 1.74899
C 13.72420 54.29030 1.77319
C 17.06440 55.24840 -0.51383
C 19.49830 58.05080 1.25683
C 21.20800 60.72180 1.43699
C 23.42220 63.55610 1.52703
C 18.03630 60.61490 1.05201
C 16.22530 57.85780 0.48654
C 13.09850 58.59530 1.65754
C 11.90250 56.70010 1.75864
C 21.66220 66.06280 1.44394
C 19.51070 64.03390 0.47453
C 10.44370 60.05790 0.52049
C 22.32570 69.19020 1.27487
C 11.01120 63.55460 0.84597
C 11.06780 66.94520 0.09634
C 8.69925 68.98670 -0.38319
C 13.66970 51.69730 0.06186
C 6.54064 49.76770 1.19103
C 3.28186 49.16890 0.96042
C 10.44120 53.60750 1.66100
C 7.68036 52.77380 1.30102
C 4.53468 52.11290 1.29727
C 1.36911 51.65210 1.44717
C 5.14749 55.39450 2.70707
C 8.05856 57.18040 3.33295
C 6.75459 60.75920 1.41465
C 8.84223 63.11740 1.09736
C 7.81918 66.12250 0.15744
C 6.67493 69.08410 -0.21371
C 22.98960 47.01190 2.05983
C 21.24000 49.60000 1.88404
C 17.82930 49.51670 1.34515
C 22.80850 52.37100 1.88590
C 19.60590 52.48280 1.82634
C 21.03110 55.22330 1.69813
C 22.66030 58.00400 1.61588
C 16.30190 63.19370 0.83104
C 13.75320 61.53090 0.56302
C 19.34000 67.96390 0.98574
C 16.59470 66.34750 0.73618
C 13.71960 65.14590 0.70817
C 16.75420 69.86340 0.43005
C 13.81110 68.41940 0.19776
C 11.43640 70.29500 -0.50658
C 11.69090 47.92790 1.51497
C 8.60817 47.38410 1.30041
C 9.79264 50.44670 1.51261
C 2.62977 55.11680 0.91444
C 4.51658 58.30920 1.79138
C 1.48090 58.71670 1.39538
C 3.64187 61.34730 1.20511
C 5.62262 63.80040 0.79857
C 2.51824 64.43860 0.60659
C 4.61236 66.78280 0.17592
C 1.38645 67.46880 0.06726
C 3.44735 69.77300 -0.24331
C 9.45036 89.38380 -2.24968
C 11.04710 92.41240 -2.24153
C 7.67866 92.19500 -2.84777
C 4.32171 91.68480 -3.29187
C 1.07891 91.43620 -3.51582
C 4.63705 74.54790 -4.32646
C 9.74669 77.35920 -4.15578
C 6.51812 77.45120 -4.48808
C 3.39246 77.48130 -4.83898
C 13.48380 83.26690 -5.21731
C 10.14510 87.41040 -2.24769
C 6.30657 89.10320 -2.96284
C 2.84053 88.96280 -3.61205
C 22.96350 79.94640 -1.40151
C 19.79790 80.82740 -1.95255
C 16.77330 82.74790 -3.08651
C 12.84810 85.14410 -5.75182
C 13.20790 86.88010 -2.57573
C 12.58580 89.89390 -2.06201
C 14.83550 92.32980 -1.77002
C 17.47740 94.17440 -1.75499
C 23.21130 94.80410 -1.23956
C 23.31250 72.56510 -1.72645
C 23.68210 76.07290 -0.93822
C 21.18390 77.41260 -2.36727
C 8.86517 71.49220 -3.92127
C 15.27680 77.73890 -4.10854
C 12.78440 75.97090 -4.61034
C 8.13082 74.49270 -3.72308
C 15.67460 81.07040 -3.72771
C 5.51280 71.69540 -3.85857
C 2.42127 72.39700 -3.84716
C 5.81760 94.53040 -3.27400
C 2.47942 94.08490 -3.53502
C 8.04901 80.32590 -4.62535
C 4.82864 80.44430 -4.67876
C 1.64737 80.38250 -4.96268
C 10.03220 83.59800 -3.83998
C 6.25756 83.21480 -4.52005
C 3.08496 83.21970 -4.58309
C 7.63062 86.05350 -3.84821
C 4.64385 86.11150 -4.04264
C 1.28224 86.06840 -4.24805
C 22.25360 82.95020 -1.61493
C 19.35840 84.50810 -2.39908
C 16.38290 85.80510 -2.61092
C 21.79480 86.40000 -1.70104
C 18.82170 87.79850 -2.10252
C 15.68570 88.95280 -2.32176
C 24.28260 88.32390 -1.18740
C 21.30680 89.67330 -1.65827
C 18.09270 91.02370 -1.86275
C 23.78380 91.60160 -1.31589
C 20.67220 92.84310 -1.77349
C 20.21370 70.82210 -2.43386
C 20.62770 73.99060 -2.54167
C 17.73560 72.57130 -3.12753
C 14.71180 71.02510 -3.48058
C 18.13990 75.87640 -3.30690
C 15.42960 74.25770 -4.02546
C 11.79820 72.75000 -4.29442
C 18.40680 79.39790 -3.14165
H 10.67730 90.66240 -0.57394
H 7.50535 90.41100 -1.19362
H 12.14690 93.51390 -0.25939
H 5.68720 92.77650 -1.53861
H 2.53907 92.34640 -1.71862
H 6.18008 75.68450 -2.77527
H 3.07266 75.91110 -3.03333
H 8.04214 78.54080 -2.79245
H 9.67911 81.24210 -2.93781
H 12.28630 82.63710 -3.05031
H 8.63496 87.92690 -0.33543
H 4.38712 89.69670 -1.75252
H 1.12085 89.52010 -1.92121
H 22.27930 77.94100 -0.21293
H 21.43580 81.28880 0.06655
H 18.45110 82.72760 -1.26890
H 15.50650 83.87520 -1.14967
H 14.01920 85.31850 -3.49236
H 11.97710 87.82570 -0.63388
H 14.30230 90.19300 -0.68613
H 16.79860 92.28680 -0.15498
H 14.85180 94.31430 -1.68238
H 19.46630 94.30170 -0.48772
H 23.74940 70.58470 -0.27683
H 23.80880 73.97440 0.34750
H 21.32050 75.50400 -0.81910
H 18.79170 77.35630 -1.84311
H 13.07620 74.54880 -3.21252
H 10.01270 73.32060 -2.66349
H 7.22215 72.62920 -2.42294
H 16.01780 79.14590 -2.11287
H 13.08020 77.80170 -2.60280
H 4.22486 73.12100 -2.36765
H 9.03239 93.22640 -1.03712
H 4.79147 78.57340 -3.13390
H 1.49295 78.40140 -3.63228
H 6.41200 81.34480 -2.96659
H 3.08323 81.23550 -3.11671
H 7.82600 84.12330 -2.75954
H 4.61475 83.98110 -2.81548
H 1.38351 83.98560 -2.97063
H 5.97666 86.77640 -2.01610
H 2.83376 86.79100 -2.45538
H 24.42540 79.99840 0.57470
H 23.81800 83.30510 0.30308
H 20.86430 84.54600 -0.36487
H 18.01100 85.86480 -0.78920
H 15.06590 86.98140 -0.91058
H 23.35790 86.47490 0.22542
H 20.42840 87.82590 -0.22932
H 17.41190 89.04430 -0.51911
H 22.87660 89.82410 0.17155
H 19.87360 91.06420 -0.11583
H 22.34940 92.98730 0.16911
H 21.07050 72.39310 -0.73152
H 18.10900 71.13560 -1.18314
H 18.41440 74.21470 -1.45491
H 15.54570 72.81950 -2.01112
H 12.62740 71.51170 -2.30550
H 15.80090 76.01610 -2.42777
C 8.78853 90.15270 0.88166
C 10.53910 92.69900 0.92513
C 7.24362 92.30860 0.31738
C 4.17018 91.51760 -0.05484
C 1.08334 91.18720 -0.05522
C 4.35735 75.19000 -1.11641
C 9.63606 77.78990 -0.98106
C 6.29563 77.77700 -1.30705
C 2.96616 77.99780 -1.71786
C 12.01080 80.06800 -2.78138
C 10.17150 87.38510 1.21180
C 6.17268 88.56410 -0.34385
C 2.72068 88.33130 -0.46775
C 22.20540 79.53340 1.62556
C 19.29900 80.57950 -0.13114
C 16.38890 81.93240 0.11244
C 13.48450 83.35440 -1.77869
C 13.04580 86.09790 0.39640
C 12.38740 89.74450 0.93380
C 14.39040 92.57580 0.19617
C 17.68380 93.73880 1.33534
C 22.65650 94.65860 1.99283
C 22.66420 72.40300 1.23371
C 22.55050 75.97490 1.25757
C 20.02060 77.26630 0.33186
C 8.98578 72.04810 -0.83954
C 14.18560 77.47940 -1.16001
C 10.79850 76.76140 -2.39585
C 8.27166 74.80730 -1.85520
C 14.81960 80.53800 -0.51941
C 5.63061 72.22470 -0.58211
C 2.50160 72.72710 -0.62592
C 5.38460 94.70780 -0.10305
C 2.31859 94.36250 -0.38705
C 8.32698 80.70940 -1.41440
C 4.73996 80.40880 -1.46967
C 1.38379 80.01950 -1.84663
C 10.13040 83.62200 -1.99154
C 6.18715 83.05760 -1.17331
C 2.96786 82.93320 -1.35386
C 7.73944 85.61040 -0.74742
C 4.50794 85.65390 -0.91049
C 1.31060 85.54180 -1.01653
C 21.61390 82.88040 1.43511
C 18.72140 84.10630 0.80141
C 16.06180 85.40420 0.70483
C 21.20790 86.13430 1.42050
C 18.36410 87.43030 1.09352
C 15.43100 88.62050 0.89990
C 23.56350 88.18130 1.91660
C 20.83150 89.52610 1.54667
C 17.91290 90.60140 1.30403
C 23.22140 91.52340 1.93959
C 20.22050 92.84400 1.49441
C 19.62850 71.02770 0.73551
C 19.83740 74.13370 0.52523
C 16.94330 72.88720 0.01866
C 14.14150 71.62410 -0.34636
C 17.08870 76.07340 -0.42883
C 14.31950 74.67980 -1.03037
C 11.64580 73.59160 -1.29365
C 17.14600 78.15080 -0.06331
C 38.28680 -0.01999 1.49619
C 36.30300 -0.20978 0.63365
C 39.36760 2.73133 1.73750
C 48.12970 9.14539 1.66717
C 45.05040 8.63048 1.61787
C 41.95080 8.14484 1.42339
C 42.76400 11.16380 1.06469
C 33.46870 -0.78898 1.98858
C 27.63350 0.21591 -0.08196
C 35.51620 2.58347 1.97597
C 37.26800 5.34147 1.31677
C 38.84360 8.02549 1.04936
C 26.18680 8.55255 -0.66833
C 40.64080 10.67520 0.79502
C 39.45700 13.58940 -0.05110
C 26.49200 14.16010 -1.09372
C 28.14250 16.97510 -0.91151
C 36.39930 19.87620 -0.31752
C 32.93180 19.62730 -0.60154
C 29.76250 19.65480 -0.68462
C 26.01190 20.43740 -0.45020
C 49.12550 10.84920 1.17239
C 45.84510 11.84090 1.66555
C 42.90650 13.34990 -1.76025
C 42.30400 16.81590 -0.95554
C 39.54280 19.38800 -1.11746
C 39.89880 21.69930 -1.06150
C 47.38410 0.86021 2.87721
C 44.38640 0.46454 2.69390
C 41.33270 0.20974 2.18455
C 48.73470 3.67248 2.58054
C 45.56110 3.38501 2.48567
C 42.46930 3.04496 2.18502
C 46.90000 6.21614 2.15126
C 43.74700 5.76247 2.01952
C 40.52390 5.40208 1.65196
C 30.57740 -0.09982 0.89596
C 32.35000 2.61556 1.07094
C 29.34070 2.80451 0.23086
C 26.18290 2.80793 -0.56200
C 33.99930 5.34777 0.90235
C 30.96380 5.70557 0.39881
C 27.86760 5.67773 -0.22863
C 35.62410 8.08461 0.68630
C 32.54400 8.30171 0.35291
C 29.30240 8.42712 -0.13105
C 37.52430 10.88370 0.41690
C 34.17760 10.96140 0.15256
C 31.04910 11.14990 -0.12768
C 27.95370 11.27730 -0.49887
C 35.82610 13.58810 -0.29113
C 32.73350 13.81380 -0.28808
C 29.67680 14.02290 -0.55954
C 37.86710 16.29820 -0.63738
C 34.39590 16.59100 -0.66272
C 31.33470 16.89110 -0.48965
C 48.79590 13.86810 0.54008
C 45.84080 15.11910 0.08586
C 48.59260 17.02920 -0.25782
C 45.71010 18.36250 -0.80522
C 42.69920 20.31070 -1.37259
C 48.47740 20.04810 -1.03126
C 45.51180 21.59610 -1.55789
H 36.41560 0.57017 2.97460
H 40.60910 3.83386 3.51714
H 37.50450 3.57080 3.05686
H 48.44690 7.57837 3.60718
H 41.89240 6.59891 3.25926
H 46.37560 9.95366 3.12074
H 43.21470 9.61054 2.96445
H 30.28680 95.64200 2.82849
H 27.58340 95.58420 1.35287
H 31.94220 1.02032 2.75176
H 25.67060 1.05206 1.09234
H 33.59050 3.90712 2.84937
H 38.73000 6.44362 2.93017
H 35.49220 6.46345 2.58302
H 40.17940 9.23851 2.70230
H 38.98020 12.09940 1.99137
H 26.21150 12.41880 0.77937
H 40.54220 14.99840 1.30276
H 37.48870 14.64850 1.13330
H 36.29220 17.62380 0.80792
H 26.60770 17.99030 0.20324
H 34.41900 20.72850 1.24698
H 31.34450 20.24270 1.24435
H 28.34080 20.72930 0.61600
H 47.98980 12.57670 2.48817
H 45.00680 14.17970 2.28742
H 43.33630 14.68890 -0.31364
H 41.63500 18.91430 -0.15251
H 39.23320 20.58580 1.14209
H 24.52940 95.47420 0.68400
H 47.39510 -0.83534 4.62189
H 44.34540 96.13920 4.46920
H 41.35670 95.71970 3.79861
H 38.37570 95.40660 2.82357
H 48.82290 2.11083 4.40684
H 45.65000 1.77879 4.26630
H 42.54430 1.36870 3.95490
H 39.41370 0.95369 3.47974
H 47.02750 4.61066 4.03193
H 43.77580 4.23644 3.86172
H 45.12480 7.10940 3.57088
H 28.76740 1.10778 1.92881
H 30.48520 3.94434 2.08098
H 27.41490 3.85232 1.29394
H 32.32420 6.66473 2.17624
H 29.09720 6.76286 1.61044
H 25.97800 6.68495 1.00083
H 37.09910 9.24924 2.23549
H 33.99920 9.36202 2.04986
H 30.81810 9.44807 1.59287
H 27.60440 9.52768 1.23343
H 35.74410 12.07480 1.65336
H 32.58490 12.20180 1.51755
H 29.37690 12.36800 1.21743
H 34.37800 14.94300 1.19006
H 31.13900 15.06250 1.11869
H 27.90630 15.13110 0.76049
H 33.04720 17.75610 1.07249
H 29.58890 17.78500 0.99153
H 47.63560 15.76010 1.63536
H 44.74700 17.18050 1.20912
H 47.47750 18.89230 0.91639
H 44.60620 20.27080 0.28996
H 41.91340 22.03270 0.22075
H 47.33770 21.89530 0.07629
C 37.74980 -0.41764 4.65432
C 34.64600 -0.73605 3.78962
C 38.89710 2.84880 4.93527
C 47.90540 9.73060 4.96662
C 44.80690 9.21291 4.80851
C 41.65250 8.56067 4.55334
C 42.44290 11.63340 4.20605
C 33.18910 0.48460 4.84394
C 26.86500 -0.05943 2.97227
C 35.39630 2.54456 3.86375
C 36.96660 5.58871 4.40590
C 38.40830 8.49392 4.20731
C 25.77290 8.55431 2.56209
C 40.31140 11.30050 4.00273
C 38.89110 14.30290 3.16568
C 26.03060 14.38400 2.16778
C 27.70870 17.01700 2.34157
C 36.87900 20.09930 1.57103
C 33.43580 19.68760 2.62630
C 29.36070 19.56020 2.67842
C 25.92870 20.23840 1.46870
C 48.84100 11.54630 4.48530
C 45.78000 12.21470 3.57943
C 42.70410 14.03570 2.21949
C 42.34040 16.75580 1.02598
C 40.51750 19.13380 2.12721
C 40.24130 22.32780 2.05491
C 47.26120 1.15010 5.97105
C 44.02700 0.79806 5.78358
C 40.86180 0.24429 5.30770
C 48.70010 4.12158 5.77801
C 45.35920 3.75438 5.64316
C 42.11880 3.29493 5.33860
C 46.77270 6.69927 5.33146
C 43.44740 6.25754 5.11784
C 40.17930 5.82662 4.80334
C 29.85250 0.44952 4.03739
C 31.61610 3.11360 4.11965
C 28.58120 3.09288 3.35081
C 25.42910 2.84560 2.68505
C 33.59810 5.71681 4.12718
C 30.41640 5.93194 3.52789
C 27.25260 5.74250 2.85857
C 35.39400 8.55810 3.90095
C 32.17170 8.72236 3.53372
C 29.02710 8.67627 3.11587
C 37.16810 11.36490 3.53885
C 34.06340 11.44340 3.33202
C 30.79790 11.46360 3.02506
C 27.56390 11.54850 2.69430
C 35.94050 14.14480 2.96050
C 32.67690 14.26400 2.87673
C 29.35680 14.39950 2.63429
C 38.72070 16.80140 1.09763
C 34.94240 17.00200 2.56247
C 31.24690 17.04070 2.58441
C 48.65140 14.64900 3.61028
C 45.68130 15.81710 3.26192
C 48.41410 17.74200 2.91296
C 45.41260 19.01110 2.35850
C 42.52470 20.25540 1.70324
C 48.28720 20.88820 2.11122
C 45.41710 22.13250 1.59508
C 48.83960 29.42140 -0.24770
C 47.24930 32.25220 -0.58332
C 49.09660 35.11810 -0.93912
C 47.79400 37.79960 -1.40006
C 37.21260 23.24330 -1.35590
C 39.66930 25.67270 -1.08963
C 42.47860 27.03800 -1.77102
C 48.15350 26.59370 -2.12148
C 45.51420 28.68260 -2.14725
C 36.42180 25.24700 -1.54485
C 33.60300 23.50880 -0.91163
C 29.55470 22.98480 0.49811
C 40.11320 29.43500 -1.81454
C 37.11630 28.26980 -1.65828
C 28.06200 25.11250 -1.47393
C 43.94030 32.89270 -1.19272
C 40.72500 32.71630 -1.93601
C 25.37050 27.44660 -1.38739
C 41.58970 36.40710 -1.20787
C 38.84810 37.99570 -1.62127
C 36.81190 40.44250 -1.29997
C 34.25350 42.12310 -1.75641
C 30.92910 41.10550 -1.67920
C 27.51550 40.12090 -2.98802
C 24.14690 38.81260 -3.05537
C 24.20700 42.26360 -3.60351
C 31.35980 44.31130 -1.34102
C 28.02650 43.89160 -1.32680
C 32.42320 47.01590 -1.25770
C 45.44720 35.50920 -0.61544
C 44.32990 38.74390 -1.77425
C 41.23730 40.08120 -1.69000
C 46.64730 40.64220 -2.24962
C 40.68520 43.26470 -1.60258
C 37.60410 44.70780 -2.09960
C 34.80960 45.45360 -0.81010
C 46.31470 44.07980 -2.36687
C 42.61670 23.45020 -1.64959
C 48.43480 23.05790 -1.76147
C 45.44540 24.75650 -2.29742
C 34.02600 27.18810 -1.57124
C 31.10430 25.92500 -1.32120
C 37.66140 31.47350 -1.75855
C 34.60460 30.44650 -1.69121
C 31.45600 29.27880 -1.57177
C 28.51690 28.14810 -1.32351
C 38.17960 34.67480 -1.87886
C 35.19690 33.53550 -1.80328
C 32.06800 32.46480 -1.72278
C 29.01710 31.23420 -1.51694
C 25.85160 30.40510 -1.20015
C 35.87300 36.83320 -1.83207
C 32.75880 35.66840 -1.82661
C 29.60470 34.57130 -1.74944
C 26.71580 33.38790 -1.67835
C 33.44790 38.98850 -1.82886
C 30.39080 37.70490 -1.96630
C 26.78700 36.67130 -1.55532
C 29.40230 46.79510 -1.20180
C 43.52600 41.89210 -2.03549
C 43.37660 45.24630 -1.73021
C 40.45840 46.30020 -1.34661
H 47.39290 30.68790 1.48325
H 48.94270 33.45170 0.83865
H 47.52660 36.29090 0.59688
H 39.07970 23.67690 0.20913
H 41.89060 25.21820 -0.18998
H 40.61560 27.78500 -0.34288
H 47.16900 28.07500 -0.35028
H 44.21720 29.43380 -0.00702
H 37.72900 26.62660 0.03379
H 34.68490 25.50770 0.19548
H 31.69060 24.35370 0.52760
H 41.38400 30.96820 -0.05522
H 38.33040 29.77130 -0.07751
H 29.30090 26.50780 0.30208
H 26.39600 25.42120 -0.10995
H 41.88650 34.06110 -0.57637
H 39.37660 36.01550 -0.25491
H 40.76520 38.38310 -0.04990
H 24.58050 33.63240 -0.17751
H 37.45920 41.11030 1.13160
H 31.55350 39.14280 -0.24002
H 28.58630 38.02990 -0.87590
H 24.36050 37.33510 -0.84315
H 35.35380 43.26240 0.16662
H 32.30410 42.32850 -0.24604
H 27.94870 42.23800 -0.27258
H 32.74740 45.26370 0.41794
H 29.63150 44.89090 0.39875
H 45.73960 33.32560 0.66741
H 43.65800 37.07400 -0.04611
H 46.12950 39.19560 -0.19248
H 43.16830 40.23880 -0.21153
H 40.27450 41.50230 0.27462
H 38.11620 42.73050 -1.33023
H 45.48070 42.21540 -1.23256
H 44.64470 23.48640 -0.28690
H 47.30320 24.89690 -0.62743
H 44.62820 26.50360 -1.32544
H 35.25610 28.72910 -0.08276
H 32.25840 27.61380 0.08456
H 38.85580 32.97560 -0.21224
H 35.82740 31.85010 -0.11246
H 32.75530 30.76740 -0.08119
H 29.79210 29.63860 0.21614
H 26.76980 28.61790 0.33112
H 36.36570 35.03330 -0.23062
H 33.36780 33.93090 -0.17580
H 30.24690 32.85520 -0.09554
H 27.26550 31.79440 0.14358
H 36.99800 38.23330 -0.15698
H 33.98930 37.11800 -0.25589
H 30.92250 35.98180 -0.18045
H 27.80330 34.91370 -0.09138
H 34.66420 40.26780 -0.17279
H 26.36800 44.82860 0.42403
H 42.70560 43.44610 -0.24389
H 39.90430 44.58430 0.40076
H 37.00630 45.86630 0.10122
H 45.35800 45.47370 -0.34105
H 42.38750 46.64960 0.14293
C 48.80910 29.86970 2.80347
C 47.11440 32.96040 2.54599
C 48.92300 35.57130 2.17401
C 47.54100 38.51670 1.72149
C 37.31610 23.55280 1.93517
C 39.84130 25.86170 0.98763
C 42.91450 27.35740 0.40062
C 47.17860 26.63220 1.20327
C 45.71810 29.66690 1.05170
C 36.55140 25.53030 1.86925
C 34.01100 23.26150 1.09145
C 31.01660 22.36420 2.18146
C 40.37560 29.56240 1.40265
C 37.09520 28.42910 1.56966
C 28.28940 24.69900 1.66681
C 43.69160 31.87100 0.59074
C 40.73090 32.99530 1.44470
C 25.97170 27.01820 1.98819
C 41.54660 36.19650 0.74214
C 38.85590 37.80270 1.36751
C 36.24670 39.82120 1.70812
C 33.90350 41.81620 1.57364
C 30.13470 41.07320 0.20397
C 28.00800 39.88780 -1.18058
C 23.14820 38.58200 0.18268
C 25.54200 41.57760 -0.43033
C 31.37990 43.70040 1.66696
C 28.05330 43.62050 1.88865
C 32.42590 46.95080 2.11302
C 45.23670 35.68390 1.33450
C 44.21790 38.66030 1.38450
C 41.69770 39.78790 1.67912
C 46.30540 41.32910 0.90165
C 41.44330 43.24340 1.86345
C 37.66800 43.67130 1.01007
C 34.96150 45.38020 1.36903
C 47.15080 44.02660 -0.57799
C 42.95440 23.85200 1.48814
C 48.18040 23.75410 1.35198
C 45.44340 25.57980 0.76539
C 34.14670 27.36450 1.70558
C 31.26650 26.13120 1.88117
C 37.66050 31.56760 1.44963
C 34.62140 30.48950 1.54039
C 31.73960 29.41180 1.72579
C 28.73050 28.19760 1.92324
C 38.17450 34.75570 1.41462
C 35.20460 33.64860 1.47385
C 32.11950 32.58090 1.48587
C 29.14410 31.52690 1.70760
C 26.32610 30.37260 1.95575
C 35.78260 36.75660 1.40271
C 32.73350 35.75480 1.42968
C 29.40390 34.70890 1.38439
C 26.15540 33.66590 1.43458
C 33.15400 38.92590 1.26152
C 29.95970 37.83270 1.14355
C 26.54450 37.02560 0.32766
C 29.38290 46.78320 1.98341
C 44.33290 41.97040 0.92486
C 43.62850 44.98870 1.43925
C 40.67310 46.41870 1.92102
H 37.00040 59.76090 0.50383
H 34.52300 58.17730 0.37689
H 40.17410 63.11050 0.28262
H 37.09770 62.54730 0.33597
H 44.21010 67.66300 0.28505
H 40.86840 66.32030 0.14932
H 28.91000 61.93260 0.47426
H 44.42940 70.78810 0.29755
H 24.99480 64.66320 -0.12116
H 26.08830 68.19010 0.00454
H 27.48830 71.07640 0.46988
H 34.21050 61.26960 0.44730
H 37.74300 65.41680 0.14842
H 34.63990 64.52810 0.32490
H 31.66140 63.27920 0.39283
H 41.57610 69.46600 -0.16833
H 38.47690 68.51890 -0.05951
H 35.28720 67.55090 0.20789
H 32.09470 66.46460 0.24868
H 29.11160 65.13040 0.36506
H 36.02670 70.59070 0.20439
H 32.87600 69.63190 0.31479
H 29.83570 68.83290 0.46054
C 47.68770 65.56090 -2.75389
C 48.85510 68.84340 -0.58459
C 34.56680 49.67790 -0.37407
C 35.56520 53.34270 -2.06181
C 33.54320 55.86650 0.76157
C 31.12430 55.26080 -0.81054
C 29.92090 58.27780 -0.42857
C 27.69870 60.67640 -1.31557
C 24.70690 60.53140 -1.45424
C 36.66770 57.94380 -1.01886
C 38.95290 60.98290 -0.15088
C 35.92840 61.04810 -1.25201
C 33.24580 59.66130 -1.19518
C 43.05010 65.79370 -1.08468
C 39.56990 64.89800 -1.51321
C 30.69860 61.73870 -1.27395
C 43.59710 69.39800 -1.58849
C 27.19740 64.26880 -1.19793
C 25.12150 66.87290 -1.56985
C 25.98780 70.21670 -1.49086
C 37.52750 47.87820 -1.23713
C 37.40300 51.01850 -0.81194
C 37.15230 54.60100 -1.48765
C 39.67440 56.12770 -1.22631
C 41.94840 58.20610 -1.18119
C 47.91040 58.65380 -0.95201
C 42.01690 61.69360 -0.98678
C 47.06880 61.87720 -0.99402
C 45.21540 63.10480 -0.75195
C 26.17500 46.63220 -1.26614
C 30.90080 49.70360 -1.16118
C 27.78180 49.64980 -1.19442
C 24.62430 49.50300 -1.22062
C 32.49730 52.40870 -1.26124
C 29.29140 52.43580 -1.08181
C 26.20680 52.43440 -1.20783
C 27.97710 55.16780 -1.03579
C 24.51740 55.08190 -1.36212
C 26.26200 57.88780 -1.33491
C 36.31570 64.14340 -1.42281
C 33.50260 62.93200 -1.16866
C 40.27330 67.99770 -1.67253
C 37.04150 67.09130 -1.48244
C 33.86360 66.17790 -1.31266
C 30.65430 64.94740 -1.17396
C 37.61750 70.23970 -1.61693
C 34.62040 69.28850 -1.36566
C 31.52880 68.31160 -1.29008
C 28.31920 67.24120 -0.73060
C 32.35590 71.47290 -1.26213
C 29.29180 70.53070 -1.27469
C 45.97520 47.45520 -1.79303
C 43.12600 48.47930 -1.35241
C 40.23610 49.55620 -1.28091
C 45.85540 50.43700 -1.37149
C 42.86960 51.56960 -1.24364
C 39.94800 53.00300 -1.27144
C 45.58120 53.61000 -1.18880
C 42.58330 54.80190 -1.12015
C 48.42780 55.56170 -0.95219
C 45.23120 56.70490 -1.16064
C 44.67390 59.98230 -1.00224
H 47.37660 64.48260 -0.87270
H 48.94160 66.74450 0.88789
H 47.02150 69.14840 0.55630
H 34.11540 47.46120 0.42579
H 32.47180 50.63130 0.53706
H 34.10030 53.44340 0.03067
H 32.00480 57.41650 2.13901
H 31.36640 60.03230 0.43113
H 27.68930 58.89810 0.40919
H 26.05700 61.52250 0.35243
H 36.73130 49.05540 0.69636
H 47.92070 47.46160 -0.27008
H 39.21220 51.18090 0.24495
H 38.87290 54.41330 0.39538
H 36.09710 55.86200 0.38644
H 38.65830 57.60250 0.49225
H 41.13660 59.79480 0.21794
H 46.55690 60.02820 0.54386
H 43.92340 61.66210 0.68395
H 30.92890 47.85790 0.43040
H 27.79340 47.75930 0.35786
H 29.32530 50.57910 0.45122
H 26.14120 50.54710 0.41144
H 30.91840 53.38640 0.48701
H 27.66470 53.33100 0.54363
H 24.44450 53.25110 0.27900
H 29.31800 56.15740 0.75895
H 26.07490 56.04570 0.29517
H 24.48290 58.72220 0.15845
H 39.48760 47.82110 0.28240
H 45.03540 48.67240 0.19960
H 42.04840 49.89740 0.38644
H 47.71030 50.62310 0.23185
H 44.75550 51.88510 0.33729
H 41.79620 53.06550 0.45126
H 47.40030 53.76480 0.48285
H 44.44430 55.00230 0.45986
H 41.43720 56.34690 0.45600
H 46.94970 56.94290 0.56952
H 43.94080 58.10800 0.38113
C 46.56130 66.63650 0.31024
C 48.34240 68.39700 2.62728
C 34.51970 49.61990 1.48929
C 35.86420 52.54860 1.69636
C 32.24420 57.28060 4.14364
C 30.55850 55.16400 2.28039
C 29.82550 58.43840 1.55592
C 27.56610 60.63780 2.15248
C 24.33900 60.50220 1.80740
C 36.56130 57.87240 1.90333
C 39.13760 59.79540 1.61584
C 35.97680 61.22510 2.12574
C 33.23770 59.68680 1.99107
C 43.06440 65.31600 0.71471
C 39.57640 64.67190 1.70609
C 30.77390 61.72790 2.11377
C 43.36560 68.89530 1.55084
C 27.15400 63.69140 0.74406
C 24.81500 66.60440 1.59109
C 25.37670 70.11030 1.59472
C 37.74560 47.12800 1.90889
C 38.02930 50.25520 2.29832
C 36.99020 54.19860 2.03354
C 39.65050 56.00050 2.13181
C 41.98380 58.24640 1.95840
C 47.57210 58.62290 2.27934
C 41.89750 62.12620 0.94048
C 46.93040 61.71080 2.25961
C 45.22750 62.99460 2.33411
C 26.27830 46.53860 1.94836
C 31.07940 49.77460 2.02072
C 27.73040 49.60210 2.00635
C 24.49370 49.59880 1.95896
C 32.59450 52.61040 2.08845
C 29.27540 52.38680 2.10326
C 25.96400 52.41540 2.02234
C 27.47620 55.20690 2.12845
C 24.33410 55.16330 1.82178
C 25.96620 57.93040 1.89724
C 36.43340 64.35910 1.94936
C 33.52580 63.06890 1.96740
C 40.38040 68.06510 1.56806
C 37.21940 67.26280 1.69524
C 33.92570 66.28240 1.86431
C 30.82130 65.06650 1.93682
C 37.99440 70.26510 1.64867
C 34.76520 69.28660 1.88098
C 31.40070 68.29830 1.89372
C 28.12740 67.26020 1.25408
C 32.22710 71.38690 1.87893
C 28.96860 70.72460 1.90931
C 46.21700 46.90860 1.53889
C 43.20300 48.29140 1.84146
C 40.03750 49.55910 1.87964
C 45.84120 50.34020 1.88183
C 42.95870 51.56260 1.99755
C 39.86800 52.80480 1.97546
C 45.50110 53.50260 2.04420
C 42.57970 54.80320 2.02278
C 48.05290 55.42890 2.22204
C 45.02570 56.70430 2.11417
C 44.62210 59.78030 2.06121
H 41.96140 72.70130 -0.60831
H 39.57060 74.89680 -0.01133
H 37.26170 76.89410 1.27757
H 25.89200 72.78770 -1.59146
H 34.59810 78.82540 1.97438
H 31.86380 78.00010 0.67494
H 29.02110 77.16120 -0.35493
H 26.15560 75.95720 -1.02366
H 39.01460 71.63120 -0.09407
H 36.63480 73.75240 0.38537
H 33.63430 72.71000 0.38027
H 30.50770 71.90620 0.29479
H 34.25410 75.89610 0.63505
H 31.31550 74.95310 0.24413
H 28.26380 74.17220 0.12033
C 43.70090 88.88320 2.51000
C 37.15120 88.98100 1.10743
C 48.03430 92.78790 3.47356
C 45.10850 91.63740 4.26029
C 42.31470 91.75530 2.34124
C 39.45500 91.64610 1.12583
C 35.58010 91.71040 0.41883
C 34.30250 93.43440 0.53244
C 45.82240 74.51360 1.52394
C 42.91250 75.55820 3.17601
C 40.99320 77.96540 1.55435
C 38.77930 80.05360 0.44792
C 38.73400 82.97660 0.91819
C 38.67430 86.25580 1.42242
C 40.48300 88.27300 3.27005
C 46.70980 87.61370 2.84072
C 46.57910 71.27890 -0.78324
C 29.76920 95.35980 0.36846
C 25.75150 78.39240 -0.68458
C 30.12860 79.42210 -0.41965
C 28.04900 80.45520 -0.30246
C 35.44230 82.69220 2.21318
C 33.03270 84.51390 0.88927
C 35.69420 85.99080 1.32838
C 32.57540 87.79760 0.69608
C 32.26210 91.14440 1.72144
C 29.44760 92.27630 0.66847
C 43.80030 72.32300 -1.63560
C 41.42530 74.86110 -1.76819
C 38.39570 76.74260 -1.07270
C 25.80570 74.34610 -3.03671
C 36.84400 79.25580 0.61815
C 31.25020 76.77170 -1.40431
C 28.36330 75.50230 -2.08668
C 46.08410 95.18790 3.09198
C 43.31130 94.73000 2.69715
C 40.41000 94.73470 1.76567
C 37.59600 94.40670 0.71022
C 46.27570 78.02970 2.21468
C 43.75790 79.53350 2.12041
C 41.37450 81.39930 1.52918
C 46.47470 81.19740 2.57612
C 43.90430 82.94600 2.34202
C 41.24580 84.69190 1.99107
C 46.56000 84.40640 2.74085
C 43.72730 86.10800 2.50398
C 25.31880 81.81170 -0.85437
C 30.68180 82.65280 0.22529
C 27.66970 83.73120 -0.31823
C 24.90380 85.05910 -1.07081
C 30.08320 85.80440 0.27104
C 27.21390 86.98690 -0.40695
C 29.66890 88.99720 0.19514
C 26.80520 90.38920 -0.49955
C 26.35550 93.94510 0.05214
C 40.60700 71.03060 -1.88741
C 38.21110 73.46490 -1.54587
C 35.40190 72.41070 -1.27916
C 36.26610 75.86660 -0.81107
C 33.29100 74.58750 -1.15341
C 30.21510 73.61710 -1.43854
C 34.03610 78.11450 -0.46929
H 41.93730 90.16580 3.89535
H 38.65870 89.94610 2.92080
H 46.27570 93.64780 4.96353
H 37.27700 92.61310 1.97204
H 33.32660 93.08530 2.93040
H 35.42410 95.20620 1.71935
H 45.34980 76.34300 3.37753
H 42.52430 78.03270 3.61375
H 39.94810 79.74240 2.56926
H 37.23990 81.27670 2.05366
H 47.97110 78.00720 4.27934
H 37.32170 84.36350 2.24933
H 37.01490 87.23910 2.92384
H 39.83440 85.92580 3.54373
H 45.07030 89.16620 4.10161
H 47.33610 90.90140 4.90752
H 46.98670 72.22380 1.54396
H 24.85620 76.88630 1.11149
H 27.24420 78.75110 1.37116
H 29.61660 80.87270 1.55705
H 31.93920 82.80120 2.39179
H 34.34630 84.72560 3.05478
H 34.15140 87.84720 2.33610
H 31.05180 89.09570 2.23759
H 28.12330 90.29380 1.63412
H 25.34980 91.73570 0.60544
H 30.24220 92.36720 2.74708
H 43.13960 93.07560 4.32002
H 40.21400 92.79610 3.19692
H 45.34780 79.56910 3.98724
H 42.69440 81.20690 3.61514
H 40.01240 82.81420 3.03019
H 48.15310 81.18030 4.38876
H 45.45430 82.75190 4.20019
H 42.69570 84.36650 3.86860
H 48.29270 84.40630 4.49446
H 45.43000 85.97380 4.28376
H 42.54860 87.40170 4.18468
H 48.11660 87.80240 4.48847
H 26.74930 82.01710 1.17145
H 29.15160 84.00890 1.62047
H 26.20830 85.20290 1.03129
H 31.59710 86.00830 2.21865
H 28.62050 87.25310 1.61135
H 25.75090 88.51280 0.80478
C 43.18240 89.11020 5.82050
C 36.08330 89.48070 2.71735
C 48.00260 92.70790 6.45403
C 44.61280 92.28150 6.08154
C 41.18370 92.03170 5.36717
C 38.21710 91.70950 4.26052
C 34.97710 93.04640 4.78647
C 31.83140 94.28810 3.41206
C 46.56370 74.14500 3.24501
C 43.30140 76.03930 4.94574
C 40.52960 78.22000 4.56247
C 37.73830 79.67880 3.77375
C 37.84510 82.77560 4.04613
C 37.68660 85.42580 4.44894
C 40.30780 87.61010 5.13728
C 46.06380 87.71880 5.92289
C 45.81910 70.57850 2.40310
C 28.60030 94.32060 3.30754
C 25.07590 78.78450 2.65636
C 31.33380 79.51720 2.55257
C 27.67140 80.64110 3.02208
C 33.04070 80.68780 2.80312
C 32.48830 84.62480 4.10778
C 35.20190 86.66040 4.46695
C 32.13370 87.69160 3.95524
C 32.06240 90.91870 3.55361
C 28.67110 91.02950 3.98496
C 43.15530 72.34280 1.63525
C 42.00680 75.21700 -0.01964
C 39.41300 76.31620 2.17226
C 26.13470 73.15340 1.00125
C 36.51140 78.04210 3.43185
C 30.29170 76.57110 1.76057
C 27.28940 76.24830 1.17635
C 45.85260 95.61380 6.29542
C 42.65190 95.00790 5.75055
C 39.53370 94.56910 4.77136
C 36.37140 94.21690 3.70092
C 46.15490 77.72710 5.50949
C 43.32600 79.61880 5.37424
C 40.53030 80.97210 4.61790
C 46.18310 80.99290 5.79530
C 43.41030 82.66300 5.47672
C 40.57410 84.11830 5.04566
C 46.28310 84.31110 5.92575
C 43.43390 85.76580 5.71887
C 24.50600 81.86810 2.18333
C 30.07320 82.54670 3.44075
C 27.05240 83.78790 2.87862
C 24.05600 84.99780 2.13307
C 29.45120 85.75180 3.35090
C 26.42060 87.05570 2.67639
C 29.02600 88.88020 3.46577
C 25.89770 90.26940 2.60144
C 25.85720 93.88240 1.86053
C 41.09930 71.30770 1.31850
C 38.62400 73.31110 1.71697
C 35.42960 72.23580 1.92374
C 35.97240 75.24130 2.30866
C 32.92060 74.34490 1.97967
C 29.94400 73.69920 1.85874
C 33.43630 77.31830 2.53782
C 54.57150 95.35590 3.08602
C 51.66620 94.96750 4.57060
C 49.15560 95.77710 3.19281
C 55.10340 3.80062 2.23673
C 52.06310 3.95706 2.60823
C 50.16070 6.45478 2.10971
C 59.49370 -0.04072 2.04691
C 58.43730 3.11007 1.76051
C 57.21680 6.28158 1.80611
C 59.74650 7.78021 0.81902
C 73.07080 9.88742 -2.23709
C 67.95450 10.03920 -1.09039
C 64.84630 10.55920 0.37779
C 60.88680 10.95610 0.25378
C 70.88970 12.90680 -1.31628
C 67.67050 12.07960 -0.80423
C 65.83280 14.46120 -0.56022
C 62.86390 13.77650 -0.59126
C 63.22830 17.01980 0.47019
C 61.22010 19.69510 0.18164
C 62.90680 22.18150 -0.29368
C 60.13980 22.34180 0.23625
C 53.95470 7.20999 2.70279
C 51.73190 9.16730 1.81042
C 57.43710 9.41692 2.85133
C 57.02500 12.56620 1.07277
C 59.71490 13.56550 -0.29912
C 60.05110 16.75860 0.17793
C 56.86720 18.69450 -0.71449
C 57.23010 22.64610 0.02664
C 56.44220 0.67251 2.29713
C 53.31790 0.82257 2.92321
C 50.46820 1.04088 3.02428
C 68.60840 95.08470 1.01332
C 65.67130 95.75730 1.52852
C 62.61620 -0.85328 1.79866
C 70.84570 0.11851 0.31027
C 67.82690 0.79544 0.83930
C 64.67940 1.51852 1.17968
C 61.53940 2.44176 1.49617
C 70.02170 3.07258 0.27331
C 66.90140 3.86939 0.53817
C 63.66720 4.64288 0.83261
C 60.48210 5.48722 1.33194
C 72.45310 5.71838 0.02263
C 69.25950 6.03493 -0.01058
C 66.16210 6.90072 0.15839
C 62.89270 7.51441 0.37469
C 72.44960 15.93420 -0.94266
C 68.94540 15.25140 -0.71621
C 70.21600 18.18670 -0.79375
C 66.74760 17.45800 -0.38197
C 71.27280 21.09480 -0.75409
C 67.97020 20.36490 -0.67441
C 64.72150 19.65010 -0.30007
C 54.43810 10.84190 1.50111
C 51.65450 12.43340 0.99555
C 54.32090 14.06290 0.73995
C 51.42940 15.61410 0.20330
C 57.27170 15.64100 0.54065
C 54.07010 17.12870 -0.16489
C 51.25360 18.62780 -0.55655
C 54.19170 20.42450 -0.87045
C 51.34260 21.68880 -1.17182
H 56.46560 -0.94245 4.11332
H 53.42210 -0.71182 4.83440
H 55.17620 2.00099 3.96791
H 53.83550 5.10575 3.97770
H 51.71240 7.52372 3.65116
H 59.49270 95.75290 3.93418
H 58.35170 1.48010 3.55504
H 57.14600 4.39126 3.42949
H 59.28440 6.74645 3.08353
H 56.18940 7.46945 3.67220
H 70.90520 6.81896 1.67480
H 67.78740 7.45144 1.40571
H 64.57680 8.38277 1.56668
H 61.37730 8.98198 1.86705
H 71.63670 11.00340 -0.38605
H 72.42330 13.88160 0.40206
H 69.32140 13.23070 0.63783
H 66.10390 12.59520 1.08296
H 64.20230 14.92410 1.12405
H 61.40910 17.94630 1.79341
H 60.31060 20.80920 2.27012
H 53.65760 9.56309 3.27752
H 50.80430 11.17160 2.96717
H 56.15460 11.53250 3.24969
H 58.81350 12.96080 2.09319
H 61.17270 14.72970 0.96170
H 58.74650 16.34170 2.25252
H 58.77760 18.95880 0.43844
H 55.87870 20.67190 0.55129
H 53.10330 22.20960 0.53798
H 50.42700 -0.44148 4.92134
H 52.05580 2.31432 4.43197
H 50.25940 4.87862 4.05059
H 70.67820 95.80820 2.08502
H 67.65590 -0.74788 2.66569
H 64.56650 -0.03507 3.02914
H 61.42290 0.73112 3.23813
H 69.82420 1.49606 2.06568
H 66.69790 2.24911 2.39961
H 63.56610 3.05768 2.75498
H 60.35560 3.83135 3.14534
H 71.97480 3.85100 1.58353
H 68.82010 4.51292 1.87663
H 65.64940 5.29045 2.06401
H 62.55760 6.06781 2.46687
H 62.90180 11.98820 1.11920
H 70.60970 16.28030 0.72844
H 67.28590 15.57860 1.11263
H 71.64060 19.28490 0.87249
H 68.50290 18.59190 0.96520
H 65.23420 17.99250 1.46255
H 69.46800 21.66920 0.78901
H 66.31660 21.00010 0.97342
H 63.17780 20.49240 1.31554
H 53.42940 12.79500 2.64607
H 50.58680 14.35520 2.15657
H 56.07640 14.52120 2.35726
H 53.22780 15.95530 1.82467
H 50.34940 17.43580 1.41301
H 55.97210 17.56490 1.36558
H 53.12900 19.03830 0.93766
H 50.20760 20.49770 0.61653
C 55.10100 -1.29940 6.16866
C 51.85900 95.68160 6.38778
C 48.84480 95.99050 6.49839
C 55.43420 4.13107 5.29070
C 52.12980 4.47925 5.65701
C 50.06820 6.97037 5.39120
C 59.93550 0.49851 5.12653
C 58.78290 3.41144 4.98364
C 57.65360 6.37054 4.94666
C 59.83750 8.70595 3.95513
C 70.69670 9.05116 0.78826
C 68.52800 9.62355 1.08959
C 64.79800 10.81300 2.26561
C 60.60290 11.26400 2.16906
C 70.98440 12.37700 1.79646
C 67.81510 12.18990 2.47416
C 65.92130 14.44300 2.78197
C 62.71430 13.63570 2.66520
C 63.40550 16.79540 2.47501
C 62.17480 19.66010 3.37633
C 63.40850 22.30080 2.83519
C 60.28500 23.08130 3.29379
C 53.93120 7.51009 4.60368
C 51.68730 9.71192 4.75341
C 56.96110 9.69884 4.63792
C 57.34730 13.43020 4.19274
C 59.98780 15.03330 3.20648
C 59.30760 18.60330 2.90737
C 57.11860 19.43700 2.35215
C 56.95750 22.52260 1.91948
C 56.85320 1.08782 5.42505
C 53.70120 1.51104 5.92730
C 50.44570 1.62690 6.14665
C 69.34140 95.50160 4.07518
C 66.22870 -0.95482 4.60303
C 63.06510 -0.16518 4.84340
C 71.47280 0.34431 3.44143
C 68.30690 1.24470 3.93460
C 65.13020 1.98078 4.27653
C 61.95340 2.74109 4.58290
C 70.38940 3.47210 3.41258
C 67.15850 4.25028 3.66339
C 64.18620 5.08259 4.00667
C 61.10200 5.78163 4.42761
C 72.50020 5.66284 3.28067
C 69.08060 6.48480 3.34742
C 66.12480 7.39804 3.28134
C 63.02600 8.25294 3.60344
C 72.35670 15.37080 2.30524
C 69.24150 14.96700 2.38184
C 70.32940 17.95520 2.49315
C 67.21310 17.40370 2.75255
C 71.23130 21.16870 2.40590
C 68.17680 20.51070 2.49239
C 65.07260 19.72240 2.68144
C 54.13600 11.54360 4.64642
C 51.51290 13.19980 4.13233
C 54.14910 14.82710 3.81310
C 51.34560 16.36230 3.36814
C 56.65670 16.60880 3.51100
C 54.10820 17.91350 2.91680
C 51.30050 19.37340 2.52304
C 54.13110 20.84340 2.31566
C 51.05630 22.45410 1.87833
C 73.31370 27.21320 -1.04795
C 62.92520 25.13770 0.11584
C 70.53330 28.46100 -1.86964
C 67.23340 28.42500 -1.54685
C 64.29570 28.08300 -0.91945
C 59.56020 25.53230 -0.31755
C 56.38900 26.26750 -0.71894
C 53.16560 26.96310 -0.89941
C 61.39450 28.18100 -0.46207
C 51.98660 29.76660 -0.74574
C 63.27090 31.07750 -0.73810
C 65.50590 34.07680 -0.63249
C 64.03330 36.91830 -0.73212
C 62.59200 39.69800 -0.68320
C 49.74830 40.47580 -1.90347
C 61.12410 42.56880 -0.79920
C 57.97060 42.91380 -0.92056
C 51.63040 43.30380 -2.65561
C 56.78090 46.13340 -0.42877
C 53.50900 46.24990 -1.18852
C 51.06950 24.56110 -2.30396
C 70.65520 31.49110 -0.50231
C 67.80240 31.15510 -2.35250
C 69.06420 33.91870 -0.42491
C 67.33870 36.67220 -0.63381
C 65.84730 39.66820 -0.67594
C 64.27350 42.39510 -0.74882
C 62.81890 45.19330 -0.89052
C 49.76140 43.36900 -3.42082
C 72.33200 24.16910 -0.98179
C 69.06300 23.32270 -0.98456
C 65.86850 22.73490 -0.70037
C 69.89440 26.59380 -1.19910
C 66.48400 25.60270 -0.90769
C 58.30360 28.81910 -0.56137
C 55.20970 29.38220 -0.67739
C 60.09090 31.30400 -0.57811
C 57.08890 31.86280 -0.65795
C 53.76720 32.16800 -0.75079
C 50.53950 32.39630 -0.73141
C 62.21070 34.05300 -0.61989
C 58.98730 34.31650 -0.75391
C 55.81790 34.66570 -0.89785
C 52.40480 34.94330 -0.96515
C 60.93530 36.97530 -0.74166
C 57.64040 37.26940 -0.96816
C 54.39210 37.47990 -1.21503
C 51.03480 37.62210 -1.32128
C 59.49530 39.92620 -0.90344
C 56.37210 40.09950 -1.18401
C 53.31170 40.25000 -1.70365
C 54.74910 43.16810 -1.37174
C 54.08390 23.87430 -0.94141
C 72.26060 34.42310 -0.95754
C 70.51010 36.86690 -0.59708
C 72.18980 39.64160 -0.68313
C 68.94720 39.59500 -0.67233
C 70.59730 42.44080 -0.70967
C 67.48950 42.44130 -0.68637
C 72.34860 45.20380 -0.74910
C 69.16700 45.18000 -0.88160
C 65.91810 45.22910 -0.86782
H 64.40450 23.50880 1.01168
H 61.83670 23.47570 1.47964
H 71.38270 27.80280 0.39863
H 64.83500 26.55780 0.61750
H 69.06350 29.81280 -0.61785
H 66.07570 29.50100 0.19217
H 58.80450 23.98230 1.47249
H 55.74980 24.45330 0.83615
H 61.26600 26.57500 1.17717
H 54.84880 27.45020 0.77347
H 51.73790 27.95490 0.96409
H 63.12180 29.31790 0.95038
H 50.49220 30.68920 1.04277
H 64.78240 32.18570 0.91855
H 63.87030 35.08850 0.88591
H 62.48740 37.88630 0.90379
H 49.40260 38.95080 0.11265
H 60.98690 40.72250 0.89066
H 51.67080 41.54790 -1.00110
H 59.63800 43.69530 1.01431
H 56.48170 43.81640 0.31800
H 53.26850 44.25670 0.40493
H 52.74310 25.16960 0.69077
H 50.76220 26.34400 -1.52996
H 72.38210 32.35050 0.31322
H 69.29020 32.28380 1.48102
H 67.22060 32.28540 -0.82200
H 67.23150 34.91370 0.95152
H 65.67330 37.76840 0.91308
H 64.21190 40.57500 0.92846
H 62.72430 43.36500 0.88930
H 49.42430 43.74270 -1.07580
H 72.59990 22.46590 0.80696
H 70.43730 24.77920 0.42449
H 67.40890 23.99960 0.69052
H 68.08250 26.98370 0.24359
H 58.02070 26.96890 1.04369
H 59.99510 29.55700 1.11283
H 56.84660 30.05030 0.97361
H 53.65870 30.36620 0.93187
H 61.78470 32.19100 0.91536
H 58.70010 32.59660 1.02431
H 55.49810 32.97690 0.82451
H 52.24150 33.27850 0.80133
H 60.60900 35.17830 0.85892
H 57.42330 35.51460 0.73911
H 54.12530 35.80420 0.57633
H 50.80090 36.07540 0.54649
H 59.27280 38.05790 0.70584
H 55.97390 38.36120 0.46796
H 52.71270 38.66850 0.19588
H 57.85630 40.92860 0.63381
H 54.65140 41.25890 0.14926
H 50.16190 23.59280 -0.09668
H 70.60670 35.02850 1.00656
H 72.11920 37.84110 0.97848
H 68.86240 37.77790 1.01750
H 70.55540 40.58640 0.93701
H 67.39290 40.61740 0.98628
H 72.26780 43.32470 0.85658
H 69.06270 43.46280 0.89473
H 65.84950 43.38210 0.87635
C 73.23860 27.52150 2.11114
C 63.21310 25.35550 1.95658
C 71.67450 30.02480 1.15673
C 68.15290 29.10360 1.49314
C 65.08040 28.45460 2.16458
C 59.49240 25.96480 2.81636
C 56.15540 26.25320 2.47739
C 53.27830 26.72710 2.50420
C 61.61580 28.53680 2.70383
C 52.04350 29.74660 2.69378
C 63.27820 31.19590 2.59305
C 65.48090 34.07900 2.47737
C 63.98490 36.89980 2.55427
C 62.57650 39.74800 2.49944
C 49.30170 41.40840 -0.20255
C 60.91550 42.66650 2.50405
C 57.58660 42.76790 2.29365
C 51.47890 43.74470 0.23024
C 56.67770 45.99640 1.51521
C 52.97540 46.12260 2.13328
C 50.40760 25.81150 0.98013
C 70.46040 30.65910 2.85368
C 67.05860 31.33420 1.49769
C 68.92950 34.14600 2.67052
C 67.19170 36.77240 2.59357
C 65.81460 39.63020 2.56383
C 64.30200 42.42720 2.53558
C 62.81280 45.25810 2.53520
C 49.07960 46.04120 -0.62093
C 72.14350 24.43430 2.22305
C 69.23830 23.64390 2.23554
C 66.18480 22.89300 2.48593
C 69.98550 26.77760 1.85671
C 66.77420 25.94630 2.03081
C 58.17320 28.86980 2.63706
C 55.14940 29.19310 2.47525
C 60.18610 31.50530 2.64482
C 56.87980 31.92990 2.55877
C 53.74730 32.29200 2.43127
C 50.55880 32.72090 2.50013
C 62.18450 34.12810 2.38800
C 58.86000 34.55850 2.46166
C 55.63190 34.92290 2.30037
C 52.33860 35.25480 2.24469
C 60.72710 37.09090 2.40792
C 57.43600 37.41480 2.22733
C 54.03220 37.89550 1.96557
C 50.72060 38.28980 1.78066
C 59.22900 39.86950 2.37869
C 55.88660 40.29780 1.99167
C 52.46800 40.88920 1.23755
C 54.58130 43.14140 1.85742
C 53.96660 23.79750 2.30872
C 72.13960 33.70020 2.40240
C 70.51130 36.83760 2.61370
C 72.18690 39.72010 2.57810
C 68.97850 39.67300 2.60946
C 70.63090 42.50340 2.48517
C 67.47090 42.53350 2.51511
C 72.27620 45.20420 2.48498
C 68.93600 45.39000 2.38039
C 65.84170 45.45870 2.25635
C 52.98960 60.14010 -0.70435
C 50.22970 60.69080 -0.76821
C 59.28180 64.29970 0.61755
C 56.05220 63.80790 -0.06290
C 49.73730 63.48780 -1.14676
C 60.45090 67.29320 0.84464
C 64.79080 70.92920 1.60703
C 61.48930 70.27720 1.22123
C 67.05130 48.47260 -0.29395
C 63.43520 48.25460 -0.67500
C 72.22340 50.75810 -0.76005
C 69.31670 52.56670 0.44891
C 73.44380 53.72700 1.51785
C 73.12770 67.50360 0.94606
C 51.79010 47.41510 -1.47686
C 52.21690 51.00320 -0.40614
C 51.26270 54.31690 -0.94301
C 51.03610 57.60000 -0.62705
C 60.12260 46.85290 -0.66557
C 64.42030 51.15810 0.50156
C 61.10330 50.52450 -0.38407
C 58.09000 49.68620 -0.91502
C 69.99800 55.30760 2.49623
C 67.30820 53.07840 3.56913
C 65.06580 54.10960 1.29343
C 55.65190 52.30410 -0.80280
C 72.33830 58.22530 2.81992
C 53.29080 54.49930 -0.60844
C 57.60100 58.23290 -0.12120
C 54.53030 57.54270 -0.45791
C 61.83580 61.72940 0.72075
C 58.89770 61.18030 0.03691
C 71.51420 66.14810 1.14466
C 62.59220 64.80280 1.07021
C 70.37660 69.45880 2.07228
C 66.74010 68.50380 1.52675
C 63.63100 67.77180 1.37721
C 52.73910 63.26790 -0.21525
C 57.21400 66.77540 0.42173
C 54.09050 66.62120 -0.10534
C 50.88710 66.46230 -0.57247
C 58.36770 69.81370 0.85788
C 55.16620 69.55590 0.46086
C 52.04240 69.26400 -0.00112
C 70.70540 48.02740 -0.80848
C 49.13080 49.40590 -1.51094
C 48.64200 52.40920 -1.19698
C 54.91620 49.12270 -1.09547
C 62.07640 53.45970 0.34591
C 58.87060 52.92450 -0.39082
C 68.99590 57.19520 2.59548
C 66.05980 56.77920 1.71607
C 62.92580 56.42950 0.80443
C 59.81840 55.81130 0.09717
C 56.44630 55.30300 -0.34650
C 70.04680 60.34640 2.18238
C 66.89030 59.74590 1.79871
C 63.93780 59.34250 1.13406
C 60.87890 58.75080 0.39549
C 70.60180 63.33160 1.50366
C 67.70190 62.67530 1.66969
C 64.84980 62.27980 1.37689
C 68.53790 65.81150 1.48660
C 65.67930 65.26910 1.46303
H 71.97510 55.84880 3.94706
H 54.61620 61.79690 0.38659
H 51.78860 61.36330 1.00842
H 48.80840 62.09220 0.66517
H 60.61880 65.39770 2.39235
H 57.24460 64.77180 1.97515
H 61.67480 68.35750 2.78117
H 54.76090 47.23550 0.73192
H 64.05550 46.19710 0.61946
H 69.25110 48.91220 1.15230
H 64.43970 49.19510 1.46143
H 71.73610 51.90380 0.93699
H 50.66710 49.08670 0.10355
H 50.42830 52.55360 0.52054
H 49.95110 55.73660 0.66565
H 49.55460 58.95530 0.86575
H 61.41740 48.35510 0.83669
H 58.20090 47.82310 0.60478
H 64.96080 52.09330 2.99362
H 62.17850 51.41720 1.67405
H 56.05030 50.20100 0.47917
H 68.77830 55.81800 4.78097
H 65.84330 55.05130 3.46853
H 53.72640 52.55440 0.78912
H 70.25620 58.63340 4.18188
H 54.60800 55.74450 1.30202
H 71.05630 61.70450 3.35225
H 55.67150 58.87140 1.46601
H 52.70110 58.37050 1.01679
H 72.10690 64.62830 3.10258
H 59.83820 62.35340 2.03515
H 57.10500 61.70230 0.90605
H 70.06070 67.14870 2.88454
H 63.77040 65.90840 2.93116
H 67.96290 69.62850 3.03849
H 64.85120 68.99670 3.12764
H 54.11950 64.63890 1.29402
H 50.86130 64.42910 0.83247
H 58.49930 67.80980 2.32046
H 55.37760 67.51850 1.85796
H 52.19660 67.18840 1.38842
H 56.52520 70.47380 2.31381
H 53.28860 70.05930 1.98161
H 50.13680 69.65890 1.48295
H 70.69660 46.13450 0.81992
H 67.42590 46.23000 0.50922
H 72.40490 48.75030 0.82586
H 59.06860 50.87920 1.03768
H 62.96880 54.53440 2.37114
H 59.99370 53.87160 1.59796
H 56.90920 53.31400 1.07813
H 66.92290 58.12820 3.59442
H 63.96170 57.52410 2.72774
H 60.88340 56.89060 2.00480
H 57.81430 56.32370 1.45558
H 67.99330 61.06010 3.51607
H 64.91590 60.52330 3.04629
H 61.88060 59.90510 2.28596
H 58.86970 59.29310 1.65684
H 68.97650 64.10390 3.18279
H 65.93400 63.57420 3.13436
H 62.85000 62.92130 2.61530
H 66.89610 66.59170 3.16040
C 53.68800 60.34450 2.20183
C 49.93620 60.80930 2.46694
C 58.97700 63.98920 3.68319
C 55.52410 62.98070 2.45219
C 48.46960 64.37850 1.45667
C 60.07480 67.08450 4.11836
C 64.40450 70.78190 4.90043
C 61.22800 70.12510 4.43884
C 66.79000 48.50460 1.65619
C 62.93050 47.41460 2.57876
C 72.24130 50.64350 2.52925
C 69.29300 51.32540 2.00783
C 73.16830 53.65960 3.66009
C 73.75950 67.41020 3.14274
C 51.19450 47.11910 1.79885
C 51.97800 50.85090 1.41830
C 51.01830 54.13340 2.29998
C 50.83470 57.36060 2.31175
C 60.01280 46.21980 1.18201
C 63.60270 50.46900 3.61145
C 60.55770 49.83620 2.71712
C 57.63190 49.12400 2.18631
C 70.79280 55.48250 6.25052
C 67.22070 53.96530 5.32650
C 63.95290 53.86650 4.55462
C 55.37170 51.77880 2.33542
C 71.44690 57.37120 5.98282
C 53.06920 54.08460 2.51991
C 57.12470 58.16520 3.06282
C 54.10030 57.24970 2.85189
C 61.18130 61.64120 3.88186
C 58.09060 61.05250 3.15273
C 72.13130 66.84080 4.25062
C 62.09910 64.60960 4.20723
C 70.39350 69.38600 3.87199
C 66.55010 68.40590 4.84529
C 63.30310 67.69510 4.53762
C 52.30890 63.32130 2.41548
C 56.82220 66.50350 3.65531
C 53.68920 66.22300 3.11932
C 50.50860 66.04700 2.68310
C 58.03890 69.55140 4.04968
C 54.87170 69.17770 3.61195
C 51.59280 68.75770 3.22676
C 70.71730 47.96400 2.55102
C 48.63780 48.89650 1.72131
C 48.51200 52.16260 2.03912
C 54.50930 48.83230 2.04343
C 61.40050 52.95660 3.38834
C 58.45990 52.40180 2.84817
C 68.24540 57.79600 5.70105
C 65.15760 56.97450 4.83583
C 62.26000 56.25100 3.91063
C 59.26430 55.50460 3.25829
C 56.34720 54.91950 2.89762
C 69.71640 60.64890 5.30887
C 66.31860 60.06830 4.98419
C 63.21430 59.27900 4.23322
C 60.23810 58.66180 3.56777
C 70.70020 63.67410 4.91642
C 67.56750 63.08680 4.87409
C 64.30480 62.36950 4.47580
C 68.81040 66.11180 4.64714
C 65.40010 65.40670 4.70088
C 70.47260 85.96510 0.94743
C 66.67030 84.64630 2.25448
C 65.43180 87.04430 5.33280
C 62.39250 88.50910 3.32696
C 61.54940 91.25370 2.86230
C 58.42740 91.32460 3.77507
C 57.63000 94.96210 2.55114
C 49.26630 75.62640 1.74823
C 51.28700 77.06860 4.11548
C 55.66970 80.05080 2.05855
C 61.88190 83.91140 0.97012
C 49.38070 89.86360 4.00344
C 60.29150 86.76800 3.67644
C 57.31140 88.07010 4.04700
C 52.21120 90.96400 4.59378
C 58.79720 90.30840 5.68820
C 54.78020 93.48740 3.88982
C 65.89560 74.26540 2.64090
C 49.37760 71.93790 0.77551
C 63.69300 76.00600 1.23744
C 54.15590 74.95690 1.17136
C 51.07650 74.92500 1.15866
C 64.82430 78.38540 0.88155
C 61.72060 78.62810 1.46041
C 58.44670 78.52100 1.72963
C 54.70290 78.20250 1.89591
C 66.98400 81.72930 0.79085
C 63.71540 81.26240 1.05902
C 63.38760 84.35500 2.33160
C 73.13550 71.24540 1.32669
C 70.37710 72.77440 1.42478
C 70.09220 76.15620 1.39705
C 68.44970 73.30080 1.12184
C 70.07740 79.62530 1.30682
C 70.28280 82.88090 1.21485
C 70.14750 88.98810 1.13375
C 67.24330 89.21800 2.61712
C 64.39670 90.39360 2.71318
C 69.39310 92.00580 1.12539
C 66.50250 92.70180 1.88735
C 63.62180 93.57330 2.19417
C 60.62570 94.26280 2.39957
C 71.56810 94.38290 0.36137
C 49.26500 79.61260 2.78196
C 52.37390 80.89390 3.61120
C 49.34960 82.78210 2.90649
C 59.46970 81.60930 2.90945
C 55.15580 83.06460 3.02174
C 52.01120 84.40720 3.30052
C 49.42060 86.14520 3.13914
C 57.78620 84.85910 3.55403
C 54.82610 86.11900 3.79821
C 52.20270 87.67050 3.80261
C 54.77050 89.43560 4.46088
C 62.52820 73.12790 1.34193
C 59.46830 72.80380 1.22863
C 56.40760 72.47930 0.93565
C 53.26200 72.11520 0.55897
C 60.43900 75.73400 1.52161
C 57.28250 75.51050 1.31486
C 73.01350 74.49500 1.05470
H 49.41680 94.14700 5.00366
H 68.82650 84.60180 2.42758
H 62.11300 86.94380 5.44687
H 70.20340 87.34760 3.05307
H 67.03280 86.93460 3.64087
H 64.26730 89.18600 4.92735
H 61.17650 89.98080 4.98073
H 60.32170 92.86880 4.39419
H 57.25570 93.41080 4.65586
H 50.79030 79.34030 4.80640
H 54.72210 81.20340 4.18093
H 61.89840 82.19380 2.78553
H 57.16720 83.09380 4.68352
H 59.67030 84.95440 5.34801
H 59.19880 87.85350 5.67025
H 56.58690 89.27640 6.07833
H 53.80130 90.63510 6.44290
H 50.06350 91.49440 5.81374
H 65.98590 71.89830 3.78069
H 62.82750 71.33920 3.02073
H 63.94950 74.24690 2.92755
H 51.46170 72.61460 1.89718
H 65.66750 76.86650 2.72800
H 55.72910 76.07050 2.91334
H 52.63910 75.28670 3.27447
H 66.54520 79.69100 2.37672
H 63.64400 79.43800 2.79376
H 60.45640 79.34010 2.96553
H 57.62290 80.03140 3.56359
H 65.08280 82.47720 2.39887
H 71.57360 71.36370 3.09478
H 68.93040 72.38940 3.48810
H 68.23570 75.15780 2.78591
H 68.60300 77.95550 2.50985
H 71.84450 84.42240 2.28532
H 68.77740 81.37470 2.43457
H 52.61110 93.40070 5.28690
H 69.36940 90.42840 3.02632
H 66.43290 91.26520 3.81282
H 63.42120 92.13080 4.14220
H 71.49500 92.70230 2.17440
H 68.57380 93.49960 2.88326
H 65.59440 94.32420 3.45859
H 62.49630 95.06920 3.76045
H 50.98130 82.65450 4.77125
H 53.96520 84.39120 4.88588
H 51.03940 85.87560 5.08385
H 56.71480 86.11840 5.43898
H 53.84620 87.50720 5.66361
H 51.09490 88.99480 5.51661
H 59.63520 70.86530 2.70750
H 60.86460 73.78460 2.97205
H 57.73720 73.48810 2.77304
H 54.60490 72.95290 2.50575
H 62.17830 76.75010 3.00628
H 58.96400 76.44790 2.99122
H 71.32730 74.52030 2.83628
H 71.48720 77.92430 2.38742
H 71.68490 81.19610 2.32875
C 71.64760 86.23530 4.02535
C 68.60610 86.06830 4.60637
C 66.24110 87.32930 6.95115
C 62.56660 89.07100 6.86375
C 61.97380 92.06170 6.13838
C 55.54380 93.17430 7.91217
C 57.92510 95.18990 5.77114
C 49.46920 76.01950 4.06231
C 51.62380 77.23320 6.15347
C 56.05250 79.39300 5.41175
C 61.08170 83.61510 4.72799
C 48.80800 89.42470 6.25316
C 60.43050 86.35520 7.32503
C 57.43560 87.43670 7.38159
C 51.58200 90.43470 7.48162
C 56.01050 91.76090 6.24557
C 53.43260 92.78780 7.65369
C 66.33330 73.62440 5.71750
C 49.25150 71.66020 2.63386
C 63.99390 76.10190 4.53766
C 54.37920 74.48420 4.47962
C 51.49380 73.17550 4.26657
C 65.26010 78.75900 4.47553
C 62.16010 78.63500 4.56133
C 59.04850 78.25430 4.68934
C 55.25420 77.49530 5.07706
C 66.93510 81.66910 4.06513
C 63.53850 81.43420 4.30322
C 64.08690 85.43450 5.52640
C 73.64400 71.42700 4.56198
C 71.04840 73.10450 4.77868
C 70.17230 76.42140 3.85013
C 68.26490 74.22030 5.14868
C 70.20060 79.67720 3.52246
C 70.35630 82.90460 3.52272
C 71.13270 89.32490 4.36337
C 67.73980 89.32790 4.49629
C 64.94100 91.06560 5.84187
C 70.23840 92.38390 4.27797
C 67.24540 93.29830 4.94069
C 64.10860 94.13660 5.32393
C 60.98030 94.88990 5.66922
C 72.29460 94.57970 3.45499
C 49.06960 79.58340 6.11936
C 52.59750 80.89600 5.47865
C 49.19650 82.67310 6.14204
C 59.07670 81.59490 4.97328
C 55.21530 82.64950 6.19927
C 52.07380 84.10030 6.49769
C 48.88230 86.14930 6.21922
C 57.71520 84.33690 6.83200
C 54.81420 85.63440 6.91578
C 51.86180 87.25300 7.06670
C 54.65850 88.81030 7.63978
C 62.52940 73.16550 4.61024
C 59.35680 72.61420 4.42385
C 56.26670 72.13510 4.12653
C 52.91550 71.76620 3.76174
C 60.73640 75.60690 4.56098
C 57.54480 75.17570 4.55365
C 73.39760 74.89060 4.19038
C 89.29560 2.13637 -2.93985
C 93.31060 4.78543 -3.50598
C 89.94930 4.75172 -0.91869
C 94.60730 7.76640 -4.00445
C 82.16770 0.16270 -2.19335
C 79.12110 0.74712 -1.74248
C 78.30650 4.15115 -0.82014
C 75.65670 5.32961 -0.01812
C 74.40900 8.66398 0.63965
C 71.18420 9.59860 -2.58118
C 73.75750 14.25550 -1.68584
C 75.96030 16.24910 -0.12981
C 76.77650 19.40530 -0.04485
C 86.00520 1.98240 -1.59561
C 82.91740 2.95128 -0.48007
C 81.19220 5.17281 -1.84272
C 85.58350 5.26080 -1.84703
C 80.00580 8.14109 -1.75012
C 77.06640 9.22872 -1.50511
C 92.15600 7.63984 -2.08537
C 88.20410 7.45400 -1.97053
C 76.69890 12.34900 -1.42449
C 94.81020 9.42178 -2.62587
C 79.10670 14.35230 -1.57823
C 0.74483 11.35180 -4.52008
C 80.72800 16.88400 -0.18302
C -0.35803 14.55960 -2.92035
C 79.69250 20.17890 -1.63675
C 94.74880 18.16590 -2.13350
C 92.11560 18.39990 -1.24758
C 89.12230 19.50430 -1.55405
C 85.85800 21.11270 -0.43372
C 0.29040 20.09500 -2.29977
C 95.16970 22.87620 -2.14761
C 0.57120 -0.55265 -3.87339
C 94.27150 -0.81302 -3.79919
C 90.87870 -0.74128 -3.50739
C 87.52790 -0.71253 -3.04545
C 95.48170 2.12488 -3.93811
C 92.26910 1.95868 -3.36516
C -0.14893 5.12717 -4.24291
C 79.95620 95.17600 -1.69835
C 76.80620 95.79900 -0.99709
C 73.73380 -0.68044 -0.33207
C 76.10110 1.61854 -1.11455
C 73.22290 2.61142 -0.23161
C 73.58040 18.78030 -0.59744
C 74.54460 21.74000 -0.55119
C 82.70880 6.58666 -1.58778
C 85.26520 8.73387 -1.80920
C 82.51250 10.01240 -1.66818
C 79.56900 11.27880 -1.48565
C 90.09260 9.71011 -2.44865
C 87.68570 11.02350 -1.91016
C 84.90380 12.20330 -1.63960
C 82.10990 13.06810 -1.60391
C 92.16460 12.14280 -2.82740
C 90.20500 12.97170 -2.02501
C 87.21570 14.28810 -1.67081
C 84.18520 15.42340 -1.37966
C 92.88430 15.25550 -1.77985
C 89.84380 16.24710 -1.63650
C 86.73950 17.41210 -1.44422
C 83.61500 18.67810 -1.31718
H 89.45790 -0.01838 -1.68096
H 91.15440 2.63219 -1.28297
H 88.23050 2.86801 -0.74269
H 95.22420 5.90239 -2.48789
H 92.23770 5.62110 -1.35600
H 85.10010 95.10820 -1.16890
H 84.03210 0.77233 -0.63845
H 81.04640 1.34762 -0.18481
H 77.91510 2.14313 -0.10807
H 77.58630 4.80156 1.67426
H 74.10660 6.34188 1.79624
H 75.51440 13.77350 -0.01340
H 76.65510 17.75680 1.74128
H 77.77820 20.65980 1.93210
H 85.16570 3.88735 -0.22931
H 82.20790 5.15629 0.44570
H 79.43270 6.43556 -0.52926
H 87.75230 5.95102 -0.58922
H 76.01880 10.57130 0.27822
H 90.18320 8.06142 -0.62004
H 78.52450 12.68190 0.18093
H 0.42857 9.50129 -2.57875
H 92.51350 10.11090 -1.69665
H 78.38220 15.84250 -0.06715
H 79.26200 18.87270 -0.01827
H 94.87670 15.69790 -1.48590
H 82.37550 19.62150 0.74182
H 80.26440 21.80090 0.39263
H 94.17600 18.13170 0.38976
H 91.28700 19.54740 -0.02524
H 88.32280 20.67520 0.12076
H 0.04004 17.87160 -1.08551
H 95.31070 20.47030 -1.19114
H 95.86900 0.31760 -2.29511
H 92.72530 -0.01602 -2.02257
H 0.28154 3.28035 -2.60846
H 94.13330 2.92867 -2.04683
H 73.68760 94.98120 1.47887
H 82.03250 95.65970 -0.53713
H 78.86090 -0.87071 0.11292
H 75.83960 -0.07045 0.71076
H 72.91450 0.78524 1.49244
H 74.99720 3.07230 0.75024
H 73.76910 16.85050 0.89191
H 74.75590 20.03800 1.22417
H 76.64250 7.57253 0.40929
H 84.77360 7.00011 -0.23394
H 81.89490 8.30427 -0.11397
H 78.94700 9.50888 0.05122
H 87.27060 9.17389 -0.42733
H 84.40480 10.35340 -0.18526
H 81.43840 11.38330 0.03306
H 89.70230 11.18790 -0.55271
H 86.81060 12.42450 -0.15034
H 83.81490 13.48610 0.12768
H 81.03230 14.43820 0.12307
H 92.17400 13.18130 -0.45554
H 89.18310 14.38910 -0.18690
H 86.20160 15.58850 0.14380
H 83.20590 16.61440 0.14624
H 91.61870 16.37080 0.08533
H 88.69490 17.55680 0.01827
H 85.55720 18.72160 0.27805
C 89.53580 1.55778 0.34608
C 94.04480 4.81264 -0.41648
C 90.51190 4.94436 1.44935
C 95.02760 7.65711 -0.75288
C 82.96310 0.05951 1.10584
C 79.67730 1.09860 1.47233
C 77.62340 3.10558 3.48541
C 76.55160 6.45732 2.80210
C 74.18980 8.62430 2.80874
C 71.27250 9.05299 2.81833
C 73.88480 11.89980 0.40839
C 75.65860 15.49370 1.78565
C 75.99970 19.55600 3.34038
C 86.15260 1.77426 0.35188
C 83.37440 3.31721 1.40558
C 80.08500 5.13891 1.65998
C 86.05640 5.53378 1.33413
C 80.06920 7.88132 1.45183
C 77.38210 9.51660 1.94814
C 91.56160 6.71272 0.88184
C 88.59090 7.71863 1.08465
C 76.70220 12.43220 1.78694
C -0.15607 8.46948 -0.20686
C 79.18950 14.34450 1.81307
C 1.99887 10.82190 -1.09846
C 78.54230 17.36810 2.08496
C -0.62989 13.52920 -1.37409
C 80.20340 19.91550 2.10732
C 94.91930 15.78480 1.08376
C 92.19580 18.01870 1.87977
C 89.24410 19.36780 1.66896
C 86.06950 20.89550 1.42471
C -0.63105 19.34700 0.86204
C 94.96430 21.90990 0.92624
C 0.64492 -0.38602 -0.66701
C 94.56900 -0.82309 -0.58681
C 91.25760 -0.99977 -0.31239
C 87.13640 -0.71281 -1.15263
C 96.03650 2.22429 -0.69130
C 92.83170 1.74921 -0.26187
C 0.28466 5.23349 -1.07816
C 80.63190 95.32800 1.40763
C 77.54070 96.18120 2.14376
C 74.57330 -0.46103 2.78174
C 76.72980 1.88042 2.06611
C 73.70310 2.68283 2.88000
C 73.32430 18.55130 2.57406
C 74.17030 21.99190 2.60637
C 83.10730 6.98197 1.61848
C 85.57440 8.78613 1.26702
C 82.70170 9.93411 1.49948
C 79.65560 11.18760 1.66281
C 91.33680 9.81554 0.63571
C 88.04340 10.83240 1.18085
C 85.11350 11.97040 1.50065
C 82.13440 12.93160 1.77148
C 93.80470 11.75640 -0.02911
C 90.48460 12.76240 1.17091
C 87.48990 14.01430 1.54690
C 84.45620 15.17100 1.81846
C 93.07100 14.90590 1.20107
C 89.80380 16.00800 1.59207
C 86.83700 17.42160 1.72382
C 83.70950 18.38190 2.04138
C 82.01410 47.33480 0.01946
C 90.96610 45.23800 -1.92814
C 0.77543 46.80720 -3.21766
C 84.48660 24.27420 -0.80389
C 81.22250 23.96430 1.28087
C 89.63370 26.02830 -1.18868
C 86.62770 26.85860 -1.06485
C 80.05610 27.19410 -0.07487
C 88.64200 29.08840 -0.98798
C 78.86170 30.71070 -0.68563
C 90.68910 31.43430 -1.05997
C 77.81500 33.83320 -0.76126
C 92.79500 33.85110 -1.26212
C 79.99900 36.30300 -0.98410
C 94.71020 36.29830 -1.36718
C 82.17270 38.69460 -1.19393
C 84.19640 41.14600 -1.23300
C -0.87877 41.62520 -1.69388
C 92.72460 42.34490 -1.61791
C 89.16510 43.02310 -1.23548
C 85.95110 43.85640 -0.39998
C 83.89400 44.39190 -0.28646
C 95.31700 44.64220 -1.86832
C 77.82690 22.44650 0.07120
C 78.83790 25.39710 -0.31201
C 76.61680 28.15440 -0.68302
C 75.01160 30.92560 -1.95580
C 73.76400 34.19740 -2.45639
C 76.81040 36.69220 -0.77243
C 78.77150 39.46610 -0.89571
C 80.77210 42.18140 -0.46100
C 79.11990 45.30880 -0.58147
C 82.47500 21.66840 -0.84516
C 88.52710 23.27070 0.31134
C 93.14340 25.48100 -1.20303
C 89.67970 23.87030 -1.40041
C 91.81010 28.54940 -1.18178
C 94.03710 31.04450 -1.20005
C 96.09090 33.50520 -1.05557
C 83.29150 27.19230 -0.65449
C 85.34420 29.57950 -0.97265
C 82.11680 30.11950 -0.72850
C 87.58120 32.13530 -1.14956
C 84.31160 32.59060 -1.10413
C 81.04820 33.09320 -0.98313
C 89.50270 34.46900 -1.17708
C 86.42940 35.06790 -1.15643
C 83.19140 35.68100 -1.21423
C 91.63220 36.89970 -1.36577
C 88.49890 37.41430 -1.26560
C 85.46840 38.08090 -1.16507
C 0.22551 38.71470 -1.35185
C 93.81950 39.43430 -1.42664
C 90.63560 39.96500 -1.36568
C 87.45840 40.40460 -1.24543
C 75.45530 24.69450 -0.79831
C 73.74650 36.95550 -0.65101
C 75.44120 39.60580 -0.71399
C 77.16900 42.48540 -0.82525
C 73.93350 42.44340 -0.72676
C 75.63110 45.23130 -0.72981
C -0.21237 25.42520 -1.43518
C 95.27490 28.22580 -1.31578
C 0.42244 30.75710 -1.02104
H 84.38590 46.76530 0.17544
H 93.29270 45.71390 -1.05771
H 86.36330 24.73990 0.41679
H 83.26070 25.40750 1.26261
H 88.34230 27.22530 0.67385
H 82.04910 28.43830 1.09601
H 78.61280 29.03990 0.66240
H 90.43340 29.65630 0.64869
H 79.74510 34.43070 0.62296
H 94.46590 34.62770 0.36994
H 81.85490 36.91550 0.49818
H -0.52452 36.99170 0.18196
H 83.98680 39.23880 0.36202
H 95.62540 39.96460 0.16977
H 83.04480 42.29050 0.48925
H 94.59320 42.97970 -0.13925
H 91.27780 43.59170 -0.09616
H 88.14960 44.02660 0.79253
H 85.16100 44.23050 1.95987
H 78.73010 24.01760 1.81984
H 76.72610 26.13990 0.46620
H 74.48860 28.53780 0.65099
H 75.35730 33.15440 -0.80551
H 76.79840 35.08940 1.12039
H 78.62540 37.53600 0.64245
H 80.82720 39.89250 0.49995
H 78.69490 43.18080 0.48740
H 84.18250 22.36900 0.86665
H 93.67440 23.09810 -0.85189
H 91.50180 26.76950 0.13981
H 93.69660 29.15510 0.37796
H 95.69120 31.68870 0.50145
H 85.23140 27.81250 0.76549
H 87.18810 30.33310 0.51211
H 84.03650 30.85770 0.67845
H 80.76900 31.42770 0.86021
H 77.57470 32.13670 1.20595
H 92.53070 32.12940 0.41018
H 89.30170 32.71290 0.49418
H 86.10660 33.27200 0.45202
H 82.91990 33.88590 0.46308
H 91.35850 35.11680 0.24784
H 88.18160 35.71750 0.45769
H 84.96030 36.24940 0.42247
H 93.38370 37.61190 0.14949
H 90.28290 38.12180 0.19704
H 87.20200 38.66620 0.45786
H 92.42600 40.64270 0.16765
H 89.23570 41.09160 0.30168
H 86.09700 41.58610 0.36573
H 75.77460 23.10250 1.11800
H 73.59900 25.47130 0.68622
H 73.73650 35.07580 1.03237
H 75.39910 37.79240 0.97896
H 77.12850 40.48670 0.78436
H 73.81320 40.58070 0.90680
H 75.53330 43.30910 0.92412
H -0.26346 23.24560 -0.14994
H 95.24010 26.14680 -0.01585
H 0.04216 28.78950 0.39047
C 83.96610 46.09120 2.73049
C 92.03810 45.61570 1.16658
C -0.52165 48.77470 0.16903
C 85.00340 23.98810 2.58017
C 80.65400 23.90200 3.34326
C 89.94320 25.81920 1.88569
C 86.69050 26.52480 2.37107
C 80.18240 27.40060 1.88592
C 88.59180 29.18070 2.21615
C 79.15470 30.61220 2.56508
C 90.78170 31.58130 2.09091
C 78.32340 33.79780 2.63695
C 92.72130 33.99010 1.94280
C 80.13610 36.36470 2.16279
C 94.73300 36.53470 1.83115
C 82.16810 38.90190 2.02353
C 84.41890 41.02140 2.05081
C -0.93464 41.91220 1.62343
C 92.91160 42.66310 1.55724
C 89.76700 42.97410 1.84478
C 86.85930 43.63350 2.95142
C 83.62010 42.65220 2.89332
C -0.58151 44.70340 -0.16309
C 77.11460 22.71400 3.21139
C 77.47110 25.85150 2.82755
C 76.42850 28.54280 1.11819
C 74.38810 30.89440 0.03501
C 75.28640 33.23880 1.75416
C 77.08540 37.05940 2.58076
C 78.99510 39.49060 2.15364
C 80.79150 42.20520 1.43560
C 79.40870 45.46570 1.31850
C 82.98220 21.60950 2.38406
C 92.12360 21.77250 -0.75041
C 93.08600 25.03120 0.66097
C 90.75040 26.99330 3.48896
C 91.92860 28.23720 2.02911
C 93.91430 30.73080 1.97026
C 95.75180 33.49800 2.08606
C 83.58710 27.00600 2.47810
C 85.53970 29.70570 2.28807
C 82.33280 30.18370 2.42848
C 87.57740 32.17210 2.09285
C 84.39160 32.79120 2.17719
C 81.24540 33.30860 2.23920
C 89.70860 34.58700 1.98838
C 86.45850 35.12820 2.02928
C 83.21750 35.74370 2.10117
C 91.75410 36.97710 1.77265
C 88.73870 37.52200 1.98044
C 85.40870 38.02970 1.99206
C 0.82827 38.93480 0.65955
C 93.88550 39.38040 1.75708
C 90.74760 39.89780 1.82149
C 87.55280 40.52270 2.01553
C 75.41230 25.15670 2.35111
C 73.76710 36.97160 2.62699
C 75.47500 39.74230 2.50262
C 77.29580 42.41010 2.41027
C 73.91170 42.50290 2.51723
C 75.61810 45.20700 2.52003
C -0.40797 24.84900 1.71612
C 95.20760 27.78930 1.80515
C 0.10761 30.49480 2.16902
C 88.04100 46.16720 -0.51219
C 85.29540 48.09360 -1.35297
C 82.15390 49.33880 0.06345
C 79.47370 50.94310 0.62418
C 76.69500 52.66270 -0.33555
C 93.43210 47.44530 -2.18639
C 76.26920 55.96050 0.36469
C 73.87200 57.18550 3.60984
C 76.10390 59.23850 0.59535
C -0.42128 51.93820 -1.91407
C 93.50420 53.53740 -1.83085
C 90.46780 54.98790 -1.76358
C 87.43330 56.24500 -2.02028
C 76.11020 62.56040 0.53838
C 86.92580 60.07640 -2.04344
C 85.03130 61.19930 -1.30235
C 78.73200 64.18510 -0.02124
C 84.11220 64.27130 -1.62434
C 81.65860 66.29070 -0.03636
C 85.27830 67.64960 -1.35202
C 77.39920 48.24370 -0.25838
C 75.39500 51.05390 -0.41531
C 81.18640 69.75500 -0.43575
C 78.94650 67.73900 0.93416
C 76.10810 66.12880 1.66709
C 73.91270 63.71560 2.95863
C -0.42202 55.57850 -1.28819
C 93.34930 56.68830 -1.97025
C 92.49980 59.76720 -2.19594
C 91.16260 62.56310 -2.49059
C 90.45280 66.07960 -3.54183
C 87.17000 64.83190 -1.83435
C 88.58980 69.00160 -3.41015
C 90.18480 71.70980 -2.03502
C 90.84200 48.49490 -1.59439
C 87.96620 49.89530 -1.36439
C 85.14370 51.44510 -1.17911
C 82.08040 52.52160 -0.53259
C 79.28960 54.49270 -0.47958
C 93.63280 50.43240 -1.72823
C 90.65120 51.78310 -1.61401
C 87.87590 53.14580 -1.46375
C 84.77120 54.56340 -1.33953
C 81.86120 56.13590 -0.95427
C 79.06760 57.75150 -0.36669
C 84.38660 57.75020 -1.73182
C 81.68870 59.33910 -1.06186
C 78.85980 60.83030 -0.22881
C 81.57590 62.64360 -0.97612
C 74.17320 48.03630 -0.62965
C 75.87390 69.65310 1.04007
C 95.53450 59.11780 -2.01950
C 0.64425 61.51160 -2.21975
C 94.36910 62.04480 -2.35690
C -0.56205 64.42990 -2.78207
C 93.38310 64.91550 -2.86135
C 95.14990 67.53320 -3.20957
C 91.95650 68.19000 -3.24834
C 0.28269 70.06110 -3.62209
C 93.86060 70.69250 -3.42387
H 82.84740 48.36680 2.38346
H 90.38540 46.83530 -0.09040
H 87.29200 48.37120 0.26753
H 81.77640 51.31020 1.57235
H 78.68260 52.77330 1.18866
H 75.91380 54.32950 1.49045
H 0.75304 46.79180 -0.75777
H 75.91970 57.42740 2.49710
H 95.53940 50.48890 -0.12882
H 92.60880 51.95040 -0.06604
H 75.62650 60.65030 2.31934
H 92.46810 55.18770 -0.22451
H 89.54170 56.41240 -0.54039
H 86.67450 57.91200 -0.68249
H 75.75040 63.85580 2.64012
H 87.94080 60.68270 0.21106
H 81.01370 64.08070 0.97083
H 78.46350 65.58960 1.97282
H 86.14460 63.21630 -0.55177
H 84.11340 65.84380 -0.03749
H 77.05050 46.05010 0.68582
H 75.49950 49.20220 1.37923
H 84.48890 70.08710 -0.92111
H 82.64170 68.36780 1.05972
H 79.83080 69.84910 1.73198
H 77.06860 68.23000 2.47484
H 74.39340 69.87260 3.25298
H 95.30480 53.62490 -0.52432
H 95.07930 57.38660 -0.31610
H 92.08940 58.16110 -0.31448
H 91.00220 60.92650 -0.57793
H 89.33590 63.54690 -0.97860
H 88.90100 66.66190 -2.04351
H 90.54270 69.31390 -1.77551
H 87.29800 69.26220 -1.55503
H 84.48730 49.95920 0.14610
H 92.82410 48.78760 -0.10977
H 89.96410 50.14360 0.10809
H 87.15650 51.58920 0.28838
H 84.23410 53.03750 0.51900
H 81.43140 54.47750 0.81537
H 78.62490 56.00890 1.30350
H 89.80580 53.37950 0.07019
H 86.83790 54.81070 0.00444
H 84.03960 56.27830 0.21109
H 81.27130 57.73520 0.77670
H 78.46730 59.17400 1.57775
H 83.90700 59.45650 -0.03966
H 81.12670 60.91450 0.77328
H 78.35020 62.35360 1.60527
H 83.68930 62.64000 0.22137
H 73.92400 46.07110 0.92157
H 0.26053 59.85920 -0.42621
H 94.12730 60.44970 -0.49705
H -0.83318 62.87740 -0.84393
H 92.89180 63.41990 -0.89047
H 95.03940 65.90290 -1.35937
H 91.96660 66.41500 -1.50803
H -0.01309 68.42000 -1.77463
H 93.76890 68.88540 -1.67781
H 95.79060 71.47060 -2.21032
C 88.41210 46.37560 1.29027
C 85.38850 48.43600 1.86426
C 82.90230 50.08570 3.46959
C 79.82940 50.89140 2.53558
C 77.00130 52.58360 3.04146
C 93.77000 46.94890 1.12535
C 77.15280 55.82450 3.37531
C 74.46990 58.23190 5.11359
C 77.27310 59.19700 3.78684
C -0.52967 52.24060 1.32538
C 93.62790 53.67680 1.35224
C 90.61150 55.29860 1.42327
C 87.74010 56.68790 1.28394
C 76.98770 62.52070 3.76346
C 89.68770 58.85770 -0.15544
C 85.54590 61.16660 0.69150
C 79.57950 64.02270 3.06993
C 85.16440 64.22980 1.47811
C 82.35060 66.00780 1.79267
C 85.05890 68.11790 0.60731
C 77.81580 48.33820 1.61466
C 75.50750 51.13590 3.11296
C 82.09820 69.56680 2.78529
C 79.44700 67.64490 2.77204
C 76.54710 66.06890 3.46069
C 73.46030 61.35350 3.43990
C -0.50410 55.56500 0.59704
C 93.35720 56.82430 1.40725
C 92.46230 60.11710 1.24693
C 91.16460 62.96670 0.83998
C 90.16560 65.76800 0.06530
C 88.32120 62.28340 -0.13800
C 88.82410 68.53260 -0.05271
C 90.71500 71.27590 -0.28110
C 91.05710 48.51370 1.59013
C 88.22890 49.98970 1.87356
C 85.35990 51.40080 1.91736
C 82.64550 53.02000 2.48732
C 79.84080 54.33260 2.68284
C 93.67310 50.39930 1.52694
C 90.88700 51.83910 1.67430
C 87.97870 53.39900 1.70870
C 85.18460 54.83830 1.85107
C 82.58510 56.16110 2.16819
C 79.89010 57.52960 2.78874
C 85.24260 58.00260 1.42748
C 82.58500 59.33720 2.04229
C 79.82180 60.79240 2.87031
C 82.39600 62.47480 2.25944
C 73.99760 47.95610 2.60394
C 76.76880 69.84160 4.33176
C 95.47890 59.31620 1.21649
C 0.46197 61.82550 0.98321
C 94.38770 62.47370 0.84805
C -0.55417 64.96570 0.44724
C 93.31880 65.51750 0.34736
C 95.24160 67.95150 -0.01069
C 92.01340 68.39670 -0.02790
C 0.26490 70.52860 -0.50454
C 94.11560 70.96240 -0.34329
C -0.73364 93.77500 -3.74857
C 92.83900 93.61910 -3.74885
C 89.64780 93.66610 -3.61950
C 0.35817 77.51490 -5.67153
C 93.67660 77.93600 -6.31877
C 89.16370 79.14220 -4.31197
C 86.93530 82.06550 -3.83240
C 86.39020 85.39150 -4.72884
C -0.41551 88.73340 -3.78452
C 93.24970 88.69650 -3.94030
C 86.50780 88.43530 -3.76211
C 91.35450 91.16980 -3.66953
C 73.27230 87.76500 0.83335
C 82.99920 88.48520 -3.52097
C 78.42740 89.82710 -0.93874
C 84.01770 91.63190 -2.70109
C 86.05060 93.83830 -3.25585
C 82.93860 94.34510 -2.44058
C 89.41100 75.66040 -2.04667
C 86.25760 71.70720 -1.74907
C 82.54960 70.16750 -2.19397
C 85.51480 75.07470 -3.06347
C 85.73570 78.62500 -3.46610
C 84.06870 80.78340 -1.80912
C 83.33960 83.36160 -3.60631
C 81.10200 85.30770 -2.51776
C 80.29430 87.79310 -0.87620
C 76.23390 86.16390 -0.26876
C 73.11920 84.17220 0.17566
C -0.75748 73.25690 -3.88564
C 92.89870 72.43420 -4.02075
C 93.61440 75.84770 -6.46492
C 95.23590 80.61380 -5.28807
C 92.04570 80.21420 -5.16540
C -0.19435 83.30040 -4.72736
C 93.60500 83.02160 -4.69961
C 90.27180 82.81850 -4.67805
C 95.07700 85.97420 -4.31026
C 91.76230 85.77640 -4.35018
C 88.51000 85.43400 -4.30651
C 89.90230 88.41330 -3.84471
C 87.92160 91.10060 -3.50777
C 75.39050 90.25260 -0.21950
C 72.39290 91.29940 0.35625
C 80.79850 91.91540 -1.70660
C 77.61570 92.80450 -0.88052
C 74.65940 93.56560 -0.27303
C 83.67120 73.64550 -1.25711
C 80.95080 72.76710 -0.49707
C 78.47170 71.22390 0.33112
C 83.60520 77.24700 -2.10012
C 80.97620 75.70600 -0.86047
C 78.32480 74.38200 0.03087
C 75.76500 72.82410 0.81635
C 80.91510 78.82880 -1.50355
C 78.38770 77.41860 -0.42355
C 75.74080 76.03680 0.40015
C 80.90520 81.98610 -2.00844
C 78.41320 80.72250 -0.94295
C 75.73920 79.23370 -0.03152
C 72.97120 77.67940 0.71021
C 78.51530 84.01720 -1.28480
C 75.86260 82.57210 -0.40308
C 73.12960 80.91600 0.36919
H -0.68387 92.06520 -1.74142
H 93.02100 91.95250 -1.77654
H 91.26450 94.61900 -2.09226
H 88.03090 94.47350 -1.96222
H -0.42584 75.83130 -3.85356
H 95.36680 78.63660 -4.62274
H 92.24110 78.17720 -4.13156
H 89.87510 78.19710 -2.00454
H 87.58780 80.01000 -2.71122
H 85.36800 83.91480 -3.12177
H 87.05100 86.33730 -2.54532
H 94.76380 89.31730 -1.87263
H 91.54080 89.17600 -2.21157
H 88.29850 89.06000 -2.08160
H 85.08930 88.65590 -2.03888
H 89.73500 91.79270 -1.93031
H 78.65380 88.05750 0.92893
H 75.53020 88.72060 1.30648
H 72.32300 89.62600 2.17358
H 82.28590 89.97320 -2.10189
H 80.47940 90.48580 0.26603
H 86.39470 91.73020 -1.94203
H 87.39800 74.02030 -1.68925
H 85.40380 72.81950 0.40063
H 87.19690 76.85150 -2.46762
H 85.26710 78.72540 -1.04628
H 82.27300 80.60690 -0.54385
H 82.47750 83.69880 -1.22299
H 82.53220 86.91940 -1.58020
H 80.11950 85.49630 -0.22943
H 77.23290 84.26410 0.84188
H 74.50710 85.74620 1.43941
H 92.61750 71.80150 -1.65149
H 1.06776 73.70070 -2.08669
H 94.08520 74.30460 -2.94194
H 90.26920 73.77470 -0.60589
H 94.49960 94.67620 -2.22873
H -0.09349 81.17630 -3.43892
H 93.63020 80.94160 -3.34932
H 90.53230 80.86440 -3.29123
H 95.12560 83.85510 -2.98377
H 91.92970 83.68310 -3.03958
H 88.69350 83.52030 -2.94562
H -0.38330 86.66760 -2.47724
H 93.35470 86.57050 -2.62758
H 90.11870 86.32420 -2.59272
H 77.49550 91.12890 0.89232
H 74.53230 91.87300 1.52503
H 82.91730 92.62680 -0.65997
H 79.82410 93.43280 -0.00298
H 76.70190 94.21860 0.92837
H 82.31870 71.41370 1.03661
H 84.84610 75.69420 -0.76085
H 82.37300 74.38150 0.66469
H 79.66780 73.01620 1.55643
H 77.06520 71.41380 2.38536
H 82.36240 77.50000 0.02732
H 79.66350 76.10210 1.16991
H 76.90840 74.61400 2.03243
H 74.17760 73.06110 2.68999
H 79.66410 79.23340 0.57298
H 76.99540 77.79730 1.57163
H 74.24170 76.25040 2.35661
H 79.78200 82.45130 0.14927
H 77.06540 80.98470 1.06863
H 74.31470 79.42850 1.99235
H 74.39790 82.63700 1.59888
C -0.78158 93.65690 -0.66893
C 92.95480 93.58050 -0.58201
C 89.75400 93.63400 -0.37696
C 1.11998 76.03160 -3.01608
C 94.26040 76.82060 -3.23095
C 89.43020 80.56410 -1.16094
C 86.80120 82.24050 -2.07850
C 84.71470 86.16340 -2.15047
C -0.32170 88.10060 -0.44617
C 93.25890 88.22920 -0.67072
C 86.86260 87.77160 -0.55862
C 91.30180 90.71150 -0.32779
C 73.76640 87.70770 2.73923
C 81.95140 88.66560 0.01561
C 79.14490 89.73930 2.25841
C 84.35590 90.68530 -0.87752
C 86.78700 93.36190 -0.12073
C 83.96580 94.52070 0.68168
C 89.21940 74.17550 1.62558
C 87.97270 72.91550 0.56041
C 84.78500 71.08300 1.51676
C 87.14160 75.99290 -0.07036
C 87.69950 78.56980 -0.69713
C 84.73250 80.65570 0.06333
C 84.67030 84.00240 -0.65275
C 82.46550 85.54160 0.42796
C 80.04300 86.37130 2.11044
C 76.78960 86.62310 1.50508
C 74.05650 84.33290 3.38631
C 95.70650 73.66470 -1.05530
C 92.39250 74.26620 -1.20665
C 92.51220 75.62180 -4.49198
C 95.35720 79.58710 -2.29199
C 92.10310 79.49230 -2.01022
C -0.20640 82.70940 -1.53172
C 93.57160 82.55800 -1.54817
C 90.32490 82.53900 -1.52212
C 94.92180 85.43790 -1.09728
C 91.83450 85.28830 -1.15572
C 88.55590 85.11420 -1.09747
C 90.03730 87.92520 -0.72414
C 88.16070 90.75490 -0.33395
C 76.12170 90.44020 2.83941
C 73.18390 91.53290 3.54000
C 81.62730 92.34370 1.37409
C 78.48760 93.05680 2.09405
C 75.32960 93.74860 2.90360
C 84.71110 74.56070 1.47667
C 81.81630 73.15790 2.68550
C 79.32450 71.51300 3.44203
C 84.62140 77.47020 0.91727
C 81.91170 76.29390 2.11727
C 79.08450 74.75370 3.14766
C 76.30800 73.12720 3.96952
C 81.89160 79.37660 1.55311
C 79.18960 77.98170 2.64370
C 76.38570 76.48230 3.57761
C 82.09570 82.57360 0.92283
C 79.27460 81.06140 2.14549
C 76.50850 79.66490 3.08633
C 73.42230 78.05320 3.85458
C 79.47810 84.32950 1.81168
C 76.63400 82.79470 2.70901
C 73.74140 81.20710 3.60033
