2979
Frame 127
C 12.88430 95.72350 -1.83009
C 13.92270 1.08431 -1.64314
C 12.02600 3.04499 -3.06796
C 11.00730 6.44738 -3.68646
C 8.58095 9.40855 -3.58797
C 4.76928 8.89370 -4.40771
C 2.68835 8.89555 -5.32914
C 24.17130 0.53305 0.07937
C 22.33880 4.12641 0.36316
C 24.89460 6.26489 -1.09262
C 25.18270 12.09150 -1.04857
C 19.76690 0.91216 -1.64401
C 16.03570 -0.76400 -0.23622
C 19.27000 4.20549 -1.60712
C 23.03960 9.08122 -0.64936
C 19.84160 7.68579 -1.27229
C 14.05760 4.88036 -1.44277
C 23.39820 12.97270 -1.47941
C 14.40370 8.33344 -2.11710
C 23.22810 16.32430 -1.05726
C 11.81960 10.54550 -2.35329
C 23.13190 19.61740 -0.77479
C 12.69210 13.64580 -1.83603
C 9.52254 12.63560 -2.22373
C 23.29510 22.83750 -0.65993
C 14.60380 17.96760 -0.60342
C 11.34290 16.16490 -0.37342
C 14.63910 21.50220 0.20294
C 20.91730 -1.04022 -1.45178
C 5.68529 10.63560 -1.92613
C 6.74307 14.05740 -1.05967
C 3.56588 13.92200 -1.65863
C 8.16197 16.59990 -0.62655
C 2.34632 17.03100 -1.86852
C 9.74403 19.12320 -0.27697
C 11.36480 21.91120 -0.44279
C 9.45551 95.30950 -2.85007
C 11.03200 0.72773 -2.85071
C 7.61113 0.11093 -3.67239
C 4.32758 -0.24594 -4.27790
C 8.95362 3.00564 -3.99658
C 5.59367 2.79272 -4.48160
C 2.41345 2.62174 -4.74467
C 7.04813 5.68731 -4.89787
C 3.79475 5.58256 -4.84520
C 16.70290 2.67515 -1.65912
C 16.97140 6.20732 -1.56378
C 20.73980 10.98270 -0.70543
C 17.47870 9.40553 -1.40286
C 20.61360 14.70460 -1.08453
C 17.93420 12.78310 -1.07717
C 15.15070 11.54320 -1.61716
C 20.38980 18.09260 -0.75208
C 17.83030 16.32300 -0.82972
C 15.21420 14.82620 -1.04346
C 20.43250 21.24580 -0.59789
C 17.57290 19.61860 -0.56991
C 5.08733 16.76160 -1.15283
C 6.70148 19.50810 -0.67109
C 3.61668 19.67600 -1.11017
C 8.18017 21.94450 -0.57507
C 4.99568 22.10210 -0.86080
C 1.86245 22.48160 -1.20854
H 13.52210 -0.50541 0.20121
H 11.76830 1.90537 -0.83103
H 10.32860 4.41267 -2.35779
H 8.61578 6.88020 -3.20451
H 2.05685 6.37719 -3.09207
H 3.90822 9.08306 -1.95964
H 22.92370 2.02677 1.75406
H 24.88340 4.23671 0.52982
H 23.13200 6.56643 0.12363
H 25.02850 10.02190 0.39058
H 25.39770 15.73040 0.44326
H 20.30430 2.64993 0.22030
H 17.50740 1.11190 -0.20524
H 20.27510 5.62190 0.27942
H 14.67410 2.76683 -0.10037
H 15.05090 6.51878 -0.53665
H 21.52160 13.15480 0.30289
H 12.47860 8.41087 -0.92352
H 24.04610 18.18670 0.47621
H 21.46530 16.37920 0.72383
H 10.02220 10.69280 -0.59841
H 24.14880 21.12800 0.95773
H 10.47540 13.82130 -0.55583
H 13.00610 17.94430 0.34423
H 9.75685 17.38230 1.16092
H 22.30360 -0.91689 0.55228
H 1.51349 12.64210 -2.26139
H 7.30874 12.25220 -0.86061
H 4.02235 11.79160 -0.30057
H 7.98068 14.74170 1.16826
H 6.45055 17.54290 0.75654
H 11.32410 20.21090 1.61307
H 8.09641 20.23370 1.18275
H 10.69020 -1.07002 -1.11123
H 7.44218 96.12430 -1.69328
H 4.30045 95.67920 -2.41658
H 1.11730 95.40470 -2.86945
H 8.86086 1.45757 -2.06220
H 5.61928 1.12706 -2.61287
H 2.54602 0.81142 -3.06804
H 7.11388 4.02601 -2.99884
H 3.85830 3.78181 -3.16040
H 5.20454 6.56449 -3.60117
H 17.49510 4.34971 0.08168
H 20.80780 8.73295 0.43177
H 17.89950 7.60393 0.30803
H 18.36110 10.87010 0.09560
H 15.34990 9.62227 -0.09121
H 18.60850 14.67710 0.49249
H 15.87700 12.87850 0.34405
H 13.04420 11.64280 -0.48181
H 21.36590 19.56270 0.94954
H 18.62080 17.92540 0.93000
H 15.87000 16.26610 0.83332
H 13.22380 14.68930 0.32455
H 18.71380 21.19470 0.98387
H 15.76390 19.46620 1.20826
H 4.74347 14.82340 0.24827
H 1.62959 15.12890 -0.58173
H 3.35386 17.74660 0.26760
H 4.96892 20.33010 0.87201
H 1.75454 20.54330 0.36022
C 11.93850 96.10280 1.10326
C 13.00190 1.56253 1.29619
C 11.40330 4.08341 -0.08193
C 10.82820 6.77315 -1.77347
C 8.70014 8.98455 -1.57493
C 4.22576 7.44549 -0.32636
C 1.92301 8.35664 -3.33154
C 23.95520 0.28993 1.86362
C 24.13140 3.06138 3.65324
C 24.53590 6.03592 2.25190
C 24.83260 11.90810 2.13661
C 19.22050 0.83312 1.81859
C 15.44800 -0.96371 1.67686
C 18.99340 4.15807 1.96465
C 23.09900 8.67478 1.47075
C 19.62600 7.32684 2.07247
C 13.51890 4.76768 0.50294
C 23.18150 13.14310 2.29085
C 13.96750 7.98924 1.17066
C 23.33040 16.31680 2.15704
C 11.39010 10.19350 0.81204
C 23.27270 19.44650 2.51537
C 11.97900 12.85560 1.33152
C 9.07974 12.37060 1.00044
C 23.61590 22.70410 2.43266
C 14.55050 17.69100 2.50637
C 11.72250 16.03580 1.70250
C 14.44710 21.29010 2.11303
C 20.35300 -1.03883 1.87615
C 6.00658 11.71950 1.26915
C 5.95335 13.53540 2.00890
C 2.75840 13.61930 1.04118
C 7.87912 16.42190 2.59791
C 1.37302 16.73820 1.28018
C 9.73185 19.24260 2.88767
C 11.19590 22.12820 2.84231
C 8.84776 95.67110 0.30634
C 9.90480 0.90281 0.13125
C 7.01862 0.78003 -0.58750
C 3.91290 0.14727 -1.08568
C 8.50640 3.66381 -0.89162
C 5.51755 3.21374 -1.34386
C 2.43510 2.73561 -1.54066
C 7.03712 6.22840 -1.75175
C 3.96133 5.84131 -1.56631
C 16.17610 2.76613 1.49982
C 16.38760 6.07851 1.46382
C 20.48340 10.97860 1.36408
C 17.04630 9.40592 1.69730
C 20.38230 14.62030 2.15444
C 17.59020 12.69090 1.69720
C 14.44080 11.26920 1.50089
C 20.46800 17.87420 2.50110
C 17.71870 16.07270 2.36508
C 14.98140 14.42930 2.09867
C 20.53400 21.10060 2.65359
C 17.65910 19.55570 2.58315
C 4.59936 16.50000 1.98220
C 6.39633 19.25680 2.57392
C 3.08222 19.39310 2.05090
C 7.91848 22.08740 2.54848
C 4.82435 22.31770 2.33072
C 1.43162 22.39330 1.91181
C 22.97800 26.22240 -0.87374
C 20.19690 27.99440 -0.14583
C 15.30610 25.08260 -0.00952
C 18.90010 29.36850 -0.98893
C 23.25610 29.24300 -0.64501
C 24.50500 32.03260 -1.48740
C 23.75160 36.07340 -2.53232
C 25.99050 46.33740 -2.37779
C 22.55820 44.67810 -1.14175
C 21.42360 31.78080 0.68599
C 19.02270 32.92770 -1.96901
C 15.30900 27.93430 -1.27904
C 19.74570 35.02710 -1.79360
C 13.10680 34.16480 -1.25612
C 20.62020 38.66700 -1.83479
C 11.06830 36.54810 -0.94749
C 21.90770 41.78470 -1.68365
C 18.64640 41.12490 -1.59374
C 8.94302 38.96440 -1.32286
C 4.35491 38.85620 -2.10374
C 16.74750 43.61390 -1.29993
C 2.96167 42.56120 -1.86086
C 14.45310 45.74480 -1.64488
C 5.29423 44.41330 -2.31520
C 2.95681 46.95620 -2.24186
C 13.19190 24.42340 -0.67451
C 12.16590 27.91600 -0.49731
C 12.83750 31.16740 -1.25000
C 10.01510 30.30590 -0.72919
C 9.80251 33.30570 0.51094
C 5.86534 33.44390 -0.52538
C 8.01461 36.05650 1.08455
C 1.70025 36.46200 -0.72004
C 20.66750 24.55370 -0.27727
C 17.80350 23.10690 -0.32960
C 17.90750 26.17260 0.11049
C 16.16980 34.87640 -2.02158
C 17.43200 38.30280 -1.92396
C 14.22420 37.38120 -1.50622
C 15.48810 40.48780 -1.64044
C 12.20650 39.63220 -1.42354
C 13.42180 42.82080 -1.66420
C 10.15160 42.08940 -1.68238
C 6.98372 41.74170 -2.04248
C 11.28950 45.41260 -1.69477
C 8.30333 44.92140 -1.83342
C 6.06366 47.45870 -1.86073
C 10.08060 24.70090 -0.76824
C 6.57193 24.96200 -0.94925
C 3.56197 25.13530 -0.96955
C 8.48086 27.56740 -0.85818
C 5.29328 27.80690 -0.86564
C 2.13982 27.91350 -1.20568
C 7.09166 30.63700 -0.67177
C 4.00226 30.72990 -0.82993
C 2.92368 33.67240 -0.70726
H 1.15618 42.82710 -0.02144
H 24.21850 24.26990 0.31571
H 21.80530 26.03590 1.31201
H 15.96950 23.12190 1.30785
H 18.93110 27.53920 2.02357
H 16.34240 26.19800 2.16631
H 16.76270 28.47460 -0.01461
H 24.43000 27.53000 0.65853
H 24.62210 30.73670 0.80328
H 21.75970 29.25460 1.34458
H 24.36300 41.05000 -1.87092
H 24.94660 44.20310 -1.50000
H 22.85650 42.72950 0.42009
H 20.72900 45.22040 0.63128
H 19.98000 33.80370 0.45513
H 17.07820 33.20110 -0.83415
H 14.22070 32.64780 0.43133
H 21.04820 36.65890 -0.18139
H 11.81580 34.78250 0.74299
H 22.01510 39.79670 -0.13805
H 9.45386 37.39830 0.63753
H 19.95720 42.28760 0.00409
H 6.93286 40.04530 -0.02600
H 2.85657 40.21390 -0.86307
H 17.90330 44.57290 0.08911
H 5.17930 42.58310 -0.62664
H 15.85680 47.09320 -0.12240
H 3.24382 44.92500 -0.85837
H 12.89340 22.84840 1.18650
H 9.69569 22.98690 1.02295
H 11.67250 25.70020 0.80695
H 13.84260 29.61440 0.00311
H 11.47010 31.53690 0.78207
H 8.59493 31.27460 1.15177
H 7.44046 34.14780 1.01326
H 4.26211 34.26980 1.32771
H 1.17066 34.50610 0.72551
H 2.98871 37.36160 0.71940
H 21.48420 22.77190 1.08253
H 18.89150 24.41150 1.48572
H 23.68420 45.47430 0.94064
H 17.89370 36.20610 -0.48194
H 14.75830 35.52590 -0.03169
H 18.91840 39.13420 -0.09614
H 15.81280 38.55380 -0.10835
H 12.64980 37.92380 0.36702
H 16.86210 41.55770 0.10177
H 13.67370 40.98340 0.04880
H 10.46970 40.36450 0.02429
H 14.70130 43.96440 0.11639
H 11.55460 43.48310 -0.13563
H 8.32778 43.00370 -0.26230
H 12.74610 46.70270 -0.21900
H 9.53841 46.08730 -0.04196
H 6.38503 45.52450 -0.45202
H 6.52300 23.15000 0.74082
H 3.38327 23.26920 0.63734
H 8.23566 25.70670 0.69352
H 5.13439 26.01620 0.79580
H 1.73900 26.02200 0.30425
H 10.09220 28.52130 0.73427
H 6.93052 28.65380 0.77154
H 3.63100 28.73460 0.61242
H 5.51448 31.45120 0.99977
H 2.34447 31.68660 0.64383
C 23.66290 25.88110 2.38950
C 20.77500 27.55050 3.07694
C 15.05600 24.32580 3.29721
C 16.80210 28.78880 2.56319
C 23.75820 29.08560 2.50148
C 23.40690 32.59310 1.61414
C 23.42690 35.72670 -0.41861
C 25.16270 43.46780 0.91667
C 22.20970 44.13010 2.43773
C 20.47420 31.04930 2.43998
C 17.88470 32.96050 1.58965
C 16.00160 30.93940 -0.34981
C 20.85780 35.02840 2.00167
C 13.78840 34.55800 2.08552
C 20.70820 38.14410 1.32860
C 11.24680 36.79170 2.14202
C 21.58230 41.11730 1.83982
C 18.51840 40.82350 1.68743
C 8.44314 39.13680 0.53868
C 4.79796 38.59100 -0.15695
C 16.42030 43.28330 1.79680
C 3.35032 41.85020 0.95222
C 14.44670 45.83550 1.50118
C 4.76821 44.42620 1.00444
C 2.58581 46.62350 0.98965
C 13.07740 24.66170 2.71337
C 12.47570 27.99010 1.34043
C 13.40150 30.93720 2.11545
C 10.39220 30.20450 2.51094
C 10.69550 33.32290 2.33306
C 5.87238 33.05710 2.81274
C 4.66089 36.05590 2.24486
C 1.31927 36.28700 2.33248
C 20.88820 24.36680 2.87246
C 17.73270 22.64260 2.79531
C 18.30450 25.63530 3.62697
C 16.75920 34.75950 1.23488
C 17.55930 37.87680 1.51398
C 14.50860 37.33030 1.61035
C 15.41240 40.28430 1.62777
C 12.05020 39.92400 1.65029
C 13.11560 42.75700 1.60147
C 9.93767 42.33990 1.46189
C 6.60838 42.14020 1.38489
C 11.42110 45.36910 1.42732
C 8.00097 44.98540 1.32255
C 5.91552 47.09370 1.33868
C 9.89989 25.00870 2.44430
C 6.60597 25.03190 2.46015
C 3.19200 25.25390 2.14625
C 8.48885 27.54600 2.35134
C 5.17468 27.93470 2.35732
C 1.71338 27.89810 1.90768
C 6.92507 30.26690 2.64941
C 3.60405 30.59170 2.31304
C 2.64520 33.45310 2.43785
C 20.57280 47.44140 -0.94141
C 17.56730 46.69380 -1.46412
C 15.41360 48.86260 -1.86681
C 16.94310 52.94040 -1.11653
C 14.33790 55.86630 -0.79898
C 17.24730 56.23080 -2.61651
C 20.65310 58.16520 -1.40554
C 22.39880 61.14960 -1.48246
C 24.17880 63.95860 -1.24585
C 19.36030 61.22790 -1.80026
C 16.90150 59.71650 -1.10472
C 14.02420 58.12930 -0.89595
C 10.64970 56.74150 -0.13620
C 22.48330 66.45710 -1.32965
C 20.30850 64.40080 -0.80550
C 10.78010 60.31460 -0.80085
C 23.33760 69.51590 -1.34840
C 11.55820 63.36730 -1.96800
C 11.68980 66.76380 -2.46155
C 9.31617 68.79010 -3.00479
C 13.96470 48.32330 -3.33984
C 7.14124 50.53500 -1.44580
C 3.95528 49.88660 -1.64115
C 11.43170 54.02130 -1.26422
C 8.39180 53.35030 -1.46778
C 4.94857 52.90340 -1.35132
C 1.87103 52.29280 -1.27496
C 7.53601 56.18900 0.03557
C 8.90068 57.95300 1.93930
C 7.50865 60.79610 -1.33486
C 9.46009 63.14000 -1.66879
C 8.25948 65.87280 -2.43067
C 7.21524 68.93470 -3.22842
C 23.71600 47.34580 -0.64822
C 22.02240 50.08820 -0.63578
C 18.30930 49.99220 -0.34311
C 23.70370 52.66280 -0.63543
C 20.15010 53.01780 -0.83671
C 22.11400 55.37350 -1.01287
C 23.91330 58.17930 -1.13590
C 16.95680 63.64310 -1.90799
C 14.42490 61.78140 -1.31218
C 20.11250 68.03530 -1.57811
C 17.39470 66.72830 -1.82461
C 14.31350 65.34490 -1.97211
C 17.70040 69.84420 -2.13047
C 14.75210 68.35700 -2.23955
C 12.24390 70.05670 -3.04398
C 12.30140 48.49620 -1.84484
C 9.09564 47.89830 -1.63000
C 10.27090 50.96250 -1.57936
C 3.61273 55.67200 -0.40870
C 5.46220 58.42070 -0.97502
C 2.19116 58.77470 -1.32386
C 4.19135 61.28980 -1.56902
C 6.30124 63.63330 -1.91388
C 3.04390 64.22890 -2.21125
C 5.21785 66.46990 -2.80937
C 1.84401 67.18510 -2.86117
C 3.98540 69.47910 -3.51846
H 2.21529 50.24480 0.25351
H 18.87580 47.69380 0.43989
H 16.54330 51.35470 0.81717
H 15.75310 54.41440 0.48310
H 16.40380 57.34920 -0.98411
H 22.20610 59.33850 0.17893
H 19.16070 59.33180 -0.19537
H 23.78430 62.09160 0.25941
H 14.32300 57.09250 1.33280
H 12.46730 55.28890 0.59546
H 22.44080 64.69460 0.25413
H 20.66100 62.13650 -0.03171
H 17.48340 61.83550 -0.36704
H 14.90060 60.04840 0.33852
H 12.10380 58.59540 0.48049
H 23.69010 67.69860 0.33325
H 12.29560 62.06600 -0.08466
H 12.38150 65.29320 -0.41534
H 9.86880 67.29960 -1.13906
H 10.26880 70.56870 -1.68081
H 13.78180 49.81330 -0.11207
H 4.30818 47.86350 -0.31138
H 11.72290 52.16270 0.16931
H 8.66158 51.51950 0.27502
H 5.35724 50.90730 0.11826
H 9.49781 54.67130 0.21750
H 6.59192 53.85790 0.26555
H 3.33013 53.27200 0.55758
H 7.72484 55.65710 2.53249
H 7.13854 59.26720 0.72843
H 9.04446 61.71580 0.24260
H 7.97646 64.55890 -0.34118
H 6.85036 67.44990 -1.31936
H 5.78967 70.46990 -2.04691
H 25.22760 48.22580 0.97756
H 22.03420 48.16780 0.95807
H 23.58730 50.94520 1.06556
H 20.34900 50.93230 0.61214
H 21.98850 53.69830 0.83057
H 18.73650 53.62780 0.47791
H 23.71370 56.46680 0.62948
H 20.36630 56.40850 0.56288
H 20.66620 66.55460 0.26570
H 18.07410 64.92770 -0.19668
H 15.16780 63.83490 -0.18025
H 21.17380 69.72500 -0.16373
H 18.15540 68.38550 -0.17547
H 15.37000 66.89000 -0.32439
H 15.68730 70.23020 -0.88470
H 12.81440 68.60720 -1.11870
H 10.57610 49.06540 -0.02068
H 7.35118 48.54400 0.03115
H 5.24571 56.68240 0.81418
H 1.90597 57.38960 0.35675
H 3.84830 59.76470 0.36193
H 5.89070 62.11700 0.00350
H 2.70642 62.71550 -0.29223
H 4.77567 65.14490 -0.70871
H 1.57695 65.69210 -0.88440
H 3.71786 67.99250 -1.52930
H 2.65756 70.94830 -2.07411
C 20.28980 47.15080 2.38195
C 17.22610 46.40920 1.81032
C 15.41570 49.07820 1.39544
C 16.94180 53.01770 2.29535
C 14.18200 54.77940 2.28524
C 17.80480 55.87170 0.44473
C 20.41910 58.26440 1.71257
C 22.06250 61.19210 1.75534
C 24.16380 64.01230 1.76760
C 18.97440 61.18180 1.44725
C 16.97270 59.03320 0.80969
C 13.73960 59.33910 2.22840
C 12.02230 56.98310 2.29035
C 22.41230 66.43780 1.92054
C 20.17260 64.28430 0.90867
C 10.84880 60.51330 1.25677
C 22.85740 69.59060 1.69961
C 11.32070 63.76740 1.36180
C 11.62820 67.34790 0.69782
C 9.28522 69.30920 0.16331
C 14.28710 52.34890 0.22430
C 7.13882 50.28390 1.73453
C 3.92462 49.43080 1.59660
C 11.06470 53.92470 1.96439
C 8.42795 53.26650 1.92224
C 5.07236 52.63260 1.86577
C 2.10740 51.90370 2.26756
C 5.78213 55.72900 3.14997
C 8.54256 57.70180 3.90133
C 7.24712 61.01050 1.85389
C 9.26809 63.64090 1.61162
C 8.12315 66.57030 0.59950
C 7.13346 69.54820 -0.12575
C 23.61980 47.28760 2.61821
C 21.72170 50.12840 2.44749
C 18.34700 49.76020 1.57749
C 23.52240 52.84610 2.52964
C 20.19230 52.79290 2.31488
C 22.10650 55.63740 2.37034
C 23.53610 58.47070 2.04257
C 16.99820 63.50010 1.41513
C 14.32710 62.15010 1.43351
C 19.90300 68.43930 1.53515
C 17.18430 66.68540 1.31077
C 14.13840 65.49900 1.37028
C 17.26040 70.26650 1.02966
C 14.46220 68.84430 0.80416
C 12.06990 70.74530 -0.05871
C 12.32560 48.41330 1.57041
C 9.13170 47.86310 1.57912
C 10.35450 50.70350 1.86651
C 3.05560 55.51070 1.43855
C 5.16181 58.73910 2.25409
C 1.99541 59.21410 1.95345
C 4.00321 61.74600 1.60110
C 5.96114 64.22360 1.20611
C 2.96770 64.82480 0.97192
C 5.18386 67.29450 0.38270
C 2.09537 67.83350 0.31768
C 4.05705 70.07740 -0.25461
C 9.84736 89.75320 -2.23023
C 11.34950 92.88180 -2.16720
C 8.14579 92.64800 -2.88657
C 5.05504 91.77820 -3.45588
C 1.59134 91.77970 -4.12525
C 5.25995 75.11450 -4.35362
C 10.35400 78.03190 -4.40216
C 7.09036 77.81170 -4.45865
C 3.98220 77.92270 -4.61370
C 12.34800 86.57640 -5.26998
C 10.59870 87.89690 -2.26714
C 6.93517 89.45070 -3.11110
C 3.67230 89.17670 -3.76628
C 23.30070 80.18990 -1.15969
C 20.10080 81.44150 -1.71018
C 17.40610 83.27780 -3.21539
C 14.06860 86.17860 -6.12619
C 13.60640 87.52320 -2.47456
C 13.18630 90.50620 -1.01848
C 15.61340 92.51880 -1.80058
C 17.87890 94.73050 -1.24703
C 23.50070 95.00260 -0.97907
C 23.61740 72.97860 -1.31327
C 23.93200 76.56060 -0.51894
C 21.51760 77.82790 -1.84208
C 9.63657 71.69260 -3.83480
C 16.35820 78.04390 -4.07170
C 13.86070 76.67250 -4.84135
C 8.85165 74.98920 -3.90122
C 16.49110 81.63300 -3.84150
C 6.21242 71.95700 -4.02217
C 3.01086 72.41610 -4.07050
C 6.27857 94.85390 -3.48572
C 2.96988 94.44750 -4.15302
C 8.37505 80.78630 -4.78046
C 5.33724 80.78590 -4.69544
C 2.29612 80.52250 -4.88003
C 9.90284 83.84010 -4.94756
C 6.68850 83.71140 -4.55528
C 3.71597 83.51420 -4.51434
C 8.43032 86.68680 -3.89758
C 5.14580 86.46290 -4.12506
C 1.92563 86.48020 -4.35295
C 22.71480 83.40510 -1.39266
C 19.88340 85.00670 -2.22438
C 16.81990 86.50040 -2.62514
C 22.25520 86.96490 -1.41585
C 19.29200 88.22140 -1.82954
C 16.02610 89.29450 -2.09286
C 24.56930 88.88030 -0.75414
C 21.71390 90.15220 -1.06809
C 18.70000 91.34040 -1.43281
C 24.24840 91.94750 -0.66121
C 21.10850 93.21470 -1.20080
C 20.61510 71.30840 -1.95994
C 20.94270 74.58450 -2.11633
C 18.21090 72.86070 -2.58404
C 15.12810 71.43720 -3.00837
C 18.52270 76.22280 -2.99505
C 15.83900 74.64480 -3.68796
C 12.83540 73.29490 -3.97586
C 19.12700 79.88570 -2.72898
H 10.93850 91.05600 -0.55882
H 7.87579 90.82180 -1.31672
H 12.49220 93.85000 -0.08589
H 6.08012 93.14450 -1.72874
H 3.04690 92.75270 -2.33347
H 6.93627 76.24090 -2.90279
H 3.78172 76.30550 -2.78084
H 8.65350 79.08500 -2.94470
H 10.01930 81.86170 -3.07732
H 11.49680 84.47150 -3.99384
H 9.07788 88.24540 -0.30450
H 4.86667 90.03130 -1.70478
H 1.70116 89.88850 -2.44790
H 22.62200 78.39990 0.32371
H 21.84670 81.71070 0.23798
H 18.68500 83.15340 -1.04477
H 15.93680 84.38560 -1.49866
H 14.39110 86.16830 -3.56966
H 12.26120 88.20540 -0.48169
H 14.80460 90.59540 -0.41300
H 17.28690 92.64310 0.13854
H 15.23560 94.66450 -1.28402
H 19.78220 94.69400 0.06185
H 24.18670 71.02520 0.19494
H 24.09790 74.38930 0.78073
H 21.52640 75.98030 -0.19294
H 19.15020 77.90340 -1.33318
H 13.61360 74.99550 -2.89107
H 10.62490 73.62940 -2.81219
H 7.93105 73.02720 -2.68004
H 16.53500 79.63320 -2.33785
H 13.70070 78.17250 -3.34002
H 4.79717 73.39530 -2.63632
H 9.33468 93.66920 -1.02537
H 5.41530 79.01800 -2.98483
H 2.05967 78.80090 -3.29389
H 6.87676 81.78430 -3.08950
H 3.67023 81.61400 -3.14285
H 8.35087 84.66200 -3.08711
H 5.15467 84.44110 -2.72027
H 1.92909 84.40660 -3.00448
H 6.52768 87.21030 -2.24454
H 3.41013 87.08950 -2.43717
H 24.82090 80.54950 0.73316
H 24.13600 83.81460 0.59119
H 21.29880 85.00220 -0.26022
H 18.34720 86.24180 -0.75386
H 15.42240 87.30940 -0.81615
H 23.67230 86.98990 0.57445
H 20.76540 88.20720 0.12558
H 17.77550 89.35480 -0.30768
H 23.20770 90.13800 0.86309
H 20.24620 91.43160 0.48528
H 22.75850 93.37810 0.72463
H 21.35580 72.91980 -0.26633
H 18.56810 71.50280 -0.61206
H 18.73910 74.67950 -1.05128
H 16.00070 73.22440 -1.66364
H 13.11220 72.03810 -1.84074
H 16.28710 76.46910 -2.09225
C 9.05267 90.51710 0.78033
C 10.77400 93.02570 0.99833
C 7.47867 92.68680 0.22637
C 4.37865 92.01120 -0.33994
C 1.43967 91.66090 -0.74261
C 5.12398 75.46370 -1.27895
C 10.49020 78.29600 -1.28809
C 7.09825 78.21470 -1.33488
C 3.64452 78.37000 -1.45734
C 13.57750 82.78580 -3.94597
C 10.43820 87.52010 1.27688
C 6.67867 88.93340 -0.39041
C 3.16831 88.90480 -0.67962
C 22.71270 80.17620 2.01774
C 19.55050 81.08250 0.17932
C 16.52550 82.45780 0.05944
C 13.57240 84.03540 -2.37584
C 13.33410 86.31320 0.29097
C 12.74340 90.03020 0.88344
C 14.79980 92.85740 0.51593
C 17.75470 94.12320 1.72327
C 23.04960 95.07650 2.38735
C 22.91440 72.74090 1.73975
C 22.95360 76.42340 1.76830
C 20.30250 77.79650 0.95372
C 9.61661 72.38020 -0.90306
C 14.47900 78.01740 -1.57650
C 11.48630 77.19800 -2.72235
C 8.92339 75.20520 -2.00582
C 15.14170 81.11270 -0.74112
C 6.54165 72.69370 -1.00601
C 2.90020 73.22980 -0.95048
C 5.67018 95.19610 -0.41177
C 2.58556 94.73110 -0.92779
C 8.84312 81.28150 -1.63385
C 5.28486 80.90610 -1.43653
C 1.87783 80.64850 -1.83116
C 10.35060 84.18660 -1.69680
C 6.93608 83.50560 -1.40889
C 3.48972 83.33190 -1.40118
C 8.14993 85.95560 -0.97396
C 4.94274 86.05020 -0.82403
C 1.65086 86.05530 -1.12167
C 21.85610 83.37820 1.64870
C 19.08070 84.42460 0.82895
C 16.42340 85.58870 0.67412
C 21.58670 86.42310 1.72511
C 18.62840 87.63960 1.24566
C 15.62240 88.92750 1.02207
C 24.10760 88.52880 2.44255
C 21.09750 89.68850 2.06307
C 18.18490 90.79450 1.64894
C 23.65850 91.87290 2.61862
C 20.61190 93.20520 2.03223
C 20.07550 71.45950 1.25737
C 20.05920 74.55390 1.03940
C 17.29650 73.29810 0.37644
C 14.65140 72.12210 0.09022
C 17.41130 76.56330 -0.00724
C 14.78510 75.13540 -0.73460
C 12.14920 74.14680 -1.01313
C 17.27200 78.91900 0.05379
C 38.71930 0.21142 1.41596
C 36.37390 -0.02434 0.47773
C 39.83340 3.11400 1.62986
C 48.33660 9.41915 1.21639
C 45.40530 8.96274 1.46920
C 42.27940 8.57908 1.44670
C 43.12750 11.42630 0.92561
C 33.65710 -0.57273 1.88959
C 27.95970 0.60276 0.06524
C 36.00340 2.98042 1.91181
C 37.68630 5.67819 1.33883
C 39.36680 8.45556 1.13469
C 26.61880 8.93663 -0.78917
C 41.02530 11.10470 0.81468
C 39.67740 13.93710 0.12945
C 26.70460 14.75540 -0.70745
C 28.55770 17.41000 -0.66879
C 36.87440 20.20280 -0.53899
C 33.39390 20.02450 -0.48677
C 30.11990 20.30790 -0.47222
C 26.40070 20.79790 0.01071
C 49.50730 11.07900 0.85830
C 46.32090 12.14810 1.25163
C 44.91280 14.19070 -0.77516
C 43.51320 17.30700 -0.92865
C 40.62060 19.14350 -0.87172
C 40.36780 22.15520 -1.19009
C 47.93600 1.31852 2.86596
C 44.77230 0.69232 2.81804
C 41.76950 0.47302 2.19172
C 49.10620 3.93142 2.39100
C 45.95190 3.68228 2.42723
C 42.80930 3.22559 2.32697
C 47.44780 6.57572 1.96944
C 44.17780 6.05846 1.97080
C 40.93680 5.81052 1.74193
C 30.84270 0.20793 1.05427
C 32.79940 2.97303 0.99283
C 29.56520 3.20476 0.36085
C 26.54220 3.07944 -0.38748
C 34.35430 5.76753 0.96965
C 31.35600 5.92271 0.43554
C 28.10660 6.00446 -0.34313
C 36.18740 8.63045 0.64409
C 33.04860 8.54441 0.33267
C 29.90570 8.79527 -0.23192
C 37.94300 11.15730 0.45025
C 34.52160 11.30650 0.04701
C 31.61900 11.56980 -0.27352
C 28.36170 11.70700 -0.63687
C 36.45110 14.14640 -0.26130
C 33.23070 14.25140 -0.34754
C 30.02080 14.44890 -0.57505
C 38.23910 16.68950 -0.54691
C 34.91320 17.24380 -0.55988
C 31.80260 17.29420 -0.49673
C 49.34730 14.08810 0.17905
C 46.34540 15.77050 -0.27690
C 49.32280 17.26800 -0.63569
C 46.16160 18.81010 -0.98918
C 43.31560 20.70550 -1.35459
C 49.02600 20.35730 -1.30845
C 46.17370 21.97650 -1.59824
H 36.76660 0.90190 2.79615
H 41.02710 4.19474 3.61969
H 37.99500 3.97685 3.04490
H 48.84310 7.84900 3.09745
H 42.38310 7.05483 3.30913
H 46.81100 10.33250 2.80286
H 43.65900 9.97720 2.89844
H 30.49210 -1.15886 3.13931
H 27.78440 96.16530 1.49881
H 32.39260 1.40070 2.67974
H 26.04200 1.33617 1.28160
H 34.06100 4.26278 2.82148
H 39.08300 6.94927 3.01232
H 35.91380 6.99536 2.54022
H 40.62550 9.69726 2.78954
H 39.37870 12.41180 2.01389
H 26.71750 12.83610 0.91305
H 40.94160 15.41690 1.84144
H 37.92380 15.10210 1.40680
H 36.60910 18.01650 0.80760
H 27.02860 18.47990 1.13008
H 34.84870 21.04080 0.80103
H 31.83780 20.75890 1.43666
H 28.75290 21.23140 0.96184
H 48.51950 12.81520 2.03693
H 45.58320 14.46800 1.69755
H 43.08410 15.38370 -0.31265
H 42.42320 19.24280 0.29318
H 39.81700 20.87890 1.04033
H 24.82410 95.83240 0.87746
H 47.93890 -0.42238 4.64811
H 44.70450 -0.83667 4.73469
H 41.78530 96.17920 3.67028
H 38.68640 95.81270 2.80889
H 49.46660 2.50061 4.32222
H 46.12540 2.11666 4.23477
H 42.91230 1.58596 4.13462
H 39.77910 1.35044 3.34860
H 47.46240 4.93765 3.85130
H 44.16400 4.52157 3.92848
H 45.59490 7.49807 3.42573
H 29.09870 1.52085 2.12738
H 30.94860 4.17705 2.15961
H 27.86620 4.26170 1.34764
H 32.60510 7.06228 2.26134
H 29.47620 7.03980 1.49908
H 26.25390 7.10789 0.93190
H 37.62410 9.66422 2.37647
H 34.46290 9.74782 1.96372
H 31.32710 9.86648 1.51920
H 28.13060 9.88891 1.02315
H 36.17770 12.40200 1.52795
H 33.02630 12.56690 1.49899
H 29.90270 12.60140 1.03935
H 34.84200 15.37600 1.10114
H 31.62400 15.41960 1.13530
H 28.44200 15.53270 0.96088
H 33.37020 18.16390 1.20820
H 30.13870 18.30960 1.03839
H 48.28920 16.04230 1.24554
H 45.20630 17.49610 0.95295
H 48.11400 19.07760 0.57965
H 45.22260 20.71990 0.28384
H 42.41290 22.46710 0.15519
H 48.02310 22.20620 0.02538
C 38.01610 -0.02479 4.47292
C 34.98730 -0.48853 3.73656
C 39.25780 3.08728 4.98126
C 48.53810 9.98831 4.44335
C 45.35520 9.63349 4.63664
C 42.10170 9.11327 4.59075
C 42.98130 12.09850 3.99992
C 33.58070 0.82886 4.70330
C 27.24020 0.39045 3.16574
C 35.90320 2.93530 3.90132
C 37.22170 5.94806 4.35613
C 38.89370 8.94638 4.33258
C 26.20200 9.07055 2.39883
C 40.85300 11.80540 3.94540
C 39.70400 14.66050 3.05678
C 26.68470 14.74700 2.54330
C 28.37000 17.49720 2.59261
C 37.33420 20.47720 1.38728
C 33.88730 20.05950 2.82791
C 29.94520 19.96560 2.90611
C 26.42800 20.86950 1.95655
C 49.40870 11.91030 4.12118
C 46.28040 12.67850 3.13772
C 43.24700 14.25080 2.10934
C 42.88930 17.18740 1.63918
C 40.87590 19.64450 2.45845
C 40.96030 22.88650 2.10416
C 47.81860 1.65609 5.91720
C 44.55900 1.30243 5.95179
C 40.99060 0.44247 5.18787
C 49.21770 4.56715 5.57608
C 45.99390 4.19290 5.56862
C 42.47960 3.54012 5.52814
C 47.39290 7.06595 4.99555
C 44.00090 6.66844 5.10060
C 40.62070 6.28366 4.86502
C 30.36600 0.92235 4.13324
C 32.13990 3.44613 4.14889
C 28.98890 3.55510 3.44245
C 25.84850 3.31259 2.62496
C 34.13710 6.06217 4.05455
C 30.78450 6.23648 3.53683
C 27.50730 6.21519 2.81323
C 35.80520 8.95672 3.92397
C 32.64150 9.13436 3.49177
C 29.48710 9.08279 2.95964
C 37.58640 11.77290 3.53724
C 34.53780 11.84050 3.29272
C 31.28850 11.90570 2.99130
C 28.07570 11.91420 2.58610
C 36.26130 14.43490 2.95941
C 33.25230 14.62960 2.83878
C 29.84610 14.56530 2.61103
C 39.08310 17.19950 1.29617
C 35.14220 17.29940 2.67201
C 31.65650 17.36520 2.72529
C 49.13360 14.92720 3.21736
C 46.25590 16.06080 2.76547
C 49.19480 17.93650 2.51455
C 46.13900 19.18800 2.12633
C 43.36350 20.96490 1.86501
C 48.94910 20.89980 1.91877
C 46.13800 22.67580 1.52961
C 49.03350 29.81820 0.09383
C 47.56160 32.65820 0.02521
C 49.54010 35.50350 -0.09270
C 48.14410 37.99180 -0.34450
C 37.70650 23.67700 -1.24822
C 40.16240 26.10650 -0.75058
C 42.90200 27.37650 -1.55988
C 48.97700 27.12850 -1.76558
C 45.81440 29.21490 -1.82771
C 36.95620 25.65350 -1.30535
C 33.83590 24.00170 -1.04567
C 29.94350 23.44780 0.74350
C 40.47760 29.80160 -1.43987
C 37.62220 28.68170 -1.17497
C 28.36610 25.63180 -1.38400
C 44.28440 33.25930 -0.65947
C 41.24570 33.12290 -1.43453
C 25.80860 27.64890 -1.34007
C 42.03440 36.76100 -0.56486
C 39.40320 38.13850 -1.07355
C 37.40980 40.77100 -0.80308
C 34.85600 42.60610 -1.23556
C 31.58590 41.46380 -1.33690
C 28.61880 40.69150 -2.70635
C 25.13380 39.55460 -3.33148
C 25.13880 43.12630 -3.44499
C 31.85190 44.66070 -0.79108
C 28.53530 44.54820 -1.01939
C 32.99140 47.47660 -0.57304
C 45.97050 35.69830 0.17938
C 44.77690 38.88720 -0.68153
C 41.86510 40.24860 -0.79417
C 47.08820 40.93710 -0.89404
C 41.31920 43.45700 -0.79054
C 38.15370 44.88240 -1.54906
C 35.29050 45.83490 -0.17702
C 47.29330 44.05870 -1.26935
C 43.15380 23.94730 -1.62979
C 48.99280 23.62130 -1.88837
C 46.22110 25.08370 -2.27745
C 34.55990 27.67170 -1.36363
C 31.51050 26.28520 -1.20249
C 38.06680 31.85430 -1.35325
C 35.06530 30.73220 -1.39536
C 32.05130 29.66980 -1.37592
C 28.93090 28.38950 -1.21357
C 38.70130 35.12780 -1.27247
C 35.61940 33.98740 -1.37414
C 32.63650 32.96370 -1.42333
C 29.47430 31.71030 -1.39751
C 26.22480 30.70920 -1.06072
C 36.45770 37.11170 -1.40741
C 33.31020 36.00780 -1.50307
C 30.00570 34.91610 -1.54680
C 27.23600 33.66950 -1.58916
C 34.07840 39.28670 -1.49796
C 30.96790 38.00400 -1.81010
C 27.37610 36.83970 -1.66287
C 29.84230 47.27320 -0.54879
C 44.16950 41.98470 -0.86775
C 44.17180 45.15620 -1.00363
C 41.04100 46.46970 -0.80044
H 47.67680 30.96300 1.90890
H 49.23160 33.72210 1.59598
H 47.96080 36.43330 1.52153
H 39.60850 24.01020 0.34509
H 42.38140 25.54630 0.00136
H 41.12020 28.19380 -0.01503
H 47.55680 28.45210 -0.14716
H 44.52410 29.63760 0.46166
H 38.24690 27.00800 0.39583
H 35.07620 25.89070 0.27432
H 32.08130 24.71520 0.48454
H 41.79540 31.23970 0.33887
H 38.78330 30.22750 0.30466
H 29.73940 26.81850 0.46092
H 26.86330 25.66030 0.06176
H 42.37920 34.39180 0.11658
H 39.88980 36.32350 0.46208
H 41.09650 38.65430 0.67544
H 25.10970 33.86240 -0.05455
H 38.00160 41.40310 1.65365
H 32.08750 39.42990 -0.01621
H 29.12170 38.29760 -0.60198
H 24.92630 37.74760 -1.36856
H 35.93670 43.62370 0.71079
H 32.86930 42.70190 0.33287
H 28.54110 42.60750 0.08510
H 33.21130 45.58570 1.01660
H 30.10910 45.36670 0.84867
H 46.04230 33.50400 1.21674
H 44.16210 37.27060 0.63660
H 46.58590 39.34210 0.97123
H 43.60990 40.41460 0.91384
H 40.81390 41.80180 1.13002
H 38.74000 43.02700 -0.66194
H 46.21670 42.47780 0.34359
H 45.19970 23.90820 -0.39530
H 47.82730 25.35490 -0.49642
H 45.00190 26.95540 -1.11661
H 35.68430 29.06970 0.33738
H 32.71790 27.94560 0.25853
H 39.33170 33.27340 0.22780
H 36.25130 32.24440 0.25793
H 33.30030 31.20440 0.18573
H 30.17020 30.04390 0.23142
H 27.17320 28.86760 0.40575
H 36.81490 35.33820 0.31955
H 33.83040 34.32710 0.25035
H 30.74610 33.22330 0.12593
H 27.71610 32.07050 0.24673
H 37.44170 38.56420 0.29790
H 34.48340 37.40520 0.06240
H 31.32070 36.29930 0.01679
H 28.17760 35.24160 0.08079
H 35.16930 40.67170 0.19509
H 26.83380 45.25360 0.79540
H 43.29680 43.60540 0.68835
H 40.47430 44.87190 1.10798
H 37.57910 46.07000 0.62756
H 46.11180 45.68330 0.36335
H 43.11660 46.86690 0.53323
C 49.00990 30.23720 3.28235
C 47.33880 33.08930 3.19792
C 49.65410 35.63240 3.09313
C 48.04280 38.29330 2.74711
C 37.79580 23.78530 1.94130
C 40.41400 26.19250 1.14542
C 43.33880 27.50070 0.81838
C 47.64560 26.83610 1.57863
C 46.08810 29.85690 1.41916
C 36.97940 25.81040 2.04160
C 34.38880 23.60420 0.87477
C 31.48830 22.82750 2.19255
C 40.67350 29.76200 1.84204
C 37.58290 28.82460 1.93562
C 28.78300 25.01720 1.73485
C 44.05340 32.12100 1.07928
C 41.12440 33.14910 1.91404
C 26.42650 27.33910 2.06638
C 42.07250 36.49440 1.51401
C 39.10480 38.06330 2.01618
C 36.68090 40.12230 2.14405
C 34.59180 42.19680 2.12687
C 30.74600 41.37180 0.54474
C 28.52590 40.23940 -0.88031
C 23.77040 38.97370 -0.30797
C 26.15740 42.13060 -0.50916
C 31.77460 43.96090 2.21456
C 28.48180 43.91270 2.18888
C 32.98450 47.30460 2.74642
C 45.63450 35.82680 2.01436
C 44.72980 38.85630 2.43509
C 41.91190 39.98520 2.62030
C 46.61870 41.21020 2.40494
C 41.89520 43.60430 2.71609
C 38.22490 43.94620 1.66142
C 35.51530 45.68560 1.89393
C 47.42550 44.28610 1.47102
C 43.52100 24.26660 1.45019
C 49.02280 24.14570 1.18305
C 45.94830 25.85930 0.95105
C 34.49440 27.62650 1.97555
C 31.70230 26.42630 1.93271
C 38.10300 31.85410 1.86969
C 35.03390 30.82900 1.87732
C 32.11650 29.76480 1.76761
C 29.08910 28.62100 1.97491
C 38.60960 34.91240 1.92808
C 35.56620 33.96080 1.89708
C 32.45900 32.91790 1.79571
C 29.52120 31.87880 1.84558
C 26.47130 30.63100 1.99594
C 36.12510 37.16470 1.85474
C 33.04860 36.17090 1.71272
C 29.76370 35.03920 1.61086
C 26.56380 33.91510 1.55088
C 33.69380 39.25470 1.58813
C 30.44260 38.18210 1.43896
C 26.88610 37.39970 0.21356
C 29.91430 46.92920 2.62757
C 44.63850 42.09120 2.18615
C 44.35960 45.42250 2.06581
C 41.43850 46.77520 2.42598
H 37.29610 60.16200 0.26056
H 34.87120 58.55900 0.59415
H 40.38810 63.60380 -0.58612
H 37.30170 62.96160 -0.02738
H 44.42990 67.87770 -0.44489
H 41.14700 66.77110 -0.82418
H 29.26010 62.69020 0.77165
H 44.78020 71.02930 -0.13784
H 25.69630 65.21410 0.32129
H 26.72450 68.62650 0.32403
H 27.89110 71.52040 0.70569
H 34.54010 61.67260 0.43705
H 38.00900 65.79510 -0.48540
H 35.04540 64.93530 0.05132
H 32.13780 63.72940 0.77639
H 41.83430 69.89650 -0.52934
H 38.79860 68.85220 -0.51042
H 35.58910 68.04110 -0.14985
H 32.52240 66.98980 0.22514
H 28.72510 66.11700 0.50566
H 36.25700 71.10170 -0.16848
H 33.17730 70.05350 0.19443
H 29.94800 69.09970 0.35030
C 47.74080 65.43570 -3.23839
C 49.05380 69.21040 -1.09921
C 35.17520 50.00790 0.27928
C 36.20110 53.51950 -1.29280
C 34.11740 56.19700 1.06563
C 31.97330 55.57320 -0.26574
C 30.60130 58.42850 -0.20549
C 28.45210 61.04930 -0.81668
C 25.48120 61.02970 -1.12939
C 36.87590 58.11910 -0.91769
C 39.15010 61.41520 -0.70434
C 36.04750 61.34090 -1.45034
C 33.36810 60.00580 -0.89640
C 43.18500 66.07300 -2.06571
C 39.68500 65.33960 -2.27757
C 31.03110 62.14400 -0.80151
C 43.80680 69.81420 -2.04635
C 27.73590 64.13280 -0.44378
C 25.51500 67.11680 -1.23841
C 26.32290 70.61070 -1.16250
C 38.21270 48.03930 -0.67093
C 37.94450 51.21180 -0.39073
C 37.62090 54.85740 -1.14399
C 40.38240 56.39020 -1.17215
C 42.73760 58.22260 -1.18939
C 48.12830 58.88720 -0.96986
C 42.37460 61.94690 -0.97923
C 47.33070 62.09800 -1.12070
C 45.65060 63.40510 -0.81471
C 26.76160 47.22780 -0.66334
C 31.65410 50.06810 -0.45857
C 28.27390 50.02380 -0.46594
C 25.14990 50.12820 -0.57430
C 33.06270 52.66660 -0.46798
C 29.87790 52.74520 -0.50404
C 26.86150 52.69160 -0.56820
C 28.61090 55.46100 -0.73167
C 25.45810 55.42590 -0.81871
C 27.09960 58.27120 -0.96651
C 36.50960 64.50010 -1.84620
C 33.65980 63.33510 -1.11236
C 40.66310 68.46130 -2.19178
C 37.29680 67.60820 -1.94486
C 34.25490 66.62770 -1.58138
C 30.93120 65.45060 -0.48973
C 37.92480 70.66730 -1.90774
C 34.85050 69.83760 -1.65219
C 31.77640 68.73770 -1.31261
C 28.51390 67.84950 -1.21637
C 32.64820 71.87710 -1.22822
C 29.63510 71.07440 -1.19946
C 47.07210 47.41160 -0.92579
C 43.81370 48.62330 -0.97893
C 40.92930 49.77480 -0.79262
C 46.60650 50.52320 -0.90053
C 43.41930 51.78670 -0.98610
C 40.44710 53.40400 -0.94173
C 46.35110 53.72790 -0.99317
C 43.13240 55.09800 -1.01171
C 48.84810 55.80840 -0.94763
C 45.82860 56.84600 -1.06198
C 45.01810 60.21610 -0.98543
H 47.70560 64.70010 -1.27773
H 49.30020 67.00890 0.19787
H 47.28090 69.41650 -0.04566
H 34.70490 47.86160 1.08883
H 33.12360 50.88030 1.34747
H 34.65680 53.74920 0.75037
H 32.60000 57.79540 2.41611
H 31.61470 60.46900 0.76108
H 28.53190 59.39820 0.63272
H 26.76890 62.14770 0.54807
H 37.38800 49.32860 1.26975
H 48.55250 47.66410 1.12221
H 39.84290 51.45130 0.68804
H 39.43620 54.80420 0.51482
H 36.63910 56.19870 0.76727
H 39.12070 57.93440 0.44609
H 41.76720 59.83410 0.29639
H 46.94590 60.34110 0.47971
H 44.40310 61.96990 0.68588
H 31.40590 48.24390 1.14992
H 28.33350 48.12270 1.15620
H 29.93220 50.93690 1.08953
H 26.71660 50.95260 1.09049
H 31.44420 53.73350 1.17933
H 28.31800 53.77180 1.05895
H 25.18730 53.73840 0.95532
H 29.99600 56.47450 1.04731
H 26.89390 56.52420 0.68822
H 25.39540 59.24880 0.56813
H 40.19990 48.08120 0.76382
H 45.72350 48.83400 0.61230
H 42.80020 50.15150 0.81937
H 48.40970 50.87180 0.80106
H 45.31270 52.09450 0.57825
H 42.42880 53.36570 0.60663
H 48.00460 54.05970 0.56397
H 45.03230 55.20430 0.61245
H 42.02160 56.59490 0.56868
H 47.54970 57.17110 0.58975
H 44.56720 58.31490 0.49205
C 46.88640 66.89430 -0.31516
C 48.61420 68.58700 1.94565
C 35.24330 49.97300 2.25790
C 36.46410 52.99440 2.40268
C 32.98030 57.92620 4.55098
C 31.37570 55.54460 2.89839
C 30.33260 58.74780 2.05169
C 28.14310 61.15840 2.24230
C 25.16000 61.19170 2.03167
C 37.05200 58.40010 1.94198
C 39.54620 60.32950 1.20176
C 36.45900 61.68300 1.97706
C 33.59340 60.19370 2.09344
C 43.38540 65.65460 -0.11859
C 40.01920 65.27590 0.91478
C 30.98990 62.31000 2.35319
C 43.66560 69.09080 1.10488
C 27.57440 64.21500 1.55973
C 25.48620 67.10100 1.88335
C 25.92980 70.38250 1.94532
C 38.48430 47.39860 2.44018
C 38.70010 50.52580 2.78202
C 37.69740 54.66910 2.40209
C 40.14050 56.47370 2.18783
C 42.57620 58.63500 1.97240
C 48.20300 58.95680 2.13129
C 42.09990 62.35740 1.07064
C 47.48270 62.04660 2.11309
C 45.82700 63.32600 2.19250
C 26.65950 46.91440 2.48728
C 31.42900 50.06980 2.86487
C 28.30950 50.02690 2.68825
C 25.09270 50.05280 2.65052
C 33.10440 52.81580 2.78848
C 29.85040 52.82500 2.70215
C 26.69250 52.86910 2.62639
C 28.24850 55.69100 2.60826
C 25.26500 55.68350 2.35351
C 26.89320 58.45400 2.22632
C 36.92950 64.85710 1.50300
C 33.95750 63.58650 1.88233
C 40.73460 68.33250 0.98270
C 37.59910 67.50240 1.18257
C 34.23990 66.73730 1.60583
C 30.86820 65.62500 1.50256
C 38.20710 70.48310 1.20155
C 35.12010 69.74520 1.54091
C 31.81340 68.80530 1.83452
C 28.48060 67.76190 1.93902
C 32.70470 71.68970 1.99004
C 29.46250 70.89530 2.07973
C 46.79430 47.22490 2.27868
C 43.86190 48.56190 2.26272
C 40.86970 49.78660 2.34058
C 46.41660 50.57300 2.20545
C 43.53290 51.98160 2.29293
C 40.54880 53.35750 2.21916
C 46.18900 53.74480 2.24486
C 43.13670 55.16550 2.19736
C 48.78400 55.76510 2.23235
C 45.69170 56.97680 2.17250
C 45.15120 60.13320 2.08830
H 42.38580 73.10430 -0.83019
H 39.88770 75.32450 -0.49167
H 37.64850 77.12220 1.18173
H 26.25320 73.21070 -1.30203
H 35.14470 79.19650 1.95293
H 32.11090 78.53970 0.81994
H 29.30680 77.51800 -0.24728
H 26.41360 76.39260 -0.69799
H 39.33030 72.01960 -0.38661
H 37.00940 74.09850 0.26365
H 33.94300 73.11610 0.45259
H 30.89890 72.28170 0.51159
H 34.48160 76.36830 0.59781
H 31.61240 75.34870 0.41461
H 28.51930 74.68780 0.38116
C 44.17250 89.45560 2.58440
C 37.80020 89.46880 0.92199
C 48.35500 93.30900 3.44763
C 45.50450 92.08260 4.44495
C 42.71560 92.29780 2.41958
C 39.81470 92.17140 1.07208
C 35.63060 92.08450 0.73101
C 34.49170 93.90770 0.92687
C 46.46600 74.62120 1.74340
C 43.30960 76.04350 2.87238
C 41.24750 78.13320 1.49036
C 39.26670 80.21930 -0.01658
C 39.24910 83.33540 0.48672
C 39.29060 86.69770 1.01167
C 41.12440 88.73070 2.90953
C 47.18490 88.16030 2.74299
C 46.89210 71.63370 -1.30229
C 30.00160 95.84950 0.76760
C 26.10600 78.84920 -0.41957
C 30.31690 79.73390 -0.46379
C 28.36960 80.71000 -0.13398
C 35.92950 83.27350 1.52520
C 33.26710 85.01400 0.88489
C 36.16020 86.42790 1.03321
C 32.95780 88.12230 0.77279
C 32.95870 91.37980 2.25569
C 29.86410 92.66480 1.18086
C 44.17250 72.80220 -1.86225
C 41.66100 75.20890 -2.07596
C 38.72190 77.09380 -1.23915
C 26.18000 74.74920 -2.68191
C 37.17850 79.39840 0.30485
C 31.53350 77.19830 -1.23044
C 28.52190 75.94910 -1.92560
C 46.49410 95.65850 3.31323
C 43.90220 95.18860 2.84200
C 40.77410 95.11240 1.71338
C 37.89250 94.67990 0.69707
C 46.83400 78.14210 2.02202
C 44.20320 79.83780 1.81275
C 41.83960 81.67740 1.22396
C 47.00980 81.50800 2.19374
C 44.38740 83.27910 1.94834
C 41.83550 84.99950 1.68812
C 47.07460 84.84560 2.42541
C 44.20320 86.57340 2.39223
C 25.72700 82.40020 -0.63104
C 31.05740 83.05970 0.28473
C 28.04330 84.19740 -0.23001
C 25.17220 85.58520 -0.75743
C 30.53330 86.34080 0.41371
C 27.67440 87.39490 -0.18465
C 30.06920 89.47000 0.47114
C 27.19000 90.88880 -0.01054
C 26.63270 94.29870 0.35914
C 41.00420 71.51240 -2.18615
C 38.42080 73.77840 -1.80379
C 35.56060 72.98710 -1.39093
C 36.49460 76.18490 -0.82140
C 33.65210 75.10170 -0.98081
C 30.37690 74.03860 -1.19940
C 34.17490 78.57890 -0.44039
H 42.33600 90.70750 3.79887
H 39.20120 90.39100 2.81945
H 46.74680 94.14220 5.16475
H 37.59360 93.03650 1.95180
H 33.58900 93.60460 3.37935
H 35.67960 95.59250 1.65117
H 45.75100 76.71150 3.34584
H 42.90510 78.51460 3.41790
H 40.36590 80.17200 2.24728
H 37.72280 81.62710 1.55940
H 48.47240 78.31060 4.02571
H 37.84830 84.87960 1.83504
H 37.61500 87.61580 2.59104
H 40.41670 86.34980 3.17229
H 45.57740 89.58560 4.25455
H 47.84370 91.32310 4.95741
H 47.40680 72.39890 1.08192
H 25.19780 77.41840 1.45337
H 27.54560 79.29370 1.65114
H 30.12870 81.14850 1.57908
H 32.46180 83.20330 2.42550
H 34.91630 85.16060 2.86188
H 34.69510 88.21300 2.24754
H 31.56720 89.53520 2.46837
H 28.59520 90.66980 2.08528
H 25.76610 92.08590 1.25876
H 30.37660 93.13160 3.09798
H 43.55350 93.61900 4.40175
H 40.51230 93.30350 3.19481
H 45.93630 79.89420 3.60757
H 43.26410 81.57870 3.25490
H 40.50150 83.19900 2.65125
H 48.72530 81.55110 4.00496
H 46.00340 83.07610 3.78977
H 43.27460 84.69450 3.65919
H 48.82430 84.78230 4.19321
H 46.00640 86.39650 4.05805
H 43.05320 87.79620 4.12637
H 48.49240 88.24280 4.45077
H 27.23980 82.42630 1.27930
H 29.61200 84.42610 1.67697
H 26.65250 85.64760 1.23225
H 32.01750 86.43420 2.46747
H 29.06580 87.68120 1.80656
H 26.18510 88.87820 1.11611
C 43.53530 89.64090 5.75401
C 36.61220 89.83860 2.68881
C 48.52170 93.15570 6.53823
C 44.94900 92.90980 6.30004
C 41.54020 92.51310 5.34045
C 38.59810 92.00660 4.13710
C 35.43870 93.75850 4.95286
C 32.21570 94.91250 3.76872
C 46.95720 74.57200 3.79584
C 43.56250 76.40160 4.64732
C 40.85650 79.13210 4.54941
C 38.17360 80.20560 3.49337
C 38.34110 83.20740 3.60028
C 38.27160 85.72600 4.10780
C 40.82750 87.98550 5.03526
C 46.49850 87.92190 5.95607
C 46.42160 71.02270 1.83077
C 28.96180 95.25090 3.58701
C 25.34230 79.47360 2.87316
C 31.83260 79.99720 2.81675
C 28.30520 81.21410 3.18997
C 33.91000 81.30830 2.72232
C 33.23280 84.98730 4.12971
C 35.93760 87.00990 4.26838
C 32.85680 88.08900 4.10045
C 32.11880 91.54830 3.95318
C 28.77320 92.09530 4.28257
C 43.56910 72.43690 1.31691
C 42.39430 75.55100 -0.44532
C 39.89660 76.49840 1.82802
C 26.47750 73.52790 1.28684
C 37.15550 78.44450 3.29587
C 30.77590 77.20040 1.80677
C 27.61330 76.79870 1.43743
C 46.41770 96.23090 6.41352
C 42.85780 95.52730 5.81266
C 39.89140 95.06850 4.77350
C 36.68370 94.61170 3.61821
C 46.81300 78.20820 5.30017
C 43.91500 79.95770 5.03543
C 41.11030 81.34250 4.30362
C 46.74110 81.41960 5.41490
C 44.02710 82.91140 5.20650
C 41.08880 84.45290 4.69648
C 46.69220 84.53790 5.56788
C 44.04650 86.00850 5.50528
C 25.00350 82.45910 2.30035
C 30.69530 83.00770 3.48198
C 27.49160 84.21010 2.97047
C 24.50910 85.47780 2.37717
C 29.89690 86.07370 3.48601
C 26.95230 87.37940 2.93652
C 29.52140 89.11440 3.79074
C 26.47370 90.40070 3.04801
C 26.28750 94.35760 2.14063
C 41.42630 71.68970 0.98887
C 39.15170 73.71710 1.38781
C 35.88600 72.52190 1.78608
C 36.27740 75.62700 2.11453
C 33.28940 74.77450 2.06659
C 30.28490 74.10410 2.05089
C 33.79510 77.73950 2.55582
C 54.95780 96.07480 3.19759
C 52.15650 95.31660 4.42971
C 49.61940 96.20570 3.06892
C 55.75180 4.14757 2.00604
C 52.43940 4.23772 2.37359
C 50.74440 6.86539 1.84249
C 59.86190 0.64191 1.43266
C 58.85080 3.69471 1.47859
C 57.70080 6.81155 1.70997
C 60.32390 8.18982 0.57453
C 74.03140 11.28280 -4.00897
C 68.26450 10.65620 -2.58264
C 65.30370 10.87040 -0.34050
C 61.79160 11.22850 -0.27129
C 71.34230 13.38220 -2.68339
C 68.14170 12.56620 -1.99129
C 66.34990 14.90260 -1.20013
C 63.54150 14.19290 -1.00871
C 63.76630 17.28780 0.15303
C 61.83220 20.13450 -0.11587
C 63.62300 22.52350 -0.56786
C 60.71360 22.59040 -0.06479
C 54.47700 7.49904 2.33646
C 52.21860 9.50733 1.48775
C 57.86280 10.01000 2.42888
C 57.79570 12.84140 0.66113
C 60.21220 13.99740 -0.73976
C 60.68650 17.16280 -0.22353
C 57.51590 19.15950 -1.08023
C 57.89070 23.05020 -0.26178
C 56.82540 1.33698 2.13241
C 53.87520 1.45083 2.89677
C 51.16990 1.43044 2.93229
C 69.00220 95.44930 -0.60813
C 66.09930 -1.09140 0.03226
C 62.87630 -0.31180 0.88093
C 71.14940 0.32606 -1.27660
C 68.03450 1.24009 -0.62233
C 64.99400 2.02703 0.15683
C 61.89340 2.85270 0.90601
C 70.31310 3.59524 -1.29673
C 67.28030 4.20866 -0.59402
C 63.99070 5.02724 0.13610
C 61.02130 5.99248 1.00759
C 73.08470 5.99977 -1.32210
C 69.63860 6.49572 -1.32345
C 66.60340 7.43920 -0.79980
C 63.23020 7.80396 -0.07013
C 72.81850 16.51550 -1.89708
C 69.47220 15.63510 -1.70539
C 70.67710 18.66810 -1.47789
C 67.52510 17.88750 -1.16456
C 71.94360 21.53350 -1.31519
C 68.67320 20.92690 -1.18225
C 65.37860 20.09030 -0.86123
C 54.94020 11.19870 1.08023
C 52.22440 12.61380 0.67001
C 54.91960 14.17550 0.42483
C 52.07930 15.75870 -0.15829
C 57.79700 15.90320 0.10229
C 54.71780 17.28730 -0.50867
C 52.02130 19.04030 -0.91392
C 54.78140 20.56880 -1.26483
C 51.96270 21.89790 -1.54072
H 57.04830 -0.45944 3.75624
H 54.21480 0.19993 4.99927
H 55.77850 2.63696 3.97204
H 54.31010 5.46523 3.57954
H 52.28160 7.93228 3.34476
H 59.93960 -1.11056 3.12248
H 58.87290 1.96485 3.29082
H 57.73830 4.89400 3.28325
H 59.92670 7.20851 2.88093
H 56.71510 7.94540 3.40043
H 71.61160 7.35171 0.15452
H 68.31350 7.79242 0.04399
H 65.15440 8.74464 0.91240
H 61.95980 9.32850 1.49516
H 72.28940 11.49390 -2.12210
H 72.95490 14.25640 -0.93239
H 69.91690 13.52140 -0.52337
H 66.79430 12.83010 0.11315
H 64.95220 15.26550 0.74312
H 62.00890 18.27900 1.45426
H 60.89540 21.09530 1.99210
H 54.20030 9.87784 2.91469
H 51.28750 11.47900 2.62378
H 56.76920 11.64180 2.54560
H 59.47390 13.20090 1.68958
H 61.76780 15.03610 0.48292
H 59.39250 16.59780 1.82259
H 59.43140 19.36840 0.12676
H 56.54900 21.03860 0.33519
H 53.65280 22.43040 0.11201
H 51.05690 -0.08439 4.67356
H 52.60280 2.85980 4.46310
H 50.65380 5.26217 3.71221
H 71.10090 96.17660 0.46504
H 68.13950 -0.49068 1.11997
H 65.06450 0.31898 1.80187
H 61.99630 1.12155 2.62153
H 70.12180 1.82349 0.33898
H 67.13980 2.59955 1.23587
H 64.05530 3.42016 2.00090
H 60.98560 4.20272 2.66568
H 72.30770 4.09778 0.03180
H 69.30330 4.87470 0.56527
H 66.16030 5.72495 0.97562
H 63.17390 6.42218 1.99460
H 63.49400 12.35970 0.62640
H 71.09550 16.62830 -0.17357
H 68.03460 15.97680 0.26077
H 72.26770 19.57190 0.13042
H 69.09520 19.00390 0.32400
H 65.95200 18.30180 0.70884
H 70.20120 22.03370 0.33295
H 66.97270 21.38570 0.48541
H 63.88440 20.77320 1.03909
H 53.98780 13.10980 2.38617
H 51.17250 14.57030 1.80288
H 56.71780 14.74160 2.01139
H 53.90570 16.17170 1.50039
H 51.09500 17.71890 0.94812
H 56.63390 17.88970 0.90881
H 53.85470 19.28960 0.66441
H 50.81470 20.74810 0.34719
C 56.37120 -0.08288 6.08688
C 52.71490 -1.17232 6.16649
C 49.55860 -0.93990 6.44768
C 56.07450 4.78112 5.12200
C 52.56140 5.15470 5.35682
C 50.60920 7.43975 4.87512
C 60.57020 0.74180 4.59352
C 59.52680 3.87591 4.61389
C 58.34720 6.82892 4.78244
C 60.61880 9.06713 3.78702
C 71.21480 9.41050 -1.12650
C 69.26350 9.85328 -0.64623
C 65.43380 11.22310 1.51461
C 61.31450 11.59440 1.68912
C 71.68600 12.51940 0.39074
C 68.55600 12.25180 1.22242
C 66.90450 14.56540 1.93073
C 63.39400 13.95740 2.14149
C 64.09140 17.21530 1.97592
C 62.77170 19.94170 3.09797
C 63.90900 22.57840 2.55388
C 61.00410 23.19800 3.00690
C 54.50580 7.91088 4.36855
C 52.27540 10.22300 4.37650
C 57.52010 9.99859 4.34946
C 57.94370 13.48260 3.75380
C 60.73640 15.20090 2.81227
C 59.89030 18.92040 2.56946
C 57.71280 19.78640 2.04345
C 57.75990 22.92220 1.65040
C 57.41910 1.45892 5.24927
C 54.47230 2.49229 6.00659
C 51.05830 1.92008 6.11122
C 69.84130 95.84600 2.47437
C 66.84160 -0.72839 3.15539
C 63.82300 0.03829 3.90892
C 71.69350 0.69315 1.71625
C 68.91980 1.44913 2.41567
C 65.82390 2.20255 3.21104
C 62.80790 3.03247 3.95116
C 70.84720 3.52281 1.89473
C 67.73260 4.58115 2.46422
C 64.92730 5.46898 3.14072
C 61.77980 5.96297 3.97915
C 72.83330 5.72051 1.88202
C 69.91480 6.97031 1.85545
C 66.87750 7.75719 2.20216
C 63.59840 8.63023 3.03455
C 72.89460 15.48890 1.08250
C 69.95720 15.09700 1.41368
C 70.99020 18.19560 1.71586
C 67.97960 17.58980 1.96388
C 71.98740 21.24550 1.89469
C 68.79600 20.75900 1.97852
C 65.87980 20.03290 2.31080
C 54.94800 11.69940 4.17809
C 52.06340 13.51890 3.84440
C 54.90000 15.12370 3.54450
C 51.96570 16.62650 2.92996
C 57.46240 16.89480 3.04175
C 54.87210 18.14080 2.62409
C 51.94060 19.68800 2.18063
C 54.74640 21.24490 1.97033
C 51.73730 22.70080 1.53831
C 73.92940 27.74680 -0.86006
C 63.49450 25.54690 -0.02547
C 71.13190 29.05600 -1.70245
C 68.03530 28.84660 -1.71689
C 64.88200 28.75030 -1.21817
C 59.93980 25.94530 -0.51745
C 56.93220 26.43700 -0.68523
C 53.86360 27.43080 -0.99435
C 61.76230 28.64390 -0.69559
C 52.28030 30.03980 -0.30221
C 63.73960 31.74470 -0.78894
C 65.91420 34.31060 -0.50646
C 64.54810 37.27040 -0.31397
C 62.99190 40.10080 -0.28622
C 49.82780 41.29400 -0.56297
C 61.42840 42.88830 -0.44427
C 58.47810 43.12370 -0.36207
C 52.51660 43.86580 -1.08207
C 57.49450 46.39140 0.10744
C 53.97910 46.54880 -0.77820
C 51.88840 24.79690 -2.62093
C 71.19670 31.93190 -0.15942
C 68.27110 31.70660 -2.21446
C 69.62840 34.40630 0.02335
C 67.84860 37.12290 -0.07446
C 66.19180 39.94470 -0.30423
C 64.85400 42.78270 -0.34370
C 63.27720 45.52080 -0.14197
C 50.62040 44.50520 -1.93601
C 72.91150 24.60170 -1.09703
C 69.86960 23.80710 -1.26091
C 66.29700 23.17340 -0.95830
C 70.66680 27.08170 -1.20022
C 67.05550 26.17930 -1.17376
C 58.71070 29.19010 -0.48700
C 55.56430 29.93400 -0.44083
C 60.43470 31.81200 -0.56424
C 57.42750 32.16640 -0.36363
C 54.08900 32.58680 -0.30140
C 50.84130 32.80500 -0.03571
C 62.36760 34.67670 -0.53729
C 59.29750 34.83040 -0.33937
C 56.03530 35.13420 -0.44868
C 52.64590 35.18570 -0.21918
C 61.34550 37.52180 -0.17283
C 57.96250 37.72350 -0.31588
C 54.64800 37.92680 -0.41118
C 51.29900 38.19220 -0.38613
C 59.69290 40.32340 -0.35757
C 56.62050 40.67080 -0.34825
C 53.39090 40.91980 -0.61783
C 55.42710 43.41390 -0.43557
C 54.73970 24.24980 -1.15134
C 73.11200 34.80670 -0.32313
C 71.23840 37.19980 0.12826
C 72.69140 39.95470 0.19116
C 69.68280 39.91770 -0.16100
C 71.19320 42.73950 -0.15996
C 68.01320 42.85270 -0.32423
C 72.79130 45.43470 -0.17961
C 69.43060 45.72790 -0.10005
C 66.28150 45.92010 -0.05729
H 64.97950 23.89720 0.90655
H 62.41550 23.75820 1.09790
H 71.92350 28.26400 0.57013
H 65.37520 26.94610 0.37192
H 69.57390 30.29590 -0.50550
H 66.68010 29.82170 0.12035
H 59.56130 24.27350 1.24108
H 56.47200 24.78840 0.53870
H 61.72120 26.98650 0.82818
H 55.43170 27.80140 0.79607
H 52.18690 28.23470 0.74513
H 63.58670 29.71500 0.69521
H 50.75780 30.92080 1.53310
H 65.29500 32.39240 1.08532
H 64.25440 35.44130 0.83193
H 63.01060 38.33400 1.40152
H 49.70410 39.35180 1.11647
H 61.39900 41.09820 1.29789
H 51.94830 42.16690 0.46725
H 60.01510 44.25420 1.32669
H 56.85990 44.22590 1.12272
H 53.81710 44.73360 1.03504
H 53.36740 25.48200 0.44597
H 51.58640 26.60840 -1.86338
H 72.95750 32.78470 1.05746
H 69.75630 32.63190 1.79257
H 67.75500 32.88470 -0.61767
H 67.98040 35.31450 1.57483
H 66.16900 38.12140 1.45923
H 64.68160 41.00350 1.31306
H 63.14240 43.79830 1.07245
H 49.20170 43.68560 -0.26773
H 73.19590 22.74050 0.43365
H 71.10060 25.16330 0.34910
H 67.99490 24.36380 0.30270
H 68.71140 27.38630 0.20804
H 58.51290 27.25030 1.07616
H 60.50630 29.94620 1.08429
H 57.35840 30.31620 1.22951
H 54.08290 30.69400 1.35205
H 62.24210 32.63250 0.85673
H 59.13190 32.93240 1.15133
H 55.86890 33.33580 1.18317
H 52.66990 33.48970 1.54608
H 60.95400 35.60650 1.34541
H 57.67620 35.85430 1.25132
H 54.48120 36.07730 1.22361
H 51.27540 36.43770 1.40938
H 59.67260 38.48420 1.33610
H 56.33460 38.74650 1.20936
H 53.05740 39.04050 1.12877
H 58.24710 41.34060 1.36594
H 54.95720 41.62610 1.22783
H 50.83530 23.79980 -0.48739
H 71.06380 35.36130 1.73637
H 72.70820 38.13560 1.89152
H 69.47460 38.12200 1.55939
H 71.04170 40.99120 1.57501
H 67.87690 40.90740 1.20932
H 72.67690 43.71130 1.58376
H 69.55990 43.73870 1.36873
H 66.41780 43.86590 1.27189
C 73.65610 27.60550 2.33978
C 63.65340 25.71850 1.59595
C 72.05950 30.43400 1.60040
C 68.66460 29.39510 1.55952
C 65.36430 28.82300 2.04537
C 60.17840 26.23800 2.61122
C 56.67850 26.39040 2.40016
C 53.67420 26.99240 2.34761
C 62.21850 28.76500 2.49232
C 52.34860 29.74760 2.87574
C 63.90470 31.52780 2.48736
C 66.39090 34.44980 1.67384
C 64.43560 36.99370 2.78987
C 63.04530 40.21130 2.93520
C 49.63050 41.78740 1.24704
C 61.33490 43.17300 2.73359
C 58.21410 43.25330 2.96133
C 52.00560 44.18870 2.07318
C 57.37640 46.49600 1.99885
C 53.81110 46.69850 2.64149
C 51.01660 26.04420 0.57189
C 70.78140 30.94330 3.19093
C 67.61820 31.67920 1.53474
C 69.36810 34.38450 3.34616
C 67.72670 37.15000 3.12508
C 66.24710 40.02030 2.93285
C 64.71710 42.92020 2.78470
C 63.30110 45.47850 2.94770
C 49.56530 45.89520 0.87501
C 72.71810 24.42360 2.09071
C 69.78810 23.85260 1.93669
C 66.80690 23.20510 2.12329
C 70.47810 27.06320 1.88610
C 67.27630 26.20840 1.78078
C 58.91830 29.07390 2.72505
C 55.57950 29.34950 2.70828
C 60.69630 31.82590 2.64546
C 57.43180 32.23090 2.76663
C 54.35270 32.49920 2.99720
C 50.86080 32.87370 3.12669
C 62.74730 34.40120 2.55738
C 59.46990 34.85250 2.73046
C 55.99000 35.06550 2.89764
C 52.91880 35.46780 3.00825
C 61.29380 37.46460 2.94348
C 57.84250 37.63040 2.87749
C 54.53100 37.98540 2.78271
C 51.14490 38.57330 2.76853
C 59.80510 40.28740 3.00400
C 56.41530 40.60820 2.91680
C 52.88110 41.13420 2.48691
C 55.12830 43.61920 2.75553
C 54.63260 23.97400 1.89263
C 72.61730 33.83320 2.97361
C 70.97780 37.20490 3.33951
C 72.58350 40.12360 3.34293
C 69.35310 39.96960 3.07082
C 71.10530 42.86530 3.16939
C 67.84850 42.71450 2.91370
C 73.10290 45.75480 2.97550
C 69.78370 45.52990 3.08194
C 66.46650 45.65380 3.03792
C 53.49700 60.36860 -1.31223
C 50.45380 60.93180 -1.19394
C 59.77350 64.72350 0.03189
C 56.41090 64.05780 -0.77878
C 50.00570 63.63250 -1.58853
C 60.68280 67.75680 0.21398
C 65.08310 71.52260 0.87127
C 61.76830 70.63320 0.49538
C 67.34030 48.89360 0.94705
C 64.34730 48.57700 0.11604
C 72.63830 51.20730 -0.60202
C 69.70130 52.81850 0.64539
C 73.77800 54.41950 1.50344
C 73.53010 68.66060 0.40506
C 52.15680 47.51770 -0.82711
C 52.65710 51.25220 -0.31827
C 51.77500 54.72480 -0.89870
C 51.34550 57.91040 -0.92437
C 60.85620 47.54360 -0.28185
C 64.87540 51.70560 0.69496
C 61.75820 50.70030 0.02417
C 58.67300 49.81430 -0.58033
C 70.39480 56.00040 2.29713
C 67.89990 53.72570 3.78561
C 65.72050 54.54550 1.15267
C 56.10390 52.35970 -0.94529
C 72.61740 58.75220 2.66384
C 53.79850 54.77840 -0.94448
C 58.13300 58.62040 -0.70386
C 55.13410 57.74090 -0.99087
C 62.31150 62.36240 0.49168
C 59.44190 61.66570 -0.51617
C 72.53720 67.13420 1.17126
C 63.03100 65.15330 0.63066
C 70.62030 69.93670 1.26744
C 67.19870 68.79380 0.92868
C 64.00170 68.31100 0.63630
C 53.11220 63.49210 -0.96739
C 57.66370 67.12220 -0.34772
C 54.44810 66.90960 -0.81653
C 51.26740 66.72310 -1.17937
C 58.84440 70.11550 0.13973
C 55.31160 70.06040 -0.20331
C 52.34430 69.59360 -0.56876
C 71.05500 48.34490 -0.29908
C 49.40100 49.20780 -0.75315
C 49.31080 52.51790 -0.90085
C 55.27480 49.55160 -0.67079
C 62.65630 53.78930 0.32147
C 59.54880 52.99170 -0.38957
C 69.59010 57.85180 2.50795
C 66.62120 57.38000 1.53067
C 63.60870 56.90490 0.49506
C 60.46880 56.09810 -0.33440
C 57.17560 55.40630 -0.80394
C 70.54740 60.94630 2.10796
C 67.44290 60.32540 1.60778
C 64.42150 59.88720 0.76019
C 61.51640 59.11040 -0.02476
C 71.22770 64.17110 1.48595
C 68.27350 63.43900 1.57953
C 65.22460 62.93890 1.05519
C 69.27060 66.40490 1.20470
C 66.15390 65.75390 1.02145
H 72.35610 56.36430 3.87712
H 55.02210 62.04210 -0.31024
H 52.21190 61.67250 0.35350
H 49.19170 62.38670 0.38389
H 61.08140 65.89660 1.76569
H 57.70160 65.12810 1.15902
H 62.01570 68.74980 2.05619
H 55.44290 47.61830 0.99372
H 64.58600 46.66790 1.68290
H 69.71430 49.41890 1.71762
H 65.24200 49.70560 2.07312
H 72.14910 52.46010 1.04196
H 51.24110 49.37240 0.72999
H 51.08740 52.94290 0.57017
H 50.60800 56.15140 0.84560
H 49.99680 59.36880 0.59425
H 62.17430 48.70960 1.51851
H 58.78640 48.25650 0.90186
H 65.78870 52.66370 2.95195
H 62.74890 51.89420 1.98102
H 56.62660 50.52720 0.65828
H 69.35950 56.42250 4.64626
H 66.41720 55.69660 3.29673
H 54.33960 52.83850 0.52360
H 70.66560 59.34830 4.17921
H 55.24870 55.99040 0.73619
H 71.64210 62.36030 3.31713
H 56.10170 59.31770 0.83393
H 53.12870 58.49380 0.29518
H 72.67230 65.39780 3.24715
H 60.20010 62.85350 1.61286
H 57.61440 62.05170 0.18358
H 70.55090 67.75300 2.41023
H 64.24780 66.52340 2.34017
H 68.30320 70.21550 2.29957
H 65.26460 69.55630 2.33854
H 54.49050 64.92670 0.55225
H 51.32090 64.67740 0.17096
H 58.79430 68.17320 1.66444
H 55.71070 67.89580 1.06904
H 52.54480 67.50270 0.72853
H 56.89430 70.85440 1.45586
H 53.56020 70.34840 1.46469
H 50.50800 69.88470 0.91720
H 71.24760 46.50520 1.42815
H 67.98750 46.60980 1.66329
H 72.85530 49.25500 1.08362
H 59.65910 51.16360 1.32182
H 63.57430 55.04380 2.10355
H 60.53560 54.36190 1.43122
H 57.48780 53.55270 0.85762
H 67.49070 58.71200 3.47152
H 64.48770 58.08760 2.43221
H 61.47400 57.28600 1.56357
H 58.40180 56.70500 0.87812
H 68.50200 61.78250 3.32388
H 65.41250 61.08100 2.63460
H 62.31380 60.37380 1.94276
H 59.36320 59.69340 1.04349
H 69.58040 64.80920 3.15550
H 66.30500 64.12830 2.85269
H 63.25250 63.49110 2.46355
H 67.38170 67.06300 2.73709
C 53.98870 60.56600 1.47332
C 50.57100 61.21460 2.06902
C 59.33280 64.62270 3.03164
C 55.96770 63.32660 1.64873
C 48.99700 64.69510 0.93368
C 60.44470 67.54340 3.46898
C 64.74660 71.37600 4.07850
C 61.53590 70.53440 3.70777
C 67.48260 48.86200 2.79718
C 63.92450 48.45550 3.33292
C 72.87260 51.24070 2.73095
C 69.77400 51.86790 2.30560
C 73.86450 54.52540 3.45041
C 74.17570 68.72240 3.83966
C 52.07460 47.87320 2.64786
C 52.69790 51.30800 1.58477
C 51.71770 54.48300 2.43278
C 51.48250 58.03260 2.15031
C 60.66050 46.71770 1.58528
C 64.48290 51.43010 3.83753
C 61.18910 50.29870 3.14422
C 57.96790 49.75080 2.56433
C 71.45480 56.52350 6.23436
C 67.57730 54.86190 5.41207
C 64.58630 54.49860 4.30659
C 55.92960 52.25110 2.26356
C 71.78690 58.81740 6.28697
C 53.80960 54.52200 2.21888
C 57.50270 58.53240 2.36825
C 54.67330 57.54240 2.15002
C 61.49780 62.14000 3.57970
C 58.41490 61.42760 2.47765
C 72.33460 67.77710 4.20640
C 62.63590 65.22870 3.67901
C 70.75070 70.18950 3.02041
C 66.92100 68.98770 4.16154
C 63.73780 68.47260 3.82944
C 52.81780 63.58770 1.72263
C 57.07930 66.87740 2.90075
C 54.12040 66.55760 2.37605
C 50.84800 66.22780 1.97169
C 58.33230 69.99440 3.24244
C 55.33250 69.58790 2.89168
C 51.81490 68.94370 2.59343
C 71.27100 48.49240 2.97443
C 49.42030 49.46020 2.62762
C 49.18420 52.60230 2.19400
C 55.48110 49.27190 2.47254
C 62.00790 53.54250 3.33992
C 59.02540 52.81840 2.71851
C 68.75640 58.37840 5.68566
C 65.61250 57.60080 4.59276
C 62.78200 56.86080 3.60250
C 59.79600 56.11100 2.90377
C 56.98890 55.38530 2.43138
C 70.12290 61.34880 5.19253
C 66.80550 60.71080 4.69905
C 63.65020 59.84560 3.89305
C 60.58020 59.04540 3.02972
C 71.22560 64.21930 4.97698
C 67.95200 63.84520 4.68763
C 64.73520 62.85050 4.26799
C 69.27100 66.93880 4.34896
C 65.78630 66.08980 4.26998
C 70.29550 86.26270 -0.97627
C 66.68450 85.06740 0.54189
C 65.77930 87.54800 3.77712
C 62.48510 88.91830 2.21429
C 61.79840 91.78170 1.76491
C 58.69450 91.99340 2.79412
C 57.91020 95.56870 2.03071
C 49.74350 75.78060 1.54928
C 51.71250 77.36180 3.99573
C 55.53350 80.54340 1.47079
C 61.76760 84.29260 -0.00358
C 49.84610 90.25630 3.96715
C 60.47020 87.03060 2.73077
C 57.61440 88.55300 3.32947
C 52.64420 91.44150 4.48903
C 59.21290 90.79420 4.71774
C 55.15370 94.21250 4.05365
C 66.14670 74.78710 1.67013
C 49.87200 72.20890 0.30775
C 63.90610 76.57650 0.36803
C 54.49640 75.35330 0.74202
C 51.30900 75.22440 0.89451
C 65.02950 78.96630 -0.05374
C 61.91260 79.01190 0.55835
C 58.57750 78.90010 1.10386
C 54.64300 78.63840 1.66760
C 67.06480 82.00440 -0.43884
C 63.61390 81.55100 -0.04462
C 63.32740 84.75940 1.08166
C 73.40080 71.80830 0.20475
C 70.51790 73.21060 0.24974
C 70.29940 76.73170 0.21764
C 68.64430 73.93070 0.03279
C 70.22720 80.08480 0.07917
C 70.30990 83.10180 -0.43686
C 70.33460 89.44760 -0.71732
C 67.54210 89.57650 0.84129
C 64.65710 90.85750 1.19179
C 69.71570 92.36940 -0.59682
C 66.78230 93.16150 0.21647
C 63.94390 94.17770 0.98416
C 60.95960 94.86400 1.44684
C 71.82730 94.63910 -1.36069
C 49.79970 79.84740 2.48076
C 52.65440 81.18160 3.11520
C 49.81280 83.17610 2.53110
C 59.58520 82.04550 2.05372
C 55.54010 83.61700 2.58162
C 52.49610 84.77640 3.01155
C 49.89510 86.75100 3.03599
C 58.13190 85.44560 2.86661
C 55.22150 86.64320 3.32894
C 52.55640 88.15730 3.55840
C 55.04420 89.94900 4.06998
C 62.69010 73.54120 0.59398
C 59.37220 73.25430 0.66875
C 56.54670 72.88590 0.12201
C 53.34510 72.43370 0.08112
C 60.81560 76.09990 0.83017
C 57.65410 76.02250 0.73724
C 73.30300 74.92040 -0.17429
H 49.82810 94.64260 4.97132
H 68.94000 84.90090 0.66992
H 62.55530 87.33690 4.26313
H 70.37040 87.75170 1.02456
H 67.31780 87.31480 1.94238
H 64.57720 89.62110 3.46547
H 61.52500 90.47780 3.95472
H 60.75780 93.44780 3.33572
H 57.64700 93.90760 4.10135
H 51.25710 79.65420 4.46812
H 54.99650 81.75960 3.66042
H 62.02200 82.60820 1.79778
H 57.44220 83.57320 4.30864
H 60.06070 85.31830 4.44467
H 59.65190 88.28310 4.77395
H 57.09920 89.75400 5.41729
H 54.40710 91.07900 6.19036
H 50.53690 91.88290 5.79163
H 66.22820 72.53470 3.00596
H 63.06420 71.76480 2.23186
H 64.22160 74.71920 1.98724
H 51.77850 72.96320 1.52645
H 65.94210 77.34840 1.79607
H 56.09420 76.63940 2.36814
H 52.93420 75.59870 2.91512
H 66.80010 80.20230 1.39268
H 63.84220 79.92370 1.85000
H 60.73210 79.79190 2.19423
H 57.73870 80.41990 2.74194
H 65.16130 82.89150 1.09701
H 71.89040 71.94400 1.87900
H 69.09600 73.10090 2.42489
H 68.42050 75.81620 1.64290
H 68.80230 78.48000 1.36347
H 71.89440 84.81650 0.22610
H 68.96740 81.83810 1.17655
H 52.90800 93.81650 5.18313
H 69.62810 90.78980 1.19686
H 66.79860 91.63090 2.10388
H 63.84000 92.55140 2.83657
H 71.88490 92.95720 0.33401
H 68.95690 93.93910 1.15834
H 66.10720 94.79600 1.90246
H 63.00720 95.60890 2.73466
H 51.50610 83.01000 4.43625
H 54.43300 84.70510 4.61023
H 51.62550 86.29400 4.87076
H 57.17380 86.62380 4.77588
H 54.34590 87.91850 5.27871
H 51.60200 89.40360 5.41382
H 59.98270 71.25420 2.00983
H 61.08760 74.21300 2.38003
H 57.89280 73.89630 1.94037
H 54.87050 73.25090 1.87776
H 62.43780 77.21750 2.24593
H 59.21120 76.91980 2.59816
H 71.48430 75.05410 1.48568
H 71.77600 78.43350 1.09503
H 71.96630 81.64790 0.72867
C 71.85220 86.70070 1.92914
C 68.83800 86.60060 2.64699
C 66.74440 87.88040 5.30458
C 63.10500 89.13370 5.57969
C 62.50420 92.36040 4.93290
C 55.95470 93.99040 7.34047
C 58.59210 95.60780 5.07291
C 49.96410 76.40600 4.64477
C 52.46600 77.86480 5.72290
C 56.26700 79.87670 4.73533
C 61.42230 84.01110 3.62789
C 49.34000 89.74470 6.30228
C 60.88370 86.50130 6.11254
C 58.08950 87.90200 6.68430
C 52.18870 90.81550 7.32338
C 56.55990 92.23940 5.77001
C 54.07550 93.25170 7.36145
C 66.50440 74.54270 4.64485
C 49.68210 71.86790 2.13925
C 64.35750 76.48260 3.70269
C 54.84510 74.81240 3.87556
C 51.88570 73.57080 3.97079
C 65.61750 79.25900 3.50324
C 62.52080 79.11920 3.79184
C 59.43960 78.94130 4.10777
C 55.84180 77.84480 4.61026
C 67.09120 82.38180 2.76998
C 64.09800 81.94410 3.24046
C 64.51560 85.87680 4.04411
C 73.79450 72.10940 3.47203
C 71.31460 73.69440 3.56268
C 70.46440 76.94140 2.61760
C 68.42370 74.98730 4.04712
C 70.47850 80.22270 2.11794
C 70.66010 83.46350 1.82319
C 71.32410 89.63310 2.45855
C 68.11430 89.68550 2.74628
C 65.54450 91.39970 4.31302
C 70.61590 92.69860 2.39904
C 67.73030 93.63580 3.26109
C 64.80610 94.53040 4.00059
C 61.55660 95.38760 4.72766
C 72.69510 94.86320 1.72983
C 49.72850 79.99930 5.73617
C 53.02070 81.06690 5.01887
C 49.47820 83.04960 5.86144
C 59.16300 82.13620 4.21382
C 55.60550 82.82330 5.86387
C 52.55120 84.37890 6.24175
C 49.38820 86.45390 5.97627
C 58.22670 84.83730 6.08952
C 55.43610 86.06780 6.39476
C 52.48210 87.57490 6.82709
C 55.28390 89.33310 7.17917
C 62.95750 73.62240 3.79660
C 59.51380 73.04400 3.62136
C 56.60070 72.41170 3.34968
C 53.26100 72.03500 3.26675
C 61.10870 76.08590 4.01807
C 57.91710 75.44610 3.88584
C 73.52150 75.52210 2.79016
C 89.53800 2.30289 -3.95237
C 93.52480 5.08839 -4.17774
C 90.13560 4.92266 -1.88138
C 95.31710 8.14884 -4.26861
C 82.52590 0.60652 -3.55096
C 79.49060 1.21452 -3.09752
C 78.39940 4.47688 -1.92618
C 76.04230 5.57134 -1.36294
C 74.82660 9.17539 -0.98923
C 72.71410 9.85697 -4.02194
C 74.69260 14.68620 -2.73734
C 76.52390 16.66870 -0.93971
C 77.41530 19.90940 -0.52881
C 86.41980 2.23494 -2.41543
C 83.33530 3.25296 -1.48123
C 81.56350 5.58035 -2.78122
C 86.08500 5.56971 -2.65248
C 80.70710 8.64781 -2.84972
C 77.49670 9.29718 -2.64116
C 92.56280 7.98576 -2.59258
C 88.63210 7.79660 -2.47223
C 77.30200 12.72770 -2.60584
C 95.11240 9.77271 -2.71544
C 79.45250 14.70030 -2.48579
C 0.76906 11.58570 -4.04411
C 81.21640 17.16110 -1.22480
C 0.05276 14.77680 -2.48736
C 80.55530 20.45700 -2.29251
C 95.22370 18.31350 -1.73856
C 92.51290 18.52590 -0.97544
C 89.65710 19.77300 -1.28810
C 86.62910 21.33320 -0.71241
C 1.02179 19.95130 -1.89691
C 95.40190 22.83040 -1.85385
C 0.96790 -0.29568 -4.59267
C 94.53040 -0.46060 -4.54928
C 91.28360 -0.58953 -4.28680
C 87.81670 -0.52805 -3.77218
C 95.87870 2.40099 -4.68177
C 92.61720 2.16416 -4.35366
C 0.34474 5.47015 -4.70963
C 80.36150 95.66350 -3.23929
C 77.16270 -1.07222 -2.78983
C 74.04470 -0.39493 -2.05077
C 76.22040 2.11601 -2.70662
C 73.16030 2.77565 -1.82690
C 74.26850 19.29070 -1.30006
C 75.13910 22.29840 -0.90751
C 83.10670 6.77559 -2.36481
C 85.79750 8.91730 -2.44320
C 82.95580 10.11730 -2.45160
C 80.16610 11.51540 -2.48740
C 90.53080 9.98451 -2.65001
C 88.19740 10.98360 -2.15350
C 85.54630 12.27940 -2.28426
C 82.50940 13.48360 -2.32426
C 92.75680 12.40340 -2.85240
C 90.75180 13.05940 -1.96874
C 87.87530 14.42220 -1.92064
C 84.90740 15.70460 -2.06687
C 93.31560 15.40850 -1.71122
C 90.36460 16.39920 -1.48620
C 87.37470 17.75600 -1.65230
C 84.24050 19.07660 -1.82219
H 89.77230 0.23772 -2.53766
H 91.33740 2.88850 -2.34459
H 88.40720 3.03768 -1.81406
H 95.54950 6.08258 -2.95454
H 92.48160 5.79394 -2.03166
H 85.56560 95.47440 -2.25076
H 84.36930 1.05818 -1.83974
H 81.39330 1.65396 -1.47720
H 78.24570 2.48208 -1.36934
H 77.73230 5.09782 0.42736
H 74.65660 6.16907 0.71499
H 76.09690 14.21460 -0.96480
H 77.33560 17.98190 1.05910
H 78.35010 21.09080 1.50817
H 85.53480 4.06862 -0.98062
H 82.40580 5.33042 -0.45982
H 79.70530 6.67013 -1.59134
H 88.08370 6.18152 -1.25341
H 76.49900 10.95120 -1.04007
H 90.60640 8.16287 -1.00937
H 78.95470 12.87470 -0.82393
H 0.77581 9.60920 -2.24498
H 92.86140 10.29880 -1.76522
H 78.90900 16.05970 -0.94652
H 79.89900 19.22670 -0.55954
H 95.15040 15.84070 -1.10822
H 82.95710 19.98820 0.27532
H 80.74310 22.13700 -0.21966
H 94.54500 18.28860 0.71353
H 91.70710 19.52760 0.42369
H 89.03230 21.10360 0.28257
H 0.44134 17.97820 -0.62634
H 95.75770 20.58070 -0.72983
H -0.73838 0.59987 -3.08630
H 93.00550 0.29196 -2.83611
H 0.66054 3.46323 -3.16804
H 94.33550 3.15346 -2.93032
H 73.96160 95.34500 -0.29022
H 82.45320 -1.38927 -2.00839
H 79.19420 -0.57131 -1.40691
H 76.11140 0.25836 -1.01470
H 73.21270 0.98703 -0.16106
H 75.27440 3.29713 -0.65771
H 74.27620 17.15680 -0.02479
H 75.38880 20.31350 0.63977
H 76.84480 7.78313 -0.83037
H 85.12030 7.18169 -1.00602
H 82.15850 8.42147 -0.95331
H 79.35750 9.75182 -1.11194
H 87.61540 9.27978 -0.82461
H 84.75510 10.44550 -0.86792
H 81.92110 11.59100 -0.80838
H 90.06760 11.21160 -0.62478
H 87.21720 12.50630 -0.56011
H 84.32470 13.61330 -0.67288
H 81.52380 14.75090 -1.02152
H 92.62960 13.28910 -0.38187
H 89.64660 14.42960 -0.22293
H 86.63010 15.78100 -0.26497
H 83.70710 16.89130 -0.44029
H 92.06830 16.38550 0.23284
H 89.11140 17.75120 0.16859
H 86.10360 18.91940 -0.20438
C 89.76580 1.85466 -0.59786
C 94.19080 4.79768 -1.07422
C 90.58090 4.94601 0.68589
C 95.18400 7.68951 -1.13159
C 83.29100 0.28700 -0.22991
C 80.03880 1.32033 0.05311
C 77.56070 3.42002 2.20055
C 77.08030 6.69483 1.47687
C 74.70100 8.59791 1.14445
C 72.68140 9.06411 1.61958
C 74.47670 12.35990 -1.05690
C 76.16170 15.84120 0.97119
C 76.69760 19.43940 2.63305
C 86.42980 2.00857 -0.56381
C 83.57760 3.50635 0.56605
C 80.18470 5.14030 0.51915
C 86.33420 5.62693 0.52445
C 80.20020 8.07342 0.46678
C 77.69120 9.58925 0.67635
C 91.86050 6.54326 0.35913
C 88.91870 7.74406 0.55617
C 77.08910 12.61080 0.67551
C -0.05799 8.28258 -0.27163
C 79.78970 14.44760 0.81307
C 2.34750 10.74520 -0.61000
C 79.24080 17.37150 1.29355
C -0.39813 13.72920 -0.83935
C 80.77160 20.35000 1.65485
C 95.21350 15.96510 1.41872
C 92.57680 17.81480 2.12467
C 89.69010 19.34410 1.99010
C 86.71100 20.81600 1.29848
C -0.14286 19.42480 1.27764
C 95.10930 22.11490 1.25904
C 0.96156 -0.20852 -1.42698
C 94.76490 -0.51557 -1.44126
C 91.52950 -0.73097 -1.15668
C 87.51770 -0.56438 -1.79553
C -0.74065 2.39943 -1.44162
C 93.22800 1.97114 -1.06404
C 0.48108 5.25713 -1.44680
C 80.92470 95.71810 -0.10692
C 77.65170 -1.03848 0.41853
C 74.75050 -0.21745 1.03419
C 77.04140 2.01969 0.69662
C 73.90180 2.81368 1.35878
C 73.84040 18.76890 1.86072
C 74.77700 22.10140 2.20354
C 83.27890 6.91255 0.62346
C 85.71810 8.86120 0.63582
C 82.91170 10.01170 0.64635
C 79.99700 11.29480 0.67286
C 91.71510 9.76071 0.42060
C 88.37090 10.90220 0.88060
C 85.39710 12.05130 0.82538
C 82.41230 13.30090 0.83705
C 94.07120 11.68690 0.06483
C 90.83560 12.77160 1.12792
C 87.73830 14.11490 1.21657
C 84.72340 15.16270 1.22799
C 93.44580 14.78680 1.45584
C 90.11660 16.02160 1.59810
C 87.12420 17.42340 1.54428
C 84.23530 18.62560 1.57365
C 82.21940 47.90710 0.92878
C 91.68680 45.55680 -1.07703
C 1.13818 47.55090 -2.80684
C 85.35830 24.62120 -0.77960
C 81.66710 24.03330 0.83882
C 90.07340 26.41730 -0.94200
C 86.98300 27.30790 -0.71780
C 80.61950 27.58830 0.54956
C 89.01050 29.38070 -0.61503
C 79.43240 31.02030 0.14164
C 90.95430 31.79660 -0.78428
C 78.40410 34.07920 0.02965
C 93.04310 34.41330 -0.92989
C 80.40520 36.58470 -0.16579
C 95.11810 36.88810 -0.92227
C 82.61330 39.03270 -0.18384
C 84.59310 41.50600 -0.18168
C -0.54892 42.05210 -1.21724
C 93.01380 42.67580 -0.79314
C 89.70300 43.47800 -0.15460
C 86.58660 44.23320 0.33478
C 83.87580 44.87260 0.60352
C 95.58050 44.98100 -1.27031
C 78.31210 22.88620 -0.24660
C 79.43120 25.92090 -0.16095
C 77.33270 28.70580 -0.23394
C 75.43970 31.45310 -1.11947
C 74.70360 34.83510 -1.73717
C 77.11950 36.91440 0.11805
C 79.32770 39.71980 0.07021
C 81.21050 42.25940 0.29587
C 79.99560 45.74030 0.20903
C 83.23890 22.18080 -1.13519
C 88.54260 23.64730 0.42749
C 93.42190 25.28380 -0.57562
C 89.83840 24.34770 -1.31991
C 92.25970 28.67410 -0.98804
C 94.23960 31.26970 -1.16883
C -0.50280 34.01070 -1.03055
C 83.75810 27.28770 -0.18133
C 85.82910 29.97120 -0.37068
C 82.58850 30.28730 0.00660
C 87.81690 32.49380 -0.44229
C 84.81510 32.96420 -0.28230
C 81.63440 33.38170 -0.15242
C 89.90460 34.79370 -0.56469
C 86.90650 35.47620 -0.14467
C 83.80160 36.13620 -0.16912
C 91.96740 37.34480 -0.58455
C 89.04540 37.95070 -0.19910
C 85.94480 38.47280 0.02332
C 0.62374 39.09120 -0.92364
C 94.13840 39.83390 -0.67937
C 91.01030 40.48160 -0.28136
C 87.92940 41.02190 -0.04479
C 76.07410 25.24880 -0.78934
C 74.33280 37.36240 0.14117
C 75.89570 40.09110 0.06663
C 77.78840 42.82400 -0.22026
C 74.29920 42.64130 0.05603
C 76.11830 45.38610 -0.34588
C 0.04245 25.37990 -1.42375
C 95.55860 28.39340 -1.39373
C 0.86294 31.04300 -1.19384
H 84.66950 47.29070 0.83713
H 93.78990 46.19260 -0.09917
H 86.85420 25.14080 0.49065
H 83.71550 25.46890 1.20477
H 88.83540 27.46680 0.96555
H 82.71150 28.55290 1.82326
H 79.18920 29.33620 1.46580
H 90.95410 29.92570 0.73884
H 80.35820 34.72230 1.38444
H 94.91530 34.91110 0.53377
H 82.25050 37.20570 1.42858
H -0.08823 37.41150 0.68549
H 84.35470 39.62640 1.46309
H -0.76642 40.38890 0.68943
H 83.42250 42.73100 1.43036
H 95.06170 43.33550 0.49141
H 91.89590 43.99630 0.88334
H 88.80540 44.53530 1.52723
H 85.65210 44.70060 2.66319
H 79.22990 24.18990 1.66151
H 77.23760 26.54850 0.62884
H 75.02590 28.85050 1.11295
H 75.95810 33.49200 -0.05353
H 77.49860 35.32240 2.01904
H 78.99060 37.78600 1.50928
H 81.26100 40.11470 1.63476
H 79.23460 43.58150 0.98876
H 84.91870 22.52520 0.64897
H 93.77780 22.87140 0.16963
H 91.97770 26.85770 0.58483
H 94.07590 29.34080 0.37988
H -0.85546 31.93570 0.34862
H 85.74580 28.07580 1.21777
H 87.71740 30.59230 1.13184
H 84.53630 31.10570 1.32186
H 81.36260 31.67690 1.61461
H 78.16910 32.43710 2.01447
H 92.90310 32.47100 0.55119
H 89.70960 32.98440 1.05959
H 86.58650 33.55200 1.34269
H 83.45650 34.16860 1.30560
H 91.78770 35.42600 0.85594
H 88.74730 36.01900 1.21861
H 85.48560 36.56770 1.60735
H 93.82190 37.96170 0.86601
H 90.88270 38.55490 1.23429
H 87.71480 39.06080 1.61935
H 92.98460 41.03940 1.07705
H 89.79990 41.62460 1.51595
H 86.59930 41.98190 1.35136
H 76.28320 23.49010 0.94734
H 74.13020 25.80360 0.65425
H 74.28920 35.44990 1.82515
H 75.89350 38.27700 1.78595
H 77.62290 40.86850 1.44947
H 74.29670 40.94760 1.81002
H 76.01610 43.62240 1.48477
H 0.05358 23.35930 0.05017
H 95.50810 26.48150 0.22753
H 0.40118 29.02740 0.15988
C 84.24540 46.58780 3.40757
C 92.51950 46.03690 2.09246
C -0.12847 49.08070 0.78226
C 85.51640 24.20840 2.49155
C 81.14060 23.60380 2.96132
C 90.25750 25.84900 2.03251
C 87.22170 26.60470 2.59516
C 80.68990 27.47930 2.51974
C 89.36430 29.28750 2.51169
C 79.74540 30.72600 3.30104
C 91.41340 31.78340 2.36239
C 79.06570 33.82030 3.36361
C 93.30180 34.18300 2.23091
C 80.52740 36.55230 3.04471
C 95.23250 36.55280 2.26469
C 82.73040 38.92950 3.19171
C 84.87140 41.44860 3.08251
C -0.29572 42.19470 2.07213
C 93.62620 43.03910 2.37513
C 90.56070 43.53970 2.91741
C 87.58550 44.40890 3.78887
C 84.07950 43.14900 3.90295
C -0.12281 45.01240 0.26164
C 77.61060 22.62000 2.87382
C 77.99550 25.88550 2.89116
C 76.93100 28.78300 1.73675
C 74.88350 31.24700 0.67426
C 75.86560 33.53200 2.49334
C 77.46090 37.26700 3.40164
C 79.22850 39.74860 3.02520
C 81.08690 42.49680 2.28055
C 79.72490 45.78480 2.01115
C 83.60370 21.75120 2.25612
C 91.39550 22.05080 0.64929
C 93.66730 25.21940 1.28528
C 90.66320 26.34740 3.73493
C 92.47700 28.32590 2.01825
C 94.35380 31.05050 1.95333
C -0.65310 33.67040 2.11456
C 84.30410 27.27270 3.09895
C 86.04540 29.94910 2.82106
C 82.93370 30.47070 3.20480
C 88.09790 32.31900 2.82063
C 84.87120 32.93240 2.94935
C 81.82360 33.59290 3.06448
C 90.27950 34.72730 2.63947
C 87.13170 35.33020 2.94127
C 83.72840 35.94010 3.01084
C 92.25410 37.11080 2.57123
C 89.27250 37.75780 2.93460
C 85.77580 38.38120 3.12655
C 1.42703 39.27670 0.98205
C 94.55980 39.70600 2.39834
C 91.38800 40.34120 2.84033
C 88.00280 40.99290 3.13694
C 75.86950 25.38950 2.35222
C 74.38990 37.32190 3.50938
C 76.09080 40.22540 3.30335
C 77.84820 42.88320 2.92165
C 74.38220 42.95720 3.20736
C 76.31370 45.65230 2.84118
C -0.07882 25.10170 1.75278
C 95.67410 28.12450 1.86680
C 0.44445 30.76950 1.94956
C 88.42280 46.66390 0.25794
C 85.61090 48.62060 -0.74728
C 82.63070 49.83850 0.74369
C 79.92110 51.37890 0.83586
C 77.06890 53.25010 0.23960
C 93.97170 47.83920 -1.25603
C 76.70750 56.59180 0.76363
C 74.12770 57.75890 3.66394
C 76.53390 59.87670 1.07690
C -0.18723 52.51410 -1.04578
C 93.89990 54.08600 -0.93294
C 90.97500 55.42650 -0.87002
C 88.14470 56.90480 -1.03042
C 76.80740 63.07210 0.82451
C 87.37620 60.22740 -1.30343
C 85.45750 61.56670 -0.78349
C 79.13970 64.43490 0.09295
C 84.57840 64.56780 -1.33006
C 82.15090 66.66580 -0.05936
C 85.88010 67.94090 -0.99146
C 77.92260 48.55190 -0.16843
C 75.76750 51.65770 -0.08208
C 81.66690 70.04010 -0.78360
C 79.35670 68.08080 0.50948
C 76.35370 66.64290 1.41047
C 74.24510 64.51360 3.20424
C 0.12429 55.91130 -0.48724
C 93.64100 57.15250 -1.12981
C 92.68920 60.08170 -1.46145
C 91.61150 62.90870 -1.72204
C 90.92080 66.17950 -3.09151
C 87.80580 64.92480 -1.58313
C 89.38960 68.90350 -3.28801
C 90.62580 72.00740 -1.83253
C 91.22810 48.84750 -0.63358
C 88.45410 50.27190 -0.65203
C 85.44050 51.94540 -0.51256
C 82.37170 52.98010 0.17197
C 79.71050 55.11680 0.19658
C 93.98480 50.90020 -0.93869
C 91.13940 52.21030 -0.84721
C 88.30270 53.63390 -0.81049
C 85.26910 55.01850 -0.58064
C 82.40190 56.44000 -0.33428
C 79.38360 58.11280 0.17457
C 84.94470 58.13360 -0.90700
C 82.25450 59.71310 -0.52513
C 79.19160 61.18600 0.22319
C 81.98770 62.91730 -0.72314
C 74.35600 48.39010 -0.25816
C 76.37910 70.03240 0.07102
C 95.82690 59.41670 -1.37487
C 1.01966 61.80170 -1.81961
C 94.61240 62.35040 -1.76162
C -0.21495 64.84700 -2.26578
C 93.71020 65.20480 -2.21000
C 95.58160 67.80080 -2.73672
C 92.60200 68.55460 -2.90677
C 0.56405 70.36750 -3.27892
C 94.37380 71.00000 -3.09310
H 83.29260 48.97160 3.12633
H 90.83530 47.13190 0.76632
H 87.59880 48.83980 0.89136
H 82.09720 51.77730 2.19701
H 79.01930 53.29290 1.80281
H 76.19800 54.81470 2.11016
H 1.10300 47.17990 -0.30071
H 76.19950 58.03490 2.89339
H 95.92650 50.90780 0.71632
H 92.98860 52.45330 0.73656
H 76.23660 61.36550 2.77411
H 92.87450 55.61220 0.70585
H 89.91680 56.96170 0.77366
H 87.12450 58.33310 0.30432
H 76.16800 64.52360 2.86119
H 88.30250 61.19200 0.87219
H 81.42550 64.57350 1.04753
H 78.77150 66.07750 1.70990
H 86.59650 63.62560 -0.14305
H 84.61260 66.28190 0.06583
H 77.61620 46.35760 0.87671
H 76.05160 49.67560 1.46222
H 84.97270 70.36010 -0.87643
H 82.98060 68.83260 0.87512
H 80.16180 70.30750 1.30393
H 77.43570 68.84340 1.88058
H 74.63880 70.30490 1.93717
H 95.76820 54.09210 0.74963
H 95.47790 57.68260 0.40606
H 92.44870 58.61360 0.53145
H 91.38730 61.32330 0.19996
H 89.86270 63.98890 -0.23271
H 89.40600 66.82210 -1.71620
H 91.02200 69.61130 -1.52886
H 87.86460 69.55590 -1.32181
H 84.92060 50.43640 0.88137
H 93.27370 49.22790 0.75919
H 90.38270 50.63480 0.93922
H 87.56150 52.05210 0.88231
H 84.55350 53.54640 1.26923
H 81.74780 54.91290 1.54564
H 78.90980 56.47670 1.98887
H 90.21300 53.81390 0.77743
H 87.33560 55.29070 0.71780
H 84.45780 56.70440 0.96791
H 81.64780 58.12220 1.20598
H 78.92090 59.63450 2.06073
H 84.34200 59.91110 0.67420
H 81.48580 61.31900 1.14513
H 78.95740 62.85470 2.06045
H 84.07240 63.06720 0.58121
H 74.47560 46.41880 1.30637
H 0.70321 60.24650 0.06069
H 94.44740 60.76230 0.12412
H -0.46626 63.23020 -0.44120
H 93.36560 63.82960 -0.14861
H 95.39250 66.35220 -0.77190
H 92.37040 66.86340 -1.13777
H 0.54910 68.75420 -1.37140
H 94.33860 69.35930 -1.24308
H -0.69966 71.99830 -1.79734
C 88.78280 46.92510 2.06610
C 85.81380 48.84840 2.60157
C 82.85180 50.58220 4.35336
C 79.88260 51.09440 2.74864
C 77.24130 52.93370 3.56036
C 94.44040 47.51460 2.00551
C 77.36440 56.11150 3.97570
C 74.75020 58.54400 5.39810
C 77.47890 59.41830 4.11838
C 0.12192 52.36940 2.22427
C 94.11690 54.09200 2.27230
C 91.06870 55.51040 2.35703
C 88.38830 57.08820 2.13649
C 77.73910 62.91450 4.24795
C 90.05820 59.32320 0.71402
C 85.97530 61.68720 1.31885
C 80.12960 64.68160 3.21206
C 85.46060 64.69700 1.75790
C 82.74030 66.52200 1.78069
C 85.45370 68.56480 0.79781
C 78.17780 48.80920 1.72808
C 76.45600 51.06380 3.65159
C 82.28790 70.30610 2.61962
C 79.76140 68.24430 2.46891
C 77.04790 66.85300 3.32238
C 73.96380 62.05790 3.64961
C -0.01617 56.24950 1.53106
C 93.78850 57.28900 2.25074
C 92.89480 60.54130 2.03496
C 91.59340 63.44900 1.55281
C 90.56530 66.29890 0.49471
C 88.73640 62.77310 0.54363
C 89.11310 68.89950 -0.02447
C 91.02770 71.66540 -0.08915
C 91.49900 48.96620 2.43983
C 88.55270 50.46370 2.51473
C 85.75550 52.10100 2.58281
C 83.02160 53.55870 3.28428
C 80.09400 54.75150 3.36049
C 93.99640 50.91620 2.38202
C 91.22400 52.34090 2.50341
C 88.28700 53.83000 2.44022
C 85.64640 55.30040 2.55139
C 82.85730 56.64510 2.80209
C 80.24300 57.87630 3.24125
C 85.58430 58.47780 2.27574
C 82.87070 59.81350 2.56269
C 80.25270 61.24130 3.33880
C 82.66660 62.97050 2.53316
C 74.61900 48.49690 2.79190
C 76.84220 70.52400 3.35998
C 95.93630 59.69220 1.75391
C 0.87353 62.37850 1.34125
C 94.90150 62.80990 1.45650
C -0.09265 65.27360 0.85930
C 93.58840 66.07370 0.86288
C 95.82190 68.44350 0.47782
C 92.59780 68.94430 0.29443
C 0.84205 70.99600 -0.30467
C 94.67240 71.40910 0.16930
C -0.39692 94.30190 -4.48637
C 93.21880 94.35120 -4.62387
C 90.06970 94.11330 -4.41432
C 0.65743 78.00430 -5.24475
C 94.16640 78.34000 -6.24742
C 89.67060 80.41860 -5.64693
C 87.49510 82.71310 -4.87396
C 86.89100 85.67630 -5.55810
C 0.10480 89.07100 -4.23241
C 93.72970 89.14220 -4.70694
C 87.28660 88.78120 -4.75933
C 91.74060 91.41110 -4.64447
C 73.52340 88.33510 -1.38205
C 83.74340 88.94040 -4.76995
C 78.80760 90.32130 -2.97622
C 84.73610 92.01250 -3.96967
C 86.71530 94.24510 -4.18108
C 83.57710 94.95010 -3.84963
C 90.07580 75.15740 -2.34913
C 86.78990 71.91960 -1.67433
C 83.25250 70.08780 -2.39619
C 86.33640 75.14420 -3.59686
C 87.29340 78.55020 -4.69595
C 84.26060 80.61040 -3.51799
C 83.96010 83.55950 -4.86005
C 81.53890 85.74600 -4.06717
C 80.57980 88.07960 -2.75121
C 76.18010 86.45190 -2.39214
C 73.30270 84.46580 -1.74463
C -0.56061 73.66850 -3.64592
C 93.18950 72.74790 -3.84561
C 94.08200 76.24370 -6.33229
C -0.80199 81.20790 -5.61085
C 92.71710 80.73540 -5.70683
C 0.63609 83.72960 -4.95656
C 94.25750 83.63500 -5.35927
C 90.94620 83.19620 -5.46821
C 95.75030 86.47800 -4.73649
C 92.41210 86.22240 -5.20085
C 89.02550 85.77150 -5.27618
C 90.31490 88.92240 -4.70959
C 88.41310 91.50480 -4.35120
C 75.77610 90.96340 -2.54678
C 72.63440 91.50530 -1.49168
C 81.28420 92.44600 -3.41617
C 78.21250 93.37940 -2.79591
C 74.74850 94.03420 -2.20722
C 84.26480 73.88370 -1.77035
C 81.56540 73.01190 -1.27128
C 78.94750 71.51300 -0.47257
C 83.90310 77.33870 -3.09939
C 81.39980 75.99120 -1.87165
C 78.76240 74.69740 -1.03277
C 76.07620 73.23480 -0.34066
C 81.51720 79.22350 -2.70807
C 78.67000 77.76580 -1.80795
C 76.05850 76.24010 -0.97715
C 81.40380 82.17820 -3.37397
C 78.57840 80.99970 -2.43414
C 75.96100 79.58180 -1.60320
C 73.25660 78.09790 -0.79868
C 78.81620 84.55380 -3.05445
C 76.10980 82.94910 -2.09844
C 73.29180 81.28090 -1.24206
H -0.29438 92.54880 -2.51663
H 93.39220 92.40920 -2.80602
H 91.69040 95.02740 -2.82824
H 88.50710 94.87550 -2.67513
H -0.09724 76.16600 -3.50496
H 95.89570 78.93600 -4.50613
H 92.73380 78.70150 -4.08039
H 89.70850 78.71690 -3.67435
H 88.09520 80.68500 -3.76539
H 85.66390 84.22240 -3.88264
H 87.53900 86.69720 -3.48179
H 95.19670 89.79760 -2.57940
H 92.00940 89.58490 -3.02856
H 88.78120 89.49380 -2.94259
H 85.59590 89.08380 -2.96551
H 90.22530 92.23740 -2.83370
H 78.79440 88.54590 -1.09240
H 75.67210 89.23060 -0.68332
H 72.53850 89.84750 0.36806
H 82.83310 90.47660 -3.68313
H 80.77040 90.89590 -1.56596
H 86.91360 92.15140 -2.81563
H 87.76850 74.20480 -1.74652
H 85.69920 73.27730 0.15408
H 88.09660 76.80600 -2.88821
H 85.63550 78.96040 -2.81378
H 82.65310 81.06470 -1.54533
H 82.75430 84.04290 -2.67400
H 82.86790 87.21470 -3.17928
H 80.39540 85.91450 -1.80168
H 77.34760 84.73320 -1.05922
H 74.55090 86.16070 -0.62460
H 93.04250 72.28950 -1.39264
H 1.68969 73.90770 -2.57468
H 94.18410 74.75450 -2.89071
H 90.49660 74.10030 -0.45648
H 94.82050 95.19900 -2.99905
H 0.56797 81.69300 -3.64701
H 94.28600 81.52960 -4.05456
H 91.11840 81.33690 -3.92742
H 95.64680 84.34760 -3.48425
H 92.41830 84.19990 -3.77967
H 89.33660 83.93160 -3.75263
H 0.15791 87.07630 -2.72623
H 93.83570 87.08220 -3.33626
H 90.68040 86.75780 -3.67769
H 77.76700 91.52520 -1.17300
H 74.75040 92.16250 -0.64468
H 83.31310 93.11210 -2.21197
H 80.31820 93.82770 -1.57314
H 76.92050 94.59620 -1.10570
H 82.72590 71.85760 0.63400
H 85.35520 76.08180 -1.46315
H 82.68730 74.83910 -0.09826
H 80.02300 73.39780 0.63777
H 77.27490 71.99850 1.33291
H 82.67240 77.94880 -0.99541
H 79.97400 76.58610 -0.00097
H 77.21930 75.09300 0.76184
H 74.51080 73.58830 1.57417
H 79.89190 79.67310 -0.86307
H 77.17460 78.21380 -0.02107
H 74.52280 76.81540 0.90631
H 79.85960 82.89080 -1.55282
H 77.20190 81.45520 -0.50743
H 74.53330 79.90420 0.37642
H 74.57400 83.05190 -0.22846
C -0.52442 94.18870 -1.36696
C 93.43150 94.20400 -1.22304
C 90.21520 93.97460 -1.18907
C 1.69433 76.40470 -2.69286
C 94.64820 77.27480 -2.99263
C 89.77980 80.69940 -1.99557
C 87.38610 82.81250 -2.78643
C 85.08970 86.59170 -3.24167
C 0.07862 88.72990 -0.91647
C 93.82730 88.74930 -1.48991
C 87.09300 88.27640 -1.56302
C 91.71620 91.23170 -1.21019
C 73.74020 87.98630 0.41862
C 82.10970 89.04460 -1.71531
C 79.28450 90.13550 0.31302
C 84.68100 91.15590 -2.00169
C 87.04130 93.77970 -0.99221
C 84.14790 94.92010 -0.60223
C 89.24230 74.76780 1.58571
C 88.26920 73.18020 0.52433
C 85.17250 71.85820 1.21446
C 87.63050 76.34640 -0.43718
C 87.94630 79.14240 -1.82399
C 84.89470 81.13330 -1.46991
C 84.83470 83.58490 -1.56149
C 82.75910 85.97700 -1.04824
C 79.91570 86.88700 0.40262
C 76.83380 87.10590 -0.70468
C 74.10380 84.87110 1.32734
C -0.59982 74.44050 -1.58454
C 93.03230 74.65470 -0.71376
C 92.77110 76.08470 -4.51645
C 95.83650 80.44670 -2.44360
C 92.75080 80.22940 -2.42762
C 0.13690 83.28080 -1.80493
C 93.94430 83.07540 -2.22757
C 90.81650 83.07460 -2.25967
C 95.27160 85.97580 -1.61051
C 92.20540 85.87270 -1.98045
C 89.14710 85.69020 -2.04278
C 90.47980 88.27380 -1.70190
C 88.63450 91.17340 -1.23318
C 76.39250 90.86340 0.78325
C 73.61740 91.69190 1.53130
C 81.99640 92.49570 -0.22030
C 78.64200 93.34570 0.20878
C 75.62130 93.92630 0.91262
C 84.89440 75.52610 0.88010
C 82.06040 73.76640 2.02421
C 79.32820 72.10990 2.65358
C 85.09140 78.27610 -0.44353
C 82.04790 76.89180 1.19900
C 79.30320 75.35750 2.00029
C 76.59050 73.84190 2.80094
C 81.98640 79.85870 0.45859
C 79.21600 78.63320 1.23812
C 76.68430 77.01070 2.09571
C 82.06610 83.12040 -0.47813
C 79.38410 81.68670 0.52274
C 76.73800 80.17100 1.44737
C 73.66020 78.70460 2.37745
C 79.47480 84.75890 0.08368
C 76.78130 83.41850 0.86495
C 73.95910 81.83270 1.84447
