2979
Frame 145
C 12.80240 95.74680 -1.24916
C 14.08360 0.94709 -0.95328
C 12.10640 3.10365 -2.47740
C 10.88400 6.29187 -2.40538
C 8.18331 9.10213 -2.43014
C 4.70327 8.77621 -3.57015
C 2.78256 8.86451 -4.40527
C 23.96180 0.43581 0.17132
C 22.24010 4.15491 0.71581
C 24.61360 5.98522 -1.02723
C 24.62460 11.80870 -0.15387
C 19.62300 1.00354 -1.25430
C 16.04200 -0.78058 0.31212
C 19.11980 4.48021 -1.06227
C 22.76770 8.77556 -0.63234
C 19.78840 7.53065 -0.82296
C 13.72500 4.77770 -0.41316
C 23.25350 13.04980 -0.74113
C 14.34620 8.25238 -1.02629
C 23.07880 16.37070 -0.60711
C 11.90870 10.22230 -1.45706
C 23.10930 19.58550 -0.49959
C 12.72930 13.55980 -1.18423
C 9.38334 12.67530 -1.50946
C 23.14870 22.95030 -0.39366
C 14.75920 17.81760 -0.42442
C 11.29170 16.17920 0.12681
C 14.68790 21.52370 0.74111
C 20.58520 -0.97567 -1.01444
C 5.67451 10.64820 -1.20628
C 6.59580 14.01200 -0.54293
C 3.60931 14.15740 -1.26066
C 8.10281 16.64640 -0.23355
C 2.31766 17.13310 -1.37045
C 9.88687 19.34330 0.14701
C 11.39080 21.99720 0.26449
C 9.40429 95.22590 -2.11315
C 10.81250 0.36060 -2.19550
C 7.41535 -0.05621 -2.85607
C 4.14468 -0.22167 -3.20070
C 8.67017 2.60373 -3.30663
C 5.43146 2.60431 -3.44810
C 2.15297 2.53912 -3.51463
C 7.29777 5.63191 -3.79639
C 3.74332 5.47978 -3.81379
C 16.61050 2.87454 -1.08584
C 16.75150 6.21045 -0.78173
C 20.69320 11.02310 0.19718
C 17.51970 9.64256 -0.65067
C 20.40680 14.61650 -0.27268
C 17.96170 12.91300 -0.23918
C 14.92450 11.44020 -0.96495
C 20.52820 18.10190 -0.27443
C 17.70810 16.27270 -0.22451
C 14.98450 14.77940 -0.64102
C 20.32800 21.37680 -0.11997
C 17.52030 19.69360 -0.06532
C 5.07562 16.85340 -0.60865
C 6.64670 19.58670 -0.07911
C 3.65283 19.74460 -0.49913
C 8.16775 22.21450 0.12129
C 4.88285 22.28980 -0.07936
C 1.79630 22.53160 -0.57001
H 13.45050 -0.68614 0.83751
H 11.75990 1.62835 -0.46162
H 10.24130 3.97862 -1.93406
H 8.43707 6.74792 -1.76790
H 1.98821 6.38074 -2.16935
H 3.81104 9.03331 -1.10719
H 22.74110 1.88092 1.85191
H 24.71440 4.16239 0.80714
H 23.01970 6.57294 0.75652
H 24.16430 9.55853 0.84913
H 25.31070 15.92960 0.82119
H 20.14660 2.77310 0.56059
H 17.40080 1.21881 0.24920
H 20.25170 5.68722 0.82667
H 14.56820 2.82414 0.57041
H 14.92790 6.60886 0.81454
H 21.44420 13.21170 1.04909
H 12.46400 8.55547 -0.11262
H 24.04890 18.22810 0.87671
H 21.41480 16.40590 1.26505
H 9.91544 10.68480 0.20477
H 24.08150 21.23730 1.18697
H 10.47890 13.81530 -0.00695
H 13.00230 17.95050 0.90172
H 9.71164 17.57010 1.38328
H 22.13180 -1.02738 0.74461
H 1.59685 12.69370 -1.87341
H 7.19343 12.23200 -0.14195
H 3.96923 12.08680 0.12640
H 7.87381 14.82420 1.52323
H 6.48226 17.58660 1.30013
H 11.27170 20.23580 2.27929
H 8.12132 20.34750 1.75864
H 10.60470 -1.32657 -0.39452
H 7.38424 95.96840 -0.91703
H 4.15884 95.65320 -1.36663
H 0.95874 95.39410 -1.73199
H 8.71747 1.24222 -1.23181
H 5.56231 0.97717 -1.61833
H 2.39246 0.75319 -1.81574
H 7.02780 3.84122 -2.07124
H 3.78879 3.70497 -2.00507
H 5.25893 6.51245 -2.40539
H 17.43160 4.41413 0.75474
H 20.81260 8.74434 1.00015
H 17.95770 7.69870 0.78995
H 18.34430 10.93770 1.31729
H 15.42190 9.76112 0.72327
H 18.55220 14.63390 1.47578
H 15.78140 13.00950 0.80851
H 12.85280 11.67020 0.32367
H 21.34290 19.69670 1.35053
H 18.61420 17.91700 1.36792
H 15.83050 16.21830 1.19207
H 13.11180 14.77010 0.95085
H 18.59780 21.28220 1.66289
H 15.79170 19.45880 1.23175
H 4.73425 14.93010 0.78354
H 1.73087 15.21050 -0.06667
H 3.30696 17.77820 0.75761
H 4.94397 20.42030 1.48477
H 1.71956 20.52990 0.81905
C 11.80680 95.86770 1.75641
C 12.75620 1.58234 1.78034
C 10.60300 3.61890 0.47772
C 10.65630 6.99662 -0.50640
C 8.14435 8.96510 -0.39438
C 4.03841 7.66982 0.63898
C 1.69327 8.20822 -2.25335
C 23.83830 0.18002 1.97451
C 23.68370 3.01797 3.84314
C 24.68150 5.97042 2.55593
C 24.63800 11.73820 2.33329
C 19.20420 0.87394 2.08777
C 15.37440 -1.02208 2.33236
C 19.05210 4.19589 2.52829
C 22.71950 8.41486 2.57477
C 19.59230 7.32622 2.60142
C 13.35670 4.94862 1.43439
C 23.22330 13.24280 2.83010
C 13.81560 8.37374 2.06237
C 23.23140 16.42460 2.57702
C 11.35580 10.15420 1.70159
C 23.31620 19.64480 2.87309
C 11.83740 13.10140 2.05726
C 8.96884 12.56410 1.65764
C 23.53410 22.91600 2.80730
C 14.70050 17.77170 2.77029
C 11.59190 16.19580 2.19988
C 14.57400 21.20990 2.45406
C 20.07240 -1.06674 2.06761
C 5.72438 11.78930 1.83938
C 5.82869 13.73320 2.53583
C 2.76840 13.71720 1.61791
C 8.04262 16.36320 2.86154
C 1.38261 16.82070 1.81767
C 9.68434 19.15300 3.35759
C 11.41890 22.09530 3.46893
C 8.84816 95.32010 0.95989
C 9.98079 0.59098 0.82348
C 7.00592 0.39602 0.27857
C 3.92434 0.06346 -0.01487
C 8.53407 3.27539 -0.13448
C 5.46046 3.04970 -0.31550
C 2.35146 2.73368 -0.30046
C 7.04054 5.77556 -0.48840
C 3.68290 5.70198 -0.50498
C 16.16610 2.70969 2.12310
C 16.50150 6.26756 2.22652
C 20.54960 11.04740 2.04697
C 17.21660 9.43514 2.44873
C 20.25500 14.75010 2.83331
C 17.44580 12.87710 2.69487
C 14.50240 11.48680 2.17258
C 20.35810 18.01090 2.93006
C 17.57370 16.35130 2.91923
C 14.87540 14.48160 2.59421
C 20.49280 21.21940 3.14288
C 17.57470 19.41460 3.09601
C 4.51551 16.60270 2.44793
C 6.39706 19.29830 3.11567
C 3.15827 19.43940 2.53167
C 7.96554 22.20540 3.31546
C 4.67283 22.29620 3.04803
C 1.39293 22.26020 2.50068
C 22.78740 26.15400 -0.76115
C 20.18390 28.10740 -0.10452
C 15.22030 24.80590 0.51935
C 18.92320 29.57880 -0.91215
C 23.05060 29.28520 -0.71838
C 22.95510 32.73480 -0.55017
C 23.70830 35.77100 -1.85297
C 25.96110 45.88830 -3.63721
C 22.27920 44.51250 -2.15871
C 20.60290 31.55070 1.57423
C 18.94510 33.00630 -1.45518
C 15.09950 27.96100 -1.11565
C 19.44790 35.00500 -1.36779
C 12.78740 34.29040 -0.80194
C 20.41940 38.27080 -1.48425
C 10.58840 36.37350 -0.67672
C 21.48430 41.41900 -1.88248
C 18.28700 40.95170 -1.40928
C 8.58850 38.95660 -0.75494
C 4.32941 38.96960 -1.32698
C 16.29570 43.30120 -1.67031
C 2.53503 42.45080 -1.56310
C 14.04870 45.42070 -2.14323
C 4.86623 44.07910 -2.25242
C 2.73251 46.59370 -2.41830
C 13.25910 24.58100 -0.02238
C 12.00230 27.63780 0.00628
C 12.44430 31.12960 -0.73423
C 9.82375 30.34850 -0.13246
C 9.50465 33.27720 1.17024
C 5.73071 33.40610 0.17167
C 7.58369 35.87510 1.42825
C 1.64553 36.25600 -0.09908
C 20.47140 24.48660 -0.02043
C 17.63190 23.03030 0.23084
C 17.92300 26.34860 0.32459
C 15.77130 34.87030 -1.52545
C 17.18790 38.05070 -1.54214
C 13.92440 37.29390 -1.22411
C 15.04260 40.36100 -1.46890
C 11.93790 39.65700 -1.37399
C 12.92790 42.58580 -1.67628
C 9.72658 42.02350 -1.79057
C 6.58173 41.29860 -1.52303
C 10.85230 45.00920 -2.06975
C 7.80843 44.59760 -2.06401
C 5.89834 47.16210 -2.27227
C 9.93913 24.70820 0.04887
C 6.68114 25.07180 0.03644
C 3.42117 25.26790 -0.14389
C 8.20859 27.67240 0.03216
C 5.28144 27.82650 0.07093
C 1.90953 28.14760 -0.21823
C 6.92655 30.43890 0.09415
C 3.71104 30.58270 -0.03956
C 2.63657 33.61660 -0.10411
H 1.02330 42.90300 0.47079
H 24.08300 24.33710 0.64487
H 21.61640 26.08980 1.42376
H 16.02450 23.12240 2.08923
H 19.01780 27.84390 2.06533
H 16.30340 26.42750 2.33301
H 16.76130 28.65220 0.10497
H 24.19530 27.67160 0.75242
H 24.58400 30.87520 0.32821
H 21.72440 29.40530 1.44745
H 23.89550 40.84840 -2.14836
H 24.76460 43.99060 -2.48270
H 22.56260 42.94520 -0.26220
H 20.38880 44.96760 -0.41494
H 19.55990 33.85430 0.98613
H 16.69920 33.34730 -0.27264
H 13.89300 32.67040 0.83038
H 20.89840 36.65500 -0.00846
H 11.41520 34.79290 1.08362
H 21.76030 39.85520 0.06972
H 9.17535 37.35130 1.24127
H 19.56110 42.17020 -0.34241
H 6.76270 40.15980 0.65265
H 2.41277 40.17910 -0.46058
H 17.43780 44.48080 -0.55937
H 4.75190 42.48530 -0.40578
H 15.32450 47.01170 -0.82249
H 2.91536 44.79970 -0.77275
H 12.93990 22.88720 1.66646
H 9.72925 22.98730 1.82835
H 11.50960 25.69350 1.35974
H 13.64450 29.55280 0.43693
H 11.27890 31.60400 1.39539
H 8.44704 31.20420 1.77980
H 7.18311 34.09260 1.42745
H 4.01985 34.27610 1.89177
H 0.98257 34.45180 1.53095
H 2.79333 37.38720 1.29509
H 21.43090 22.83220 1.49694
H 18.80380 24.60430 1.76495
H 23.47190 45.48060 -0.22436
H 17.58460 36.24960 -0.15327
H 14.41950 35.64040 0.48268
H 18.71710 39.04650 0.17711
H 15.45940 38.62140 0.21440
H 12.18140 37.92680 0.45188
H 16.46360 41.59620 0.14658
H 13.27820 40.98230 0.21604
H 10.07390 40.37460 0.00788
H 14.35830 43.92830 -0.19826
H 11.12770 43.38570 -0.25429
H 7.96107 42.91930 -0.26343
H 12.28860 46.35730 -0.65846
H 9.19180 45.93350 -0.48000
H 6.05571 45.42930 -0.60915
H 6.45766 23.19260 1.61111
H 3.24021 23.32740 1.38323
H 8.33958 25.82430 1.62161
H 5.02213 25.95660 1.59424
H 1.71533 26.13560 1.29177
H 10.12040 28.54770 1.43709
H 6.78980 28.61920 1.79961
H 3.52222 28.69440 1.53013
H 5.30577 31.46420 1.66356
H 2.20907 31.68980 1.43647
C 23.73210 26.08830 2.59913
C 20.87280 27.69020 3.21815
C 15.12410 24.63140 3.82817
C 16.83290 28.97640 2.68573
C 23.68760 29.55660 2.37318
C 23.40410 32.68630 1.27464
C 23.30780 35.86960 0.05557
C 24.88370 43.47070 0.03600
C 22.07720 44.54690 1.56854
C 20.15440 31.32580 3.40307
C 17.44650 33.37440 2.26546
C 15.75110 31.06820 0.23678
C 20.57180 35.13820 2.23489
C 13.38540 34.58220 2.45580
C 20.53950 38.45070 1.77843
C 10.97090 36.92510 2.45267
C 21.40210 41.51140 1.47097
C 18.35900 41.04370 1.66303
C 8.21089 39.18530 1.09956
C 4.52371 39.11200 0.78213
C 16.08910 43.60770 1.50636
C 3.21759 41.78120 1.36696
C 13.99940 45.98960 1.09803
C 4.61884 44.44800 1.04480
C 2.46450 46.77610 0.81285
C 13.14050 24.65890 3.16517
C 12.44600 27.86580 2.04085
C 13.36700 30.89650 2.52119
C 10.27780 30.25300 3.16304
C 10.50230 33.36490 2.86137
C 5.82053 33.25860 3.33697
C 4.64683 36.07790 2.68476
C 1.13012 36.39170 3.05695
C 20.79810 24.53290 3.18186
C 17.91160 22.90760 3.40452
C 18.07220 26.01100 3.71453
C 16.45360 34.97880 1.72005
C 17.39410 38.07850 1.71400
C 14.09190 37.54130 1.97177
C 15.05730 40.45070 1.84890
C 11.71380 39.91430 1.82230
C 12.79820 43.05110 1.54697
C 9.62855 42.27470 1.45687
C 6.31469 42.09190 1.52134
C 10.90100 45.40040 1.14501
C 7.69210 44.91260 1.16467
C 5.69551 47.30440 0.94935
C 10.02750 24.93040 3.21079
C 6.62340 25.07190 3.22430
C 3.19996 25.17450 3.05073
C 8.60674 27.69360 3.17845
C 5.01889 27.80330 3.24686
C 1.75788 27.89470 3.01254
C 6.71331 30.50620 3.41002
C 3.58051 30.58210 3.08917
C 2.24038 33.31360 3.31445
C 20.09850 47.03950 -2.15670
C 17.01150 46.26660 -2.39116
C 15.00350 48.67300 -2.64207
C 16.55630 52.59190 -2.53142
C 14.13670 55.77210 -2.18774
C 16.89460 56.57540 -4.60085
C 20.05410 58.25750 -2.70222
C 21.85400 61.05980 -2.58152
C 23.95170 63.87680 -2.34634
C 19.16740 61.17290 -3.19512
C 16.41550 59.80110 -3.03317
C 13.62000 58.30850 -2.89065
C 10.38920 56.62630 -1.51895
C 22.45480 66.50850 -2.39664
C 20.09850 64.55520 -2.12921
C 10.65470 60.24880 -2.35329
C 23.08020 69.51750 -2.18829
C 11.15760 63.60470 -3.21685
C 11.33330 66.91460 -3.68402
C 8.92739 68.95610 -4.20597
C 13.60030 48.09350 -4.03311
C 6.86266 50.20270 -2.31597
C 3.59338 49.69460 -2.30051
C 11.19290 53.81090 -2.48417
C 8.03908 53.24220 -2.54579
C 4.64180 52.68390 -2.41904
C 1.53258 52.00930 -2.16093
C 7.31621 56.01550 -1.22260
C 8.73728 57.97270 0.65280
C 7.09910 60.55800 -2.76054
C 9.12360 63.27800 -3.09520
C 7.92708 66.06910 -3.60184
C 6.78112 68.91300 -4.05836
C 23.26580 47.18460 -1.96375
C 21.63310 49.72240 -2.09654
C 17.88640 49.78900 -1.54318
C 23.10150 52.61540 -2.18489
C 19.84710 52.62170 -2.29952
C 21.68400 55.41490 -2.54328
C 23.38350 58.15680 -2.32691
C 16.62250 63.96950 -3.32658
C 13.91240 61.74850 -2.80352
C 20.02250 68.29440 -2.52130
C 17.10220 66.84130 -2.96277
C 14.09930 65.39150 -3.30410
C 17.39990 69.96950 -2.99130
C 14.47490 68.46660 -3.43761
C 11.89130 70.19890 -4.08400
C 11.95020 48.15320 -2.36284
C 8.93231 47.75810 -2.15413
C 10.17740 50.80000 -2.33034
C 3.17273 55.76280 -1.54631
C 5.26297 58.23950 -2.21725
C 1.89521 58.77700 -2.37663
C 3.84178 61.14290 -2.85836
C 5.94572 63.72280 -3.21832
C 2.60316 64.21000 -3.26425
C 4.73758 66.72030 -3.61590
C 1.57802 67.40170 -3.62082
C 3.56018 69.67300 -4.06335
H 2.05545 50.27470 -0.33558
H 18.47590 47.51710 -0.73963
H 16.18840 51.11090 -0.58678
H 15.42740 54.07330 -0.98513
H 16.04390 57.36130 -2.73649
H 21.61170 59.24200 -0.94549
H 18.47100 59.33950 -1.66058
H 23.32840 61.98410 -0.82461
H 14.60510 56.93640 -0.04734
H 12.28230 55.20090 -0.72272
H 22.15080 64.57560 -0.94264
H 20.12090 62.23320 -1.24493
H 17.13640 61.91100 -1.95572
H 14.63290 59.82610 -1.29159
H 11.92110 58.37980 -1.18542
H 23.44880 67.59350 -0.62717
H 11.99670 62.05930 -1.60607
H 12.15610 65.37350 -1.75929
H 9.61976 67.31230 -2.51017
H 9.90362 70.55090 -2.75671
H 13.46000 49.57190 -0.87389
H 4.09458 47.83620 -0.79833
H 11.46440 52.12850 -1.10321
H 8.30575 51.45860 -0.76423
H 5.13607 50.87770 -0.78526
H 9.27026 54.54550 -0.98686
H 6.29353 53.81430 -0.86106
H 3.19815 53.38050 -0.91949
H 7.58526 55.72200 1.31510
H 6.90420 59.28890 -0.51458
H 8.82083 61.56650 -1.38038
H 7.65062 64.59600 -1.65680
H 6.52790 67.45270 -2.15170
H 5.48320 70.43130 -2.66648
H 24.88160 48.04220 -0.42928
H 21.56890 47.95430 -0.32267
H 23.19240 50.80020 -0.50669
H 19.99520 50.76860 -0.58168
H 21.51590 53.65250 -0.69098
H 18.35730 53.34550 -0.94582
H 22.95370 56.41700 -0.67498
H 19.77310 56.26560 -0.92191
H 20.48660 66.56600 -0.94186
H 17.80830 64.98280 -1.45168
H 14.85820 63.72400 -1.63648
H 20.95800 69.75400 -0.79224
H 17.96940 68.30920 -1.18406
H 15.11870 66.88670 -1.56625
H 15.41360 70.20390 -1.88176
H 12.59590 68.63060 -2.35180
H 10.37640 48.95860 -0.59472
H 7.18244 48.45690 -0.61282
H 5.15634 56.69960 -0.30524
H 1.53909 57.25090 -0.48187
H 3.71764 59.62260 -0.89107
H 5.63973 62.07230 -1.44790
H 2.51693 62.66800 -1.39037
H 4.43996 65.06970 -1.89531
H 1.34218 65.74090 -1.84028
H 3.41535 68.12900 -2.12672
H 2.21597 71.10430 -2.62826
C 19.87190 46.91270 1.20746
C 16.88780 46.54590 0.94219
C 15.02940 49.21840 0.49974
C 16.64300 52.63390 0.82809
C 14.09100 54.69860 0.96587
C 17.35620 55.58900 -1.48634
C 19.69300 58.46330 0.36812
C 21.46640 61.15480 0.55864
C 23.67580 63.86850 0.77360
C 18.39940 61.10360 0.07387
C 16.52570 58.38650 -0.47686
C 13.46860 58.95870 0.72580
C 12.32070 57.08070 0.90809
C 22.13630 66.28820 0.76973
C 19.85740 64.37650 -0.23691
C 10.72970 60.27130 -0.53591
C 22.62070 69.30970 0.95832
C 11.24550 63.78730 -0.03405
C 11.30420 67.20990 -0.71039
C 9.05142 69.18830 -1.00980
C 13.99700 52.03940 -0.97374
C 6.86266 50.36600 0.88058
C 3.62463 49.71280 0.82867
C 10.99850 53.95110 0.77223
C 8.04968 53.32800 0.80877
C 4.90207 52.67880 0.83287
C 1.99709 52.33640 1.13041
C 5.80088 55.56710 1.93662
C 8.40866 57.72760 2.67038
C 7.09840 61.13400 0.39730
C 9.22084 63.46490 -0.07051
C 8.18491 66.39030 -0.67755
C 7.03014 69.41150 -0.92276
C 23.25670 47.38130 1.31170
C 21.55840 49.96940 1.14371
C 18.15110 49.75740 0.27996
C 22.97720 52.68540 1.07177
C 19.89580 52.72380 0.93335
C 21.12090 55.58880 0.90314
C 22.98420 58.32140 0.93195
C 16.64090 63.41870 0.00036
C 14.01670 61.86690 -0.14272
C 19.62760 68.16840 0.62642
C 16.84070 66.51830 0.16895
C 13.96510 65.30630 0.01994
C 16.91730 70.01670 0.11466
C 14.09870 68.72330 -0.33591
C 11.75890 70.47470 -1.03067
C 12.08140 48.29360 0.86216
C 8.90267 47.82710 1.04727
C 10.16470 50.97590 0.80114
C 3.05426 55.60430 0.42541
C 4.95611 58.68850 1.06008
C 1.92311 58.75330 0.71207
C 3.99547 61.71350 0.35713
C 5.85751 64.08260 -0.09060
C 2.72650 64.68390 -0.13028
C 4.84857 66.99780 -0.50381
C 1.61329 67.82890 -0.49239
C 3.77271 70.24050 -0.91283
C 9.59493 89.60530 -1.75167
C 11.39370 92.77050 -1.64540
C 7.88888 92.39370 -2.25175
C 4.61589 91.89980 -2.86286
C 1.30811 91.81960 -3.19793
C 4.95098 75.12400 -4.77336
C 9.97509 77.97130 -4.12153
C 6.74800 78.25130 -4.55935
C 3.67072 78.17960 -5.01947
C 13.86220 83.80410 -5.11099
C 10.35620 87.68840 -1.89349
C 6.60631 89.41620 -2.38447
C 3.20479 89.33130 -3.17145
C 23.10160 80.15430 -1.35211
C 19.83950 81.20740 -1.87674
C 17.08700 83.13650 -2.57474
C 13.38110 85.72310 -5.61266
C 13.50260 87.21850 -2.27846
C 12.67300 90.08080 -1.81596
C 15.07570 92.73210 -1.12855
C 17.68510 94.56190 -1.02223
C 23.32450 95.11540 -0.79265
C 23.48810 72.96730 -1.92217
C 23.73360 76.69380 -0.91295
C 21.11260 77.98690 -2.06258
C 9.06850 71.95870 -4.59382
C 15.56620 78.55260 -4.07853
C 12.87380 76.67320 -4.63821
C 8.47362 75.02500 -4.03070
C 15.96770 81.77600 -3.21805
C 5.74833 72.09550 -4.48273
C 2.49065 72.86080 -4.40215
C 6.06554 95.01230 -2.75978
C 2.74893 94.59130 -3.09906
C 8.30688 80.83120 -4.41983
C 4.91252 80.90200 -4.67124
C 1.93630 80.83870 -5.11504
C 10.04800 83.89210 -3.83936
C 6.26327 83.63410 -4.39823
C 3.19781 83.57930 -4.56382
C 7.83920 86.42680 -3.63285
C 4.73720 86.56780 -3.67582
C 1.68260 86.60930 -3.95181
C 22.59850 83.31930 -1.66214
C 19.69260 84.95130 -2.08988
C 16.68100 86.15420 -2.28448
C 22.10480 86.93940 -1.45089
C 19.12490 88.39820 -1.78996
C 15.88600 89.44560 -2.00308
C 24.68450 88.82030 -0.74357
C 21.44100 90.24240 -1.28752
C 18.21250 91.60080 -1.34759
C 24.37170 92.10040 -0.55020
C 21.03880 93.29940 -1.12016
C 20.42480 71.49460 -2.50084
C 20.99310 74.70760 -2.60339
C 17.95700 73.03570 -3.33300
C 14.98280 71.78630 -3.81838
C 18.37710 76.60960 -3.38224
C 15.61460 74.84920 -4.31498
C 12.21760 73.16560 -4.71285
C 18.57110 79.85590 -2.82558
H 10.90770 90.87630 -0.14952
H 7.74774 90.63930 -0.56047
H 12.47270 93.78790 0.31557
H 6.00750 93.10230 -1.16232
H 2.72817 92.68910 -1.38040
H 6.47526 76.16460 -3.13077
H 3.33951 76.38770 -3.34984
H 8.17720 78.97090 -2.68198
H 9.76565 81.70740 -2.48838
H 12.41420 83.18350 -3.10476
H 8.85657 88.05700 0.05412
H 4.53159 90.07770 -1.16237
H 1.32181 89.83180 -1.65039
H 22.28090 78.36280 0.10100
H 21.75200 81.54210 -0.15938
H 18.66000 83.06620 -0.72396
H 15.82690 84.31950 -0.69434
H 14.40350 85.73240 -3.24289
H 12.21290 88.05420 -0.33135
H 14.34870 90.55470 -0.36231
H 16.99800 92.69670 0.54707
H 15.13820 94.75690 -0.92733
H 19.68130 94.66670 0.39072
H 23.92830 70.86550 -0.55836
H 23.98360 74.49250 0.14388
H 21.42280 76.02010 -0.62153
H 19.01680 77.93910 -1.48725
H 13.19390 75.07410 -3.47773
H 10.31740 73.61100 -3.24561
H 7.52007 72.97310 -2.99709
H 16.19450 79.64710 -1.87291
H 13.27700 78.49900 -2.66262
H 4.43407 73.49130 -2.97706
H 9.30482 93.41740 -0.44232
H 4.92369 79.05420 -3.06897
H 1.63182 78.87950 -3.71317
H 6.50399 81.75980 -2.96502
H 3.16515 81.65370 -3.14580
H 7.94191 84.52460 -2.69158
H 4.65704 84.43550 -2.72443
H 1.52963 84.39070 -2.98019
H 6.22559 87.04450 -1.71481
H 2.98177 87.17480 -1.90374
H 24.54730 80.27850 0.69831
H 24.07370 83.65210 0.34839
H 21.26460 84.88610 -0.25746
H 18.30400 86.30790 -0.55801
H 15.33180 87.46860 -0.60215
H 23.58670 86.94590 0.50077
H 20.74330 88.30850 0.15880
H 17.69420 89.49860 -0.29925
H 23.08860 90.24560 0.56250
H 20.08150 91.49930 0.30821
H 22.65910 93.37780 0.80449
H 21.25650 72.93770 -0.90928
H 18.26050 71.57360 -1.28689
H 18.66510 74.68270 -1.75513
H 15.76950 73.38570 -2.28147
H 12.85860 71.97480 -2.60813
H 15.98740 76.54750 -2.63310
C 9.14561 90.14480 1.39795
C 10.91410 92.87770 1.39070
C 7.39110 92.58230 0.84444
C 4.42202 91.73000 0.27747
C 1.21883 91.51270 0.16283
C 4.68474 75.48650 -1.47674
C 9.80260 78.21530 -0.93846
C 6.41335 78.02730 -1.37425
C 3.03352 78.28200 -1.79180
C 12.23380 80.68590 -2.56976
C 10.33640 87.20270 1.31250
C 6.39126 88.73450 0.01289
C 2.84721 88.71280 0.01125
C 22.38900 80.08270 1.80562
C 19.44780 80.79960 -0.00063
C 16.56270 82.33970 0.61723
C 13.62610 83.80580 -1.54778
C 13.44370 86.46420 0.78182
C 12.56090 89.87920 1.37178
C 14.62400 92.82150 0.78539
C 17.67130 94.32950 2.04685
C 22.97410 95.03850 2.44886
C 22.74130 72.45100 1.06216
C 22.78000 76.36200 1.39982
C 20.07850 77.59440 0.70063
C 9.31616 72.23390 -1.45486
C 14.30270 77.94030 -1.28354
C 10.99170 77.30290 -2.40912
C 8.52939 75.14440 -2.27917
C 14.99580 81.14000 -0.16193
C 6.11567 72.51540 -1.33715
C 2.62008 73.21940 -1.25423
C 5.74055 94.98470 0.47530
C 2.42909 94.54050 0.12086
C 8.17223 81.06410 -1.13855
C 4.75718 80.91070 -1.45327
C 1.31474 80.52910 -2.02155
C 10.29290 84.20850 -2.04500
C 6.27490 83.46850 -1.18820
C 2.97072 83.29790 -1.33456
C 7.92594 85.80370 -0.51959
C 4.71524 85.88200 -0.64528
C 1.32400 85.74340 -0.93820
C 21.98340 83.30440 1.55709
C 19.10220 84.48920 0.94316
C 16.36420 85.81280 0.91690
C 21.56620 86.50900 1.68810
C 18.62560 87.82470 1.33276
C 15.64580 88.86060 1.11802
C 23.88190 88.77600 2.20811
C 21.02710 89.91670 1.99003
C 17.96840 91.07510 1.68507
C 23.59420 91.79370 2.46557
C 20.55180 93.10580 2.15523
C 19.85800 71.46380 0.53819
C 19.87930 74.45260 0.39946
C 17.18700 73.27660 -0.19361
C 14.41620 72.07680 -0.68238
C 17.28210 76.35470 -0.53759
C 14.45340 75.12890 -1.22088
C 11.90820 73.98380 -1.52060
C 17.32620 78.61080 0.13148
C 38.31830 0.25346 0.84798
C 36.24940 0.06789 0.25372
C 39.43840 3.17583 1.13839
C 48.20780 9.27301 0.18740
C 45.23570 8.90914 0.23166
C 42.25600 8.33138 0.27162
C 42.88370 11.40350 -0.33753
C 33.58960 -0.60472 1.64881
C 27.65960 0.50540 -0.18832
C 35.85310 2.95719 1.42844
C 37.43300 5.67073 0.56873
C 38.97820 8.21045 0.12814
C 26.03790 8.92109 -0.77454
C 40.84490 10.82070 -0.60286
C 39.10950 13.92310 -1.19913
C 26.51830 14.94810 -0.38811
C 28.47770 17.43590 -0.45196
C 36.44130 20.27670 -0.83689
C 33.45160 20.45660 -0.20282
C 30.12940 20.40560 -0.28941
C 26.34470 20.84170 0.20562
C 49.32710 11.01550 -0.23573
C 46.14690 12.16200 0.28041
C 41.77240 14.72710 -2.30853
C 43.34920 17.68810 -2.61088
C 40.32640 19.28930 -1.75576
C 40.28540 22.42490 -1.62696
C 47.67060 1.24936 2.08854
C 44.62140 0.82851 1.93166
C 41.67440 0.61473 1.39073
C 49.19300 4.05120 1.53203
C 45.97130 3.62257 1.61750
C 42.71140 3.27688 1.42393
C 47.34650 6.31253 1.02651
C 43.92630 6.00520 0.90590
C 40.80800 5.70917 0.88939
C 30.80770 0.14024 0.55130
C 32.73020 2.78121 0.57432
C 29.58890 2.99971 -0.28128
C 26.01540 2.91623 -0.63275
C 34.09470 5.73344 0.26407
C 31.13590 5.91411 -0.20647
C 28.03560 6.30186 -0.76331
C 36.02230 8.57522 -0.15033
C 32.71190 8.81007 -0.27039
C 29.45090 8.99873 -0.50485
C 37.58930 11.20070 -0.53338
C 34.44240 11.36870 -0.58290
C 31.25850 11.63980 -0.57360
C 27.80010 11.94150 -0.61986
C 35.98360 14.08010 -0.96852
C 32.85690 14.37870 -0.79605
C 29.79580 14.61910 -0.55192
C 37.69850 16.78650 -1.41661
C 34.54300 17.23440 -1.01698
C 31.47570 17.49470 -0.59174
C 49.28510 14.12440 -0.82864
C 46.08910 15.76220 -1.17759
C 49.09570 17.26080 -1.37471
C 46.17220 18.84890 -1.71077
C 43.21390 20.90280 -2.12658
C 49.16880 20.54260 -1.96968
C 45.99650 22.24730 -2.14606
H 36.60930 0.89162 2.55551
H 40.93140 4.27423 2.80676
H 37.80890 3.93441 2.33229
H 48.82490 7.87150 2.28064
H 42.26250 7.05887 2.32206
H 46.61750 10.29620 1.71706
H 43.52530 9.96343 1.53961
H 30.62180 -1.32367 2.67597
H 27.71390 96.17990 1.33858
H 32.27780 1.37981 2.27557
H 25.88140 1.27261 1.26098
H 33.94650 4.30976 2.25692
H 38.98080 6.82009 2.14726
H 35.77710 6.93824 1.67486
H 40.56200 9.50096 1.41688
H 39.24830 12.27270 0.66111
H 26.44240 12.94760 1.21195
H 40.80670 15.50710 0.07763
H 37.70080 15.09910 0.42974
H 36.52270 18.06680 0.44111
H 27.03680 18.57130 1.42877
H 34.79600 21.05580 1.08119
H 31.72010 20.91040 1.69951
H 28.65260 21.33400 1.08479
H 48.38680 12.82570 1.05033
H 45.33070 14.55510 0.90843
H 43.48860 15.76860 -1.58445
H 42.30110 19.29360 -0.82384
H 39.73380 20.87160 0.36777
H 24.74440 95.86830 1.01951
H 47.76680 -0.26799 3.94651
H 44.61840 -0.90628 3.72626
H 41.62610 96.33490 2.99031
H 38.57510 95.97520 2.26154
H 49.18380 2.57282 3.51330
H 45.93970 2.13329 3.56625
H 42.81460 1.73217 3.26929
H 39.71790 1.25061 2.68878
H 47.44950 4.98382 3.06797
H 44.08390 4.57411 2.87661
H 45.46170 7.40233 2.17128
H 29.07970 1.40556 1.59290
H 30.91840 4.27767 1.43898
H 27.85280 4.17730 0.71949
H 32.53070 7.08943 1.51664
H 29.43800 7.08857 1.13665
H 26.15330 6.97553 0.78333
H 37.50160 9.69894 1.48855
H 34.40670 9.71742 1.26046
H 31.04640 9.90859 1.21044
H 27.77800 9.88766 0.83598
H 36.08830 12.50240 0.93360
H 32.92900 12.53660 0.95980
H 29.59200 12.66970 0.96837
H 34.62150 15.39280 0.64041
H 31.48360 15.44380 0.93446
H 28.31530 15.64400 1.18524
H 33.23530 18.23400 0.88394
H 30.02920 18.39680 1.18159
H 48.04250 15.95490 0.32043
H 45.20120 17.66110 0.27510
H 48.05570 19.20080 -0.20037
H 45.11780 20.70840 -0.45875
H 42.41620 22.51320 -0.37776
H 47.99910 22.33820 -0.66415
C 38.12330 -0.07868 4.07275
C 34.91420 -0.45055 3.48282
C 39.26480 3.10802 4.16492
C 48.23240 10.07370 3.47354
C 45.17450 9.57185 3.36916
C 42.10000 8.92739 3.24839
C 42.87940 12.05790 2.69286
C 33.51950 0.95888 4.43064
C 27.21870 0.40965 2.92753
C 35.76050 2.95423 3.27449
C 37.15110 6.02557 3.57502
C 39.10640 9.00912 3.28924
C 26.07270 8.81787 2.47461
C 40.84030 11.62110 2.54086
C 39.71790 14.53160 1.81355
C 26.56730 14.85280 2.83879
C 28.32100 17.55950 2.86827
C 37.34830 20.49050 1.05364
C 33.56420 19.69590 2.94504
C 29.72210 19.99490 3.03987
C 26.29600 20.87940 2.28425
C 49.30070 11.73640 3.07840
C 46.18370 12.66100 2.26828
C 42.97280 14.50240 0.79424
C 42.71910 17.16500 0.46355
C 40.94070 19.49850 1.41586
C 40.91630 22.81210 1.57854
C 47.69840 1.78196 5.24190
C 44.35490 1.13279 5.10849
C 41.14580 0.57717 4.53101
C 49.20250 4.69295 4.73693
C 45.72930 4.23705 4.68084
C 42.54990 3.77548 4.59240
C 47.05360 7.10355 4.04060
C 43.99380 6.75919 3.97105
C 40.65330 6.38337 3.97153
C 30.30990 0.83028 3.69692
C 32.07000 3.58887 3.56749
C 29.07100 3.55562 2.83251
C 25.57980 3.07517 2.88741
C 34.01570 6.18658 3.35670
C 30.78930 6.20147 2.99331
C 27.60760 6.07665 2.53693
C 35.87640 8.98233 3.09476
C 32.70090 9.12778 2.88767
C 29.28750 8.96840 2.67444
C 37.74730 11.86650 2.61209
C 34.58050 11.76910 2.65387
C 31.24870 11.69270 2.59094
C 27.83260 11.79280 2.60158
C 36.27040 14.53810 2.29999
C 33.24040 14.48260 2.41612
C 29.85140 14.48220 2.62789
C 38.90800 17.23160 0.15566
C 35.22310 17.31780 2.20614
C 31.66500 17.31680 2.60282
C 49.06040 14.81160 2.29598
C 46.19030 16.04420 2.10535
C 48.74600 17.87420 1.70678
C 46.06690 19.27120 1.38137
C 43.14630 20.68520 1.06415
C 48.83510 21.00410 1.26110
C 46.07550 22.43440 0.91125
C 49.13910 30.00970 -0.15805
C 47.53940 32.74230 -0.19270
C 49.44700 35.49980 -0.39166
C 48.11520 38.15920 -0.74094
C 37.50920 23.66250 -1.45306
C 40.05070 26.19640 -1.12095
C 42.78650 27.44370 -1.89585
C 49.04170 27.25430 -1.98900
C 45.83920 29.19110 -2.11993
C 36.74880 25.69770 -1.61304
C 33.73630 23.92490 -0.91792
C 29.93420 23.54270 0.97635
C 40.55780 29.99560 -1.76861
C 37.29610 28.80670 -1.55466
C 28.11290 25.68390 -1.01905
C 44.09940 33.39980 -0.73111
C 40.89160 33.09480 -1.48033
C 25.57200 27.40260 -1.21390
C 41.79480 36.80230 -0.56322
C 39.22580 38.24630 -1.12196
C 37.24300 40.91960 -1.02191
C 34.78190 42.59560 -1.72436
C 31.32360 41.28720 -2.03791
C 28.09640 40.35600 -3.38714
C 24.71710 39.26860 -3.32934
C 24.24260 42.63410 -4.17698
C 31.72190 44.62820 -1.63549
C 28.44630 44.08410 -1.59317
C 32.73190 47.37970 -1.49698
C 45.72750 35.93560 -0.07115
C 44.61000 39.12490 -1.05024
C 41.68620 40.48570 -1.07951
C 46.94570 41.17770 -0.89556
C 41.07780 43.73200 -0.91768
C 38.20460 45.12590 -1.67036
C 35.19650 45.75590 -0.90824
C 46.94220 44.39120 -0.76255
C 43.01040 24.13170 -2.06724
C 48.92500 23.88460 -2.35862
C 45.97950 25.17830 -2.70253
C 34.29980 27.44860 -1.30008
C 31.29980 26.36200 -1.08104
C 37.93420 31.94370 -1.57757
C 34.96540 30.76640 -1.48797
C 31.91350 29.63400 -1.35428
C 28.91910 28.47320 -1.16171
C 38.62970 35.09660 -1.33475
C 35.59200 34.00570 -1.47330
C 32.68170 32.74400 -1.56135
C 29.49050 31.48430 -1.64660
C 26.26610 30.40840 -1.46476
C 36.29950 37.27080 -1.49364
C 33.32470 35.89630 -1.73550
C 29.94750 34.74920 -1.97079
C 26.84750 33.47770 -2.01838
C 34.00860 39.30140 -1.81316
C 31.13650 37.84470 -2.28003
C 27.02420 36.85850 -2.03534
C 29.75370 47.19590 -1.61218
C 44.16160 42.41410 -0.93739
C 43.84890 45.60690 -0.86797
C 40.90290 46.75110 -0.79301
H 47.66190 30.97090 1.60366
H 49.16610 33.83480 1.36029
H 47.81590 36.62170 1.15294
H 39.48970 24.12570 -0.02605
H 42.28680 25.67760 -0.30788
H 41.04220 28.29030 -0.33761
H 47.56320 28.51510 -0.42785
H 44.53900 29.86680 0.12270
H 38.04020 27.02750 -0.00801
H 35.07630 25.81460 0.25591
H 32.03490 24.86460 0.76822
H 41.72760 31.36560 0.15766
H 38.70040 30.23380 -0.10121
H 29.60020 26.90840 0.64360
H 26.71400 25.57850 0.40181
H 42.18690 34.51740 0.21410
H 39.60430 36.42690 0.49374
H 40.98010 38.83440 0.54544
H 25.04740 34.02330 -0.35846
H 37.67800 41.65080 1.49276
H 31.94450 39.38810 -0.45645
H 29.06450 38.12690 -1.43159
H 24.77800 37.71920 -1.14649
H 35.66500 43.71430 0.36701
H 32.62940 42.66030 -0.51755
H 28.28690 42.51210 -0.48796
H 33.02110 45.56580 0.13672
H 29.95550 45.28500 -0.04234
H 46.00740 33.64320 1.01080
H 43.94560 37.43870 0.60072
H 46.47890 39.47490 0.54520
H 43.48610 40.63650 0.59503
H 40.66450 41.93190 0.88182
H 38.51410 43.16900 -0.90772
H 45.91640 42.73490 0.81489
H 45.05670 23.96950 -0.75221
H 47.69070 25.46580 -0.97752
H 44.97940 26.97770 -1.25277
H 35.62450 29.02490 0.16964
H 32.54620 28.01270 0.37123
H 39.08120 33.29560 0.22424
H 36.14850 32.16180 0.11597
H 33.14530 31.10780 0.14819
H 30.08980 30.07950 0.30812
H 27.00300 28.80680 0.26362
H 36.68310 35.43580 0.16936
H 33.68330 34.29410 0.14888
H 30.66370 33.08300 -0.27219
H 27.58300 31.97840 -0.17537
H 37.27890 38.74670 0.21685
H 34.28660 37.49970 -0.07602
H 31.29820 36.15680 -0.37136
H 28.16720 35.11460 -0.60947
H 34.96460 40.74610 -0.12284
H 26.63440 45.20630 -0.14190
H 42.94760 43.88050 0.63052
H 40.14750 45.09850 0.94018
H 37.19630 46.27910 0.29748
H 45.65690 45.89810 0.71074
H 42.71190 47.06090 0.79275
C 48.91210 30.21410 3.01032
C 47.38420 33.04090 2.95570
C 49.36270 35.79010 2.88754
C 47.87910 38.46350 2.43018
C 37.87060 23.82040 1.83508
C 40.22110 26.30280 0.79913
C 43.26330 27.73940 0.51155
C 47.71290 27.03600 1.09273
C 46.11960 29.97770 1.09222
C 37.05290 25.72220 1.78912
C 34.25290 23.56120 1.02466
C 31.35830 22.94670 2.59327
C 40.64120 29.88410 1.52270
C 37.62590 28.72780 1.62290
C 28.66110 25.25980 2.20083
C 43.99090 32.25370 0.81999
C 41.03060 33.31970 1.80419
C 26.22000 27.42920 2.17158
C 41.77830 36.69180 1.48063
C 39.01010 38.28160 1.96694
C 36.30480 40.37070 1.94421
C 34.00940 42.34670 1.51756
C 30.49000 41.29390 -0.10484
C 28.28000 40.11910 -1.52002
C 23.72160 38.99350 -0.22323
C 25.87270 42.09310 -1.18057
C 31.54060 43.97710 1.32030
C 28.34220 44.22010 1.47340
C 32.52930 47.19810 1.82687
C 45.58840 35.90270 1.86461
C 44.55050 38.94900 2.10653
C 41.84280 40.17620 2.43681
C 46.62840 41.30340 2.28977
C 41.43960 43.77100 2.59929
C 37.91370 44.20470 1.35298
C 35.07100 45.80900 1.46348
C 47.18080 44.57210 1.96587
C 43.48300 24.20580 1.11638
C 48.68230 24.18610 0.81871
C 45.96520 25.80840 0.71985
C 34.45790 27.62500 1.90603
C 31.51850 26.75370 2.30597
C 37.97000 31.72740 1.76604
C 34.95480 30.80600 1.78314
C 31.90780 29.83970 1.86945
C 28.85410 28.64020 1.98935
C 38.37450 34.96630 1.93607
C 35.50440 33.92770 1.74326
C 32.23310 32.86290 1.60653
C 29.39220 32.06320 1.55825
C 26.61650 30.76070 1.76851
C 35.86300 37.26130 1.68318
C 32.90930 36.17850 1.51259
C 29.83950 34.88920 1.15525
C 26.71860 34.00140 1.16565
C 33.27820 39.39720 1.22033
C 30.24050 38.01170 0.78334
C 26.97910 37.20980 -0.14744
C 29.49840 46.95930 1.49451
C 43.94420 42.33670 2.26331
C 43.80740 45.51000 2.27559
C 40.89590 46.96100 2.41379
H 37.00480 60.23200 0.55490
H 34.42480 58.55000 -0.05468
H 40.19210 63.53290 0.56615
H 37.15710 62.95420 0.31364
H 44.47530 68.13010 0.47443
H 40.88370 66.71020 0.37060
H 28.97130 62.35440 -0.24938
H 44.65220 71.25680 0.48664
H 25.38930 64.90250 -0.67246
H 26.31850 68.73670 -0.34224
H 27.66200 71.53920 0.10852
H 34.29160 61.67990 0.40370
H 37.80930 65.79840 0.27556
H 34.71990 64.86780 0.41689
H 31.76970 63.72290 -0.06707
H 41.58900 69.89600 0.26276
H 38.61930 68.95850 0.19703
H 35.38720 67.94920 0.12536
H 32.25910 66.92060 0.02487
H 29.05420 65.49130 -0.48774
H 36.10810 71.07620 0.11957
H 33.04650 70.03560 0.09561
H 29.99000 69.23660 -0.11894
C 47.62720 65.54520 -2.85232
C 49.38440 69.07640 -0.85830
C 34.85050 50.05010 -0.28099
C 36.02950 53.30330 -1.69771
C 33.64460 56.18460 0.27820
C 31.56710 55.46180 -1.24677
C 30.35930 58.53150 -0.84665
C 28.05270 60.74600 -1.85329
C 25.05490 60.95000 -2.19587
C 36.82990 58.31410 -0.87321
C 39.03630 61.39570 0.12544
C 36.01300 61.43840 -1.27071
C 33.47390 60.10780 -1.30870
C 43.13030 66.23310 -0.74762
C 39.68810 65.24280 -1.29007
C 30.91090 62.05200 -1.68788
C 43.54830 69.77660 -1.28712
C 27.52860 63.87890 -1.41918
C 25.45670 67.04280 -1.98182
C 26.14940 70.66710 -1.81727
C 37.97710 48.22250 -0.97584
C 37.75040 51.18340 -0.85223
C 37.42100 54.64960 -1.39670
C 39.90120 56.62200 -0.90443
C 42.02190 58.96230 -0.55548
C 48.38080 58.92360 -0.56500
C 42.20520 62.65740 0.09396
C 47.42540 62.19180 -0.73234
C 45.76120 63.45770 -0.52925
C 26.49640 46.93320 -1.92084
C 31.32770 50.08820 -1.33898
C 28.12430 49.89750 -1.78933
C 24.96360 49.95560 -2.02039
C 32.89120 52.59200 -1.24501
C 29.71340 52.73560 -1.48672
C 26.53940 52.80350 -1.84878
C 28.21380 55.48390 -1.65442
C 24.83070 55.46100 -1.99256
C 26.62470 58.08810 -1.86039
C 36.45600 64.55070 -1.35420
C 33.68280 63.39920 -1.28157
C 40.46320 68.32440 -1.37291
C 37.32270 67.59190 -1.33805
C 34.21600 66.38300 -1.41483
C 30.88310 65.45130 -1.60868
C 37.94310 70.60650 -1.45338
C 34.85300 69.70080 -1.49204
C 31.87570 68.69840 -1.61614
C 28.43480 67.64760 -1.27925
C 32.55190 71.85460 -1.44296
C 29.58000 70.89920 -1.53061
C 46.57030 47.78450 -0.55164
C 43.49950 48.80760 -0.74533
C 40.70850 49.82900 -0.86745
C 46.18680 50.88760 -0.49705
C 43.31570 51.89250 -0.60691
C 40.27740 53.48670 -0.96099
C 45.75150 54.05700 -0.40806
C 42.93180 55.46210 -0.66240
C 48.33030 55.89630 -0.58391
C 45.41410 57.21050 -0.56725
C 45.04370 60.41660 -0.79593
H 47.72440 64.86320 -0.79659
H 49.32350 67.22250 0.73577
H 47.30390 69.46060 0.78517
H 34.34730 47.77160 0.27388
H 32.69230 50.83130 0.55637
H 34.29150 53.71450 0.12403
H 32.15430 57.63270 1.76417
H 31.44640 60.46460 0.12734
H 28.07010 59.22540 -0.20560
H 26.41890 61.95610 -0.50896
H 36.95100 49.44630 0.86924
H 48.06390 47.88530 1.47945
H 39.49030 51.53720 0.34823
H 39.04120 54.84980 0.61584
H 36.23690 56.12960 0.19050
H 38.69130 58.01650 0.85943
H 41.22260 60.37660 0.90874
H 46.94510 60.37840 0.77255
H 44.24620 62.04870 0.71888
H 31.16170 48.15460 0.11697
H 28.00490 48.05240 -0.17192
H 29.49770 50.86440 0.00325
H 26.43600 50.89800 -0.27759
H 31.13120 53.59290 0.31269
H 27.95790 53.64340 -0.03910
H 24.68050 53.59030 -0.44604
H 29.70680 56.35320 0.10999
H 26.39240 56.36340 -0.21158
H 24.78800 59.17100 -0.50466
H 39.76500 48.20920 0.70023
H 45.19790 49.16170 0.98344
H 42.30820 50.30570 0.93786
H 47.92130 51.06250 1.30021
H 45.00670 52.26980 1.16265
H 42.11300 53.56560 0.80224
H 47.63730 54.22280 1.12110
H 44.64380 55.57570 1.16864
H 41.64830 56.82950 0.84097
H 47.25880 57.40830 1.08833
H 44.13750 58.71450 0.77876
C 46.85320 67.04860 0.20815
C 49.03670 68.86450 2.59315
C 34.64410 49.74160 1.66661
C 36.02330 53.01550 1.88526
C 32.47760 57.60230 3.88251
C 30.90290 55.35390 2.02862
C 30.02590 58.62620 1.16460
C 27.67980 61.01870 1.35994
C 24.75160 61.16810 0.97732
C 36.33470 58.19400 1.63903
C 39.06040 60.27020 1.93453
C 35.92990 61.71350 2.13584
C 33.21440 59.97160 1.75223
C 43.20460 65.91730 1.10286
C 39.54590 65.13210 1.98945
C 30.60180 62.13850 1.53655
C 43.53660 69.38840 1.77810
C 27.33400 63.97600 0.41189
C 25.20550 66.84050 0.91027
C 25.73600 70.26670 1.30183
C 37.88080 47.53120 2.11079
C 38.14470 50.80420 2.39582
C 37.03020 54.64590 2.08407
C 39.53640 56.72200 2.30075
C 42.19070 58.68260 2.42924
C 47.95480 59.20500 2.67978
C 42.11020 62.41130 2.01236
C 47.18320 62.19810 2.38149
C 45.47600 63.38830 2.41245
C 26.31350 46.98420 1.31550
C 30.98860 49.96700 1.75764
C 27.88180 49.80440 1.48008
C 24.73000 49.88290 1.16981
C 32.67170 52.63760 2.00631
C 29.40930 52.65210 1.71256
C 26.14500 52.78310 1.36654
C 27.82160 55.53050 1.55831
C 24.49850 55.51580 1.13199
C 26.25390 58.34480 1.26611
C 36.53370 64.60400 2.02783
C 33.37390 63.47690 1.83259
C 40.36510 68.59610 1.98861
C 37.17950 67.62630 1.76481
C 33.95190 66.78590 1.76426
C 30.71380 65.46140 1.38892
C 38.00590 70.81790 1.73889
C 34.89310 69.68500 1.77206
C 31.62120 68.74160 1.62580
C 28.34580 67.64370 0.65078
C 32.50380 71.79320 1.75729
C 29.10000 71.01520 1.48249
C 46.21450 47.51530 2.58492
C 43.28020 48.70120 2.49776
C 40.15060 50.04020 2.23274
C 46.10050 50.63790 2.75039
C 42.94560 52.04170 2.55655
C 40.07280 53.21190 2.16518
C 45.72360 54.03730 2.76417
C 42.62110 55.23700 2.52992
C 48.27500 56.02890 2.72443
C 45.21040 57.27960 2.59277
C 45.01300 60.23710 2.34544
H 42.00220 73.00390 -0.40860
H 39.69660 75.35140 -0.04162
H 37.31310 77.36490 1.10064
H 26.01160 73.28710 -1.81530
H 34.91450 79.36820 1.96514
H 31.92260 78.51310 0.82095
H 29.19080 77.54950 -0.53352
H 26.18500 76.44720 -1.05964
H 39.18730 72.10870 0.06765
H 36.80580 74.28600 0.19470
H 33.74940 73.24090 0.22384
H 30.75600 72.34660 0.14012
H 34.40450 76.48300 0.64446
H 31.41360 75.37270 0.21775
H 28.35470 74.58980 -0.18516
C 44.09340 89.60290 1.41172
C 37.32390 89.60400 0.56376
C 48.29760 93.42510 2.41350
C 45.50890 92.36670 3.37486
C 42.51920 92.52060 1.41331
C 39.66630 92.28160 0.53424
C 35.72770 92.23280 0.08089
C 34.30510 93.97940 0.10797
C 46.35090 74.73860 1.27775
C 43.41910 76.14560 2.70751
C 41.34250 78.39440 1.14895
C 38.91570 80.24570 0.00698
C 38.84440 83.38180 0.27364
C 38.81900 86.69200 0.64074
C 40.92930 88.80610 2.21948
C 47.01710 88.56210 1.94407
C 46.78970 71.51470 -0.74415
C 29.81950 95.72550 0.31668
C 25.80940 78.83960 -0.68997
C 30.34030 79.82880 -0.52961
C 28.20990 80.88600 -0.35852
C 35.83150 83.05550 1.82983
C 33.26240 84.78570 0.68273
C 35.78400 86.38200 0.95464
C 33.02710 88.22580 0.61741
C 32.73890 91.23540 1.78479
C 29.60060 92.70070 1.03811
C 43.68990 72.37950 -1.67802
C 41.30260 74.88020 -1.87482
C 38.68130 77.10930 -1.07407
C 25.75730 74.89220 -3.07070
C 37.02210 79.64880 0.33768
C 31.61350 77.31880 -1.28979
C 28.53270 76.24550 -2.21367
C 46.54920 96.00890 2.33918
C 43.60580 95.48630 1.79929
C 40.50210 95.31990 1.09365
C 37.66470 94.88920 0.22431
C 46.77380 78.31580 1.45231
C 44.21300 79.92190 1.29350
C 41.65380 81.70660 0.77251
C 46.93360 81.74890 1.55139
C 44.39650 83.32780 1.21243
C 41.39690 85.18160 0.97377
C 47.11390 85.12760 1.64457
C 44.40440 86.61850 1.39180
C 25.43740 82.02260 -0.75898
C 30.81540 82.98060 0.12521
C 27.85160 84.04520 -0.31715
C 24.92850 85.48610 -1.00927
C 30.34200 86.28650 0.17771
C 27.47460 87.35750 -0.20102
C 29.83410 89.35360 0.33695
C 27.24640 90.74780 -0.09411
C 26.56970 94.35020 0.29685
C 40.67820 71.24050 -1.61164
C 38.36150 73.81060 -1.48666
C 35.58070 72.93130 -1.40684
C 36.29940 76.30380 -0.92817
C 33.51680 75.30220 -1.17647
C 30.44600 74.07270 -1.59738
C 34.07050 78.69070 -0.37821
H 42.28340 90.78020 2.76103
H 39.01300 90.45060 2.14421
H 46.69960 94.34690 4.12913
H 37.44930 93.14000 1.50924
H 33.52290 93.46980 2.54987
H 35.51040 95.70500 1.31984
H 45.92560 76.81560 2.78258
H 43.04750 78.60670 3.08342
H 40.31160 80.10310 2.07594
H 37.62130 81.66390 1.69345
H 48.55530 78.53550 3.45148
H 37.54610 84.86540 1.68809
H 37.34430 87.71950 2.24982
H 40.16650 86.51840 2.63418
H 45.41890 89.93900 3.52168
H 47.77980 91.53280 3.94628
H 47.43860 72.49490 1.54492
H 25.06180 77.28000 1.11285
H 27.44170 79.12450 1.23499
H 29.85030 81.15040 1.51756
H 32.14180 83.17070 2.28050
H 34.62420 85.08670 2.86817
H 34.53570 88.25810 2.03141
H 31.52310 89.49090 2.12155
H 28.45620 90.62120 2.04219
H 25.61920 92.22620 1.16603
H 30.27990 93.13900 3.06260
H 43.43080 93.75050 3.48325
H 40.46020 93.34900 2.60415
H 45.86100 80.14910 3.06576
H 43.18860 81.72130 2.67068
H 40.38230 83.30960 2.22421
H 48.79800 81.77050 3.23364
H 45.93800 83.48530 3.13545
H 43.21370 84.94250 2.69339
H 48.72020 84.96640 3.50882
H 46.04780 86.65530 3.28006
H 43.05570 87.95660 2.94752
H 48.59200 88.45800 3.49792
H 26.96000 82.30070 1.17080
H 29.35200 84.42740 1.56001
H 26.51110 85.65830 0.83652
H 31.96340 86.39040 1.99436
H 28.98790 87.58600 1.79823
H 26.03150 88.96400 1.00515
C 43.74300 89.64540 4.63871
C 36.41310 89.94100 2.26897
C 48.50010 93.39970 5.45967
C 44.85010 92.95150 5.20179
C 41.67240 92.44280 4.55187
C 38.60370 91.99720 3.62442
C 35.23380 93.26600 4.16002
C 32.25510 94.87830 3.09851
C 47.31490 74.69490 2.83813
C 43.97140 76.85020 4.48204
C 41.09100 78.79420 4.15683
C 38.24660 80.14200 3.49125
C 38.40510 83.37520 3.50114
C 38.11200 85.99470 3.81007
C 40.83950 88.06030 4.02768
C 46.61620 88.19440 5.03052
C 46.11020 71.04160 2.60966
C 28.90950 95.34200 3.44332
C 25.40430 79.14510 2.69901
C 31.67820 80.01510 2.76253
C 27.89240 80.90570 2.96037
C 33.43560 81.13720 2.77758
C 32.80030 85.00620 3.94739
C 35.72590 87.10260 3.97492
C 32.67420 88.00850 3.70025
C 32.08870 91.50380 3.53503
C 28.75560 92.17410 4.08686
C 43.89610 73.21640 1.33953
C 42.15650 75.51010 -0.29842
C 39.41180 76.84740 2.01132
C 26.27600 73.53540 0.77330
C 36.96560 78.52350 3.32106
C 30.41060 77.09270 1.67256
C 27.45720 76.62930 1.01693
C 46.22480 96.15870 5.52320
C 42.86160 95.61440 5.01368
C 39.86870 95.17730 4.17798
C 36.61310 94.73780 3.22776
C 46.77370 78.43800 4.70849
C 43.93160 80.29880 4.62985
C 41.07620 81.60510 3.90421
C 46.87560 81.77600 4.64050
C 43.93460 83.29590 4.45218
C 41.12390 84.83900 4.06495
C 46.70440 84.94410 4.97945
C 43.93740 86.38710 4.58615
C 24.77030 82.11980 2.25272
C 30.32350 82.90510 3.31858
C 27.18970 84.15390 2.65176
C 24.47060 85.28600 2.17342
C 29.97500 85.96210 3.40379
C 26.76870 87.30430 2.68922
C 29.62170 89.11370 3.65150
C 26.22840 90.53840 2.95533
C 26.16190 94.43060 2.23969
C 41.07750 71.89650 1.63380
C 38.70370 73.88030 1.69320
C 35.59130 72.85000 1.76310
C 36.08150 75.63100 2.18845
C 33.08360 74.85680 1.90026
C 29.87960 74.06830 1.68548
C 33.56160 77.71920 2.64095
C 55.01340 96.14180 2.05783
C 52.05930 95.77000 3.57798
C 49.52180 -1.11021 2.41997
C 55.46960 4.08659 1.20694
C 52.47180 4.36081 1.41434
C 50.62120 6.82272 0.79956
C 60.17760 0.20002 1.10904
C 58.98490 3.37831 0.90402
C 57.70110 6.54677 0.87631
C 60.31700 8.35804 0.22295
C 73.72400 10.45890 -2.54125
C 68.46570 10.35540 -1.58266
C 65.26470 11.04520 -0.09738
C 61.40460 11.52660 0.00015
C 71.60490 13.38230 -1.65073
C 68.22110 12.46070 -1.38836
C 66.37110 15.07690 -0.92485
C 63.32050 14.34330 -0.94831
C 63.71990 17.62830 0.04946
C 61.55180 20.33410 -0.07667
C 63.18630 22.85740 -0.26473
C 60.74710 22.94330 0.12924
C 54.40240 7.54380 1.51695
C 52.26570 9.45395 0.32432
C 57.74900 9.73098 1.28536
C 57.68390 13.07220 -0.06079
C 60.22470 14.15630 -0.57093
C 60.47190 17.34420 -0.24595
C 57.41830 19.37510 -1.24245
C 57.79070 23.05400 0.00401
C 56.97980 1.01075 1.41332
C 53.81460 1.24917 1.89989
C 50.84040 1.37198 2.09532
C 69.24640 95.55870 0.43257
C 66.18560 96.34240 0.83136
C 63.17780 -0.59664 0.97230
C 71.44640 0.44388 -0.06102
C 68.42290 1.17112 0.39765
C 65.28090 1.93725 0.54916
C 62.20710 2.69167 0.77435
C 70.61050 3.58836 -0.10850
C 67.26850 4.20381 0.13383
C 64.40480 4.96985 0.27863
C 61.07830 5.70166 0.51027
C 72.91030 6.13648 -0.20744
C 69.79480 6.51570 -0.42209
C 66.65680 7.41510 -0.17775
C 63.45750 8.18045 -0.04693
C 72.87190 16.37070 -0.89586
C 69.54260 15.69610 -1.04430
C 70.76640 18.50850 -0.78638
C 67.36710 17.99740 -0.72337
C 71.70120 21.50050 -0.72074
C 68.54440 20.92380 -0.78591
C 65.16430 20.37060 -0.64274
C 55.01080 11.09950 0.18656
C 52.22080 12.67150 -0.32535
C 54.91990 14.31510 -0.34076
C 51.91110 15.80940 -0.85813
C 57.78170 16.28790 -0.35383
C 54.66520 17.73760 -1.00042
C 51.82210 18.96450 -1.33171
C 54.67290 20.85970 -1.32897
C 52.09010 22.32060 -1.73190
H 56.96530 -0.57945 3.26016
H 53.87110 -0.26034 3.90548
H 55.65620 2.35097 3.03267
H 54.17940 5.47223 2.89752
H 52.11660 7.99631 2.31991
H 59.89150 96.30860 2.98144
H 58.89880 1.67954 2.63617
H 57.59740 4.61580 2.46757
H 59.76540 6.88829 2.25284
H 56.62080 7.77099 2.61225
H 71.39600 7.35578 1.33060
H 68.33050 8.04150 1.05321
H 65.02270 8.84525 1.24516
H 61.77170 9.38515 1.56269
H 72.21850 11.47890 -0.84893
H 72.92450 14.18640 0.33096
H 69.77160 13.53270 0.12891
H 66.60660 12.97370 0.50464
H 64.70200 15.48420 0.82406
H 61.89760 18.47900 1.39221
H 60.60410 21.32010 2.02002
H 54.07480 9.87843 2.02107
H 51.19940 11.34780 1.48441
H 56.76380 11.76290 1.82051
H 59.41570 13.45460 1.85738
H 61.60330 15.32150 0.63471
H 59.11570 16.83220 1.75786
H 59.21430 19.48570 0.15284
H 56.39500 21.12790 0.36237
H 53.62410 22.59040 0.12246
H 50.84370 0.07342 4.14591
H 52.35170 2.71977 3.28371
H 50.68390 5.33451 2.84572
H 71.21440 -1.34647 1.64906
H 68.18770 -0.54602 2.13386
H 65.05770 0.28942 2.31822
H 61.98140 0.95592 2.45707
H 70.39910 1.82153 1.69142
H 67.17250 2.63904 2.01724
H 64.03800 3.37398 2.09250
H 60.91160 4.02431 2.36447
H 72.45490 4.26443 1.31207
H 69.22030 5.00359 1.43656
H 66.19090 5.80242 1.68273
H 63.03130 6.41301 1.70431
H 63.35130 12.54000 0.68602
H 71.00490 16.61280 0.72287
H 67.87000 16.04680 0.73449
H 72.10250 19.64490 0.90528
H 69.00710 19.07480 0.79530
H 65.86960 18.49410 0.74560
H 69.89050 22.17700 0.80190
H 66.81150 21.53460 0.79638
H 63.57990 20.96080 1.01001
H 53.94340 12.98040 1.48387
H 51.08400 14.47710 0.92653
H 56.67330 14.86870 1.31581
H 53.74920 16.21100 0.76734
H 50.85650 17.67750 0.37353
H 56.44210 17.98790 0.64427
H 53.54800 19.45590 0.41355
H 50.79550 20.91390 -0.16532
C 55.47010 -0.88689 5.31178
C 52.37490 96.25410 5.38945
C 49.30750 -1.15222 5.57146
C 55.94980 4.42779 4.33308
C 52.62690 4.98999 4.43600
C 50.51110 7.47603 4.09463
C 60.42950 0.67419 4.30686
C 59.18740 3.61689 4.07803
C 58.01280 6.52184 4.08072
C 60.16930 8.89586 3.55332
C 71.37930 9.28115 -0.16779
C 69.41210 10.01830 0.41698
C 65.16600 11.21610 1.77447
C 61.17810 11.70970 1.84734
C 71.53020 12.50700 1.50204
C 68.27180 12.47170 1.90036
C 66.36990 14.78990 2.31051
C 63.14850 14.07180 2.27627
C 64.02370 17.50450 2.05599
C 62.51720 20.18780 3.04466
C 63.85440 22.51270 2.76298
C 60.73370 23.33720 3.46318
C 54.27440 7.87387 3.47215
C 52.10470 10.14950 3.48831
C 57.67360 9.83213 3.26894
C 57.76930 13.70660 3.29110
C 60.62550 15.36770 2.96231
C 59.80680 19.02430 2.62367
C 57.38730 19.84940 1.94924
C 57.41810 22.91590 1.88174
C 57.33270 1.45306 4.53805
C 54.07800 1.96178 4.88790
C 50.87680 2.25325 5.20376
C 69.75880 95.88450 3.61135
C 66.55980 -0.60893 3.97585
C 63.39580 -0.03621 4.09755
C 71.96570 0.52571 3.15934
C 68.75110 1.43424 3.50015
C 65.50600 2.23530 3.72124
C 62.48890 2.87757 3.88430
C 70.74850 3.84048 3.07598
C 67.57730 4.61136 3.28631
C 64.51620 5.41232 3.35827
C 61.55130 5.97828 3.67778
C 72.85150 6.11393 2.99751
C 69.62530 6.93888 2.97175
C 66.59200 7.90564 2.92431
C 63.44930 8.40208 3.14190
C 72.72050 15.58740 2.18946
C 69.64560 15.10900 2.08267
C 70.59500 18.29800 2.42362
C 67.62710 17.83190 2.38965
C 71.48440 21.43620 2.44444
C 68.62420 20.87950 2.37821
C 65.51890 20.29660 2.38008
C 54.92110 11.71100 3.44525
C 51.93170 13.25390 2.94971
C 54.69380 15.01860 2.74730
C 51.78480 16.50200 2.26530
C 57.25350 16.86940 2.76275
C 54.52410 18.12530 2.18069
C 51.49710 19.61150 1.79467
C 54.53230 21.20650 1.89657
C 51.55860 22.75800 1.33901
C 73.78050 27.66410 -0.20957
C 63.28650 25.68480 0.49899
C 71.00740 29.07780 -1.04076
C 67.82880 29.00970 -0.92625
C 64.66380 28.78180 -0.54301
C 59.87100 26.16310 0.04766
C 56.90520 26.72510 -0.47196
C 53.95670 27.42530 -0.93256
C 61.68140 28.66950 -0.06364
C 52.32380 30.32890 -0.45577
C 63.74100 31.70610 -0.02482
C 65.69390 34.16130 0.15973
C 64.40710 37.38880 0.12051
C 62.82550 40.12720 0.13220
C 50.78660 40.28600 -1.17184
C 61.39040 43.00310 0.16584
C 58.21470 43.37470 0.19828
C 52.01180 43.80460 -0.70484
C 56.95470 46.54120 0.64223
C 53.64160 46.75520 -0.10542
C 51.76570 25.12010 -2.61565
C 70.95220 31.96510 0.54400
C 68.32290 31.84610 -1.45655
C 69.47580 34.27180 0.65060
C 67.72130 37.13440 0.41121
C 66.14250 39.89800 0.15556
C 64.60410 42.89630 0.15438
C 63.23050 45.68290 0.39288
C 50.12600 44.12100 -1.73077
C 72.75260 24.65480 -0.54377
C 69.52230 24.01080 -0.69138
C 66.21650 23.36330 -0.67554
C 70.44990 27.05040 -0.64689
C 66.94930 26.25090 -0.58582
C 58.54700 29.33190 -0.10033
C 55.56230 29.86600 -0.24533
C 60.26280 31.87220 -0.05662
C 57.27370 32.26700 0.03862
C 54.24190 32.67250 -0.20602
C 50.92980 32.98260 -0.21814
C 62.20310 34.66130 -0.16091
C 59.09260 34.91480 0.10496
C 56.01240 35.20480 -0.12377
C 52.81820 35.51320 -0.27757
C 61.06510 37.52330 0.04329
C 57.81600 37.70510 -0.07370
C 54.83290 37.99250 -0.33995
C 51.49360 38.19080 -0.54876
C 59.66400 40.42550 0.17838
C 56.65450 40.74560 -0.09386
C 53.62870 40.80540 -0.69146
C 55.11430 43.77500 -0.24440
C 54.76010 24.43290 -1.11829
C 72.74360 34.75970 0.24818
C 70.98860 37.05800 0.53745
C 72.56470 39.86510 0.37086
C 69.46840 39.92060 0.35658
C 70.96830 42.73220 0.31009
C 67.87190 42.80370 0.20940
C 72.56600 45.39460 0.10016
C 69.16080 45.62040 0.30540
C 66.16400 45.81440 0.35123
H 64.79180 23.95560 1.12002
H 62.24720 23.89300 1.70252
H 71.75370 28.09260 1.15406
H 65.25050 27.03610 0.92812
H 69.48980 30.39930 0.19687
H 66.45060 29.92290 0.79417
H 59.38330 24.28530 1.58849
H 56.22960 24.84010 0.80200
H 61.63940 26.98430 1.72444
H 55.30290 27.83670 1.01842
H 52.16080 28.35550 0.58885
H 63.41370 29.73660 1.39389
H 50.74160 31.03870 1.40898
H 65.09320 32.41680 1.87973
H 64.00960 35.44720 1.28062
H 62.70890 38.35900 1.72589
H 49.67530 39.25070 0.82935
H 61.32720 41.16000 1.78890
H 51.69330 41.77790 0.51729
H 59.95660 44.04230 2.08974
H 56.77690 44.25330 1.51970
H 53.54870 44.65620 1.30967
H 53.19420 25.53750 0.49597
H 51.66030 26.79980 -2.02924
H 72.73350 32.71030 1.59929
H 69.58530 32.63940 2.55904
H 67.59090 32.96760 0.03715
H 67.78980 35.38160 2.12326
H 66.05150 38.12700 1.93490
H 64.56220 40.97730 1.67320
H 63.04870 43.70090 1.91580
H 49.09240 43.76640 0.43169
H 72.97630 22.70410 0.94925
H 70.87560 25.18400 0.95305
H 67.72310 24.50190 0.88511
H 68.61440 27.46990 0.75455
H 58.36510 27.40550 1.49738
H 60.27600 29.97520 1.55708
H 57.13350 30.40300 1.59692
H 53.97570 30.82570 1.31465
H 62.04230 32.69050 1.41529
H 58.93760 33.04710 1.68074
H 55.76110 33.38760 1.52905
H 52.58530 33.63800 1.34740
H 60.80810 35.71370 1.71903
H 57.52200 35.98030 1.65925
H 54.37650 36.26670 1.37520
H 51.08560 36.43720 1.20779
H 59.42580 38.50900 1.64219
H 56.21070 38.87450 1.43360
H 53.05510 39.07430 0.96489
H 58.09380 41.44380 1.78886
H 54.87950 41.76250 1.22844
H 50.64650 24.03810 -0.63445
H 70.98480 35.37350 2.21619
H 72.55510 38.21210 2.16639
H 69.28260 38.09940 2.04882
H 71.00000 40.92270 1.98139
H 67.75090 40.90600 1.80135
H 72.61990 43.65910 1.85289
H 69.42260 43.75100 1.89505
H 66.22390 43.77290 1.65495
C 73.54430 27.53870 2.87689
C 63.63790 25.72480 2.21190
C 72.01680 30.31800 2.03691
C 68.52960 29.43120 2.13956
C 65.30450 28.81070 2.70147
C 59.80410 26.18280 3.14284
C 56.41630 26.40940 2.68201
C 53.40290 27.02890 2.37640
C 61.86090 28.95710 3.16075
C 52.26490 29.79390 2.69780
C 63.68940 31.64180 3.03789
C 66.13210 34.54660 2.25888
C 64.24170 37.07350 3.19616
C 62.95670 40.16770 3.37606
C 49.28020 41.52330 1.20761
C 61.16200 43.03260 3.43743
C 57.89980 43.24810 3.48409
C 51.29410 44.06410 1.48169
C 57.08980 46.45270 2.67278
C 53.39290 46.46070 3.11892
C 50.81110 26.23520 0.36255
C 70.69830 30.79650 3.72052
C 67.37300 31.73970 2.19718
C 69.34870 34.46340 3.84392
C 67.65840 37.32130 3.68183
C 66.02560 39.97070 3.43922
C 64.70730 42.76660 3.35401
C 63.04520 45.49850 3.65228
C 48.96480 45.99060 1.45528
C 72.49470 24.48810 2.64070
C 69.50970 23.94700 2.47493
C 66.53030 23.18890 2.54643
C 70.33540 27.07180 2.48554
C 67.23320 26.39490 2.30726
C 58.53770 29.22550 3.18433
C 55.27160 29.46310 2.84264
C 60.51450 31.84560 3.18939
C 57.17770 32.28250 3.18030
C 53.98240 32.56440 3.02918
C 50.84450 32.95970 2.94880
C 62.51650 34.48740 3.02539
C 58.99040 34.97680 3.26630
C 55.70890 35.26980 3.14646
C 52.60000 35.52120 2.90944
C 60.92360 37.60850 3.28654
C 57.61540 37.89060 3.19562
C 54.28940 38.25130 2.83723
C 51.14050 38.56140 2.42514
C 59.57620 40.38530 3.31425
C 56.13860 40.78920 3.05956
C 52.72490 41.11070 2.31649
C 54.77100 43.62680 2.94002
C 54.24630 24.03250 2.05664
C 72.48400 33.88800 3.52393
C 70.89630 37.25090 3.74633
C 72.63140 40.21340 3.65405
C 69.23000 40.14770 3.51801
C 71.03680 42.90920 3.55653
C 67.73240 42.90290 3.36869
C 72.56590 45.56180 3.34812
C 69.45280 45.56220 3.55782
C 66.10130 45.57600 3.41720
C 53.35000 60.44630 -0.27417
C 50.69870 61.11780 -0.34693
C 59.79610 64.64150 0.65271
C 56.44340 64.01370 0.12948
C 50.03740 63.81320 -1.02728
C 60.90880 67.77020 0.79055
C 65.25820 71.28480 1.45511
C 61.89440 70.70970 0.90757
C 67.29510 48.70720 1.10204
C 63.82150 48.71490 0.73379
C 72.58800 51.10380 0.38496
C 69.59090 52.70360 1.72150
C 73.64790 53.97500 2.23848
C 73.78500 67.86420 1.74642
C 51.79210 47.44300 -0.25711
C 52.31760 51.42870 0.45575
C 51.55490 54.56180 -0.22359
C 51.42190 58.01880 -0.18223
C 60.56260 47.36620 0.45154
C 64.56190 51.60940 1.51589
C 61.44140 50.87990 0.71693
C 58.33810 50.00470 0.02626
C 70.53020 55.89670 3.24629
C 67.54840 53.62850 4.46965
C 65.24210 54.60860 2.05422
C 55.88050 52.64350 -0.02666
C 72.62350 58.75310 3.51483
C 53.61260 54.79810 -0.01472
C 57.86930 58.51860 0.36760
C 54.97620 57.96440 0.07738
C 62.26210 62.18650 0.99708
C 59.20440 61.52100 0.26928
C 72.30390 66.79620 1.87903
C 63.14620 65.25120 1.29385
C 70.83780 69.80280 2.50977
C 67.45770 68.97980 1.98902
C 64.30340 68.31730 1.50169
C 53.12990 63.52470 -0.11194
C 57.67480 67.08450 0.33889
C 54.57880 66.88020 -0.25261
C 51.24260 66.80260 -0.78769
C 58.79820 70.18000 0.44488
C 55.67620 69.85210 0.07790
C 52.62010 69.74550 -0.41152
C 70.94890 48.38460 0.24054
C 49.14690 49.50750 -0.26341
C 48.98350 52.65580 -0.32289
C 55.10500 49.50280 0.09153
C 62.30310 53.84710 1.33694
C 59.17250 53.18300 0.54705
C 69.35390 57.77890 3.29141
C 66.36480 57.35210 2.33378
C 63.20820 56.65580 1.44654
C 60.11670 56.09090 0.79692
C 56.88620 55.69520 0.25410
C 70.33160 60.84270 2.78974
C 67.38130 60.29750 2.36645
C 64.31240 59.79120 1.50550
C 61.19200 59.11150 0.90015
C 71.00860 63.96490 2.15397
C 68.18080 63.14410 2.26646
C 65.17460 62.83070 1.59658
C 69.24270 66.31100 1.99128
C 66.14360 65.87390 1.81326
H 72.29320 56.46130 4.80949
H 54.96950 62.08170 0.79857
H 52.19030 61.81710 1.44203
H 49.18450 62.54830 0.92842
H 61.02740 65.89970 2.41591
H 57.68880 65.13470 2.06646
H 62.15960 68.90840 2.65134
H 55.01390 47.56470 1.80764
H 64.34310 46.59910 1.91763
H 69.51260 49.23840 2.29621
H 64.82580 49.72320 2.91020
H 72.01410 52.14870 2.05100
H 50.89640 49.42320 1.16704
H 50.51230 52.91170 1.33979
H 50.25340 56.19480 1.08503
H 49.99830 59.42370 1.28516
H 61.68750 48.79650 2.19681
H 58.51990 48.18990 1.68132
H 65.26990 52.74360 3.79716
H 62.41240 51.93350 2.79142
H 56.35180 50.68280 1.42868
H 69.10810 56.32090 5.47247
H 66.12360 55.65890 4.08507
H 53.91230 52.92740 1.44116
H 70.58610 59.26430 4.89950
H 54.96930 56.09450 1.72832
H 71.46120 62.25180 3.94149
H 55.99130 59.27910 2.00934
H 53.12020 58.77460 1.51396
H 72.49370 65.13360 3.79897
H 60.21540 62.78900 2.20905
H 57.36700 61.98620 1.36902
H 70.63770 67.60690 3.50738
H 64.22100 66.46640 3.17982
H 68.42780 70.04040 3.43065
H 65.32500 69.49650 3.13550
H 54.47620 65.03330 1.33099
H 51.32740 64.90060 0.71552
H 58.94800 68.34330 2.13167
H 55.79610 68.03600 1.63941
H 52.63100 67.73000 1.04670
H 56.98680 71.00390 1.87211
H 53.82070 70.66840 1.45056
H 50.60140 70.09980 1.03457
H 70.97100 46.42860 1.71915
H 67.68040 46.50380 2.17812
H 72.71840 49.00720 1.87623
H 59.36840 51.18440 2.01085
H 63.17080 55.02060 3.26974
H 60.18250 54.27870 2.45725
H 57.12360 53.71910 1.77347
H 67.23380 58.73130 4.30088
H 64.19790 58.05340 3.22397
H 61.17640 57.33080 2.57508
H 58.11640 56.75670 2.14550
H 68.34490 61.65860 4.19755
H 65.26700 61.14040 3.32475
H 62.26830 60.39430 2.64447
H 59.14270 59.73410 2.03062
H 69.35750 64.66270 3.84629
H 66.27380 64.09470 3.42477
H 63.17170 63.41530 2.90391
H 67.43100 67.03210 3.55301
C 53.99590 60.79540 2.72540
C 50.23640 61.30810 2.83985
C 59.27740 64.55920 3.72747
C 55.81740 63.52360 2.74829
C 48.89370 64.88350 1.46634
C 60.47020 67.73600 4.03463
C 64.67090 71.36080 4.65845
C 61.59320 70.85950 4.11509
C 67.08710 48.84740 2.96884
C 63.25410 47.86010 3.88253
C 72.52450 50.81640 3.69742
C 69.64060 51.57120 3.19563
C 73.62140 54.39350 4.26726
C 74.34220 68.04130 5.16336
C 51.93170 47.97810 3.13322
C 52.09640 51.34370 2.30744
C 51.17540 54.67060 2.94363
C 51.17360 57.86380 2.79621
C 60.39090 46.55670 2.32539
C 63.89920 51.36370 4.79713
C 60.83400 50.24230 3.82759
C 57.84320 49.53370 3.19267
C 71.06380 56.24420 7.08007
C 67.37060 54.72390 6.09229
C 64.36950 54.54860 5.36011
C 55.54600 52.40310 3.15674
C 71.71570 58.11610 6.77836
C 53.30210 54.59280 2.93752
C 57.75150 58.61020 3.70147
C 54.46620 57.54560 3.29703
C 61.51200 62.14640 4.20751
C 58.60330 61.58550 3.57668
C 72.47830 67.20850 5.17948
C 62.49920 65.24490 4.42602
C 70.74700 69.88320 4.52263
C 66.72870 68.92700 5.01985
C 63.59440 68.44250 4.50254
C 52.53390 63.89620 2.61274
C 57.21440 67.16580 3.54098
C 53.96760 66.79760 2.93838
C 51.00200 66.62070 2.46566
C 58.44380 70.00810 3.64055
C 55.28240 69.84300 3.24615
C 52.21520 69.41810 2.83055
C 70.85260 48.24330 3.45280
C 49.13360 49.65180 2.96003
C 48.59990 52.84870 2.93296
C 54.96620 49.27420 3.11981
C 61.60040 53.52100 4.35294
C 58.57000 52.84710 3.61291
C 68.65810 58.32820 6.40086
C 65.41040 57.70850 5.34290
C 62.49160 56.89030 4.57626
C 59.64820 55.95700 3.91827
C 56.60880 55.37140 3.51058
C 70.08390 61.26340 5.92718
C 66.43760 60.73490 5.43974
C 63.59750 59.97740 4.66343
C 60.60830 59.24380 3.94165
C 70.97510 64.14200 5.60984
C 67.70500 63.70150 5.35256
C 64.66050 62.90960 4.77610
C 69.16700 66.69040 5.27995
C 65.77980 65.95520 4.97851
C 70.96910 86.26490 0.79321
C 67.08090 85.20000 1.86315
C 65.87510 87.55150 4.95907
C 62.78320 89.09910 2.71802
C 62.04210 91.71770 2.22150
C 58.89980 91.82270 2.74979
C 58.03000 95.62910 1.57322
C 49.53960 76.24330 0.89834
C 51.84680 77.66620 2.87218
C 56.06660 80.58650 1.16224
C 62.52470 84.46160 0.55085
C 49.78530 90.59860 2.90544
C 60.73140 87.07270 2.82978
C 57.67000 88.51950 3.08475
C 52.60290 91.61880 3.44562
C 59.14240 90.87900 4.72552
C 55.22390 94.04060 3.06141
C 66.40120 74.72540 2.42455
C 49.69100 72.31360 0.38616
C 64.40070 76.54170 0.80541
C 54.65380 75.63460 0.41041
C 51.47630 75.38250 0.37056
C 65.51950 78.91280 0.57102
C 62.24690 79.15440 0.98242
C 59.11840 79.02590 1.03269
C 55.10360 78.66150 1.00485
C 67.74660 82.19300 0.68969
C 64.32240 81.75600 0.64610
C 63.91160 84.87530 1.98912
C 73.58470 71.55480 1.96595
C 70.97120 73.10610 1.84007
C 70.69380 76.67010 1.75984
C 69.14380 73.69360 1.29677
C 70.77500 79.93650 1.64337
C 70.93110 83.18120 1.38380
C 71.05500 89.42230 0.96430
C 67.88930 89.68710 2.08668
C 65.03690 90.94290 2.06465
C 70.09260 92.41060 0.66721
C 66.94530 93.21740 1.24065
C 64.15520 93.96280 1.51489
C 60.94690 94.63780 1.56808
C 72.26100 94.71060 0.08577
C 49.78730 80.07040 1.57885
C 52.78990 81.79650 2.10585
C 49.68800 83.49170 1.78526
C 59.98750 82.12410 2.16146
C 55.64970 83.52790 2.20763
C 52.52390 85.08720 2.36169
C 49.84540 86.77130 2.23341
C 58.17660 85.17320 2.90263
C 55.28980 86.75400 2.85378
C 52.58390 88.30490 2.86592
C 55.11230 90.03580 3.34279
C 62.95660 73.56460 0.90964
C 59.93090 73.38180 0.74751
C 56.93970 72.96040 0.33166
C 53.55770 72.71040 -0.03483
C 61.17840 76.21960 0.87504
C 57.88080 76.14190 0.67454
C 73.59680 74.76900 1.46289
H 49.86100 94.76490 3.78896
H 69.28270 84.93510 2.21128
H 62.53340 87.46110 4.69724
H 70.78900 87.71590 2.90114
H 67.62030 87.40760 3.26623
H 64.71690 89.57170 4.30139
H 61.62030 90.57040 4.48339
H 60.75650 93.39410 3.42332
H 57.60560 93.91720 3.46581
H 51.35520 79.94110 2.82719
H 55.03190 81.79330 3.16851
H 62.43260 82.68600 2.39099
H 57.50810 83.49590 4.01506
H 60.05880 85.51050 4.74718
H 59.60420 88.40010 4.67139
H 56.91620 89.81420 5.00862
H 54.17960 91.27450 5.29736
H 50.49770 92.10810 4.77655
H 66.37410 72.37840 3.58107
H 63.24910 71.87060 2.66975
H 64.47430 74.67550 2.37671
H 51.82250 73.12090 1.31893
H 66.17510 77.32280 2.55580
H 56.25560 76.68960 2.11563
H 53.01030 75.92990 2.27334
H 67.07930 80.17030 2.18110
H 64.18630 79.95080 2.39702
H 61.01090 79.87130 2.47032
H 58.05110 80.56140 2.71346
H 65.66430 82.91930 2.11149
H 72.00450 71.74290 3.62404
H 69.26780 72.80010 3.73224
H 68.74060 75.55240 2.88486
H 69.06650 78.38480 2.71806
H 72.38750 84.89220 2.33631
H 69.33720 81.73700 2.48400
H 52.99630 94.12870 4.09557
H 69.95460 90.90200 2.57998
H 66.89890 91.78490 3.22867
H 63.92000 92.60180 3.53514
H 72.07460 93.13580 1.91138
H 69.02420 93.95860 2.27032
H 66.01390 94.89660 2.78681
H 62.89330 95.54850 2.84874
H 51.46690 83.42460 3.35091
H 54.40850 84.82730 4.11098
H 51.40930 86.54250 4.20596
H 57.04090 86.66720 4.57084
H 54.25820 88.07960 4.63881
H 51.47290 89.72770 4.47407
H 60.04470 71.36290 2.22752
H 61.30730 74.40870 2.50630
H 58.17320 74.08890 2.14723
H 55.05280 73.60770 1.74493
H 62.75960 77.23760 2.48071
H 59.49770 77.04230 2.46368
H 71.79660 74.95440 3.14826
H 72.08550 78.35580 2.93162
H 72.22880 81.58240 2.67322
C 72.08400 86.55500 4.20657
C 68.88620 86.59140 4.22265
C 66.53760 87.83960 6.61329
C 63.03310 89.44020 6.29525
C 62.25510 92.49750 5.37414
C 55.87360 93.78750 6.87854
C 58.34270 95.57530 4.74784
C 49.93760 76.48080 3.04261
C 52.31310 78.10420 4.80182
C 56.36280 80.07420 4.38980
C 61.43900 84.12810 4.24802
C 49.20960 90.00170 5.37190
C 60.74880 87.14510 6.56301
C 57.70650 88.17190 6.41230
C 52.03100 91.13680 6.47795
C 56.38350 92.30310 5.30645
C 53.75720 93.46020 6.50039
C 66.26150 74.01500 5.58563
C 49.76780 72.08830 2.35287
C 64.41310 76.42540 4.12340
C 54.80440 75.19850 3.67521
C 52.05340 73.98880 3.66324
C 65.70540 79.31140 4.18059
C 62.65490 79.04730 4.06915
C 59.37500 78.91690 4.08711
C 55.70710 78.21940 4.15950
C 67.32880 82.15640 3.85640
C 64.11030 81.85850 3.96310
C 64.51940 86.02780 5.16625
C 74.01200 71.95790 5.18952
C 71.27080 73.61070 5.14097
C 70.57110 76.81050 4.11420
C 68.19410 74.67730 5.19246
C 70.57580 80.07670 3.77255
C 70.82500 83.39130 3.48602
C 71.44590 89.83970 4.32147
C 68.15580 89.83010 3.93706
C 65.39530 91.54910 5.26158
C 70.56710 92.91950 3.86846
C 67.62470 93.90150 4.26622
C 64.48060 94.74990 4.58694
C 61.37830 95.40630 4.70078
C 72.99560 95.15750 3.06078
C 49.91820 80.26120 4.84781
C 52.89350 81.51200 4.05137
C 49.60130 83.37420 5.00578
C 59.23660 82.12660 4.54611
C 55.38200 83.00310 5.33691
C 52.24850 84.62570 5.43316
C 49.30260 86.75850 5.20554
C 57.93670 84.89060 6.05001
C 55.05960 86.15180 6.02110
C 52.15040 87.96540 6.02153
C 55.01250 89.44200 6.57739
C 63.02300 73.82150 4.10738
C 59.83080 73.27200 3.83601
C 56.61540 72.75270 3.48739
C 53.43370 72.49560 3.15272
C 61.08720 76.33500 4.00520
C 57.93630 75.80540 3.92364
C 73.79920 75.32070 4.59836
C 89.50090 2.46790 -2.57743
C 93.58470 5.03454 -2.88264
C 90.24710 4.97563 -0.44768
C 95.05010 7.96880 -3.23884
C 82.80510 0.58580 -1.95236
C 79.76020 1.11633 -1.52986
C 78.82580 4.42432 -0.48866
C 76.23680 5.48996 0.16795
C 74.90550 8.95416 0.67165
C 72.52100 10.49960 -3.85620
C 74.56240 14.60050 -1.54456
C 76.40860 16.56220 0.09707
C 77.26190 19.71630 0.33071
C 86.64880 2.26307 -1.07820
C 83.48570 3.30392 -0.08603
C 81.98190 5.57145 -1.26839
C 86.07940 5.54077 -1.00742
C 80.10250 8.27016 -1.58820
C 77.61970 9.35860 -1.18329
C 92.47720 7.92349 -1.50106
C 88.69030 7.63797 -1.10833
C 77.31020 12.46290 -1.25323
C 95.15250 9.64134 -1.77217
C 79.58630 14.57860 -1.17264
C 1.01624 11.58780 -3.57303
C 81.17410 17.09030 0.15871
C 0.14873 14.85700 -1.98718
C 80.36830 20.19460 -1.15123
C 95.20990 18.25540 -1.11565
C 92.66780 18.38970 -0.18094
C 89.76820 19.56400 -0.34125
C 86.76320 21.19890 0.36137
C 0.76059 20.11340 -1.42998
C 95.50040 22.85600 -1.24707
C 0.85986 -0.33030 -3.31688
C 94.55090 -0.40904 -3.34780
C 91.35290 -0.52275 -3.16678
C 87.99490 -0.44916 -2.58616
C 96.01470 2.36855 -3.35687
C 92.78550 2.23521 -3.13455
C 0.27880 5.31172 -3.63246
C 80.49070 95.71050 -1.57473
C 77.41700 -1.25754 -1.05789
C 74.32190 -0.42577 -0.47677
C 76.59100 2.17427 -1.03658
C 73.65060 2.94940 -0.47870
C 74.05160 19.28050 -0.45115
C 74.98130 22.14830 -0.22858
C 83.33780 6.80179 -0.75478
C 85.85750 8.92788 -0.92892
C 82.95490 10.09320 -0.87685
C 80.11610 11.29840 -1.03225
C 90.46230 10.01180 -1.44871
C 88.12080 11.16640 -0.91484
C 85.53620 12.26290 -0.69545
C 82.62360 13.26800 -0.85780
C 92.54210 12.49350 -1.85761
C 90.66300 13.27560 -0.86818
C 87.72510 14.40090 -0.60143
C 84.72680 15.55990 -0.65082
C 93.39010 15.37060 -0.73979
C 90.26800 16.44570 -0.42675
C 87.24810 17.73700 -0.50691
C 84.13850 19.15560 -0.56778
H 89.86740 0.31774 -1.43309
H 91.51220 2.91924 -1.09061
H 88.55280 3.11856 -0.37571
H 95.66960 6.06262 -1.89064
H 92.59160 5.80717 -0.74481
H 85.58980 95.58590 -0.96401
H 84.60110 1.06490 -0.34029
H 81.65060 1.63151 0.08235
H 78.53850 2.47728 0.09471
H 78.14340 5.13600 1.90972
H 74.53770 6.69347 1.57073
H 76.05980 14.10340 0.06886
H 77.05630 17.96840 2.01437
H 78.14390 20.85610 2.44722
H 85.67260 4.05610 0.38612
H 82.66680 5.35110 1.07587
H 79.97500 6.60608 -0.29364
H 88.23530 6.18746 0.21117
H 76.45280 10.89530 0.46863
H 90.71430 8.27542 0.24252
H 78.96150 12.85180 0.50089
H 0.68989 9.70317 -1.62767
H 92.88940 10.41110 -0.83804
H 78.80590 16.04920 0.25156
H 79.66150 19.04480 0.42202
H 95.30650 15.77720 -0.44801
H 82.81340 19.89430 1.39023
H 80.63490 21.94470 0.82809
H 94.67650 18.19930 1.41099
H 91.78190 19.41940 1.28591
H 89.13480 21.02470 1.28202
H 0.37542 18.02860 -0.10079
H 95.71950 20.54470 -0.10257
H -0.82393 0.49717 -1.78979
H 93.03670 0.30833 -1.58379
H 0.67686 3.46461 -1.95621
H 94.48900 3.11936 -1.60853
H 74.24200 95.50480 1.34935
H 82.54250 -1.30558 -0.38914
H 79.47390 -0.60627 0.23728
H 76.37700 0.28716 0.57661
H 73.40320 1.14885 1.23390
H 75.53970 3.40355 0.93980
H 74.20650 17.12550 0.89923
H 75.17760 20.31070 1.46027
H 77.08070 7.79979 0.45903
H 85.31810 7.22615 0.66812
H 82.35820 8.41280 0.78194
H 79.39000 9.68587 0.47590
H 87.78340 9.33842 0.45879
H 84.79130 10.41530 0.74249
H 81.83310 11.55640 0.74650
H 90.11170 11.39270 0.53809
H 87.24270 12.57310 0.93304
H 84.32500 13.63500 0.92664
H 81.45310 14.68350 0.53305
H 92.67270 13.32340 0.66541
H 89.56590 14.56120 1.01999
H 86.58100 15.85640 1.02046
H 83.67780 16.87780 0.62244
H 92.11180 16.37120 1.15445
H 89.04950 17.74160 1.26823
H 86.01020 18.94870 1.15609
C 89.98260 1.83890 0.63529
C 94.37630 4.94953 0.09779
C 91.26610 5.10103 2.03535
C 95.36260 7.69473 0.02747
C 83.48150 0.32365 1.32362
C 80.27990 1.33078 1.60750
C 77.86220 3.49291 3.56532
C 76.77700 6.68622 2.81069
C 74.37530 8.97853 2.61029
C 72.21050 9.31419 2.65378
C 74.40450 12.23300 0.25410
C 75.98850 15.76720 1.94246
C 76.28100 19.62530 3.61385
C 86.66300 2.07297 0.97196
C 83.67660 3.73533 1.93540
C 80.52510 5.67481 2.01813
C 86.58480 5.63096 2.00857
C 80.30650 7.91369 1.84082
C 77.56750 9.57514 2.13566
C 92.17460 6.86103 1.56791
C 89.22940 7.82911 1.83726
C 76.97730 12.76570 1.95620
C 0.04547 8.58647 0.65492
C 79.53460 14.57000 2.11638
C 2.31995 10.89290 -0.07821
C 78.88330 17.49320 2.38499
C -0.19994 13.71390 -0.32072
C 80.55200 20.07650 2.57939
C 95.50040 15.89870 2.06558
C 92.91950 17.88340 2.99341
C 89.80040 19.44990 2.92940
C 86.84270 21.02660 2.31270
C -0.16792 19.43460 1.89630
C 95.16040 22.22480 1.86206
C 0.84859 -0.34319 -0.16999
C 94.84590 -0.59752 -0.14126
C 91.62960 -0.65663 0.08626
C 87.62860 -0.58031 -0.69568
C -0.64613 2.41703 -0.22037
C 93.34680 1.94493 0.20280
C 0.56375 5.32872 -0.36488
C 81.18870 95.82930 1.53593
C 77.90340 -0.95524 2.06637
C 75.02500 -0.06553 2.59141
C 77.25500 2.17712 2.15967
C 74.22410 3.06319 2.64743
C 73.63980 18.74780 2.59637
C 74.39720 22.17290 2.88393
C 83.63690 7.09756 2.43919
C 86.15720 8.93932 2.19390
C 82.99670 10.15530 2.37322
C 79.94650 11.34190 2.17204
C 91.89040 9.99504 1.47645
C 88.42780 10.88340 2.24477
C 85.42240 12.09010 2.46318
C 82.45010 13.27070 2.35230
C 94.30670 11.73090 1.03257
C 90.90540 12.90130 2.31298
C 87.68640 14.33450 2.58014
C 84.62790 15.53520 2.52946
C 93.55850 14.95740 2.41606
C 90.20140 16.16390 2.71545
C 87.09750 17.49950 2.79586
C 83.87730 18.54320 2.60990
C 82.19750 47.61970 1.33831
C 91.30030 45.29240 -0.95432
C 0.88354 47.24310 -2.62483
C 85.19470 24.47420 0.05995
C 81.57540 24.15570 1.67939
C 90.01350 26.47990 -0.11392
C 86.94840 27.03220 0.15795
C 80.46700 27.79700 0.87459
C 89.15670 29.54210 0.10625
C 79.16740 31.11860 0.66284
C 91.08370 32.06920 -0.23707
C 78.26130 33.97500 0.59475
C 93.23710 34.37060 -0.26692
C 80.41260 36.66040 0.56081
C 95.21070 36.64050 -0.36758
C 82.32430 38.98480 0.43669
C 84.46810 41.47400 0.04527
C -0.97913 41.99680 -0.93822
C 93.11460 42.80820 -0.56150
C 89.56860 43.45210 -0.00193
C 86.40210 44.21690 0.68883
C 84.19580 44.71640 0.88004
C 95.50000 45.03570 -1.14447
C 78.17820 22.58590 0.62762
C 79.29310 25.83760 0.37144
C 76.99250 28.45080 0.19629
C 75.29050 31.22740 -0.63903
C 74.34180 34.46190 -1.20499
C 77.39970 37.16550 0.62122
C 79.14850 39.59820 0.31236
C 81.15720 42.56040 0.93023
C 79.58640 45.54830 0.47331
C 83.07560 22.05100 -0.11889
C 88.85400 23.57230 1.43327
C 93.46970 25.49350 0.07944
C 89.52740 24.23050 -0.36668
C 92.17830 28.77240 -0.34388
C 94.27950 31.21560 -0.34202
C -0.67118 33.82030 -0.16885
C 83.71640 27.25530 0.45635
C 85.67790 29.95040 0.22928
C 82.43260 30.35150 0.60323
C 87.73080 32.32760 0.10733
C 84.55400 33.04160 0.26919
C 81.47290 33.37740 0.44404
C 89.90360 34.93350 -0.11716
C 86.83870 35.34040 0.15357
C 83.46480 36.06240 0.34840
C 92.05030 37.36310 -0.35327
C 88.80110 37.97920 -0.01808
C 85.78630 38.39380 0.17598
C 0.45825 38.96640 -0.66764
C 94.28140 39.81590 -0.53504
C 90.95960 40.43190 -0.27509
C 87.70220 40.87090 0.08587
C 75.98590 24.99820 -0.20843
C 74.21450 37.30620 0.56001
C 75.88480 39.78750 0.32812
C 77.49350 42.57830 0.12215
C 74.17150 42.64560 0.18388
C 76.02540 45.56240 0.08102
C 0.14987 25.44360 -0.57437
C 95.76970 28.33430 -0.40741
C 0.61987 30.92540 -0.26308
H 84.67140 47.05950 1.28350
H 93.60870 46.06230 -0.32942
H 86.81280 25.12000 2.00043
H 83.68990 25.60890 1.92641
H 88.77360 27.64650 1.69296
H 82.51870 28.59410 2.27901
H 78.85930 29.33390 1.76224
H 90.93070 30.09570 1.25146
H 80.15690 34.78070 1.96288
H 94.85180 34.98940 1.43955
H 82.24920 37.19430 2.16240
H -0.16293 37.36880 1.21428
H 84.38570 39.58680 1.74248
H -0.88315 40.44920 1.01005
H 83.46630 42.59420 1.71141
H 95.09860 43.42810 0.78984
H 91.77870 43.96000 1.10173
H 88.63800 44.49310 1.81797
H 85.60610 44.57690 3.05130
H 79.07110 24.20260 2.30765
H 77.10330 26.40150 1.06471
H 74.91090 28.75830 1.74025
H 75.74200 33.37120 0.42866
H 77.14150 35.39200 2.32411
H 79.02960 37.93320 2.15506
H 80.92400 40.28850 2.04158
H 79.05270 43.48290 1.80304
H 84.84770 22.41040 1.58615
H 93.85060 22.93040 0.72759
H 91.96400 26.96340 1.42458
H 94.10640 29.38720 1.10923
H 96.05410 31.92870 1.21513
H 85.61840 28.18020 1.89726
H 87.55410 30.51920 1.72315
H 84.34340 31.17240 1.91531
H 81.09260 31.69920 2.25452
H 77.94130 32.42650 2.65226
H 92.94750 32.49570 1.33008
H 89.66560 33.07800 1.51616
H 86.45520 33.60180 1.83715
H 83.26510 34.16240 1.93173
H 91.78520 35.49440 1.27917
H 88.63900 36.15600 1.61019
H 85.39880 36.51150 1.78958
H 93.84280 38.02080 1.10544
H 90.73620 38.54920 1.40962
H 87.56150 38.99530 1.79144
H 92.92360 41.07800 1.15436
H 89.68330 41.48580 1.52015
H 86.53890 42.02340 1.42260
H 76.11470 23.30080 1.62183
H 74.06250 25.68990 1.23914
H 74.12510 35.41170 2.21454
H 75.79430 38.20200 2.22498
H 77.60560 40.80180 1.76625
H 74.27140 40.92370 1.90328
H 75.85390 43.59580 1.67230
H 0.09944 23.33800 0.61043
H 95.56820 26.39250 1.12655
H 0.34910 29.03400 1.32995
C 84.55210 46.46830 3.88808
C 92.63190 46.11910 1.99097
C -0.14520 49.11940 0.52288
C 85.51600 24.27700 3.35503
C 80.93690 23.97400 3.77023
C 90.23950 26.01220 2.90825
C 87.19780 27.21620 3.52423
C 80.64510 27.71890 2.77867
C 89.34560 29.56530 3.14369
C 79.42690 30.66520 3.81159
C 91.25180 31.83640 2.97627
C 78.66940 34.08870 3.91572
C 93.05570 34.31130 3.02799
C 80.56330 36.61750 3.62879
C 95.16860 36.90250 2.88388
C 82.66220 39.25740 3.51800
C 85.02580 41.40780 3.25295
C -0.38825 42.42670 2.50175
C 93.49250 42.97510 2.60253
C 90.39610 43.38840 3.08882
C 87.32510 44.22030 4.02932
C 84.05510 43.04660 4.10930
C -0.24827 45.16800 0.49804
C 77.55760 22.60730 3.57894
C 77.76450 25.83990 3.41668
C 76.80940 28.67490 2.14899
C 74.60130 31.12800 1.37623
C 75.61330 33.54070 2.97291
C 77.35380 37.35040 3.90135
C 79.11600 40.00180 3.60438
C 81.19860 42.70630 2.74094
C 79.61700 45.72250 2.46037
C 83.57320 21.69010 3.18777
C 91.50770 21.98740 1.47124
C 93.53550 25.16320 2.01321
C 90.64060 26.42500 4.53220
C 92.36470 28.69060 2.79810
C 94.37430 31.07340 2.76787
C -0.85677 33.60350 2.95192
C 84.07650 27.50220 3.77485
C 85.89940 30.00870 3.45813
C 82.74470 30.54310 3.74171
C 88.01800 32.38980 3.26097
C 84.73240 33.01510 3.50939
C 81.55840 33.50130 3.57350
C 90.16180 34.82030 3.04989
C 87.01060 35.42860 3.38704
C 83.72190 35.92350 3.55955
C 92.22330 37.26950 2.82748
C 89.22850 37.85080 3.24782
C 85.81850 38.28780 3.41056
C 1.16878 39.31810 1.70109
C 94.48640 39.86930 2.65467
C 91.31900 40.34620 2.96178
C 87.99890 40.92920 3.19169
C 75.87880 25.26580 2.87980
C 74.17370 37.29640 3.82679
C 75.96600 40.23340 3.55884
C 77.65470 42.87660 3.26292
C 74.31090 42.80110 3.47052
C 76.14100 45.57450 3.17147
C 0.02031 24.94350 2.58100
C 95.57430 28.06410 2.72369
C 0.38974 30.69620 2.84322
C 88.45070 46.57420 0.31736
C 85.42440 48.39410 -0.26795
C 82.41240 49.59270 1.21208
C 79.74490 51.29920 1.71538
C 76.82090 53.31240 0.85253
C 93.48030 47.63520 -1.63891
C 76.53970 56.35820 1.55384
C 74.22480 57.75430 4.46268
C 76.44630 59.70320 1.94329
C -0.47681 52.26550 -1.89433
C 93.66320 53.87430 -1.55126
C 90.69550 55.30640 -1.34448
C 87.75680 56.56420 -1.23071
C 76.41860 62.97350 1.70402
C 88.38710 59.56310 -1.16894
C 85.06490 61.32920 -0.67965
C 78.93570 64.46400 0.93332
C 84.14390 64.35610 -1.06226
C 81.94810 66.42740 0.62689
C 85.53380 67.77070 -0.74996
C 78.25090 48.76970 0.74289
C 75.74940 51.68810 0.25818
C 81.45690 69.94600 0.19313
C 79.31050 68.01440 1.74792
C 76.47150 66.47210 2.62762
C 74.32230 64.15100 3.88338
C -0.37111 55.95100 -1.38878
C 93.68660 56.88670 -1.73919
C 92.60450 60.09260 -2.18226
C 91.16310 62.86880 -2.36023
C 90.43500 66.28840 -3.45157
C 87.31670 64.90450 -1.53956
C 88.59930 69.02300 -3.12612
C 90.30070 71.84990 -2.27863
C 91.18610 48.74470 -0.96299
C 88.13690 50.31530 -0.63183
C 85.19330 51.74570 -0.08804
C 82.52350 52.88420 0.58993
C 79.50720 54.91230 0.76209
C 93.81930 50.64210 -1.35165
C 90.92590 52.02950 -1.22695
C 87.99850 53.33410 -0.79070
C 84.99890 54.84090 -0.30224
C 82.07980 56.35520 0.15193
C 79.19790 58.04300 0.93460
C 84.89320 57.82760 -0.73996
C 81.83210 59.58580 -0.03280
C 79.12500 61.17130 0.93725
C 81.56640 62.85880 -0.04068
C 74.43220 48.21530 0.21162
C 76.31500 69.91890 1.78654
C 95.66730 59.38660 -2.21648
C 0.64170 61.81430 -2.75710
C 94.45470 62.35240 -2.59423
C -0.44567 64.74460 -3.19776
C 93.39970 65.22390 -3.04786
C 95.25770 67.77920 -3.56341
C 91.98720 68.55670 -3.43070
C 0.28631 70.36770 -4.07082
C 94.13230 70.96740 -3.92880
H 83.20710 48.70950 3.51086
H 90.78670 47.04880 0.73485
H 87.51820 48.78970 1.19271
H 82.07490 51.58440 2.66619
H 78.87760 53.15970 2.37105
H 76.00320 54.58260 2.95014
H 0.87353 47.18520 -0.32234
H 76.20350 57.79980 3.66673
H 95.90770 50.81010 0.15474
H 92.91390 52.28550 0.24758
H 76.02420 61.06260 3.47299
H 92.73410 55.52460 0.10218
H 89.74300 56.99010 0.33400
H 86.84660 58.34530 0.28458
H 76.10790 64.24930 3.66619
H 88.16050 61.14330 0.86254
H 81.28630 64.29870 1.74879
H 78.82200 65.87530 2.84069
H 86.27610 63.37330 -0.17369
H 84.36990 66.01020 0.60719
H 77.45060 46.46530 1.35580
H 75.87510 49.42630 1.57224
H 84.73650 70.19800 -0.49146
H 82.94800 68.62460 1.53990
H 80.22370 70.18660 2.42309
H 77.53820 68.60680 3.42170
H 74.82190 70.25230 3.96806
H 95.54430 53.97830 -0.31405
H 95.29680 57.70230 -0.36533
H 92.30760 58.48720 -0.31511
H 91.28300 61.30120 -0.48393
H 89.48250 63.78960 -0.61227
H 89.07740 66.72600 -1.85480
H 90.69850 69.50870 -1.68896
H 87.47330 69.32210 -1.36602
H 84.73590 50.28100 1.28245
H 93.17750 49.06870 0.48108
H 90.24680 50.47200 0.60601
H 87.40430 51.97200 1.14774
H 84.62110 53.46010 1.73194
H 81.69270 54.72240 1.92762
H 78.80530 56.30410 2.72213
H 90.11780 53.75040 0.42018
H 87.16420 55.15040 0.69650
H 84.24900 56.54970 1.30725
H 81.50180 57.99650 1.86469
H 78.78620 59.54100 2.82621
H 84.08430 59.61830 0.78355
H 81.42880 61.13980 1.78324
H 78.72220 62.73960 2.67109
H 83.86650 62.77900 0.82569
H 74.23160 46.23940 1.70914
H 0.51469 60.19600 -0.84964
H 94.44850 60.77450 -0.66529
H -0.62339 63.26990 -1.30674
H 93.18270 63.73610 -1.12884
H 95.23020 66.21490 -1.76611
H 92.14980 66.81870 -1.62812
H 0.14563 68.76930 -2.16574
H 93.93810 69.27060 -2.09361
H -1.07134 71.85210 -2.62894
C 88.72660 46.90500 2.18270
C 85.74620 48.71520 2.93264
C 83.08210 50.31610 4.72328
C 79.93090 51.17300 3.68148
C 77.06680 52.58570 4.06659
C 94.40660 47.37930 1.66011
C 77.21900 56.19310 4.72421
C 74.54960 58.77600 6.12392
C 77.47400 59.50090 4.93802
C -0.04008 52.77630 1.41727
C 93.98390 54.06130 1.61739
C 91.07180 55.45980 1.93333
C 88.27130 57.09580 1.97428
C 77.57400 62.57770 4.83578
C 89.99690 59.39860 0.19597
C 85.75230 61.34490 1.10751
C 80.08330 64.45630 3.94512
C 85.41440 64.39760 1.93742
C 82.49630 66.30820 2.43813
C 85.38160 68.31850 1.13357
C 78.02020 48.65960 2.63816
C 75.67540 51.03150 3.62644
C 82.49500 70.18810 3.41577
C 79.90150 68.04330 3.60919
C 77.06320 66.38650 4.46666
C 73.87280 61.98760 4.19789
C -0.28434 55.93470 0.58638
C 93.65540 57.35200 1.51400
C 92.87650 60.38580 1.15439
C 91.63560 63.14430 0.74559
C 90.60790 65.99250 0.08430
C 88.54090 62.68530 0.38828
C 89.06150 68.63490 0.07388
C 90.97320 71.55640 -0.50010
C 91.45550 48.98920 2.22246
C 88.67220 50.35510 2.56650
C 85.79080 51.78160 3.03878
C 82.99330 53.26980 3.64588
C 80.14820 54.58660 3.91881
C 94.01520 50.82000 1.95924
C 91.23070 52.18370 2.03037
C 88.47980 53.75900 2.33215
C 85.82150 55.27690 2.78428
C 82.79240 56.42110 3.29800
C 80.16420 57.81040 3.98656
C 85.50880 58.34660 2.37242
C 82.93080 59.63240 2.97141
C 80.18420 61.17140 3.90514
C 82.75460 62.81390 2.98864
C 74.32130 48.11810 3.36773
C 77.18040 70.36480 5.11513
C 95.89280 59.70620 1.01128
C 0.84500 62.10900 0.36098
C 94.82360 62.86960 0.53629
C -0.24753 65.35160 -0.03938
C 93.62450 65.88150 0.07866
C 95.47340 68.27900 -0.44729
C 92.54780 68.78490 -0.14795
C 0.43524 70.89760 -0.90620
C 94.45960 71.30690 -0.72706
C -0.53931 94.37720 -3.45559
C 93.13700 94.40210 -3.48160
C 89.98770 94.37780 -3.33380
C 0.51846 78.20950 -5.87913
C 93.74590 78.34220 -6.49158
C 89.14390 80.35300 -5.29360
C 87.20700 82.70770 -4.09541
C 86.26690 85.92720 -4.66907
C -0.17173 89.24620 -3.55430
C 93.71740 89.35200 -3.89735
C 86.82960 89.00030 -3.73214
C 91.56220 91.57460 -3.86221
C 73.88150 88.11090 1.03036
C 83.67490 88.69930 -3.25071
C 79.15350 90.13190 -1.08205
C 84.53450 91.94930 -2.61191
C 86.44410 94.34210 -2.97794
C 83.40580 94.89560 -2.22413
C 89.83670 75.02700 -2.37368
C 86.38790 71.76560 -1.57096
C 82.67140 70.16700 -1.68040
C 85.92370 75.01050 -3.13563
C 86.90560 78.47080 -4.06857
C 84.13190 80.52840 -2.51890
C 83.63050 83.87810 -3.46849
C 81.57740 85.76070 -2.25549
C 80.77040 88.05640 -0.91579
C 76.65010 86.50870 -0.20900
C 73.82780 84.56930 0.40561
C -0.63594 73.66470 -4.33250
C 93.17860 72.77580 -4.54942
C 93.63200 76.19940 -6.58370
C 95.64020 81.37160 -5.82098
C 92.17350 80.73280 -5.61734
C 0.02072 83.93960 -4.94547
C 93.87840 83.70010 -5.22322
C 90.50120 83.35250 -4.99576
C 95.38530 86.61470 -4.36685
C 92.20730 86.52610 -4.57503
C 88.91240 86.05030 -4.50916
C 90.29090 89.03210 -3.97944
C 88.24880 91.80720 -3.45959
C 75.98290 90.87750 -0.43301
C 73.07650 91.47480 0.32814
C 81.23530 92.37380 -1.67106
C 78.18950 93.23090 -1.05659
C 75.11600 93.90550 -0.37954
C 83.91390 73.78870 -1.14475
C 81.32860 72.98790 -0.07012
C 78.87300 71.61170 0.96382
C 83.74340 77.01770 -2.38119
C 81.28090 75.94070 -0.74755
C 78.82170 74.58270 0.50555
C 76.24720 73.14750 1.30519
C 81.31080 79.29860 -1.42867
C 78.80950 77.95450 -0.13920
C 76.11450 76.33000 0.76909
C 81.38310 82.42340 -1.89166
C 78.94590 81.04670 -0.67496
C 76.29560 79.67550 0.26265
C 73.60170 77.97220 1.00585
C 79.07260 84.45630 -1.07401
C 76.43650 82.94180 -0.10941
C 73.62140 81.40820 0.65800
H -0.58422 92.60610 -1.50573
H 93.37520 92.53150 -2.24082
H 91.60400 95.17820 -1.63852
H 88.47820 94.94640 -1.60918
H -0.17096 76.21590 -4.24533
H 95.65600 79.01490 -4.86537
H 92.56040 78.61450 -4.19283
H 89.47230 78.65250 -3.44270
H 87.76350 80.62830 -3.23593
H 85.60550 84.39840 -3.11111
H 87.50350 86.88980 -2.63019
H 95.06380 89.85680 -1.65827
H 91.94600 89.79540 -2.25452
H 88.74450 89.65150 -2.28356
H 85.64500 89.10850 -1.70559
H 90.19050 92.33780 -1.93169
H 79.17710 88.51300 0.90905
H 76.09130 89.25940 1.48606
H 72.99790 90.07600 2.43252
H 82.76540 90.36460 -2.00197
H 80.98790 90.97830 0.36689
H 86.84130 92.20830 -1.75879
H 87.65810 73.91870 -1.58410
H 85.66780 73.06140 0.56849
H 87.79430 76.66320 -2.46520
H 85.49470 78.74140 -1.99129
H 82.80340 81.02030 -0.45448
H 82.95650 84.13680 -1.01531
H 83.09950 87.25920 -1.27508
H 80.68650 85.89470 0.08762
H 77.78670 84.69040 1.03074
H 75.09350 86.20600 1.72242
H 92.69290 72.09060 -2.22694
H 1.23470 74.07730 -2.61582
H 94.33320 74.60900 -3.24282
H 90.61210 73.67700 -0.36674
H 94.83770 95.30220 -1.89172
H 0.05448 81.72980 -3.82764
H 93.88190 81.50370 -4.02913
H 90.76080 81.32930 -3.66198
H 95.33510 84.40910 -3.40077
H 92.19210 84.26770 -3.50905
H 89.07860 84.05540 -3.14614
H -0.17913 87.08070 -2.41000
H 93.66980 87.15680 -2.69887
H 90.53270 86.86480 -2.86638
H 78.08660 91.46130 0.71656
H 75.07490 92.32760 1.41299
H 83.41540 93.15920 -0.70261
H 80.30640 93.98260 0.02037
H 77.23580 94.66590 0.68722
H 82.80160 71.73140 1.43637
H 85.27630 75.83400 -0.86898
H 82.77540 74.72150 0.76759
H 80.22170 73.37210 2.11862
H 77.52540 71.78350 3.01509
H 82.76780 77.80070 -0.21386
H 80.16030 76.50190 1.38586
H 77.36880 74.98060 2.33174
H 74.69150 73.45170 3.20530
H 80.31800 79.71180 0.82579
H 77.47810 78.16870 1.83832
H 74.67770 76.59110 2.74530
H 80.32780 82.85400 0.28969
H 77.63700 81.44620 1.40922
H 74.76010 79.82640 2.16056
H 74.96220 83.00260 1.89845
C -0.71133 94.17820 -0.25959
C 93.40290 94.17600 -0.26714
C 90.11940 93.95700 -0.08145
C 1.27254 76.44390 -3.39139
C 94.58080 77.13160 -3.48148
C 89.56990 80.49950 -1.64849
C 87.28810 82.79660 -2.09307
C 85.37870 86.53230 -1.72145
C -0.17371 88.40160 -0.31284
C 93.52780 88.65940 -0.61913
C 87.60630 88.27830 -0.54266
C 91.89450 91.44490 -0.41804
C 74.46530 88.18140 3.07927
C 82.47130 89.05650 0.13492
C 79.56550 90.22540 2.31743
C 84.81900 91.15040 -0.65736
C 87.09120 93.78410 0.09901
C 84.38260 95.06520 0.75587
C 89.36920 74.23910 1.68877
C 88.20910 72.90610 0.67139
C 85.26530 71.33140 1.86796
C 87.54980 75.99910 -0.00116
C 87.93900 78.97230 -1.39862
C 84.93270 80.91340 -0.76188
C 85.23350 84.58710 -0.56162
C 83.09590 85.88790 0.70649
C 80.63400 86.95140 2.26681
C 77.30310 87.06420 1.63457
C 74.55760 84.77630 3.58226
C -0.92898 74.01560 -1.40020
C 92.87950 74.38780 -1.22461
C 92.68880 76.06620 -4.59936
C 95.46350 80.35530 -2.63751
C 92.54900 79.99670 -2.53509
C -0.25585 83.15040 -1.84729
C 93.81760 83.06550 -2.05475
C 90.81240 82.94780 -1.83057
C 95.14570 85.73520 -1.29683
C 92.13780 85.67990 -1.52108
C 89.05860 85.69410 -1.27417
C 90.44950 88.37300 -1.01863
C 88.63490 91.19350 -0.34662
C 76.75180 90.97090 2.75573
C 73.74840 92.10990 3.49007
C 82.14420 92.95860 1.36721
C 78.89360 93.43080 1.96717
C 75.91320 94.34500 2.70984
C 85.16610 74.96070 1.49528
C 82.51030 73.69140 2.95987
C 79.77270 71.91590 4.06507
C 85.23860 77.95980 0.36380
C 82.45830 76.81640 2.06668
C 79.56560 75.31820 3.45689
C 76.75290 73.68910 4.37175
C 82.62120 79.59370 1.53126
C 79.70090 78.47630 2.84200
C 76.87630 76.89400 3.83786
C 82.63990 82.92740 1.05924
C 79.92090 81.55000 2.37740
C 76.87050 80.06660 3.33789
C 73.95400 78.57440 4.16158
C 79.95770 84.65820 2.07433
C 77.09810 83.31450 3.01836
C 74.25840 81.62450 3.84095
