2979
Frame 173
C 12.76180 95.36590 -2.11927
C 13.97760 0.93059 -1.90947
C 11.78400 3.06831 -3.36416
C 10.77900 6.41894 -3.71131
C 8.18304 9.23220 -4.02511
C 4.53680 8.58365 -4.64085
C 2.64100 8.56318 -5.48775
C 24.18940 0.56999 -0.29650
C 22.28630 4.22803 0.38612
C 25.11280 6.00700 -1.30024
C 24.59310 11.82800 -0.77865
C 19.76580 0.97523 -1.92369
C 16.09890 -0.87347 -0.44662
C 19.42630 4.26312 -1.86668
C 22.81390 8.82305 -1.20302
C 19.92240 7.56255 -1.68178
C 14.00010 4.66533 -1.88904
C 23.48700 13.50830 -0.34774
C 14.33880 8.36419 -2.48429
C 23.06310 16.35270 -1.31125
C 11.92980 10.60320 -2.76451
C 22.87190 19.73920 -1.18158
C 12.77640 13.60880 -2.07055
C 9.57551 12.79850 -2.77046
C 23.04750 22.83050 -0.91217
C 14.80040 17.94540 -1.04103
C 11.39960 16.15660 -0.74522
C 14.60660 21.35580 0.10926
C 20.75920 -0.90206 -1.68572
C 5.56829 10.82400 -2.60407
C 6.76415 14.19570 -1.86686
C 3.61283 14.21570 -2.61429
C 8.18614 16.71780 -1.25338
C 2.20478 17.37130 -2.64931
C 9.77458 19.35660 -0.91424
C 11.36610 21.79270 -0.65382
C 9.30827 95.02560 -2.98135
C 10.84850 0.52812 -3.00828
C 7.28109 0.24307 -3.52128
C 4.05001 -0.02340 -3.82409
C 8.72144 2.92430 -4.00336
C 5.34121 2.69101 -4.10071
C 2.13774 2.51675 -4.09053
C 7.20675 5.57952 -4.71050
C 3.37061 5.24632 -4.58882
C 16.72930 2.63196 -1.93190
C 17.03260 6.15763 -1.99592
C 20.63780 11.11900 -0.32196
C 17.34970 9.50271 -1.75428
C 20.40690 14.45590 -0.95726
C 17.91130 12.72440 -1.23602
C 14.99900 11.47350 -1.92783
C 20.42100 17.92450 -1.01023
C 17.59150 16.23600 -1.11576
C 15.18270 14.84520 -1.35143
C 20.29700 21.24070 -0.73564
C 17.52740 19.63680 -0.81223
C 5.06082 17.08810 -1.84977
C 6.61946 19.57400 -1.27399
C 3.52114 19.89510 -1.75200
C 8.21508 22.19200 -0.89838
C 5.11481 22.43170 -1.22755
C 2.04101 22.56690 -1.72246
H 13.55010 -0.71652 -0.03109
H 11.82800 1.80950 -1.10436
H 10.13790 4.36529 -2.41601
H 8.31088 6.83877 -3.31390
H 1.96311 6.44202 -2.85865
H 3.77498 9.13796 -2.22803
H 22.92940 1.97359 1.39736
H 24.80090 4.21944 0.46120
H 23.12710 6.65294 0.26342
H 24.58410 9.53041 0.49995
H 25.12950 15.46550 0.06436
H 20.26670 2.66986 -0.00877
H 17.55710 1.16733 -0.46840
H 20.29000 5.73713 0.01656
H 14.73410 2.73003 -0.31786
H 15.15720 6.52512 -1.02977
H 21.46040 13.03980 1.03009
H 12.38610 8.42946 -1.35864
H 23.95440 18.04490 0.50024
H 21.33790 16.23880 0.52806
H 9.89113 10.67570 -1.04271
H 24.01230 21.05090 0.56656
H 10.48360 13.80810 -0.99883
H 13.04140 17.87900 0.23008
H 9.59100 17.40440 0.53874
H 22.27540 -0.89131 0.08124
H 1.50430 12.81600 -3.09866
H 7.25010 12.36440 -1.55977
H 3.93312 12.20000 -1.18831
H 7.81338 14.79400 0.41935
H 6.39494 17.63830 0.14660
H 11.19820 20.02190 1.25004
H 8.03095 20.24560 0.61482
H 10.61270 -1.18695 -1.22811
H 7.36212 95.85910 -1.72562
H 4.21975 95.58760 -2.04547
H 0.99680 95.16300 -1.99124
H 8.82025 1.42636 -2.03894
H 5.48546 1.13817 -2.18519
H 2.32960 0.80627 -2.34766
H 6.93081 3.99520 -2.74175
H 3.71047 3.74465 -2.61536
H 5.15003 6.46970 -3.30535
H 17.53060 4.33034 -0.28308
H 20.82350 8.71466 0.34027
H 17.94710 7.64914 -0.20664
H 18.17210 10.75460 0.25575
H 15.26950 9.55119 -0.41212
H 18.59450 14.54600 0.41007
H 15.73880 12.93950 -0.03510
H 12.87370 11.55550 -0.66189
H 21.28420 19.51070 0.70175
H 18.52180 17.84290 0.55140
H 15.80660 16.25040 0.57514
H 13.17690 14.72650 0.09992
H 18.51310 21.09050 0.98848
H 15.76420 19.34940 0.85760
H 4.78349 15.05120 -0.61957
H 1.72074 15.34360 -1.46521
H 3.21826 17.85190 -0.47564
H 4.86010 20.42740 0.15715
H 1.70233 20.62420 -0.32114
C 11.84870 95.70220 0.93536
C 13.04850 1.47916 1.05893
C 11.37010 4.04120 -0.17643
C 10.55900 6.77847 -1.87136
C 8.16377 9.07180 -1.99319
C 4.45010 7.91034 -0.31118
C 1.65283 8.31913 -3.26918
C 23.87860 0.29438 1.51970
C 23.73980 2.88254 3.53944
C 24.55270 5.97930 2.26263
C 24.72260 11.58020 2.09182
C 19.20480 0.83251 1.57277
C 15.37770 -1.19951 1.51433
C 19.01970 4.20747 1.66671
C 22.64920 8.50368 2.02429
C 19.32790 7.27838 1.78931
C 13.49030 4.76273 -0.01213
C 23.06810 12.48560 2.91331
C 13.80320 7.82003 0.66472
C 23.28660 15.90540 1.93662
C 11.24880 9.96467 0.56036
C 23.10950 19.62100 2.37359
C 11.77700 12.95980 1.04984
C 8.82171 12.45710 0.48420
C 23.43350 22.70050 2.34937
C 14.64640 17.66560 2.25174
C 11.51530 16.09030 1.32295
C 14.40170 21.07980 1.95830
C 20.23720 -1.05914 1.34246
C 5.73450 11.78710 0.44063
C 5.75618 13.73220 1.20030
C 2.77243 13.89980 0.23779
C 7.67676 16.33630 1.84352
C 1.25172 16.81130 0.47486
C 9.09823 18.95090 2.41732
C 11.13080 21.74810 2.62308
C 8.80737 95.31150 0.20043
C 10.06090 0.83168 0.09732
C 7.13130 0.60540 -0.42373
C 3.90609 0.19993 -0.60106
C 8.42378 3.53027 -0.78786
C 5.39869 3.20284 -0.93068
C 2.30510 2.75895 -0.88235
C 6.94564 6.09876 -1.41003
C 3.86870 5.98686 -1.26000
C 16.28880 2.78221 1.27861
C 16.45680 6.08920 1.02527
C 20.28440 10.83760 1.55145
C 16.96150 9.27369 1.43620
C 20.44780 14.60570 2.24589
C 17.55830 12.69630 1.71245
C 14.43670 11.19300 1.21752
C 20.34870 17.75910 2.16987
C 17.63660 16.09550 2.12609
C 14.84740 14.35360 1.82593
C 20.46860 21.02880 2.49981
C 17.40070 19.23110 2.31597
C 4.44231 16.65590 1.21449
C 6.17469 19.30980 1.86854
C 2.98950 19.45920 1.33405
C 8.02462 21.98300 2.31113
C 4.68211 22.11800 1.90763
C 1.42665 22.33290 1.31741
C 22.75850 26.19850 -1.00100
C 20.06330 27.86070 -0.19015
C 15.10790 24.78280 0.17447
C 18.76900 29.13400 -1.22037
C 22.95710 29.19530 -0.82038
C 23.82260 32.08430 -1.60570
C 23.44460 35.46260 -1.88634
C 25.78120 45.85220 -2.78000
C 22.32890 44.46280 -1.32686
C 21.09250 31.67440 0.94143
C 19.21210 32.90870 -1.42780
C 15.00820 27.77250 -1.50775
C 19.58370 34.95780 -1.38431
C 13.02780 34.19760 -1.21406
C 20.39360 38.25570 -1.46126
C 10.89420 36.31410 -1.09267
C 21.46250 41.48540 -1.45524
C 18.17270 40.90680 -1.56314
C 8.73059 38.71550 -1.53140
C 4.40837 38.77250 -2.47551
C 16.22100 43.17290 -1.69871
C 2.87765 42.34470 -2.24230
C 14.12480 45.54610 -1.78274
C 5.19724 44.01730 -2.65335
C 2.72988 46.58240 -2.82536
C 13.18290 24.36780 -0.57858
C 12.02180 27.64690 -0.55298
C 12.60520 30.98240 -1.17894
C 9.87666 30.32750 -0.83180
C 9.58716 33.22420 0.60300
C 5.84029 33.40890 -0.50338
C 7.75570 35.89390 0.73225
C 1.68138 36.03160 -1.27477
C 20.30340 24.43090 -0.42695
C 17.59250 22.91770 -0.29486
C 17.66430 26.02360 0.12485
C 16.10640 34.61390 -1.57289
C 17.20340 37.86770 -1.56002
C 14.06100 37.20750 -1.39655
C 15.18830 40.20550 -1.47483
C 11.94490 39.52140 -1.56464
C 13.06980 42.54900 -1.79937
C 9.95257 41.86390 -1.92266
C 6.78519 41.37940 -2.16747
C 11.04330 45.03810 -1.96414
C 8.06395 44.57380 -2.19461
C 5.85658 47.08750 -2.36995
C 9.91821 24.78320 -0.84828
C 6.66075 24.89750 -0.94781
C 3.58965 25.17850 -1.27530
C 8.29330 27.56550 -0.85176
C 5.19477 27.79080 -0.92598
C 2.10075 28.04160 -1.26801
C 6.90048 30.44730 -0.71476
C 3.91661 30.64460 -0.87754
C 2.73169 33.39310 -0.89981
H 0.91876 42.64660 -0.51016
H 24.02960 24.21390 0.23106
H 21.40260 26.02520 1.04299
H 15.89980 22.92740 1.49163
H 18.81220 27.42580 2.00092
H 16.11460 26.09620 2.22768
H 16.59280 28.34680 -0.11918
H 24.18620 27.46950 0.49112
H 24.48450 30.59950 0.44251
H 21.59710 29.18100 1.36294
H 23.88750 40.73410 -1.74473
H 24.67860 43.87330 -1.75317
H 22.55380 42.70580 0.47235
H 20.40370 44.96350 0.30611
H 19.77100 33.87000 0.98799
H 16.96270 33.07690 -0.27091
H 13.93720 32.55020 0.46946
H 20.86190 36.66760 0.07690
H 11.60010 34.66890 0.70676
H 21.62400 39.70360 0.27053
H 9.11452 37.24530 0.50498
H 19.59940 42.16270 0.27795
H 6.85133 39.83140 -0.09097
H 2.74850 40.06310 -1.26023
H 17.57430 44.52090 -0.06062
H 4.92249 42.36810 -0.83515
H 15.49060 46.93340 -0.20268
H 3.12611 44.67910 -1.27994
H 12.82350 22.62480 1.06264
H 9.73805 22.94690 0.84414
H 11.51460 25.53960 0.75830
H 13.68450 29.46090 0.05367
H 11.24340 31.42690 0.88033
H 8.44281 31.12220 1.02726
H 7.25081 34.03020 0.95591
H 4.02987 34.28560 1.12087
H 0.94426 34.35380 0.46951
H 2.77829 37.17530 0.23107
H 21.37880 22.69630 0.99218
H 18.68540 24.30960 1.42661
H 23.43660 45.45700 0.64729
H 17.69720 36.12480 -0.22554
H 14.59520 35.44880 0.25176
H 18.60510 39.10490 0.10863
H 15.47970 38.46040 0.16710
H 12.28810 37.80710 0.23203
H 16.45680 41.49520 0.18520
H 13.30340 40.85050 -0.00343
H 10.09380 40.19770 -0.08122
H 14.36540 43.78070 -0.11803
H 11.24770 43.24430 -0.33674
H 8.08096 42.75280 -0.53593
H 12.36090 46.36130 -0.31932
H 9.22659 45.78110 -0.46590
H 6.16230 45.26090 -0.80108
H 6.53957 23.04700 0.66401
H 3.36421 23.26550 0.19607
H 8.24966 25.73050 0.69746
H 5.03642 25.89150 0.58764
H 1.83657 26.07150 0.17351
H 10.03330 28.40150 0.71512
H 6.71784 28.50020 0.85845
H 3.53862 28.73130 0.61513
H 5.35053 31.39950 0.92184
H 2.21413 31.57110 0.62422
C 23.48080 25.89520 2.26248
C 20.74990 27.39860 3.06003
C 14.85680 24.16020 3.35878
C 16.61070 28.69920 2.51289
C 23.71240 29.11940 2.30539
C 23.32240 32.41860 1.55038
C 23.12280 35.62070 0.10796
C 24.86180 43.45410 0.78973
C 22.01280 44.32440 2.30354
C 20.70110 30.93000 2.86093
C 17.64820 33.22630 2.24974
C 15.76790 30.88410 -0.08186
C 20.77350 35.16960 2.33917
C 13.54680 34.33300 2.19774
C 20.21830 38.37440 1.86550
C 11.02050 36.56750 2.06882
C 21.28740 41.30960 2.14125
C 18.07440 40.75060 1.87183
C 8.74029 38.94100 1.68102
C 4.74945 38.53850 -0.45024
C 15.97670 43.37780 1.70773
C 3.05669 41.55010 0.63330
C 14.03470 45.70390 1.34026
C 4.62577 44.21450 0.73706
C 2.46729 46.40070 0.63025
C 12.91560 24.40680 2.60330
C 12.37500 27.77760 1.37180
C 13.21360 30.73440 2.14749
C 10.08320 30.08670 2.54059
C 10.52570 33.21630 2.36815
C 5.59952 33.10150 2.72824
C 4.57821 36.13890 1.87292
C 0.92661 36.31320 1.83783
C 20.69860 24.34490 2.75186
C 17.77630 22.54740 2.92507
C 17.85450 25.48140 3.49047
C 16.57580 34.81270 1.62118
C 17.26320 37.77500 1.65933
C 14.11930 37.24860 1.79259
C 14.96290 40.21450 1.76037
C 11.77060 39.75850 1.62534
C 12.80370 42.76250 1.48506
C 9.65869 42.23980 1.27103
C 6.41909 41.61200 1.04813
C 10.84190 45.17700 1.22962
C 7.64783 44.63150 1.02561
C 5.66188 47.11470 0.74712
C 9.79541 24.84320 2.40047
C 6.57139 24.90140 2.24669
C 3.22104 24.98560 1.90955
C 8.45150 27.55860 2.34840
C 4.93465 27.67450 2.31341
C 1.69343 27.77670 1.93558
C 6.73643 30.26020 2.58981
C 3.56999 30.47820 2.32810
C 2.18561 33.31790 2.36861
C 20.35760 46.86000 -1.52730
C 17.26570 46.49800 -1.84978
C 15.24040 48.70230 -1.97862
C 16.59060 52.29670 -1.91731
C 14.05390 55.65370 -1.69080
C 16.92630 56.39900 -3.97901
C 20.13800 58.16800 -2.32746
C 21.76530 60.81700 -2.00026
C 23.76660 63.59680 -1.98650
C 18.91210 60.99180 -2.52718
C 16.40070 59.60300 -2.43323
C 13.66950 58.17470 -2.37088
C 10.39920 56.47700 -1.26250
C 22.19820 66.18780 -2.18319
C 19.91870 64.18770 -1.68317
C 10.68110 60.16260 -1.82994
C 23.06950 69.36370 -2.19812
C 11.05510 63.47310 -2.83772
C 11.48500 66.80300 -3.44533
C 8.96784 68.62170 -4.03102
C 13.70300 48.29900 -3.50221
C 6.89997 50.19300 -2.22824
C 3.68534 49.57610 -2.37656
C 11.16300 53.62850 -1.98668
C 7.98929 53.02180 -2.23245
C 4.71025 52.55860 -2.21429
C 1.52372 51.94290 -2.05573
C 7.22407 55.82330 -0.88360
C 8.62898 57.75720 0.89099
C 7.00664 60.45760 -2.25021
C 9.00905 62.96390 -2.64918
C 7.94852 65.79370 -3.12314
C 6.87523 68.65550 -3.75969
C 23.39770 47.11360 -1.15804
C 21.58570 49.87000 -1.32946
C 17.94980 49.72880 -0.80236
C 23.30640 52.57640 -1.25872
C 19.95310 52.56400 -1.66160
C 21.57560 55.28120 -1.71495
C 23.20900 57.91190 -1.71199
C 16.52860 63.38330 -2.84822
C 13.89800 61.42620 -1.91496
C 19.96390 67.86620 -2.56960
C 17.11040 66.40030 -2.86632
C 13.92780 65.03820 -3.05954
C 17.51900 69.73470 -3.21524
C 14.47250 68.24930 -3.50579
C 12.00140 69.96210 -4.10287
C 12.10610 48.09190 -2.04115
C 9.19032 47.58720 -2.15250
C 10.21710 50.67900 -1.96840
C 3.17983 55.32760 -1.25304
C 5.08125 58.04280 -1.84174
C 1.82899 58.46890 -1.97110
C 3.80633 60.90540 -2.27255
C 5.86775 63.56480 -2.66249
C 2.73017 64.08930 -2.69192
C 4.69338 66.36060 -3.14383
C 1.53524 67.17180 -3.14684
C 3.60607 69.40040 -3.78126
H 1.90091 49.98610 -0.45845
H 18.54670 47.49100 0.05858
H 16.21640 51.04050 0.16897
H 15.33530 53.93250 -0.48245
H 15.98090 57.15060 -2.16070
H 21.46280 58.99600 -0.35637
H 18.32980 59.12750 -0.94869
H 23.26740 61.76420 -0.31890
H 14.39090 56.75750 0.48997
H 12.18800 55.04380 -0.25416
H 22.01400 64.43170 -0.50689
H 20.02680 61.95500 -0.66768
H 16.93340 61.64560 -1.21659
H 14.75060 59.50750 -0.61868
H 11.90510 58.22630 -0.85311
H 23.30600 67.43220 -0.63178
H 11.80220 62.14460 -1.04063
H 12.05720 65.39190 -1.42130
H 9.59669 67.24450 -2.14097
H 10.02210 70.41160 -2.71418
H 13.44690 49.36860 -0.29379
H 3.97356 47.63610 -0.91870
H 11.39910 51.91210 -0.05394
H 8.30540 51.29920 -0.51785
H 5.09425 50.64180 -0.67270
H 9.22757 54.39650 -0.64443
H 6.24330 53.58330 -0.54375
H 3.08625 52.98320 -0.34392
H 7.45274 55.44790 1.67100
H 6.73736 59.08090 -0.06208
H 8.75286 61.37560 -0.84220
H 7.64259 64.33800 -1.10142
H 6.51744 67.29320 -1.83627
H 5.49063 70.23690 -2.40719
H 24.81140 47.91700 0.64173
H 21.64790 47.93820 0.29020
H 23.18680 50.71310 0.35260
H 20.02990 50.71570 -0.00336
H 21.51160 53.50760 0.07220
H 18.37600 53.28540 -0.42436
H 23.05600 56.23000 0.07121
H 19.77530 56.20910 -0.66863
H 20.27740 66.35290 -0.75016
H 17.64140 64.73980 -1.10636
H 14.67390 63.62550 -1.22910
H 20.85550 69.46990 -0.94820
H 17.90170 68.18390 -1.29640
H 15.01540 66.71520 -1.62460
H 15.43910 69.90660 -1.97071
H 12.48440 68.61560 -2.03164
H 10.34680 48.80820 -0.38698
H 7.27045 48.30700 -0.73414
H 4.99796 56.51390 -0.06464
H 1.62802 57.03480 -0.46932
H 3.57257 59.39250 -0.36717
H 5.55824 61.91400 -0.86562
H 2.48865 62.42360 -0.85792
H 4.51287 64.91430 -1.14738
H 1.44219 65.55930 -1.28215
H 3.42422 67.95480 -1.80561
H 2.39759 70.96560 -2.26303
C 20.06470 47.00620 1.95799
C 16.98180 46.44570 1.70121
C 15.10320 49.02730 1.16416
C 16.60180 52.78630 1.40384
C 13.95850 54.47050 1.37777
C 17.28690 55.48310 -0.86073
C 19.54960 58.14190 1.00200
C 21.42790 61.02450 1.15321
C 23.65920 63.74300 1.14390
C 18.26420 60.93500 0.73216
C 16.47570 58.00430 0.20294
C 13.21270 58.80920 1.15749
C 12.04720 56.95630 1.27979
C 21.88700 66.32060 1.02620
C 19.70830 64.21640 0.13717
C 10.72920 60.21400 -0.03137
C 22.55080 69.26040 0.88115
C 11.11990 63.81950 0.38965
C 11.28200 67.24600 -0.30371
C 9.06617 69.23750 -0.81526
C 13.95160 51.85030 -0.34469
C 6.86930 50.03670 0.95959
C 3.62416 49.34730 0.90860
C 10.69170 53.95140 1.34668
C 8.08208 53.08150 1.09139
C 4.68447 52.39220 1.09207
C 1.63355 51.85680 1.36981
C 5.54544 55.52750 2.29233
C 8.73644 57.35230 2.80161
C 7.01921 60.95040 0.98511
C 9.07286 63.28040 0.63888
C 8.14081 66.19200 -0.34667
C 7.04703 69.33510 -0.65536
C 23.02780 47.27010 2.19931
C 21.37830 49.87920 1.81795
C 18.07860 49.66540 1.09962
C 22.93920 52.62350 1.84008
C 19.80880 52.61160 1.57642
C 21.17370 55.49330 1.46581
C 22.93360 58.16930 1.49095
C 16.50040 63.40780 0.46316
C 13.94130 61.64220 0.03768
C 19.47000 68.12550 0.60488
C 16.70320 66.63070 0.16491
C 13.88600 65.43470 0.20682
C 16.93890 70.00520 -0.05024
C 14.14740 68.59430 -0.30628
C 11.71780 70.64900 -0.91555
C 11.94250 48.11620 1.36081
C 8.82192 47.64010 1.10742
C 10.11480 50.80260 1.15651
C 2.93446 55.22420 0.58827
C 4.86658 58.39870 1.51933
C 1.75176 58.83350 1.21508
C 3.94169 61.47320 0.88840
C 5.89587 63.86640 0.56946
C 2.75210 64.44180 0.45946
C 4.87630 67.02580 -0.04647
C 1.77759 67.65890 -0.00471
C 3.93204 70.00880 -0.55604
C 9.62793 89.42700 -2.49530
C 11.19530 92.61020 -2.47550
C 7.94280 92.29340 -3.00655
C 4.54481 91.83430 -3.33474
C 1.25943 91.66220 -3.58949
C 4.84188 74.79390 -4.79711
C 9.95469 77.55310 -4.70845
C 6.59286 77.64930 -4.97982
C 3.48842 77.79370 -5.23339
C 13.95400 83.65830 -5.77370
C 10.38070 87.47490 -2.57868
C 6.63253 89.31380 -3.18338
C 3.13879 89.15700 -3.69162
C 23.31890 80.05000 -1.59884
C 20.01600 81.13330 -2.20345
C 17.11370 82.95560 -3.22195
C 13.50290 85.61050 -6.25520
C 13.47120 86.94400 -2.95655
C 12.77960 89.96700 -2.42964
C 15.15740 92.44670 -1.98030
C 17.76870 94.41500 -1.75164
C 23.53440 94.89690 -1.37574
C 23.48360 72.73700 -2.04295
C 23.87840 76.20430 -1.15101
C 21.17510 77.75120 -2.29253
C 9.26454 71.64670 -4.74630
C 15.65000 77.88600 -4.60026
C 13.07530 76.12680 -5.16701
C 8.47408 74.61520 -4.41223
C 15.75530 81.44960 -3.92564
C 5.71509 71.77650 -4.39680
C 2.49343 72.60430 -4.08324
C 5.99088 94.73430 -3.45287
C 2.69007 94.44880 -3.59123
C 8.15525 80.39790 -5.21953
C 4.95711 80.60020 -5.13102
C 1.72873 80.63520 -5.24843
C 10.17950 83.91070 -4.47016
C 6.40125 83.49530 -4.97503
C 3.19348 83.53680 -4.87483
C 7.71896 86.32350 -4.31920
C 4.89384 86.46760 -4.17402
C 1.68974 86.34990 -4.26129
C 22.56880 83.13680 -1.69930
C 19.77440 84.66170 -2.56634
C 16.73250 85.99440 -2.87068
C 22.15970 86.68080 -1.78191
C 19.27560 87.97620 -2.30640
C 15.96840 89.07130 -2.75543
C 24.60150 88.56660 -1.02002
C 21.62800 89.96750 -1.63025
C 18.44330 91.15880 -2.02012
C 24.07160 91.70010 -1.19757
C 20.87640 93.11990 -1.67700
C 20.46360 71.01950 -2.78175
C 20.89400 74.23740 -2.97746
C 18.07570 72.83060 -3.52884
C 14.97020 71.29620 -3.93652
C 18.24880 76.02450 -3.79966
C 15.62400 74.46430 -4.46234
C 12.36130 72.86710 -4.86686
C 18.62240 79.85800 -3.25140
H 10.89040 90.77130 -0.85782
H 7.73624 90.51950 -1.35898
H 12.41350 93.54310 -0.41900
H 6.01216 92.99820 -1.70178
H 2.82600 92.60410 -1.93215
H 6.51102 75.82320 -3.29330
H 3.38310 76.17150 -3.30529
H 8.23075 78.71670 -3.33556
H 9.81166 81.51120 -3.53893
H 12.49630 82.88610 -3.79549
H 8.89797 88.02700 -0.61382
H 4.68678 89.80500 -1.79297
H 1.41588 89.68200 -2.11022
H 22.62420 78.09870 -0.36828
H 21.74360 81.32110 -0.22336
H 18.65770 82.88170 -1.26023
H 15.81920 84.14510 -1.37164
H 14.44810 85.53910 -3.87670
H 12.17230 87.87790 -1.04512
H 14.56800 90.28820 -1.07107
H 17.10260 92.40440 -0.30408
H 15.15890 94.43990 -1.80601
H 19.69490 94.40380 -0.34226
H 23.94790 70.71440 -0.58755
H 23.98280 74.07030 0.12279
H 21.52900 75.63480 -1.13490
H 18.82780 77.64900 -2.36421
H 13.31860 74.74550 -3.65693
H 10.39940 73.40850 -3.50532
H 7.49302 72.66460 -3.32874
H 16.14370 79.37170 -2.57470
H 13.33570 78.09610 -3.31077
H 4.46409 73.29230 -2.82491
H 9.20851 93.35580 -1.20248
H 4.98054 78.83930 -3.48435
H 1.68526 78.60760 -3.86252
H 6.61935 81.52330 -3.57455
H 3.30678 81.48740 -3.52173
H 8.04205 84.42970 -3.31125
H 4.82957 84.24510 -3.15060
H 1.62081 84.19900 -3.05518
H 6.35485 87.02160 -2.23678
H 3.19271 87.00360 -2.47480
H 24.67880 80.11120 0.45157
H 24.05820 83.44290 0.30929
H 21.18930 84.75120 -0.51590
H 18.36660 86.05740 -1.08820
H 15.28890 87.18040 -1.28292
H 23.56320 86.70080 0.22756
H 20.74760 88.00230 -0.31999
H 17.63570 89.15250 -0.84548
H 23.13080 89.97530 0.29098
H 20.13630 91.19770 -0.18079
H 22.62100 93.18480 0.17872
H 21.26070 72.62830 -1.09846
H 18.35560 71.33500 -1.57231
H 18.66210 74.45280 -1.86123
H 15.86700 73.04320 -2.45262
H 12.90830 71.76480 -2.72172
H 15.99220 76.24380 -2.84546
C 9.10035 90.16670 0.65183
C 10.71620 92.78220 0.66851
C 7.47881 92.40310 0.18632
C 4.47527 91.68390 -0.29758
C 1.54960 91.29440 -0.23225
C 4.83196 75.33590 -1.48686
C 9.96680 78.08260 -1.58630
C 6.62507 77.91480 -1.79130
C 3.21697 78.25580 -1.94550
C 12.13140 80.33910 -3.47726
C 10.42900 87.19900 0.72597
C 6.49616 88.68790 -0.40643
C 3.01849 88.54130 -0.53991
C 22.47220 79.66860 1.45520
C 19.60040 80.66620 -0.21391
C 16.47570 82.17230 -0.01272
C 13.63680 83.55610 -2.32578
C 13.27740 86.17720 -0.05203
C 12.56680 89.76320 0.52991
C 14.67280 92.66400 0.08258
C 17.74890 93.80670 1.31558
C 23.03260 94.83610 1.88714
C 22.75660 72.47500 0.98354
C 22.73130 76.05310 0.94607
C 20.29590 77.58000 -0.34051
C 9.22512 72.42760 -1.55782
C 14.30180 77.70350 -1.69420
C 11.01320 76.93120 -2.98522
C 8.59398 74.80320 -2.56169
C 15.05690 80.76570 -0.82777
C 6.12246 72.34920 -1.27187
C 2.83689 73.07310 -0.91199
C 5.68144 94.88190 -0.24265
C 2.74678 94.47160 -0.41283
C 8.42495 80.87120 -1.89552
C 4.98829 80.70020 -1.90323
C 1.71915 80.24820 -2.11762
C 10.41420 83.87120 -2.60856
C 6.56621 83.20060 -1.74193
C 3.27476 83.11160 -1.66494
C 8.11825 85.73490 -1.12884
C 4.90097 85.77430 -1.12145
C 1.63478 85.67980 -1.11137
C 21.76090 82.97460 1.22920
C 18.98320 84.28470 0.56497
C 16.33810 85.57940 0.28846
C 21.37930 86.29840 1.33639
C 18.63960 87.54270 0.80334
C 15.59690 88.69660 0.59147
C 23.78320 88.34330 2.04459
C 21.01470 89.61810 1.49962
C 18.09700 90.59290 1.11508
C 23.36000 91.66920 2.02338
C 20.54820 92.91410 1.52394
C 19.82380 71.25630 0.37830
C 20.02510 74.30740 0.19687
C 17.20190 73.15140 -0.38064
C 14.49980 71.76740 -0.84153
C 17.24150 76.25530 -0.89698
C 14.53520 74.82770 -1.49875
C 12.03250 73.80390 -1.76257
C 17.25120 78.29720 -0.54338
C 38.43620 0.44260 1.70583
C 36.51960 0.16321 0.86031
C 39.64340 3.10161 1.92817
C 48.26450 9.41817 2.03275
C 45.27830 9.07048 2.03919
C 42.24890 8.56419 1.73397
C 43.10530 11.59160 1.40217
C 33.81820 -0.38947 2.12683
C 27.99650 0.46116 -0.03983
C 35.88930 3.02634 2.11248
C 37.70010 5.73425 1.27612
C 39.27960 8.51162 1.18375
C 26.35410 8.87871 -0.82183
C 40.93690 11.16700 1.07976
C 39.71830 13.99930 0.19218
C 26.63280 14.47160 -1.08550
C 28.30900 17.34530 -0.82031
C 36.81950 20.09470 -0.25628
C 33.21470 20.11190 -0.49845
C 29.94630 20.10660 -0.58489
C 26.24220 20.56840 -0.37166
C 49.30960 11.14280 1.72812
C 46.16800 12.20180 2.03344
C 43.44910 13.90700 -1.73826
C 42.54230 17.24410 -0.75776
C 40.09760 19.76420 -0.85469
C 40.24940 21.83920 -0.88272
C 47.55260 1.25161 3.50583
C 44.67190 0.96566 3.22775
C 41.65850 0.66491 2.54314
C 49.03810 3.97791 3.10499
C 45.80770 3.70060 3.00961
C 42.79970 3.40118 2.64674
C 47.19380 6.59792 2.56736
C 44.15410 6.14364 2.38740
C 41.00890 5.80121 1.92563
C 30.97930 0.04895 1.10732
C 32.72880 2.67043 1.31252
C 29.69710 3.00557 0.27238
C 26.64480 2.95302 -0.63945
C 34.26650 5.57430 0.92581
C 31.30950 5.71117 0.33145
C 28.15280 5.76265 -0.39764
C 35.94950 8.43599 0.60359
C 32.81430 8.46993 0.17197
C 29.62940 8.63336 -0.31752
C 37.84650 11.22430 0.44322
C 34.56920 11.24460 -0.06299
C 31.24330 11.35310 -0.37981
C 28.02010 11.52540 -0.75526
C 36.20540 13.96960 -0.28891
C 33.02330 14.18080 -0.49263
C 29.89860 14.31180 -0.73802
C 38.04520 16.72800 -0.36744
C 34.65700 17.08140 -0.64672
C 31.57450 17.17760 -0.61086
C 49.21320 14.10300 0.87805
C 46.11620 15.54300 0.30718
C 48.95150 17.22960 -0.09283
C 45.93520 18.58860 -0.66794
C 43.11180 20.58780 -1.16103
C 48.87040 20.34240 -0.89531
C 45.99660 21.92060 -1.43888
H 36.65610 0.93015 3.18551
H 40.81890 4.27496 3.75003
H 37.80590 4.02385 3.13245
H 48.65090 7.91449 4.05328
H 42.25070 7.05104 3.62020
H 46.68440 10.37190 3.48812
H 43.43380 10.03740 3.35407
H 30.56720 95.79050 3.04537
H 27.79080 95.78890 1.46143
H 32.18930 1.26973 3.04284
H 26.02390 1.31681 1.05924
H 33.86990 4.24049 3.00939
H 39.06640 6.87279 3.02019
H 35.84470 6.74483 2.47326
H 40.44630 9.66946 2.97978
H 39.17680 12.48210 2.19144
H 26.44530 12.57380 0.57287
H 40.76830 15.40260 1.45602
H 37.70530 15.00740 1.37214
H 36.42840 17.95460 1.08262
H 26.82550 18.17850 0.45253
H 34.66080 20.98180 0.97091
H 31.52660 20.69840 1.38524
H 28.55100 21.05640 0.63014
H 48.24490 12.99930 2.83951
H 45.29660 14.53100 2.51824
H 43.65460 15.06370 -0.04694
H 42.09930 19.33450 0.38959
H 39.53120 20.90300 1.38379
H 24.84630 95.66270 0.52188
H 47.58150 -0.42892 5.24056
H 44.47210 -0.83848 4.84285
H 41.52640 96.04450 4.05982
H 38.57130 95.74540 3.01176
H 49.01110 2.49372 5.04934
H 45.83150 2.19821 4.94807
H 42.71570 1.76896 4.46792
H 39.61950 1.35843 3.71386
H 47.25540 5.02686 4.42526
H 44.01030 4.68335 4.34198
H 45.38240 7.55154 3.96338
H 29.13990 1.34497 1.98706
H 30.81980 4.12173 2.14574
H 27.76310 4.05874 1.31138
H 32.55260 6.97114 2.10315
H 29.43940 6.91161 1.41332
H 26.27850 6.88978 0.73359
H 37.37290 9.65052 2.26581
H 34.22500 9.67663 1.82445
H 31.05830 9.65577 1.41004
H 27.86230 9.72057 1.02207
H 36.01680 12.39180 1.58445
H 32.78790 12.40580 1.26244
H 29.57780 12.55470 0.91075
H 34.56620 15.22130 1.05555
H 31.39070 15.29950 1.02250
H 28.18520 15.31320 0.70564
H 33.14730 18.08670 1.06965
H 29.90140 18.10500 0.98017
H 47.96140 16.00330 1.84864
H 44.98170 17.58080 1.42754
H 47.77670 19.13590 0.94776
H 45.01010 20.65570 0.42524
H 42.23880 22.42530 0.32294
H 47.73770 22.23410 0.19171
C 38.01560 -0.05640 4.87107
C 34.86910 -0.37775 3.98316
C 39.06340 3.29960 5.12661
C 48.26710 10.09960 5.22817
C 45.09220 9.67467 5.16544
C 41.82620 9.04250 4.92069
C 42.62740 12.02510 4.57532
C 33.41540 0.70785 5.09234
C 27.13810 0.32928 3.00404
C 35.72250 2.96278 3.97575
C 37.23110 6.01187 4.46121
C 38.55240 8.90012 4.29631
C 26.12310 8.66779 2.43719
C 40.47410 11.81040 4.22304
C 39.13980 14.69060 3.35647
C 26.36120 14.49220 2.12850
C 28.22650 17.08810 2.42398
C 37.11510 20.39860 1.66794
C 33.57650 19.97460 2.71250
C 29.59840 19.86290 2.71966
C 26.21420 20.49430 1.53643
C 49.03250 11.95960 4.87864
C 46.06190 12.61970 3.90731
C 42.86040 14.17480 2.34787
C 42.60840 17.05630 1.28234
C 40.58500 19.44370 2.44597
C 40.67670 22.95640 2.13519
C 47.48200 1.52396 6.61438
C 44.14080 1.10805 6.33469
C 40.96100 0.56261 5.62846
C 48.83300 4.58407 6.24666
C 45.60320 4.29172 6.10978
C 42.21350 3.75858 5.71857
C 47.01620 7.08624 5.76401
C 43.68500 6.77507 5.54303
C 40.40800 6.29479 5.02274
C 30.06480 0.64004 4.16783
C 31.93720 3.43849 4.29134
C 28.86560 3.37943 3.39659
C 25.63480 3.17995 2.56350
C 33.87530 6.19188 4.09402
C 30.63490 6.23802 3.44345
C 27.55450 6.03128 2.72262
C 35.49350 8.83949 3.74270
C 32.44250 9.06271 3.38970
C 29.25980 8.87791 2.92291
C 37.29330 11.73890 3.62649
C 34.22230 11.73620 3.17250
C 30.94630 11.67560 2.73271
C 27.81590 11.75030 2.42421
C 35.94070 14.39560 2.94154
C 32.94940 14.37320 2.71686
C 29.65900 14.41950 2.48647
C 38.88810 17.15920 1.33086
C 34.84790 17.17240 2.65580
C 31.52230 17.22990 2.64225
C 48.89590 15.01220 3.95310
C 45.96940 16.20750 3.45145
C 48.75490 18.08500 2.97479
C 45.72800 19.35430 2.48785
C 43.13890 20.88970 1.96942
C 48.55420 21.15850 2.21039
C 45.83710 22.55080 1.73298
C 48.97200 29.84180 -0.39043
C 47.55860 32.59540 -0.50276
C 49.28560 35.36070 -0.70652
C 47.94190 38.12270 -1.32496
C 37.60650 23.43450 -1.38054
C 40.02310 25.85090 -1.01824
C 42.74180 27.23930 -1.80794
C 48.65450 26.83490 -2.15910
C 45.80670 28.94880 -2.29004
C 36.76290 25.44250 -1.58287
C 33.80630 23.85070 -1.13725
C 29.81750 23.27100 0.37355
C 40.44100 29.72950 -1.89992
C 37.42290 28.53660 -1.67950
C 28.29590 25.54060 -1.67705
C 44.05740 33.29620 -1.11577
C 40.91460 33.21160 -1.72131
C 25.60280 27.68570 -1.49172
C 41.71320 36.65920 -1.08607
C 39.03890 38.11700 -1.49734
C 36.90920 40.62470 -1.30054
C 34.43740 42.34010 -1.74689
C 30.92450 41.33300 -1.66286
C 27.68810 40.12410 -2.89215
C 24.42300 39.29390 -3.17065
C 24.14220 42.70140 -3.57136
C 31.37290 44.53440 -1.29415
C 28.23180 44.24530 -1.26104
C 32.58970 47.31760 -1.05672
C 45.63350 35.80500 -0.46389
C 44.42360 38.90660 -1.73535
C 41.39790 40.24060 -1.74733
C 46.80900 40.92540 -2.25047
C 40.73810 43.50650 -1.63883
C 37.65840 44.87720 -2.03146
C 34.86970 45.73040 -0.83340
C 46.44030 44.33490 -2.34126
C 43.06730 23.73370 -1.56925
C 48.73330 23.39990 -1.72276
C 45.78140 24.99530 -2.17953
C 34.38550 27.49560 -1.59202
C 31.31300 26.29980 -1.48893
C 37.81320 31.90370 -1.65352
C 34.90010 30.60640 -1.59298
C 31.65350 29.50560 -1.50740
C 28.82810 28.36860 -1.40017
C 38.43780 34.96450 -1.65083
C 35.47450 33.76080 -1.62388
C 32.45670 32.65980 -1.67582
C 29.24280 31.55950 -1.58512
C 26.17330 30.39370 -1.35380
C 36.06270 36.99210 -1.75140
C 32.98380 35.79460 -1.76184
C 29.84140 34.73390 -1.89954
C 26.81050 33.45820 -1.81610
C 33.59560 39.20800 -1.87648
C 30.62090 37.87650 -2.05604
C 26.83670 36.90090 -1.69667
C 29.55900 47.20700 -0.96831
C 43.68280 42.17200 -2.09166
C 43.46680 45.49280 -1.88066
C 40.60730 46.44920 -1.45450
H 47.56460 30.90420 1.45667
H 49.09590 33.71950 1.17453
H 47.70700 36.65600 0.73221
H 39.37860 23.90530 0.20466
H 42.24080 25.49580 -0.16279
H 40.87510 28.04470 -0.42071
H 47.53520 28.46050 -0.56583
H 44.56750 29.71680 -0.07651
H 38.05090 26.85750 -0.03648
H 35.01170 25.78640 0.15822
H 31.93920 24.60400 0.24354
H 41.57150 31.24100 -0.10239
H 38.59230 30.09600 -0.18987
H 29.57800 26.71510 0.22657
H 26.63610 25.65130 -0.19257
H 42.05000 34.37290 -0.28291
H 39.57270 36.27620 0.03623
H 40.88290 38.65250 0.02537
H 24.63780 33.65110 -0.35532
H 37.61420 41.41680 1.10291
H 31.63240 39.33500 -0.30867
H 28.65680 38.11950 -0.57698
H 24.41230 37.59120 -1.14626
H 35.44220 43.54940 0.16964
H 32.36310 42.57400 -0.32131
H 28.15530 42.53360 -0.26073
H 32.84510 45.41880 0.44805
H 29.74170 45.22840 0.48728
H 45.92920 33.56370 0.64972
H 43.84150 37.36630 0.07021
H 46.29640 39.46850 -0.20928
H 43.31310 40.52670 -0.24944
H 40.43560 41.66880 0.23957
H 38.22940 42.90800 -1.35402
H 45.62380 42.46000 -1.28928
H 44.99070 23.78970 -0.18047
H 47.67860 25.25570 -0.58923
H 44.96920 26.77010 -1.34678
H 35.62110 28.89210 -0.00963
H 32.56850 27.83370 0.04675
H 39.04370 33.21230 -0.04380
H 36.04630 32.05480 0.02501
H 33.01810 30.93360 -0.02046
H 29.94090 29.94410 0.14254
H 27.03890 28.74920 0.25245
H 36.59820 35.23570 -0.06523
H 33.63390 34.11210 -0.04217
H 30.54980 33.06320 -0.16177
H 27.42670 31.92250 0.10702
H 37.11290 38.48680 -0.04083
H 34.12870 37.37110 -0.29797
H 31.06840 36.21050 -0.26510
H 27.95330 35.03370 -0.32131
H 34.75420 40.47610 -0.17059
H 26.60480 45.11710 0.49069
H 42.81400 43.72330 -0.35729
H 39.99490 44.81520 0.34710
H 37.07090 46.13170 0.10498
H 45.41700 45.81330 -0.46160
H 42.52560 46.83100 -0.01096
C 48.95930 30.08150 2.75121
C 47.04860 33.14300 2.58621
C 49.08240 35.86450 2.42573
C 47.53940 38.85730 1.84827
C 37.71760 23.88960 1.97891
C 40.15560 26.12970 0.90882
C 43.19190 27.69470 0.24641
C 47.57760 27.03790 1.19117
C 45.91570 29.79660 0.85983
C 36.91810 25.68510 1.77743
C 34.29390 23.53480 0.83150
C 31.32650 22.75580 2.06664
C 40.62010 29.81810 1.28038
C 37.55420 28.67480 1.51534
C 28.58380 24.85340 1.45854
C 43.86620 32.12390 0.54352
C 40.96030 33.11140 1.54158
C 26.18630 27.18780 1.94010
C 41.81820 36.54510 0.93848
C 38.95250 38.17210 1.48700
C 36.35230 40.13840 1.73606
C 33.99220 42.07430 1.53960
C 30.26600 41.24080 0.17376
C 28.12000 40.14630 -1.09908
C 23.33540 38.84600 -0.01789
C 25.73630 41.86900 -0.45871
C 31.41850 43.87860 1.63315
C 28.24020 43.84820 1.91892
C 32.70790 47.09340 2.19666
C 45.44630 35.88690 1.36564
C 44.39030 39.06590 1.42248
C 41.92160 40.09700 1.70213
C 46.38050 41.62600 0.85402
C 41.53270 43.53680 1.75264
C 37.76780 43.97350 0.95521
C 35.07280 45.61750 1.39971
C 47.16680 44.30310 -0.52949
C 43.34750 24.20990 1.54725
C 48.51180 24.16950 1.41500
C 45.78680 25.91330 0.79494
C 34.41520 27.52430 1.69512
C 31.52430 26.26510 1.73726
C 37.87040 31.76260 1.50891
C 34.86690 30.59200 1.59048
C 31.85980 29.52360 1.65247
C 28.90550 28.40030 1.80294
C 38.36370 34.89870 1.59407
C 35.39810 33.83250 1.58517
C 32.41100 32.76310 1.55794
C 29.37170 31.80740 1.62994
C 26.48960 30.48740 1.88277
C 35.77950 37.01700 1.46600
C 32.85930 35.99160 1.36691
C 29.76960 34.88020 1.38604
C 26.53330 33.85890 1.42541
C 33.23790 39.09720 1.27927
C 29.96880 38.02870 1.09683
C 26.51320 37.01140 0.14186
C 29.63000 46.91420 2.28939
C 44.44320 42.31110 0.82494
C 43.75640 45.25270 1.31795
C 40.83660 46.65450 1.74989
H 37.14080 59.92290 0.15393
H 34.59330 58.37340 0.08095
H 40.23060 63.30070 0.13007
H 37.16490 62.72080 -0.07889
H 44.41050 67.77730 0.21112
H 40.91050 66.49660 0.23944
H 29.12460 62.22800 0.35325
H 44.57400 70.89460 0.53387
H 25.23760 64.85640 -0.41435
H 26.31880 68.32030 -0.59523
H 27.58380 71.18190 0.16993
H 34.35700 61.41020 0.02938
H 37.88800 65.60580 -0.20290
H 34.74710 64.66010 -0.09344
H 31.88430 63.50340 0.11200
H 41.69240 69.66690 -0.11027
H 38.63960 68.69870 -0.16985
H 35.47070 67.73420 -0.19995
H 32.24180 66.72220 0.02134
H 29.31100 65.30770 -0.28330
H 36.14960 70.83870 -0.12404
H 33.10830 69.86100 -0.08682
H 30.00160 69.02600 -0.26048
C 47.81760 65.72850 -2.79462
C 49.10250 69.09270 -0.54169
C 34.81260 49.97030 -0.29747
C 35.90600 53.11270 -1.51406
C 33.67270 56.07110 0.67295
C 31.45230 55.47130 -0.54460
C 30.06380 58.44700 -0.53749
C 27.98140 60.87260 -1.46833
C 24.94330 60.66830 -1.74220
C 36.74370 57.98800 -1.22661
C 39.11100 61.19420 -0.34183
C 36.11900 61.16320 -1.64239
C 33.26260 59.82020 -1.49243
C 43.12130 65.86000 -0.90450
C 39.85840 65.13060 -1.58325
C 30.84030 61.89990 -1.47242
C 43.75630 69.71100 -1.46427
C 27.48440 64.24820 -1.53123
C 25.34920 66.93020 -2.03882
C 26.17650 70.37950 -1.88117
C 37.67670 48.02320 -1.32765
C 37.70090 51.07020 -1.08244
C 37.20130 54.57620 -1.44694
C 39.84050 56.22460 -1.41444
C 42.15220 58.50700 -1.30238
C 47.99980 58.75970 -1.04887
C 42.14260 61.99430 -1.04196
C 47.20420 62.03140 -0.87664
C 45.50240 63.17110 -0.93505
C 26.43800 46.96350 -1.04413
C 31.13590 49.88440 -0.97051
C 27.96980 49.80680 -0.84249
C 24.95850 49.75030 -0.95413
C 32.79670 52.68290 -0.93020
C 29.58260 52.60140 -0.89159
C 26.48590 52.49630 -0.95881
C 28.14490 55.30320 -1.06468
C 24.85940 55.29800 -1.33834
C 26.49520 58.05350 -1.44883
C 36.44700 64.34580 -1.76245
C 33.63140 63.11330 -1.54822
C 40.54100 68.12910 -1.63360
C 37.30970 67.38860 -1.80379
C 34.04320 66.34710 -1.67623
C 31.04540 65.14910 -1.59816
C 37.92550 70.40310 -1.76501
C 34.91530 69.55780 -1.77591
C 31.60910 68.51610 -1.64074
C 28.53320 67.41280 -1.38973
C 32.58830 71.64230 -1.63782
C 29.23220 70.90130 -1.73695
C 46.24460 47.73950 -1.81056
C 43.32670 48.58130 -1.51037
C 40.51860 49.69850 -1.46450
C 46.30450 50.67220 -1.24742
C 43.25160 51.66510 -1.33312
C 40.17510 53.22370 -1.43095
C 45.72870 53.72500 -1.21640
C 42.77140 55.06040 -1.33087
C 48.50620 55.71560 -1.04837
C 45.27930 56.93420 -1.26159
C 44.88100 60.07220 -1.14992
H 47.59730 64.63090 -0.93755
H 49.14260 66.95780 0.94341
H 47.20290 69.34890 0.72909
H 34.34900 47.74030 0.50591
H 32.68020 50.73810 0.71005
H 34.29640 53.61150 0.47120
H 32.19020 57.64510 1.92247
H 31.50850 60.23490 0.19968
H 27.84630 59.13560 0.30716
H 26.25520 61.78390 0.02275
H 36.98750 49.35220 0.64020
H 48.04930 47.79600 -0.11104
H 39.48620 51.37520 0.04232
H 39.06770 54.61430 0.28875
H 36.21540 55.98910 0.28494
H 38.74130 57.71110 0.32329
H 41.30040 60.00520 0.04358
H 46.68980 60.14280 0.48645
H 44.11430 61.73110 0.51569
H 31.09370 48.05640 0.70959
H 27.98770 47.91810 0.77710
H 29.53120 50.76750 0.68814
H 26.37130 50.74140 0.77738
H 31.11910 53.52050 0.85824
H 27.94600 53.60230 0.64371
H 24.75240 53.53010 0.45056
H 29.48460 56.39280 0.69864
H 26.29620 56.29670 0.26777
H 24.69170 58.94900 -0.05740
H 39.68040 48.04900 0.08308
H 45.19370 48.90720 0.06777
H 42.30410 50.04860 0.19167
H 47.98870 50.81640 0.48772
H 44.99030 51.98850 0.37565
H 42.07010 53.22300 0.13960
H 47.52820 53.92610 0.48254
H 44.56700 55.21200 0.30965
H 41.63150 56.58100 0.24039
H 47.02540 57.09070 0.47771
H 44.03390 58.35460 0.35270
C 46.77150 66.81290 0.18317
C 48.64820 68.58220 2.78552
C 34.80880 49.86620 1.59790
C 36.08280 52.85370 2.18628
C 32.86840 57.70340 4.00648
C 30.96260 55.41780 2.45664
C 30.00540 58.69740 1.38724
C 27.64120 60.96740 1.91990
C 24.60040 60.81130 1.54142
C 36.59550 58.13100 1.65881
C 39.22120 59.91570 1.34970
C 36.09350 61.42730 1.72308
C 33.45340 59.89330 1.70365
C 43.04090 65.55350 0.90847
C 39.54950 64.79150 1.60537
C 30.99240 61.99790 1.89340
C 43.39660 68.96690 1.69890
C 27.36080 63.88890 0.47744
C 24.98880 66.79720 1.05635
C 25.56130 70.03330 1.20484
C 37.97010 47.35060 1.74085
C 38.35200 50.50500 2.12717
C 37.25450 54.59910 2.09097
C 39.91270 56.20240 1.98862
C 42.04280 58.49980 1.81951
C 47.74350 58.73840 2.15555
C 41.87810 62.35600 0.83608
C 47.11510 61.77420 2.28658
C 45.35600 63.00410 2.20578
C 26.37440 46.89630 2.23232
C 31.05250 49.83910 2.34740
C 27.92420 49.80620 2.29017
C 24.58880 49.81940 2.16238
C 32.85220 52.57510 2.39933
C 29.39460 52.53340 2.33350
C 26.26310 52.69180 2.22139
C 27.73570 55.50290 2.14897
C 24.56220 55.54240 1.87234
C 26.12810 58.22650 1.77777
C 36.54010 64.47680 1.52698
C 33.76960 63.22180 1.57839
C 40.44670 68.33970 1.59131
C 37.32170 67.36340 1.42242
C 34.15330 66.41680 1.48140
C 30.92680 65.25280 1.57754
C 38.01740 70.52050 1.39782
C 34.92220 69.42010 1.49279
C 31.69780 68.58300 1.51506
C 28.33810 67.40250 0.60704
C 32.46350 71.61370 1.50316
C 29.19520 70.73790 1.42022
C 46.24270 47.15470 1.44132
C 43.37090 48.42400 1.65109
C 40.27420 49.73450 1.68888
C 45.98930 50.38900 1.89102
C 43.00630 51.76230 1.84865
C 40.14450 53.09220 1.74153
C 45.62260 53.74350 1.96594
C 42.65410 54.94800 1.74806
C 48.20980 55.65230 2.12557
C 45.08870 56.83840 1.98318
C 44.77350 59.88550 2.06532
H 42.16090 72.80790 -0.59659
H 39.79830 75.05740 -0.36922
H 37.51460 77.06020 1.02581
H 26.05720 72.98240 -1.89249
H 34.90270 79.04800 1.77250
H 32.05670 78.18490 0.51598
H 29.23450 77.37330 -0.65184
H 26.31010 76.07760 -1.26278
H 39.25940 71.84330 -0.25933
H 36.85860 73.86130 0.06386
H 33.78950 73.01390 0.02393
H 30.67740 72.06360 -0.15532
H 34.48460 76.13420 0.31597
H 31.46190 75.15930 -0.06393
H 28.42820 74.33840 -0.28869
C 44.02800 89.36790 2.58612
C 37.18860 89.29630 1.20926
C 48.19690 93.10080 3.77016
C 45.30290 91.94410 4.42182
C 42.58920 92.38910 2.28554
C 39.67700 92.02930 1.14029
C 35.68190 92.10200 0.50229
C 34.48630 93.88880 0.59777
C 46.09630 74.56960 1.86582
C 43.07810 75.80810 3.32051
C 41.20150 78.07490 1.32091
C 39.08770 80.35260 0.05166
C 38.98950 83.38370 0.58412
C 38.82710 86.63150 1.33048
C 40.76380 88.62400 3.17976
C 46.86260 87.92280 2.82116
C 46.70820 71.65930 -0.42974
C 30.08230 95.49360 0.58926
C 25.95020 78.49810 -0.83260
C 30.32540 79.62680 -0.49142
C 28.17090 80.61080 -0.40756
C 35.61550 83.01390 1.85555
C 33.21400 84.81550 0.81348
C 35.88180 86.31350 1.29755
C 32.83860 88.01490 0.75547
C 32.42740 91.36700 1.74270
C 29.65970 92.36800 0.87734
C 44.00750 72.18670 -1.62660
C 41.63350 74.74140 -2.06731
C 38.79620 76.82570 -1.35486
C 26.05730 74.49550 -3.22430
C 37.08830 79.40300 0.27574
C 31.53750 77.05290 -1.60141
C 28.58840 75.87790 -2.36610
C 46.36550 95.57740 3.56415
C 43.53280 95.27050 2.85380
C 40.61790 95.10710 1.93638
C 37.84960 94.75960 0.87458
C 46.51520 78.06470 2.13958
C 44.04200 79.76050 1.91124
C 41.56890 81.62220 1.33006
C 46.79900 81.47240 2.42387
C 44.15070 83.18330 2.09852
C 41.41040 85.03140 1.72853
C 46.73240 84.84660 2.54610
C 43.96780 86.33620 2.33926
C 25.58140 81.89730 -0.90014
C 30.82090 82.77280 0.17732
C 27.82330 83.93250 -0.25722
C 25.13680 85.28680 -0.96214
C 30.27370 86.00730 0.27284
C 27.42890 87.16070 -0.25463
C 29.80540 89.15170 0.33401
C 26.92860 90.55750 -0.30601
C 26.70120 94.09810 0.13302
C 40.90170 71.15360 -1.94615
C 38.43470 73.56530 -1.78085
C 35.55620 72.67860 -1.66353
C 36.51980 75.96050 -1.07786
C 33.47160 74.92640 -1.45891
C 30.45780 73.91450 -1.77999
C 34.22830 78.36960 -0.65662
H 42.13670 90.56250 3.91538
H 38.88760 90.24780 2.84891
H 46.45470 93.91540 5.32641
H 37.46960 92.95180 2.01399
H 33.47910 93.35560 2.97231
H 35.66510 95.49900 1.88222
H 45.58690 76.55520 3.42852
H 42.75370 78.28110 3.39517
H 40.23450 79.98650 2.29231
H 37.57130 81.53150 1.68372
H 48.25550 78.24050 4.09846
H 37.51060 84.67260 2.04731
H 37.24770 87.46940 2.95988
H 40.10130 86.21980 3.40918
H 45.33020 89.43830 4.33248
H 47.51500 91.15100 5.21506
H 47.14710 72.27080 2.01414
H 25.08350 76.93590 0.91811
H 27.41270 78.88800 1.19411
H 29.77100 81.02410 1.51785
H 32.19600 83.01270 2.23787
H 34.57960 84.94480 2.99546
H 34.34070 88.11770 2.41488
H 31.31530 89.33060 2.28432
H 28.32540 90.38950 1.81844
H 25.55870 91.92660 0.79609
H 30.41200 92.53450 2.91306
H 43.38600 93.44840 4.36678
H 40.41120 93.07400 3.27632
H 45.64550 79.83360 3.79602
H 42.99940 81.44190 3.40912
H 40.23020 83.13930 2.74452
H 48.48450 81.46980 4.24191
H 45.76810 83.08730 4.00086
H 42.90510 84.62720 3.66203
H 48.50200 84.67990 4.33818
H 45.59710 86.23780 4.18824
H 42.81440 87.67810 4.03045
H 48.34210 88.00560 4.60079
H 26.91900 82.10520 1.15166
H 29.35570 84.18130 1.58360
H 26.40150 85.39230 1.17598
H 31.77300 86.20780 2.18978
H 28.85700 87.37360 1.74906
H 25.97060 88.63520 1.01733
C 43.20770 89.32060 5.83299
C 36.26280 89.70280 2.96051
C 48.16710 92.90910 6.78513
C 44.67270 92.53360 6.28025
C 41.44950 92.19070 5.38464
C 38.39880 91.88970 4.22494
C 35.16190 93.20670 4.78974
C 31.98220 94.46190 3.47738
C 46.69450 74.34510 3.60296
C 43.56110 76.47990 5.04673
C 40.76620 78.65650 4.45263
C 38.00900 79.90720 3.47467
C 38.05410 82.99500 3.78579
C 37.98450 85.54870 4.31086
C 40.57740 87.86830 5.01371
C 46.31390 87.68810 6.05510
C 45.88640 70.59570 2.72226
C 28.83160 94.49970 3.36781
C 25.23090 78.82130 2.49154
C 31.64170 79.86600 2.30835
C 27.77870 80.71370 2.97802
C 33.44160 80.94870 2.57667
C 32.77510 84.75340 3.99720
C 35.37470 86.80460 4.44604
C 32.32210 87.83710 3.98601
C 32.19950 91.16390 3.78991
C 28.82030 91.13560 4.14664
C 43.45320 72.63320 1.59505
C 42.27090 75.30740 -0.27523
C 39.78800 76.46120 1.80551
C 26.31650 73.33560 0.65980
C 36.83230 78.22900 3.23546
C 30.57400 76.87330 1.47451
C 27.52660 76.36710 0.88611
C 45.93540 95.84300 6.70527
C 42.71130 95.17730 5.98094
C 39.64520 94.73220 4.90904
C 36.58720 94.42450 3.86041
C 46.44830 78.06060 5.40901
C 43.66400 79.82920 5.22288
C 40.81680 81.27940 4.33170
C 46.45600 81.33700 5.60115
C 43.66420 82.94650 5.27000
C 40.82840 84.32030 4.82454
C 46.46670 84.67330 5.81620
C 43.60620 85.98960 5.57988
C 24.61980 81.93930 2.13251
C 30.39250 82.72880 3.33513
C 27.26010 83.81780 2.85978
C 24.09560 85.14760 2.06875
C 29.69820 85.81410 3.39758
C 26.66060 87.10030 2.85800
C 29.33390 89.00270 3.61503
C 26.03980 90.40990 2.75307
C 26.01940 94.07200 1.95714
C 41.15990 71.53390 1.31368
C 38.85040 73.60410 1.42901
C 35.55270 72.49140 1.60982
C 36.21690 75.37290 1.98656
C 33.08050 74.64930 1.67087
C 30.13740 73.82040 1.50280
C 33.73550 77.51650 2.29185
C 54.62860 95.72150 3.56085
C 51.82830 95.29140 5.09312
C 49.38640 96.24290 3.73209
C 55.30470 4.15623 3.04928
C 52.35330 4.27156 3.20131
C 50.37500 6.80588 2.58959
C 59.76200 0.47776 2.41160
C 58.60330 3.55180 2.44520
C 57.38900 6.60819 2.54875
C 60.04490 7.87881 1.59341
C 73.37710 9.99746 -1.41895
C 68.22460 10.38990 -0.33800
C 65.18240 10.90970 1.36685
C 61.39110 11.10880 1.18845
C 71.14210 13.23580 -0.58484
C 68.00340 12.44350 -0.02608
C 66.14710 14.75640 0.30102
C 63.20880 14.05870 0.40635
C 63.51650 17.34190 1.31090
C 61.58010 19.88630 0.78556
C 63.18320 22.42590 0.04684
C 60.36740 22.54060 0.57652
C 54.15850 7.57213 3.34294
C 52.06800 9.63907 2.29280
C 57.73350 9.83684 3.88374
C 57.46370 12.93270 2.02196
C 60.15850 13.91800 0.68003
C 60.35930 17.08320 0.94898
C 57.30770 18.92710 -0.22761
C 57.49830 22.88360 0.33128
C 56.57430 1.19007 2.85581
C 53.52490 1.20230 3.49896
C 50.64900 1.37343 3.69142
C 69.05700 95.43760 1.47342
C 66.03910 96.18120 1.89555
C 62.93290 -0.36430 2.11381
C 71.11250 0.49797 0.86170
C 68.06710 1.21232 1.36360
C 64.98370 2.05453 1.65563
C 61.82060 2.80868 2.05029
C 70.46060 3.60687 1.02883
C 67.23070 4.41590 1.32105
C 64.08670 5.09159 1.65684
C 60.81550 5.92502 2.10296
C 72.78690 6.13799 0.76963
C 69.53340 6.33614 0.84523
C 66.49580 7.31406 1.13007
C 63.31520 7.96229 1.35417
C 72.64530 16.20940 -0.34683
C 69.25130 15.44720 0.01511
C 70.40950 18.44550 -0.12594
C 67.12460 17.78640 0.22671
C 71.50000 21.32310 -0.53688
C 68.35990 20.59060 -0.28861
C 65.03560 19.95020 0.18321
C 54.88000 11.15240 2.23048
C 52.02610 12.62540 1.55342
C 54.79820 14.29510 1.34400
C 51.82930 15.74390 0.58532
C 57.55400 15.87570 1.25926
C 54.49730 17.41860 0.22022
C 51.69180 19.00270 -0.28934
C 54.56260 20.65790 -0.52273
C 51.79860 21.98110 -1.00380
H 56.61140 -0.61997 4.46053
H 53.57620 -0.31685 5.42730
H 55.34040 2.30563 4.73759
H 53.90960 5.47112 4.72675
H 51.87090 8.00840 4.09335
H 59.60710 95.99970 4.07484
H 58.57470 1.74381 4.12428
H 57.38520 4.75163 4.23011
H 59.46510 7.02721 3.87001
H 56.34160 7.84160 4.43592
H 71.24110 7.20802 2.46851
H 68.12810 7.79453 2.37814
H 64.95340 8.76722 2.61220
H 61.66790 9.24375 2.88707
H 71.96770 11.30780 0.29356
H 72.76980 14.18860 1.08037
H 69.66960 13.49750 1.46942
H 66.50890 12.89200 1.94438
H 64.56430 15.30140 2.06975
H 61.69540 18.30740 2.59096
H 60.58320 21.23330 2.78767
H 53.84660 9.92449 3.94966
H 51.02010 11.50780 3.50780
H 56.40780 11.93470 4.12295
H 59.11780 13.34630 3.01578
H 61.48990 15.13640 1.85334
H 59.01830 16.75810 3.04699
H 59.08500 19.27350 1.11659
H 56.23260 20.93760 0.91630
H 53.42830 22.50530 0.77104
H 50.56740 -0.07900 5.59771
H 52.22430 2.63599 5.06828
H 50.48790 5.28385 4.56024
H 71.07010 96.08310 2.61830
H 67.97040 -0.40307 3.15498
H 64.86630 0.36628 3.43070
H 61.73210 1.02188 3.73387
H 70.07740 1.83143 2.69971
H 66.92030 2.68796 2.97021
H 63.77310 3.35828 3.35756
H 60.58290 4.04747 3.79599
H 72.40860 4.24102 2.32512
H 69.16760 4.84399 2.74594
H 65.95360 5.68843 2.99052
H 62.84750 6.41045 3.33686
H 63.24320 12.40860 2.22075
H 70.88050 16.57620 1.46070
H 67.65980 15.98390 1.83688
H 71.95910 19.69530 1.31040
H 68.76700 19.03340 1.62524
H 65.58570 18.45470 2.03492
H 69.80040 22.07420 0.99678
H 66.65910 21.45030 1.23217
H 63.51030 20.89770 1.88105
H 53.70280 13.13350 3.20323
H 50.92620 14.60780 2.58463
H 56.37570 14.91350 3.13889
H 53.61700 16.25400 2.22760
H 50.75470 17.66270 1.55839
H 56.30710 17.84160 1.84104
H 53.50870 19.36880 1.34819
H 50.55760 20.87470 0.84912
C 55.27960 -0.99416 6.57641
C 52.07800 95.91120 6.91192
C 49.02690 96.08180 7.07368
C 55.68500 4.38188 6.06622
C 52.36280 4.87748 6.20972
C 50.27500 7.37602 5.84540
C 60.21870 0.55719 5.54350
C 59.04820 3.59487 5.71119
C 57.80850 6.73578 5.77175
C 59.97120 9.03065 4.82686
C 70.98620 9.43173 1.45274
C 68.91380 10.00090 1.81875
C 65.12780 11.18480 3.25308
C 60.95120 11.57310 3.07529
C 71.36490 12.68570 2.50780
C 68.22350 12.45760 3.34634
C 66.36820 14.79820 3.63432
C 62.99820 14.11860 3.65713
C 63.80500 17.33090 3.24800
C 62.47060 20.16830 4.03417
C 63.70080 22.95510 3.16565
C 60.70550 23.60620 3.62723
C 54.00590 7.88485 5.31803
C 51.82330 10.19200 5.34878
C 56.97510 10.03240 5.58922
C 57.58180 13.93520 5.03714
C 60.28140 15.41230 4.10334
C 59.59450 19.04310 3.62565
C 57.26960 19.75930 2.86696
C 57.25760 22.85070 2.33042
C 57.09710 1.22551 6.03539
C 53.87820 1.74727 6.66448
C 50.62560 1.98393 6.79381
C 69.58860 95.68560 4.54654
C 66.41700 -0.69703 5.00161
C 63.34660 0.00542 5.26637
C 71.79130 0.70470 4.03723
C 68.42790 1.59963 4.51150
C 65.41480 2.31548 4.81952
C 62.27150 2.91483 5.20702
C 70.79900 3.73141 4.14956
C 67.48500 4.54510 4.49840
C 64.35720 5.26088 4.81632
C 61.22680 5.99462 5.18401
C 72.97890 6.09473 4.02607
C 69.54440 6.77519 4.23994
C 66.40490 7.74811 4.28128
C 63.17670 8.57471 4.51401
C 72.74630 15.77270 2.91013
C 69.61070 15.26610 3.17064
C 70.66300 18.45280 3.02428
C 67.51310 17.91840 3.43372
C 71.55900 21.62600 2.66812
C 68.51900 21.09350 2.84581
C 65.54780 20.39870 3.20069
C 54.25720 11.95560 5.29935
C 51.70910 13.60320 4.63647
C 54.30870 15.21080 4.36612
C 51.64120 16.68790 3.64927
C 56.85480 17.08520 4.13649
C 54.37590 18.23030 3.35383
C 51.51820 19.72490 2.78344
C 54.45540 21.28090 2.61691
C 51.35540 22.88560 2.01038
C 73.65190 27.50260 -1.03686
C 63.18490 25.52640 0.35418
C 70.90270 28.67110 -1.83841
C 67.66110 28.56690 -1.56187
C 64.54400 28.56650 -0.91647
C 59.76900 25.76980 -0.04397
C 56.65470 26.41570 -0.53773
C 53.56490 27.31170 -0.89597
C 61.69320 28.58320 -0.35020
C 52.21430 30.07300 -0.78306
C 63.42610 31.50430 -0.64032
C 65.67190 34.37990 -0.45871
C 64.22590 37.28710 -0.42756
C 62.78650 40.10150 -0.34180
C 50.03060 40.82440 -1.57995
C 61.39000 42.96560 -0.38633
C 58.31390 43.09880 -0.55234
C 51.90380 43.62310 -2.15716
C 56.99640 46.33830 0.11697
C 53.72640 46.39970 -0.66874
C 51.55010 24.83280 -2.14821
C 70.80340 31.76010 -0.62725
C 68.12280 31.38380 -2.44283
C 69.36070 34.16230 -0.47518
C 67.47970 37.10330 -0.57111
C 66.04090 39.99160 -0.45586
C 64.41680 42.80770 -0.41218
C 62.98010 45.55940 -0.27908
C 50.14710 44.05290 -3.15047
C 72.50480 24.31070 -0.89328
C 69.43050 23.63640 -0.84867
C 66.08970 23.01690 -0.56651
C 70.27550 26.85620 -1.13293
C 66.76950 26.05470 -0.78306
C 58.56280 29.14210 -0.39232
C 55.37730 29.73650 -0.62260
C 60.40320 31.71640 -0.51135
C 57.15170 32.19780 -0.50577
C 54.00200 32.58220 -0.52183
C 50.67050 32.80840 -0.54551
C 62.29170 34.49510 -0.46234
C 59.07870 34.84930 -0.43432
C 55.96920 35.13570 -0.47592
C 52.65110 35.42020 -0.68058
C 61.03700 37.52290 -0.40909
C 57.87650 37.63760 -0.47458
C 54.50910 37.80600 -0.77347
C 51.19880 38.08080 -1.04458
C 59.62670 40.23340 -0.40898
C 56.52260 40.49490 -0.65862
C 53.46810 40.65400 -1.28425
C 54.94440 43.46960 -0.77906
C 54.48170 24.06160 -0.68614
C 72.57850 34.72490 -1.10103
C 70.75700 37.26840 -0.65798
C 72.42950 39.94920 -0.67306
C 69.20810 39.94240 -0.57722
C 70.80160 42.61310 -0.67539
C 67.64080 42.79120 -0.49756
C 72.50510 45.39300 -0.79088
C 69.44360 45.51400 -0.68672
C 66.17610 45.67260 -0.47719
H 64.68090 23.91250 1.18436
H 62.07130 23.85800 1.65090
H 71.74140 28.12610 0.45492
H 65.10970 26.96710 0.75744
H 69.35630 30.08000 -0.70943
H 66.43320 29.77460 0.17388
H 59.11220 24.27080 1.81341
H 56.05560 24.73070 1.18845
H 61.48450 26.94250 1.35236
H 55.14750 27.79040 0.82977
H 51.98000 28.22880 0.82337
H 63.41030 29.69840 1.04685
H 50.65920 30.89340 0.97173
H 65.09280 32.36130 1.05469
H 64.10190 35.36840 1.15877
H 62.66740 38.23810 1.30846
H 49.45400 39.26790 0.33170
H 61.21810 41.09860 1.25830
H 51.83590 41.84720 -0.48973
H 59.84840 44.00690 1.44843
H 56.65040 44.03830 0.91725
H 53.51180 44.50160 0.94762
H 53.06370 25.52970 0.69112
H 51.26400 26.50990 -1.69060
H 72.63620 32.65020 0.24792
H 69.61910 32.58250 1.43562
H 67.44110 32.58600 -0.85649
H 67.59830 35.29930 0.93783
H 65.93070 38.12520 1.14292
H 64.47380 40.95940 1.21218
H 62.98960 43.68630 1.39444
H 49.60900 44.04810 -0.76058
H 72.89890 22.70760 0.91860
H 70.75650 25.11610 0.59825
H 67.69600 24.33870 0.69436
H 68.48680 27.33260 0.34154
H 58.25840 27.28830 1.24616
H 60.23770 29.94480 1.22317
H 57.03140 30.32110 1.13061
H 53.77680 30.70500 0.99380
H 62.06280 32.61300 1.12882
H 58.93730 32.89690 1.12560
H 55.69550 33.28220 1.15006
H 52.33390 33.62330 1.03885
H 60.77270 35.60280 1.15074
H 57.55810 35.90480 1.25925
H 54.28010 36.13690 1.05227
H 50.94720 36.43760 0.78222
H 59.42800 38.44290 1.18930
H 56.09200 38.67880 0.89600
H 52.81620 39.02450 0.54682
H 58.01590 41.28950 1.13602
H 54.75580 41.50740 0.68518
H 50.46850 23.82790 -0.07638
H 70.96190 35.35080 0.86968
H 72.46170 38.09750 0.88353
H 69.15880 38.11760 1.04159
H 70.86640 40.81310 1.02611
H 67.68960 40.94300 1.11383
H 72.55770 43.53330 0.84349
H 69.37640 43.65120 0.96472
H 66.06980 43.78010 1.19774
C 73.61990 27.78060 2.03775
C 63.46770 25.77770 2.09583
C 71.93830 30.35730 1.15987
C 68.56450 29.46570 1.45726
C 65.42360 28.90130 2.24428
C 59.74620 26.37230 3.02419
C 56.37320 26.69350 2.65126
C 53.46370 27.14510 2.47526
C 61.86890 28.91070 2.81994
C 52.09740 29.90010 2.66572
C 63.47070 31.41300 2.79397
C 65.96680 34.31220 2.50732
C 64.35230 37.20230 2.86445
C 62.80040 40.14330 2.86029
C 49.38200 41.75550 0.18763
C 61.16460 42.95880 2.96304
C 57.88440 43.07490 2.84281
C 51.61940 44.08910 0.72427
C 56.94340 46.27000 1.99298
C 53.34900 46.30510 2.67625
C 50.72040 26.13070 0.79841
C 70.80060 31.08780 2.88292
C 67.46050 31.62720 1.51772
C 69.40660 34.43670 2.57240
C 67.61250 37.01680 2.67023
C 66.09720 39.94810 2.74931
C 64.61530 42.73900 2.92171
C 63.03270 45.65310 2.93681
C 49.23770 46.34320 -0.27193
C 72.44220 24.65050 2.31761
C 69.41480 24.05450 2.37227
C 66.50780 23.47070 2.65134
C 70.32570 27.14370 1.98968
C 67.17760 26.32980 2.01800
C 58.49160 29.23110 2.81962
C 55.22660 29.53280 2.55998
C 60.40560 31.86360 2.80673
C 57.20670 32.14540 2.76613
C 53.86780 32.55740 2.65243
C 50.55480 32.82340 2.60613
C 62.34250 34.50390 2.73907
C 59.04520 34.73730 2.79074
C 55.76080 35.17100 2.78937
C 52.37510 35.54000 2.58297
C 60.90700 37.43170 2.88568
C 57.53900 37.90970 2.67874
C 54.14650 38.27330 2.40445
C 50.71640 38.65230 1.97636
C 59.48460 40.30300 2.82324
C 56.05640 40.58270 2.50677
C 52.54780 41.17160 1.72734
C 54.62030 43.39650 2.34260
C 54.21550 24.22530 2.46885
C 72.43560 34.01120 2.31406
C 70.89300 37.15070 2.50282
C 72.61770 39.94850 2.48325
C 69.27380 39.94920 2.67882
C 70.96550 42.67230 2.56804
C 67.78360 42.80090 2.66683
C 72.65940 45.29440 2.53365
C 69.33240 45.48390 2.56821
C 66.17530 45.73090 2.65584
C 53.19280 60.29910 -0.64563
C 50.42680 60.97100 -0.78854
C 59.44950 64.47590 0.47487
C 56.15160 63.97070 0.07289
C 49.94490 63.78280 -1.13143
C 60.51270 67.61370 0.79753
C 64.98480 71.31250 1.52388
C 61.81690 70.55550 1.10183
C 67.31110 48.78310 0.08620
C 63.77290 48.55980 -0.20287
C 72.41010 51.05150 -0.53570
C 69.44520 52.76330 0.83015
C 73.64120 53.99190 1.71216
C 73.40950 67.84920 0.93545
C 52.02390 47.53360 -1.12945
C 52.33760 51.17290 -0.35547
C 51.45310 54.39470 -0.98305
C 51.27780 57.76170 -0.76851
C 60.34230 47.14740 -0.26705
C 64.61640 51.33100 0.69845
C 61.37920 50.76340 -0.15787
C 58.20090 49.86870 -0.58110
C 70.06230 55.58030 2.78902
C 67.51300 53.48210 3.76325
C 65.22310 54.42600 1.30512
C 55.91250 52.34280 -0.72234
C 72.46010 58.32600 2.83318
C 53.56670 54.53180 -0.80159
C 57.59600 58.56900 -0.07466
C 54.66740 57.73430 -0.35891
C 62.02080 61.92560 0.64007
C 59.04340 61.30390 -0.02696
C 71.79290 66.54520 1.11166
C 62.85400 65.06990 0.87907
C 70.58540 69.78160 2.00005
C 67.02870 68.89000 1.41540
C 63.82160 68.17060 1.15160
C 52.93670 63.38880 -0.18706
C 57.51330 66.93680 0.47218
C 54.24880 66.74730 0.05485
C 51.16540 66.69980 -0.43150
C 58.53080 70.07020 0.86275
C 55.38870 69.65780 0.55029
C 52.32310 69.46400 0.11058
C 70.88100 48.36500 -0.51338
C 49.42510 49.60320 -1.19373
C 48.90900 52.55910 -1.08634
C 55.06050 49.31230 -0.65871
C 62.18790 53.66190 0.44167
C 59.11500 53.00890 -0.26800
C 69.16310 57.51050 2.73331
C 66.25860 57.14430 1.75047
C 63.11940 56.62630 0.83178
C 59.90590 55.99720 0.12989
C 56.76010 55.40380 -0.41543
C 70.26610 60.61070 2.23053
C 67.15230 59.98180 1.78129
C 64.12490 59.58850 1.15226
C 61.03970 59.07280 0.39094
C 70.94300 63.63230 1.47463
C 67.98100 63.02790 1.66539
C 65.02340 62.59400 1.21675
C 68.82570 66.18910 1.43688
C 65.93310 65.60560 1.36883
H 72.10720 56.18230 4.15526
H 54.81770 61.87970 0.49028
H 51.94590 61.54180 1.09181
H 48.98960 62.34270 0.71009
H 60.83340 65.60110 2.23886
H 57.53510 64.93210 1.99354
H 61.89300 68.63900 2.61253
H 54.99080 47.49880 1.24411
H 64.39240 46.54180 1.13329
H 69.49830 49.13790 1.55172
H 64.68980 49.60310 1.92464
H 71.87780 52.13150 1.16699
H 50.91140 49.14870 0.54336
H 50.55630 52.65450 0.56513
H 50.10890 55.91290 0.48131
H 49.73050 59.16030 0.66669
H 61.66440 48.64720 1.14979
H 58.41160 48.10300 1.08846
H 65.24750 52.49100 3.04962
H 62.40340 51.73580 1.86060
H 56.23080 50.38560 0.79791
H 68.84660 56.20670 4.97689
H 66.00950 55.37510 3.46715
H 53.93920 52.73510 0.78591
H 70.44040 58.93350 4.23425
H 54.76400 55.94790 1.00885
H 71.37210 61.97980 3.30187
H 55.74780 59.06950 1.62754
H 52.75110 58.53490 1.09226
H 72.35340 65.02160 3.08809
H 60.03920 62.53820 1.91363
H 57.25890 61.87530 0.99248
H 70.35200 67.52550 2.88241
H 64.04570 66.23820 2.71166
H 68.13870 69.93590 2.83865
H 65.07630 69.30150 2.92575
H 54.19300 64.74310 1.50416
H 51.12560 64.61560 0.88267
H 58.71240 68.10700 2.38973
H 55.61410 67.63790 1.88060
H 52.41360 67.48030 1.51283
H 56.69570 70.61980 2.42794
H 53.56770 70.25780 2.11272
H 50.37850 69.86440 1.55554
H 71.04870 46.33260 0.97811
H 67.78220 46.49430 0.86754
H 72.69490 49.06980 1.04151
H 59.39000 51.08550 1.23483
H 63.11310 54.76780 2.42807
H 60.10940 54.09630 1.68615
H 57.08640 53.46790 1.09307
H 67.07740 58.46240 3.67841
H 64.15030 57.75460 2.76908
H 61.04250 57.15330 1.98366
H 57.88800 56.59510 1.45021
H 68.22850 61.42900 3.54609
H 65.16170 60.86010 2.90022
H 62.09460 60.13480 2.28249
H 59.01840 59.49270 1.69526
H 69.27100 64.48180 3.12433
H 66.13030 63.83370 3.03395
H 63.06620 63.24450 2.44390
H 67.14390 66.96690 3.06007
C 53.77450 60.48020 2.33109
C 50.02190 60.90310 2.42310
C 59.29970 64.18610 3.64960
C 55.71150 63.19750 2.53748
C 48.67720 64.61750 1.44589
C 60.35800 67.25990 4.02901
C 64.58070 70.97550 4.78882
C 61.44660 70.31220 4.33180
C 67.00360 48.68030 1.97718
C 63.16140 47.78560 2.93974
C 72.61690 50.94040 2.85321
C 69.47910 51.51840 2.40512
C 73.50730 54.12030 3.85481
C 73.97650 67.75770 3.25879
C 51.50310 47.18980 2.21927
C 52.26300 51.02330 1.47294
C 51.07100 54.34670 2.26747
C 50.87030 57.56980 2.29001
C 60.26780 46.53340 1.54889
C 63.79550 51.08550 3.88983
C 60.87400 50.10160 2.95373
C 57.83630 49.57310 2.56838
C 70.78110 55.89320 6.40858
C 67.30920 54.44960 5.45785
C 64.17660 54.27440 4.59674
C 55.47110 52.10180 2.46543
C 71.50580 57.76350 6.12869
C 53.14310 54.45330 2.37290
C 57.27210 58.37800 3.15334
C 54.12690 57.51580 2.90615
C 61.48570 61.95800 3.78457
C 58.32990 61.35520 3.19704
C 72.36790 67.24800 4.24126
C 62.44000 65.00670 4.06880
C 70.47470 69.81070 3.88228
C 66.74260 68.76920 4.67402
C 63.53850 68.03210 4.33426
C 52.38790 63.42780 2.60819
C 57.06400 66.73100 3.70359
C 53.91890 66.49260 3.20988
C 50.74920 66.24270 2.73801
C 58.30520 69.87540 4.11707
C 55.12150 69.25460 3.71773
C 51.80310 69.09000 3.33303
C 71.01760 48.12180 2.72534
C 48.87600 48.97800 1.96769
C 48.63640 52.49740 2.15799
C 54.72570 49.15380 2.52906
C 61.51860 53.28880 3.51917
C 58.57370 52.67290 2.89209
C 68.45780 58.23990 5.78298
C 65.31880 57.23600 4.85792
C 62.42310 56.55370 3.91970
C 59.38820 55.85150 3.22867
C 56.32410 55.14910 2.79167
C 69.96230 61.00540 5.27822
C 66.52210 60.51700 4.92546
C 63.53170 59.65670 4.15689
C 60.44690 58.87450 3.58226
C 70.96910 63.94170 4.87943
C 67.77620 63.48460 4.83241
C 64.51110 62.69410 4.36435
C 69.04690 66.51250 4.60829
C 65.67450 65.75970 4.53676
C 70.59790 86.27960 1.15430
C 66.92390 84.99810 2.15852
C 65.57660 87.24100 5.46984
C 62.45620 88.61120 3.62480
C 61.71940 91.45800 3.04466
C 58.60640 91.50420 4.00137
C 57.65810 95.30580 2.73187
C 49.26370 75.64450 1.94404
C 51.42430 77.37700 3.88347
C 55.68760 80.36060 1.95172
C 62.14050 84.27920 0.98147
C 49.56700 90.18640 4.23281
C 60.42840 87.11250 4.00645
C 57.64110 88.29340 4.21465
C 52.37090 91.23040 4.84980
C 59.04220 90.63420 5.97620
C 54.79960 93.67950 4.32262
C 66.09010 74.61540 2.66167
C 49.51910 72.07840 0.96542
C 63.89960 76.50560 1.28067
C 54.33590 75.22430 1.20204
C 51.19360 75.06710 1.33920
C 65.19500 78.88420 1.04830
C 61.91600 78.98240 1.48417
C 58.65390 78.81270 1.61608
C 54.74870 78.48610 1.86739
C 67.16560 81.76660 0.86094
C 63.83810 81.64130 1.08165
C 63.53680 84.69520 2.37213
C 73.37320 71.37160 1.28377
C 70.50380 73.07910 1.48816
C 70.26030 76.45240 1.46396
C 68.63380 73.65040 1.22901
C 70.21260 79.90020 1.55201
C 70.44880 83.17080 1.28197
C 70.63420 89.26630 1.47394
C 67.55690 89.48410 2.69637
C 64.60640 90.67120 2.75755
C 69.89170 92.31810 1.52678
C 66.86760 93.17290 2.01076
C 63.91090 93.79500 2.44840
C 60.77990 94.45480 2.54549
C 71.95390 94.58280 0.92835
C 49.50090 79.87380 2.57874
C 52.58270 81.22020 3.33557
C 49.51810 83.11800 2.70241
C 59.55030 81.96200 2.70263
C 55.38040 83.38270 3.04695
C 52.39730 84.60290 3.25214
C 49.74960 86.46520 3.14698
C 57.98180 85.14630 3.64430
C 55.07520 86.45610 3.86021
C 52.45240 87.98010 3.89606
C 55.06070 89.62510 4.66794
C 62.68550 73.45640 1.26788
C 59.60640 73.16720 1.25453
C 56.58390 72.61780 1.04509
C 53.33790 72.29700 0.72522
C 60.80590 76.08940 1.41533
C 57.58370 75.74230 1.20612
C 73.10840 74.75190 1.05765
H 49.57520 94.39550 5.34613
H 69.00090 84.87590 2.50270
H 62.32100 87.18080 5.75628
H 70.45440 87.59150 3.31918
H 67.20710 87.17910 3.70010
H 64.48300 89.34450 4.91765
H 61.41320 90.27190 5.23863
H 60.47990 93.10380 4.49053
H 57.32440 93.62260 4.71774
H 50.98240 79.67360 4.54709
H 54.84820 81.57360 3.99802
H 61.99410 82.53810 2.81731
H 57.38680 83.32690 4.64910
H 59.87640 85.16940 5.46759
H 59.40250 88.14950 6.07185
H 56.85800 89.52060 6.20400
H 54.02340 90.84190 6.61842
H 50.23050 91.70440 6.10232
H 66.09420 72.22030 3.71300
H 63.00890 71.66160 2.95273
H 64.16350 74.63430 2.79436
H 51.59450 72.78160 2.09863
H 65.83550 77.19690 2.86786
H 56.01790 76.49810 2.75717
H 52.87250 75.51970 3.27267
H 66.79000 80.01330 2.78409
H 63.80920 79.85830 2.85425
H 60.61890 79.71160 2.93547
H 57.70570 80.36910 3.30126
H 65.27690 82.80200 2.36846
H 71.78270 71.67420 3.07201
H 69.09560 72.66260 3.56154
H 68.44420 75.46520 2.90193
H 68.76930 78.18390 2.70720
H 72.00170 84.67840 2.45546
H 68.96280 81.73050 2.53799
H 52.70120 93.61840 5.74070
H 69.66670 90.65620 3.32842
H 66.66210 91.50050 3.81329
H 63.63820 92.32970 4.33391
H 71.89500 92.98100 2.74409
H 68.87760 93.77220 3.22495
H 65.84070 94.55210 3.77599
H 62.66460 95.32310 3.92623
H 51.30150 83.05300 4.40723
H 54.21840 84.51380 5.02915
H 51.38550 86.09360 5.01338
H 56.89800 86.37140 5.57422
H 54.07550 87.66040 5.78731
H 51.30800 89.18010 5.67470
H 59.88910 71.12970 2.64527
H 61.05900 74.17380 2.99227
H 57.83340 73.76790 2.88255
H 54.77080 73.18790 2.54207
H 62.34040 77.12240 3.09677
H 59.23820 76.72970 2.85688
H 71.49140 74.82400 2.88906
H 71.64920 78.19370 2.59546
H 71.80770 81.49080 2.50398
C 71.82390 86.45290 4.29612
C 68.68040 86.31510 4.62579
C 66.36740 87.59310 7.05917
C 62.87100 89.03540 6.94933
C 62.07210 92.14580 6.24450
C 55.66990 93.31170 8.23534
C 58.11660 95.28160 5.93976
C 49.67210 76.26140 4.14559
C 52.04420 77.67790 5.75251
C 56.20110 79.86120 5.24370
C 61.23240 83.96260 4.65455
C 49.00540 89.57770 6.49580
C 60.60650 86.40680 7.49772
C 57.44580 87.63630 7.62522
C 51.79130 90.52260 7.66875
C 56.17050 91.95880 6.43033
C 53.62500 92.83190 8.03804
C 66.29820 73.85920 5.70495
C 49.40450 71.78610 2.89995
C 64.08430 76.33540 4.56420
C 54.62520 74.90810 4.36743
C 51.78290 73.57690 4.44648
C 65.24960 78.98530 4.63342
C 62.33780 79.01400 4.61104
C 59.06070 78.58380 4.48437
C 55.47420 77.93340 4.92012
C 67.13190 82.27400 4.08695
C 63.90130 81.82550 4.34517
C 64.28360 85.61720 5.70286
C 73.90010 71.61750 4.48280
C 71.23350 73.29560 4.81948
C 70.37450 76.65340 4.06367
C 68.25310 74.36580 5.21221
C 70.29630 79.98230 3.65081
C 70.50240 83.21020 3.70097
C 71.32940 89.50500 4.71773
C 67.85370 89.53760 4.55611
C 65.25070 91.16800 5.88267
C 70.43560 92.56480 4.68800
C 67.47050 93.40800 5.19275
C 64.19440 94.34960 5.57779
C 61.09710 95.13600 5.79265
C 72.66000 94.90120 4.03323
C 49.28280 79.76200 5.93918
C 52.71720 81.28600 5.27842
C 49.38040 83.02570 5.96468
C 59.02660 81.90890 4.89434
C 55.47470 82.71630 6.15931
C 52.25100 84.24980 6.44088
C 49.19830 86.23460 6.18560
C 57.86560 84.49090 6.83840
C 54.96470 85.74480 6.99586
C 52.02550 87.33440 7.10952
C 54.92450 89.00010 7.72348
C 62.87160 73.52540 4.54456
C 59.52700 72.85360 4.42337
C 56.41160 72.31780 4.21657
C 53.17010 72.00590 3.87363
C 60.82780 75.96960 4.59930
C 57.73390 75.64110 4.52319
C 73.58040 75.01590 4.16032
C 89.39970 2.27927 -2.42167
C 93.55570 4.91633 -3.49089
C 90.22580 5.08037 -0.65367
C 94.95180 7.89358 -4.02910
C 82.54660 0.39751 -1.64736
C 79.48140 1.15300 -1.14783
C 78.65070 4.31259 -0.20310
C 75.89910 5.60581 0.67261
C 74.74190 9.04460 1.51599
C 71.61610 10.43870 -2.16785
C 73.99610 14.49380 -1.09703
C 76.18320 16.55260 0.26461
C 77.09580 19.69370 0.29712
C 86.35940 2.21720 -1.05889
C 83.33180 3.25916 -0.14210
C 81.50820 5.38572 -1.11262
C 86.01140 5.60953 -1.44949
C 80.06560 8.21000 -1.09071
C 77.29130 9.50296 -0.87761
C 92.34780 7.92497 -2.18614
C 88.43520 7.63081 -1.76529
C 76.71140 12.64140 -0.91909
C 95.01670 9.64194 -2.62625
C 79.23140 14.53890 -1.29344
C 0.80615 11.66530 -4.74808
C 80.96440 17.05230 -0.22920
C -0.03284 14.87720 -3.19538
C 80.09760 20.20370 -1.43920
C 94.97700 18.53770 -2.45801
C 92.32800 18.76960 -1.51561
C 89.19910 19.88110 -1.53922
C 86.00320 21.31380 -0.33893
C 0.87427 20.27830 -2.59159
C 95.48890 23.11030 -2.34661
C 0.60926 -0.31620 -3.64062
C 94.42480 -0.46577 -3.35390
C 91.04600 -0.50935 -2.97086
C 87.73190 -0.52520 -2.28758
C 95.71530 2.26719 -3.68871
C 92.35320 2.06047 -3.13155
C 0.15611 5.24615 -4.16527
C 80.34660 95.60140 -1.17642
C 77.17270 96.10260 -0.44417
C 74.05700 -0.33205 0.24528
C 76.15670 1.83814 -0.47725
C 73.56910 3.01747 0.42229
C 73.73580 19.07700 -0.26042
C 74.85930 21.96980 -0.39407
C 82.95730 6.76385 -0.93723
C 85.53160 8.82133 -1.52937
C 82.62700 10.15070 -1.26416
C 79.78950 11.40560 -1.08791
C 90.26490 9.89851 -2.49391
C 87.77690 11.09130 -1.85016
C 85.05600 12.30270 -1.58081
C 82.30120 13.24150 -1.45689
C 92.40930 12.32450 -3.10017
C 90.39990 13.38800 -2.17071
C 87.47210 14.55020 -1.67898
C 84.47590 15.63300 -1.36700
C 92.92290 15.53620 -2.17294
C 89.92240 16.66880 -1.76359
C 86.84400 17.84010 -1.35817
C 83.82640 18.98310 -1.20346
H 89.69490 0.21735 -1.02924
H 91.38690 2.92408 -1.01848
H 88.53200 3.20658 -0.27616
H 95.52300 6.15301 -2.42719
H 92.43520 5.94004 -1.44857
H 85.51080 95.21320 -0.63284
H 84.45610 0.99447 -0.13191
H 81.46680 1.65706 0.36870
H 78.31110 2.42254 0.66070
H 77.97810 5.13962 2.22405
H 74.48950 6.71427 2.53933
H 75.81890 14.07590 0.51858
H 77.11740 18.00360 2.14632
H 78.22260 21.10850 2.07094
H 85.57340 4.20131 0.24152
H 82.53590 5.35746 1.08528
H 79.64920 6.59640 0.02476
H 88.11900 6.25127 -0.17147
H 76.26890 10.89470 0.91163
H 90.46930 8.41993 -0.59942
H 78.73990 12.90520 0.50327
H 0.65042 9.83289 -2.70747
H 92.70430 10.39750 -1.82735
H 78.60120 16.06280 0.19461
H 79.53610 19.05810 0.18315
H 94.96870 16.01930 -1.90841
H 82.76450 19.79120 0.98784
H 80.66690 22.04680 0.42873
H 94.41180 18.41390 0.06572
H 91.41140 19.81390 -0.11169
H 88.49760 21.02980 0.25883
H 0.29806 18.17810 -1.36569
H 95.61650 20.73880 -1.38166
H -0.79359 0.60219 -1.94262
H 92.91860 0.25121 -1.55663
H 0.55358 3.47454 -2.45754
H 94.26010 3.13466 -2.00622
H 74.05530 95.27260 2.06557
H 82.47770 95.87800 0.05371
H 79.24250 -0.53095 0.73783
H 76.16860 0.19846 1.33412
H 73.19550 1.15416 2.03654
H 75.40900 3.37543 1.41418
H 74.05050 17.21470 1.31497
H 75.03760 20.34270 1.43741
H 76.90410 7.86633 0.98973
H 85.09940 7.24416 0.24876
H 82.07180 8.49316 0.44493
H 79.20060 9.79407 0.64376
H 87.53340 9.32066 -0.18691
H 84.65500 10.46850 0.08128
H 81.71920 11.68470 0.33371
H 89.86490 11.54160 -0.69390
H 87.00380 12.65790 -0.17466
H 84.07470 13.67330 0.17638
H 81.23700 14.68050 0.26615
H 92.46790 13.45230 -0.69910
H 89.50700 14.69640 -0.25642
H 86.46040 15.83880 0.11301
H 83.47850 16.84270 0.18139
H 91.84430 16.68580 -0.24800
H 88.88350 17.87950 0.04245
H 85.84560 18.93010 0.33874
C 89.87250 2.01331 0.81540
C 94.19500 5.08821 -0.46005
C 90.99580 5.52206 1.65581
C 95.27510 8.05460 -0.82274
C 83.41510 0.34437 1.64319
C 80.16200 1.38105 2.10439
C 78.06450 3.41931 4.06961
C 76.95760 6.77438 3.41343
C 74.64880 8.96131 3.64430
C 71.55360 9.50435 3.49366
C 74.20350 12.25280 1.08776
C 75.93250 15.81020 2.25770
C 76.52050 19.63910 3.36477
C 86.57420 2.05678 0.85087
C 83.76410 3.61104 1.93357
C 80.44930 5.38503 2.15918
C 86.56090 5.91695 1.74216
C 80.26600 8.06878 1.95530
C 77.68770 9.74181 2.55488
C 92.04370 7.11165 0.79253
C 89.05300 8.04377 1.31445
C 77.02790 12.72160 2.27608
C 0.18196 8.79149 -0.30074
C 79.48500 14.61150 2.07308
C 2.34117 11.11660 -1.31971
C 79.13850 17.52090 2.33650
C -0.30581 13.93700 -1.63464
C 80.57130 20.20710 2.21256
C 95.07020 16.00270 0.64153
C 92.47330 18.16350 1.62850
C 89.46850 19.66090 1.73584
C 86.22930 21.08510 1.50618
C -0.22496 19.52830 0.62047
C 95.31000 22.22350 0.75841
C 1.00555 -0.13806 -0.51887
C 94.81930 -0.51904 -0.18625
C 91.52660 -0.76855 0.22022
C 87.47930 -0.63419 -0.31920
C -0.72915 2.57932 -0.53508
C 93.16550 2.16933 0.03211
C 0.58798 5.49232 -0.95952
C 80.95590 95.53250 1.94429
C 77.79880 -0.98776 2.69024
C 74.83780 -0.09187 3.40093
C 77.07510 2.10881 2.80269
C 74.09770 2.94494 3.52078
C 73.67090 18.97400 2.99320
C 74.53320 22.38820 2.69504
C 83.38480 7.13647 2.06283
C 85.94820 9.04702 1.65203
C 82.96860 10.23340 1.84243
C 80.02170 11.58820 2.04298
C 91.56530 10.17070 0.52412
C 88.35910 11.17850 1.20417
C 85.49400 12.24780 1.61654
C 82.43920 13.34410 1.98210
C 94.07620 12.01350 -0.19076
C 90.75960 13.08200 1.07363
C 87.83960 14.32430 1.45792
C 84.73320 15.37470 1.80195
C 93.24340 15.17700 0.99861
C 90.17390 16.33560 1.47633
C 87.18630 17.48720 1.80293
C 84.08570 18.49230 2.10209
C 82.12320 47.71570 -0.09610
C 91.27590 45.46930 -2.10200
C 0.84299 47.03330 -3.40454
C 85.03460 24.42540 -0.56233
C 81.51970 24.21570 1.30309
C 89.94780 26.29830 -1.26130
C 86.79060 26.97510 -1.12631
C 80.32740 27.53730 -0.50360
C 88.86260 29.24870 -1.22289
C 79.12110 30.92000 -0.93423
C 90.97050 31.75280 -1.33398
C 78.05270 33.95910 -1.02797
C 92.97530 34.07920 -1.50114
C 80.06170 36.57270 -1.31852
C 94.89140 36.48180 -1.64401
C 82.44600 38.98800 -1.55696
C 84.47710 41.41450 -1.53354
C -0.53294 41.76090 -1.93163
C 92.73770 42.47790 -1.82998
C 89.27980 43.25260 -1.41872
C 86.14780 44.18580 -0.52598
C 83.99060 44.59070 -0.42712
C 95.39310 44.80970 -2.12874
C 78.23250 22.66550 0.06767
C 79.15100 25.51510 -0.43950
C 76.82490 28.36260 -0.88864
C 75.17580 31.15880 -1.98903
C 74.12260 34.51850 -2.62944
C 76.97700 37.04430 -0.97409
C 79.08080 39.76470 -1.18977
C 80.97280 42.57870 -0.76004
C 79.32960 45.65230 -1.07849
C 82.68510 21.84960 -0.64973
C 88.60450 23.63370 0.54502
C 93.26740 25.56200 -1.01473
C 89.94860 24.18950 -1.15406
C 91.97070 28.82990 -1.41918
C 94.22070 31.21630 -1.38290
C -0.57461 33.65520 -1.26819
C 83.51470 27.23890 -0.78486
C 85.68800 29.78150 -1.07001
C 82.31240 30.24350 -0.89513
C 87.81450 32.16420 -1.33892
C 84.54650 32.74560 -1.33503
C 81.28560 33.21780 -1.24339
C 89.73080 34.65810 -1.47802
C 86.66880 35.12530 -1.51559
C 83.40610 35.77870 -1.49876
C 91.69150 37.19070 -1.49394
C 88.73450 37.74290 -1.43870
C 85.59220 38.30220 -1.54215
C 0.63315 38.93220 -1.56516
C 94.02690 39.60330 -1.67126
C 90.70800 40.10560 -1.45570
C 87.68510 40.68760 -1.46659
C 75.76110 24.89270 -0.74753
C 74.03340 37.26290 -0.72156
C 75.75280 39.86330 -0.81014
C 77.43360 42.64690 -1.11055
C 74.05410 42.62030 -0.87047
C 75.75060 45.51140 -1.01135
C 0.39317 25.59580 -1.73667
C 95.46230 28.24670 -1.51290
C 0.72555 30.89900 -1.17084
H 84.53160 46.99770 -0.03365
H 93.51450 45.92660 -1.14340
H 86.52170 25.05430 0.54492
H 83.50480 25.62890 1.20076
H 88.61390 27.48280 0.48410
H 82.27170 28.58830 0.89432
H 78.84390 29.25110 0.39115
H 90.61510 29.93340 0.31474
H 79.98880 34.67140 0.25162
H 94.63940 34.77250 0.11747
H 82.06930 37.14390 0.10744
H -0.23055 37.12840 -0.14799
H 84.18440 39.54020 0.07541
H 95.85950 40.09820 -0.10086
H 83.21340 42.46750 0.27557
H 94.73730 43.07860 -0.44206
H 91.39870 43.75290 -0.28729
H 88.39970 44.32810 0.59852
H 85.32650 44.47960 1.81061
H 79.04680 24.32970 1.74434
H 77.00380 26.35980 0.34529
H 74.82230 28.81260 0.60283
H 75.59530 33.27850 -1.07270
H 77.07060 35.31560 0.81847
H 78.85280 37.79050 0.43945
H 80.96970 40.20950 0.01841
H 78.88540 43.51740 0.20051
H 84.40480 22.60790 1.05924
H 93.92150 23.20380 -0.39359
H 91.75380 27.01420 0.24234
H 93.86950 29.32910 0.11971
H 95.89370 31.81970 0.31794
H 85.39110 28.06250 0.62562
H 87.50030 30.48740 0.43777
H 84.22390 31.06720 0.48343
H 80.99860 31.62200 0.64164
H 77.81800 32.31070 0.99925
H 92.69540 32.32090 0.19378
H 89.48870 32.91100 0.22359
H 86.30960 33.41850 0.17592
H 83.12510 34.04160 0.21213
H 91.53180 35.32100 0.05943
H 88.35990 35.88350 0.10759
H 85.22800 36.44660 0.01335
H 93.57230 37.82020 -0.13023
H 90.42780 38.36240 0.27903
H 87.32170 38.88350 0.12272
H 92.58460 40.78560 -0.00255
H 89.42380 41.36750 0.18677
H 86.27020 41.87700 0.12246
H 76.15830 23.34100 1.13662
H 73.86140 25.71680 0.63080
H 74.02970 35.29000 0.87772
H 75.67890 38.04950 0.90135
H 77.42030 40.67690 0.50515
H 74.14940 40.81450 0.79559
H 75.75880 43.55080 0.59511
H 0.22164 23.49780 -0.49153
H 95.49930 26.18410 -0.07926
H 0.31123 28.90130 0.21330
C 84.09490 46.27090 2.53578
C 92.23640 45.70250 1.03263
C -0.47907 48.86060 -0.00787
C 85.23090 24.26660 2.63097
C 80.97530 24.18400 3.17122
C 90.18280 26.21340 1.96328
C 86.91180 26.94790 2.22692
C 80.51640 27.63230 1.50395
C 88.99770 29.36240 2.05404
C 79.38830 30.72890 2.34802
C 90.92210 31.78790 1.85296
C 78.66270 33.93660 2.29493
C 92.86160 34.16890 1.68865
C 80.44590 36.53440 1.84760
C 94.97830 36.66300 1.54775
C 82.41890 39.03540 1.72201
C 84.61650 41.23970 1.82835
C -0.80546 42.07260 1.36246
C 93.11300 42.81800 1.30268
C 89.98980 43.26930 1.74178
C 86.97170 44.09900 2.74912
C 83.88210 42.76000 2.67208
C -0.43404 44.84260 -0.28382
C 77.60330 22.80210 3.16407
C 77.86950 26.18000 2.70268
C 76.69560 28.73920 1.00208
C 74.54270 31.11510 -0.05580
C 75.57200 33.46300 1.50597
C 77.45360 37.17780 2.39186
C 79.29840 39.78670 1.85198
C 80.95990 42.49230 1.10972
C 79.65530 45.83640 0.78700
C 83.28500 21.82940 2.61865
C 92.32890 21.95800 -0.36784
C 93.35700 25.28050 0.89383
C 90.85080 27.34610 3.50428
C 92.10130 28.75980 1.86841
C 94.04940 31.19840 1.81699
C 95.89230 33.64080 1.85053
C 83.80190 27.38480 2.48628
C 85.73590 30.03220 2.09987
C 82.53910 30.56120 2.27452
C 87.81570 32.47030 1.87685
C 84.57420 33.04740 1.92570
C 81.47590 33.64400 1.96330
C 89.81250 34.80850 1.73595
C 86.58770 35.29570 1.69934
C 83.47150 35.92330 1.72246
C 91.99130 37.16720 1.64262
C 88.59150 37.66460 1.77493
C 85.55200 38.25640 1.66610
C 1.15685 39.03820 0.44039
C 94.16160 39.59050 1.47700
C 90.98820 40.22490 1.76483
C 87.72200 40.66650 1.76698
C 75.73470 25.43870 2.24274
C 74.04640 37.15130 2.53936
C 75.90070 40.00440 2.35111
C 77.53290 42.60710 2.06132
C 74.31270 42.66550 2.36988
C 76.07580 45.43750 2.16198
C -0.06484 25.04840 1.42955
C 95.31630 27.97860 1.61841
C 0.40969 30.67870 1.96494
C 88.21960 46.44180 -0.65135
C 85.54350 48.36090 -1.48129
C 82.18810 49.66770 0.04424
C 79.52970 51.27350 0.84767
C 76.89520 53.06430 -0.16025
C 93.75310 47.57150 -2.11470
C 76.60980 56.31370 0.54121
C 74.01750 57.46400 3.76080
C 76.30190 59.59500 0.88657
C -0.50772 52.09800 -2.10450
C 93.51170 53.75590 -1.91179
C 90.64580 55.24220 -1.78138
C 87.49540 56.59590 -1.83489
C 76.39530 62.89730 0.89941
C 87.25540 60.31180 -1.71743
C 85.29570 61.49510 -1.05554
C 78.96080 64.43490 0.23977
C 84.40320 64.42230 -1.29598
C 82.00910 66.37870 0.14542
C 85.57500 67.84230 -1.02144
C 77.53490 48.63620 -0.49363
C 75.60900 51.48450 -0.44091
C 81.36270 69.91020 -0.31337
C 79.21240 67.95420 1.20323
C 76.31490 66.27540 1.94339
C 74.10060 64.01040 3.12043
C -0.23497 55.76040 -1.39880
C 93.44630 56.85270 -1.87980
C 92.46600 60.07240 -2.00246
C 91.03740 62.78990 -2.04193
C 90.34460 65.94190 -2.73252
C 87.52670 64.94150 -1.36388
C 88.89450 68.88750 -2.92146
C 90.30940 71.82970 -1.60699
C 91.04560 48.63040 -1.70899
C 88.16190 50.25550 -1.56952
C 85.19110 51.79230 -1.30715
C 82.21220 52.79000 -0.42839
C 79.44000 54.72620 -0.20999
C 93.70590 50.54750 -1.78754
C 90.84360 52.00370 -1.72196
C 87.93430 53.41280 -1.63208
C 84.99820 54.84120 -1.23264
C 82.11120 56.29670 -0.72729
C 79.32690 57.96820 -0.09799
C 84.64830 58.00270 -1.46883
C 81.86440 59.68350 -0.85831
C 79.11540 61.12600 0.02013
C 81.76990 62.97600 -0.61699
C 74.24980 48.41490 -0.46541
C 76.18110 69.83110 1.11755
C 95.43290 59.39570 -2.10819
C 0.75881 61.64970 -2.33968
C 94.40990 62.37840 -2.25164
C -0.30364 64.67990 -2.72851
C 93.38710 65.20850 -2.59589
C 95.23310 67.78750 -3.02716
C 92.16040 68.35420 -2.90252
C 0.50342 70.14850 -3.63214
C 94.06700 70.82290 -3.26693
H 83.02000 48.58630 2.26097
H 90.60070 46.93640 -0.21462
H 87.45160 48.62970 0.19603
H 81.99280 51.51210 1.67025
H 78.79360 53.13460 1.55993
H 76.09220 54.68630 1.60916
H 0.88582 46.93220 -0.88838
H 76.09830 57.71260 2.70183
H 95.58830 50.67200 -0.15087
H 92.72990 52.12730 -0.15165
H 75.94680 60.91190 2.60577
H 92.56270 55.33670 -0.14818
H 89.64950 56.66360 -0.44868
H 86.91310 58.16260 -0.46417
H 76.01590 64.04960 3.03658
H 88.16700 60.88260 0.65309
H 81.18760 64.33280 1.35376
H 78.62170 65.80610 2.22510
H 86.41820 63.43080 -0.13208
H 84.41520 66.01290 0.25388
H 77.29020 46.35560 0.19124
H 75.81390 49.62410 1.33710
H 84.72540 70.26690 -0.72068
H 82.83460 68.59400 1.19840
H 80.00660 70.02720 1.85771
H 77.27510 68.42120 2.73169
H 74.59970 70.12720 3.14870
H 95.37770 53.77920 -0.65116
H 95.24350 57.58550 -0.38559
H 92.22690 58.35040 -0.16198
H 91.19580 61.13520 -0.19937
H 89.63180 63.82900 -0.33549
H 89.13540 66.80070 -1.44215
H 90.73930 69.47010 -1.28615
H 87.55010 69.51170 -1.16553
H 84.59800 50.13970 0.06013
H 92.94380 48.90840 -0.15995
H 90.11550 50.32980 -0.12279
H 87.25890 51.84790 0.06717
H 84.39600 53.29260 0.56022
H 81.61790 54.65230 1.03353
H 78.89440 56.25470 1.60184
H 89.88100 53.55510 -0.11488
H 87.09490 55.00310 0.04981
H 84.31270 56.47220 0.44724
H 81.53240 58.00310 1.00344
H 78.69590 59.46550 1.74247
H 84.12570 59.72560 0.14531
H 81.37330 61.16730 1.04923
H 78.63770 62.63440 1.93133
H 83.88610 62.85980 0.56505
H 74.17310 46.25630 0.82746
H 0.41485 60.00860 -0.55779
H 94.24830 60.70240 -0.49071
H -0.56811 63.08790 -0.84577
H 93.03820 63.62890 -0.70195
H 95.22100 66.10080 -1.17449
H 92.13280 66.67990 -1.10826
H 0.26945 68.62370 -1.69011
H 94.01910 69.13770 -1.42639
H -0.87591 71.63140 -2.14362
C 88.62930 46.70270 1.21357
C 85.55710 48.58710 1.76636
C 83.11690 50.19060 3.52872
C 80.00120 51.20990 2.78805
C 77.03150 52.94030 3.30689
C 93.87870 47.02870 1.03052
C 77.25960 56.12200 3.55786
C 74.47690 58.66820 5.18891
C 77.50390 59.38100 4.00308
C -0.39029 52.47650 1.29320
C 93.79090 53.81440 1.31489
C 90.68000 55.32160 1.43947
C 87.89920 56.77330 1.40094
C 77.36500 62.62730 4.09781
C 89.84320 59.10220 -0.05257
C 85.74620 61.38340 1.05925
C 79.70810 64.34520 3.40879
C 85.32090 64.41460 1.81237
C 82.57890 66.26290 1.99974
C 85.27720 68.32680 0.88795
C 77.55390 48.62570 1.44559
C 75.75150 51.28910 3.20729
C 82.28150 69.92320 2.94824
C 79.59770 67.87670 3.01519
C 76.75390 66.29710 3.73293
C 73.63220 61.63390 3.49110
C -0.26096 55.70570 0.42520
C 93.64720 56.94960 1.42675
C 92.79740 60.23770 1.42341
C 91.48000 63.13590 1.22919
C 90.43360 66.02190 0.55338
C 88.59420 62.50320 0.48679
C 88.99610 68.70980 0.37084
C 91.04770 71.47270 0.07033
C 91.12070 48.73410 1.45198
C 88.29180 50.11430 1.58793
C 85.54610 51.57800 1.82122
C 82.96900 53.14610 2.59825
C 80.11210 54.60450 3.02612
C 93.65650 50.53230 1.48302
C 90.89940 52.04670 1.46297
C 88.16890 53.50140 1.62766
C 85.50380 54.92290 1.94505
C 82.78370 56.38360 2.39074
C 80.15370 57.82470 2.99737
C 85.47400 58.25100 1.62220
C 82.88670 59.65380 2.28493
C 80.02980 61.03540 3.12540
C 82.58200 62.70120 2.58315
C 74.28350 47.95410 2.60285
C 76.95200 69.89220 4.24041
C 95.58960 59.52220 1.15916
C 0.81217 61.95390 0.87299
C 94.60850 62.65780 0.91766
C -0.15840 65.13530 0.51689
C 93.58390 65.66670 0.58572
C 95.64150 68.14040 0.16856
C 92.41860 68.66550 0.34067
C 0.73271 70.73380 -0.46236
C 94.50580 71.21950 -0.15255
C -0.62174 94.09790 -3.52661
C 93.02350 93.99910 -3.36656
C 89.88190 93.83140 -3.10646
C 0.44772 77.81570 -5.89021
C 93.80180 77.94420 -6.21325
C 89.30490 79.29800 -4.09467
C 87.16800 82.29530 -3.53257
C 86.52100 85.47880 -4.50309
C -0.24240 88.94550 -3.86665
C 93.46660 88.77030 -3.82740
C 86.77430 88.69570 -3.44751
C 91.53760 91.43700 -3.36905
C 73.56830 88.04810 1.35839
C 83.29360 88.79030 -3.25628
C 78.72030 90.17750 -0.62343
C 84.47460 91.86220 -2.23555
C 86.43450 93.92880 -2.64560
C 83.33450 94.74540 -1.93785
C 89.63720 75.87960 -1.81100
C 86.47670 71.86400 -1.54989
C 82.67160 70.04420 -2.05235
C 85.83300 75.26660 -2.78253
C 86.07000 78.89650 -3.25503
C 84.19920 81.01650 -1.44375
C 83.48460 83.53780 -3.27616
C 81.33040 85.60340 -2.24381
C 80.38200 88.01040 -0.77168
C 76.27690 86.38690 -0.03532
C 73.40640 84.40760 0.50197
C -0.51143 73.37020 -3.89844
C 92.97900 72.61260 -3.86570
C 93.43040 75.81350 -6.28718
C 95.29550 80.63300 -5.35124
C 92.05710 80.27380 -5.10420
C 0.10359 83.51920 -4.82297
C 93.64930 83.21240 -4.71673
C 90.51060 83.04400 -4.52004
C 95.28630 86.18970 -4.29487
C 91.98160 85.97900 -4.21321
C 88.67310 85.69210 -4.20749
C 90.12160 88.66840 -3.66248
C 88.18240 91.30220 -2.97902
C 75.70700 90.67960 0.19351
C 72.81990 91.65070 0.90038
C 81.14810 92.32010 -1.32927
C 78.02320 92.98460 -0.46901
C 74.88270 93.81890 0.30092
C 84.01660 73.90730 -1.12029
C 81.19490 73.10640 -0.40374
C 78.68010 71.47650 0.42383
C 83.84030 77.55370 -1.78925
C 81.26520 76.10470 -0.68472
C 78.69250 74.68020 0.14615
C 76.01720 73.07760 0.85366
C 81.26960 79.20440 -1.24485
C 78.63650 77.71460 -0.22491
C 75.95780 76.26870 0.47902
C 81.18540 82.32940 -1.76120
C 78.55540 80.92310 -0.67215
C 75.94000 79.38190 0.25607
C 73.15210 78.06850 0.74388
C 78.67040 84.29250 -1.05644
C 75.94700 82.65840 -0.16810
C 73.30890 81.21040 0.63194
H -0.37915 92.29300 -1.61837
H 93.30460 92.09720 -1.57478
H 91.54100 94.79730 -1.57918
H 88.40020 94.60130 -1.33195
H -0.14647 75.95530 -4.10223
H 95.51110 78.73920 -4.60999
H 92.41860 78.28680 -4.06356
H 90.12410 78.38980 -1.85337
H 87.88060 80.25480 -2.39867
H 85.56200 84.04550 -2.79826
H 87.27590 86.49810 -2.38821
H 95.03510 89.51430 -1.86300
H 91.84250 89.35960 -2.04519
H 88.60660 89.13440 -1.75170
H 85.36490 88.84950 -1.66616
H 90.08450 91.97110 -1.44352
H 78.84650 88.29690 1.13134
H 75.87700 88.96380 1.97738
H 72.67260 89.92390 2.67647
H 82.57400 90.30250 -1.85251
H 80.69880 90.78860 0.54886
H 86.77620 91.81720 -1.33823
H 87.64950 74.19420 -1.45612
H 85.58330 72.96320 0.55650
H 87.48140 77.12380 -2.23765
H 85.53590 79.00450 -0.83034
H 82.53400 80.96540 -0.35203
H 82.73030 84.03880 -0.91576
H 82.69270 87.17790 -1.39599
H 80.28270 85.77370 0.03726
H 77.28890 84.39110 0.99922
H 74.71650 85.98690 1.82975
H 92.78970 71.99640 -1.48322
H 1.36234 73.92090 -2.21327
H 94.28330 74.45880 -2.80460
H 90.55710 73.96950 -0.44612
H 94.68230 94.91310 -1.80618
H 0.06338 81.39060 -3.60968
H 93.73840 81.11500 -3.44338
H 90.66500 81.05910 -3.14826
H 95.28620 84.00540 -3.08215
H 92.13620 83.89170 -2.90333
H 88.93710 83.74710 -2.81342
H -0.00131 86.86950 -2.55846
H 93.63340 86.65100 -2.49192
H 90.32810 86.49030 -2.47506
H 77.79530 91.33190 1.35912
H 74.92530 92.10250 2.11388
H 83.28620 92.89410 -0.29026
H 80.14010 93.75370 0.43605
H 77.02130 94.38730 1.31560
H 82.53630 71.62570 1.06999
H 85.14610 75.95960 -0.47435
H 82.64070 74.69500 0.77760
H 79.89130 73.22780 1.65570
H 77.24690 71.64020 2.43129
H 82.66380 77.85060 0.37788
H 79.94880 76.37610 1.37068
H 77.19270 74.85750 2.14270
H 74.38220 73.27450 2.60722
H 79.91010 79.49150 0.84119
H 77.21940 77.97840 1.78939
H 74.34800 76.50060 2.30883
H 79.93650 82.71040 0.34611
H 77.23810 81.19600 1.41367
H 74.45930 79.64900 2.18149
H 74.66550 82.86380 1.94547
C -0.40931 93.87270 -0.36938
C 93.22810 93.81750 -0.03620
C 90.14100 93.74730 0.18507
C 1.32403 76.23050 -3.22707
C 94.50560 76.96930 -3.16328
C 89.72460 80.76740 -0.92083
C 87.16180 82.46410 -1.70210
C 84.92830 86.33060 -1.84639
C 0.04995 88.25930 -0.50002
C 93.65630 88.31380 -0.55531
C 87.06010 87.83000 -0.31848
C 91.68100 90.75890 0.02621
C 74.00990 87.90770 3.23525
C 82.08530 88.89900 0.20771
C 79.40820 89.89330 2.57154
C 84.61110 90.87150 -0.49235
C 87.08970 93.46450 0.44740
C 84.36760 94.66680 1.16676
C 89.42870 74.26350 1.74547
C 88.11720 72.93770 0.70936
C 85.00390 71.31230 1.67894
C 87.44510 76.17200 0.13858
C 87.97760 78.76410 -0.45476
C 85.05300 81.11100 0.17863
C 84.94820 84.13470 -0.28487
C 82.63310 85.88910 0.68723
C 80.19560 86.55840 2.36670
C 77.02940 86.76470 1.73669
C 74.16250 84.53220 3.69602
C -0.87756 73.86660 -0.98253
C 92.59450 74.50160 -1.07456
C 92.47590 75.76190 -4.31051
C 95.49460 79.82090 -2.35571
C 92.32970 79.72840 -1.98031
C 0.09746 82.86450 -1.66751
C 93.79790 82.68330 -1.56628
C 90.57190 82.73430 -1.40264
C 95.37330 85.47570 -1.16392
C 92.02880 85.49710 -1.02389
C 88.83050 85.31640 -0.95001
C 90.36040 87.99180 -0.55132
C 88.51870 90.73330 0.08874
C 76.50940 90.56560 3.36532
C 73.50350 91.76630 4.12604
C 81.90680 92.58170 1.74445
C 78.82510 93.21430 2.49405
C 75.71710 93.98940 3.41104
C 84.96690 74.64730 1.66598
C 82.03630 73.35930 2.77896
C 79.46840 71.74260 3.53404
C 84.97930 77.76640 1.19761
C 82.19340 76.51920 2.37379
C 79.37070 74.96050 3.30327
C 76.43580 73.38730 3.99824
C 82.16810 79.77360 1.76989
C 79.44900 78.22930 2.88860
C 76.43810 76.56620 3.68993
C 82.23230 82.84060 1.14626
C 79.49340 81.37320 2.38718
C 76.54560 79.77600 3.36951
C 73.57420 78.20090 4.00373
C 79.51460 84.52830 2.02674
C 76.89870 83.06850 3.01949
C 73.87850 81.43960 3.80999
