2979
Frame 184
C 12.43530 95.39230 -1.71790
C 13.66590 0.89576 -1.42316
C 11.61920 2.64677 -2.91082
C 10.53870 6.13748 -3.39493
C 7.91646 9.03836 -3.54720
C 4.49414 8.65429 -4.42480
C 2.59786 8.64656 -5.34082
C 23.67290 0.51203 0.12014
C 21.90230 4.14292 0.83389
C 24.79180 5.85675 -0.59341
C 24.44880 11.71450 -0.46564
C 19.31340 1.06930 -1.54160
C 15.80840 -0.97742 -0.17007
C 19.06300 4.29553 -1.37027
C 22.53960 8.67859 -0.73491
C 19.57080 7.35248 -1.18462
C 13.54910 4.63892 -1.36135
C 23.15730 13.21190 -0.33308
C 14.10580 8.24480 -2.03432
C 22.67730 16.28090 -1.14518
C 11.55020 10.41340 -2.37638
C 22.43570 19.57540 -1.00931
C 12.31850 13.37380 -1.77950
C 9.16642 12.53290 -2.30105
C 22.66760 22.74030 -0.80383
C 14.24220 17.69090 -0.71500
C 10.92930 15.96470 -0.43521
C 14.23110 21.30550 0.20507
C 20.27220 -0.87593 -1.40556
C 5.31992 10.69640 -2.17564
C 6.32544 14.02580 -1.40748
C 3.25971 14.08960 -2.23030
C 7.91627 16.43020 -0.86451
C 2.02029 17.07740 -2.42618
C 9.45179 19.10540 -0.60168
C 11.00520 21.75130 -0.51423
C 9.11743 95.10340 -2.69459
C 10.56560 0.62377 -2.59948
C 7.17506 0.13736 -3.49041
C 3.75094 -0.17553 -3.91059
C 8.58643 2.92649 -3.73941
C 5.19664 2.61678 -4.20991
C 1.88799 2.45044 -4.24695
C 6.84613 5.41077 -4.61753
C 3.49095 5.36157 -4.59070
C 16.27470 2.73704 -1.58154
C 16.62030 6.08726 -1.49681
C 20.32980 11.02140 0.01219
C 17.20870 9.39933 -1.31405
C 20.28510 14.37670 -0.75924
C 17.57010 12.77090 -0.87936
C 14.72550 11.34720 -1.54022
C 19.82820 17.83980 -0.71377
C 17.43450 16.04070 -0.62123
C 14.79650 14.63150 -1.10494
C 19.90710 21.06590 -0.62969
C 17.06330 19.32070 -0.51857
C 4.81529 16.87910 -1.51549
C 6.38746 19.37550 -0.95656
C 3.29322 19.67070 -1.46623
C 7.92044 21.97490 -0.62369
C 4.90316 22.22310 -0.99059
C 1.67841 22.49490 -1.50462
H 13.24710 -0.75850 0.40170
H 11.48640 1.72202 -0.60026
H 9.94094 4.15037 -2.05018
H 8.09107 6.68620 -2.86521
H 1.69969 6.30509 -2.94497
H 3.50811 8.97955 -2.02403
H 22.35150 1.82156 1.88874
H 24.37210 4.15232 1.20518
H 22.72800 6.59246 0.80552
H 24.27110 9.57548 0.94080
H 24.66070 15.22140 0.31315
H 19.82820 2.67134 0.51026
H 17.11380 1.14654 -0.14467
H 19.88680 5.61537 0.63389
H 14.34510 2.71690 0.15109
H 14.71650 6.36862 -0.49028
H 21.15880 13.06520 1.28579
H 12.17740 8.29214 -0.94915
H 23.60380 17.94320 0.60722
H 21.04880 16.22470 0.74470
H 9.60399 10.46490 -0.61782
H 23.63840 20.92360 0.66986
H 10.08220 13.63860 -0.58885
H 12.56820 17.75090 0.40765
H 9.32653 17.27790 0.96298
H 21.79400 -0.98105 0.48617
H 1.26467 12.63220 -2.91221
H 6.85244 12.22890 -1.09337
H 3.60345 12.06030 -0.77998
H 7.50647 14.61850 0.83854
H 6.11334 17.45210 0.49191
H 10.86790 19.99530 1.39817
H 7.77170 20.07170 0.95600
H 10.29560 -1.12733 -0.81120
H 7.03740 95.77140 -1.60507
H 3.87134 95.37420 -2.14951
H 0.68580 95.07540 -2.33018
H 8.43365 1.35581 -1.80029
H 5.21443 1.02538 -2.33143
H 2.03360 0.75657 -2.45271
H 6.60687 3.87442 -2.65658
H 3.45697 3.61666 -2.79164
H 4.89742 6.40720 -3.29046
H 17.14640 4.28705 0.19651
H 20.46450 8.68313 0.75280
H 17.57100 7.53058 0.26711
H 17.89040 10.78480 0.63021
H 15.09390 9.47718 -0.03628
H 18.26660 14.51460 0.71261
H 15.40870 12.81260 0.33171
H 12.56260 11.42380 -0.33247
H 20.86920 19.38410 0.84576
H 18.15140 17.73500 1.11456
H 15.39300 16.06880 0.84401
H 12.78020 14.55420 0.31866
H 18.11360 20.92990 1.10250
H 15.35900 19.23850 0.96290
H 4.35826 14.89590 -0.18816
H 1.31412 15.14540 -1.09125
H 2.92324 17.66860 -0.22733
H 4.59082 20.28110 0.49622
H 1.34205 20.44010 -0.18852
C 11.43000 95.64360 1.37418
C 12.71130 1.39005 1.52403
C 10.86810 3.87291 0.29874
C 10.31440 6.62065 -1.52522
C 7.84801 8.91533 -1.45319
C 3.85888 7.55509 -0.17436
C 1.45535 8.22519 -3.22580
C 23.37650 0.15288 1.91942
C 23.49230 2.65564 4.03045
C 24.11860 5.97574 2.94006
C 24.35450 11.56680 2.63297
C 18.70310 0.83752 1.95247
C 15.18600 96.05210 1.81377
C 18.55930 4.14973 2.23181
C 22.36920 8.63556 2.39199
C 19.03290 7.34349 2.27756
C 12.98460 4.67319 0.46939
C 22.84630 12.84430 3.16871
C 13.61680 7.85761 1.16690
C 23.01210 16.04590 2.25555
C 11.07490 9.83478 0.97964
C 22.71140 19.51760 2.45193
C 11.45700 12.80670 1.37381
C 8.48287 12.28620 0.89426
C 23.00230 22.64910 2.33021
C 14.25330 17.50830 2.44345
C 11.19690 15.89330 1.61609
C 14.03370 21.06540 2.02412
C 19.77990 -1.05809 1.66598
C 5.36925 11.73610 0.94150
C 5.37551 13.65410 1.66082
C 2.34234 13.72670 0.63442
C 7.43423 16.19790 2.29419
C 0.90051 16.74830 0.73532
C 8.96085 18.92800 2.79102
C 10.87100 21.56660 2.63765
C 8.38989 95.15470 0.39916
C 9.50034 0.87198 0.39813
C 6.61289 0.51396 -0.33870
C 3.62858 0.06768 -0.69950
C 7.98670 3.46728 -0.63772
C 5.00410 3.06820 -0.97278
C 2.00618 2.71864 -1.02128
C 6.65253 6.01790 -1.35730
C 3.52088 5.70091 -1.32384
C 15.90430 2.68573 1.71403
C 16.07850 6.01609 1.51871
C 20.00650 10.87150 1.91445
C 16.79210 9.34260 1.82394
C 20.12540 14.61200 2.47523
C 17.19930 12.70390 2.06126
C 14.10560 11.08530 1.54702
C 20.14720 17.74490 2.51413
C 17.22380 15.95450 2.52359
C 14.40190 14.24490 2.13724
C 20.07950 20.90310 2.57835
C 17.09120 19.30910 2.70102
C 4.12779 16.53250 1.57626
C 5.91103 19.14980 2.25401
C 2.59761 19.30070 1.54292
C 7.70626 21.91320 2.55540
C 4.50147 22.00330 2.21590
C 1.13837 22.08740 1.61258
C 22.34460 25.96870 -1.00741
C 19.82070 27.74250 -0.11529
C 14.78340 24.77270 0.09775
C 18.41680 29.13820 -1.00314
C 22.63700 29.08740 -0.76269
C 24.01650 31.71410 -1.70274
C 23.31170 35.25200 -1.99785
C 25.50900 45.74990 -2.96414
C 22.07320 44.23620 -1.69562
C 20.83110 31.53450 1.06615
C 18.82170 32.71950 -1.39969
C 14.65340 27.91380 -1.27500
C 19.21870 34.75430 -1.33962
C 12.77450 34.07400 -1.17747
C 20.23520 38.06970 -1.47009
C 10.46420 36.22820 -0.94765
C 21.28660 41.18180 -1.70966
C 18.11220 40.83710 -1.57199
C 8.52282 38.53630 -1.40713
C 3.96052 38.52950 -2.22184
C 16.01210 43.25400 -1.60499
C 2.55125 42.12640 -1.98187
C 13.82570 45.43190 -1.82564
C 4.88963 43.83070 -2.40164
C 2.54710 46.33760 -2.53922
C 12.85260 24.37950 -0.43193
C 11.63150 27.66860 -0.18726
C 12.26540 30.99890 -0.92841
C 9.53225 30.17950 -0.50798
C 9.23972 33.12220 0.78112
C 5.49856 33.25560 -0.31764
C 7.41475 35.82860 1.07411
C 1.29147 35.97080 -0.85709
C 19.92970 24.31460 -0.42069
C 17.24990 22.77650 -0.28681
C 17.45760 26.05400 0.16782
C 15.90340 34.56900 -1.55423
C 16.92780 37.86850 -1.64009
C 13.78430 37.05460 -1.37322
C 14.85040 40.13620 -1.53122
C 11.69550 39.39770 -1.49013
C 12.79160 42.48750 -1.61950
C 9.70104 41.79400 -1.82584
C 6.44416 41.17780 -2.05476
C 10.74430 44.86870 -1.87849
C 7.72610 44.44200 -2.06611
C 5.57927 46.92310 -2.18393
C 9.69948 24.74840 -0.54995
C 6.37980 24.84110 -0.69241
C 3.18554 25.00240 -1.02315
C 8.02278 27.54630 -0.56310
C 4.83548 27.66580 -0.62567
C 1.75833 27.86540 -0.84401
C 6.53582 30.29780 -0.46409
C 3.55001 30.41080 -0.58828
C 2.32582 33.32000 -0.60745
H 0.58485 42.48370 -0.30331
H 23.63940 24.06530 0.22244
H 21.07010 25.83370 1.11748
H 15.53540 22.90890 1.44813
H 18.53580 27.43080 2.03230
H 15.75070 26.06220 2.16742
H 16.27840 28.31230 -0.01648
H 23.87550 27.28430 0.46407
H 24.18160 30.49720 0.57707
H 21.29750 29.06220 1.38876
H 23.73030 40.53550 -1.86169
H 24.48840 43.66920 -1.94001
H 22.24740 42.55070 0.11073
H 20.15380 44.82160 -0.05518
H 19.52640 33.69720 0.98430
H 16.61770 33.03660 -0.16041
H 13.65870 32.50310 0.65729
H 20.57570 36.49360 -0.00161
H 11.29080 34.57730 0.74928
H 21.42710 39.54840 0.20178
H 8.81264 37.23020 0.71594
H 19.35170 41.94720 -0.20371
H 6.63287 39.64130 0.04308
H 2.34775 39.89490 -0.86531
H 17.21490 44.29550 -0.36874
H 4.64733 42.13090 -0.67554
H 15.14390 46.77380 -0.31863
H 2.85821 44.44360 -1.01646
H 12.49490 22.64760 1.14918
H 9.40633 22.81440 1.04958
H 11.15860 25.54410 0.97486
H 13.32300 29.45490 0.37722
H 10.90020 31.38210 1.13064
H 8.05059 31.01310 1.34315
H 6.90839 33.94630 1.14715
H 3.68399 34.05970 1.37690
H 0.56146 34.23550 0.84103
H 2.38281 37.05130 0.67219
H 20.93990 22.56280 0.99236
H 18.31170 24.22460 1.43323
H 23.07850 45.23890 0.30546
H 17.46190 35.99690 -0.02963
H 14.33290 35.34810 0.27121
H 18.44400 38.93880 0.01609
H 15.27530 38.35560 0.13336
H 12.04740 37.69520 0.31653
H 16.23960 41.36040 0.00353
H 13.04490 40.72350 0.11662
H 9.84031 40.15000 -0.01303
H 14.10440 43.76040 -0.04184
H 10.91820 43.15770 -0.15074
H 7.79135 42.59730 -0.49692
H 12.03020 46.24220 -0.27656
H 8.95626 45.71400 -0.39486
H 5.91015 45.10470 -0.55930
H 6.26788 22.93610 0.86731
H 3.08772 23.06360 0.48780
H 7.94719 25.66870 0.96235
H 4.65897 25.72170 0.80940
H 1.44903 25.86120 0.51117
H 9.63750 28.35390 1.10208
H 6.41548 28.40630 1.05431
H 3.21226 28.56120 1.00779
H 5.01094 31.28930 1.15964
H 1.83929 31.42920 0.89170
C 23.14070 25.70740 2.25119
C 20.39750 27.29570 3.06129
C 14.54520 24.12520 3.36250
C 16.33000 28.59230 2.59737
C 23.31840 28.85860 2.34283
C 23.15150 32.35880 1.51160
C 22.86910 35.46720 -0.02136
C 24.52410 43.26890 0.59542
C 21.64650 44.12260 1.95752
C 20.41440 30.85300 2.89247
C 17.38870 33.11010 2.30985
C 15.48010 30.78890 0.24557
C 20.42080 35.14540 2.33341
C 13.21990 34.40760 2.28016
C 20.04270 38.28200 1.79625
C 10.79480 36.55580 2.18313
C 20.93250 41.33600 1.79583
C 17.98460 40.75730 1.61769
C 8.50515 39.00060 1.84845
C 4.34854 38.44420 -0.13148
C 15.85690 43.20460 1.57346
C 2.72100 41.40210 0.79206
C 13.74020 45.69000 1.42713
C 4.36240 43.93400 0.95334
C 2.24383 46.14260 0.88188
C 12.51760 24.36290 2.77926
C 11.97640 27.81280 1.68127
C 12.92770 30.85260 2.43964
C 9.76313 30.05370 2.86413
C 10.24000 33.28790 2.54902
C 5.38063 32.96310 2.96325
C 4.14087 35.88030 2.23538
C 0.61551 36.15310 2.32102
C 20.35090 24.16300 2.75516
C 17.42120 22.46330 2.92985
C 17.49280 25.49180 3.43794
C 16.24140 34.70560 1.73972
C 17.05510 37.82330 1.72286
C 13.88310 37.19400 1.83198
C 14.88220 40.26870 1.69840
C 11.49280 39.68740 1.75278
C 12.63200 42.66730 1.56311
C 9.29828 42.08890 1.38932
C 6.23303 41.44110 1.16346
C 10.56470 45.09800 1.34431
C 7.50668 44.44620 1.13609
C 5.44182 46.90720 1.02754
C 9.49512 24.72270 2.59377
C 6.20829 24.76190 2.44112
C 2.92546 24.82360 2.23200
C 7.97437 27.48480 2.65785
C 4.77474 27.44880 2.54917
C 1.40617 27.52050 2.32993
C 6.31368 30.06680 2.83119
C 3.21831 30.42570 2.63096
C 1.74996 33.12240 2.68657
C 19.98740 46.88770 -1.67616
C 16.98190 46.38130 -1.91285
C 14.87340 48.65170 -2.01201
C 16.20140 52.15800 -1.71925
C 13.79730 55.47930 -1.48675
C 16.80500 56.51380 -3.78606
C 19.84610 58.07370 -2.19212
C 21.52340 60.90910 -1.84722
C 23.58800 63.50780 -1.64996
C 18.65500 60.91670 -2.27982
C 16.18980 59.46730 -2.16466
C 13.36710 58.07590 -2.19198
C 10.07010 56.39410 -1.02320
C 22.04500 66.07760 -1.85776
C 19.72370 64.10010 -1.43015
C 10.45000 59.98880 -1.69485
C 22.79060 69.24250 -1.82702
C 10.89140 63.34340 -2.82835
C 11.23210 66.62630 -3.33083
C 8.77875 68.61170 -3.92490
C 13.47110 48.18080 -3.49774
C 6.66608 50.09680 -2.03412
C 3.37042 49.35670 -2.14961
C 10.82860 53.59110 -1.87264
C 7.62612 52.90710 -2.10092
C 4.44627 52.41540 -2.14605
C 1.29341 51.79200 -1.99952
C 6.88612 55.76170 -0.75247
C 8.38720 57.72040 1.07754
C 6.83257 60.32200 -2.29641
C 8.86801 62.80090 -2.74012
C 7.79156 65.74090 -3.24886
C 6.63262 68.67320 -3.86896
C 23.04880 47.01370 -1.38844
C 21.34580 49.63810 -1.39970
C 17.67750 49.59320 -0.71355
C 22.85350 52.32970 -1.48056
C 19.55820 52.28690 -1.54207
C 21.09350 55.18440 -1.72333
C 22.98350 57.89430 -1.71703
C 16.38240 63.28940 -2.58957
C 13.65210 61.34170 -1.84737
C 19.72570 67.77860 -2.31311
C 16.85010 66.30520 -2.61998
C 13.86020 64.93120 -2.84065
C 17.23200 69.60340 -2.85973
C 14.22290 68.06510 -3.14692
C 11.75950 69.82490 -3.86390
C 11.78750 48.03710 -1.95829
C 8.76575 47.57360 -2.00710
C 9.84815 50.60160 -1.90032
C 2.89011 55.25530 -1.23431
C 4.90053 57.97120 -1.90653
C 1.61724 58.40580 -2.07556
C 3.69928 60.85830 -2.45682
C 5.76385 63.32210 -2.88151
C 2.56787 63.91350 -3.04512
C 4.56267 66.29340 -3.43325
C 1.37825 66.87840 -3.55486
C 3.51973 69.37740 -3.99595
H 1.66491 49.83280 -0.22636
H 18.26380 47.30740 0.06435
H 15.91180 50.88270 0.35546
H 15.11930 53.83140 -0.21193
H 15.71630 57.02300 -1.98624
H 21.23820 58.99520 -0.32850
H 18.14630 59.01960 -0.68854
H 23.01180 61.68570 -0.05761
H 14.17900 56.59320 0.70781
H 11.89320 54.94600 -0.12241
H 21.80200 64.33860 -0.20755
H 19.76300 61.88530 -0.38202
H 16.70460 61.51860 -0.92796
H 14.44620 59.41210 -0.44866
H 11.57680 58.08080 -0.57261
H 23.05220 67.40150 -0.16534
H 11.59800 62.00010 -0.94651
H 11.86600 65.15540 -1.35411
H 9.35427 67.14890 -2.02270
H 9.77451 70.30570 -2.47616
H 13.16420 49.35640 -0.27466
H 3.77471 47.45030 -0.64058
H 11.07580 51.86730 0.01342
H 8.03485 51.20190 -0.35878
H 4.79637 50.57100 -0.51214
H 8.88569 54.29440 -0.51340
H 5.84899 53.49880 -0.39509
H 2.76404 52.88350 -0.32859
H 7.09439 55.41920 1.80060
H 6.49824 58.94740 -0.11710
H 8.53272 61.31380 -0.84408
H 7.41864 64.22940 -1.30762
H 6.29414 67.19150 -1.99500
H 5.27667 70.19910 -2.46068
H 24.63820 47.80340 0.29521
H 21.38370 47.75830 0.19055
H 22.92720 50.52330 0.21807
H 19.79060 50.50390 0.24112
H 21.21260 53.35560 0.03272
H 18.06950 53.11310 -0.25902
H 22.74740 56.12510 -0.02370
H 19.51540 56.11710 -0.46396
H 20.07560 66.26960 -0.48948
H 17.43620 64.66260 -0.87367
H 14.48480 63.48230 -1.00617
H 20.59010 69.34250 -0.62946
H 17.65440 68.01100 -1.03235
H 14.81730 66.57780 -1.26485
H 15.13200 69.78570 -1.63087
H 12.23540 68.39490 -1.85167
H 10.05460 48.76190 -0.27222
H 6.89929 48.15980 -0.53581
H 4.64382 56.42510 0.03599
H 1.31743 56.99880 -0.42152
H 3.36534 59.36750 -0.54449
H 5.40380 61.83060 -0.99789
H 2.26614 62.35520 -1.14501
H 4.29621 64.76130 -1.53075
H 1.15159 65.35890 -1.63582
H 3.17139 67.76200 -2.16004
H 2.09132 70.74150 -2.52086
C 19.90040 46.67170 1.80702
C 16.70050 46.07150 1.49311
C 14.71750 48.79210 1.17544
C 16.35270 52.64610 1.66733
C 13.55290 54.37780 1.59530
C 17.05110 55.33060 -0.67701
C 19.47920 58.12890 1.20893
C 21.15500 60.85910 1.36329
C 23.48090 63.62990 1.37835
C 18.01940 60.81100 0.99996
C 16.22800 57.90720 0.37383
C 13.03270 58.66410 1.41180
C 11.81460 56.84880 1.48827
C 21.61630 66.18640 1.35014
C 19.48440 64.15020 0.37390
C 10.40660 60.12910 0.17054
C 22.20880 69.28300 1.23529
C 10.95350 63.70350 0.51844
C 11.06310 66.94890 -0.18664
C 8.71743 69.09440 -0.65473
C 13.66160 51.82800 -0.14110
C 6.53800 49.96070 1.11229
C 3.37228 49.23700 1.10411
C 10.35830 53.83240 1.44569
C 7.69270 52.99150 1.24123
C 4.54108 52.22450 1.34411
C 1.42577 51.72930 1.51106
C 5.08722 55.57400 2.43655
C 8.10299 57.39550 3.08157
C 6.75391 60.86730 0.88681
C 8.82567 63.28560 0.54252
C 7.76066 66.16240 -0.30560
C 6.66361 69.18270 -0.66513
C 22.95200 47.03060 1.91444
C 21.18950 49.67550 1.76837
C 17.78280 49.49630 1.19291
C 22.72170 52.44780 1.70320
C 19.56060 52.49880 1.66729
C 20.98280 55.32260 1.54498
C 22.67780 58.04370 1.47675
C 16.20640 63.29880 0.71901
C 13.67910 61.58190 0.29425
C 19.18490 67.99320 0.86966
C 16.52240 66.45370 0.52374
C 13.60530 65.21290 0.42190
C 16.65060 69.79110 0.26457
C 13.89410 68.45240 0.01175
C 11.51380 70.37120 -0.70030
C 11.67360 48.07530 1.39687
C 8.53545 47.55800 1.20745
C 9.86898 50.70830 1.33180
C 2.57638 55.15060 0.67271
C 4.53648 58.41880 1.47920
C 1.57499 58.83570 1.10882
C 3.67113 61.47020 0.68747
C 5.63386 63.84460 0.33104
C 2.55480 64.39960 0.15809
C 4.57783 66.85400 -0.33875
C 1.52203 67.46160 -0.41259
C 3.51927 69.75750 -0.77003
C 9.40655 89.49320 -2.29244
C 11.07630 92.56030 -2.15816
C 7.76492 92.14050 -2.86640
C 4.43150 91.76750 -3.44891
C 1.07893 91.51770 -3.86343
C 4.70893 74.69480 -4.67844
C 9.73349 77.59930 -4.22407
C 6.55381 77.65800 -4.70244
C 3.50778 77.69640 -5.06469
C 13.59250 83.37660 -5.11118
C 10.15310 87.38010 -2.38147
C 6.34326 89.21390 -2.86673
C 3.00247 88.97140 -3.76826
C 22.81880 79.89260 -1.08283
C 19.71210 80.85730 -1.58299
C 16.83240 82.87490 -2.76326
C 13.04370 85.21260 -5.76937
C 13.21470 86.85510 -2.54811
C 12.57770 89.85780 -2.09089
C 14.71980 92.36440 -1.59773
C 17.42000 94.17970 -1.55531
C 23.16100 94.71400 -0.89630
C 23.27960 72.77480 -1.56904
C 23.47830 76.22620 -0.56032
C 20.94410 77.54330 -1.93688
C 9.04518 71.57410 -4.47626
C 15.39800 77.95370 -3.87586
C 12.80850 76.15670 -4.68966
C 8.18735 74.61220 -4.10890
C 15.54830 81.23320 -3.29383
C 5.61078 71.74510 -4.40363
C 2.31805 72.46170 -4.27291
C 5.79260 94.57200 -3.37892
C 2.44008 94.21390 -3.81419
C 7.99974 80.41900 -4.68750
C 4.83185 80.47890 -4.85710
C 1.64448 80.43780 -5.20074
C 10.06240 83.85260 -3.86363
C 6.20678 83.42680 -4.58254
C 3.04933 83.31270 -4.65308
C 7.64073 86.18440 -3.94541
C 4.63951 86.23880 -4.13417
C 1.35614 86.13470 -4.36686
C 22.25120 83.00080 -1.23360
C 19.41490 84.50690 -1.97642
C 16.43270 85.83000 -2.34366
C 21.80670 86.45950 -1.25342
C 18.81260 87.76990 -1.75809
C 15.70040 89.00120 -2.17003
C 24.17540 88.39210 -0.68433
C 21.20750 89.74460 -1.18455
C 18.06450 91.02860 -1.61023
C 23.88470 91.70130 -0.60646
C 20.65850 92.88330 -1.22151
C 20.20030 71.04720 -2.40026
C 20.51890 74.27360 -2.38809
C 17.74760 72.81360 -3.10257
C 14.85870 71.24490 -3.58375
C 18.07510 76.10150 -3.11520
C 15.44190 74.48610 -3.97732
C 12.04060 72.85930 -4.57018
C 18.35580 79.55300 -2.67218
H 10.65400 90.69110 -0.60232
H 7.53332 90.50980 -1.14448
H 12.03620 93.51190 0.00701
H 5.75361 92.85450 -1.64738
H 2.51651 92.41050 -2.04181
H 6.22881 75.80150 -3.07049
H 3.12131 76.01800 -3.33906
H 7.97428 78.66390 -2.86439
H 9.56382 81.45140 -2.90870
H 12.24410 82.83070 -2.98954
H 8.58432 87.90700 -0.51067
H 4.47806 89.78910 -1.96962
H 1.11924 89.54900 -2.30352
H 22.04370 78.03050 0.24001
H 21.37780 81.30390 0.38383
H 18.29890 82.64170 -0.71902
H 15.47330 83.95040 -0.95599
H 14.12940 85.43900 -3.42764
H 11.88810 87.82890 -0.68684
H 14.17790 90.22410 -0.63824
H 16.68210 92.27460 0.01089
H 14.76910 94.33840 -1.45466
H 19.29010 94.35110 -0.14331
H 23.68400 70.65360 -0.21778
H 23.71420 74.05680 0.62792
H 21.15820 75.57750 -0.46115
H 18.61780 77.48220 -1.45174
H 13.09970 74.71640 -3.25408
H 10.12750 73.38800 -3.18489
H 7.32383 72.62140 -2.99215
H 15.91720 79.27010 -1.75242
H 13.04090 77.97910 -2.68524
H 4.23114 73.12850 -2.81350
H 8.98454 93.27120 -1.03364
H 4.84468 78.66510 -3.24432
H 1.51920 78.44900 -3.86745
H 6.34134 81.44050 -3.10561
H 3.04893 81.25240 -3.32157
H 7.77558 84.25880 -2.87157
H 4.52973 84.11450 -2.90836
H 1.28464 84.00390 -3.05787
H 5.96458 86.83620 -2.10910
H 2.82330 86.82100 -2.52821
H 24.26340 80.02570 0.90702
H 23.71810 83.40810 0.72845
H 20.84020 84.60580 0.05479
H 17.97700 85.84490 -0.44970
H 14.98000 87.06910 -0.79821
H 23.24770 86.60840 0.75007
H 20.36710 87.84170 0.17211
H 17.32680 89.05640 -0.27065
H 22.76810 89.85620 0.75023
H 19.69960 91.05960 0.28139
H 22.24120 93.08360 0.73879
H 20.97260 72.53080 -0.67019
H 18.03170 71.19930 -1.24208
H 18.32300 74.37710 -1.33466
H 15.56250 72.97640 -2.02445
H 12.67550 71.62220 -2.50401
H 15.74400 76.15660 -2.24004
C 8.78599 89.98210 0.83419
C 10.30160 92.60380 1.01298
C 7.15076 92.39110 0.32057
C 4.13757 91.54710 -0.30409
C 1.07872 91.17460 -0.42919
C 4.40324 75.17920 -1.45992
C 9.54762 77.88790 -1.09630
C 6.19942 77.70600 -1.42464
C 2.94207 77.98130 -1.90068
C 11.94030 80.27450 -2.80501
C 10.02570 87.17820 0.98097
C 6.17786 88.62780 -0.50248
C 2.79241 88.52310 -0.72613
C 22.11020 79.61830 2.05377
C 19.25970 80.46990 0.31579
C 16.12330 82.11090 0.53584
C 13.48440 83.55480 -1.64234
C 12.93000 86.15790 0.37989
C 12.22870 89.67950 0.95056
C 14.26120 92.55790 0.37638
C 17.40460 93.70090 1.59887
C 22.58480 94.65480 2.20532
C 22.53320 72.41440 1.34294
C 22.41810 76.00920 1.58320
C 19.78090 77.23080 0.71268
C 9.13161 72.06920 -1.30521
C 14.02340 77.54550 -1.03909
C 10.76920 76.87230 -2.49285
C 8.30848 74.84210 -2.33381
C 14.64690 80.72240 -0.14021
C 5.79943 72.26740 -1.12345
C 2.47724 72.71680 -1.03058
C 5.28745 94.73180 -0.21120
C 2.29824 94.33370 -0.58154
C 8.07897 80.77440 -1.36200
C 4.66817 80.48500 -1.62144
C 1.36540 80.07290 -2.03371
C 10.05420 83.80890 -1.95612
C 6.10935 83.14350 -1.33476
C 2.86063 82.96030 -1.49888
C 7.64549 85.64510 -0.75150
C 4.43866 85.71020 -0.94104
C 1.19847 85.54420 -1.16475
C 21.49330 82.91840 1.81334
C 18.62850 83.94640 1.08891
C 15.92130 85.54370 0.89372
C 21.10910 86.22920 1.89629
C 18.24330 87.46230 1.38762
C 15.24090 88.66230 1.03012
C 23.51270 88.30200 2.53458
C 20.60960 89.48620 1.97309
C 17.62770 90.62540 1.63323
C 23.10060 91.56460 2.50263
C 20.02380 92.91180 1.85937
C 19.50600 71.10400 0.69105
C 19.63100 74.11340 0.71954
C 16.85210 72.93780 0.03966
C 14.13320 71.69910 -0.50648
C 16.94640 76.11590 -0.22020
C 14.22050 74.70320 -1.01953
C 11.67800 73.64480 -1.40381
C 16.87930 78.19470 0.23947
C 38.26140 0.10176 1.71130
C 36.13440 -0.05511 0.80509
C 39.41000 2.83769 1.85876
C 47.96770 9.10220 1.66578
C 44.91090 8.72322 1.71932
C 41.85490 8.33279 1.55200
C 42.67200 11.30600 1.22782
C 33.40360 -0.63529 2.25551
C 27.46860 0.46398 0.26424
C 35.52010 2.78778 2.19229
C 37.20010 5.41103 1.39373
C 38.75730 8.21611 1.14128
C 25.90500 8.75766 -0.26454
C 40.50410 10.88030 0.94471
C 39.30160 13.72200 0.10922
C 26.35520 14.21980 -0.72728
C 28.12850 16.95990 -0.67188
C 36.27780 19.94800 -0.48828
C 32.82650 19.75180 -0.39085
C 29.50070 19.72560 -0.38091
C 25.81960 20.26790 -0.30336
C 49.00120 10.81960 1.10625
C 45.81840 11.93660 1.67531
C 42.57610 13.51780 -1.72080
C 42.23720 16.97380 -1.06178
C 39.66960 19.65040 -1.25714
C 39.92990 21.71610 -1.15066
C 47.37510 0.95076 3.15788
C 44.35020 0.54840 2.97668
C 41.33880 0.32369 2.49574
C 48.71260 3.82509 2.75502
C 45.60090 3.48226 2.70602
C 42.49340 3.07748 2.41016
C 46.92330 6.28863 2.25126
C 43.82120 5.84738 2.14252
C 40.53220 5.59025 1.82721
C 30.49000 0.08619 1.27528
C 32.36890 2.76506 1.42984
C 29.23160 2.95926 0.57360
C 26.11840 2.95977 -0.12707
C 33.94760 5.47596 1.26781
C 30.84570 5.65021 0.75944
C 27.73000 5.82785 0.15416
C 35.55850 8.26206 0.86439
C 32.39420 8.32736 0.62582
C 29.25100 8.44136 0.19629
C 37.40370 11.05630 0.61938
C 34.17200 11.05470 0.37957
C 30.97210 11.10940 0.12652
C 27.76420 11.35120 -0.24844
C 35.74460 13.74030 -0.07484
C 32.66550 13.85060 -0.10453
C 29.52090 14.01090 -0.32903
C 37.69590 16.43840 -0.41421
C 34.25790 16.71840 -0.46079
C 31.22780 16.87270 -0.31612
C 48.79050 13.83140 0.40113
C 45.71550 15.17040 0.03266
C 48.58570 16.96560 -0.44422
C 45.61680 18.38910 -0.93411
C 42.79640 20.43310 -1.50305
C 48.55840 20.13200 -1.13679
C 45.63970 21.71390 -1.54246
H 36.39220 0.76379 3.13653
H 40.60480 3.98852 3.65468
H 37.56650 3.73227 3.17156
H 48.35150 7.60755 3.71735
H 41.95350 6.79285 3.40897
H 46.32730 10.04730 3.15830
H 43.14060 9.75063 3.12551
H 30.12710 95.79590 3.21912
H 27.41790 95.69440 1.63332
H 31.95020 1.16117 3.09713
H 25.51390 1.19156 1.47676
H 33.59580 4.01354 3.25633
H 38.65860 6.62366 2.99164
H 35.49440 6.58576 2.76731
H 40.08100 9.39209 2.86885
H 38.90100 12.25110 2.20052
H 26.09320 12.47440 1.12876
H 40.43330 15.18140 1.37171
H 37.40750 14.76650 1.39825
H 36.10150 17.77110 0.92461
H 26.49490 17.92660 0.59952
H 34.27190 20.70110 0.93621
H 31.16380 20.39870 1.50519
H 28.13980 20.75380 0.70712
H 47.96010 12.63810 2.40495
H 44.94630 14.26520 2.29235
H 43.17980 14.75800 -0.25887
H 41.69520 19.03680 -0.15930
H 39.20460 20.63490 1.03853
H 24.45550 95.58160 0.90924
H 47.41870 -0.64254 4.96618
H 44.30500 -1.05378 4.82017
H 41.28970 95.79190 4.16473
H 38.30540 95.47060 3.19538
H 48.74050 2.27864 4.66567
H 45.61880 1.89458 4.53790
H 42.53040 1.54223 4.25113
H 39.40900 1.15251 3.59186
H 46.99320 4.80371 4.20637
H 43.76000 4.35466 4.05403
H 45.13610 7.23638 3.65009
H 28.68470 1.24965 2.28187
H 30.43580 3.96791 2.47868
H 27.35290 3.99973 1.71762
H 32.22180 6.75251 2.51032
H 29.04940 6.77383 1.97756
H 25.87220 6.85457 1.40999
H 37.02980 9.41865 2.41027
H 33.90600 9.45134 2.24734
H 30.67420 9.46904 1.92041
H 27.51660 9.61362 1.51594
H 35.68390 12.23340 1.89293
H 32.48590 12.25800 1.71534
H 29.28440 12.31840 1.45960
H 34.26730 15.04890 1.39331
H 31.04920 15.03470 1.32517
H 27.86120 15.17020 1.07829
H 32.87130 17.81990 1.27112
H 29.54860 17.81400 1.22239
H 47.62360 15.74810 1.43245
H 44.66430 17.25880 1.11252
H 47.46700 18.86530 0.69261
H 44.63620 20.32820 0.22128
H 41.93250 22.11650 0.12677
H 47.41300 21.89740 0.06030
C 37.77880 -0.11072 4.87401
C 34.68200 -0.53067 4.12045
C 38.92930 3.00621 5.09694
C 48.04650 9.82692 4.83047
C 44.79230 9.35005 4.90352
C 41.54380 8.77210 4.71480
C 42.40350 11.80180 4.36403
C 33.19680 0.54928 5.18254
C 26.75650 0.14104 3.28684
C 35.50730 2.77420 4.16357
C 36.98990 5.70816 4.55825
C 38.33480 8.63499 4.36677
C 25.67640 8.77074 2.93591
C 40.28280 11.49640 4.11308
C 38.93910 14.51700 3.34005
C 25.95610 14.46680 2.49955
C 27.74630 17.03940 2.71137
C 36.79820 20.23990 1.37195
C 33.08390 19.61730 2.99914
C 29.16370 19.66620 2.85490
C 25.78600 20.19720 1.63053
C 48.94880 11.67940 4.37986
C 45.76740 12.32360 3.59125
C 42.59800 14.15700 2.29198
C 42.24720 16.85840 0.95854
C 40.50780 19.18130 2.08808
C 40.16020 22.45220 1.87028
C 47.22770 1.35355 6.29188
C 43.98550 0.98207 6.11366
C 40.74200 0.48087 5.51215
C 48.64610 4.36146 5.95812
C 45.36020 3.97491 5.81724
C 42.04390 3.51639 5.56068
C 46.77110 6.91572 5.46532
C 43.49260 6.43471 5.26334
C 40.15370 6.01235 4.87575
C 29.87430 0.66587 4.39261
C 31.62010 3.24635 4.49787
C 28.47180 3.21446 3.73141
C 25.44600 2.96648 3.10320
C 33.66210 5.84649 4.40054
C 30.35270 5.96781 3.89623
C 27.19250 5.91183 3.25972
C 35.36480 8.67572 4.10192
C 32.10120 8.83521 3.82195
C 28.84570 8.74273 3.41275
C 37.12120 11.50590 3.76329
C 33.99650 11.55210 3.52223
C 30.73980 11.52990 3.29124
C 27.48540 11.55580 2.98095
C 35.81450 14.32520 3.18661
C 32.62200 14.31810 3.06433
C 29.27400 14.31190 2.91151
C 38.53630 16.92480 1.21445
C 34.79460 17.14120 2.74073
C 31.20350 16.99640 2.84535
C 48.55030 14.74960 3.52561
C 45.64260 15.88050 3.10283
C 48.36910 17.74360 2.68582
C 45.43610 19.00350 2.21014
C 42.58720 20.43790 1.67182
C 48.32790 20.75440 2.01923
C 45.51450 22.12920 1.60171
C 48.70610 29.48800 -0.48609
C 47.30450 32.29350 -0.76180
C 49.03830 35.29640 -0.93473
C 47.78960 38.02480 -1.31733
C 37.13360 23.20920 -1.47672
C 39.60850 25.68650 -1.23479
C 42.55860 27.06310 -1.79859
C 48.32060 26.59830 -2.17659
C 45.54670 28.62370 -2.23413
C 36.37880 25.21890 -1.66370
C 33.44180 23.50230 -1.16992
C 29.45170 22.99190 0.46651
C 40.14470 29.38700 -1.92593
C 37.09410 28.30910 -1.72629
C 27.86870 25.25570 -1.66346
C 43.61850 33.11890 -1.24335
C 40.58460 32.61830 -1.94586
C 25.24690 27.50760 -1.56876
C 41.51320 36.38140 -1.04205
C 38.78690 37.90460 -1.51597
C 36.76650 40.51060 -1.21164
C 34.23770 42.14750 -1.65234
C 30.88210 41.12600 -1.56519
C 27.72340 40.07030 -3.02107
C 24.32170 39.04800 -3.26405
C 24.10010 42.48610 -3.74087
C 31.19100 44.40030 -1.15115
C 28.02550 44.02480 -1.22662
C 32.35650 47.14270 -1.19077
C 45.48680 35.62830 -0.64463
C 44.26270 38.71510 -1.69936
C 41.12890 39.99270 -1.71721
C 46.60910 40.78930 -2.11622
C 40.60940 43.40860 -1.58758
C 37.49710 44.69840 -2.15317
C 34.73950 45.53320 -0.78018
C 46.26720 44.16610 -2.18626
C 42.73570 23.52030 -1.71561
C 48.43780 23.15630 -1.79510
C 45.53800 24.75120 -2.25417
C 33.95420 27.25090 -1.72971
C 30.99240 26.02310 -1.52706
C 37.63040 31.54600 -1.76043
C 34.62170 30.56060 -1.70537
C 31.55600 29.37000 -1.68693
C 28.47370 28.20550 -1.55121
C 38.28160 34.76070 -1.68844
C 35.18150 33.57900 -1.73889
C 32.20740 32.45840 -1.77173
C 28.98290 31.40930 -1.72788
C 25.72900 30.42660 -1.38616
C 35.89810 36.81760 -1.71180
C 32.81330 35.63830 -1.85582
C 29.80030 34.58120 -1.99307
C 26.73140 33.48040 -1.89698
C 33.40230 39.00110 -1.67782
C 30.44420 37.82560 -1.94792
C 26.70460 36.72150 -1.89739
C 29.36100 46.95800 -1.03364
C 43.44820 41.95900 -1.97681
C 43.33310 45.29250 -1.69653
C 40.45200 46.31770 -1.32169
H 47.29150 30.72220 1.28143
H 48.84730 33.54300 0.82181
H 47.48670 36.44220 0.61629
H 38.92680 23.68700 0.02968
H 41.83260 25.22400 -0.29771
H 40.63210 27.74260 -0.40558
H 47.24980 28.08440 -0.52121
H 44.25800 29.38430 -0.08516
H 37.64590 26.63570 -0.08508
H 34.54680 25.50530 0.00306
H 31.54280 24.32270 0.29978
H 41.39740 30.93850 -0.16340
H 38.36030 29.80840 -0.21752
H 29.22470 26.55770 0.13270
H 26.27920 25.45370 -0.26556
H 41.84550 34.09900 -0.36714
H 39.34540 36.06620 0.02675
H 40.68790 38.40990 0.05127
H 24.59350 33.62600 -0.33035
H 37.42070 41.23370 1.20477
H 31.51260 39.18300 -0.06042
H 28.56950 38.00120 -0.87772
H 24.29100 37.41130 -1.16596
H 35.28250 43.35620 0.26710
H 32.29900 42.43830 -0.12145
H 27.94220 42.34040 -0.20808
H 32.68330 45.36120 0.45711
H 29.50780 45.05920 0.55821
H 45.70520 33.27490 0.34624
H 43.67420 37.10630 0.03992
H 46.09370 39.23890 -0.13167
H 43.07480 40.25600 -0.23170
H 40.28980 41.56080 0.24229
H 38.07260 42.79380 -1.26165
H 45.48510 42.26770 -1.07437
H 44.68970 23.55820 -0.22936
H 47.35680 24.98280 -0.62400
H 44.60360 26.49840 -1.39641
H 35.18850 28.72500 -0.14527
H 32.19070 27.62080 -0.04421
H 38.88070 32.93960 -0.15624
H 35.87130 31.86660 -0.07940
H 32.76510 30.79100 -0.08955
H 29.74080 29.74000 -0.07978
H 26.72040 28.62030 0.11562
H 36.38890 34.99460 -0.09762
H 33.34510 33.93720 -0.16945
H 30.30550 32.86650 -0.25445
H 27.21800 31.79170 -0.06157
H 36.89650 38.33490 -0.01944
H 33.94470 37.10170 -0.17999
H 30.90780 35.99560 -0.28614
H 27.81110 34.94670 -0.54847
H 34.60760 40.32970 -0.02860
H 26.30340 44.95070 0.45178
H 42.63930 43.49540 -0.20303
H 39.82980 44.67080 0.42814
H 36.96940 45.92180 0.01132
H 45.30860 45.57930 -0.23343
H 42.39080 46.70130 0.13774
C 48.84080 29.88770 2.55930
C 46.92320 32.98360 2.33590
C 48.83840 35.65910 2.18534
C 47.35780 38.59730 1.88283
C 37.24550 23.52660 1.81133
C 39.75730 25.84930 0.84538
C 42.90940 27.30210 0.33930
C 47.30360 26.74600 1.13702
C 45.71260 29.60100 0.80945
C 36.43280 25.45470 1.70118
C 33.90790 23.21850 0.75716
C 30.88840 22.49710 2.21180
C 40.35600 29.58160 1.28591
C 37.09170 28.48360 1.43406
C 28.18860 24.78280 1.51233
C 43.66030 31.84360 0.55648
C 40.88400 33.07760 1.37583
C 25.93510 27.06580 1.82804
C 41.59190 36.28850 0.86461
C 38.74020 37.94510 1.50194
C 36.22310 39.98620 1.83876
C 33.89390 41.92720 1.70674
C 30.13190 41.18700 0.25552
C 27.88850 39.96020 -1.15368
C 23.13390 38.64140 -0.11206
C 25.56950 41.71160 -0.57517
C 31.34860 43.83920 1.74578
C 27.91510 43.73120 1.97161
C 32.49210 47.03470 2.19884
C 45.25710 35.52690 1.24133
C 44.18530 38.79890 1.46387
C 41.64100 39.84900 1.73997
C 46.14880 41.33880 1.11226
C 41.35010 43.28740 1.87218
C 37.59990 43.79410 1.07739
C 34.95550 45.50140 1.34262
C 46.93850 44.17810 -0.32655
C 42.90960 23.94560 1.41225
C 48.25010 23.77110 1.28820
C 45.50960 25.67910 0.72999
C 34.06100 27.30990 1.58901
C 31.16940 26.08560 1.69606
C 37.71060 31.45950 1.47261
C 34.57710 30.46430 1.52681
C 31.56550 29.37290 1.55312
C 28.64750 28.34770 1.66640
C 38.19260 34.59540 1.55350
C 35.09070 33.58050 1.51333
C 32.09750 32.53480 1.44716
C 29.09070 31.55520 1.46431
C 26.31380 30.40980 1.80161
C 35.68150 36.74360 1.52636
C 32.63610 35.70820 1.41016
C 29.48800 34.65420 1.25577
C 26.30250 33.75790 1.22077
C 33.16900 38.90440 1.41200
C 29.92680 37.72920 1.18109
C 26.41510 36.95670 0.05637
C 29.35810 46.83690 2.16072
C 44.17700 41.97290 1.01467
C 43.61140 45.03270 1.46223
C 40.72070 46.41150 1.97175
H 36.84250 59.86070 0.31127
H 34.22590 58.29360 0.05414
H 39.99690 63.14830 0.36133
H 36.98710 62.62280 0.24765
H 44.14280 67.70370 0.46428
H 40.77580 66.35430 0.27567
H 28.80490 62.06640 0.39685
H 44.31320 70.83780 0.60638
H 24.98980 64.78070 -0.28955
H 26.00710 68.29850 -0.17070
H 27.36520 71.11690 0.66582
H 34.09810 61.40550 0.34894
H 37.67210 65.55890 0.20689
H 34.53880 64.54350 0.29988
H 31.58080 63.35560 0.32124
H 41.49940 69.52210 0.18085
H 38.36810 68.58790 0.19044
H 35.20020 67.55430 0.31767
H 32.00490 66.51940 0.26922
H 29.01790 65.25290 0.16327
H 35.89530 70.65280 0.36345
H 32.71690 69.65030 0.35937
H 29.69780 68.85490 0.55744
C 47.78160 65.48980 -2.79099
C 48.79910 68.97110 -0.44327
C 34.57990 49.82260 -0.31032
C 35.57690 53.23080 -2.11982
C 33.38530 55.91280 0.51666
C 30.92220 55.16810 -0.97369
C 29.91590 58.35240 -0.53794
C 27.58730 60.79490 -1.39257
C 24.67460 60.71960 -1.57107
C 36.44270 58.03380 -1.20448
C 38.82040 61.09440 -0.27250
C 35.78700 61.22270 -1.38056
C 33.09310 60.05880 -1.43547
C 42.99630 65.96280 -1.04171
C 39.45720 64.88990 -1.35726
C 30.56780 61.86890 -1.36075
C 43.48630 69.48870 -1.30633
C 27.15920 64.24110 -1.27652
C 25.05490 66.98660 -1.66807
C 25.96830 70.39560 -1.40971
C 37.64820 47.93210 -1.22851
C 37.39640 51.07070 -0.81359
C 36.97870 54.57930 -1.72524
C 39.52450 56.26910 -1.44193
C 41.79890 58.33840 -1.27455
C 47.77260 58.70680 -0.95523
C 41.85920 61.90530 -1.01855
C 47.02780 61.94470 -0.89130
C 45.25500 63.24940 -0.84836
C 26.22460 46.73440 -1.25084
C 30.89470 49.71640 -1.05226
C 27.66880 49.58490 -1.13977
C 24.62570 49.66170 -1.29476
C 32.45770 52.34090 -1.29745
C 29.12450 52.34220 -1.18536
C 26.06080 52.39100 -1.30725
C 27.75730 55.28710 -1.19825
C 24.50300 55.20130 -1.47360
C 26.22380 57.90480 -1.41748
C 36.30570 64.29070 -1.38422
C 33.39610 63.10660 -1.25092
C 40.18670 68.15900 -1.40951
C 36.95020 67.28790 -1.37823
C 33.87370 66.26780 -1.30646
C 30.59090 65.05700 -1.26437
C 37.55490 70.31510 -1.37670
C 34.56740 69.37250 -1.25480
C 31.35890 68.35850 -1.23742
C 28.25610 67.37300 -0.81954
C 32.16190 71.54850 -1.08088
C 29.13850 70.61640 -1.09705
C 46.10840 47.51220 -1.60624
C 43.16170 48.53870 -1.33170
C 40.22140 49.58460 -1.26881
C 45.98520 50.50740 -1.18160
C 42.84440 51.69580 -1.21420
C 39.88130 52.99390 -1.34876
C 45.48250 53.63690 -1.20724
C 42.42200 54.96670 -1.27424
C 48.08890 55.57170 -1.12183
C 45.13230 56.74720 -1.25342
C 44.68070 59.98160 -1.09623
H 47.34260 64.59600 -0.86808
H 48.91450 66.82350 0.94066
H 46.96360 69.22050 0.80946
H 34.08600 47.56800 0.42335
H 32.44940 50.61050 0.62412
H 33.99350 53.48870 -0.06655
H 31.91790 57.48140 1.96327
H 31.29890 60.11950 0.22320
H 27.64820 58.99930 0.28530
H 25.99250 61.70070 0.26080
H 36.72710 49.09850 0.71232
H 47.87820 47.51900 0.13274
H 39.17780 51.20330 0.23111
H 38.70920 54.53580 0.13354
H 35.89970 55.90460 0.11045
H 38.45000 57.69570 0.33285
H 41.02580 59.93890 0.08346
H 46.47820 60.08570 0.59602
H 43.84740 61.72920 0.51766
H 30.90810 47.91180 0.58149
H 27.74520 47.81070 0.56034
H 29.21680 50.59580 0.46927
H 26.09960 50.60960 0.37836
H 30.76870 53.34610 0.32738
H 27.52800 53.42010 0.40701
H 24.37100 53.34920 0.12509
H 29.20220 56.24520 0.60355
H 25.97710 56.13900 0.24148
H 24.46910 58.86260 0.00063
H 39.53230 47.83810 0.36424
H 44.97170 48.72730 0.29144
H 42.02960 49.93280 0.40591
H 47.63150 50.66370 0.28014
H 44.65840 51.95590 0.42489
H 41.70450 53.22190 0.38423
H 47.23400 53.87280 0.51072
H 44.25240 55.10730 0.34091
H 41.28720 56.45720 0.33039
H 46.84530 56.96590 0.49671
H 43.83260 58.23600 0.23007
C 46.54050 66.78100 0.18827
C 48.34370 68.32070 2.81502
C 34.50760 49.65190 1.63911
C 35.75110 52.71060 1.53150
C 32.18290 57.25830 3.98436
C 30.61430 55.13830 2.12911
C 29.75820 58.51760 1.38568
C 27.41180 60.74230 2.03102
C 24.35990 60.65610 1.69144
C 36.24820 57.90940 1.63828
C 38.97760 59.86750 1.46836
C 35.85690 61.28490 1.99970
C 33.14370 59.73570 1.83348
C 42.98670 65.33040 0.71821
C 39.42050 64.74030 1.80224
C 30.61080 61.77430 1.96153
C 43.33060 68.86480 1.78416
C 27.09540 63.82130 0.63603
C 24.81410 66.65140 1.37539
C 25.24750 69.95050 1.58008
C 37.71090 47.21190 1.93783
C 37.96410 50.39470 2.32231
C 36.87650 54.36180 1.81561
C 39.43850 56.08890 1.95848
C 41.87370 58.40000 1.80082
C 47.47370 58.57850 2.22480
C 41.73530 62.24750 0.90899
C 46.80010 61.77250 2.38846
C 45.08530 63.05380 2.22574
C 26.07460 46.56170 1.90281
C 30.73680 49.71130 2.18852
C 27.59530 49.68270 2.07409
C 24.47600 49.64820 1.89405
C 32.52610 52.45570 1.93168
C 29.14240 52.47580 1.99369
C 25.81580 52.48100 1.91416
C 27.43910 55.28210 2.04529
C 24.23060 55.22730 1.70125
C 25.95560 58.05750 1.78992
C 36.36870 64.33990 1.88895
C 33.42490 63.14300 1.91301
C 40.25170 68.02580 1.76128
C 37.10790 67.27130 1.84786
C 33.82500 66.24250 1.90120
C 30.75280 65.08890 1.89268
C 37.80650 70.29890 1.87523
C 34.56350 69.27750 1.93323
C 31.25830 68.29600 1.92532
C 27.93400 67.28020 1.11624
C 32.15750 71.33990 2.11629
C 28.80160 70.66190 2.10846
C 46.00800 46.95180 1.71115
C 43.06270 48.34990 1.88595
C 40.05640 49.62680 1.91189
C 45.75830 50.36760 1.93108
C 42.75280 51.71320 2.01204
C 39.72390 53.02120 1.81637
C 45.28450 53.67320 2.05666
C 42.38910 54.99930 1.97352
C 47.89900 55.53720 2.20097
C 44.92300 56.82580 1.96335
C 44.47960 59.87370 2.03135
H 41.84880 72.70570 -0.26489
H 39.43940 74.87140 0.16851
H 37.18160 76.94750 1.39956
H 25.80570 72.91510 -1.35477
H 34.55580 78.81970 2.17377
H 31.73740 78.02750 0.97406
H 28.91320 77.12980 -0.17132
H 25.92280 76.00620 -0.75274
H 38.96700 71.63160 0.17529
H 36.50720 73.72650 0.60602
H 33.46530 72.73210 0.57374
H 30.37850 71.93620 0.57840
H 34.18750 75.91350 0.84812
H 31.16430 74.99000 0.52317
H 28.10350 74.24220 0.23251
C 43.72120 89.00800 2.96788
C 36.98730 89.12350 1.52730
C 48.02780 92.76350 3.70543
C 45.10630 91.71840 4.52211
C 42.25470 91.85930 2.76768
C 39.40740 91.73080 1.54248
C 35.38810 91.87070 0.84418
C 34.11360 93.59140 0.97606
C 45.92910 74.57890 1.70233
C 42.90010 75.75000 3.01604
C 40.86660 77.86110 1.58488
C 38.61360 80.06860 0.40060
C 38.68890 83.21500 1.00732
C 38.55500 86.35510 1.60809
C 40.44980 88.36090 3.50054
C 46.63350 87.74330 3.19947
C 46.45190 71.39260 -0.44465
C 29.64000 95.46130 0.76684
C 25.54230 78.43850 -0.41631
C 30.01960 79.37320 -0.20454
C 27.87920 80.53310 -0.04913
C 35.35380 82.81780 2.26945
C 32.80490 84.67200 1.23105
C 35.57120 86.07930 1.66501
C 32.53690 87.77980 1.21751
C 32.11120 91.22040 2.33354
C 29.36450 92.31970 1.13009
C 43.74110 72.47880 -1.28309
C 41.08740 74.52260 -1.71655
C 38.30350 76.60650 -0.92443
C 26.30450 74.88610 -2.98923
C 36.70030 79.26930 0.66585
C 31.21310 76.78490 -1.13972
C 28.08510 75.55590 -1.95841
C 46.10020 95.29190 3.42866
C 43.25740 94.83250 3.02324
C 40.33990 94.77850 2.11634
C 37.53960 94.45140 1.07265
C 46.26590 78.14350 2.11605
C 43.68380 79.71960 2.11072
C 41.24730 81.35800 1.64380
C 46.43820 81.42170 2.54161
C 43.76220 83.02070 2.44960
C 41.16590 84.70250 2.11290
C 46.44040 84.67750 2.87734
C 43.71530 86.14670 2.78508
C 25.17580 81.83350 -0.49487
C 30.46280 82.60470 0.55341
C 27.50410 83.81890 0.01402
C 24.71800 85.21150 -0.66291
C 30.03240 85.90760 0.76180
C 27.21250 87.12680 0.09308
C 29.62010 89.00260 0.73339
C 26.83690 90.29080 -0.05810
C 26.24230 93.97760 0.40751
C 40.64270 71.07370 -1.56743
C 38.08830 73.38030 -1.26772
C 35.24050 72.46890 -1.08291
C 36.26020 75.86300 -0.60102
C 33.16110 74.66210 -0.89770
C 30.18350 73.65090 -1.17079
C 33.86510 78.10240 -0.25981
H 41.83810 90.30090 4.21379
H 38.61260 90.00610 3.32880
H 46.29880 93.71430 5.23121
H 37.18780 92.69780 2.32035
H 33.19930 93.23930 3.41776
H 35.37970 95.30490 2.07524
H 45.29440 76.52680 3.33044
H 42.45530 78.16390 3.57646
H 39.87490 79.74310 2.53307
H 37.15340 81.42130 2.00163
H 47.98280 78.07120 4.15141
H 37.25070 84.48170 2.51117
H 36.97990 87.29390 3.20833
H 39.79460 85.98830 3.72502
H 45.00600 89.24600 4.58448
H 47.35130 90.95870 5.24830
H 46.92670 72.27380 1.91701
H 24.74040 76.94460 1.48513
H 27.09650 78.79810 1.57464
H 29.56600 80.96290 1.71067
H 31.87690 82.87530 2.70510
H 34.21980 84.76270 3.40516
H 34.11940 87.88690 2.83975
H 31.05920 89.21860 2.74952
H 28.04930 90.34970 2.10406
H 25.26410 91.79450 1.16368
H 30.09510 92.53580 3.24055
H 43.09130 93.19930 4.77984
H 40.13420 92.87180 3.62431
H 45.35920 79.71580 3.92063
H 42.62710 81.26870 3.71769
H 39.92170 82.84760 3.11661
H 48.17750 81.32370 4.29102
H 45.40990 82.88240 4.23229
H 42.59700 84.40430 4.07547
H 48.23600 84.55010 4.51580
H 45.33890 86.08050 4.62080
H 42.46860 87.40940 4.43506
H 48.11470 87.87100 4.81747
H 26.59320 82.05850 1.48851
H 29.00000 84.06810 1.99411
H 26.12480 85.33050 1.37205
H 31.45620 86.08670 2.75968
H 28.53400 87.28800 2.13764
H 25.63410 88.56980 1.30724
C 43.01980 89.13110 6.09367
C 36.05200 89.52890 3.21553
C 47.99350 92.80770 6.75321
C 44.57450 92.38360 6.42141
C 41.10360 92.06840 5.75191
C 38.11900 91.71440 4.60353
C 34.91230 93.18010 5.20418
C 31.71140 94.46030 3.85010
C 46.38620 74.25890 3.48774
C 43.17170 76.19730 4.83372
C 40.40040 78.73170 4.77735
C 37.72510 79.76020 3.78926
C 37.75740 82.70320 4.18501
C 37.63800 85.45440 4.69761
C 40.23040 87.65980 5.38849
C 46.07190 87.67930 6.30888
C 45.76410 70.65720 2.65889
C 28.51410 94.57010 3.61692
C 24.95300 78.85140 3.01850
C 31.32480 79.67610 2.71828
C 27.65140 80.64170 3.24881
C 33.10270 80.76060 2.93503
C 32.41640 84.61160 4.56728
C 35.24210 86.59700 4.84122
C 32.08280 87.75730 4.48840
C 31.91750 91.13110 4.18638
C 28.57020 91.17900 4.49633
C 43.00120 72.33360 1.94317
C 41.79200 75.19680 -0.09491
C 39.35240 76.34210 2.21633
C 26.02240 73.20270 1.22671
C 36.52260 78.05760 3.63527
C 30.24410 76.72650 2.00968
C 27.15820 76.26690 1.40713
C 45.86820 95.67760 6.60892
C 42.55740 95.16460 6.17811
C 39.42240 94.63020 5.18917
C 36.31680 94.28240 4.08181
C 46.14150 77.84220 5.44232
C 43.39860 79.65950 5.38737
C 40.44970 80.92520 4.64785
C 46.21070 81.13490 5.75464
C 43.37300 82.62350 5.59519
C 40.44150 84.10430 5.16993
C 46.25420 84.28940 6.04647
C 43.34120 85.75570 5.98741
C 24.38020 81.90610 2.53780
C 29.98570 82.52550 3.72551
C 26.86080 83.83370 3.18321
C 23.99120 85.05830 2.52214
C 29.27430 85.68400 3.83322
C 26.35890 87.04890 3.12817
C 28.97040 88.96780 3.97306
C 25.84040 90.24780 3.10686
C 25.68290 94.00130 2.23493
C 40.98330 71.30620 1.64249
C 38.52590 73.36710 1.90659
C 35.27260 72.26950 2.12980
C 35.84580 75.18160 2.50861
C 32.79660 74.43580 2.19885
C 29.72470 73.81280 2.06181
C 33.40050 77.34680 2.77265
C 54.47220 95.51410 3.45802
C 51.67000 95.06990 4.95834
C 49.18320 95.89390 3.48023
C 55.13790 3.87201 2.44837
C 52.11850 4.14384 2.86210
C 50.14800 6.58987 2.21692
C 59.35980 0.18662 2.09351
C 58.38600 3.33523 1.92845
C 57.24110 6.40633 2.03935
C 59.68650 7.93470 1.00957
C 72.86540 10.14490 -2.70182
C 67.78160 10.22980 -1.22312
C 64.82580 10.70260 0.41143
C 60.88010 10.93230 0.25831
C 70.68950 13.05160 -1.65575
C 67.58860 12.29390 -0.96539
C 65.77050 14.55490 -0.65497
C 62.78500 13.98520 -0.64986
C 63.15630 17.32080 0.40959
C 61.13330 19.81870 0.22141
C 62.81880 22.35280 -0.32451
C 60.06060 22.44330 0.19968
C 54.06820 7.36609 2.90727
C 51.85630 9.23658 1.74781
C 57.60780 9.52824 3.19534
C 57.15740 12.67180 1.32896
C 59.72710 13.75000 -0.10981
C 59.96460 16.94470 0.28741
C 56.91400 18.80500 -0.65576
C 57.16570 22.87830 -0.01930
C 56.26290 0.86890 2.55612
C 53.28630 1.02135 3.27215
C 50.48780 1.16166 3.36129
C 68.61920 95.12360 0.66344
C 65.56480 95.89380 1.19398
C 62.45030 -0.63001 1.70721
C 70.76480 0.25225 0.02210
C 67.68510 0.95455 0.55257
C 64.60940 1.72730 1.00784
C 61.43240 2.62196 1.51759
C 70.03080 3.38780 0.02127
C 66.85470 4.00577 0.38434
C 63.56920 4.79555 0.79382
C 60.39980 5.70369 1.46415
C 72.33370 5.98131 -0.24349
C 69.17130 6.19720 -0.11874
C 66.02890 7.12492 0.11923
C 62.87540 7.70672 0.49162
C 72.24870 16.02410 -1.34180
C 68.81570 15.33740 -1.00072
C 70.12300 18.35000 -1.06291
C 66.62660 17.60020 -0.64563
C 71.27700 21.22800 -1.08138
C 67.94640 20.60910 -1.00792
C 64.63040 19.96220 -0.50219
C 54.58730 10.88270 1.71917
C 51.77780 12.60760 0.86810
C 54.41890 14.10830 0.74132
C 51.46280 15.60610 0.09846
C 57.20640 15.77120 0.61031
C 54.16530 17.19380 -0.23338
C 51.23880 18.75650 -0.71589
C 54.28760 20.52250 -0.89590
C 51.46520 21.77240 -1.23136
H 56.44410 -0.73552 4.36879
H 53.40390 -0.48012 5.19743
H 55.15160 2.21626 4.30818
H 53.91150 5.28335 4.16530
H 51.75710 7.67011 3.64398
H 59.37840 95.80580 3.91534
H 58.27230 1.66309 3.72519
H 57.16860 4.56437 3.67083
H 59.30850 6.89069 3.26119
H 56.25510 7.63375 3.95562
H 70.84990 7.08562 1.50870
H 67.73740 7.65864 1.35925
H 64.56280 8.55654 1.70041
H 61.32220 9.08695 1.97600
H 71.45120 11.16680 -0.81762
H 72.36140 13.98490 -0.02735
H 69.30960 13.37410 0.43343
H 66.14380 12.75030 1.04184
H 64.16530 15.17530 1.05536
H 61.39240 18.12550 1.86583
H 60.22400 21.01190 2.31162
H 53.68510 9.72903 3.36492
H 50.78450 11.28660 2.71815
H 56.25770 11.66180 3.49599
H 58.84940 13.14390 2.37267
H 61.13330 14.92290 1.05051
H 58.73720 16.51860 2.40798
H 58.70240 19.13020 0.57914
H 55.92760 20.85670 0.54563
H 53.10780 22.31020 0.49006
H 50.38690 -0.25717 5.28519
H 52.00540 2.54681 4.75652
H 50.21500 5.05254 4.17521
H 70.65190 95.83080 1.82696
H 67.60620 -0.68368 2.36808
H 64.49950 0.11973 2.81852
H 61.37760 0.90794 3.26106
H 69.73020 1.62276 1.74459
H 66.64030 2.42382 2.21189
H 63.51440 3.19038 2.68855
H 60.38520 3.97785 3.26865
H 71.95640 4.05425 1.23880
H 68.78380 4.65599 1.78634
H 65.60070 5.46235 1.95143
H 62.51870 6.22715 2.50301
H 62.88710 12.18320 1.05410
H 70.49730 16.40410 0.41636
H 67.27300 15.76900 0.85468
H 71.59240 19.43260 0.57095
H 68.38290 18.78070 0.59730
H 65.24410 18.26160 1.22266
H 69.47450 21.85680 0.46154
H 66.33660 21.19600 0.70131
H 63.15620 20.63300 1.29250
H 53.45540 12.91590 2.70972
H 50.52900 14.42230 2.06378
H 56.05600 14.66130 2.45791
H 53.22650 16.03470 1.75794
H 50.36380 17.49090 1.19315
H 55.92150 17.70990 1.38208
H 53.11960 19.13550 0.85315
H 50.26970 20.61700 0.57444
C 55.08440 -1.15546 6.43541
C 51.92310 95.79430 6.68449
C 48.81630 95.97510 6.82273
C 55.54720 4.37538 5.58904
C 52.09330 4.77660 5.80508
C 50.13000 7.18884 5.41280
C 59.92090 0.57060 5.17879
C 58.86630 3.52388 5.15776
C 57.79820 6.45509 5.18702
C 59.80180 8.96389 4.02820
C 70.58680 9.30388 0.51626
C 68.42500 9.75631 0.90805
C 64.80790 11.00310 2.23382
C 60.63540 11.41850 2.13150
C 71.00560 12.47880 1.42818
C 67.90480 12.41370 2.36774
C 65.95220 14.67040 2.65137
C 62.77480 13.79820 2.67320
C 63.47760 17.07940 2.44758
C 62.18430 19.85650 3.40655
C 63.38550 22.51620 2.76589
C 60.31750 23.25130 3.32938
C 53.93940 7.69426 4.72520
C 51.59870 9.90173 4.66408
C 56.96270 9.79143 4.97610
C 57.14980 13.56250 4.40092
C 60.08770 15.26830 3.37082
C 59.30930 18.78320 3.03990
C 57.00980 19.61190 2.43675
C 56.90980 22.78820 1.97611
C 56.91910 1.20926 5.73392
C 53.71160 1.74952 6.28316
C 50.37050 1.87642 6.43620
C 69.21310 95.48340 3.80039
C 66.12200 -0.90721 4.30334
C 63.04580 -0.05467 4.76651
C 71.36650 0.52308 3.20555
C 68.22400 1.30951 3.66637
C 65.15680 2.10778 4.12136
C 62.04990 2.80946 4.63797
C 70.45940 3.50893 3.14533
C 67.12290 4.40999 3.56972
C 64.13210 5.11097 3.95232
C 61.11480 5.95309 4.55151
C 72.61200 5.84672 2.95643
C 69.17550 6.65698 3.22888
C 66.08980 7.47879 3.31452
C 62.93350 8.35565 3.67744
C 72.29820 15.48960 1.87124
C 69.27750 15.10180 2.15881
C 70.19220 18.07850 2.14399
C 67.25560 17.64430 2.47732
C 71.16760 21.26890 2.13731
C 68.19360 20.60740 2.17483
C 65.19490 20.02730 2.56832
C 54.20420 11.72040 4.76946
C 51.46480 13.33690 4.06835
C 54.05730 15.02530 3.87438
C 51.25820 16.46570 3.23695
C 56.62550 16.79850 3.58983
C 54.01170 18.06990 2.89707
C 51.26030 19.43200 2.42642
C 54.14210 20.89980 2.24812
C 51.06930 22.57050 1.81715
C 73.28120 27.35710 -1.13672
C 62.84740 25.29740 0.01937
C 70.55620 28.56850 -2.02529
C 67.32450 28.51580 -1.92800
C 64.16200 28.29260 -1.16959
C 59.43980 25.59090 -0.38795
C 56.28970 26.33530 -0.83383
C 53.28690 27.05970 -1.16645
C 61.22220 28.27200 -0.53917
C 51.87300 29.94550 -1.07466
C 63.03140 31.26260 -0.88705
C 65.33210 34.11990 -0.72767
C 63.82710 37.09900 -0.65395
C 62.35140 39.87980 -0.50051
C 49.64800 40.67580 -1.55854
C 60.97540 42.69080 -0.49983
C 57.89820 42.99670 -0.63839
C 51.48780 43.51310 -2.22847
C 56.65130 46.29190 0.06415
C 53.46800 46.30950 -0.67460
C 51.17340 24.51470 -2.43709
C 70.65780 31.67390 -0.62601
C 67.72330 31.40870 -2.47920
C 69.00640 33.97480 -0.58307
C 67.18990 36.83100 -0.70427
C 65.62580 39.77710 -0.66812
C 64.16870 42.58510 -0.60112
C 62.71260 45.28930 -0.61286
C 49.59320 43.71570 -3.07420
C 72.30920 24.24440 -1.17979
C 69.02030 23.58200 -1.23297
C 65.66950 22.96500 -0.86465
C 69.95940 26.65470 -1.41345
C 66.36400 25.80580 -1.12041
C 58.18140 28.96680 -0.64096
C 55.07760 29.55530 -0.87552
C 60.02480 31.52490 -0.62326
C 56.94610 32.03940 -0.73289
C 53.73350 32.36390 -0.81745
C 50.42240 32.60990 -0.85612
C 61.99450 34.27940 -0.69142
C 58.80360 34.55060 -0.65874
C 55.64060 34.88070 -0.80374
C 52.30310 35.18800 -0.93872
C 60.67580 37.17180 -0.59820
C 57.53160 37.51230 -0.72616
C 54.34300 37.68450 -1.02354
C 50.92940 37.96100 -1.15227
C 59.35560 40.09570 -0.55421
C 56.25620 40.34070 -0.85233
C 53.18440 40.53930 -1.43933
C 54.62780 43.36970 -0.91752
C 54.12540 24.00490 -0.99385
C 72.36130 34.45030 -1.05395
C 70.47710 36.98210 -0.74883
C 72.09440 39.70870 -0.68763
C 68.92520 39.71160 -0.70125
C 70.58990 42.50250 -0.68120
C 67.34390 42.50140 -0.65734
C 72.23050 45.22520 -0.73792
C 69.07050 45.24620 -0.76962
C 65.83910 45.38140 -0.72000
H 64.34080 23.69950 0.94415
H 61.75410 23.65970 1.40883
H 71.32320 27.91300 0.25712
H 64.82140 26.70420 0.56494
H 69.00740 29.94810 -0.84303
H 66.01260 29.61590 -0.16382
H 58.80040 24.12180 1.51775
H 55.70010 24.65860 0.82512
H 61.15900 26.72590 1.01421
H 54.81230 27.62820 0.61112
H 51.68880 28.02050 0.49672
H 63.04670 29.44960 0.72482
H 50.39010 30.76380 0.72815
H 64.70930 32.15830 0.80917
H 63.71250 35.17120 0.85994
H 62.29040 38.04760 1.05514
H 49.29670 39.08310 0.38560
H 60.89760 40.91430 1.16629
H 51.55970 41.67560 -0.61803
H 59.48910 43.81260 1.36100
H 56.42220 43.91540 0.69598
H 53.26500 44.35820 0.86527
H 52.70550 25.33080 0.43819
H 50.98370 26.26550 -1.97552
H 72.37960 32.43370 0.33473
H 69.22180 32.33260 1.31531
H 67.13430 32.40830 -0.96725
H 67.16880 35.04660 0.78441
H 65.57150 37.87660 0.93789
H 64.09500 40.70890 0.99193
H 62.63210 43.46320 1.15923
H 49.35530 43.85030 -0.62430
H 72.56570 22.54650 0.54285
H 70.43880 24.89650 0.27877
H 67.32680 24.17260 0.40940
H 68.08730 27.14930 -0.04064
H 57.92660 27.08730 0.88675
H 59.87900 29.73480 1.02151
H 56.73010 30.19260 0.81819
H 53.51510 30.48880 0.66677
H 61.75360 32.42390 0.89048
H 58.56390 32.72750 0.94689
H 55.38640 33.08540 0.86972
H 52.14800 33.39120 0.71555
H 60.48880 35.33020 0.97439
H 57.27070 35.66200 0.85909
H 54.01430 35.95080 0.66403
H 50.72760 36.20140 0.61860
H 59.13240 38.23290 0.99773
H 55.87960 38.51060 0.75779
H 52.60800 38.84430 0.35871
H 57.71640 41.08700 0.98367
H 54.52150 41.38100 0.53328
H 50.21850 23.65610 -0.22351
H 70.57810 35.09680 0.82171
H 72.06020 37.84520 0.91303
H 68.84690 37.86140 0.91421
H 70.54060 40.66400 0.95871
H 67.30090 40.62310 0.93692
H 72.23130 43.37070 0.90258
H 68.97080 43.48100 0.96322
H 65.76190 43.51590 0.98260
C 73.07970 27.50270 2.03045
C 63.11400 25.56120 1.87065
C 71.72260 30.11310 1.09029
C 68.02210 29.20660 1.25270
C 65.05280 28.68370 1.95401
C 59.38430 26.21670 2.70124
C 56.08010 26.54500 2.38882
C 53.12770 26.93430 2.21036
C 61.53640 28.67410 2.51715
C 51.89350 29.66900 2.30516
C 63.14130 31.15290 2.50071
C 65.46970 34.06300 2.31366
C 63.91070 37.01260 2.58611
C 62.48000 39.88290 2.68005
C 49.20840 41.54380 0.20277
C 60.86760 42.78330 2.83592
C 57.46880 42.87810 2.66671
C 51.40330 43.81820 0.66356
C 56.61490 46.01830 2.00803
C 52.86610 46.16720 2.60848
C 50.34580 25.93350 0.54610
C 70.37580 30.70130 2.70884
C 67.02600 31.36080 1.29536
C 68.88960 34.12780 2.44497
C 67.17800 36.84420 2.50999
C 65.68770 39.67450 2.56393
C 64.25000 42.47900 2.68692
C 62.69080 45.35330 2.70595
C 49.04300 46.02770 -0.06890
C 72.07560 24.41050 2.05648
C 69.12990 23.70750 2.01109
C 66.22180 23.01780 2.23870
C 69.91910 26.91240 1.65301
C 66.87940 26.13000 1.81716
C 58.14780 29.03740 2.51014
C 54.93300 29.37170 2.27278
C 60.08470 31.65700 2.54372
C 56.84860 31.94120 2.50936
C 53.54520 32.25820 2.36672
C 50.36040 32.66520 2.33389
C 62.03520 34.25940 2.52833
C 58.73680 34.60250 2.51174
C 55.48100 35.01020 2.39580
C 52.25700 35.29780 2.27396
C 60.61080 37.17960 2.62019
C 57.33100 37.51040 2.47963
C 53.92320 37.89160 2.15681
C 50.67760 38.36770 1.94401
C 59.18830 40.05320 2.66259
C 55.79790 40.39880 2.34718
C 52.35530 40.98770 1.58370
C 54.48070 43.26750 2.19454
C 53.80870 24.04200 2.17655
C 72.01940 33.81250 2.34955
C 70.45980 36.82860 2.49071
C 72.16970 39.68410 2.53470
C 68.90970 39.71530 2.56553
C 70.56170 42.53440 2.58348
C 67.31670 42.48030 2.56106
C 72.20640 45.27180 2.48684
C 68.88690 45.44930 2.46013
C 65.77580 45.47510 2.47385
C 52.96670 60.14280 -0.67457
C 50.06580 60.85590 -0.67589
C 59.20610 64.31760 0.69361
C 55.91190 63.80190 0.05015
C 49.66810 63.49770 -1.03848
C 60.41420 67.33810 0.86248
C 64.82330 70.96970 1.48026
C 61.44600 70.27010 1.07270
C 66.96440 48.58480 -0.23764
C 63.33940 48.33060 -0.42679
C 72.22640 50.83360 -0.65730
C 69.21030 52.61200 0.14018
C 73.32500 53.78600 1.48356
C 73.16390 67.69050 1.19993
C 51.69550 47.33890 -1.11827
C 52.06170 51.04490 -0.33822
C 51.14380 54.42550 -1.01053
C 50.89180 57.64900 -0.72402
C 59.98360 46.92690 -0.26169
C 64.24130 51.20240 0.58124
C 61.04880 50.60050 -0.13948
C 57.89120 49.67870 -0.58144
C 69.90890 55.33000 2.51758
C 67.21090 53.13690 3.70147
C 64.85980 54.25210 1.37522
C 55.62760 52.18860 -0.69535
C 72.16770 58.14240 2.88325
C 53.24470 54.55110 -0.65072
C 57.53730 58.32160 -0.03020
C 54.48260 57.62270 -0.41471
C 61.73170 61.73370 0.88863
C 58.71630 61.20700 0.17090
C 71.57280 66.27170 1.32198
C 62.50860 64.76710 1.08368
C 70.37610 69.42290 2.20236
C 66.82040 68.58070 1.47534
C 63.64090 67.89820 1.22758
C 52.68070 63.24210 -0.13133
C 57.13260 66.78590 0.48992
C 54.04070 66.69920 0.02278
C 50.85530 66.46290 -0.51656
C 58.30060 69.83810 0.82938
C 55.15800 69.54520 0.56612
C 51.96270 69.36170 0.15839
C 70.69900 48.03780 -0.79235
C 49.16030 49.31250 -1.22153
C 48.58550 52.51750 -1.14271
C 54.61050 49.20130 -0.51877
C 61.88040 53.55880 0.53287
C 58.83700 52.88550 -0.20223
C 68.91290 57.23450 2.61912
C 65.84300 56.85210 1.82156
C 62.78270 56.43510 1.06294
C 59.68380 55.86230 0.30559
C 56.42830 55.27650 -0.30437
C 69.98190 60.31540 2.25969
C 66.81310 59.76040 1.81814
C 63.80030 59.30430 1.31886
C 60.80240 58.73190 0.64383
C 70.55710 63.35520 1.57215
C 67.69180 62.72240 1.68881
C 64.66560 62.30740 1.37439
C 68.61040 65.92900 1.52284
C 65.62910 65.34520 1.37469
H 71.84100 55.83690 4.00593
H 54.53710 61.71580 0.46275
H 51.71370 61.34530 1.07238
H 48.69070 62.17770 0.86713
H 60.56950 65.44850 2.45384
H 57.17620 64.74790 2.06454
H 61.70610 68.42690 2.66817
H 54.63390 47.30250 1.31748
H 64.06520 46.30310 0.82804
H 69.16620 49.04040 1.09429
H 64.37910 49.35130 1.65269
H 71.61010 51.99090 0.92736
H 50.65030 49.03450 0.44639
H 50.28220 52.61870 0.47990
H 49.82010 55.80330 0.60308
H 49.47720 58.98950 0.83374
H 61.33860 48.42980 1.18757
H 58.06850 47.90150 1.10091
H 64.93500 52.17820 2.96595
H 62.07500 51.52790 1.86487
H 55.91540 50.26390 0.86280
H 68.67000 55.77800 4.68699
H 65.75350 55.11560 3.53479
H 53.61720 52.62590 0.71074
H 70.11260 58.64400 4.24180
H 54.48700 55.75990 1.26368
H 71.06090 61.71970 3.42155
H 55.53210 58.90550 1.53902
H 52.56190 58.36580 1.00633
H 72.04500 64.67070 3.25431
H 59.73910 62.40530 2.15480
H 57.03910 61.74430 0.96957
H 70.05000 67.17050 3.11677
H 63.75140 66.01790 2.81726
H 67.93930 69.69160 3.09755
H 64.85550 69.03790 3.02545
H 54.00200 64.65900 1.42664
H 50.81540 64.45740 0.92088
H 58.49040 67.88120 2.33808
H 55.31810 67.53520 1.97789
H 52.14640 67.27650 1.46217
H 56.54760 70.48220 2.38353
H 53.34080 70.08060 2.13532
H 50.06510 69.67020 1.63951
H 70.63520 46.18980 0.84409
H 67.30720 46.32870 0.68140
H 72.24890 48.83490 0.92007
H 59.02160 50.90350 1.24517
H 62.79200 54.54090 2.57939
H 59.83120 53.90290 1.83218
H 56.81870 53.30690 1.12607
H 66.88450 58.13970 3.67208
H 63.85490 57.51640 3.01385
H 60.76220 56.91720 2.24358
H 57.67550 56.38200 1.50982
H 67.95210 61.10630 3.54040
H 64.88280 60.57130 3.11154
H 61.75950 59.93350 2.55854
H 58.72730 59.33890 1.83807
H 68.93040 64.17200 3.27087
H 65.87060 63.58780 3.03212
H 62.74690 62.98410 2.71380
H 66.85520 66.65090 3.09255
C 53.52430 60.28770 2.27317
C 49.86710 60.76080 2.52700
C 58.96410 64.12750 3.77539
C 55.43240 62.98210 2.48956
C 48.41710 64.49000 1.52134
C 60.09640 67.23570 4.11721
C 64.32820 70.84540 4.70876
C 61.27760 70.23120 4.28721
C 66.73090 48.59980 1.73937
C 62.95940 47.51020 2.80167
C 72.08120 50.72490 2.61013
C 69.07840 51.50730 1.77538
C 73.05710 53.82210 3.68249
C 73.72700 67.61780 3.42349
C 51.11030 47.26860 2.28891
C 51.89380 50.95500 1.53738
C 50.83330 54.17020 2.29757
C 50.74230 57.42860 2.33375
C 59.90710 46.30690 1.59729
C 63.56520 50.71220 3.74918
C 60.54350 49.89010 2.97054
C 57.53880 49.34430 2.58868
C 70.52690 55.45810 6.23934
C 67.08870 54.08190 5.41568
C 63.90730 53.89780 4.65874
C 55.19620 51.98770 2.50232
C 71.29940 57.38510 6.01719
C 52.91910 54.14580 2.48861
C 56.91540 58.18610 3.13284
C 53.92490 57.23350 2.83862
C 61.11690 61.77780 4.08111
C 57.93390 61.20560 3.25299
C 72.12490 66.95390 4.44826
C 62.16100 64.76760 4.23213
C 70.31280 69.47910 4.09748
C 66.47000 68.41230 4.82363
C 63.31570 67.79760 4.44843
C 52.23810 63.29360 2.49541
C 56.83860 66.57430 3.73025
C 53.57580 66.27440 3.22805
C 50.46890 66.08340 2.73165
C 58.12350 69.63750 4.07673
C 54.97680 69.20000 3.76070
C 51.65300 68.80710 3.34304
C 70.36900 48.11630 2.41509
C 48.53840 49.07890 1.97434
C 48.33770 52.27810 2.03863
C 54.48120 48.96570 2.55178
C 61.23020 53.00300 3.59909
C 58.23710 52.43330 3.00746
C 68.22790 57.68350 5.74820
C 65.18650 56.92490 5.02930
C 62.12670 56.26100 4.15551
C 59.09450 55.59170 3.41567
C 56.18360 54.93760 2.89915
C 69.63150 60.58710 5.33370
C 66.30860 60.06980 5.05470
C 63.24070 59.40240 4.47305
C 60.05980 58.62580 3.79733
C 70.55810 63.64340 5.07152
C 67.42570 63.07350 4.87163
C 64.28410 62.48380 4.51313
C 68.68090 66.20040 4.74696
C 65.36520 65.40280 4.60490
C 70.37580 85.92780 0.88033
C 66.65540 84.62430 2.12724
C 65.35820 87.08420 5.16426
C 62.21440 88.47050 3.26314
C 61.38780 91.32460 2.78837
C 58.34200 91.43080 3.83511
C 57.40200 95.01560 2.67721
C 49.07940 75.55360 1.79042
C 51.21780 77.19520 3.84945
C 55.43030 80.15650 1.88211
C 61.82460 84.20470 1.15141
C 49.39680 89.94190 4.34012
C 60.15160 86.73140 3.73291
C 57.25300 87.99930 4.20285
C 52.16430 91.02070 4.87915
C 58.74790 90.36610 5.65443
C 54.60630 93.54320 4.17564
C 65.87100 74.30110 2.51512
C 49.25510 71.90450 0.97990
C 63.70400 76.13640 1.10484
C 54.09530 75.01940 1.18949
C 50.95620 74.82870 1.23781
C 64.93290 78.56280 0.81126
C 61.69660 78.70920 1.26074
C 58.38130 78.62110 1.49259
C 54.69310 78.22650 1.66814
C 67.02840 81.64690 0.76485
C 63.62150 81.33270 0.94644
C 63.45870 84.43920 2.39026
C 73.22860 71.16700 1.44916
C 70.43110 72.74770 1.47799
C 70.04050 76.13010 1.35457
C 68.52810 73.30810 1.11266
C 70.07030 79.53330 1.40991
C 70.29910 82.80760 1.22387
C 70.23850 88.99450 1.02280
C 67.34140 89.16260 2.34413
C 64.33800 90.50410 2.43397
C 69.44990 92.01110 0.84875
C 66.40950 92.70850 1.44698
C 63.37610 93.57300 2.04570
C 60.49860 94.26350 2.37425
C 71.59440 94.33150 0.12606
C 49.28670 79.80450 2.69009
C 52.29820 80.97240 3.44947
C 49.22050 83.04320 2.81924
C 59.41130 81.66040 2.79248
C 55.15420 83.19770 3.02599
C 52.06550 84.36800 3.39485
C 49.42210 86.31820 3.33795
C 57.72350 84.91720 3.75100
C 54.82310 86.14670 4.01821
C 52.16060 87.77220 4.02286
C 54.69320 89.44680 4.67523
C 62.50960 73.20380 1.09094
C 59.36730 72.78990 1.07672
C 56.31870 72.39620 0.89262
C 53.10300 72.12840 0.69445
C 60.50140 75.82870 1.20776
C 57.17610 75.55540 1.18071
C 72.97930 74.49230 1.08250
H 49.42430 94.17590 5.22474
H 68.84550 84.57270 2.39730
H 62.09310 86.99560 5.42384
H 70.25980 87.34900 2.96685
H 67.05380 86.91990 3.46079
H 64.21510 89.18310 4.68161
H 61.13510 90.03690 4.97399
H 60.29590 92.92770 4.36226
H 57.15780 93.47260 4.76295
H 50.72240 79.48430 4.75233
H 54.66540 81.28470 4.04362
H 61.89080 82.27370 2.76268
H 57.14990 83.06650 4.66931
H 59.66820 84.94550 5.48238
H 59.22220 87.88440 5.78663
H 56.60060 89.27630 6.19232
H 53.78290 90.65640 6.70678
H 50.08560 91.53850 6.18124
H 65.89900 71.95740 3.66526
H 62.80490 71.39700 2.76501
H 63.94260 74.31170 2.74775
H 51.35380 72.58070 2.09256
H 65.63810 76.88540 2.63876
H 55.76360 76.18140 2.79332
H 52.58420 75.24010 3.26632
H 66.56500 79.69850 2.45693
H 63.62350 79.53480 2.65904
H 60.42290 79.38110 2.78486
H 57.51840 80.13410 3.29300
H 65.08460 82.45540 2.28310
H 71.57890 71.36540 3.18874
H 68.87880 72.43920 3.53274
H 68.19610 75.17750 2.78012
H 68.55300 77.89070 2.57182
H 71.87450 84.41870 2.16247
H 68.78140 81.37370 2.47271
H 52.58880 93.43700 5.67569
H 69.39500 90.48670 2.77713
H 66.34360 91.22020 3.40904
H 63.32780 92.14000 4.00960
H 71.50940 92.75640 1.98624
H 68.47110 93.50970 2.51972
H 65.45060 94.31440 3.06756
H 62.41630 95.15010 3.63640
H 51.01090 82.78360 4.54563
H 54.02630 84.31590 5.04962
H 51.06490 85.90950 5.18280
H 56.66780 86.12260 5.69694
H 53.80780 87.50220 5.88538
H 51.10370 89.01260 5.82810
H 59.64130 70.90470 2.61313
H 60.79680 73.86490 2.72428
H 57.62010 73.52660 2.65436
H 54.57850 72.99010 2.51793
H 62.10710 76.80230 2.82984
H 58.95730 76.52880 2.74305
H 71.30870 74.57250 2.84672
H 71.44890 77.83190 2.51864
H 71.69390 81.12020 2.34830
C 71.59420 86.21020 3.93616
C 68.49930 86.19480 4.40721
C 66.10000 87.36810 6.79764
C 62.68070 89.02510 6.77172
C 61.97130 92.12710 6.07377
C 55.61220 93.17130 8.17025
C 57.98580 95.29540 5.88569
C 49.43200 76.00060 4.02501
C 51.71560 77.40780 5.87900
C 56.04010 79.50430 5.19953
C 61.05270 83.70360 4.71165
C 48.83090 89.44630 6.59618
C 60.55550 86.41920 7.37479
C 57.51320 87.43550 7.58681
C 51.60570 90.36570 7.82237
C 55.99690 91.74220 6.35511
C 53.57390 92.77640 8.01070
C 66.15850 73.53360 5.76119
C 49.17140 71.62740 2.85007
C 63.87500 76.09040 4.39217
C 54.36410 74.62450 4.44575
C 51.51380 73.29100 4.47617
C 65.15830 78.73250 4.39069
C 62.14400 78.71320 4.40885
C 58.89170 78.30960 4.46473
C 55.09510 77.68800 4.90834
C 66.89590 81.79800 4.01359
C 63.54720 81.52230 4.22203
C 64.07660 85.43110 5.42776
C 73.67200 71.46090 4.61730
C 70.98820 73.11030 4.83480
C 70.12140 76.35800 4.00825
C 68.01270 74.21010 5.15605
C 70.12970 79.63420 3.54270
C 70.44100 82.90050 3.45642
C 71.03080 89.33760 4.26670
C 67.68780 89.37240 4.20633
C 64.99180 91.09240 5.58490
C 70.17770 92.49240 3.99582
C 67.08550 93.28600 4.55384
C 64.10900 94.19000 5.09388
C 61.00420 94.99580 5.57595
C 72.32560 94.68650 3.23284
C 49.01670 79.66760 6.03622
C 52.56760 80.97400 5.34803
C 49.08140 82.82120 6.07706
C 58.95570 81.58900 4.89103
C 55.22230 82.47970 6.19041
C 51.99880 84.02620 6.51868
C 48.93190 86.10000 6.38127
C 57.69410 84.17280 6.85423
C 54.71560 85.54640 7.08973
C 51.79220 87.15490 7.24391
C 54.70460 88.85740 7.82447
C 62.53640 73.21260 4.37156
C 59.31480 72.66820 4.25894
C 56.20240 72.18770 4.14972
C 52.93880 71.83430 3.86568
C 60.61940 75.64380 4.40156
C 57.53640 75.29010 4.41344
C 73.35980 74.91590 4.21002
C 89.03350 2.11860 -3.14922
C 93.33660 4.87701 -3.91029
C 89.80110 4.86277 -1.30917
C 94.59880 7.85712 -4.19158
C 82.21570 0.16981 -2.48609
C 79.06410 0.81324 -2.14072
C 78.04300 4.21433 -1.22610
C 75.45770 5.38542 -0.34752
C 74.31680 8.78999 0.34953
C 70.90680 9.88583 -3.02747
C 73.62850 14.35140 -2.13306
C 75.81670 16.27510 -0.56261
C 76.67870 19.50580 -0.45477
C 85.96720 1.98505 -1.82482
C 82.87800 3.09469 -0.96283
C 81.05050 5.34706 -2.36319
C 85.55480 5.42704 -2.25420
C 79.82780 8.21812 -2.26809
C 76.84340 9.33461 -1.92326
C 92.09460 7.79973 -2.46254
C 88.15890 7.57324 -2.37753
C 76.40080 12.53240 -1.89145
C 94.69810 9.61895 -2.87393
C 78.94700 14.39620 -2.13938
C 0.68958 11.50550 -4.51650
C 80.58630 16.95820 -0.80931
C -0.22955 14.73020 -3.02388
C 79.75730 20.08500 -2.11962
C 94.73880 18.18040 -2.44878
C 92.11920 18.38080 -1.73776
C 89.04560 19.55390 -2.01372
C 85.73530 21.13090 -0.86673
C 0.43995 20.07320 -2.48526
C 95.27320 22.98310 -2.31467
C 0.49996 -0.38418 -4.01020
C 94.15110 -0.56752 -4.01625
C 90.73580 -0.67889 -3.70174
C 87.26870 -0.67570 -3.04986
C 95.47600 2.27568 -4.11154
C 92.07030 2.10262 -3.71159
C -0.05825 5.20814 -4.40134
C 79.97100 95.19640 -2.01617
C 76.73080 95.90050 -1.36012
C 73.61050 -0.60428 -0.52333
C 75.97150 1.67832 -1.37653
C 73.10710 2.63740 -0.52324
C 73.46040 18.95410 -0.97178
C 74.51440 21.90790 -0.81725
C 82.62610 6.67572 -2.01052
C 85.25810 8.78259 -2.28116
C 82.39120 10.09220 -2.12108
C 79.45080 11.31210 -2.00555
C 89.94400 9.91844 -2.73219
C 87.70310 10.98030 -2.26990
C 84.79040 12.11410 -2.14979
C 81.97900 13.09660 -2.15220
C 91.89270 12.28400 -3.17054
C 90.15060 13.08420 -2.29032
C 87.21310 14.31830 -2.05339
C 84.14370 15.50990 -1.96689
C 92.79660 15.25730 -2.19522
C 89.73030 16.29070 -1.99370
C 86.53750 17.58050 -1.87534
C 83.46840 18.86000 -1.79939
H 89.31550 0.03420 -1.87171
H 90.96630 2.70030 -1.59351
H 88.08060 3.00261 -0.92374
H 95.18970 6.00179 -2.66321
H 92.09220 5.71919 -1.82342
H 85.04620 95.04720 -1.25377
H 83.95480 0.88112 -0.88842
H 80.99590 1.48292 -0.56170
H 77.84920 2.20742 -0.46141
H 77.47780 4.95343 1.22509
H 74.06890 6.49426 1.50398
H 75.34380 13.82090 -0.42614
H 76.64770 17.75550 1.30494
H 77.72410 20.77460 1.49597
H 85.12830 4.02583 -0.66177
H 82.05370 5.27205 -0.04039
H 79.21460 6.46184 -1.06403
H 87.68470 6.06697 -0.92937
H 75.85280 10.70360 -0.16027
H 90.13330 8.26829 -1.00236
H 78.33490 12.73280 -0.35529
H 0.38859 9.61881 -2.59361
H 92.38170 10.24310 -1.98036
H 78.25900 15.92250 -0.67153
H 79.14010 18.94900 -0.53551
H 94.70370 15.71840 -1.70629
H 82.27570 19.63310 0.29240
H 80.13820 21.81720 -0.10888
H 94.05650 18.20160 0.02098
H 91.17180 19.51700 -0.43036
H 88.27540 20.80440 -0.34653
H 0.02834 17.90230 -1.27706
H 95.32900 20.49040 -1.55234
H 95.72750 0.49578 -2.40994
H 92.60050 0.16635 -2.28042
H 0.26981 3.43409 -2.67634
H 93.95990 3.05190 -2.38520
H 73.70830 94.94740 1.23601
H 82.04100 95.65560 -0.76683
H 78.83720 -0.77744 -0.25829
H 75.76780 0.00620 0.45584
H 72.82630 0.86057 1.27989
H 74.91660 3.15350 0.45475
H 73.68390 16.92700 0.42183
H 74.70860 20.12990 0.85611
H 76.52080 7.63288 -0.04745
H 84.66730 7.13227 -0.64947
H 81.67020 8.37261 -0.61843
H 78.77030 9.55527 -0.47101
H 87.15490 9.17126 -0.78529
H 84.27070 10.31710 -0.57588
H 81.30820 11.48760 -0.44299
H 89.60690 11.30790 -0.78129
H 86.65990 12.41810 -0.59313
H 83.72250 13.53900 -0.50540
H 80.87050 14.50960 -0.43550
H 92.10960 13.25120 -0.76963
H 89.08090 14.45120 -0.48638
H 86.06260 15.66640 -0.33560
H 83.08480 16.69790 -0.50448
H 91.55090 16.38860 -0.36904
H 88.54930 17.65060 -0.38249
H 85.45880 18.77200 -0.28198
C 89.36800 1.65873 0.12570
C 93.81130 4.94526 -0.72913
C 90.47440 5.18238 1.09343
C 94.98000 7.76607 -0.87893
C 82.92830 0.19044 0.74392
C 79.61360 1.21985 1.11965
C 77.43540 3.35891 3.06870
C 76.53680 6.55965 2.35252
C 74.15690 8.75681 2.52036
C 71.23300 9.38498 2.42569
C 73.72470 11.96290 -0.04735
C 75.56960 15.55740 1.31919
C 75.99540 19.53140 2.91325
C 86.04890 1.89977 0.13372
C 83.30960 3.52098 0.98208
C 79.95710 5.23457 1.10417
C 85.96350 5.70494 0.90685
C 79.87760 7.92577 0.92095
C 77.27430 9.50071 1.47037
C 91.51420 6.85663 0.44284
C 88.51720 7.78727 0.74423
C 76.53360 12.53300 1.33859
C -0.17357 8.52315 -0.27613
C 79.03440 14.47380 1.25308
C 2.00159 10.88010 -1.07684
C 78.57300 17.34520 1.51129
C -0.61386 13.66950 -1.47936
C 80.12050 19.89300 1.59003
C 94.66330 15.85290 0.82009
C 92.01390 17.97490 1.46473
C 89.15180 19.44290 1.29439
C 86.03680 20.83250 1.02096
C -0.65753 19.38030 0.59720
C 94.89510 21.75830 0.65133
C 0.55675 -0.24441 -0.79610
C 94.34340 -0.69798 -0.78221
C 91.19830 -0.85746 -0.53384
C 87.04510 -0.69816 -1.14870
C 95.81690 2.37557 -0.88700
C 92.68320 1.95476 -0.52432
C 0.24906 5.38601 -1.14010
C 80.52340 95.30020 1.09408
C 77.51470 96.15740 1.77928
C 74.57480 -0.38474 2.53510
C 76.68270 2.02065 1.73921
C 73.70120 2.81694 2.56997
C 73.31390 18.51420 2.12056
C 74.10770 21.98230 2.36088
C 82.84070 6.96201 1.06484
C 85.50710 8.78898 0.94057
C 82.47650 9.96329 1.01770
C 79.50060 11.23680 1.13365
C 91.29660 9.93215 0.31968
C 87.87550 10.81760 0.83063
C 84.88400 12.07240 1.04472
C 82.05880 13.07460 1.22686
C 93.75990 11.83970 -0.39302
C 90.32380 12.89960 0.92992
C 87.30040 14.09150 1.12140
C 84.19740 15.22720 1.21581
C 92.76450 14.92000 1.02864
C 89.70320 16.15930 1.18425
C 86.78040 17.34210 1.29622
C 83.57930 18.36540 1.45092
C 81.78940 47.53140 -0.02387
C 91.04400 45.22910 -1.85587
C 0.61286 46.47190 -3.22897
C 84.70060 24.29550 -0.92122
C 81.12260 23.86630 1.02145
C 89.37800 26.30770 -1.49841
C 86.36470 26.96750 -1.21635
C 79.89250 27.47320 -0.32386
C 88.45440 29.31540 -1.09280
C 78.83170 30.85410 -0.64940
C 90.54630 31.65340 -1.05593
C 77.84580 33.80630 -0.69727
C 92.54610 33.99540 -1.11003
C 79.92680 36.42270 -0.86819
C 94.56610 36.29510 -1.19044
C 81.93820 38.80410 -1.00456
C 84.06410 41.17350 -1.14463
C -0.92358 41.49490 -1.66933
C 92.61010 42.27140 -1.49752
C 89.06390 43.09390 -1.10654
C 85.88230 43.93260 -0.53147
C 83.68020 44.49630 -0.37710
C 95.10260 44.57060 -1.90783
C 77.71190 22.58290 -0.32181
C 78.75950 25.49000 -0.50220
C 76.62470 28.28130 -0.72505
C 74.97410 30.91420 -2.01536
C 73.84800 34.26230 -2.53150
C 76.71830 36.78810 -0.68785
C 78.63060 39.46150 -0.83272
C 80.63250 42.22310 -0.57294
C 79.04410 45.28090 -0.94542
C 82.50620 21.75530 -1.16550
C 88.33820 23.45350 -0.03103
C 92.99720 25.54180 -1.28321
C 89.20520 24.13000 -1.83236
C 91.69130 28.66430 -1.24152
C 93.84370 31.01590 -1.12706
C -0.95051 33.49380 -0.91703
C 83.19690 27.20340 -0.86083
C 85.24120 29.77690 -0.93633
C 82.06590 30.25650 -0.71274
C 87.37810 32.21220 -0.95204
C 84.24150 32.74220 -0.86736
C 81.10790 33.26210 -0.82788
C 89.48810 34.55010 -1.02494
C 86.37230 35.10600 -1.01585
C 83.17530 35.75690 -0.91758
C 91.50500 36.96900 -1.09955
C 88.43710 37.58450 -1.05511
C 85.30180 38.15750 -1.05421
C 0.22544 38.68210 -1.14908
C 93.66290 39.34600 -1.20592
C 90.45210 40.04890 -1.11579
C 87.38110 40.63040 -1.04352
C 75.45890 24.78280 -0.93069
C 73.66890 37.01810 -0.65130
C 75.35640 39.62240 -0.72172
C 77.02930 42.43880 -0.95892
C 73.85580 42.44530 -0.77175
C 75.45010 45.20640 -0.88165
C -0.11584 25.37480 -1.40735
C 95.24020 28.23600 -1.25149
C 0.33448 30.63260 -0.90641
H 84.23780 46.88980 0.05606
H 93.30600 45.77690 -0.99255
H 86.26860 24.89210 0.27657
H 83.14440 25.38980 0.98311
H 88.20570 27.38090 0.45710
H 81.97840 28.44650 0.91471
H 78.58930 29.16420 0.57856
H 90.26380 29.74680 0.50903
H 79.70340 34.52830 0.72078
H 94.26970 34.58830 0.47891
H 81.77210 36.97580 0.68099
H -0.58105 36.98900 0.37219
H 83.86230 39.31010 0.50689
H 95.50710 39.96780 0.29840
H 82.92750 42.39570 0.37804
H 94.45690 42.88110 -0.16245
H 91.23510 43.66350 0.04968
H 88.11560 44.25660 0.53694
H 85.14890 44.42660 1.81081
H 78.63870 23.98450 1.53454
H 76.69520 26.21020 0.20985
H 74.43760 28.61230 0.63769
H 75.39240 33.11990 -0.84213
H 76.69860 35.09130 1.10610
H 78.54840 37.59730 0.80069
H 80.70120 39.96880 0.47437
H 78.54660 43.22270 0.27909
H 84.11890 22.33170 0.65044
H 93.66860 23.17070 -1.04353
H 91.28180 26.81160 -0.04505
H 93.56970 29.03350 0.39624
H 95.49070 31.61400 0.56439
H 85.05850 27.92620 0.66354
H 87.04900 30.36060 0.61335
H 83.92400 30.95230 0.76372
H 80.71190 31.49250 0.93624
H 77.53360 32.15510 1.29118
H 92.34100 32.09910 0.44102
H 89.14620 32.79110 0.61485
H 86.01220 33.35960 0.67660
H 82.85240 33.93650 0.73237
H 91.22440 35.20570 0.54374
H 88.10220 35.77750 0.55395
H 84.96620 36.35470 0.59514
H 93.27120 37.59330 0.42753
H 90.15700 38.24710 0.50082
H 87.03770 38.75620 0.56101
H 92.32980 40.63890 0.36765
H 89.15730 41.25020 0.59538
H 86.02330 41.70730 0.36904
H 75.70110 23.14210 0.92610
H 73.56330 25.54940 0.51385
H 73.71290 35.09030 0.98511
H 75.30470 37.85060 1.02137
H 77.05720 40.54990 0.78007
H 73.76830 40.65110 0.91831
H 75.47820 43.35690 0.82319
H -0.15231 23.18290 -0.20095
H 95.10780 26.04380 -0.03181
H -0.04361 28.71300 0.64524
C 83.72550 46.12950 2.56695
C 92.12700 45.63860 1.24124
C -0.69104 48.65560 0.20475
C 84.91670 23.99680 2.33841
C 80.53210 23.68520 3.05422
C 89.71010 25.84820 1.67965
C 86.56880 26.67180 2.15892
C 80.17560 27.42700 1.63970
C 88.54610 29.11330 2.15804
C 79.12450 30.44160 2.55616
C 90.59960 31.55520 2.12990
C 78.20810 33.78810 2.65671
C 92.57880 33.93820 2.06660
C 80.06820 36.37670 2.33912
C 94.63300 36.39760 2.04697
C 82.11830 38.86640 2.20341
C 84.31540 41.17320 2.04331
C 95.86310 41.96010 1.66519
C 92.83790 42.69620 1.64329
C 89.78310 43.17190 1.97853
C 86.81070 43.99740 2.74220
C 83.52890 42.83160 2.75829
C -0.69702 44.68870 -0.16691
C 77.06300 22.74190 2.96805
C 77.42640 25.87570 2.51017
C 76.40260 28.52600 1.04828
C 74.30290 30.90090 -0.17109
C 75.20970 33.20050 1.70449
C 76.97470 36.98560 2.64984
C 78.90000 39.62790 2.22428
C 80.64810 42.35940 1.23938
C 79.39050 45.47080 0.94990
C 82.93040 21.42630 2.15881
C 92.08330 21.82340 -1.04825
C 92.92030 25.03710 0.53441
C 90.52420 26.69480 3.35114
C 91.64800 28.24680 1.93337
C 93.69300 30.64030 1.99599
C 95.55960 33.36690 2.16460
C 83.47780 27.05320 2.42600
C 85.34380 29.77260 2.31218
C 82.28370 30.29670 2.47216
C 87.45070 32.14000 2.23380
C 84.29240 32.80340 2.33871
C 81.14210 33.35420 2.41227
C 89.51960 34.62570 2.16349
C 86.40010 35.22310 2.20161
C 83.24670 35.82340 2.24134
C 91.56350 37.05570 2.06811
C 88.44980 37.60970 2.15179
C 85.29500 38.21060 2.16273
C 0.77702 38.93770 0.93007
C 93.75940 39.45810 1.96317
C 90.68340 40.08060 2.10926
C 87.38610 40.62660 2.14058
C 75.45710 25.27260 2.09948
C 73.67140 37.01370 2.61397
C 75.45370 39.77040 2.52830
C 77.25290 42.51930 2.30066
C 73.91960 42.54390 2.52361
C 75.64350 45.33230 2.34006
C -0.42505 24.77800 1.67586
C 94.96770 27.60000 1.89851
C 0.01630 30.49210 2.28228
C 87.93340 46.42310 -0.69153
C 85.21840 48.22310 -1.51903
C 82.00520 49.44250 -0.04369
C 79.24620 50.99630 0.67926
C 76.58360 52.84010 -0.39695
C 93.61020 47.49710 -2.12787
C 76.23020 56.25480 0.25837
C 73.77760 57.16160 3.66398
C 75.98100 59.46600 0.73663
C -0.72004 52.06540 -1.81444
C 93.48010 53.53070 -1.73859
C 90.41860 55.17110 -1.84861
C 87.29770 56.40890 -2.01462
C 76.10050 62.78010 0.92021
C 86.89600 60.14990 -1.85329
C 84.95950 61.31930 -1.12404
C 78.74200 64.26860 0.28474
C 84.05960 64.30460 -1.26256
C 81.76620 66.23590 0.35858
C 85.30710 67.72860 -1.01076
C 77.42690 48.41090 -0.15134
C 75.33170 51.20140 -0.39048
C 81.19910 69.82460 -0.15478
C 78.87870 67.77340 1.22687
C 76.08030 66.13120 2.01586
C 73.85870 63.78230 3.33073
C -0.55410 55.54650 -1.18688
C 93.20760 56.73570 -1.99136
C 92.26060 59.72220 -2.31424
C 90.87270 62.73020 -2.42700
C 90.04050 65.85210 -3.34141
C 87.13220 64.77820 -1.67988
C 88.49010 68.87020 -3.21680
C 90.09880 71.73100 -1.85456
C 90.71410 48.42720 -1.61570
C 87.87530 50.05340 -1.57790
C 84.96980 51.63620 -1.32039
C 81.90660 52.69950 -0.53602
C 79.16690 54.58590 -0.38259
C 93.47210 50.44450 -1.71528
C 90.73490 51.78930 -1.69475
C 87.73470 53.27730 -1.61843
C 84.74120 54.74860 -1.38360
C 81.81650 56.15900 -0.83601
C 78.95750 57.79070 -0.26678
C 84.25750 57.85010 -1.53706
C 81.63570 59.54590 -0.88744
C 78.83830 60.98090 0.02934
C 81.55670 62.64910 -0.61452
C 74.03310 48.12750 -0.62625
C 75.98760 69.54860 1.29721
C 95.31500 59.05870 -2.20754
C 0.50616 61.42340 -2.60578
C 94.17230 62.06090 -2.59895
C -0.58318 64.39960 -3.09110
C 93.22300 64.95030 -3.10149
C 95.02400 67.56240 -3.51483
C 91.84880 68.29990 -3.40089
C 0.20858 69.99020 -3.96773
C 93.80890 70.81550 -3.65671
H 82.66550 48.44620 2.28110
H 90.32540 46.74150 -0.00027
H 87.08950 48.54440 0.24729
H 81.66220 51.38950 1.50480
H 78.48410 52.88610 1.29880
H 75.76630 54.50640 1.39482
H 0.70032 46.71870 -0.64167
H 75.71340 57.53270 2.49823
H 95.37950 50.47200 -0.09883
H 92.53940 52.00460 -0.06470
H 75.62780 60.73350 2.42902
H 92.40330 55.18390 -0.25424
H 89.44330 56.47100 -0.62312
H 86.58210 58.00360 -0.52597
H 75.79770 63.87940 3.12372
H 87.90520 60.74630 0.41795
H 80.97950 64.09820 1.32276
H 78.44030 65.57520 2.32419
H 86.12870 63.25620 -0.29341
H 84.22220 65.88290 0.36607
H 77.02980 46.09260 0.38374
H 75.35130 49.26250 1.36106
H 84.56290 70.16990 -0.62269
H 82.66170 68.43180 1.34041
H 79.84050 69.89000 2.01454
H 77.04390 68.26440 2.74160
H 74.45920 69.99690 3.36569
H 95.25780 53.62900 0.00994
H 94.93960 57.47150 -0.38942
H 91.96110 58.18060 -0.36631
H 90.94980 60.97800 -0.63406
H 89.25230 63.60000 -0.70667
H 88.83630 66.60880 -1.91401
H 90.55010 69.33060 -1.74295
H 87.31650 69.25220 -1.36930
H 84.33320 50.06500 0.03133
H 92.66400 48.76520 -0.13969
H 89.83560 50.17380 -0.03035
H 87.01400 51.68190 0.09819
H 84.10550 53.22400 0.44876
H 81.25130 54.56730 0.95996
H 78.48180 56.11340 1.45465
H 89.71880 53.41980 -0.16491
H 86.78780 54.90930 -0.03389
H 83.93680 56.32520 0.38533
H 81.17600 57.82070 0.86726
H 78.33150 59.24480 1.64734
H 83.85480 59.54710 0.14766
H 81.07390 60.92720 1.08216
H 78.33170 62.44410 1.95774
H 83.66120 62.64700 0.55765
H 73.85540 46.15650 0.85563
H 0.20325 59.91510 -0.67634
H 93.97570 60.47530 -0.75120
H -0.85120 62.89220 -1.20696
H 92.84430 63.47560 -1.09282
H 94.94020 65.92440 -1.69564
H 91.88990 66.47130 -1.72578
H 0.05644 68.39360 -2.14720
H 93.77260 68.96090 -1.97404
H 95.76090 71.50070 -2.47614
C 88.25110 46.57870 1.31546
C 85.22790 48.54840 1.83235
C 82.61970 50.09270 3.50056
C 79.63500 50.87340 2.55783
C 76.73600 52.68500 3.07421
C 93.70430 46.98430 1.13551
C 76.89550 55.91820 3.42852
C 74.28350 58.15840 5.21840
C 77.11410 59.18420 3.86490
C -0.56245 52.00250 1.60732
C 93.55200 53.71740 1.46109
C 90.51430 55.22350 1.30363
C 87.82000 56.73760 1.28947
C 76.97770 62.36690 4.08378
C 89.59530 58.92290 -0.28771
C 85.53500 61.18370 0.92170
C 79.65930 63.89350 3.46718
C 85.16760 64.16660 1.79180
C 82.33010 66.03480 2.08011
C 85.13290 68.18970 0.93061
C 77.60410 48.30840 1.74163
C 75.39510 51.14350 3.17258
C 82.12630 69.77310 3.07748
C 79.43370 67.69250 3.00906
C 76.51430 66.11170 3.80551
C 73.44170 61.45750 3.40770
C -0.53925 55.78090 0.76754
C 93.25440 56.87290 1.33290
C 92.47660 60.05650 1.13720
C 91.25890 62.98950 0.78536
C 90.30070 65.75930 0.02607
C 88.32180 62.35110 0.20706
C 88.91220 68.45550 -0.03277
C 90.79380 71.26970 -0.17283
C 90.93840 48.62380 1.55502
C 88.11020 50.23070 1.76141
C 85.27220 51.57120 1.80837
C 82.64650 53.10290 2.50232
C 79.65620 54.39020 2.84127
C 93.48530 50.39130 1.51731
C 90.67770 51.93250 1.52070
C 87.95650 53.39460 1.56446
C 85.21160 54.87620 1.88435
C 82.44190 56.25290 2.32251
C 79.75180 57.61570 2.88306
C 85.20040 58.03280 1.59491
C 82.54970 59.37100 2.25070
C 79.68040 60.73970 3.11492
C 82.34960 62.47520 2.56812
C 73.90250 48.02380 2.63172
C 76.69260 69.92540 4.49608
C 95.33320 59.45320 1.03212
C 0.56537 61.97280 0.59814
C 94.35800 62.43680 0.57151
C -0.55130 64.92120 0.08450
C 93.27940 65.55940 0.09395
C 95.28570 67.93650 -0.35700
C 92.17560 68.38590 -0.20678
C 0.38071 70.41630 -0.81951
C 94.18930 70.97330 -0.55007
C -0.72407 93.92180 -4.02876
C 92.70420 93.81900 -3.98848
C 89.43390 93.64520 -3.74349
C 0.35094 77.69960 -5.95461
C 93.50020 77.85730 -6.36374
C 89.08850 79.00500 -4.18883
C 86.84870 82.04120 -3.77404
C 86.35830 85.19280 -4.68093
C -0.38239 88.71680 -4.06854
C 93.24360 88.63230 -4.18773
C 86.49180 88.35160 -3.84463
C 91.22480 91.12150 -3.95057
C 73.16990 87.84380 0.72244
C 83.06370 88.35940 -3.66375
C 78.47330 89.87290 -1.29468
C 84.05910 91.51710 -2.89015
C 85.95560 93.76200 -3.29624
C 82.99900 94.42160 -2.70279
C 89.51350 75.65610 -1.81394
C 86.35930 71.73530 -1.45978
C 82.57210 70.23410 -1.89688
C 85.58600 75.09360 -2.79957
C 85.79440 78.57630 -3.23767
C 83.97610 80.67590 -1.58291
C 83.40250 83.17190 -3.43185
C 81.17480 85.18100 -2.57587
C 80.20810 87.75380 -1.23071
C 76.09450 85.98440 -0.65460
C 73.10710 84.07370 0.06719
C -0.78006 73.30590 -4.14417
C 92.71580 72.51940 -4.11249
C 93.32120 75.69630 -6.43587
C 95.10930 80.68200 -5.46336
C 91.85260 80.12630 -5.22460
C -0.19883 83.35020 -4.88598
C 93.44650 83.04490 -4.81627
C 90.21730 82.77270 -4.64313
C 94.98200 85.95260 -4.50137
C 91.71930 85.69350 -4.43716
C 88.47960 85.37610 -4.34808
C 89.82450 88.37620 -3.98025
C 87.87990 91.06380 -3.62211
C 75.39230 90.21360 -0.45249
C 72.35120 91.26890 0.24131
C 80.78680 91.89070 -2.06403
C 77.63990 92.77210 -1.26355
C 74.53260 93.51180 -0.55889
C 83.77780 73.65150 -1.00571
C 81.02740 72.89210 -0.30886
C 78.55020 71.19550 0.52638
C 83.62270 77.38360 -1.83223
C 81.07880 75.70820 -0.67417
C 78.36680 74.35580 0.20936
C 75.83640 72.83950 0.94394
C 80.97110 78.87850 -1.26784
C 78.49610 77.38550 -0.28367
C 75.81390 75.99940 0.45064
C 80.94930 82.00930 -1.87194
C 78.44070 80.70190 -0.79571
C 75.84140 79.19510 0.05524
C 73.05820 77.73460 0.70479
C 78.53230 83.90000 -1.36003
C 75.85950 82.45290 -0.33852
C 73.10030 80.88640 0.39646
H -0.75608 92.09940 -2.10851
H 92.96820 91.94100 -2.22013
H 91.13060 94.60990 -2.23818
H 87.95890 94.43600 -2.01589
H -0.31228 75.84980 -4.22359
H 95.26950 78.63640 -4.79753
H 92.22340 78.12420 -4.08138
H 89.94540 78.20740 -1.86796
H 87.62010 80.03790 -2.56624
H 85.28970 83.81430 -2.97498
H 87.09450 86.28800 -2.58211
H 94.76670 89.37480 -2.18039
H 91.53980 89.16350 -2.44866
H 88.27270 89.04380 -2.21412
H 85.09460 88.60760 -2.08322
H 89.72260 91.78800 -2.09955
H 78.57650 88.12050 0.58919
H 75.45910 88.75700 1.04469
H 72.33250 89.71390 2.13584
H 82.27210 89.92090 -2.38180
H 80.47710 90.54120 -0.02253
H 86.38260 91.67350 -1.98912
H 87.46930 74.01110 -1.45994
H 85.45950 72.89220 0.66790
H 87.31610 76.84050 -2.25933
H 85.39550 78.77180 -0.79184
H 82.25420 80.67900 -0.34142
H 82.54180 83.71470 -1.12261
H 82.51750 86.82340 -1.74216
H 80.02690 85.51930 -0.37914
H 77.18870 84.22830 0.71072
H 74.42470 85.79220 1.18503
H 92.55430 71.83160 -1.76283
H 1.11944 73.73300 -2.42791
H 94.06320 74.37060 -2.98786
H 90.37600 73.77800 -0.35144
H 94.40290 94.75660 -2.49495
H -0.10392 81.22110 -3.64765
H 93.51810 80.97340 -3.54902
H 90.46560 80.78250 -3.28709
H 95.00060 83.88210 -3.16516
H 91.86690 83.66450 -3.08554
H 88.61640 83.45190 -2.96908
H -0.36018 86.67810 -2.68212
H 93.35120 86.56660 -2.79277
H 90.12030 86.28000 -2.68585
H 77.49320 91.10280 0.58351
H 74.51630 91.86780 1.23827
H 82.87260 92.63420 -1.01771
H 79.84570 93.39780 -0.34341
H 76.67250 94.21800 0.47011
H 82.37570 71.49970 1.24946
H 84.86950 75.78040 -0.51250
H 82.47190 74.47250 0.89503
H 79.68060 73.00150 1.71463
H 77.08310 71.42370 2.53526
H 82.40030 77.54110 0.30043
H 79.72200 76.04900 1.32163
H 76.93120 74.65820 2.16464
H 74.17120 73.09960 2.73823
H 79.67380 79.30050 0.80065
H 77.04140 77.78500 1.67061
H 74.23910 76.26550 2.31859
H 79.75560 82.48120 0.25046
H 77.09110 80.98760 1.23118
H 74.33900 79.44330 2.00869
H 74.40350 82.61900 1.62988
C -0.84120 93.83870 -0.75545
C 92.91450 93.51520 -0.83567
C 89.73180 93.62230 -0.49543
C 1.13305 76.04830 -3.35518
C 94.37280 76.89910 -3.22345
C 89.49620 80.55540 -1.06147
C 86.78780 82.21080 -1.88474
C 84.75490 86.09510 -2.07296
C -0.27544 88.18830 -0.73970
C 93.35180 88.28270 -0.92796
C 86.88170 87.73190 -0.60624
C 91.34930 90.74160 -0.55414
C 73.74130 87.74890 2.53191
C 81.82250 88.62920 -0.28909
C 79.13990 89.88270 2.01950
C 84.25950 90.65920 -1.07591
C 86.66630 93.36460 -0.18546
C 83.82060 94.42400 0.49802
C 89.28900 74.24480 1.84410
C 87.99850 72.96700 0.81975
C 84.80870 71.25440 1.79019
C 87.19240 75.99700 0.12998
C 87.80750 78.62650 -0.53839
C 84.71270 80.77050 0.18411
C 84.81500 84.17870 -0.51652
C 82.31350 85.60210 0.40299
C 79.95690 86.46520 1.91908
C 76.70960 86.63080 1.14753
C 74.11470 84.48370 3.24467
C 95.77690 73.62720 -1.16193
C 92.48790 74.25020 -1.09073
C 92.26510 75.56020 -4.52114
C 95.27500 79.65970 -2.48578
C 92.16640 79.54140 -2.01862
C -0.29570 82.67650 -1.72912
C 93.52370 82.56430 -1.70561
C 90.30200 82.50240 -1.56546
C 94.90610 85.45110 -1.28626
C 91.88250 85.28510 -1.27359
C 88.58870 85.05270 -1.14044
C 90.02320 87.95530 -0.88524
C 88.21550 90.75860 -0.48952
C 76.14400 90.51050 2.58007
C 73.24310 91.67050 3.33937
C 81.61990 92.38680 1.06424
C 78.46010 93.04770 1.68542
C 75.42720 93.73400 2.53241
C 84.78600 74.63400 1.70053
C 81.81690 73.26430 2.87141
C 79.26530 71.57530 3.67706
C 84.72630 77.58950 1.16091
C 81.90550 76.30610 2.38243
C 79.07410 74.78490 3.29795
C 76.25150 73.22140 4.02500
C 81.94610 79.49760 1.76699
C 79.22010 77.91050 2.79054
C 76.30650 76.49220 3.65672
C 82.07550 82.70790 1.00162
C 79.29390 81.24700 2.28236
C 76.50530 79.66640 3.17389
C 73.43940 78.06420 3.87702
C 79.39220 84.45740 1.73511
C 76.59050 82.89990 2.71292
C 73.76120 81.29900 3.60792
