2979
Frame 138
C 12.80100 95.90880 -2.40752
C 14.10310 1.62870 -2.10758
C 11.98880 3.86047 -3.27060
C 10.66010 7.04913 -3.36756
C 7.90778 9.79220 -2.85820
C 4.67340 9.13291 -3.52750
C 2.84467 9.10150 -4.46487
C 23.94770 0.92558 -0.42910
C 22.16430 4.61128 0.77718
C 24.96350 6.49559 -0.81259
C 24.74570 11.83930 -0.95632
C 19.66470 1.41450 -1.91797
C 16.08140 -0.48368 -0.72205
C 19.30120 4.61544 -1.26247
C 22.68150 8.97571 -0.90612
C 19.69300 7.93561 -0.98021
C 13.49450 4.96376 -0.45990
C 23.03520 12.85770 -1.11842
C 14.29330 8.41644 -1.29648
C 22.74910 16.32240 -0.93575
C 11.74640 10.39650 -1.62663
C 22.76970 19.53880 -0.74642
C 12.39970 13.58180 -1.21814
C 9.26353 12.73100 -1.52974
C 22.78260 22.86230 -0.71877
C 14.19180 17.99400 -0.30641
C 10.97590 16.23280 0.12649
C 14.22190 21.45040 0.56987
C 20.69190 -0.48398 -2.06963
C 5.53511 10.88670 -1.14656
C 6.41331 14.16470 -0.46288
C 3.37230 14.44030 -1.00527
C 7.98745 16.73190 -0.02638
C 2.11626 17.31700 -1.05274
C 9.59205 19.29200 0.20223
C 10.98030 21.89890 0.10557
C 9.43962 95.60720 -3.23984
C 10.84100 0.95409 -3.20449
C 7.37815 0.64368 -3.82324
C 4.04867 0.42724 -3.93428
C 8.90941 3.40056 -4.03588
C 5.30719 3.20156 -4.13149
C 2.18146 2.93709 -3.99341
C 6.86228 6.20264 -4.45604
C 3.29602 5.78330 -4.06760
C 16.83670 3.19276 -1.52838
C 16.83220 6.44945 -1.03539
C 20.61400 11.14740 0.40321
C 17.47840 9.90267 -0.70450
C 20.16910 14.77260 -0.71967
C 17.70290 12.96070 -0.58780
C 14.75630 11.60780 -1.09027
C 20.09880 18.07390 -0.69043
C 17.44610 16.33500 -0.54975
C 14.76620 14.88700 -0.76527
C 20.05370 21.35510 -0.52261
C 17.18810 19.69510 -0.53443
C 5.00668 17.14960 -0.41973
C 6.40720 19.69490 -0.04387
C 3.25605 19.92910 -0.28437
C 7.91977 22.29440 0.04244
C 4.89687 22.45660 -0.05439
C 1.58400 22.65650 -0.39484
H 13.57660 -0.20999 -0.50065
H 11.88720 2.20849 -1.33146
H 10.20460 4.78384 -2.33610
H 8.24607 7.33859 -2.68423
H 1.90829 6.67793 -2.19550
H 3.74868 9.22940 -1.02150
H 22.73030 2.15137 1.41779
H 24.66150 4.57306 0.75755
H 23.00720 7.02289 0.74516
H 24.49040 9.95723 0.59907
H 25.02910 15.76900 0.31690
H 20.22750 3.02684 0.15079
H 17.54180 1.33839 -0.50059
H 20.14260 6.08116 0.74461
H 14.71710 2.93237 -0.08897
H 14.94010 6.77159 0.49001
H 21.24640 13.16880 0.70729
H 12.22810 8.62747 -0.40038
H 23.70760 18.21940 0.52792
H 21.06660 16.45180 0.93298
H 9.77568 10.74240 0.10426
H 23.75330 21.21440 0.87855
H 10.18100 13.88520 0.02915
H 12.73820 18.02760 0.73824
H 9.56867 17.57760 1.64065
H 22.11160 -0.59884 -0.16664
H 1.33580 13.06850 -1.65450
H 7.10938 12.45820 -0.14848
H 3.83609 12.31270 0.13034
H 7.69462 14.88650 1.73785
H 6.35830 17.76000 1.52209
H 11.07250 20.30560 2.09938
H 7.95444 20.42820 1.67819
H 10.67780 -0.78352 -1.43810
H 7.45860 -1.07536 -2.02300
H 4.20007 96.08040 -2.22949
H 1.09094 95.55670 -2.27990
H 8.74445 1.81308 -2.14565
H 5.55387 1.46089 -2.41548
H 2.40103 1.19222 -2.29718
H 7.02171 4.33200 -2.79582
H 3.78710 4.04481 -2.42514
H 5.12885 6.87926 -2.67754
H 17.40240 4.63356 0.50393
H 20.83690 9.23074 0.71314
H 17.83730 7.94376 0.70294
H 18.19780 11.31970 1.24691
H 15.31890 9.89024 0.52532
H 18.37200 14.71340 1.08892
H 15.58870 13.13740 0.67954
H 12.67700 11.76170 0.26960
H 20.94000 19.62930 0.97312
H 18.28140 18.05650 0.95281
H 15.55660 16.38720 1.04092
H 12.91920 14.87640 0.82755
H 18.25200 21.25340 1.13303
H 15.46000 19.59470 1.18028
H 4.63625 15.15840 0.91980
H 1.49733 15.40640 0.31637
H 3.24035 17.97320 1.05069
H 4.81113 20.60990 1.50390
H 1.49162 20.76090 1.24339
C 11.81030 96.23300 0.81055
C 12.81230 1.69187 0.85306
C 11.37950 4.31785 -0.21213
C 10.46530 7.13704 -1.43311
C 8.07490 9.37601 -1.03212
C 4.52556 7.70120 0.55126
C 1.73495 8.46215 -2.28266
C 23.72540 0.47398 1.25583
C 23.88900 2.80379 3.56791
C 24.54590 6.19278 2.70175
C 24.56210 12.01350 2.15279
C 19.21620 1.05810 1.50781
C 15.16110 -0.55965 1.15529
C 19.09520 4.30142 2.21759
C 22.70260 9.02874 2.29669
C 19.62130 7.95448 2.41736
C 13.94740 4.79940 1.44865
C 23.07980 13.22690 2.49654
C 13.92760 8.19572 1.68755
C 23.21890 16.34990 2.25864
C 11.18070 10.09640 1.58358
C 22.88420 19.58400 2.47057
C 11.64680 13.18110 1.96790
C 8.78276 12.55780 1.66324
C 23.22960 22.75100 2.44193
C 14.44610 17.89560 2.74298
C 11.51990 16.28970 2.24658
C 14.16820 21.34240 2.42273
C 20.09480 -0.81650 1.01480
C 5.53981 11.90840 1.76694
C 5.63770 13.77480 2.64882
C 2.65949 13.88750 1.74092
C 7.82919 16.56790 3.17856
C 1.26965 16.97620 2.06213
C 9.48000 19.40320 3.37546
C 11.05700 22.12040 3.38757
C 8.84293 95.63000 -0.08167
C 10.05340 1.05598 -0.16573
C 7.10560 0.81307 -0.55973
C 4.05971 0.54615 -0.66807
C 8.47694 3.81794 -0.81371
C 5.66742 3.38015 -0.95779
C 2.38184 3.09981 -0.73787
C 7.12882 6.16812 -1.09050
C 3.83840 5.96723 -0.73285
C 16.23300 2.64226 1.53319
C 16.73680 6.23533 2.16305
C 20.27120 11.23550 2.18622
C 16.90520 9.46277 2.37366
C 20.11620 14.69230 2.50817
C 17.19080 13.00270 2.58387
C 14.38510 11.54170 2.08117
C 20.12110 18.00940 2.59441
C 17.39430 16.34300 2.57862
C 14.68270 14.59060 2.45724
C 20.18200 21.19680 2.68668
C 17.39010 19.54370 2.69056
C 4.54033 16.76830 2.74364
C 6.21853 19.56340 3.19888
C 3.00966 19.64990 2.80126
C 7.97665 22.23140 3.32808
C 4.64053 22.39930 3.12754
C 1.27762 22.56340 2.83159
C 22.38880 26.19640 -0.99188
C 19.74310 28.15870 -0.06332
C 14.86410 24.89570 0.37931
C 18.38760 29.48950 -0.93135
C 22.60960 29.24220 -0.84980
C 23.44760 32.42460 -1.49617
C 23.59920 35.80590 -2.07210
C 25.91010 45.86980 -3.16907
C 22.14430 44.54520 -1.88560
C 20.94880 31.64850 1.08864
C 18.82590 32.85490 -1.35422
C 14.65090 28.35110 -1.43000
C 19.36600 35.00200 -1.26577
C 12.73810 34.47440 -0.86601
C 20.06670 38.38700 -1.69752
C 10.77660 36.58310 -0.67169
C 21.40800 41.53800 -1.96541
C 18.19940 40.97170 -1.50764
C 8.50491 39.00890 -0.94602
C 3.92860 39.28420 -1.89851
C 16.25870 43.40430 -1.54058
C 2.61688 42.53650 -1.58609
C 14.07360 45.86330 -1.71914
C 5.04173 44.45390 -2.05503
C 2.69774 46.87910 -2.11561
C 12.89760 24.58340 -0.13628
C 11.74770 27.82190 0.02249
C 12.37930 31.34930 -0.84465
C 9.59359 30.44690 -0.29986
C 9.30715 33.41010 0.92971
C 5.33098 33.48000 -0.10675
C 7.54431 35.96780 1.42498
C 1.27769 36.30740 -0.44267
C 20.09690 24.58670 -0.33226
C 17.23060 23.02390 -0.06889
C 17.47220 26.26900 0.25265
C 15.83630 34.70080 -1.36496
C 16.86380 38.12330 -1.37963
C 14.07630 37.38980 -1.03510
C 14.95600 40.34260 -1.23782
C 11.72600 39.70080 -1.11330
C 12.79910 42.71300 -1.50034
C 9.82552 42.18920 -1.46178
C 6.58635 41.61310 -1.55777
C 10.93980 45.28420 -1.50853
C 7.76581 44.68210 -1.50907
C 5.68205 47.44470 -1.60207
C 9.65745 24.92060 -0.05806
C 6.39288 25.05600 -0.00935
C 3.25185 25.34390 -0.18214
C 8.10461 27.85350 -0.10196
C 4.89671 27.93540 -0.13845
C 1.64518 28.16040 -0.34932
C 6.64150 30.60560 -0.04601
C 3.61601 30.89660 -0.17952
C 2.35424 33.79410 -0.13288
H 0.82693 42.81470 0.30005
H 23.80730 24.36400 0.32178
H 21.20780 26.05980 1.20153
H 15.61560 23.10470 1.79266
H 18.59770 27.61690 2.07007
H 15.90630 26.29170 2.35494
H 16.24830 28.51760 0.06950
H 23.88430 27.51250 0.48391
H 24.20840 30.74660 0.31543
H 21.45390 29.22570 1.42638
H 23.83500 40.78790 -2.18703
H 24.59030 43.88020 -2.24718
H 22.47860 42.81990 -0.12226
H 20.33670 45.11320 -0.10345
H 19.56340 33.75820 1.03240
H 16.63590 33.17550 -0.14857
H 13.72620 32.81610 0.71694
H 20.72740 36.68730 0.21515
H 11.37130 34.90810 1.18667
H 21.53580 39.72070 -0.22089
H 9.06390 37.45100 1.01754
H 19.49830 42.15190 -0.31804
H 6.57149 40.08010 0.52183
H 2.52824 40.27250 -0.48357
H 17.40070 44.67400 -0.28651
H 4.76171 42.69310 -0.36784
H 15.33470 47.23320 -0.13349
H 2.94475 44.92190 -0.75899
H 12.54770 22.85340 1.55606
H 9.51036 23.15270 1.66332
H 11.26860 25.79190 1.30873
H 13.37180 29.75100 0.38898
H 11.01240 31.69980 1.24690
H 8.17564 31.29900 1.57012
H 7.08732 34.23610 1.64426
H 3.99481 34.67570 1.66287
H 0.83105 34.76860 1.44831
H 2.58144 37.43500 1.00837
H 21.08660 22.85660 1.12391
H 18.43670 24.45350 1.50657
H 23.37830 45.36710 0.11197
H 17.56380 36.10040 0.03600
H 14.45260 35.58910 0.51722
H 18.53040 39.09340 0.06586
H 15.46920 38.64680 0.57834
H 12.31850 37.96370 0.63622
H 16.48490 41.62220 0.17920
H 13.27010 41.10410 0.35021
H 10.11530 40.40570 0.19111
H 14.30120 44.03580 -0.07692
H 11.17640 43.51750 0.23089
H 7.97903 42.98480 -0.02934
H 12.27830 46.59030 -0.14218
H 9.17790 45.97270 0.10971
H 5.97659 45.54920 -0.07518
H 6.40809 23.26090 1.69671
H 3.18376 23.43380 1.41808
H 8.02627 25.99420 1.56750
H 4.88682 26.13020 1.48898
H 1.63233 26.35910 1.33617
H 9.86041 28.70840 1.42496
H 6.47285 28.73490 1.55707
H 3.26752 28.99650 1.25058
H 5.12675 31.68950 1.56134
H 1.98775 31.85240 1.38481
C 23.37160 25.92980 2.34310
C 20.47320 27.53250 3.13739
C 14.80050 24.43130 3.72143
C 16.52280 28.81530 2.71355
C 23.59720 29.19890 2.31463
C 23.49850 32.55660 1.39580
C 23.05780 35.76170 -0.21346
C 24.83360 43.35750 0.26750
C 21.92210 44.31650 1.82321
C 20.62770 31.12770 3.07044
C 17.67920 33.11010 2.28951
C 15.47580 31.03170 0.40421
C 20.75040 35.09770 2.34924
C 13.45540 34.57060 2.48567
C 20.37300 38.30090 1.52221
C 11.06410 36.94270 2.54551
C 21.26540 41.37570 1.51662
C 18.32430 40.87610 1.66987
C 8.25784 39.11020 1.01458
C 4.50149 38.70460 0.07195
C 16.06900 43.48520 1.65795
C 3.08745 41.87100 1.28405
C 14.02090 45.91110 1.48001
C 4.31438 44.44120 1.31940
C 2.16069 46.59770 1.04907
C 12.77240 24.67340 3.11131
C 12.24400 28.04930 1.89130
C 13.04650 31.07860 2.42932
C 9.99549 30.54210 3.11659
C 10.23310 33.54930 2.66311
C 5.59888 33.45190 3.29298
C 4.44951 36.47510 2.56774
C 0.92799 36.75130 2.85541
C 20.50900 24.53530 2.81750
C 17.43920 22.76380 3.00205
C 17.66170 25.69210 3.55965
C 16.43960 34.85080 1.80638
C 17.44800 37.86870 1.88024
C 14.32630 37.42880 2.13790
C 15.11770 40.60370 1.97482
C 11.79280 39.92510 1.93062
C 13.01410 43.08630 1.82301
C 9.57566 42.32260 1.67858
C 6.25032 41.90800 1.49433
C 10.98970 45.46870 1.71427
C 7.63407 44.92650 1.56046
C 5.48116 47.28820 1.61621
C 9.66405 25.13640 3.13927
C 6.35860 25.19980 3.19760
C 3.14931 25.20150 2.97887
C 8.17564 28.00710 3.11481
C 4.65667 28.02750 3.00198
C 1.61565 28.12530 2.88409
C 6.54430 30.56780 3.20675
C 3.43266 30.73930 2.97163
C 2.27960 33.62080 3.05633
C 19.97930 47.29740 -1.57756
C 17.06080 46.77890 -1.87398
C 14.82770 49.02900 -1.85071
C 16.51440 52.69070 -1.48093
C 13.94520 55.90630 -1.05111
C 15.59110 57.44560 -3.67960
C 19.79880 58.39450 -1.98697
C 21.53490 61.10880 -1.79951
C 23.71290 63.99040 -1.81725
C 18.83060 61.27610 -1.80496
C 16.16470 59.97600 -1.58552
C 13.45470 58.22340 -1.06544
C 10.22570 56.82980 -0.14934
C 22.15350 66.44930 -1.86064
C 19.91500 64.51730 -1.18652
C 10.40180 60.31780 -0.72961
C 23.08280 69.65410 -1.94800
C 11.07620 63.59150 -1.83455
C 11.36350 66.85290 -2.60449
C 8.94190 68.86700 -3.28653
C 13.34490 48.75600 -3.24563
C 6.89421 50.44550 -1.27323
C 3.59440 49.95040 -1.56167
C 11.09740 54.04770 -1.32196
C 7.82429 53.29000 -1.30498
C 4.54962 52.90190 -1.23658
C 1.50336 52.47780 -1.18015
C 7.16873 56.05570 -0.08769
C 8.58052 58.07850 1.59879
C 7.00406 60.81870 -1.36761
C 9.03173 63.13980 -1.86193
C 7.89154 66.07300 -2.53308
C 6.98495 69.07150 -3.10865
C 23.33610 47.27700 -1.44154
C 21.43530 49.87560 -1.42276
C 17.85590 49.99110 -0.77653
C 23.08580 52.61760 -1.44306
C 19.74930 52.67040 -1.58669
C 21.28050 55.47390 -1.77807
C 23.00150 58.17380 -1.83284
C 16.48260 63.62880 -2.02658
C 13.72160 61.80880 -1.51004
C 19.82780 68.07810 -2.07272
C 16.99900 66.59650 -2.08132
C 13.92370 65.46130 -2.16342
C 17.19890 69.77890 -2.51995
C 14.48960 68.44570 -2.48367
C 11.90300 70.06250 -3.19214
C 11.76000 48.51780 -1.53209
C 8.77459 47.78110 -1.43841
C 10.05810 50.87830 -1.29602
C 3.08915 55.60090 -0.48797
C 5.21593 58.31070 -1.22164
C 1.98751 58.81390 -1.77086
C 3.93076 61.23840 -1.73074
C 5.89044 63.70560 -2.05652
C 2.73886 64.23940 -2.29778
C 4.75793 66.62850 -2.76588
C 1.59698 67.26700 -2.75957
C 3.55281 69.61650 -3.30664
H 1.77896 50.33830 0.15522
H 18.46970 47.67930 -0.04365
H 16.20270 51.28520 0.53642
H 15.39280 54.27160 0.11341
H 15.75470 57.52680 -1.50318
H 21.40450 59.20170 -0.24358
H 18.23020 59.31450 -0.34700
H 23.31780 62.00200 -0.34372
H 14.25160 57.19450 0.99637
H 12.12680 55.43100 0.45439
H 22.07000 64.74800 -0.14919
H 20.09340 62.25940 -0.17723
H 16.96820 61.92700 -0.28998
H 14.46560 60.12750 0.16897
H 11.70540 58.60460 0.27975
H 23.32970 67.76250 -0.31063
H 11.87250 62.18470 0.05848
H 12.04820 65.54310 -0.46979
H 9.47010 67.42630 -1.36603
H 9.89881 70.55170 -1.87391
H 13.32980 49.79590 0.05875
H 3.87743 47.91160 -0.15771
H 11.41430 52.34580 -0.06550
H 8.30949 51.54200 0.41383
H 4.98869 50.91690 0.24620
H 9.15985 54.64470 0.16419
H 6.15302 53.82130 0.44304
H 3.10903 53.33460 0.70053
H 7.41638 55.83030 2.47982
H 6.66706 59.38670 0.68631
H 8.65861 61.81990 0.15363
H 7.63974 64.65130 -0.52511
H 6.37220 67.58270 -1.34564
H 5.36642 70.54920 -1.95521
H 24.86940 47.97480 0.27938
H 21.63560 47.95290 0.17227
H 23.17080 50.74940 0.23556
H 19.99900 50.78070 0.08982
H 21.54560 53.67110 -0.01348
H 18.40690 53.50230 -0.15731
H 23.08390 56.38050 -0.12695
H 19.75610 56.38900 -0.34176
H 20.38380 66.64180 -0.24267
H 17.69530 65.08320 -0.41310
H 14.65260 63.79540 -0.45216
H 20.85140 69.78730 -0.66900
H 17.90920 68.34430 -0.64232
H 15.03240 66.99350 -0.52886
H 15.35590 70.25970 -1.08136
H 12.39540 68.73690 -1.26809
H 10.15540 48.94770 0.31892
H 7.08389 48.47590 0.19339
H 4.89687 56.78090 0.65567
H 1.45137 57.37930 0.14279
H 3.55814 59.66950 0.00369
H 5.49577 62.26390 -0.11381
H 2.34454 62.64460 -0.45124
H 4.42003 65.17010 -0.76641
H 1.36636 65.73460 -0.90262
H 3.40357 68.18290 -1.35246
H 2.26688 71.19300 -1.89815
C 20.00200 47.00710 1.74292
C 16.94130 46.55070 1.52251
C 14.91830 49.31050 1.36992
C 16.74170 52.89220 1.79310
C 14.11490 54.90150 1.85587
C 17.26400 55.69730 -0.66871
C 19.72580 58.46320 1.33153
C 21.63980 61.12080 1.27722
C 23.64910 63.78840 1.37126
C 18.59740 61.10860 1.39161
C 16.21120 58.51910 0.80950
C 13.28550 59.13590 2.08823
C 12.19300 57.10440 2.18251
C 22.09480 66.54290 1.47717
C 19.78910 64.52400 0.64680
C 10.44670 60.56700 1.14384
C 22.59460 69.67310 1.10535
C 11.17290 63.99840 1.40943
C 11.16540 67.41270 0.47364
C 8.87090 69.36510 -0.01232
C 13.95500 52.23190 -0.05908
C 6.81856 50.28280 1.81885
C 3.51687 49.54810 1.69753
C 10.84710 53.99720 1.88412
C 8.08590 53.38350 2.00578
C 4.85848 52.53800 2.14637
C 1.52910 52.03330 2.10774
C 5.31055 55.88260 3.04804
C 8.48031 57.93560 3.46504
C 6.80938 61.20180 1.75962
C 9.01145 63.72000 1.35406
C 7.83069 66.61560 0.39327
C 6.79363 69.58600 -0.14552
C 23.25480 47.10570 1.89325
C 21.55850 49.68740 1.78863
C 17.93870 49.80900 1.15685
C 23.05480 52.72620 1.69628
C 19.99180 52.65720 1.67901
C 21.34590 55.62530 1.51603
C 23.01460 58.36280 1.39392
C 16.50360 63.78070 1.26801
C 13.97960 62.16160 1.32188
C 19.69820 68.38570 1.08905
C 16.87430 66.89620 1.07064
C 13.98360 65.56100 1.13631
C 17.07920 70.17960 0.70652
C 14.06520 69.10410 0.55159
C 11.55480 70.73310 -0.05016
C 11.90670 48.34420 1.65082
C 8.69359 47.71000 1.82269
C 10.25770 50.90640 1.81728
C 2.74765 55.69860 1.42599
C 4.63062 58.62030 2.04600
C 1.54225 59.10970 1.46398
C 3.66061 61.69820 1.44118
C 5.76156 64.21830 1.11270
C 2.67316 64.69590 0.95307
C 4.79491 67.24870 0.45532
C 1.60836 67.86280 0.36783
C 3.68553 70.25550 -0.10561
C 9.72402 90.01260 -2.76132
C 11.37080 93.13740 -2.64629
C 8.03699 92.83740 -3.47181
C 4.71643 92.12660 -3.78672
C 1.36456 92.02760 -3.96943
C 4.86248 75.05270 -4.09752
C 9.85017 77.80350 -4.16853
C 6.80841 77.86470 -4.35775
C 3.62034 77.75150 -4.67823
C 13.92760 83.59520 -5.54720
C 10.46350 88.07340 -2.77364
C 6.88136 89.40580 -3.31488
C 3.35139 89.29150 -4.00648
C 23.25970 80.31980 -1.87577
C 20.03900 81.33780 -2.39005
C 16.99950 83.26230 -3.38955
C 13.89650 85.32370 -6.39188
C 13.60020 87.33710 -3.14270
C 12.92390 90.43550 -2.70349
C 15.03710 92.94960 -2.18441
C 17.69960 94.60510 -2.22643
C 23.37230 95.48290 -1.76144
C 23.33300 72.98340 -1.94997
C 23.77690 76.52090 -1.25048
C 21.24670 77.91120 -2.67403
C 8.86134 71.89460 -3.63262
C 15.65970 78.07890 -4.19557
C 12.90800 76.29290 -4.74916
C 8.37925 74.98340 -3.41232
C 15.98400 81.57390 -3.88113
C 5.70760 72.08540 -3.66954
C 2.45476 72.74800 -3.79159
C 5.98057 95.30580 -3.71457
C 2.80202 94.88430 -3.91841
C 8.50130 80.83590 -4.41262
C 5.19815 80.72470 -4.68393
C 2.16206 80.79530 -5.17860
C 10.18330 83.99880 -4.22976
C 6.50232 83.47130 -4.53882
C 3.50256 83.61020 -4.66587
C 7.88718 86.34870 -4.17049
C 5.01052 86.53890 -4.25602
C 1.76957 86.55900 -4.58836
C 22.62120 83.56810 -1.89713
C 19.75740 85.13810 -2.67123
C 16.69810 86.27830 -2.95320
C 22.12590 86.86290 -2.13464
C 19.01140 88.28230 -2.47543
C 16.09550 89.48900 -2.74423
C 24.62170 88.85940 -1.58090
C 21.45420 90.27960 -2.29139
C 18.39490 91.59240 -2.39870
C 24.09280 92.38260 -1.74336
C 21.03640 93.63340 -2.12726
C 20.23960 71.31880 -2.49245
C 20.63350 74.55980 -2.80085
C 17.74820 72.98070 -2.98979
C 14.80890 71.49890 -3.18480
C 18.20480 76.29760 -3.38302
C 15.44850 74.65970 -3.91165
C 11.97840 73.00640 -3.97265
C 18.58730 79.94870 -3.15244
H 11.04090 91.23870 -1.11513
H 7.78803 91.10210 -1.78870
H 12.50260 94.14290 -0.52960
H 6.01027 93.37460 -2.13029
H 2.96337 92.97500 -2.26714
H 6.44370 76.20620 -2.57111
H 3.29725 76.34650 -2.63865
H 8.30489 78.98830 -2.58879
H 9.86374 81.72020 -3.09339
H 12.52210 83.12640 -3.54850
H 8.99774 88.50180 -0.86084
H 4.79763 90.20030 -2.19417
H 1.55334 90.03360 -2.45661
H 22.48180 78.44330 -0.61880
H 21.73590 81.67640 -0.43496
H 18.72900 83.25810 -1.54016
H 15.76140 84.39530 -1.43892
H 14.35570 85.84130 -3.98117
H 12.40860 88.37450 -1.25639
H 14.62470 90.75100 -1.25115
H 17.02930 92.75670 -0.59526
H 15.13230 94.91780 -1.97183
H 19.77810 94.92400 -0.91006
H 23.93070 71.06040 -0.49165
H 23.93360 74.43100 0.10663
H 21.41370 76.05270 -1.10517
H 18.88900 77.85360 -1.98281
H 13.11420 74.99040 -2.99853
H 10.17920 73.62720 -2.41306
H 7.32887 73.16110 -2.16486
H 16.13460 79.69290 -2.24764
H 13.29820 78.30800 -3.01204
H 4.22742 73.48070 -2.26943
H 9.25862 93.84190 -1.57276
H 5.05716 78.96240 -3.06946
H 1.77373 78.83850 -3.70266
H 6.62967 81.69370 -2.94419
H 3.40926 81.67180 -3.20411
H 8.11418 84.59430 -2.95966
H 4.96069 84.50900 -2.93066
H 1.75913 84.50760 -3.14596
H 6.36480 87.24180 -2.34416
H 3.21094 87.18870 -2.65178
H 24.62320 80.53870 0.13473
H 23.88140 83.82100 0.26049
H 21.21340 85.08620 -0.64426
H 18.25720 86.38940 -1.11253
H 15.37860 87.60200 -1.38993
H 23.57030 87.11040 -0.14998
H 20.75010 88.41200 -0.75072
H 17.74300 89.67140 -0.87003
H 23.13010 90.42310 -0.43629
H 20.20320 91.65090 -0.78474
H 22.63390 93.67640 -0.16655
H 21.13370 72.99500 -0.94229
H 18.22180 71.50390 -1.06497
H 18.54760 74.73140 -1.47292
H 15.61850 73.29620 -1.79590
H 12.78240 71.96290 -1.85235
H 15.90120 76.50910 -2.36854
C 9.06257 90.76550 0.22234
C 10.68560 93.26090 0.41082
C 7.47230 92.92030 -0.20311
C 4.59847 92.06160 -0.56930
C 1.50358 91.75070 -0.56748
C 4.85549 75.40530 -0.87287
C 10.12100 78.33940 -1.06891
C 6.52348 78.29390 -1.19890
C 3.12034 78.20500 -1.63731
C 12.20510 80.65420 -3.24104
C 10.53700 87.93580 0.55767
C 6.67976 89.15000 -0.86469
C 3.08585 88.91750 -0.87528
C 22.49380 79.97470 1.22447
C 19.54080 81.12050 -0.33617
C 16.62730 82.44190 -0.16629
C 13.72440 83.98070 -2.17930
C 13.37700 86.62080 -0.20586
C 12.69190 90.31470 0.34591
C 14.68360 93.05130 -0.18497
C 17.73740 94.49290 0.63909
C 22.96530 95.19360 1.47176
C 22.83560 72.81730 0.99014
C 22.76620 76.48880 0.87324
C 20.23570 77.85850 0.06798
C 9.06970 72.46680 -0.57308
C 14.23530 78.06980 -1.38806
C 11.08530 77.11590 -2.53605
C 8.47616 75.22470 -1.53009
C 15.05540 81.19280 -0.68416
C 5.69687 72.54190 -0.54093
C 2.41447 73.30910 -0.54668
C 5.82135 95.23120 -0.54648
C 2.79217 94.74950 -0.64033
C 8.64833 81.26700 -1.35579
C 4.88131 80.83350 -1.48290
C 1.55123 80.59650 -1.99011
C 10.42040 84.06120 -2.28169
C 6.54866 83.56020 -1.33535
C 3.28902 83.48790 -1.50626
C 8.26681 86.24320 -1.09569
C 4.92368 86.18690 -1.10373
C 1.44337 86.15800 -1.30389
C 21.61340 83.32790 1.13094
C 18.99710 84.59210 0.50812
C 16.30970 86.10530 0.35890
C 21.45640 86.83730 1.08156
C 18.73850 88.02400 0.67077
C 15.67730 89.22990 0.40817
C 23.84290 88.92930 1.47126
C 21.06830 90.15450 0.96551
C 18.31800 91.29300 0.89052
C 23.50520 92.00840 1.43953
C 20.45840 93.43900 0.93597
C 19.95080 71.54610 0.70880
C 20.01730 74.76200 0.44699
C 17.17840 73.36130 0.07012
C 14.34330 72.21220 0.02464
C 17.24000 76.56890 -0.46232
C 14.43730 75.25090 -0.89216
C 11.77570 74.02760 -0.93936
C 17.23400 78.68730 -0.25659
C 38.42660 0.41204 1.25053
C 36.52750 0.26969 0.36585
C 39.22630 3.25330 1.63140
C 48.12930 9.43776 0.69517
C 44.91920 9.07072 0.94428
C 42.01070 8.58786 1.15638
C 42.80480 11.53900 0.57896
C 33.54040 -0.36053 1.39110
C 27.72890 0.76780 -0.44354
C 35.72990 3.14133 1.77756
C 37.26240 5.85174 1.20362
C 38.87640 8.63595 0.92692
C 26.18670 8.95932 -0.55544
C 40.75750 11.23640 0.60869
C 39.50390 14.21590 0.06155
C 26.48650 14.91520 -0.74685
C 28.20640 17.68740 -0.48285
C 36.43340 20.28760 -0.46862
C 33.10850 20.35400 -0.10218
C 30.03390 20.32890 -0.30522
C 26.00290 20.86760 -0.12992
C 49.10820 11.14840 0.12697
C 45.96160 12.18980 0.78628
C 44.66520 14.58180 -1.46828
C 43.39890 17.60530 -1.34662
C 40.32890 19.34290 -0.94816
C 40.37140 22.40890 -1.24381
C 47.61040 1.18116 2.46878
C 44.60280 0.79064 2.26918
C 41.55900 0.49403 1.88308
C 48.85990 3.93770 1.92916
C 45.74210 3.67794 1.97265
C 42.43640 3.33846 1.87189
C 47.05060 6.60137 1.35979
C 43.90400 6.07637 1.44981
C 40.48900 5.85067 1.45672
C 30.75420 0.40667 0.37369
C 32.68400 3.23329 0.68354
C 29.51480 3.32576 -0.04029
C 26.34450 3.36087 -0.64976
C 34.06380 6.08654 0.84311
C 31.11450 6.21168 0.24490
C 27.82660 6.22280 -0.34062
C 35.86940 8.69873 0.70600
C 32.74800 8.93042 0.31898
C 29.50700 9.04173 -0.16538
C 37.62170 11.46760 0.51296
C 34.43400 11.54280 0.16593
C 31.25910 11.74750 -0.18283
C 27.85660 11.79090 -0.49043
C 35.90010 14.16420 -0.02186
C 32.74590 14.41980 -0.24712
C 29.82080 14.56570 -0.44291
C 37.90860 16.92370 -0.46833
C 34.37170 17.32780 -0.37951
C 31.38930 17.46410 -0.20845
C 48.94500 14.31840 -0.33718
C 46.01760 16.02290 -0.74611
C 48.80550 17.41870 -0.82920
C 45.95290 19.17360 -1.06169
C 43.20280 21.07300 -1.35676
C 48.73520 20.75130 -1.22850
C 45.90420 22.22940 -1.48995
H 36.54050 1.02286 2.71712
H 40.83040 4.23965 3.30824
H 37.62990 4.03027 2.86041
H 48.66410 7.93106 2.74193
H 42.11270 7.13307 2.68528
H 46.53440 10.36140 2.17812
H 43.37320 10.18860 2.50102
H 30.56970 96.14700 2.22250
H 27.75860 96.21310 0.91654
H 32.14910 1.41997 2.21984
H 25.84700 1.52675 0.85588
H 33.74560 4.34993 2.64576
H 38.81330 7.00460 2.82769
H 35.55780 7.12243 2.58938
H 40.33840 9.80397 2.49647
H 39.23620 12.68460 2.01395
H 26.34730 12.85300 0.71650
H 40.61480 15.88490 1.74003
H 37.63560 15.27750 1.32185
H 36.26210 18.27480 1.03031
H 26.71030 18.44440 0.53534
H 34.53540 21.23200 1.13677
H 31.37900 20.88090 1.82479
H 28.40720 21.31570 0.80916
H 48.18500 12.95000 1.51840
H 45.04290 14.45920 1.01653
H 42.72500 16.01810 -0.65475
H 42.30050 19.28300 0.15561
H 39.56510 21.13400 0.92796
H 24.73480 96.17550 0.10756
H 47.70300 -0.36002 4.33708
H 44.58780 -0.91158 4.06355
H 41.60820 -1.34497 3.50264
H 38.51760 95.92190 2.60177
H 49.00180 2.50845 3.90167
H 45.86140 2.16274 3.89376
H 42.76000 1.61319 3.65715
H 39.64510 1.33471 3.19214
H 47.21460 5.06889 3.34330
H 43.97550 4.64609 3.35429
H 45.32700 7.55300 2.86214
H 28.96350 1.53158 1.55665
H 30.76590 4.36212 1.82488
H 27.63710 4.37600 1.21182
H 32.39880 7.25705 2.00602
H 29.30930 7.21423 1.46836
H 26.16310 7.20282 1.19646
H 37.28420 9.83522 2.37176
H 34.23310 9.93692 1.95875
H 30.96030 10.04760 1.59117
H 27.72400 9.93019 1.22352
H 35.99730 12.58770 1.90287
H 32.74780 12.71240 1.53958
H 29.45230 12.74420 1.19903
H 34.31730 15.52420 1.31398
H 31.24980 15.51660 1.30952
H 28.17730 15.65010 0.97127
H 32.96600 18.30790 1.42119
H 29.76100 18.41520 1.35429
H 47.86990 16.01110 0.93037
H 44.96890 17.71780 0.64126
H 47.84280 19.26630 0.55111
H 44.87300 20.88100 0.33574
H 42.26410 22.63180 0.26036
H 47.67080 22.46730 0.15951
C 37.90510 0.03773 4.36614
C 34.64610 -0.39650 3.26753
C 39.11100 3.20664 4.66715
C 48.30200 10.15540 3.80567
C 45.14320 9.76168 4.01887
C 41.96620 9.08787 4.15406
C 42.80740 12.22640 3.73409
C 33.19390 0.65529 4.33314
C 27.06450 0.21148 2.56089
C 35.57340 3.01553 3.74515
C 37.00400 5.95865 4.25162
C 38.77980 9.07574 4.19840
C 25.90790 9.17865 2.64650
C 40.73100 11.83730 3.80310
C 39.39240 15.03490 3.11885
C 26.37920 14.72700 2.33614
C 27.85860 17.50710 2.64908
C 37.07530 20.73050 1.33478
C 33.41920 20.10770 3.14766
C 29.29540 20.21470 3.02649
C 26.09450 20.73120 1.69766
C 49.21910 11.81370 3.33666
C 45.96280 12.70320 2.53124
C 42.78310 14.49730 1.56012
C 42.77560 17.35720 1.61564
C 41.01320 19.91850 2.27238
C 40.51890 23.12320 1.98638
C 47.45200 1.69772 5.59625
C 44.37550 1.15867 5.44626
C 41.06850 0.47257 5.02450
C 48.92390 4.75900 4.90077
C 45.65790 4.24841 5.09660
C 42.53060 3.60798 5.01026
C 47.06810 7.22528 4.57593
C 43.82090 6.80575 4.50931
C 40.62120 6.22860 4.44560
C 30.17160 0.79792 3.54580
C 32.07610 3.45431 3.78400
C 28.90020 3.41494 3.08541
C 25.77800 3.19500 2.52680
C 33.57490 6.46492 3.93935
C 30.62020 6.22385 3.32840
C 27.64860 6.21729 2.88370
C 35.48550 9.21214 3.91805
C 32.52690 9.27409 3.38644
C 29.21230 9.14770 3.03407
C 37.55820 11.90580 3.69003
C 34.17810 11.88580 3.38837
C 30.92220 11.98710 3.05008
C 27.59260 11.91490 2.61690
C 35.94990 14.80790 3.01915
C 32.74400 14.69140 3.00754
C 29.51300 14.61610 2.75527
C 38.70290 17.55310 1.23065
C 35.00960 17.59460 2.72105
C 31.34550 17.37830 2.92634
C 48.92580 14.85820 2.83739
C 45.78720 16.12560 2.44150
C 48.68960 17.83640 2.35620
C 45.84520 19.43140 2.08579
C 42.94820 20.95790 1.89158
C 48.68610 21.11500 1.97045
C 45.71760 22.72070 1.68735
C 49.02520 30.03650 0.20452
C 47.50640 32.73580 -0.22585
C 49.09970 35.58250 -0.52479
C 47.86790 38.33730 -1.00939
C 37.47570 23.83200 -1.54249
C 39.90180 26.27280 -1.01106
C 42.81340 27.67970 -1.56967
C 48.49740 27.31230 -1.96438
C 45.76300 29.19110 -1.94616
C 36.48430 25.66600 -1.43515
C 33.65010 23.98990 -0.78574
C 29.59850 23.47880 0.85663
C 40.22910 29.97610 -1.75207
C 37.21770 28.86660 -1.50932
C 28.19740 25.40700 -1.47159
C 43.97900 33.62720 -0.88795
C 40.81960 33.19830 -1.81402
C 25.33940 27.54500 -1.53987
C 41.73050 36.81040 -1.24666
C 39.13340 38.47470 -1.70378
C 36.91590 40.89600 -1.42206
C 34.30420 42.55930 -1.75787
C 31.13240 41.38170 -1.61797
C 27.83690 40.15550 -3.46978
C 24.52570 39.17890 -3.38388
C 24.10970 42.71710 -4.03177
C 31.71670 44.65480 -1.46739
C 28.31150 44.17430 -1.64715
C 32.58220 47.47800 -1.33268
C 45.74980 35.89860 -0.35790
C 44.54280 38.86510 -1.54705
C 41.46040 40.53590 -1.75408
C 46.72280 41.23160 -1.99508
C 40.82660 43.76730 -1.71126
C 37.65490 45.11580 -2.23906
C 34.97480 45.92060 -0.98759
C 46.82830 44.54920 -2.10365
C 43.02890 24.09560 -1.62086
C 48.82050 23.84030 -1.46603
C 46.06020 25.19510 -2.09738
C 34.13660 27.45780 -1.35459
C 31.17880 26.54720 -1.30087
C 37.81450 31.93380 -1.68540
C 34.79950 30.81100 -1.62088
C 31.57210 29.54690 -1.46609
C 28.55620 28.43550 -1.47932
C 38.44630 35.05320 -1.82975
C 35.36520 33.89480 -1.82035
C 32.30060 32.79200 -1.80764
C 29.09840 31.59160 -1.68218
C 25.87690 30.67980 -1.53342
C 35.86530 37.19700 -1.95908
C 32.87850 35.99550 -1.97030
C 29.84340 34.90390 -2.01568
C 26.61500 33.48670 -2.02430
C 33.57400 39.51980 -1.78765
C 30.87680 37.95200 -2.23779
C 26.82110 36.96490 -1.97039
C 29.64330 47.20610 -1.28027
C 43.76440 42.43890 -1.88717
C 43.71530 45.70530 -1.87564
C 40.68300 46.71670 -1.41240
H 47.53000 31.23710 1.78525
H 48.98850 33.99400 1.34298
H 47.61730 36.87980 1.03440
H 39.28340 24.21440 0.05819
H 42.13730 25.82940 -0.12618
H 40.84310 28.37160 -0.28643
H 47.42690 28.63940 -0.09055
H 44.48380 29.94090 0.24512
H 37.84740 27.08610 0.00450
H 34.79410 25.94150 0.54622
H 31.74970 24.80630 0.51186
H 41.47570 31.42050 0.07241
H 38.43970 30.33120 0.03878
H 29.29850 26.82980 0.32339
H 26.41290 25.67520 -0.15957
H 41.96380 34.50010 -0.49704
H 39.52480 36.47550 -0.26139
H 40.96690 38.80680 -0.08160
H 24.67680 33.87530 -0.57702
H 37.67620 41.58160 1.01247
H 31.53120 39.42490 -0.36225
H 28.65160 38.27890 -1.17775
H 24.45730 37.74150 -1.21650
H 35.51390 43.75540 0.04700
H 32.50010 42.79510 -0.08624
H 28.17150 42.51490 -0.67964
H 32.97540 45.74300 0.29507
H 29.81880 45.19000 0.10825
H 45.85140 33.70440 0.88033
H 43.82700 37.39770 -0.05160
H 46.29980 39.72440 0.03105
H 43.32470 40.62180 -0.23669
H 40.39990 41.99650 0.13812
H 38.28450 43.13100 -1.40821
H 45.88050 42.79360 -0.64958
H 44.96530 24.07420 -0.19799
H 47.70730 25.64120 -0.35082
H 44.84990 27.04150 -1.20069
H 35.30090 29.11090 0.09227
H 32.37050 28.01360 0.29491
H 39.01470 33.35840 -0.10826
H 35.97290 32.26000 -0.03448
H 32.89070 31.10800 -0.04034
H 29.78050 30.00720 0.08377
H 26.74790 28.88710 -0.03533
H 36.47880 35.45740 -0.24841
H 33.43970 34.30900 -0.33802
H 30.37320 33.17510 -0.26621
H 27.33430 32.03430 -0.10034
H 37.15990 38.63400 -0.39642
H 34.01740 37.48990 -0.40773
H 30.93710 36.30240 -0.42249
H 27.81750 35.11600 -0.54945
H 34.80490 40.76710 -0.12670
H 26.56400 45.09940 0.16710
H 42.85160 43.96590 -0.30484
H 40.02560 44.99480 0.36169
H 37.18740 46.26960 -0.00123
H 45.57580 45.99860 -0.40334
H 42.63510 47.07440 -0.03748
C 48.58550 30.38170 3.28228
C 47.07140 33.46690 2.84659
C 49.02980 36.23070 2.55415
C 47.67880 39.19630 2.03811
C 37.59060 23.81440 1.76083
C 39.98850 26.38790 0.85717
C 43.11510 27.88800 0.51060
C 47.35920 27.19620 1.57538
C 45.85970 30.12500 1.30450
C 36.90320 25.75920 1.85815
C 34.08590 23.71330 1.15120
C 31.23450 23.05990 2.53552
C 40.45950 30.07510 1.51006
C 37.28450 28.83310 1.66172
C 28.24410 25.06260 1.73143
C 43.73330 32.37640 0.78830
C 40.89780 33.55650 1.45259
C 25.98830 27.39650 1.79087
C 41.67240 36.63130 0.79383
C 38.93770 38.36150 1.24910
C 36.48410 40.15270 1.67059
C 34.22670 42.33850 1.64919
C 30.36820 41.55880 0.11036
C 28.22260 40.16930 -1.57026
C 23.18950 39.03410 -0.30554
C 25.76630 41.93710 -1.00240
C 31.52840 44.34540 1.63874
C 28.27340 43.82010 1.56348
C 32.77180 47.41300 2.00797
C 45.32210 36.07490 1.47640
C 44.35230 39.23500 1.53170
C 41.71800 40.30440 1.66406
C 46.19580 41.66820 1.47825
C 41.62600 43.67670 1.79625
C 37.77320 44.11350 0.92370
C 35.14730 45.86760 1.23613
C 47.13410 44.43320 0.71504
C 43.23210 24.52230 1.51877
C 48.23190 24.30920 1.56621
C 45.63760 26.11960 0.89566
C 34.25910 27.78480 1.94599
C 31.19740 26.54480 1.97014
C 37.70020 32.10700 1.63211
C 34.75280 30.97800 1.64576
C 31.63080 29.87600 1.70808
C 28.53730 28.45580 1.66230
C 38.26590 35.15000 1.36630
C 35.24780 34.11340 1.39335
C 32.22040 32.97590 1.42026
C 29.25340 31.96290 1.50918
C 26.26370 30.65820 1.64932
C 35.77220 37.31510 1.26700
C 32.65960 36.08910 1.22819
C 29.38360 35.06860 1.11491
C 26.33380 33.98080 1.14348
C 33.19610 39.31090 1.18444
C 29.73710 38.15670 0.74423
C 26.62360 37.22240 -0.05654
C 29.60570 46.73770 1.84918
C 44.22260 42.37300 1.13591
C 43.95130 45.50340 1.28308
C 40.97400 46.82580 1.82932
H 36.91840 60.17120 -0.07239
H 34.44060 58.51990 -0.37573
H 40.10960 63.54840 -0.03307
H 37.06990 62.94590 -0.33150
H 44.43400 68.22050 -0.05923
H 40.85210 66.66310 0.13317
H 28.93670 62.34070 -0.26376
H 44.54030 71.18490 0.24492
H 25.32180 64.91850 -0.16076
H 26.19400 68.61980 -0.20011
H 27.55970 71.48090 0.23158
H 34.26750 61.72350 -0.25115
H 37.75620 65.89090 -0.23496
H 34.68410 64.96950 -0.32618
H 31.74940 63.67610 -0.15447
H 41.64480 69.85700 -0.34154
H 38.53330 68.89950 -0.09807
H 35.24120 67.99090 -0.28267
H 32.10560 66.92410 -0.32125
H 29.04570 65.46570 -0.28016
H 36.09430 71.03880 0.08045
H 32.93180 70.11390 -0.10797
H 29.91610 69.30140 -0.17761
C 47.16920 65.30970 -2.87978
C 49.02880 69.39020 -0.63367
C 34.90490 50.11200 -0.57142
C 35.66050 53.35460 -2.04133
C 33.49530 56.17610 -0.05963
C 31.12970 55.35570 -1.45229
C 30.13070 58.53480 -1.24003
C 27.92250 60.82560 -1.89899
C 24.84560 60.95210 -1.95178
C 36.74190 58.17200 -1.43059
C 38.98530 61.42320 -0.51335
C 35.99820 61.39230 -1.93208
C 33.16240 60.19430 -1.87663
C 43.04360 66.37490 -1.17213
C 39.73000 65.05900 -1.57807
C 30.67450 62.13780 -1.82018
C 43.63970 70.03170 -1.74446
C 27.38270 63.95270 -1.21869
C 25.17410 66.94210 -1.76515
C 26.02700 70.60600 -1.70968
C 37.74880 48.19410 -1.27016
C 37.58080 51.37410 -0.87633
C 37.11470 54.71060 -1.61086
C 39.76660 56.39560 -1.43698
C 41.80220 58.84210 -1.08205
C 47.83960 59.16950 -1.14965
C 42.05020 62.82840 -0.25334
C 46.94450 62.32590 -0.88456
C 45.40210 63.51910 -0.63558
C 26.34020 46.97100 -1.48481
C 31.12390 49.87330 -1.27134
C 27.89370 49.81900 -1.20628
C 24.86560 49.83360 -1.27020
C 32.64810 52.65230 -1.40981
C 29.49270 52.53440 -1.36847
C 26.38300 52.57670 -1.28185
C 28.04410 55.40280 -1.62070
C 24.67550 55.34780 -1.67027
C 26.24450 58.10710 -1.89282
C 36.48570 64.69900 -1.96204
C 33.37850 63.41280 -1.80876
C 40.29860 68.34680 -1.73284
C 37.13640 67.68010 -1.74438
C 33.95510 66.66140 -1.92339
C 30.97220 65.34130 -1.79825
C 37.69470 70.57600 -1.69424
C 34.85910 69.70390 -1.63509
C 31.67550 68.90270 -1.86159
C 28.39400 67.60270 -1.12957
C 32.50540 72.03860 -1.59289
C 29.31400 71.14570 -1.68615
C 46.37530 47.98100 -1.66598
C 43.38390 48.89680 -1.51689
C 40.40890 49.88190 -1.35267
C 46.13940 50.96760 -1.22673
C 43.19170 52.12680 -1.30311
C 39.95170 53.30190 -1.42763
C 45.61560 53.96480 -1.22517
C 42.50810 55.40390 -1.38351
C 48.44170 55.89090 -1.14566
C 45.13070 57.32090 -1.19086
C 44.80470 60.34030 -1.08593
H 47.38170 64.85170 -0.93277
H 49.04290 67.19790 0.68828
H 47.18720 69.58600 0.49707
H 34.33490 47.90560 0.24469
H 32.70140 50.74540 0.26802
H 34.17660 53.74090 -0.03301
H 32.16660 57.84060 1.52069
H 31.36300 60.36110 -0.23396
H 27.89850 59.14230 -0.45048
H 26.39390 61.94550 -0.35987
H 36.96690 49.45300 0.65105
H 48.09460 47.92150 0.26663
H 39.32720 51.49600 0.14447
H 38.88770 54.77790 0.20114
H 36.07950 56.13240 -0.10194
H 38.63370 57.93440 0.21072
H 41.13500 60.49870 0.26757
H 46.62200 60.41760 0.53952
H 44.01560 61.91750 0.59858
H 31.07800 48.10760 0.46040
H 27.97490 47.91170 0.32879
H 29.48370 50.80630 0.36695
H 26.34850 50.82820 0.46111
H 30.98040 53.51250 0.30008
H 27.92180 53.62500 0.15826
H 24.72020 53.70040 0.17358
H 29.55150 56.32780 -0.25025
H 26.35310 56.38020 -0.09929
H 24.65920 59.11760 -0.27718
H 39.69720 48.17800 0.28436
H 45.15630 49.16630 0.16659
H 42.28640 50.31360 0.16422
H 47.94680 51.14180 0.42669
H 44.89930 52.32390 0.49003
H 41.85540 53.54650 0.06061
H 47.49490 54.23590 0.36299
H 44.44570 55.46690 0.30986
H 41.43440 56.77860 0.37071
H 47.06430 57.34020 0.35715
H 43.86330 58.63520 0.39373
C 46.66730 67.10820 0.09345
C 48.62390 68.81660 2.51767
C 34.71900 49.87260 1.45503
C 35.90400 52.92690 1.72808
C 32.54550 57.63990 3.62349
C 30.85060 55.55570 1.68667
C 29.97970 58.53400 0.70884
C 27.77020 60.81540 1.27007
C 24.87720 61.05830 1.30185
C 36.36080 58.24140 1.29447
C 38.99770 60.23160 1.17744
C 35.95170 61.70720 1.53101
C 33.32290 60.12890 1.28780
C 43.17040 66.06700 0.68765
C 39.37880 65.17900 1.59223
C 30.67730 62.06360 1.37039
C 43.43350 69.22040 1.35633
C 27.34690 63.91140 0.74637
C 25.03610 66.95010 1.38429
C 25.46450 70.36130 1.36992
C 37.90670 47.48860 1.83741
C 38.23220 50.55000 2.21778
C 36.94070 54.74580 1.77257
C 39.43920 56.57990 1.91366
C 41.86010 58.70770 1.88520
C 47.75470 58.89460 2.11602
C 41.88650 62.43700 1.60949
C 47.04730 62.17880 2.18089
C 45.17010 63.27230 2.25029
C 26.37210 46.88080 1.89552
C 31.12490 49.99730 1.96831
C 28.03380 49.71960 1.95341
C 24.73100 49.79710 1.92533
C 32.61780 52.63470 1.87760
C 29.35800 52.69180 1.88611
C 26.27120 52.88670 1.83507
C 28.02070 55.57330 1.53769
C 24.68500 55.69650 1.56008
C 26.29900 58.38940 1.29696
C 36.41190 64.63090 1.35060
C 33.47970 63.53480 1.29801
C 40.46550 68.46380 1.45144
C 37.04070 67.64890 1.33923
C 33.86400 66.72340 1.29238
C 30.70320 65.47390 1.26091
C 38.03150 70.56650 1.52959
C 34.73970 69.67260 1.46964
C 31.40600 68.72510 1.31073
C 28.26190 67.72400 0.76290
C 32.29580 71.78660 1.58359
C 29.20340 71.09560 1.48915
C 46.45470 47.51820 1.45495
C 43.26360 48.72280 1.72985
C 40.33120 49.98100 1.75523
C 46.00720 50.71250 1.91242
C 42.81600 52.11430 1.82362
C 39.84830 53.39410 1.67245
C 45.56240 53.91560 1.95154
C 42.47770 55.27370 1.81490
C 48.29240 55.88820 2.10746
C 45.12600 57.13490 1.91937
C 44.72210 59.98770 2.02789
H 42.12140 73.03950 -0.69251
H 39.70940 75.16250 -0.14915
H 37.54750 77.37920 1.00082
H 25.93760 73.16140 -1.88731
H 34.81740 79.22640 1.64984
H 31.99730 78.41790 0.31019
H 29.15210 77.53150 -0.75022
H 26.21780 76.44980 -1.32788
H 39.10920 71.91590 -0.26480
H 36.77020 74.08770 0.16281
H 33.74130 73.15630 0.19613
H 30.59000 72.38350 -0.11410
H 34.52120 76.29210 0.32108
H 31.42850 75.42080 -0.11490
H 28.32770 74.61610 -0.34040
C 43.76890 89.37450 2.01850
C 37.17730 89.45720 0.60690
C 48.47300 93.40200 2.99253
C 45.43060 92.22310 3.88898
C 42.35930 92.23240 1.98208
C 39.45520 91.94810 0.86732
C 35.84830 92.44460 -0.07885
C 34.45950 94.12440 0.12828
C 46.04970 74.88180 1.30381
C 43.31110 76.16110 2.49672
C 41.20610 78.12150 1.04053
C 39.04540 80.33040 -0.36447
C 38.99770 83.71110 0.20909
C 38.86090 86.86970 0.78192
C 40.65210 88.79880 2.72449
C 46.99990 88.25880 2.58333
C 46.66550 71.58620 -0.95102
C 29.88990 96.05410 -0.20516
C 25.96370 78.90050 -1.04981
C 30.39160 79.76440 -0.86157
C 28.05790 81.09370 -0.65319
C 35.66200 83.34150 1.49665
C 33.07420 85.02190 0.29184
C 35.79590 86.62940 0.75460
C 32.85500 88.25620 0.24821
C 32.51920 91.60810 1.28340
C 29.63550 92.85820 0.14501
C 43.96750 72.66350 -1.76446
C 41.34160 75.04990 -2.02253
C 38.46420 76.86340 -1.35878
C 25.87670 74.80880 -3.32481
C 36.94780 79.66890 0.11302
C 31.43910 77.19400 -1.81425
C 28.38970 75.89400 -2.50391
C 46.48000 95.70370 2.81409
C 43.55530 95.20700 2.25742
C 40.51810 95.02140 1.56112
C 37.84110 94.96050 0.43343
C 46.80440 78.36240 1.98018
C 44.17880 80.06220 1.51950
C 41.63530 81.85180 0.90403
C 46.79510 81.76640 2.14277
C 44.21780 83.53190 1.73486
C 41.53630 85.21430 1.37874
C 46.99770 84.99840 2.34258
C 44.09340 86.75630 2.10320
C 25.44790 82.37240 -1.09956
C 30.69520 82.87840 -0.29166
C 27.86890 84.17520 -0.71834
C 25.00720 85.44370 -1.29382
C 30.29690 86.29800 -0.27515
C 27.37730 87.57860 -0.80255
C 29.94930 89.55750 -0.23706
C 27.13120 90.76710 -1.09439
C 26.45480 94.66430 -0.54155
C 40.75380 71.47420 -2.01267
C 38.35440 73.73810 -1.66097
C 35.52310 72.79430 -1.49709
C 36.57630 76.22430 -0.99759
C 33.56840 75.13130 -1.34098
C 30.33010 74.14040 -1.84331
C 34.08540 78.45720 -0.79751
H 42.08740 90.66120 3.55417
H 38.82070 90.44130 2.33831
H 46.73250 94.09720 4.61467
H 37.37370 93.20840 1.57966
H 33.55270 93.55390 2.46719
H 35.57630 95.81410 1.21883
H 45.67800 76.78640 3.10567
H 42.81580 78.58840 2.95885
H 40.35500 80.27080 1.71293
H 37.59090 81.86590 1.31740
H 48.23860 78.37070 4.21702
H 37.51600 85.00950 1.59569
H 37.17880 87.72160 2.33282
H 40.04870 86.41570 2.86588
H 45.19930 89.71920 4.01557
H 47.73470 91.50170 4.49328
H 47.21930 72.59990 1.34593
H 25.04540 77.41550 0.69599
H 27.50200 79.19900 0.94961
H 29.82110 81.31290 1.01705
H 32.16520 83.19220 1.74773
H 34.46200 85.27100 2.46732
H 34.36750 88.40090 1.90793
H 31.44230 89.69740 1.71643
H 28.39570 90.87130 1.10190
H 25.69330 92.34260 0.17569
H 30.51700 92.89130 2.16495
H 43.35900 93.51390 3.93548
H 40.25600 93.21890 2.97602
H 45.68830 80.07810 3.49290
H 43.06670 81.75890 2.94474
H 40.24350 83.38210 2.35063
H 48.44510 81.70520 3.93118
H 45.68410 83.32810 3.72082
H 43.02720 84.88560 3.31963
H 48.50910 84.94830 3.99925
H 45.70430 86.55340 3.85422
H 42.68530 87.90910 3.70557
H 48.48150 88.34940 4.24471
H 26.86050 82.54100 0.95112
H 29.36990 84.49940 1.09951
H 26.41830 85.75100 0.51144
H 31.74180 86.54020 1.73146
H 28.91940 87.76860 1.14269
H 25.96320 89.13820 0.47352
C 43.46720 89.53790 5.42725
C 36.24430 89.97680 2.21673
C 48.47680 93.31440 6.11069
C 44.92760 92.86840 5.74871
C 41.38030 92.55510 5.07465
C 38.19120 92.02850 3.73105
C 35.08990 93.75310 4.41762
C 32.13470 94.71810 2.83353
C 46.80920 74.52600 2.98363
C 43.36570 76.58410 4.35323
C 40.84810 78.88540 3.91973
C 38.22250 80.35260 3.13921
C 38.11190 83.42870 3.43638
C 37.97170 85.91860 3.83686
C 40.40050 87.99970 4.61117
C 46.47220 88.08470 5.66988
C 45.99980 71.06460 2.29000
C 28.89150 94.82190 2.70106
C 25.28510 79.27460 2.19792
C 31.67760 80.15590 2.06684
C 27.93660 80.95810 2.60307
C 33.28880 81.16820 2.26698
C 32.59220 84.95680 3.56024
C 35.40540 87.13400 3.90576
C 32.33900 88.15740 3.44976
C 32.27050 91.47580 3.26743
C 29.01750 91.68140 3.38714
C 43.27590 72.69870 1.56158
C 42.13550 75.51020 -0.38762
C 39.73690 76.64650 1.85177
C 26.21720 73.62390 0.68276
C 36.83300 78.67600 3.10429
C 30.39320 76.97140 1.40575
C 27.42370 76.66960 0.83992
C 46.15540 -1.40531 5.88966
C 42.91270 95.45470 5.44481
C 39.73480 95.03550 4.53090
C 36.50080 94.77020 3.26314
C 46.28490 78.30780 5.27708
C 43.62410 80.16180 4.76631
C 40.78900 81.52470 3.84505
C 46.45010 81.59540 5.30909
C 43.54640 83.10660 4.94032
C 40.84180 84.68010 4.35026
C 46.50320 84.80380 5.44309
C 43.63770 86.29470 5.21571
C 24.65280 82.19320 1.99695
C 30.30710 82.96180 2.84091
C 27.24100 84.40330 2.44780
C 24.29000 85.62740 1.77760
C 29.61660 86.20030 2.91093
C 26.73340 87.58360 2.21968
C 29.36460 89.52000 2.92001
C 26.22670 90.84750 2.25535
C 26.01390 94.53430 1.37138
C 41.18620 71.64810 1.17508
C 38.85520 73.66470 1.50284
C 35.57610 72.74420 1.77817
C 36.31510 75.76510 1.95889
C 33.07800 74.97670 1.67667
C 29.97930 74.16860 1.47337
C 33.56280 77.65920 2.20639
C 54.70400 95.89950 2.63767
C 51.91660 95.59620 4.07643
C 49.40100 -1.05913 2.79900
C 55.40190 3.98708 1.33296
C 52.33160 4.14112 1.69211
C 50.34250 6.87353 1.09507
C 59.84280 0.46646 1.22797
C 58.74190 3.50166 0.95652
C 57.63570 6.47714 0.81593
C 60.17680 8.34921 0.20099
C 73.83090 10.64890 -2.36695
C 68.51400 10.56180 -1.38602
C 65.29330 11.00380 0.06132
C 61.54440 11.31980 -0.26326
C 71.31090 13.19630 -1.44731
C 68.08860 12.52130 -1.16952
C 66.21850 15.00010 -0.95790
C 63.19270 14.27980 -1.04352
C 63.56380 17.72100 0.16256
C 61.43020 20.22140 0.00318
C 63.33850 22.79200 -0.20861
C 60.24650 22.92140 0.19079
C 54.20630 7.49402 1.56711
C 52.03060 9.50589 0.60292
C 57.52860 9.88804 1.20847
C 57.03490 13.21210 -0.18482
C 60.09280 14.41280 -0.97155
C 60.26880 17.37300 -0.13687
C 57.10710 19.39990 -1.03264
C 57.14890 23.35580 0.03738
C 56.57810 1.06536 1.56046
C 53.48050 1.12475 2.30253
C 50.59330 1.32010 2.51346
C 69.07790 95.58700 0.20678
C 66.02180 -1.12902 0.62130
C 62.75890 -0.16014 0.96087
C 71.38060 0.67663 -0.28484
C 68.19460 1.38050 0.22890
C 65.07590 2.02895 0.41857
C 61.92940 2.83055 0.70388
C 70.51580 3.58181 -0.16334
C 67.20680 4.35856 0.11245
C 64.10620 5.22213 0.26418
C 60.89410 5.91516 0.57351
C 72.78170 6.38002 -0.03167
C 69.60680 6.61737 -0.22469
C 66.57630 7.47496 -0.02360
C 63.36320 8.20043 0.13427
C 72.78350 16.24360 -0.94695
C 69.29530 15.61910 -1.05496
C 70.61370 18.75300 -0.75067
C 67.15590 18.06360 -0.68857
C 71.70850 21.60830 -0.38208
C 68.53150 21.23350 -0.46352
C 65.19530 20.46830 -0.34926
C 54.43460 11.28180 0.27671
C 51.92100 12.86820 -0.03732
C 54.55610 14.57740 -0.12892
C 51.65480 16.08690 -0.57420
C 57.60090 16.27740 -0.06746
C 54.31310 17.88450 -0.69508
C 51.56410 19.21310 -0.93859
C 54.51530 21.09790 -0.85879
C 51.54960 22.54110 -1.06626
H 56.70520 -0.52448 3.38155
H 53.67370 -0.19661 4.38021
H 55.35480 2.41891 3.25035
H 54.08520 5.44849 2.95546
H 52.01920 7.89215 2.56488
H 59.61080 -1.25277 2.96508
H 58.57680 1.87122 2.78300
H 57.35140 4.74905 2.58514
H 59.54440 7.05560 2.29019
H 56.47370 7.94795 2.45936
H 71.16710 7.30623 1.58240
H 68.08660 7.96235 1.18728
H 64.98080 8.93665 1.36100
H 61.60630 9.46155 1.68685
H 72.20700 11.33490 -0.40614
H 72.70120 14.24080 0.42467
H 69.61550 13.69310 0.41109
H 66.51710 13.04930 0.69980
H 64.51410 15.54220 0.65409
H 61.67860 18.37950 1.53292
H 60.47250 21.18120 2.12041
H 53.94860 9.86163 2.12992
H 51.04890 11.44100 1.59496
H 56.40800 11.74080 1.58851
H 59.13690 13.48810 1.36655
H 61.48000 15.28450 0.41168
H 58.99070 16.76280 1.89536
H 58.98810 19.51040 0.18290
H 56.20580 21.18760 0.46642
H 53.31760 22.68070 0.71849
H 50.67530 0.07244 4.49514
H 52.29290 2.70060 3.69609
H 50.52820 5.29319 3.00907
H 71.06500 -1.07897 1.39092
H 68.01420 -0.37924 1.85266
H 64.81110 0.43425 2.19761
H 61.69480 1.26299 2.64570
H 70.18540 1.88682 1.59102
H 66.99080 2.74421 1.91719
H 63.89830 3.49181 2.02725
H 60.67560 4.20991 2.30013
H 72.35470 4.32018 1.29308
H 69.21460 4.87688 1.45119
H 65.97740 5.77107 1.74032
H 62.84460 6.50636 1.97436
H 63.24690 12.48710 0.59818
H 70.84860 16.71120 0.58601
H 67.63060 16.07910 0.71128
H 72.00180 19.69730 1.09559
H 68.79090 19.13130 0.84921
H 65.60740 18.53740 1.16941
H 69.98840 22.14020 1.34047
H 66.78510 21.52330 1.21053
H 63.40700 20.99770 1.21538
H 53.68720 13.18330 1.66101
H 50.79380 14.63270 1.24543
H 56.36270 14.85000 1.51059
H 53.48930 16.38840 1.07540
H 50.62910 17.79180 0.79365
H 56.22730 17.97350 0.83747
H 53.40090 19.53370 0.72764
H 50.55360 20.93440 0.41668
C 55.59430 -0.65124 5.64373
C 52.13270 -1.35570 5.78246
C 49.19380 -0.89887 6.11060
C 55.68640 4.60054 4.48048
C 52.30710 5.00837 4.69991
C 50.48510 7.43679 4.37109
C 60.01690 0.67021 4.37950
C 59.09880 3.84849 4.12084
C 57.67440 6.83964 3.95252
C 59.70980 9.23698 3.40307
C 71.14810 9.60430 0.72945
C 69.07500 10.03410 0.84520
C 65.00220 11.42850 1.88076
C 60.93560 11.77930 1.59414
C 71.28870 12.66010 1.73775
C 68.08800 12.69740 2.21037
C 66.12610 15.00340 2.29703
C 63.00520 14.13050 2.03563
C 63.72540 17.29090 2.15204
C 62.38440 19.99170 3.19540
C 63.51390 22.73050 2.98412
C 60.38520 23.45160 3.23055
C 54.27860 7.86190 3.46609
C 51.89520 10.14430 3.50119
C 57.47900 9.98579 3.12930
C 57.73950 13.37550 3.00296
C 60.27020 15.50210 2.62964
C 59.54950 18.92030 2.62406
C 57.34040 19.72900 2.08368
C 57.12800 23.11270 1.86024
C 57.05070 1.45139 4.71893
C 54.13510 2.11260 5.24732
C 50.75920 2.20646 5.56447
C 69.63200 95.94900 3.34746
C 66.48950 -0.54923 3.73349
C 63.21980 0.12147 4.06699
C 71.84110 0.69562 2.97706
C 68.56470 1.50170 3.32072
C 65.31830 2.32039 3.70534
C 62.29670 3.16762 3.91995
C 70.71720 3.75861 3.07225
C 67.50810 4.65867 3.26234
C 64.30600 5.44101 3.55123
C 61.19420 6.10811 3.81356
C 72.74640 6.01673 3.16501
C 69.42870 6.84799 3.01345
C 66.40400 7.91614 3.03893
C 63.14730 8.68165 3.15406
C 72.43720 15.79160 2.21998
C 69.45700 15.41240 2.16614
C 70.49400 18.32020 2.45546
C 67.24940 17.84680 2.42147
C 71.73920 21.36200 2.85756
C 68.52550 20.72440 2.74903
C 65.28340 20.33310 2.71820
C 54.76230 11.73920 3.39262
C 51.86360 13.35100 3.07945
C 54.46780 15.17430 2.94639
C 51.73800 16.51460 2.57725
C 57.09430 16.80380 2.94339
C 54.41520 18.17450 2.43673
C 51.53840 19.59110 2.27722
C 54.49380 21.08960 2.28018
C 51.33030 22.60100 2.06653
C 73.67650 27.94980 -0.03361
C 63.23170 25.76130 0.42379
C 70.84350 29.35160 -0.69468
C 67.63490 28.98880 -0.74818
C 64.80050 28.71260 -0.38460
C 59.58830 26.31860 -0.24085
C 56.25070 26.99570 -0.36682
C 52.95050 27.70690 -0.15501
C 61.56780 28.81340 -0.24252
C 51.93190 30.07780 0.10873
C 63.67240 31.66460 -0.12755
C 65.52340 34.03970 0.12519
C 64.15380 37.20050 0.01537
C 62.63950 40.25050 -0.09185
C 49.77630 41.37020 -1.36002
C 61.14980 43.16680 -0.28764
C 58.16980 43.46370 -0.43277
C 52.23010 43.79930 -1.79592
C 56.93730 46.76300 -0.15792
C 53.41150 46.71560 -1.43724
C 51.20350 25.57100 -1.50440
C 70.79890 32.12520 0.67712
C 68.11540 31.86210 -1.19664
C 69.30260 34.29610 0.83979
C 67.59950 37.05720 0.44155
C 66.01950 39.87170 0.29001
C 64.59750 42.72380 0.00939
C 63.40080 45.48960 -0.08790
C 50.48700 44.44690 -2.73099
C 72.76890 24.76840 -0.30879
C 69.57240 23.97520 -0.34337
C 66.28180 23.43340 -0.26940
C 70.35780 27.20560 -0.32721
C 66.74360 26.16720 -0.38315
C 58.35820 29.29780 -0.32372
C 55.05270 29.84270 -0.21112
C 60.30100 31.78410 -0.43467
C 56.89670 32.37400 -0.33836
C 53.81360 32.57590 -0.12543
C 50.62520 32.83040 -0.02268
C 62.09080 34.56240 -0.28384
C 58.96590 35.03300 -0.39848
C 55.71730 35.22290 -0.38213
C 52.37880 35.49270 -0.36293
C 60.86650 37.46900 -0.18773
C 57.85880 37.85910 -0.38682
C 54.49000 37.94270 -0.75413
C 51.11820 38.29320 -0.99119
C 59.40430 40.51120 -0.36438
C 56.28680 40.61460 -0.69117
C 53.41610 40.74860 -1.23795
C 55.08230 43.66430 -0.97309
C 54.04420 24.56050 -0.54242
C 72.66150 34.78320 -0.06244
C 70.71150 37.29350 0.55462
C 72.38290 40.16290 0.56400
C 69.27030 39.98620 0.42610
C 70.80920 42.91850 0.49423
C 67.57870 42.72320 0.42925
C 72.44600 45.68150 0.39358
C 69.09830 45.81890 0.43764
C 65.81460 45.69170 0.38600
H 64.65480 24.06260 1.34497
H 62.02260 23.92970 1.53231
H 71.68600 28.35200 1.45699
H 65.14540 27.03010 1.26193
H 69.36870 30.40060 0.38702
H 66.41600 29.97790 1.08821
H 59.01800 24.50480 1.32783
H 55.81320 25.10430 1.10873
H 61.34400 26.96570 1.43526
H 54.81520 27.99720 1.36296
H 51.68080 28.37420 1.95371
H 63.23340 29.70850 1.29281
H 50.54720 31.13080 1.78812
H 64.78740 32.41210 1.94527
H 63.84450 35.47080 1.21712
H 62.43950 38.38150 1.50053
H 49.56170 39.57990 0.41406
H 60.94960 41.32570 1.39531
H 51.65120 42.06030 -0.27250
H 59.70840 44.41960 1.51528
H 56.43020 44.53580 0.92708
H 53.28010 44.83240 0.25845
H 52.79620 25.72730 1.21917
H 50.50840 27.13030 -0.57648
H 72.56500 32.78360 1.44622
H 69.42690 32.67490 2.75160
H 67.41770 32.88580 0.31992
H 67.60830 35.41110 2.25967
H 65.80060 38.17840 1.76971
H 64.24270 40.98380 1.69815
H 62.80110 43.83120 1.40010
H 48.87540 43.76970 -1.05494
H 72.96610 22.88860 1.39195
H 70.92290 25.28250 1.23475
H 67.77630 24.51440 1.14634
H 68.42030 27.45090 0.94806
H 58.04150 27.44660 1.34201
H 60.01710 30.00550 1.30315
H 56.89800 30.49710 1.29440
H 53.71910 30.88000 1.55615
H 61.83040 32.65250 1.19678
H 58.78520 33.04190 1.04874
H 55.49700 33.50060 1.35793
H 52.26840 33.75400 1.45675
H 60.54730 35.58160 1.36988
H 57.38230 36.02160 1.22035
H 54.13310 36.39240 1.08386
H 50.85170 36.66530 0.81493
H 59.26580 38.62020 1.30163
H 56.04010 38.86920 0.99950
H 52.82280 39.15850 0.55840
H 57.72950 41.59220 1.16219
H 54.60770 41.84950 0.64091
H 50.38080 24.10560 0.39926
H 70.81230 35.52460 2.35335
H 72.38230 38.25480 2.18055
H 69.05500 38.23400 2.09785
H 70.72400 41.07240 2.16624
H 67.57050 41.04240 1.86648
H 72.42670 43.84050 2.06036
H 69.11280 43.94510 2.04699
H 65.88300 43.74920 1.91192
C 73.51610 27.83290 3.01806
C 63.32770 25.80660 2.30900
C 71.94270 30.50380 2.43491
C 68.47670 29.46810 2.36639
C 64.96310 28.97820 2.86029
C 59.50950 26.31470 2.98264
C 56.21480 26.65860 2.87285
C 53.46910 27.03980 3.14719
C 61.53940 28.78720 2.88198
C 52.19220 30.24220 3.40535
C 63.17410 31.57700 3.03223
C 65.87580 34.53380 2.41736
C 63.96560 37.16850 3.06299
C 62.35110 40.26690 3.16835
C 49.20080 41.97400 0.35769
C 60.79810 43.37820 2.90338
C 57.69300 43.46480 2.83031
C 51.59590 44.02740 1.37927
C 56.74780 46.87260 1.76434
C 53.21890 46.64980 1.99988
C 50.49590 26.13830 1.73485
C 70.66130 31.05540 4.08586
C 67.14270 31.89380 2.54780
C 69.20480 34.47310 4.04481
C 67.33580 37.37410 3.66002
C 65.84540 40.06350 3.33478
C 64.08380 42.88110 3.28699
C 62.83690 45.63540 3.19121
C 49.13130 45.83300 -0.12111
C 72.54500 24.68360 3.02322
C 69.49380 23.99780 2.81828
C 66.42790 23.31490 2.77166
C 70.20930 27.21060 2.65884
C 67.00990 26.39370 2.56583
C 58.33660 29.30960 2.94008
C 55.32540 29.72390 2.99876
C 60.11630 31.91240 2.79826
C 57.11230 32.46130 2.84332
C 53.75730 32.86850 3.00178
C 50.45680 33.23190 3.08309
C 62.18080 34.49490 2.78576
C 58.76000 34.82240 2.82469
C 55.54420 35.53370 2.78961
C 52.35920 35.85630 2.66919
C 60.61280 37.44300 3.01254
C 57.39200 37.89230 2.78842
C 54.07840 38.40390 2.46467
C 50.86690 38.85100 2.07762
C 59.11290 40.52300 2.87327
C 55.80370 40.79440 2.50231
C 52.63320 41.22560 1.87526
C 54.71640 43.88430 2.15962
C 54.09820 24.13740 2.53021
C 72.42290 33.88890 3.40016
C 70.70960 37.30130 3.77987
C 72.35490 40.06740 3.81113
C 69.03590 40.16570 3.68110
C 70.74030 43.06070 3.67936
C 67.55050 42.89320 3.52389
C 72.40640 45.73210 3.70691
C 69.09980 45.82030 3.65880
C 65.85880 45.62320 3.57822
C 53.51140 60.44450 -0.62943
C 50.21230 61.17680 -1.01521
C 59.66000 64.74910 0.38763
C 56.20930 64.12480 -0.18009
C 49.72770 63.95040 -1.26990
C 60.77640 67.74610 0.69669
C 65.16570 71.74630 1.47793
C 61.67440 70.84250 1.06485
C 67.09880 49.02750 1.28482
C 63.97230 48.69700 0.52010
C 72.43950 50.89800 -0.10243
C 69.47440 52.66380 1.02980
C 73.56640 54.26820 1.80440
C 73.26250 68.51870 0.66985
C 51.50330 47.52780 -1.33450
C 52.24170 51.30610 -0.08184
C 51.36660 54.55300 -0.82737
C 51.22020 58.00410 -0.79869
C 60.33420 47.67320 -0.06181
C 64.53170 51.78900 0.69794
C 61.31540 50.64850 0.22144
C 57.99100 50.07400 -0.25681
C 70.49130 55.90240 2.63991
C 67.47950 53.71850 3.53440
C 65.14350 54.73590 1.27380
C 55.91970 52.52040 -0.23526
C 72.60470 58.81470 3.09783
C 53.49220 54.62020 -0.41327
C 57.72750 58.83690 -0.15504
C 54.72670 57.79630 -0.39620
C 62.11300 62.40650 0.69590
C 58.92310 61.60010 0.03931
C 72.03030 66.99600 1.35057
C 62.74180 65.25310 0.88981
C 70.41640 70.05380 1.61555
C 67.07580 69.06280 1.24395
C 63.85750 68.38770 0.95197
C 52.97290 63.61500 -0.46448
C 57.48360 67.36070 0.20226
C 54.28410 66.98310 -0.33073
C 51.06430 67.04660 -0.70430
C 58.67330 70.34640 0.74749
C 55.44630 70.03560 0.27620
C 52.28460 69.84700 -0.14504
C 70.65070 48.42920 0.35644
C 49.06380 49.71510 -1.30289
C 48.92560 52.87860 -1.15641
C 54.70140 49.68570 -0.59267
C 62.09700 53.93300 0.44512
C 59.04510 53.21860 -0.13613
C 69.22610 57.82920 2.52673
C 66.28780 57.52240 1.66322
C 63.08930 56.96360 0.71632
C 59.92710 56.20910 0.12493
C 56.62220 55.46570 -0.29290
C 70.30870 60.90360 2.17135
C 67.17920 60.38340 1.68411
C 64.17270 59.94360 1.04978
C 60.99480 59.37560 0.43032
C 71.05710 64.02410 1.56804
C 67.99130 63.26680 1.47939
C 64.96690 62.90680 1.18436
C 68.92350 66.52280 1.25708
C 65.92110 65.85740 1.08931
H 72.16480 56.49760 4.21328
H 54.75870 62.23010 0.46856
H 51.89170 61.76510 0.63161
H 48.90630 62.51030 0.56883
H 60.92240 65.86180 2.25076
H 57.66410 65.18500 1.65638
H 61.92980 68.87790 2.49199
H 54.77520 47.77420 0.36897
H 64.24040 46.65670 2.01155
H 69.37360 49.27930 2.30513
H 64.87120 49.79060 2.16131
H 71.95330 52.31850 1.40284
H 50.86010 49.35350 0.44286
H 50.48810 52.89690 0.72809
H 50.15930 56.15190 0.76006
H 49.61450 59.35690 0.59048
H 61.78270 48.83590 1.84453
H 58.48000 48.38000 0.94511
H 65.21260 52.80420 2.97042
H 62.36160 52.03640 1.95475
H 56.11060 50.51820 1.41084
H 68.94130 56.38980 4.65773
H 66.11300 55.77630 3.33060
H 53.81910 52.81790 1.09696
H 70.41360 59.24890 4.26988
H 54.78420 55.97640 1.35319
H 71.48770 62.30680 3.43213
H 55.68780 59.27220 1.41146
H 52.69700 58.57310 0.80052
H 72.18560 65.37520 3.41499
H 60.03640 62.84450 1.91508
H 57.19010 62.10680 0.95725
H 70.28260 67.80510 2.77495
H 64.06490 66.54740 2.50041
H 68.20010 70.21090 2.92706
H 65.15330 69.59180 2.72884
H 54.24780 65.13470 0.83683
H 51.04650 64.91710 0.55197
H 58.83240 68.30630 2.14037
H 55.59510 67.98030 1.60542
H 52.45340 67.75770 1.18869
H 56.74890 70.85030 2.25295
H 53.62940 70.61660 1.81107
H 50.39490 70.12720 1.41505
H 70.81290 46.57980 2.02831
H 67.40100 46.72190 2.10096
H 72.51650 49.17060 1.76311
H 59.31000 51.37480 1.44653
H 63.04600 55.14090 2.42799
H 60.01540 54.39210 1.81133
H 57.05630 53.63190 1.23964
H 67.18040 58.81240 3.53504
H 64.10910 58.11790 2.66101
H 61.03980 57.46690 1.91510
H 57.88770 56.86560 1.30194
H 68.28480 61.78280 3.37127
H 65.16920 61.21240 2.83958
H 62.13400 60.56790 2.18776
H 58.95410 59.79660 1.79800
H 69.20270 64.79060 3.02275
H 66.18890 64.17370 2.84328
H 63.07830 63.54590 2.56271
H 67.10290 67.15100 2.85283
C 53.60210 60.57420 1.93680
C 50.15210 61.12700 2.20690
C 59.32930 64.59030 3.51993
C 55.73110 63.73300 2.23200
C 48.65350 64.80840 1.27528
C 60.40910 67.56890 3.94522
C 64.66390 71.16600 4.62472
C 61.46560 70.62350 4.21018
C 67.00890 49.02200 3.10428
C 63.39750 48.38690 3.62059
C 72.33500 51.41540 2.94749
C 69.71130 51.60630 2.77888
C 73.77560 54.59400 3.82842
C 74.05030 68.58530 4.10456
C 51.38030 47.59410 2.24741
C 52.04910 51.22730 1.75638
C 51.08360 54.46080 2.44747
C 50.90590 58.07420 2.32745
C 60.27600 46.82230 1.83961
C 63.90340 51.40680 3.90330
C 60.87350 50.39070 3.18783
C 58.00830 49.82440 2.88220
C 70.72060 56.10820 6.34917
C 67.36910 54.67460 5.18968
C 64.25130 54.65110 4.54078
C 55.52150 52.53450 2.80757
C 71.50920 57.98830 6.29360
C 53.29570 54.41780 2.73451
C 57.12470 58.57910 3.03267
C 54.06030 57.65120 2.73300
C 61.47570 62.28900 3.79878
C 58.30280 61.72640 3.19470
C 72.27470 67.60880 4.45286
C 62.53930 65.37790 4.04237
C 70.75580 70.07090 3.54325
C 66.63970 68.88200 4.55133
C 63.63350 68.31260 4.16580
C 52.46030 63.84350 1.96885
C 57.13650 66.86940 3.35687
C 53.93190 66.55270 2.76849
C 50.73550 66.53550 2.39161
C 58.37920 70.02550 3.94452
C 55.04440 69.56420 3.49764
C 51.81130 69.42530 2.97159
C 70.78460 48.64220 3.52106
C 48.90180 49.46310 2.10335
C 48.39580 52.75800 2.18198
C 54.74060 49.23300 2.62522
C 61.51000 53.56950 3.62399
C 58.47500 52.98290 3.12388
C 68.39060 58.30580 5.70060
C 65.37550 57.63270 4.73422
C 62.35580 56.95960 3.94447
C 59.33400 56.28530 3.21518
C 56.38660 55.44420 2.77031
C 69.87360 61.46910 5.30510
C 66.58690 60.71680 4.80913
C 63.50690 59.97160 4.11907
C 60.49750 59.27370 3.50969
C 70.93490 64.50480 4.82905
C 67.74970 63.77170 4.67842
C 64.64010 63.13080 4.31433
C 68.89790 66.70570 4.49352
C 65.53870 66.00030 4.31121
C 70.54580 86.39370 0.38747
C 66.84020 85.29690 1.65997
C 65.74730 87.61470 4.60812
C 62.51230 88.86440 2.35016
C 61.75210 91.62620 1.75077
C 58.65710 91.73510 2.81957
C 57.67650 95.50360 1.59416
C 49.53020 75.73790 1.42417
C 51.40130 77.47410 4.27254
C 55.65780 80.67090 1.53197
C 61.90800 84.67890 0.66291
C 49.68020 90.49950 3.61745
C 60.38870 87.15440 2.88118
C 57.34100 88.47480 3.31413
C 52.49820 91.53320 3.98464
C 59.13420 90.90950 4.83645
C 54.86830 93.92650 3.20631
C 66.05990 74.80780 2.59678
C 49.68260 72.33450 0.63200
C 64.05750 76.45770 0.91861
C 54.29880 75.53190 1.09713
C 51.22560 75.31590 1.14414
C 65.29940 79.00910 0.69757
C 62.00590 79.01390 0.93618
C 58.55640 79.04090 1.26237
C 54.81270 78.75690 1.45297
C 67.03530 82.22370 0.44889
C 63.83140 81.71480 0.62208
C 63.45630 85.03000 1.73846
C 73.16880 71.67200 0.45874
C 70.38680 73.35710 0.91131
C 70.08500 76.74180 0.85997
C 68.40890 73.88920 0.76312
C 70.19370 80.13100 0.87748
C 70.32470 83.36700 0.67994
C 70.54000 89.44620 0.50093
C 67.60670 89.64450 1.80708
C 64.64850 90.80480 1.67254
C 69.92620 92.53720 0.33891
C 66.75560 93.16510 0.92424
C 63.95420 94.15660 1.23226
C 60.75720 94.72230 1.37132
C 72.00710 94.85740 -0.28321
C 49.60950 79.94310 2.58224
C 52.58830 81.26250 3.31371
C 49.55860 83.36180 2.38915
C 59.63360 82.03680 2.14247
C 55.45750 83.54350 2.58346
C 52.18450 84.82620 2.78533
C 49.75130 86.68110 2.79147
C 58.02080 85.29080 3.11270
C 55.08860 86.50720 3.22153
C 52.47170 88.37010 3.26179
C 55.01250 89.89110 3.75763
C 62.67080 73.64260 1.13955
C 59.62420 73.30860 1.11840
C 56.48140 72.95090 0.87635
C 53.37250 72.63180 0.43521
C 60.64650 76.24850 1.27313
C 57.41800 76.02210 1.06865
C 72.93080 74.97060 0.12827
H 49.70960 94.78350 4.56612
H 68.97130 85.12570 1.90786
H 62.31700 87.51320 4.47597
H 70.53540 87.81270 2.40898
H 67.23740 87.51800 3.03437
H 64.47990 89.54290 3.78910
H 61.43010 90.45380 3.90813
H 60.59170 93.30300 3.14047
H 57.40660 93.87270 3.50690
H 50.96780 79.87140 4.68544
H 54.96330 81.66790 3.73566
H 62.07140 82.83160 2.26883
H 57.42570 83.58050 4.19625
H 59.91150 85.60010 4.77951
H 59.38290 88.48000 4.72757
H 56.97520 89.88230 5.28496
H 54.19280 91.23660 5.65468
H 50.50390 92.03780 5.46666
H 66.20040 72.44560 3.70485
H 63.09540 71.84170 2.78903
H 64.16620 74.78550 2.69703
H 51.57660 73.10420 1.95072
H 65.84290 77.40210 2.52199
H 55.90170 76.77100 2.68525
H 52.75670 75.73750 3.25883
H 66.75820 80.39920 2.34601
H 63.83000 79.99430 2.44097
H 60.75800 79.80550 2.37687
H 57.81000 80.49240 2.82099
H 65.24320 83.11880 2.03671
H 71.83140 71.94110 2.40970
H 69.14700 72.94840 3.09002
H 68.34410 75.77080 2.44169
H 68.73070 78.50830 2.20559
H 72.05580 84.85730 1.58924
H 68.94260 81.92250 2.01192
H 52.86160 93.98550 4.61609
H 69.72690 90.93880 2.22413
H 66.66780 91.77590 2.70861
H 63.59900 92.57680 3.03011
H 71.97900 93.18210 1.53323
H 68.84220 94.01220 2.05385
H 65.91800 94.84460 2.55171
H 62.68520 95.60360 2.66077
H 51.34490 83.23930 4.15652
H 54.16610 84.82300 4.37534
H 51.47260 86.49500 4.55782
H 56.93490 86.63730 4.88614
H 54.10950 87.97770 4.98249
H 51.44120 89.55960 5.09693
H 59.84650 71.43020 2.65586
H 61.05480 74.34560 2.83977
H 57.82480 74.03560 2.67556
H 54.69310 73.49770 2.37194
H 62.47280 77.24260 2.61987
H 59.17170 76.97320 2.62294
H 71.51760 75.15160 2.16610
H 71.61160 78.43390 1.89281
H 71.82480 81.75770 1.80006
C 71.90290 86.78990 3.22831
C 68.88830 86.66940 3.98428
C 66.38620 88.16350 6.26094
C 62.90410 89.62110 5.76396
C 62.12530 92.56080 4.97442
C 55.89880 93.80150 7.12002
C 58.11700 95.46990 4.83195
C 49.66210 76.39780 4.76059
C 52.26720 78.13290 6.01518
C 56.36140 79.95390 4.85391
C 61.36760 84.30160 4.17421
C 49.16890 89.96850 5.95383
C 60.73900 87.25920 6.43049
C 57.86900 88.02480 6.64725
C 52.15100 90.95350 7.00655
C 56.38170 92.31200 5.38455
C 53.85280 93.40620 6.84365
C 66.68980 74.05490 5.72827
C 49.37620 72.15950 2.47747
C 64.15130 76.60540 4.28842
C 54.65150 75.07430 4.36857
C 51.66910 73.69030 4.33901
C 65.31530 79.28070 4.23385
C 62.35360 79.11180 4.18221
C 59.30780 78.92560 4.19702
C 55.37430 78.16180 4.82197
C 67.23180 82.64230 3.63308
C 63.91950 81.96080 3.90918
C 64.38480 86.08390 4.68177
C 73.94860 72.21780 3.67117
C 71.36920 73.66670 4.16473
C 70.38680 76.94890 3.44675
C 68.42090 74.69070 4.81105
C 70.38940 80.23360 3.03898
C 70.53540 83.50640 2.97549
C 71.39960 89.74700 3.58034
C 67.98620 89.91120 3.62726
C 65.11640 91.53920 4.67712
C 70.51670 92.86160 3.49259
C 67.38940 93.68410 4.07189
C 64.26260 94.60400 4.25513
C 61.31800 95.30440 4.49826
C 72.68550 95.11650 2.77739
C 49.30880 80.26850 5.89706
C 52.80220 81.46580 5.06778
C 49.29870 83.35580 5.64079
C 58.98800 82.33170 4.27886
C 55.46990 83.18710 5.68546
C 52.25710 84.59580 5.95135
C 49.32520 86.53760 5.72631
C 58.05660 84.83050 6.22709
C 55.03810 86.11220 6.29691
C 52.21180 87.83950 6.52555
C 55.16630 89.32250 6.83494
C 62.73880 73.67770 4.40943
C 59.47370 73.28900 4.33861
C 56.33030 72.62660 4.01083
C 53.07860 72.22020 3.70204
C 60.91670 76.25390 4.27694
C 57.76190 75.88600 4.34429
C 73.75470 75.35850 3.14758
C 89.50300 2.60363 -3.09732
C 93.73940 5.32927 -3.49973
C 90.22960 5.15245 -1.04040
C 95.34420 8.25253 -3.55347
C 82.73360 0.40080 -2.30510
C 79.64110 1.21688 -2.00337
C 78.70070 4.58072 -0.71118
C 75.95710 5.82093 0.08775
C 74.77520 9.12959 0.98022
C 71.96020 10.00910 -2.64733
C 74.24860 14.61540 -1.52103
C 76.41770 16.67570 0.12934
C 77.07070 19.84600 0.40170
C 86.41700 2.34507 -1.72871
C 83.44690 3.31026 -0.45290
C 81.50540 5.55631 -1.67624
C 85.89670 5.76381 -1.77587
C 80.29490 8.40691 -1.52439
C 77.32060 9.61575 -1.26308
C 92.59960 8.17619 -2.12702
C 88.45630 7.91486 -1.92176
C 76.93430 12.85430 -1.09703
C 95.19590 9.91751 -1.98491
C 79.64190 14.74580 -1.32009
C 0.61127 12.09700 -3.18647
C 81.07180 17.24930 0.43846
C -0.24243 15.00900 -1.50125
C 80.25960 20.42650 -1.15582
C 95.07700 18.43710 -0.77198
C 92.55430 18.86950 0.02608
C 89.61040 20.02010 -0.02676
C 86.60790 21.32970 0.74667
C 0.66302 20.33520 -1.06638
C 95.28000 23.00670 -0.98070
C 0.82601 0.05009 -3.81225
C 94.76010 -0.30040 -3.76643
C 91.29830 -0.21466 -3.65058
C 87.78290 -0.21013 -3.07772
C -1.14033 2.56544 -3.78663
C 92.81720 2.46178 -3.53545
C 0.23716 5.67007 -3.85695
C 80.40650 95.55090 -1.97708
C 77.22500 -1.18812 -1.30532
C 74.27730 -0.09835 -0.82025
C 76.43310 2.01852 -1.45167
C 73.56710 3.04676 -0.54596
C 73.93470 19.26400 -0.37404
C 74.91270 22.33720 -0.08462
C 83.10630 6.94417 -1.33731
C 85.62620 9.02515 -1.57194
C 82.76100 10.31080 -1.38614
C 80.03230 11.69000 -1.28189
C 90.39380 10.25610 -2.21524
C 87.95130 11.60200 -1.54283
C 85.33310 12.48270 -1.20955
C 82.66330 13.42200 -1.20309
C 92.79280 12.54190 -2.39711
C 90.54850 13.64370 -1.43056
C 87.64410 14.79320 -0.81989
C 84.63350 15.88390 -0.69369
C 93.00650 15.79850 -1.24259
C 90.24190 16.78590 -0.55676
C 87.10460 18.03120 -0.23102
C 84.16100 19.16150 -0.37525
H 89.75000 0.44527 -1.90249
H 91.46040 3.05038 -1.49903
H 88.48300 3.29376 -0.93006
H 95.62530 6.39793 -2.13856
H 92.46450 6.03832 -1.68439
H 85.52590 95.49240 -1.43975
H 84.47540 1.06414 -0.75595
H 81.56130 1.71088 -0.36901
H 78.43310 2.56263 -0.24001
H 77.89750 5.12868 1.68034
H 74.39470 6.80413 1.90095
H 75.88040 14.18420 0.19905
H 76.99350 18.11450 2.14443
H 78.04250 21.18240 2.36815
H 85.62280 4.25875 -0.26742
H 82.46740 5.39343 0.61072
H 79.75160 6.72928 -0.38062
H 88.08550 6.38727 -0.43524
H 76.36900 10.98270 0.51421
H 90.59600 8.50297 -0.65162
H 78.93590 13.07090 0.31046
H 0.67334 9.91289 -1.59563
H 92.82700 10.53270 -1.43810
H 78.77210 16.19720 0.56100
H 79.50070 19.19900 0.51941
H 95.08250 16.04590 -0.26836
H 82.71880 19.90310 1.69468
H 80.64730 22.09470 0.89608
H 94.54560 18.41550 1.67511
H 91.59630 19.63370 1.66055
H 89.01720 21.25980 1.51857
H 0.24214 18.24740 0.21472
H 95.65860 20.75990 0.09975
H -0.76695 0.70098 -2.15019
H 93.14570 0.47156 -2.09804
H 0.57463 3.72093 -2.36419
H 94.51510 3.48055 -2.10254
H 74.13710 95.50820 0.84747
H 82.45720 96.03880 -0.63609
H 79.35930 -0.51416 -0.24818
H 76.31080 0.34784 0.41045
H 73.28800 1.11610 1.13242
H 75.38790 3.48458 0.41146
H 74.09040 17.12820 0.88864
H 75.02770 20.43390 1.55056
H 76.99450 7.95973 0.59420
H 85.06610 7.35201 0.07641
H 82.12970 8.60828 0.13376
H 79.24810 9.90073 0.19677
H 87.65180 9.55459 -0.24761
H 84.71040 10.55610 0.08816
H 81.82630 11.78270 0.37429
H 90.11320 11.68760 -0.22898
H 87.19200 12.68850 0.38167
H 84.30360 13.77570 0.58534
H 81.42910 14.79810 0.41909
H 92.67280 13.60450 0.03566
H 89.61640 14.70130 0.69115
H 86.54560 15.90230 1.02629
H 83.58070 16.99900 0.82003
H 92.11780 16.63510 0.91926
H 89.03060 17.90920 1.35821
H 85.92850 19.00120 1.47589
C 89.80240 2.00934 0.19268
C 94.35820 5.23396 -0.33286
C 90.98020 5.26952 1.30622
C 95.23390 8.07147 -0.25903
C 83.36310 0.34219 0.95864
C 80.19430 1.35494 1.22999
C 77.77180 3.61567 3.33298
C 76.77030 6.88757 2.93942
C 74.52840 9.09857 3.03816
C 71.47230 9.50810 2.76128
C 74.27640 12.36670 0.73193
C 75.89440 15.88580 2.00366
C 76.32670 19.95240 3.63553
C 86.56460 2.08937 0.28564
C 83.91390 3.58737 1.41578
C 80.33000 5.29551 1.70072
C 86.37480 5.85374 1.50910
C 80.23300 8.14261 1.56415
C 77.77950 9.79291 2.16516
C 91.94660 7.04324 0.70498
C 89.07170 8.11993 1.19412
C 77.11260 12.79590 1.93773
C -0.08695 8.65176 0.54297
C 79.56300 14.59370 2.11289
C 2.25315 11.13800 -0.05339
C 78.98890 17.70900 2.71547
C -0.41058 14.02020 0.00760
C 80.36490 20.32820 2.67781
C 95.25820 16.16050 2.24364
C 92.50830 17.83160 3.08666
C 89.58130 19.44230 3.23110
C 86.74640 21.12680 2.59746
C -0.40551 19.64740 2.15451
C 95.06270 22.24730 2.18338
C 0.97459 0.00707 -0.69139
C 94.84670 -0.44882 -0.53095
C 91.53320 -0.59266 -0.58479
C 87.50610 -0.45188 -1.21579
C -0.71404 2.58148 -0.62645
C 93.22940 2.28884 -0.32787
C 0.32846 5.48337 -0.55971
C 81.00060 95.69730 1.15304
C 78.01010 -0.82616 1.80776
C 74.96700 -0.12443 2.36412
C 77.14590 2.30815 1.82383
C 74.05020 3.02160 2.54689
C 73.67730 18.74040 2.65751
C 74.67890 22.34410 3.08409
C 83.23030 7.15542 1.78583
C 86.12260 9.10608 1.55499
C 82.95890 10.17470 1.77177
C 79.97450 11.52500 1.90488
C 91.72590 10.12010 0.78876
C 88.48920 11.04380 1.51534
C 85.47430 12.04910 1.91096
C 82.50910 13.35750 2.13913
C 94.18810 11.96140 0.33186
C 91.01140 12.96340 1.72595
C 87.81500 14.14500 2.24108
C 84.67500 15.36800 2.48188
C 93.77940 15.12980 1.68673
C 90.38420 16.16850 2.56776
C 87.24670 17.40460 2.95464
C 83.88740 18.55420 2.96679
C 82.11270 47.82770 0.78325
C 91.33240 45.66280 -1.25699
C 0.79642 47.08760 -2.83833
C 85.38830 24.60810 0.36320
C 81.65020 24.26820 1.65441
C 90.16980 26.54840 0.05655
C 86.93350 27.26990 0.08154
C 80.32450 27.89990 0.57612
C 88.87870 29.49880 0.11922
C 79.22940 31.31880 0.30082
C 90.95240 31.88750 -0.02308
C 78.09350 34.23220 0.33488
C 92.98810 34.36460 -0.23009
C 80.20250 36.75940 0.07241
C 94.84250 36.65170 -0.44549
C 82.13820 39.18790 -0.20940
C 84.38750 41.53060 -0.36439
C -0.77020 41.94920 -1.08599
C 92.96970 42.64990 -0.91801
C 89.43760 43.44290 -0.40494
C 86.30240 44.23980 0.43067
C 83.92480 44.85320 0.53333
C 95.40240 44.91520 -1.38289
C 78.24970 22.85990 0.47811
C 79.19450 25.93890 0.37200
C 76.92270 28.55460 0.03605
C 75.06370 31.45140 -1.03835
C 74.19880 34.66660 -1.40435
C 76.99360 37.12280 0.30129
C 78.69290 39.80400 0.25380
C 80.90330 42.58400 0.30902
C 79.22820 45.73970 0.01892
C 83.18620 21.97140 0.18267
C 88.64460 23.76110 1.42140
C 93.28700 25.57960 0.42405
C 90.21170 24.53650 -0.14196
C 92.17380 28.89560 -0.08119
C 94.15260 31.33910 -0.18673
C -0.79010 33.98510 -0.20538
C 83.73710 27.31630 0.52068
C 85.67810 30.04070 0.20884
C 82.48900 30.47010 0.34409
C 87.66870 32.54140 0.09094
C 84.67870 32.95010 0.14475
C 81.35030 33.59350 0.20470
C 89.76590 34.94080 -0.18320
C 86.64480 35.39860 -0.08911
C 83.47970 35.99430 -0.08082
C 91.73200 37.37110 -0.34171
C 88.74560 37.95520 -0.21238
C 85.59470 38.52590 -0.19468
C 0.26678 39.18080 -0.63288
C 94.04370 39.84900 -0.54773
C 90.72490 40.37910 -0.41377
C 87.60050 41.07840 -0.20422
C 75.85340 25.35740 -0.04163
C 74.01340 37.46050 0.46074
C 75.53470 40.00620 0.48103
C 77.19370 42.63380 0.16252
C 73.96800 42.81570 0.41134
C 75.60800 45.59300 0.23041
C -0.14054 25.60870 -0.36348
C 95.41130 28.41290 -0.28463
C 0.31371 31.19110 -0.26256
H 84.53250 47.21100 1.01326
H 93.65270 46.14500 -0.34891
H 86.70750 25.24710 1.59397
H 83.63630 25.77570 1.87670
H 88.72330 27.64540 1.73629
H 82.38080 28.76530 2.09782
H 78.77580 29.47360 1.45584
H 90.77070 30.03860 1.61333
H 79.98790 34.88790 1.67947
H 94.69110 35.03970 1.33701
H 82.09610 37.28180 1.51932
H -0.42521 37.48770 0.94697
H 84.09220 39.69170 1.29188
H 95.92390 40.42260 0.94077
H 83.12190 42.78260 1.32226
H 94.84020 43.32650 0.47514
H 91.56010 44.05020 0.56724
H 88.52640 44.61140 1.51447
H 85.24210 44.72780 2.76443
H 79.16340 24.32690 2.27598
H 77.05950 26.55800 1.23497
H 74.82270 29.02640 1.36933
H 75.66680 33.55380 0.22794
H 77.02370 35.53740 2.20170
H 78.83050 37.87890 1.80558
H 80.91120 40.26630 1.32755
H 78.79790 43.67240 1.24875
H 84.79000 22.66970 2.03923
H 93.73360 23.07890 1.11675
H 91.87820 27.13180 1.68987
H 93.96250 29.51290 1.48852
H 95.87370 32.15120 1.35661
H 85.58650 28.21780 1.89599
H 87.54350 30.61780 1.68543
H 84.35490 31.22350 1.90184
H 81.13920 31.76240 1.97147
H 77.82770 32.45750 2.26723
H 92.76390 32.58020 1.42494
H 89.51710 33.16900 1.54878
H 86.35180 33.76670 1.68161
H 83.24000 34.26100 1.68227
H 91.60030 35.59120 1.35312
H 88.41490 36.14850 1.43014
H 85.26690 36.68880 1.42181
H 93.58590 38.08580 1.08464
H 90.49850 38.67560 1.33478
H 87.39080 39.18050 1.43675
H 92.58240 41.08580 1.01836
H 89.52740 41.68750 1.30923
H 86.23480 42.19020 1.10999
H 76.18140 23.52490 1.58371
H 73.95890 25.97320 1.45004
H 73.95940 35.42510 1.99625
H 75.68520 38.24240 2.11495
H 77.31390 40.88930 2.04520
H 73.99630 41.02840 2.19607
H 75.65770 43.70080 1.86945
H -0.14055 23.52450 0.93641
H 95.38680 26.62960 1.30821
H 0.13193 29.27050 1.23181
C 83.92610 46.53590 3.46912
C 92.34560 46.00020 1.91815
C -0.53866 49.15270 0.58849
C 85.16540 24.66340 3.55311
C 81.00470 24.18250 3.60163
C 90.14780 26.22710 3.19728
C 87.10110 27.05350 3.44928
C 80.50810 27.90800 2.65141
C 88.98960 29.50990 3.28367
C 79.36080 30.74640 3.48412
C 91.03250 31.98210 3.10589
C 78.54760 34.08480 3.60581
C 93.00540 34.41310 2.99194
C 80.42920 36.69560 3.30107
C 95.06120 37.07100 2.74792
C 82.39940 39.22320 3.03247
C 84.62230 41.56120 2.86583
C -0.73305 42.44000 2.29262
C 93.31490 43.14270 2.13853
C 90.07910 43.76150 2.59765
C 87.11880 44.34950 3.61943
C 83.74350 43.03810 3.73595
C -0.50951 45.03260 0.24529
C 77.59530 22.88030 3.62824
C 77.91700 26.08460 3.46727
C 76.72500 28.91670 1.90817
C 74.46210 31.33980 0.82259
C 75.59970 33.64510 2.78378
C 77.38420 37.45360 3.75088
C 79.22570 39.95490 3.24691
C 80.78550 42.58710 2.24780
C 79.52950 46.04710 1.88000
C 83.31640 21.85770 3.53937
C 91.38690 22.14000 1.78362
C 93.51970 25.36550 2.41346
C 90.19850 27.01880 4.85390
C 92.30030 28.95220 3.24735
C 94.22190 31.46970 3.02710
C -0.92052 33.99140 2.96840
C 83.92340 27.52260 3.62601
C 85.95240 30.12460 3.43501
C 82.66640 30.53200 3.63444
C 87.75640 32.51090 3.17402
C 84.68180 33.15870 3.39301
C 81.37160 33.53100 3.29241
C 89.93020 35.09670 3.05050
C 86.74140 35.63970 3.11654
C 83.58160 36.15710 3.17036
C 91.99780 37.36250 2.82952
C 88.77030 38.07760 2.99800
C 85.55780 38.54900 2.95225
C 1.03938 39.38090 1.28698
C 94.13910 39.97230 2.56781
C 90.99920 40.55880 2.87771
C 87.71190 41.22970 2.84380
C 75.80180 25.41060 3.04742
C 74.09870 37.18410 3.68568
C 75.83500 40.22340 3.66868
C 77.50300 43.01360 3.34723
C 74.10950 43.00180 3.67079
C 76.08180 45.72520 3.34813
C -0.13453 25.21140 2.72804
C 95.59520 28.19340 2.88799
C 0.25985 31.00690 2.94453
C 88.17900 46.72180 0.23071
C 85.31140 48.35950 -0.54133
C 82.22510 49.85020 0.77232
C 79.55890 51.24860 1.65522
C 76.87050 52.99880 0.64109
C 93.91860 47.88280 -1.61825
C 76.56950 56.37920 0.76362
C 74.08840 57.86470 3.91189
C 76.15250 59.54530 0.72761
C -0.48599 52.54240 -1.11305
C 93.94770 53.88490 -1.32007
C 90.85170 55.08010 -1.36395
C 87.79820 56.39720 -1.34837
C 76.13590 63.00390 0.55403
C 88.08890 59.62970 -1.51170
C 85.18660 61.42580 -1.30584
C 78.72980 64.36440 -0.52134
C 84.26880 64.38680 -1.98062
C 81.83890 66.64330 -0.71349
C 85.39940 67.87430 -1.84191
C 77.60680 48.58410 0.34614
C 75.59610 51.44730 0.27516
C 81.34030 69.92290 -1.11607
C 78.89690 68.09960 0.23917
C 75.89400 66.53690 1.43432
C 73.94700 64.36180 3.27514
C -0.35203 55.88310 -0.81621
C 93.29210 56.97180 -1.84227
C 92.48370 60.13740 -2.26952
C 91.13760 62.98720 -2.30429
C 90.60450 65.75070 -3.03243
C 87.48680 64.89500 -2.01495
C 89.11970 68.74210 -3.73748
C 90.54490 71.68680 -2.95117
C 90.92660 48.85520 -1.06375
C 87.98340 50.22790 -0.85805
C 85.28350 51.77750 -0.65025
C 82.19280 52.96200 0.17393
C 79.51220 54.75460 0.20979
C 93.83130 50.78600 -1.24570
C 90.81390 52.05960 -1.20350
C 87.86690 53.46390 -0.98308
C 85.03220 55.13110 -0.73343
C 82.12780 56.42040 -0.26933
C 79.33600 57.95680 0.05324
C 84.92720 57.88580 -1.09960
C 81.99510 59.59900 -0.79132
C 79.01150 61.09310 -0.17173
C 81.58480 62.84150 -1.19714
C 74.22920 48.27630 0.33409
C 75.91470 70.07270 0.12948
C 95.67940 59.31580 -2.13222
C 0.73689 61.89540 -2.19340
C 94.67390 62.40820 -2.45293
C -0.39772 64.98160 -2.52713
C 93.63770 65.30480 -2.74347
C 95.56510 67.96450 -3.09113
C 92.29890 68.20620 -3.30917
C 0.48776 70.35150 -3.46228
C 94.32550 70.59960 -3.90962
H 82.86630 48.78640 3.11647
H 90.57660 47.08100 0.66754
H 87.25830 48.82990 1.06125
H 81.96500 51.86670 2.21992
H 78.91040 53.20210 2.13456
H 76.00990 54.71490 2.36947
H 0.77391 47.13390 -0.29563
H 76.01310 57.92500 2.77270
H 95.64740 50.82330 0.44876
H 92.75540 52.36510 0.26061
H 75.78660 61.10890 2.29789
H 92.77410 55.54400 0.14322
H 89.60730 56.82440 0.00004
H 86.83690 58.32270 -0.01481
H 75.84570 64.33270 2.71109
H 88.07410 61.22350 0.55685
H 81.02290 64.52310 0.53662
H 78.25290 65.93600 1.21865
H 86.25590 63.53760 -0.75177
H 84.18960 66.07930 -0.49978
H 77.22240 46.52690 1.40389
H 75.74390 49.63590 2.02083
H 84.55190 70.25460 -1.57184
H 82.72330 68.71660 0.45881
H 79.86700 70.18050 1.00671
H 77.10770 68.65870 1.82281
H 74.46240 70.25200 2.15607
H 95.54820 54.02690 0.62458
H 95.16000 57.69180 -0.28026
H 92.08360 58.53140 -0.31226
H 91.07800 61.19950 -0.50822
H 89.44820 63.85790 -0.79591
H 89.11300 66.70610 -2.08527
H 90.78500 69.42960 -1.88695
H 87.48920 69.36130 -2.19030
H 84.50480 50.34870 0.83183
H 92.88910 49.15550 0.38571
H 90.00620 50.49360 0.54974
H 87.24570 51.97040 0.79346
H 84.44000 53.52820 1.02903
H 81.56220 54.92770 1.59070
H 78.80460 56.41390 1.93957
H 89.87090 53.67980 0.44772
H 87.03590 55.12530 0.64981
H 84.24650 56.66430 1.08155
H 81.47860 58.20270 1.23483
H 78.53030 59.57710 1.74022
H 84.01870 59.83900 0.15368
H 81.25940 61.42530 0.79629
H 78.45370 62.82060 1.47097
H 83.74890 62.94420 -0.07109
H 74.06900 46.44870 2.03550
H 0.33228 60.16340 -0.52430
H 94.25560 60.79550 -0.67139
H -0.76994 63.29750 -0.77611
H 93.12420 63.69160 -0.97262
H 95.24290 66.35480 -1.15231
H 92.19680 66.73640 -1.29950
H 0.19344 68.86860 -1.43077
H 94.04610 69.26650 -1.82862
H 95.92480 71.86020 -2.49049
C 88.54410 46.95300 2.14956
C 85.39940 48.95060 2.68864
C 82.77800 50.55740 4.33402
C 80.00240 51.29780 3.46201
C 77.08670 52.94340 3.84757
C 93.98810 47.54440 1.78964
C 77.23240 56.49630 3.93692
C 74.70520 58.91090 5.43109
C 77.27870 59.79850 3.92273
C -0.42813 52.38660 2.14982
C 93.78960 54.02730 1.91753
C 90.86330 55.53130 1.75824
C 87.88120 57.15060 1.85840
C 77.22360 62.90040 3.70897
C 89.63500 59.28100 -0.06758
C 85.64200 61.60120 0.60925
C 79.72490 64.57510 2.67201
C 85.09000 64.62930 1.11192
C 82.19160 66.44790 1.10758
C 85.12030 68.35200 0.03759
C 77.75020 48.92310 2.25451
C 75.91670 51.26710 4.06932
C 82.17190 70.05110 2.02027
C 79.46000 67.99340 1.96469
C 76.69160 66.60380 3.09812
C 73.82480 61.87750 3.48437
C -0.42720 56.12940 1.13082
C 93.51080 57.50290 1.51291
C 92.69490 60.42380 1.19704
C 91.31300 63.22770 0.79262
C 90.29260 65.98510 0.02274
C 88.42080 62.73320 0.08566
C 88.79780 68.76260 -0.47686
C 90.82050 71.51340 -1.08233
C 91.16730 48.97680 2.17788
C 88.33740 50.49850 2.43932
C 85.51180 51.90530 2.48050
C 83.09630 53.52840 3.13473
C 80.00710 54.90540 3.52032
C 93.77020 50.83010 1.96840
C 91.09680 52.17020 2.02650
C 88.18430 53.69750 2.26211
C 85.45580 55.16640 2.51436
C 82.60010 56.76600 2.87218
C 79.93550 58.21760 3.18027
C 85.27590 58.64930 1.91047
C 82.71640 60.02360 2.22200
C 79.86300 61.25200 2.81679
C 82.51240 63.22300 2.02924
C 74.01670 48.41760 3.55454
C 76.74920 70.32850 3.30102
C 95.52130 59.64170 1.14651
C 0.49612 62.09600 1.00813
C 94.49470 62.80390 0.81600
C -0.54250 65.26610 0.65829
C 93.46520 65.69470 0.46878
C 95.37190 68.52560 0.10035
C 92.35050 68.79300 -0.04768
C 0.23483 71.16850 -0.48844
C 94.17380 71.44290 -0.67143
C -0.54851 94.51560 -3.82229
C 93.33400 94.23170 -3.80051
C 90.04430 94.36720 -3.99279
C 0.66885 78.11260 -5.79070
C 94.17980 78.69090 -6.46772
C 89.34960 80.66220 -5.63049
C 87.18170 82.89160 -4.68340
C 86.07340 85.95950 -5.30915
C 0.08127 89.30460 -4.45391
C 93.80590 89.51290 -4.55663
C 87.06450 88.99040 -4.52982
C 92.02680 91.84820 -3.97702
C 73.56000 88.28700 0.14570
C 83.47080 88.82550 -3.93890
C 78.94890 90.42750 -1.41269
C 84.46010 91.99100 -3.15084
C 86.50000 94.37510 -3.54628
C 83.38670 94.96840 -2.67559
C 89.68350 75.06030 -3.11844
C 86.39250 71.75170 -2.36894
C 82.68800 69.74950 -2.89437
C 85.87590 75.23010 -3.90841
C 87.16060 78.84780 -4.65391
C 84.31320 81.07000 -2.91994
C 83.45040 84.01720 -4.30167
C 81.54260 85.86550 -3.07367
C 80.69090 88.24580 -1.41999
C 76.38740 86.69000 -1.04911
C 73.27020 84.93350 -0.49768
C -0.66706 73.72470 -4.00543
C 93.34060 73.32280 -4.67204
C 93.94190 76.55360 -6.63200
C 95.82610 81.29300 -5.79402
C 92.57960 80.98460 -5.78705
C 0.48446 83.78790 -5.07877
C 93.99900 83.70580 -5.52637
C 90.79990 83.41390 -5.55930
C 95.71550 86.65860 -4.93914
C 92.37220 86.47560 -5.24255
C 89.03360 86.29570 -5.15177
C 90.66740 89.20550 -4.59283
C 88.39940 91.78280 -4.01713
C 75.98510 90.66050 -0.80367
C 72.90920 91.85240 -0.35675
C 81.23350 92.36130 -2.13999
C 78.10560 93.29150 -1.27037
C 75.25340 94.03420 -0.77391
C 83.84530 74.00600 -2.15692
C 81.05780 73.19580 -1.36723
C 78.57440 71.59400 -0.50650
C 83.90050 77.54680 -3.15918
C 81.33980 76.06660 -1.96772
C 78.57200 74.66720 -1.01748
C 75.94050 73.25840 -0.31161
C 81.37670 79.32010 -2.26904
C 78.51510 77.95580 -1.50507
C 75.76910 76.54440 -0.68488
C 81.26540 82.37270 -2.61982
C 78.50690 81.18760 -1.71072
C 75.82280 79.89320 -0.88882
C 72.91880 78.34430 -0.19080
C 78.74800 84.57230 -2.01559
C 75.98140 83.05850 -1.13460
C 72.98750 81.60040 -0.29387
H -0.31966 92.56670 -1.94871
H 93.51290 92.44730 -1.84919
H 91.69300 95.16780 -2.34864
H 88.42990 94.99310 -2.30208
H -0.27008 76.24870 -4.11182
H 95.80150 79.06180 -4.62039
H 92.67570 78.87980 -4.30620
H 89.65090 78.88760 -3.81625
H 87.94410 80.89400 -3.60355
H 85.39880 84.50260 -3.76271
H 87.45440 86.87670 -3.32681
H 95.42300 90.04570 -3.11481
H 92.12290 89.74810 -2.63294
H 88.87590 89.57180 -2.95138
H 85.58520 89.16870 -2.51734
H 90.28770 92.35750 -2.50283
H 78.97040 88.52420 0.34189
H 75.80650 89.23440 0.67793
H 72.67260 90.19920 1.45659
H 82.69690 90.37930 -2.54911
H 80.95480 90.91840 -0.17522
H 86.84500 92.15460 -2.32667
H 87.46130 74.07250 -2.25283
H 85.35190 73.07310 -0.32633
H 87.78070 76.84020 -3.13093
H 85.52920 79.02130 -2.68573
H 82.62770 81.16420 -1.03539
H 82.76590 84.13920 -1.80909
H 83.00340 87.33270 -1.96540
H 80.38920 85.92630 -0.82402
H 77.41620 84.74600 0.09316
H 74.72830 86.34200 0.75065
H 92.80750 72.02990 -2.56309
H 1.11357 74.21260 -2.15233
H 94.17100 74.78490 -3.24597
H 90.30260 73.52040 -1.14249
H 94.89310 95.23970 -2.19550
H 0.27679 81.64410 -3.83884
H 94.15830 81.74990 -4.08700
H 90.94170 81.50640 -4.02066
H 95.60820 84.47280 -3.76493
H 92.36690 84.40070 -3.89465
H 89.16860 84.14270 -4.00266
H 0.04905 87.28260 -3.01223
H 93.88100 87.20640 -3.50195
H 90.67290 87.02630 -3.47693
H 77.93200 91.59580 0.49705
H 74.97840 92.27010 0.96453
H 83.32620 93.05120 -1.13776
H 80.24190 93.82900 -0.31496
H 77.24900 94.71240 0.56419
H 82.36270 71.80790 0.16479
H 85.10440 76.03160 -1.64305
H 82.52270 74.78360 -0.21694
H 79.78930 73.39300 0.70955
H 77.09110 71.83780 1.34151
H 82.62250 77.93050 -0.98208
H 79.87040 76.51050 -0.03124
H 77.09540 75.11580 0.85001
H 74.42810 73.52720 1.59762
H 79.77200 79.73570 -0.38164
H 77.09150 78.27870 0.54114
H 74.23790 76.78450 1.16960
H 79.93970 82.91260 -0.62363
H 77.15700 81.47910 0.38146
H 74.29950 80.03000 1.07996
H 74.52710 83.22620 0.79690
C -0.40880 94.34470 -0.62182
C 93.25840 94.11800 -0.61270
C 90.19120 94.09050 -0.80155
C 0.93947 76.59510 -3.02965
C 94.57080 77.31640 -3.38703
C 89.78050 80.79640 -2.01851
C 87.24280 83.07820 -2.91163
C 85.20490 86.68850 -2.42494
C -0.22496 88.94650 -1.13971
C 93.79320 88.66860 -1.47931
C 87.40360 88.35520 -1.35664
C 91.56750 91.22790 -0.70205
C 73.93370 88.28590 2.01308
C 82.40230 89.12590 -0.42931
C 79.64920 90.41230 1.81377
C 84.76320 91.09810 -1.24845
C 87.18580 93.61200 -0.62421
C 84.44970 94.85220 0.28084
C 89.24760 74.20340 0.84027
C 87.91360 72.92100 0.00099
C 84.81250 71.45550 0.76043
C 87.30990 76.10120 -0.64868
C 87.88540 79.07980 -1.92013
C 85.07560 81.07120 -1.18414
C 84.87760 83.96530 -1.27915
C 82.64200 85.78900 0.01578
C 80.32420 87.31390 1.37160
C 77.02170 87.09090 0.87529
C 74.36430 85.03020 2.56803
C 95.80310 74.21680 -1.33982
C 92.53000 74.36470 -1.56975
C 92.79260 76.30180 -4.76114
C 95.59030 80.42140 -2.58610
C 92.62890 80.38430 -2.58527
C -0.03128 83.33120 -2.03299
C 93.95890 83.32040 -2.31973
C 90.79250 83.23170 -2.39731
C 95.36560 85.94930 -1.91363
C 92.30580 86.01710 -2.04078
C 89.04500 85.74610 -2.04956
C 90.45670 88.40560 -1.45750
C 88.71120 91.03750 -0.99944
C 76.46800 90.72950 2.29158
C 73.57160 91.99110 2.96368
C 82.05220 92.75870 0.97883
C 78.98410 93.41400 1.75925
C 75.58750 94.16760 2.32550
C 84.77290 75.26990 0.67572
C 81.97680 73.62320 1.85524
C 79.37660 71.70470 2.47891
C 85.01220 78.14540 -0.37006
C 82.01960 76.78140 1.13862
C 79.23310 75.30850 2.07215
C 76.61610 73.78180 2.74769
C 81.99760 79.78020 0.70416
C 79.11160 78.27680 1.52817
C 76.40970 76.84300 2.43986
C 82.28190 82.90150 0.32776
C 79.43720 81.47890 1.33353
C 76.53050 80.00990 2.22505
C 73.66130 78.49010 2.99720
C 79.57720 84.62140 1.11455
C 76.65430 83.29440 1.98132
C 74.03840 81.80160 2.78945
