2979
Frame 19
C 10.68550 95.85430 -0.81312
C 11.95180 1.45300 -0.07404
C 9.96704 4.13210 -0.87398
C 8.57488 7.34188 0.13441
C 5.70020 9.58249 0.74877
C 2.42656 9.14026 -0.78647
C -0.53514 8.76406 -0.67188
C 21.99310 1.10198 0.14319
C 20.26190 4.89399 1.12189
C 22.87460 6.46443 -0.58436
C 22.63810 12.28420 -0.39458
C 17.30510 1.52181 -0.99646
C 14.20760 -0.31350 -0.16742
C 17.40920 4.74739 -0.77416
C 20.72510 9.46414 -0.46402
C 17.54730 8.11238 -0.62618
C 11.78470 5.08672 -0.81152
C 20.72050 13.05070 -0.52417
C 11.98060 8.62145 -0.28855
C 20.91650 16.34290 -0.46200
C 9.41109 10.64830 0.01005
C 21.05370 19.84460 -0.38797
C 9.88154 13.68450 0.11680
C 6.79079 12.57370 0.04165
C 21.41310 23.11650 -0.34751
C 12.78460 18.74050 0.19279
C 9.63290 16.95490 0.86222
C 12.89310 22.14160 0.93737
C 18.56440 -0.23142 -1.10364
C 3.47433 11.72000 1.14037
C 5.06692 15.00550 0.44791
C 1.78769 14.75370 0.09735
C 6.39970 17.41090 0.39506
C 0.39105 17.67120 -0.24083
C 7.79815 20.04620 0.05999
C 9.71456 22.61680 0.25102
C 7.44049 96.06370 -1.50805
C 8.63790 1.29158 -1.13927
C 5.47942 1.06223 -1.66288
C 2.19975 0.83370 -1.95150
C 6.69982 4.06548 -1.15291
C 3.61787 3.67310 -1.43882
C 0.35973 3.37238 -1.66561
C 4.86446 6.65714 -0.96797
C 1.76653 6.15748 -1.35351
C 14.53620 3.47006 -0.83397
C 14.71920 6.74219 -0.61578
C 18.01170 11.30520 -0.42848
C 14.92440 10.04380 -0.36646
C 18.04790 14.93660 -0.11248
C 15.34840 13.26460 -0.24373
C 12.33600 11.79470 -0.12729
C 18.38940 18.29990 -0.24662
C 15.45840 16.88650 -0.21486
C 12.79360 15.12030 0.02855
C 18.35140 21.63130 -0.19396
C 15.60620 20.27720 0.02808
C 3.40230 17.55190 0.14960
C 4.90332 20.21030 0.18954
C 1.98290 20.37360 -0.11822
C 6.63297 22.97820 0.07878
C 3.53120 22.94630 -0.14707
C 0.52351 22.89270 -0.64439
H 11.89460 -0.70553 1.15905
H 9.83394 2.30861 0.76188
H 8.19376 4.95358 0.66027
H 6.21555 7.39991 0.98647
H -0.12909 6.54937 0.13014
H 1.67128 9.95228 1.08346
H 20.76570 2.48204 1.94184
H 22.68070 4.87095 1.30436
H 21.02550 7.34917 0.99635
H 22.72620 10.19070 0.95880
H 23.21250 15.92010 0.77126
H 18.22370 3.29345 0.78521
H 15.42740 1.61463 0.73669
H 18.22900 6.37508 1.12291
H 12.73100 3.58711 0.81129
H 12.68750 6.82101 0.93792
H 19.01740 12.94620 1.41771
H 10.13660 8.83251 1.51782
H 21.87020 18.39400 0.76786
H 19.24840 16.67070 1.44944
H 7.63645 10.96060 1.76426
H 22.00490 21.38730 1.37779
H 8.24422 13.94950 1.56133
H 11.19460 18.50310 2.27120
H 8.00855 18.44610 1.92414
H 20.13830 -0.34178 0.72273
H -0.30854 13.50780 -0.64809
H 5.31061 13.12460 2.01618
H 1.55243 13.14550 1.94453
H 6.34237 15.92580 2.44556
H 4.81845 18.51360 1.85504
H 9.70611 21.02360 1.53517
H 6.46064 21.22310 1.73604
H 8.74825 -0.66005 0.36405
H 5.46592 -0.90076 -0.13891
H 2.22461 -1.27055 -0.66113
H -0.90883 95.84750 -0.86705
H 6.73409 1.97875 0.26064
H 3.61049 1.62180 -0.12592
H 0.41579 1.30305 -0.38299
H 4.87602 4.60342 0.40681
H 1.80028 4.18068 0.06501
H 2.99947 7.05835 0.57875
H 15.52570 4.94981 0.91902
H 18.73890 9.47627 1.07995
H 15.76060 8.19312 1.09719
H 16.18720 11.44690 1.26596
H 13.18950 10.05570 1.43759
H 16.34990 15.02060 1.26650
H 13.56590 13.22110 1.47121
H 10.69680 11.93530 1.70252
H 19.21660 19.94740 1.39263
H 16.56280 18.41050 1.40867
H 13.75370 16.84780 1.53509
H 11.08420 15.16690 1.78499
H 16.66660 21.91760 1.59393
H 13.96470 20.13350 1.87731
H 3.17571 15.77530 1.84594
H 0.02636 15.88770 1.28762
H 1.74315 18.59460 1.54145
H 3.28484 21.32810 1.62268
H 0.12193 21.33560 1.17161
C 10.21320 -1.16953 2.38045
C 11.85170 1.64979 1.98422
C 9.69659 4.05355 2.44986
C 8.44481 7.09394 2.04099
C 6.14182 9.45619 2.62328
C 2.67124 8.65232 2.58973
C -0.47935 8.68402 1.29879
C 21.84000 0.81763 2.00851
C 22.18340 3.84748 3.53905
C 22.73570 6.75978 2.87124
C 22.73060 12.09140 2.69758
C 17.33620 1.23883 2.28338
C 14.27790 -0.59294 1.69773
C 17.17970 4.68287 2.75095
C 20.82830 9.52379 2.48516
C 17.58280 8.12025 2.85674
C 11.59340 4.98213 2.43150
C 21.13610 13.43480 2.85159
C 12.14530 8.35236 2.91693
C 21.25670 16.60430 2.56394
C 9.64395 10.24310 3.17448
C 21.17610 19.68670 2.89100
C 10.04110 13.62780 3.36898
C 7.21839 12.61630 3.50836
C 21.52870 23.26190 2.84134
C 12.88510 18.38040 3.37385
C 9.45140 16.72580 2.83251
C 13.00570 22.21880 2.71469
C 18.11880 -0.67588 1.95134
C 3.41241 11.97990 3.10922
C 4.46732 14.77110 3.69903
C 1.27634 14.81810 3.13336
C 6.30548 17.67160 3.60105
C -0.14624 17.70490 2.81923
C 8.00220 20.37570 3.42782
C 9.63572 22.83170 3.45514
C 6.96012 95.66520 1.60985
C 8.19961 1.06223 2.07475
C 5.10512 0.76963 1.62920
C 2.00205 0.34073 1.19904
C 6.46742 3.76060 2.03460
C 3.33484 3.23211 1.69565
C 0.22949 2.93908 1.40209
C 4.79020 6.32695 2.23284
C 1.44386 5.77578 1.89931
C 14.51170 3.29550 2.46992
C 14.60120 6.58029 2.58981
C 18.23320 11.34590 2.83302
C 15.17970 9.85306 2.87392
C 18.23050 14.86420 2.92924
C 15.64110 13.23820 2.89134
C 12.64600 11.68350 3.20043
C 18.35960 18.34820 3.09665
C 15.75060 16.71570 3.01275
C 13.11650 15.04130 3.16133
C 18.63060 21.68550 3.04854
C 15.74650 20.10450 3.12128
C 3.12137 17.70120 3.32625
C 4.80768 20.40840 3.30272
C 1.48720 20.50660 3.00954
C 6.37062 23.13760 3.27577
C 3.14367 23.28920 3.02360
C -0.13827 23.41500 2.43498
C 21.47070 26.28280 -1.00430
C 19.07300 28.28540 -0.72727
C 13.36760 25.52750 -0.02517
C 16.43610 30.21250 -0.98878
C 21.96010 29.30930 -1.05054
C 22.77360 32.43020 -1.53626
C 22.89460 35.65230 -2.32511
C 23.29820 45.59850 -2.80261
C 20.59040 44.05620 -1.95340
C 19.81470 31.96480 -0.38205
C 16.59680 32.37280 -1.02742
C 13.73550 31.78650 -0.84503
C 17.87340 35.35160 -1.05305
C 11.43810 34.21780 -0.67734
C 18.98340 38.52420 -1.00536
C 9.46948 36.75140 -0.94601
C 20.14870 41.24890 -1.30153
C 16.80690 41.04180 -1.22833
C 7.17179 38.94910 -0.69197
C 3.37529 39.11880 -0.56034
C 14.51410 43.35800 -1.36802
C 1.33513 42.47360 -1.01574
C 12.46460 45.77910 -1.46692
C 3.43943 44.25580 -1.64710
C 0.87212 46.82440 -1.55611
C 11.30990 25.27390 0.10340
C 10.06540 28.27110 -0.23737
C 11.25980 31.05720 -0.78094
C 8.26401 30.87170 -0.67687
C 7.71353 34.05970 -0.13242
C 4.15728 34.09430 -1.01089
C 2.47206 36.97270 -1.08502
C -0.71189 36.48770 -1.60346
C 18.76890 24.79250 -0.43129
C 15.88670 23.57880 -0.11583
C 16.15730 26.79900 -0.52175
C 14.62660 35.12880 -0.95446
C 15.68710 38.02030 -1.00444
C 12.57390 37.42080 -0.91427
C 13.47960 40.39360 -1.06168
C 10.34640 39.82140 -0.90913
C 11.42090 42.78190 -1.12501
C 8.19792 42.14040 -1.05297
C 5.18094 41.65890 -1.06358
C 9.33580 45.19350 -1.30649
C 6.27702 44.68890 -1.29271
C 4.00699 47.32790 -1.46443
C 8.31248 25.57090 -0.01646
C 5.16479 25.55620 -0.26610
C 1.94131 25.70410 -0.61044
C 6.80654 28.23680 -0.39167
C 3.62373 28.41370 -0.70008
C 0.47669 28.54330 -0.97893
C 5.21979 31.12130 -0.82794
C 2.10867 31.24920 -1.03709
C 0.69088 33.96240 -1.26861
H -0.64225 42.75070 0.72812
H 22.38810 24.49120 0.64108
H 19.90140 26.52730 0.91000
H 14.26180 24.02700 1.66532
H 17.32800 28.55680 0.74396
H 14.59920 27.25090 1.60080
H 14.57180 30.27110 0.84241
H 22.79430 27.65560 0.60510
H 23.30220 30.78570 0.36302
H 20.39400 29.78720 0.81053
H 22.50130 40.28870 -1.07923
H 22.96200 43.23830 -2.16362
H 21.17050 42.93810 0.24091
H 18.90000 45.17500 -0.30230
H 18.28230 33.72370 0.37803
H 15.06470 33.30940 0.61534
H 12.21660 32.53700 0.91101
H 19.35150 36.71220 0.74833
H 9.70961 35.05510 0.89307
H 20.07480 39.92710 0.88980
H 7.52924 37.45460 0.61591
H 18.15660 42.28590 0.05720
H 5.41508 40.07190 0.84327
H 1.42370 40.37940 0.38682
H 15.97780 44.70720 0.33817
H 3.41284 42.67950 0.23505
H 13.90310 47.19230 0.27751
H 1.48017 44.90080 -0.10194
H 11.26970 23.64500 1.89052
H 8.16803 23.85960 1.76500
H 9.88284 26.54800 1.66825
H 11.52330 29.30770 1.07607
H 9.74406 31.97180 0.93105
H 6.74481 32.07690 0.83055
H 5.39116 35.01390 0.54098
H 2.16984 34.90440 0.33468
H -1.08439 34.84050 0.17092
H 0.50731 37.49870 0.26986
H 19.55030 23.22140 1.31644
H 17.06150 25.26880 1.21491
H 21.85870 45.74540 -0.88364
H 16.18590 36.24490 0.62319
H 12.88310 35.59920 0.75038
H 17.13090 39.27310 0.51575
H 13.94420 38.64960 0.65624
H 10.78930 38.02970 0.72715
H 14.99410 41.66300 0.42246
H 11.81280 41.08010 0.60940
H 8.60049 40.48150 0.74784
H 12.86050 44.12410 0.37079
H 9.66936 43.48520 0.44937
H 6.51659 43.01480 0.47493
H 10.83020 46.53330 0.20041
H 7.63317 46.01240 0.30600
H 4.49933 45.56000 0.10115
H 4.94563 23.97530 1.54576
H 1.76175 24.02440 1.15678
H 6.62707 26.60330 1.40155
H 3.44356 26.71620 1.01900
H 0.20988 26.78000 0.68700
H 8.31274 29.32850 1.20528
H 5.15022 29.42030 0.92810
H 1.94829 29.52780 0.69390
H 3.59204 32.24080 0.62381
H 0.41062 32.19780 0.40865
C 21.79260 26.34810 2.46316
C 19.22720 28.34380 2.43506
C 13.58190 25.66340 3.40407
C 16.74720 30.47270 2.28104
C 22.17450 29.49970 2.22671
C 22.37910 32.64910 1.70710
C 21.72120 35.65810 0.62259
C 23.32960 44.19320 0.17336
C 20.80410 45.25180 1.26300
C 20.06990 32.15020 1.51578
C 16.86840 32.63120 2.13914
C 13.96150 32.13440 2.52696
C 18.09940 35.65320 2.19681
C 11.44820 34.35000 2.37445
C 18.87030 38.85140 2.31860
C 9.35267 36.96030 2.46775
C 19.77960 42.13780 2.16274
C 16.82670 41.18750 2.03246
C 7.17066 39.32690 2.47491
C 3.40101 38.92350 1.38986
C 14.79840 43.68990 1.93141
C 1.66696 41.86690 1.83529
C 12.43720 45.91450 2.02660
C 3.11242 44.50990 1.81621
C 1.01767 46.63660 1.83853
C 11.46090 25.49110 3.37923
C 9.80417 28.58000 3.05276
C 11.22770 31.19900 2.72699
C 8.16922 31.31070 2.63388
C 7.46545 34.28310 1.73093
C 3.85284 34.25750 2.10416
C 1.45699 36.33740 2.20646
C 96.19790 36.72830 1.56885
C 18.97290 25.12120 2.75767
C 16.22420 23.88170 3.08515
C 16.27810 27.16970 2.63797
C 14.75840 35.08840 2.27257
C 15.84480 38.07030 2.23446
C 12.57430 37.47230 2.32649
C 13.66070 40.58270 2.15977
C 10.43320 39.90200 2.29654
C 11.49840 43.01800 2.08245
C 8.19435 42.46620 2.16397
C 4.91292 41.92410 2.06692
C 9.35494 45.50310 1.90638
C 6.07259 44.99650 1.85735
C 4.15570 47.39450 1.70625
C 8.07770 25.81690 3.22353
C 4.84433 25.97910 2.90352
C 1.63871 26.02840 2.52057
C 6.57440 28.62140 2.74765
C 3.36955 28.72160 2.45914
C 0.23448 28.66420 2.19889
C 5.00806 31.35090 2.38333
C 1.90693 31.43700 2.20077
C 0.39659 34.14090 1.90471
C 18.57530 47.18360 -1.99120
C 15.49940 46.44600 -1.64654
C 13.39320 50.37690 -1.63292
C 15.46040 53.02880 -1.73272
C 12.34380 53.77710 -2.01472
C 17.10570 55.94950 -1.85376
C 18.91560 58.68390 -1.75569
C 20.75520 61.51080 -1.64084
C 22.73570 64.10290 -1.40564
C 17.61170 61.57650 -1.66074
C 15.29180 59.54060 -1.04198
C 12.07790 58.98840 -1.96852
C 10.23050 56.78800 -1.01470
C 21.02130 66.71470 -1.66906
C 18.72380 64.60340 -1.03140
C 8.80211 60.42790 -1.00305
C 21.55340 69.71070 -1.64147
C 9.58028 63.72740 -1.83325
C 9.98735 66.97950 -2.30699
C 7.34472 69.02150 -2.78838
C 11.61220 51.39950 -1.55132
C 5.05057 50.28720 -1.52217
C 1.88927 49.74310 -1.47164
C 9.31481 53.62220 -1.71321
C 6.22158 53.18050 -1.60558
C 3.23731 52.74240 -1.48274
C 0.09420 52.64470 -1.69556
C 5.01869 56.12860 -1.07900
C 6.43063 57.76820 -0.97294
C 5.32311 61.07390 -1.66738
C 7.47720 63.49350 -1.82707
C 6.30392 66.32080 -2.18369
C 5.27226 69.27730 -2.57336
C 21.62330 47.73410 -2.18352
C 19.89310 50.32310 -1.83479
C 16.68820 49.92670 -1.02380
C 21.81670 53.13360 -1.86825
C 18.56930 53.07300 -1.74524
C 20.38100 55.78000 -1.84669
C 22.22280 58.57370 -1.68949
C 15.24770 63.43530 -1.72793
C 12.33430 61.94710 -1.73685
C 18.46840 68.31990 -1.84514
C 15.77020 66.60310 -1.90698
C 12.64810 65.23010 -1.96597
C 15.89750 69.91570 -2.19816
C 13.12030 68.34120 -2.24820
C 10.52750 70.11410 -2.73190
C 10.56340 48.37670 -1.47115
C 7.30824 47.67900 -1.42319
C 8.28987 50.74300 -1.59672
C 1.15701 55.71180 -0.72578
C 3.28901 58.78300 -1.48517
C 0.13290 59.22580 -1.37446
C 2.16242 61.66820 -1.63437
C 4.32705 64.11130 -1.85333
C 1.10465 64.66550 -1.86180
C 3.11794 66.94920 -2.13936
C -0.01605 67.64930 -2.10286
C 2.07977 69.95910 -2.50529
H 0.31954 50.38350 -0.35345
H 17.01070 47.69540 -0.11758
H 15.01350 51.59680 -0.11075
H 13.98880 54.61700 -0.13867
H 15.59740 57.21910 -0.12111
H 20.56980 59.55010 -0.17806
H 17.49890 59.71090 -0.09130
H 22.30870 62.20840 0.11194
H 12.65190 57.11750 -0.23310
H 10.93280 54.63260 -0.21261
H 20.90360 64.91190 -0.02576
H 19.14890 62.43040 -0.03479
H 15.76550 61.72230 -0.06272
H 13.16610 60.23790 -0.14726
H 10.53230 59.00860 -0.05135
H 22.17910 67.90640 -0.04297
H 10.45780 62.13290 -0.17651
H 10.71240 65.45050 -0.39797
H 8.08757 67.49950 -1.00033
H 8.59764 70.58240 -1.31945
H 11.86750 49.64620 0.24544
H 2.32342 47.93190 0.21800
H 9.73263 51.92500 -0.02093
H 6.59409 51.42700 0.01708
H 3.38801 50.90870 0.17861
H 7.75541 54.35010 0.14304
H 4.63089 53.98860 0.07604
H 1.49692 53.38120 0.21377
H 6.01587 56.60680 1.29871
H 5.01003 59.40290 0.14073
H 7.07676 61.84470 -0.06100
H 6.09964 64.78600 -0.24355
H 4.94365 67.73830 -0.78176
H 3.92347 70.78440 -1.07155
H 23.37500 48.33710 -0.60301
H 20.07670 48.29960 -0.39135
H 21.71650 51.13120 -0.37711
H 18.50020 51.29850 0.01881
H 20.22310 53.98170 -0.20659
H 17.04220 54.15840 -0.12779
H 21.93850 56.66080 -0.23131
H 18.78730 56.80090 -0.27519
H 19.11250 66.81050 -0.13333
H 16.44580 64.96280 -0.24797
H 13.30840 63.62880 -0.15403
H 19.49310 69.85420 -0.23720
H 16.52070 68.39280 -0.33113
H 13.74110 66.81880 -0.37812
H 13.92770 70.14790 -0.78018
H 11.09270 68.66180 -0.80808
H 8.74827 49.01130 0.07823
H 5.53209 48.50050 0.03296
H 3.06485 56.91690 0.15213
H -0.15945 57.54150 0.43538
H 1.87089 59.99760 0.14832
H 3.94659 62.40920 -0.16966
H 0.80917 63.00520 -0.13801
H 2.89401 65.33780 -0.31394
H -0.33236 65.98890 -0.36796
H 1.82335 68.36460 -0.65868
H 0.84515 71.35620 -0.93335
C 18.55830 47.29570 1.34110
C 15.37320 46.96400 1.65172
C 13.36160 50.83830 1.72105
C 15.47350 53.38630 1.64242
C 12.27680 54.03960 1.73121
C 16.87830 56.24890 1.26592
C 18.93190 58.60200 1.39448
C 20.60070 61.27410 1.55710
C 22.50430 64.13290 1.64430
C 17.59620 61.53330 1.54776
C 15.27090 59.50920 0.80564
C 12.30040 58.85960 1.66937
C 10.37170 56.73890 0.85104
C 20.83920 66.74760 1.58285
C 18.64020 64.64810 0.79353
C 8.92260 60.55090 0.99075
C 21.33480 69.82650 1.44583
C 9.66976 63.92200 1.36774
C 9.85539 67.11320 0.77063
C 7.48813 69.36470 0.51106
C 11.59280 51.83290 1.54532
C 5.19280 50.30570 1.68141
C 1.82369 49.76560 1.74532
C 9.17038 53.89340 1.33804
C 6.10645 53.15220 1.71887
C 3.08269 52.84160 1.72205
C -0.21436 52.15920 1.55004
C 4.37173 55.69900 1.93428
C 6.30350 58.47960 2.20601
C 5.34747 61.39390 1.58852
C 7.56654 63.72370 1.45292
C 6.49008 66.68520 0.83003
C 5.48621 69.66500 0.50973
C 21.71230 47.30550 0.94102
C 19.94440 50.20740 1.26635
C 16.58560 49.94370 0.86801
C 21.72490 52.85320 1.38050
C 18.60200 53.25240 1.54402
C 20.31720 55.79830 1.39103
C 21.93700 58.42030 1.46822
C 15.21970 63.54120 1.47620
C 12.29660 61.96520 1.40090
C 18.25870 68.46280 1.40298
C 15.58650 66.71170 1.29905
C 12.58400 65.47680 1.32609
C 15.59540 70.25470 0.99383
C 12.82470 68.75410 0.93575
C 10.35250 70.60280 0.48098
C 10.58440 48.54910 1.72759
C 7.25621 48.00320 1.70782
C 8.33463 50.89510 1.65212
C 1.21304 55.62090 1.24018
C 3.27022 58.74800 1.77001
C 0.16653 59.26640 1.80727
C 2.24683 61.94410 1.54081
C 4.31043 64.25840 1.37025
C 1.13091 64.95080 1.29646
C 3.33550 67.31730 0.99223
C 0.13617 67.90120 1.06674
C 2.31339 70.30080 0.75626
C 7.82280 90.92390 -2.23398
C 9.30153 93.49160 -1.38983
C 6.07697 93.32780 -2.12428
C 2.91828 92.84560 -2.77613
C -0.35776 92.58540 -3.21185
C 3.33042 75.29290 -3.21222
C 8.30627 78.17080 -3.94573
C 5.01035 77.92670 -3.84611
C 1.78273 77.93430 -3.82994
C 9.31677 86.57330 -5.42910
C 8.48911 89.03760 -2.99346
C 5.00778 89.69290 -2.33171
C 1.63176 89.94170 -3.43809
C 21.63730 80.38800 -1.61819
C 18.43320 81.49260 -2.09972
C 15.28970 83.26790 -3.33932
C 11.03940 85.84980 -5.80695
C 11.58750 87.64300 -2.79882
C 11.03560 90.77070 -1.39733
C 13.57040 93.12910 -1.75074
C 15.86340 95.16570 -1.07549
C 21.30530 95.73750 -0.92185
C 21.88570 73.08070 -1.52621
C 22.27510 76.66420 -0.82229
C 19.72580 77.94300 -2.25579
C 7.58873 72.03890 -3.07452
C 14.25090 78.04370 -3.89272
C 11.57250 76.59530 -4.31956
C 6.96698 75.06860 -2.79903
C 14.28050 81.48200 -3.74711
C 4.16456 72.37430 -2.97945
C 1.00545 73.03590 -2.78929
C 4.17663 95.76210 -2.08157
C 0.89603 95.37680 -2.54863
C 6.37539 80.84600 -4.28863
C 3.21973 80.90220 -4.20934
C 0.28339 80.86720 -4.21449
C 7.72550 83.58230 -4.77822
C 4.56938 83.87620 -4.26934
C 1.57762 83.90840 -4.11120
C 6.29584 86.86850 -3.75178
C 3.31293 86.80440 -3.79309
C 0.13001 86.77850 -4.04362
C 20.84680 83.69960 -1.81136
C 17.91670 84.97610 -2.49355
C 14.82010 86.44830 -2.85471
C 20.25440 87.08930 -1.78942
C 17.34610 88.34230 -2.13667
C 14.26800 89.65670 -2.40662
C 22.59450 89.15000 -1.15930
C 19.62580 90.37440 -1.55523
C 16.53380 91.70100 -1.78546
C 22.07470 92.39240 -0.93334
C 19.05700 93.66780 -1.43346
C 18.91580 71.43730 -2.06447
C 19.21210 74.54540 -2.27160
C 16.40600 73.02440 -2.63955
C 13.30870 71.50200 -2.75894
C 16.73800 76.37960 -3.05521
C 13.92480 74.63080 -3.49171
C 10.72850 73.32610 -3.30584
C 17.03460 79.89800 -3.03085
H 8.98031 91.38730 -0.17799
H 5.89241 91.33760 -0.84860
H 10.16470 94.08540 1.01802
H 4.06214 93.71020 -0.78192
H 0.99613 93.25550 -1.24660
H 4.93113 76.24940 -1.92427
H 1.64885 76.61440 -1.57767
H 6.58940 79.25320 -2.43137
H 7.94094 82.08860 -2.49693
H 9.57111 84.49400 -4.08381
H 6.94386 88.99580 -1.13389
H 2.91422 90.64280 -1.63540
H -0.35251 90.43390 -1.96162
H 20.89680 78.54620 -0.14055
H 20.20750 81.83570 -0.20699
H 16.97910 83.23070 -1.51224
H 13.94400 84.45980 -1.50458
H 12.39940 86.13520 -3.68979
H 9.95869 88.49200 -1.25752
H 13.06250 90.92020 -0.66582
H 15.39210 92.88930 -0.01554
H 12.64800 94.15060 -0.57372
H 17.73790 95.14350 0.08927
H 22.32070 71.28050 0.19975
H 22.53410 74.54890 0.50057
H 19.91690 76.13010 -0.55743
H 17.40630 77.96060 -1.60853
H 11.71880 74.96810 -2.29487
H 8.77345 73.78310 -1.74467
H 5.98822 73.19690 -1.55740
H 14.64410 79.65460 -1.99162
H 11.76040 78.11280 -2.71458
H 2.91998 73.72110 -1.30841
H 7.29384 94.04580 -0.16062
H 3.38413 79.20830 -2.44625
H 0.08373 79.18290 -2.49885
H 4.83130 82.00480 -2.73074
H 1.70425 81.99790 -2.57514
H 6.42787 84.84610 -2.98148
H 3.15382 84.78070 -2.48775
H 0.02473 84.84540 -2.52799
H 4.68342 87.33990 -1.86229
H 1.52208 87.69540 -2.27729
H 23.12290 80.63460 0.32891
H 22.35230 84.03960 0.14269
H 19.41480 85.15160 -0.43038
H 16.42920 86.36020 -0.99638
H 13.51050 87.67800 -1.15491
H 21.79070 87.20960 0.15732
H 18.88870 88.35670 -0.21724
H 15.93900 89.62350 -0.55476
H 21.20120 90.48330 0.37459
H 18.28910 91.75420 -0.03439
H 20.62320 93.79530 0.48046
H 19.72370 73.04430 -0.38560
H 16.86490 71.57420 -0.69522
H 17.05360 74.78080 -1.09791
H 14.29320 73.26320 -1.44549
H 11.38970 71.96240 -1.29154
H 14.48690 76.46160 -2.02804
C 7.18504 90.27050 0.88082
C 8.66800 93.06950 1.65064
C 5.54482 92.82610 0.95503
C 2.53846 92.12080 0.31904
C -0.84660 92.02240 -0.02558
C 3.46102 75.71300 0.08894
C 8.39429 78.76440 -0.78559
C 5.03427 78.49990 -0.69944
C 1.69430 78.39010 -0.73352
C 11.27990 82.67860 -4.28554
C 8.48461 87.42030 -0.01515
C 4.68910 89.32950 -0.52077
C 1.17375 89.31080 -0.42370
C 21.00810 80.22410 1.56465
C 17.97360 81.21470 -0.22384
C 14.84170 82.63140 -0.09771
C 11.72750 83.87630 -2.60214
C 11.45280 86.49740 -1.18729
C 10.91660 90.08380 0.38326
C 13.32520 92.41630 1.30497
C 16.31250 94.10670 1.91233
C 20.95510 95.44410 2.26966
C 21.29960 73.21260 1.60117
C 21.29520 76.62730 1.39562
C 18.65840 77.89530 0.57320
C 7.74668 72.43110 0.07070
C 12.77090 78.01020 -1.11005
C 9.29112 77.49460 -2.21892
C 7.02560 75.34030 -0.89675
C 13.34770 81.15960 -0.46923
C 4.48490 72.76310 0.33428
C 1.23027 73.37720 0.44864
C 3.75430 95.33770 1.04618
C 0.73487 94.78080 0.63335
C 6.73698 81.50900 -1.18989
C 3.38706 81.18760 -0.94519
C 0.06188 81.11370 -1.00330
C 8.58707 84.54610 -1.72530
C 4.96016 83.98620 -1.18254
C 1.50965 83.88740 -0.93585
C 5.90973 85.64900 -0.66469
C 2.90715 86.38640 -0.65558
C -0.19719 86.61100 -0.81163
C 20.15650 83.43750 1.30091
C 17.24590 84.61880 0.58662
C 14.29650 85.77770 0.29227
C 19.74970 86.71410 1.44935
C 16.74940 87.81240 0.92601
C 13.88410 89.08100 0.76260
C 22.20540 88.85330 1.99161
C 19.14490 90.05560 1.59774
C 16.31590 91.07940 1.37645
C 21.62440 92.21490 2.19471
C 18.47170 93.36170 1.75064
C 18.46950 71.59560 1.18741
C 18.49510 74.76370 0.87392
C 15.76260 73.41950 0.49270
C 13.09510 72.11150 0.40436
C 15.80970 76.68930 -0.06095
C 13.25240 75.17300 -0.32633
C 10.47200 74.02360 -0.20488
C 15.71040 78.77110 0.10859
C 36.62270 0.17935 0.06128
C 33.52300 -0.22583 -0.18397
C 37.81570 3.07864 -0.01331
C 46.56950 9.51505 -0.62918
C 43.48710 9.08764 -0.36526
C 40.34450 8.70737 -0.26299
C 41.15320 12.03990 0.36841
C 31.77300 0.71661 -0.57270
C 25.44010 0.83011 -0.38749
C 33.91060 3.08243 0.64460
C 35.65940 5.94773 -0.09416
C 37.19280 8.75411 -0.16245
C 24.23380 9.35482 -0.48966
C 39.10480 11.55490 -0.22283
C 37.89960 14.73870 -0.16629
C 24.43060 15.02380 -0.35247
C 26.31030 17.59550 -0.57406
C 33.44540 20.16350 -1.33601
C 31.35560 20.14120 -0.82589
C 27.75320 20.42800 -0.63590
C 24.20690 20.97110 0.39506
C 47.69020 11.21540 -1.02462
C 44.45520 12.23050 -0.17887
C 42.92350 14.63090 -1.71241
C 41.78100 17.60810 -1.48204
C 38.30600 19.17670 -0.90863
C 38.77930 22.26020 -1.01242
C 45.82850 1.03206 0.22891
C 42.71200 0.72401 0.35693
C 39.72460 0.45666 0.30511
C 47.32410 3.86400 -0.20990
C 44.08470 3.52486 0.01612
C 40.92750 3.26762 0.10569
C 45.40470 6.55765 -0.33899
C 42.23360 6.12173 -0.12735
C 38.88380 6.00198 -0.00652
C 28.62090 0.74082 -0.27380
C 30.73500 3.60237 -0.29372
C 27.23180 3.57839 -0.38377
C 24.06230 3.65012 -0.30288
C 32.42300 6.18103 -0.22861
C 29.08400 6.45508 -0.40143
C 25.86180 6.42323 -0.44150
C 34.11800 8.90725 -0.32816
C 30.75910 9.07465 -0.43731
C 27.53020 9.22883 -0.43210
C 35.85170 11.64050 -0.30351
C 32.64220 11.81920 -0.48515
C 29.17900 11.85850 -0.50583
C 25.86820 12.08900 -0.46692
C 34.39120 14.44740 -0.50996
C 30.90680 14.48040 -0.62725
C 27.75380 14.68930 -0.47966
C 35.74820 17.13180 -0.85200
C 32.36620 17.12500 -0.92382
C 29.34450 17.37820 -0.67657
C 47.52120 14.35670 -1.28695
C 44.46750 15.85120 -1.27026
C 47.31570 17.61310 -1.47140
C 44.53510 19.24340 -1.40126
C 41.47570 20.77610 -1.29258
C 47.12180 20.81570 -1.54580
C 44.31160 22.30250 -1.46457
H 34.83070 0.99810 1.49980
H 39.26390 4.17831 1.60423
H 36.10280 4.03295 1.45506
H 47.01800 7.73232 1.10003
H 40.54860 7.03244 1.48502
H 45.03150 10.24910 1.09321
H 41.87450 9.89611 1.31669
H 28.70500 -0.98900 1.70710
H 25.63850 -1.07590 1.14551
H 30.43270 1.65543 1.34988
H 23.93120 1.83707 1.29883
H 32.10090 4.48304 1.63220
H 37.25300 6.95694 1.59383
H 34.01110 7.05306 1.42712
H 38.83350 9.73765 1.34963
H 37.43770 12.62610 1.31535
H 24.45380 13.06440 1.26143
H 39.05930 15.36590 1.57091
H 35.88060 15.48100 1.20109
H 34.25430 18.33360 0.33483
H 24.86000 18.64000 1.31972
H 32.89300 21.29170 0.94600
H 29.72820 21.10940 0.81791
H 26.64460 21.31010 1.21838
H 46.70870 12.85420 0.48798
H 43.70550 14.47480 0.64681
H 41.08570 16.12110 -0.73923
H 40.66970 19.16530 0.15348
H 37.83690 20.54930 0.80337
H 22.71150 -1.09574 0.90860
H 46.03020 -0.62445 1.98020
H 42.87320 -0.92965 2.11775
H 39.75100 -1.27927 1.95826
H 36.61070 95.95320 1.82099
H 47.45370 2.18408 1.62248
H 44.25690 1.90252 1.81562
H 41.11940 1.66744 1.91550
H 37.97170 1.35687 1.75337
H 45.67640 4.79344 1.38076
H 42.42150 4.44349 1.57316
H 43.76710 7.37037 1.35263
H 27.01880 1.74567 1.29098
H 28.90950 4.48085 1.13530
H 25.73540 4.61611 1.18437
H 30.71580 7.23806 1.26456
H 27.46400 7.35577 1.15066
H 24.32010 7.46998 1.12871
H 35.65330 9.85893 1.41835
H 32.45350 9.95483 1.14606
H 29.18840 10.06290 1.15057
H 25.94770 10.18630 1.16963
H 34.18650 12.66390 1.22438
H 30.90030 12.69260 1.05083
H 27.63270 12.85700 1.11264
H 32.60370 15.43380 0.82372
H 29.47170 15.55180 1.06831
H 26.28930 15.78230 1.15897
H 31.08650 18.34220 0.81078
H 28.01500 18.49430 0.96883
H 46.50040 16.02080 0.16698
H 43.65480 17.62800 0.14648
H 46.38960 19.19550 0.15193
H 43.44850 20.75200 0.19259
H 40.65020 22.29080 0.52705
H 46.19850 22.32860 0.07883
C 36.37250 0.36318 3.31732
C 33.37000 0.01140 3.24495
C 37.65470 3.30583 3.21323
C 46.81610 9.77326 2.61398
C 43.64550 9.34963 2.88588
C 40.43210 8.94459 3.03364
C 41.23230 12.08020 2.33566
C 31.60880 0.81433 3.43883
C 25.40910 0.66995 2.86962
C 34.01230 3.14411 2.46559
C 35.56410 5.89164 3.04304
C 37.23420 8.95903 3.04778
C 24.27360 9.30667 2.74086
C 38.86450 11.68980 2.92472
C 37.54110 14.61810 2.96677
C 24.58920 15.03840 2.79911
C 26.31820 17.78500 2.70454
C 35.27090 20.55100 1.28607
C 31.46860 20.25430 2.41918
C 28.04730 20.38630 2.61231
C 24.28350 21.01830 2.24298
C 47.73750 11.62770 2.26278
C 44.62910 12.53030 1.79375
C 41.52770 14.96000 1.65871
C 41.64550 17.36680 1.49940
C 39.02220 19.27710 2.14853
C 38.97710 22.44830 2.34350
C 45.99810 1.30919 3.39229
C 42.80600 1.05793 3.53648
C 39.57110 0.65345 3.46397
C 47.41090 4.21965 3.07941
C 44.19060 3.93069 3.14359
C 40.91860 3.61991 3.31451
C 45.63390 6.78073 2.88467
C 42.34710 6.40683 3.05027
C 39.01370 6.07723 3.13880
C 28.54920 0.62325 2.91854
C 30.30780 3.59149 3.05143
C 27.29760 3.65725 2.81316
C 24.13170 3.63871 2.83686
C 32.17230 6.17627 3.02477
C 28.97060 6.35628 2.78155
C 25.86120 6.48949 2.76232
C 33.88020 8.98366 2.93090
C 30.77010 9.16878 2.78788
C 27.56810 9.19830 2.74759
C 35.74730 11.84380 2.93383
C 32.49970 11.84920 2.74322
C 29.26510 11.96480 2.72148
C 26.01710 12.01840 2.83498
C 34.23830 14.72220 2.64096
C 31.14850 14.55800 2.61264
C 27.80240 14.74060 2.75543
C 36.04950 17.46680 2.10431
C 32.91840 17.44580 2.24068
C 29.61420 17.50380 2.56990
C 47.49740 14.66080 1.93062
C 44.68090 16.17770 1.84517
C 47.44400 17.65090 1.74240
C 44.53890 19.21790 1.76041
C 41.70280 20.57770 1.90161
C 47.27690 20.89210 1.69455
C 44.44030 22.29690 1.74402
C 47.50110 29.97410 -1.15942
C 45.88810 33.30130 -1.93211
C 47.76920 36.02620 -2.01597
C 46.49040 38.84120 -2.02764
C 36.01270 23.57120 -0.98460
C 38.51370 25.91360 -0.58319
C 41.34710 27.12980 -1.18334
C 46.59680 27.01790 -1.62320
C 43.96910 28.87330 -1.45850
C 35.28710 25.59600 -1.15647
C 32.81430 23.54840 -0.30998
C 29.50670 22.94210 -0.99953
C 39.26830 29.75730 -1.42470
C 36.11280 28.58740 -1.31248
C 26.83210 25.14300 -1.02520
C 42.88380 34.76640 -2.20578
C 39.77740 33.29640 -1.77792
C 24.46310 27.25800 -1.18564
C 40.67980 37.06120 -0.45179
C 37.85170 37.95340 -2.01437
C 35.64690 40.17160 -2.03773
C 33.30520 42.37790 -2.16344
C 30.30290 41.10950 -2.32101
C 27.37430 40.70160 -1.67767
C 22.61530 38.97450 -2.70643
C 24.52950 42.51800 -3.47908
C 30.32720 44.45980 -2.15075
C 26.61170 44.67080 -2.61608
C 31.39270 47.56360 -1.85589
C 44.21670 36.31280 -1.80589
C 42.84360 39.15440 -1.54130
C 39.89610 40.59930 -1.42468
C 44.61520 41.58840 -2.03711
C 39.76410 43.65300 -1.46696
C 37.06450 45.18070 -1.80595
C 33.80100 45.81180 -1.19914
C 45.45630 44.33480 -1.73267
C 41.44580 23.79740 -1.22325
C 46.87940 24.02310 -1.49402
C 44.18850 25.47820 -1.40886
C 32.98340 27.37640 -1.19442
C 29.94570 26.15380 -1.20313
C 36.52880 31.68410 -1.70722
C 33.51850 30.53270 -1.52686
C 30.50480 29.41670 -1.36751
C 27.57970 28.31850 -1.27763
C 37.17330 34.83990 -1.98499
C 34.10570 33.73670 -1.73689
C 31.19080 32.56870 -1.70609
C 28.06820 31.39180 -1.59420
C 25.02830 30.40730 -1.39482
C 34.79460 36.91790 -2.01753
C 31.75270 35.77720 -1.93808
C 28.75250 34.83010 -1.96009
C 25.67920 33.80400 -1.72252
C 32.41980 39.10050 -2.09022
C 29.29980 38.04190 -2.04194
C 25.74060 37.19800 -1.47170
C 28.29240 47.45730 -2.07860
C 42.58790 42.35430 -1.53720
C 42.50000 45.67400 -1.63105
C 39.52460 46.96820 -1.54751
H 45.87350 31.67840 -0.42083
H 47.64120 34.21980 -0.36957
H 46.20630 36.97510 -0.39949
H 37.83100 23.86480 0.69271
H 40.66030 25.41080 0.41743
H 39.50760 27.99650 0.23234
H 45.93410 28.62030 0.02593
H 43.11420 30.16820 0.17963
H 36.59640 26.95090 0.46448
H 33.56660 25.80070 0.64377
H 30.56780 24.55370 0.14690
H 40.37040 31.61510 0.18419
H 37.32310 30.18480 0.11051
H 28.16180 26.74190 0.51973
H 25.30840 25.42900 0.59284
H 41.26340 34.62380 -0.44107
H 38.37940 36.23030 -0.34439
H 39.24470 39.06530 -0.11299
H 23.46220 34.00590 -0.26887
H 36.73020 41.15450 0.13802
H 30.59830 39.39810 -0.42033
H 27.57130 38.49980 -0.29663
H 23.27730 37.19230 -0.86857
H 34.46130 43.56650 -0.24494
H 31.14660 42.51700 -0.72839
H 26.04760 42.63170 -1.26085
H 31.52560 45.63730 -0.31292
H 28.33020 45.48120 -0.90104
H 44.43600 34.44630 -0.24119
H 43.07100 37.29620 0.05345
H 44.92530 39.80320 -0.41201
H 41.90970 40.72350 0.13799
H 39.11610 42.19010 0.51567
H 37.19680 43.37130 -1.75541
H 44.39630 42.89380 -0.01724
H 43.41330 23.84860 0.17998
H 46.03150 25.52590 0.17251
H 43.33040 27.09300 0.19658
H 34.20540 28.96140 0.24357
H 31.11280 27.80880 0.35462
H 37.78620 33.20250 -0.26493
H 34.71320 32.05260 -0.05300
H 31.70370 30.96860 0.11089
H 28.70250 29.90010 0.27202
H 25.74450 28.75860 0.30988
H 35.35390 35.23980 -0.33654
H 32.25360 34.18400 -0.17853
H 29.27760 33.09540 -0.23221
H 26.22690 31.97670 0.01029
H 36.01060 38.31100 -0.43645
H 32.93690 37.35540 -0.44187
H 29.88970 36.30910 -0.33376
H 26.78220 35.16380 -0.42400
H 33.71070 40.49020 -0.56376
H 24.93970 45.57760 -0.97079
H 41.67040 44.06290 -0.00443
H 38.78700 45.28220 0.02831
H 35.84610 46.41200 -0.00548
H 44.43420 45.90070 -0.04026
H 41.44570 47.19300 0.00071
C 47.60130 30.21380 0.77403
C 46.03100 33.12370 1.22307
C 47.88600 36.07140 1.16048
C 46.56350 38.78350 1.17983
C 36.07040 23.73130 2.43256
C 38.62290 26.04900 1.52835
C 41.44870 27.34370 1.69315
C 46.88010 27.16670 1.73900
C 44.13660 28.89970 1.71958
C 35.39930 25.73480 2.27606
C 32.53040 23.75910 1.55647
C 29.65350 22.98480 2.05610
C 39.15510 29.89360 1.78648
C 36.12310 28.89890 1.85494
C 26.85940 25.20980 2.16361
C 42.75730 32.70870 0.10241
C 39.77360 33.37290 1.30169
C 24.69630 27.52030 2.15990
C 41.25310 36.30740 1.36866
C 37.64150 37.88790 1.36178
C 35.49050 40.15520 1.15852
C 33.14490 42.38120 1.01042
C 29.57820 41.21560 0.87932
C 27.33130 40.86470 0.29816
C 22.29620 38.70640 0.97399
C 24.03440 41.44240 -0.65612
C 29.89740 44.23270 0.78293
C 26.50070 44.05790 0.37777
C 31.20860 47.31130 1.48187
C 44.75280 36.08550 1.42756
C 43.41010 39.21390 1.44448
C 40.27100 40.34830 1.88824
C 45.68430 41.40790 1.28488
C 39.88740 43.88330 1.75632
C 36.70310 44.23030 0.61552
C 33.69370 45.68520 0.90635
C 45.75150 44.37130 1.42603
C 41.73770 23.90050 1.98181
C 47.10700 23.93740 1.63119
C 44.24060 25.47840 1.76445
C 32.98160 27.67810 2.01331
C 30.06310 26.24040 1.96460
C 36.60850 32.00870 1.57140
C 33.50250 30.82640 1.72446
C 30.58230 29.68700 1.83346
C 27.57960 28.56630 2.01238
C 37.09410 34.96520 1.34446
C 34.07660 33.98630 1.38122
C 31.04390 32.85960 1.48430
C 28.12630 31.83010 1.63009
C 25.24720 30.63730 1.86356
C 34.68090 37.03240 1.20000
C 31.70670 36.10640 1.30905
C 28.56740 34.93810 1.31189
C 25.40790 33.94820 1.35483
C 32.44730 39.21600 1.14901
C 29.18160 38.14160 1.25937
C 25.51590 37.22460 0.35368
C 28.17800 47.00920 1.13660
C 42.67530 42.51820 1.61624
C 42.59530 45.71320 1.59185
C 39.60830 46.88800 1.66242
H 35.84570 60.11740 0.62045
H 33.11280 58.68730 0.59155
H 38.99640 63.63690 0.75991
H 35.97540 62.94960 0.38657
H 43.03470 68.03990 0.63988
H 39.81760 66.78350 0.92710
H 27.86680 62.69280 0.05294
H 43.42570 71.12890 1.39580
H 24.25000 65.26990 0.18273
H 25.56010 68.35000 0.08251
H 26.67010 71.35210 -0.02117
H 33.08990 61.79960 0.33612
H 36.76000 65.93870 0.63232
H 33.62640 64.95670 0.35878
H 30.64160 63.80770 0.06866
H 40.51450 70.01460 0.87783
H 37.45950 69.01790 0.76059
H 34.34480 67.98110 0.51078
H 31.13850 66.90440 0.11671
H 27.91600 65.87480 0.17180
H 35.00540 71.12220 0.63416
H 31.89690 70.11430 0.36152
H 28.74620 69.07030 0.15331
C 45.56370 67.06600 -1.64634
C 47.58590 69.13820 -0.35495
C 33.38650 50.07070 -0.74357
C 34.98260 52.96990 -0.67270
C 32.95390 55.71790 -0.95257
C 29.84320 55.56630 -1.41722
C 29.02840 58.60940 -0.89467
C 26.79290 61.22660 -1.55554
C 23.86140 61.20710 -1.51101
C 35.27200 58.09950 -0.74899
C 37.91820 62.03780 -0.73064
C 34.95320 61.41860 -1.20203
C 32.19250 60.23050 -1.33365
C 41.89730 66.18100 -0.47129
C 38.67380 65.42170 -0.85596
C 29.67360 62.16870 -1.51321
C 42.57020 69.79120 -0.57515
C 26.30720 64.30960 -0.82279
C 24.10340 67.09850 -1.49503
C 24.49740 70.53530 -0.67633
C 36.55530 48.29420 -1.45306
C 36.27540 51.46980 -1.28517
C 35.93940 54.74430 -1.11576
C 38.55250 56.41700 -1.26989
C 40.63980 58.74470 -0.71381
C 46.62030 59.14990 -0.96961
C 40.94730 63.02790 -0.69785
C 45.79180 62.29730 -0.76461
C 44.16560 63.52310 -0.52190
C 25.16910 47.74220 -2.15166
C 29.92730 50.27360 -1.56100
C 26.67440 50.23760 -1.86601
C 23.39360 50.32700 -2.01371
C 31.55220 52.80910 -1.30738
C 28.29490 52.89070 -1.60923
C 24.99360 52.98110 -1.74690
C 26.77670 55.66850 -1.61702
C 23.61570 55.75290 -1.74504
C 25.34610 58.50410 -1.51477
C 35.56040 64.74010 -1.11418
C 32.63490 63.53070 -1.32632
C 39.40240 68.58980 -0.75660
C 36.31120 67.69870 -0.97425
C 33.13740 66.72480 -1.27472
C 29.79040 65.53490 -1.48854
C 36.96800 70.82240 -0.87087
C 33.85160 69.78240 -1.11514
C 30.68740 68.79570 -1.41751
C 27.41670 67.73770 -1.48306
C 31.53620 72.00060 -1.24062
C 28.56160 70.91280 -1.48771
C 45.35440 47.64780 -1.47983
C 42.26290 49.00920 -1.50424
C 39.27770 50.14420 -1.40912
C 44.96410 50.86770 -1.36942
C 41.89750 52.04690 -1.33430
C 38.94300 53.32750 -1.27140
C 44.50490 53.95740 -1.32459
C 41.60300 55.22960 -1.34295
C 47.11340 56.01360 -1.20527
C 44.11440 57.09400 -1.22054
C 43.48000 60.32000 -0.87894
H 46.13660 64.93150 -0.74786
H 47.67590 67.17510 1.14471
H 45.78370 69.39390 1.32905
H 33.03310 47.84380 -0.05180
H 31.31130 50.97260 0.34105
H 32.91000 53.77750 0.48750
H 31.11940 56.48320 0.62206
H 30.26150 60.53450 0.17640
H 26.97430 59.47280 0.05745
H 25.32050 62.26780 0.05504
H 35.62690 49.72730 0.26028
H 47.10330 47.86680 0.30912
H 38.18110 51.53070 0.28164
H 37.81490 54.73400 0.38930
H 34.82220 56.13230 0.56113
H 37.48760 57.86360 0.59932
H 39.93180 60.94190 0.19074
H 45.36170 60.39750 0.72302
H 42.72040 62.05960 0.82604
H 29.80050 48.24570 -0.22655
H 26.71210 48.28900 -0.34984
H 28.13110 50.98050 -0.10608
H 24.99020 51.03250 -0.25970
H 29.79300 53.69990 0.15775
H 26.60610 53.74590 -0.06840
H 23.37950 53.89460 -0.15844
H 28.20420 56.55010 0.11625
H 25.14620 56.57950 -0.02906
H 23.72150 59.37560 0.10396
H 38.46350 48.40810 0.10498
H 44.13000 49.10380 0.13036
H 41.12940 50.35250 0.21083
H 46.75790 51.07920 0.34228
H 43.75200 52.22980 0.29339
H 40.78880 53.53340 0.26176
H 46.36470 54.19320 0.25927
H 43.34860 55.35720 0.35154
H 40.39920 56.58520 0.32989
H 45.87000 57.32660 0.47850
H 42.86040 58.57570 0.35173
C 45.32240 67.02170 0.64763
C 47.51000 68.72470 3.01354
C 33.38980 49.96050 1.18072
C 34.94290 52.89680 1.62099
C 32.97960 55.65020 2.09168
C 29.69280 55.54590 1.85972
C 29.08760 58.60450 1.01919
C 26.80440 61.08310 1.58741
C 23.90300 61.24120 1.70096
C 35.25340 58.08450 1.90868
C 37.76930 61.52940 1.17389
C 34.71340 61.73710 2.09682
C 32.15370 60.12460 1.91796
C 41.85970 65.77730 1.27304
C 38.38480 65.29870 2.39457
C 29.54360 62.30330 1.73753
C 42.31320 69.13390 2.40655
C 26.30710 64.23060 1.06335
C 23.94170 67.08860 1.61307
C 25.07500 70.02590 1.35239
C 36.62150 47.96840 1.69886
C 36.38790 51.30620 1.94520
C 36.03310 54.73690 2.09611
C 38.50610 56.53470 1.99325
C 40.57060 58.87740 1.23075
C 46.40680 58.88110 2.32207
C 40.65200 62.37090 2.15357
C 45.80330 62.05070 2.39631
C 44.03420 63.27680 2.54417
C 24.96090 47.19870 0.90034
C 29.69400 49.98100 1.54375
C 26.46710 49.98490 1.36709
C 23.24650 50.00650 1.19840
C 31.39280 52.93210 1.91420
C 28.07880 52.70840 1.58426
C 24.92170 52.80860 1.43266
C 26.58060 55.53430 1.61226
C 23.43650 55.72090 1.45389
C 25.37890 58.40930 1.58198
C 35.31000 64.55650 2.07198
C 32.33660 63.55320 1.82509
C 39.21590 68.64760 2.47620
C 36.07510 67.63020 2.24201
C 32.84490 66.61890 1.92210
C 29.63330 65.48460 1.61413
C 36.81780 70.80680 2.34378
C 33.63620 69.68020 2.12294
C 30.54960 68.61430 1.83229
C 27.33290 67.71710 1.74730
C 31.32090 71.85120 2.06940
C 28.23490 70.86850 1.78658
C 45.35320 47.52160 1.68073
C 42.24250 48.78820 1.73805
C 39.27820 49.95590 1.81268
C 44.84030 50.67760 1.89745
C 41.86660 51.99920 1.85415
C 38.96590 53.24950 1.89331
C 44.54920 53.90880 1.92423
C 41.47840 55.12390 1.97504
C 47.13860 55.83070 2.04536
C 43.94490 57.06900 1.99651
C 43.40290 60.17080 2.20685
H 41.19600 73.29640 0.79580
H 38.74590 75.25820 0.95630
H 36.23290 77.44870 0.81242
H 24.47240 73.03210 -1.28177
H 33.74310 79.46450 0.40989
H 30.71660 78.41570 0.56774
H 27.72240 77.53800 -0.14689
H 24.77360 76.31480 -1.24350
H 38.15550 72.16700 0.79182
H 35.71690 74.20420 0.75672
H 32.57870 73.33480 0.55393
H 29.60440 72.28970 0.29341
H 33.17630 76.39590 0.69132
H 30.08920 75.47590 0.42812
H 27.09670 74.50300 -0.19131
C 41.79430 89.51580 0.78463
C 34.82520 89.80850 1.13892
C 46.09930 93.01260 0.39458
C 43.43230 91.97730 1.87450
C 40.19610 92.23190 0.57124
C 37.03900 92.17010 0.47928
C 33.93680 92.54140 0.04710
C 31.40350 94.81690 0.63800
C 45.92530 74.79430 0.68224
C 42.45640 76.70080 -0.37749
C 39.71990 78.80220 -0.53527
C 37.16090 80.64870 -0.39193
C 36.95840 83.68860 0.37644
C 37.11880 86.81950 0.60987
C 40.13450 87.97790 0.56486
C 45.18250 88.32900 0.56948
C 45.34250 71.34700 -0.27870
C 27.35490 95.71190 -0.40138
C 24.41160 78.89780 -0.82214
C 29.91250 80.36070 -0.08419
C 26.62710 81.35770 -0.82108
C 32.61150 83.85040 -0.04910
C 31.29880 85.38000 -0.22286
C 33.89950 87.03950 0.40096
C 31.24850 88.75110 0.08377
C 30.55920 91.78400 -0.15777
C 27.77180 93.53760 -0.21759
C 43.14780 73.28770 0.13503
C 40.75120 75.27930 -0.65833
C 38.27910 77.20270 -0.55314
C 26.32880 72.87560 -1.95648
C 35.88240 79.19640 -0.95889
C 29.52290 77.21450 -1.28429
C 26.61920 76.05360 -2.10972
C 44.44410 95.71180 0.53085
C 41.50940 95.26010 0.53131
C 38.34600 94.98710 0.36187
C 35.13630 94.79800 0.21293
C 45.40970 78.50160 -0.27360
C 42.68100 80.32800 -0.19670
C 39.93510 82.07880 0.06578
C 45.47050 81.86160 0.01935
C 42.77990 83.53300 0.39591
C 39.60300 84.96430 1.74333
C 45.52340 85.03950 0.44657
C 42.72490 86.43110 0.82609
C 23.78080 82.46830 -1.17894
C 29.00340 83.56130 -0.42199
C 26.11080 84.70230 -0.77748
C 23.22930 85.78830 -1.31751
C 28.50360 86.80070 -0.41661
C 25.56600 87.97240 -0.80533
C 27.91300 90.16770 -0.27592
C 24.92440 91.33110 -0.59405
C 24.25350 94.71660 0.13916
C 40.01970 71.78680 -0.79081
C 37.58640 73.94510 -0.82124
C 34.51340 72.99510 -0.95154
C 35.21350 76.15170 -0.74657
C 32.02210 75.14650 -1.05032
C 29.17320 74.10210 -1.38317
C 32.74680 78.29830 -0.88640
H 40.20600 90.60040 2.53991
H 36.94080 90.48140 2.45567
H 44.78470 93.99030 2.25971
H 35.36820 93.12850 2.00928
H 32.26350 92.62180 1.46089
H 33.42540 95.64770 1.62388
H 44.45170 76.79510 1.41836
H 41.65130 78.47030 1.19684
H 38.98400 80.22250 1.29413
H 36.06720 81.55620 1.71235
H 47.37200 78.37290 1.45888
H 36.01730 84.74460 1.72795
H 35.46000 87.72200 2.15900
H 38.51640 88.00470 2.59174
H 44.09650 89.56350 2.04797
H 46.48410 91.43560 2.38482
H 46.45550 72.44330 1.48567
H 23.64220 77.48600 1.11716
H 26.06250 79.64960 1.06896
H 28.21010 81.81050 1.05018
H 30.58370 83.74750 1.48586
H 33.05290 85.64460 1.57721
H 32.77670 88.66460 1.93654
H 29.73210 90.13260 1.51540
H 26.79330 91.46610 1.16631
H 23.50010 92.52980 1.14266
H 29.52450 93.40070 1.40031
H 41.56500 93.53960 2.22969
H 38.51970 93.25110 2.10499
H 44.53880 80.08470 1.45330
H 41.80910 81.67890 1.69898
H 38.82460 83.22040 1.92148
H 47.37510 81.70940 1.55931
H 44.68130 83.21700 1.93814
H 41.99750 84.73020 2.41294
H 47.49200 84.96100 1.92937
H 44.71480 86.50380 2.23686
H 41.64480 87.78630 2.55285
H 47.19060 88.45960 2.18008
H 25.32370 82.86370 0.71219
H 27.68160 85.00690 1.07136
H 24.68980 86.14470 0.67632
H 30.18910 86.93260 1.37710
H 27.16820 88.16680 1.10516
H 24.22250 89.34780 0.74520
C 42.29130 89.68590 3.94183
C 34.55940 89.86210 3.07951
C 46.39110 93.37560 4.00861
C 43.32070 92.63990 3.68089
C 40.01720 92.35700 3.93201
C 36.88320 92.37940 3.84422
C 33.72290 92.03570 3.35267
C 31.34160 94.64370 2.51696
C 45.19350 74.51640 2.28147
C 42.23270 76.47250 2.76218
C 39.55510 78.35260 2.77511
C 36.99330 80.33330 2.82239
C 37.01940 83.16410 3.58275
C 36.71760 86.36710 3.71718
C 39.85830 87.21000 4.23336
C 45.34960 88.23510 3.87340
C 45.13830 71.00500 3.16943
C 26.91810 95.25890 2.99916
C 23.72440 79.25070 2.39965
C 29.96800 80.36450 2.01180
C 26.22350 81.32300 2.55925
C 31.63980 81.71320 2.36049
C 31.05270 85.37800 3.11276
C 33.60660 86.98110 3.56471
C 30.70060 88.52060 3.18292
C 30.47020 91.60990 2.93872
C 27.69140 93.15370 2.97207
C 42.21910 72.37800 2.98058
C 40.64250 74.96550 2.55224
C 37.91990 76.97090 2.58508
C 25.48250 73.18540 1.09285
C 35.36370 79.05440 2.43041
C 29.18140 77.15850 2.01014
C 25.84230 76.18420 1.09909
C 44.59380 95.98530 3.70559
C 41.31830 95.49660 3.69003
C 38.21780 95.21730 3.56455
C 34.96510 95.03460 3.42546
C 45.23100 78.17830 3.04043
C 42.67470 79.78930 3.10322
C 39.86390 81.51890 3.24181
C 45.61890 81.35650 3.28937
C 42.88890 82.86080 3.63546
C 39.91930 84.77750 3.61354
C 45.67630 84.70720 3.63866
C 42.99130 86.31830 4.00770
C 23.22310 82.51060 1.93133
C 28.52150 83.48450 2.83145
C 25.66140 84.63990 2.40431
C 22.63400 85.71290 1.93771
C 28.22060 86.65790 2.79573
C 25.12520 87.79270 2.48382
C 27.67880 89.79120 2.93204
C 24.76770 90.96580 2.62115
C 24.01550 94.75450 2.04178
C 40.00500 71.73760 2.45543
C 37.40380 73.77400 2.51027
C 34.32610 72.87580 2.26675
C 34.95470 75.94460 2.33811
C 31.75440 74.99260 2.15074
C 28.57800 74.04080 1.68632
C 32.42830 78.10730 2.31338
C 53.62430 96.08370 0.17612
C 50.46120 96.07080 -0.25454
C 47.44190 96.07080 0.18629
C 53.95610 4.29949 -0.52360
C 50.70070 4.44321 -0.23653
C 48.71150 6.86415 -0.56939
C 58.60910 0.63439 -0.34906
C 57.33230 3.55879 -0.76046
C 56.21490 6.58404 -0.96313
C 58.58690 8.75630 -1.57320
C 70.08320 9.58133 -2.26492
C 66.94700 10.45170 -1.79966
C 63.60320 11.56870 -1.19346
C 59.95440 11.86430 -1.61322
C 70.08300 13.26200 -1.90152
C 66.91960 12.54020 -1.65894
C 64.98970 15.02930 -1.64899
C 61.83700 14.84630 -1.99191
C 62.65930 17.80820 -1.43895
C 60.81750 20.43760 -1.47745
C 62.08860 22.94110 -1.55693
C 58.89130 22.86570 -1.50918
C 52.58250 7.60603 0.02821
C 50.50120 9.68590 -0.85348
C 55.31880 9.58656 -1.32164
C 55.84670 12.90920 -1.24376
C 58.16940 14.84240 -1.68530
C 59.20630 17.82700 -1.35094
C 55.46590 19.27550 -2.16340
C 55.82210 23.25720 -1.56000
C 55.36440 1.03244 -0.22470
C 52.29860 1.48820 -0.37767
C 49.04820 1.33223 -0.03227
C 67.78340 96.33680 -1.07286
C 64.76270 -0.51131 -0.72225
C 61.68100 0.11185 -0.55117
C 69.97080 1.10685 -1.41678
C 66.79550 1.75801 -1.16950
C 63.76900 2.43574 -0.96963
C 60.63820 2.99182 -0.80924
C 69.04430 4.16057 -1.46548
C 65.85230 4.83432 -1.34210
C 62.75180 5.41727 -1.24795
C 59.44300 6.04428 -1.15085
C 71.26380 6.68629 -1.51948
C 67.92270 7.27530 -1.62512
C 64.82840 7.77978 -1.69930
C 61.77850 8.37688 -1.67577
C 71.49390 16.32570 -1.47972
C 68.15650 15.79300 -1.58188
C 69.20010 18.71960 -1.61594
C 65.93150 18.24460 -1.44945
C 70.37360 21.82940 -1.60734
C 67.13070 21.09640 -1.49711
C 64.00650 20.59070 -1.35072
C 53.04120 11.31340 -1.08689
C 50.40610 12.95590 -1.15276
C 53.06830 14.51710 -1.29452
C 50.16150 16.07840 -1.40386
C 55.54450 16.28840 -1.61807
C 52.72300 17.81460 -1.63859
C 49.96100 19.35560 -1.59805
C 52.71010 21.04700 -1.95060
C 49.80050 22.57390 -1.65174
H 55.27380 -0.38118 1.79463
H 52.11060 -0.32279 1.27452
H 53.94370 2.46405 1.15075
H 52.55230 5.44817 1.23059
H 50.22760 7.74922 0.71250
H 58.30550 -0.91220 1.54718
H 57.17810 1.98562 1.09180
H 55.95070 4.93479 0.88683
H 58.09240 7.29574 0.50792
H 55.01900 8.23214 0.44885
H 69.97490 7.95339 -0.16553
H 66.51860 8.76547 0.06080
H 63.31140 9.24496 -0.34140
H 60.03310 9.72764 -0.29730
H 70.49410 11.36780 -0.79409
H 71.54080 14.50800 -0.22688
H 68.35660 13.85200 -0.05632
H 65.07770 13.34850 -0.19849
H 63.16860 15.84560 -0.14861
H 60.98680 18.55930 0.16657
H 59.23510 21.05360 0.39991
H 52.36280 9.90750 0.77365
H 49.53980 11.41880 0.57425
H 55.10160 11.59680 0.33115
H 57.91890 13.54910 0.10370
H 60.14640 15.74390 -0.44647
H 57.46190 16.65000 -0.15729
H 57.26950 19.52260 -1.30479
H 54.58600 21.21720 -0.79584
H 51.81820 22.71310 -0.24717
H 49.14030 -0.47309 1.65638
H 50.73560 2.47185 1.31220
H 48.83670 5.07688 1.28678
H 69.73660 -0.65795 0.23565
H 66.63740 0.12231 0.66606
H 63.51260 0.85538 0.88458
H 60.37970 1.43732 1.04656
H 68.70790 2.40504 0.19522
H 65.59660 3.19362 0.48496
H 62.48240 3.81984 0.57598
H 59.21420 4.35495 0.59886
H 70.85310 4.72097 0.08658
H 67.73410 5.53916 0.18811
H 64.53420 6.23614 0.23619
H 61.31540 6.78299 0.26886
H 61.73340 12.96820 -0.34968
H 69.56930 16.93610 0.06892
H 66.34520 16.34130 0.05541
H 70.64220 19.98300 -0.01688
H 67.50680 19.32900 0.12484
H 64.22830 18.77240 0.25486
H 68.59370 22.46850 -0.04320
H 65.47680 21.77020 0.16354
H 62.32470 21.30200 0.23357
H 52.23510 13.05340 0.51958
H 49.33500 14.57260 0.33357
H 54.95050 14.78870 0.21775
H 52.07000 16.25420 0.14525
H 49.18670 17.74580 0.06062
H 54.67690 18.02800 -0.15228
H 51.90710 19.51870 -0.12144
H 49.02780 20.92840 -0.00295
C 53.55010 -0.46811 3.30484
C 50.87230 95.69230 2.85018
C 47.81810 -1.20141 3.54929
C 54.07350 4.54648 2.60268
C 50.77940 4.50675 2.78956
C 48.87420 7.14045 2.70942
C 58.73040 1.13565 2.81243
C 57.63470 3.96060 2.40372
C 56.29340 6.75938 2.18038
C 58.31040 9.45677 1.63509
C 70.58800 9.87023 1.33286
C 67.45000 10.71750 1.66134
C 63.55220 11.57250 0.63958
C 59.40770 12.04430 0.19513
C 69.98400 13.04820 1.18178
C 66.81150 12.66800 1.49152
C 64.81550 15.07060 1.53432
C 61.57750 14.44710 1.21079
C 62.62030 17.48050 1.62502
C 61.03450 20.18400 1.99076
C 62.02840 23.20770 1.72717
C 58.67090 23.24890 1.64019
C 53.12850 7.86131 1.92588
C 50.40250 9.73671 2.22184
C 56.15920 9.93010 1.90717
C 56.16750 13.32970 1.85425
C 58.69760 15.41610 1.56585
C 58.56520 18.63260 0.73660
C 55.86710 19.87820 0.89051
C 55.64850 23.17380 0.33358
C 55.60350 1.78234 2.89309
C 52.47890 1.50674 2.85969
C 49.27620 1.49156 3.09669
C 68.18680 -1.07949 2.08525
C 64.97180 -0.30324 2.41797
C 61.86390 0.39795 2.60955
C 70.17770 1.18902 1.71525
C 67.15170 2.05958 2.03920
C 63.98580 2.81174 2.29760
C 60.74980 3.49979 2.29189
C 69.17840 4.22206 1.79900
C 65.97590 5.14670 1.92258
C 62.81800 5.77475 1.96528
C 59.66650 6.32715 2.04669
C 71.18070 6.66129 1.65463
C 68.18080 7.49613 1.64067
C 64.80760 8.38187 1.57323
C 61.63670 8.90230 1.49595
C 71.36950 16.09580 1.66291
C 68.13030 15.63280 1.64826
C 69.33720 18.74060 1.71594
C 66.06790 18.13700 1.75010
C 70.37620 21.85700 1.53349
C 67.34780 21.28700 1.64696
C 64.06970 20.65180 1.79337
C 53.45230 11.65550 2.14630
C 50.37630 13.22460 2.08049
C 53.12600 14.85540 1.89086
C 50.21560 16.36400 1.74294
C 55.77410 16.69670 1.59940
C 52.98980 18.08220 1.58114
C 50.10970 19.43310 1.54670
C 53.17270 21.19430 1.20505
C 50.01730 22.60410 1.46419
C 72.33050 28.18020 -2.15507
C 61.93210 25.83650 -0.72740
C 69.77440 30.05030 -2.92916
C 66.46150 28.99600 -2.84053
C 63.28060 28.71900 -2.39188
C 57.88970 26.00300 -2.20609
C 54.90740 26.94250 -2.36983
C 51.88900 27.32990 -2.36346
C 60.14780 28.70920 -2.13181
C 50.57660 30.45540 -2.24412
C 61.67050 31.49530 -2.54965
C 63.46550 34.02530 -3.32452
C 62.89940 37.63830 -2.62425
C 61.64520 40.69060 -2.02897
C 47.83780 42.03300 -1.46753
C 59.89520 43.40970 -2.15542
C 56.68020 43.72900 -2.12866
C 50.26260 44.74890 -1.92315
C 56.08970 47.03250 -0.96279
C 52.36130 47.19440 -1.50918
C 49.46480 25.56060 -1.87038
C 69.71310 33.39860 -1.98580
C 66.90960 32.53980 -2.73331
C 67.66760 35.71360 -1.89315
C 66.22790 38.28270 -1.70051
C 64.90590 41.22410 -2.02203
C 63.22360 44.02500 -2.07425
C 61.21120 46.57710 -1.71715
C 48.38330 46.04280 -1.24553
C 71.36110 24.89220 -1.89009
C 68.06420 24.07990 -1.80015
C 65.07570 23.41930 -1.58397
C 69.03030 27.05750 -2.31213
C 65.62040 26.25840 -2.00749
C 57.02430 29.34020 -2.32995
C 53.67070 30.06950 -2.40178
C 58.55230 31.98650 -2.37363
C 55.46050 32.66830 -2.41459
C 52.36040 33.05960 -2.25683
C 49.11850 33.33730 -2.14806
C 60.31900 34.59070 -2.76717
C 57.27950 35.16550 -2.50398
C 54.17960 35.63350 -2.31811
C 50.97790 36.03010 -2.22586
C 59.27120 37.83450 -2.65115
C 56.08210 38.19280 -2.33471
C 52.83590 38.66400 -2.21971
C 49.63460 38.88570 -2.15949
C 58.06350 40.73760 -2.21937
C 54.76320 41.08850 -2.23960
C 51.52750 41.61690 -2.15051
C 53.49980 44.11410 -2.02787
C 52.49780 24.33920 -2.01871
C 70.83720 35.18640 -1.58955
C 69.45090 38.19340 -1.65211
C 71.22840 40.80890 -1.61789
C 68.05240 40.86750 -1.71611
C 69.67960 43.68390 -1.63163
C 66.60080 43.82270 -1.78622
C 71.33370 46.29270 -1.61897
C 68.04710 46.53960 -1.61430
C 64.81420 46.83120 -1.61227
H 63.46950 24.16170 0.01129
H 60.45710 24.00050 -0.00718
H 70.25290 28.56800 -0.92842
H 63.97690 27.28630 -0.46756
H 68.04020 30.64380 -1.89098
H 65.03030 30.10380 -1.13111
H 57.56420 24.54390 -0.21018
H 54.47620 25.11900 -0.75948
H 59.74130 26.97940 -0.63733
H 53.53700 28.23260 -0.78235
H 50.42550 28.78650 -0.95115
H 61.91100 29.89140 -0.66165
H 49.21140 31.55200 -0.48343
H 63.38130 32.61460 -1.07775
H 62.24110 35.46450 -1.56136
H 60.92430 38.54170 -1.57517
H 48.12020 39.78690 -0.44636
H 59.74040 41.53760 -0.56828
H 50.10100 42.55750 -0.83612
H 58.34280 44.32210 -0.19099
H 55.26020 44.78410 -0.37097
H 52.03770 45.02460 -0.17327
H 51.37150 25.86170 -0.49540
H 48.57840 27.11900 -0.08861
H 70.80000 33.43250 0.17971
H 67.76660 33.64330 -0.67931
H 65.41720 34.49880 -2.38283
H 66.09630 36.34640 0.00928
H 64.81520 39.19790 -0.47082
H 63.32080 41.98140 -0.77509
H 61.42030 44.39840 -0.41874
H 47.18370 44.17810 -0.41876
H 71.61290 23.27530 -0.02218
H 69.48950 25.50450 -0.47099
H 66.40570 24.83330 -0.14403
H 67.15660 27.70960 -0.87353
H 56.61740 27.49570 -0.66726
H 58.66600 30.16510 -0.66060
H 55.50730 30.70990 -0.89211
H 52.37350 31.20950 -0.68467
H 60.38100 32.89280 -0.93566
H 57.23480 33.34060 -0.84069
H 54.10840 33.80560 -0.68961
H 50.86880 34.12930 -0.63825
H 59.13970 35.88780 -1.03000
H 55.98070 36.29250 -0.79443
H 52.70740 36.74950 -0.66249
H 49.47480 36.99320 -0.52869
H 57.87320 38.82570 -0.73066
H 54.62770 39.18320 -0.65873
H 51.33430 39.66570 -0.56544
H 56.51290 41.76350 -0.60706
H 53.36700 42.16470 -0.52874
H 48.81780 24.05140 -0.07088
H 69.26310 36.27420 -0.16588
H 71.11430 38.95190 0.07498
H 67.88660 39.09800 -0.02944
H 69.62440 41.80430 -0.09597
H 66.48490 41.93800 -0.24561
H 71.26580 44.48800 0.04199
H 68.11810 44.65330 -0.06625
H 64.83600 44.74650 -0.29443
C 71.82440 28.40100 1.00683
C 62.55470 26.20170 1.02686
C 69.10640 30.40950 0.22618
C 67.12740 29.83350 0.24337
C 63.84730 29.35380 0.92310
C 57.97240 26.54570 1.22160
C 54.82990 26.96720 0.88043
C 51.83000 27.79320 0.87066
C 60.21780 29.03190 0.96739
C 50.77680 30.40270 0.95705
C 61.89330 31.91450 0.81623
C 64.15930 34.78070 -0.10604
C 63.07900 37.59910 -0.66017
C 61.61440 40.40370 0.02073
C 48.00060 42.05190 0.45519
C 60.09370 43.10840 1.32036
C 56.98020 43.57550 1.10588
C 50.71860 43.60370 1.36350
C 55.98350 46.79390 0.88192
C 52.31260 46.78860 1.55276
C 49.90020 25.58640 1.42052
C 68.82780 32.37230 1.06548
C 65.80840 32.40950 -1.00182
C 67.51070 35.21840 1.21808
C 66.11310 38.34780 1.48594
C 64.64750 41.05670 1.09866
C 63.17690 43.56480 1.13789
C 61.19110 46.17180 1.37789
C 48.52020 46.04730 0.70301
C 71.15480 25.23390 1.31685
C 68.25380 24.43170 1.36620
C 65.17990 23.66000 1.61198
C 68.93210 27.41960 0.80259
C 65.90920 26.85540 1.05275
C 57.06270 29.55170 0.74537
C 53.91190 30.02220 0.82889
C 58.79650 32.24480 0.74325
C 55.61900 32.49980 0.76977
C 52.45610 33.06260 0.92353
C 49.33800 33.32770 1.17126
C 60.98040 34.92410 0.40048
C 57.59860 35.24920 0.74818
C 54.30300 35.66380 0.88667
C 51.09600 35.91620 1.00775
C 59.75870 37.78500 0.45954
C 56.22090 38.08840 0.87731
C 52.92040 38.57170 0.97864
C 49.71980 38.86200 1.14729
C 58.07030 40.64120 0.95308
C 54.82510 41.03430 1.01563
C 51.57380 41.64330 0.95926
C 53.95220 43.92740 1.19742
C 52.80420 24.55900 1.03580
C 70.75980 35.20140 1.49594
C 69.35740 38.01170 1.54467
C 71.08720 40.86880 1.60657
C 67.93750 41.01510 1.48213
C 69.55530 43.62710 1.56106
C 66.37730 43.72760 1.37011
C 71.33820 46.39600 1.61562
C 67.99670 46.56250 1.52568
C 64.70920 46.51000 1.47450
C 52.11290 60.92250 -0.78103
C 48.93670 61.20910 -0.78570
C 57.99170 64.91070 0.28704
C 54.51750 63.95940 -0.24062
C 48.18390 64.09040 -1.17006
C 59.12780 67.85320 -0.23000
C 63.06490 71.44450 -0.72190
C 60.04680 70.87550 -0.33526
C 66.06640 49.79860 -0.60661
C 62.67380 49.34140 -1.33162
C 71.54810 51.48210 -2.19789
C 68.57520 52.40610 -0.94319
C 72.03310 54.90870 -1.98992
C 72.18720 69.18070 -1.07781
C 50.62200 48.31390 -1.63392
C 51.31530 51.56310 -0.53437
C 50.06910 54.85240 -1.11009
C 50.18980 58.08150 -0.09866
C 59.63540 48.24740 -1.43194
C 63.39480 52.25720 -0.95748
C 60.30370 51.48770 -1.04271
C 57.20360 50.58950 -1.35734
C 68.90870 56.47430 -0.96303
C 67.03210 54.66370 1.13443
C 64.23300 55.17530 -0.46269
C 54.91590 52.89580 -1.25000
C 71.45670 59.73700 -0.95663
C 52.35400 55.22480 -0.87360
C 56.70380 59.15710 -0.53429
C 53.81070 58.38130 -0.54046
C 60.73250 62.65340 -0.35500
C 57.74120 62.02690 -0.37760
C 70.93420 67.67540 -0.61764
C 61.50210 65.69920 -0.36146
C 69.17070 70.51450 -0.29775
C 65.38150 69.34920 -0.77279
C 62.26790 68.66260 -0.40346
C 51.24260 63.83360 -0.58786
C 55.73090 67.38050 -0.35081
C 52.62490 67.05030 -0.44674
C 49.39080 66.86220 -0.54088
C 56.89520 70.24740 -0.09176
C 53.68070 70.12230 -0.15190
C 50.51130 69.75800 -0.23701
C 69.72460 49.15760 -1.65830
C 47.78060 49.61220 -1.40403
C 47.69980 52.77780 -1.27173
C 54.16130 49.72680 -1.43299
C 61.10150 54.53010 -0.76662
C 58.01080 53.64870 -0.99451
C 68.12500 58.36040 -0.43766
C 65.01590 58.05560 -0.26071
C 62.02510 57.47030 -0.45908
C 58.92340 56.68990 -0.69307
C 55.54840 55.97000 -0.81813
C 69.00670 61.71540 -0.77002
C 65.92470 60.91870 -0.34529
C 62.90230 60.41390 -0.29525
C 59.89950 59.76690 -0.43247
C 69.93880 64.80890 -0.68901
C 66.94630 64.08110 -0.47454
C 63.88490 63.32110 -0.38812
C 67.90250 67.11380 -0.61721
C 64.64510 66.33030 -0.56580
H 71.12750 56.16720 0.02561
H 53.54660 61.99160 1.08500
H 50.59180 61.96480 0.86564
H 47.59540 62.58910 0.77274
H 59.82640 66.13780 1.40148
H 55.81380 65.63320 1.08107
H 60.60290 69.11780 1.32650
H 54.04120 48.21570 0.15147
H 62.87170 47.24850 -0.05876
H 68.41710 50.13870 0.19518
H 63.91760 50.36500 0.60950
H 70.92500 52.91770 -0.93927
H 49.73420 49.77230 0.28211
H 49.46760 53.02050 0.54688
H 48.81840 56.13300 0.61934
H 48.32730 59.51540 0.85355
H 60.80850 49.54270 0.31312
H 57.65500 48.62440 0.17662
H 64.76080 53.41310 0.91676
H 61.59570 52.59710 0.74572
H 55.43240 51.06730 0.33657
H 68.39310 56.73510 1.51650
H 65.31220 56.34290 1.46735
H 52.98480 53.22370 0.38523
H 69.68110 59.83860 0.86745
H 53.79360 56.40340 1.01394
H 70.43860 62.95070 0.86603
H 55.07100 59.46030 1.42755
H 52.06010 59.22600 1.04352
H 71.43450 65.90810 1.22778
H 59.11560 63.09870 1.37410
H 56.08010 62.43710 1.10559
H 69.21560 68.40710 1.03426
H 62.97780 66.92080 1.14566
H 66.88890 70.70370 0.88377
H 63.81960 69.87200 1.02349
H 52.67770 65.02840 1.00404
H 49.52080 64.89770 0.80780
H 57.32800 68.53880 1.34224
H 53.98770 68.13550 1.27729
H 50.88700 67.76530 1.13242
H 55.19130 71.07290 1.57031
H 51.98100 70.70860 1.48233
H 48.80700 70.17660 1.50010
H 69.77430 47.29630 -0.03780
H 66.55690 47.45920 0.09843
H 71.55130 49.89770 -0.17439
H 58.39170 51.72970 0.51319
H 62.30010 55.60680 1.04014
H 59.25570 54.75840 0.81859
H 56.17250 54.02810 0.58604
H 66.46760 59.22210 1.34473
H 63.27770 58.62260 1.27314
H 60.16260 57.86330 1.02410
H 57.03010 57.13690 0.79065
H 67.40520 62.24440 1.08243
H 64.28770 61.62750 1.30657
H 61.17100 60.91560 1.28475
H 58.11820 60.14460 1.17862
H 68.34130 65.37960 1.07884
H 65.18950 64.69160 1.11729
H 62.12870 63.92190 1.16248
H 66.07520 67.69060 0.86285
C 51.86580 61.02410 2.74724
C 48.82320 61.34310 2.47846
C 57.89190 65.00070 2.25429
C 54.49820 64.01140 2.39295
C 47.20570 64.83030 1.55617
C 59.13550 67.91110 2.98415
C 63.36620 71.61990 2.70804
C 60.32870 71.00810 2.88908
C 66.20740 49.63850 1.26191
C 62.74910 48.97080 1.83363
C 71.31260 52.04060 1.12287
C 69.06400 52.36570 0.93848
C 72.95690 54.35020 -0.33125
C 72.77590 69.14540 2.58402
C 50.64610 48.00730 1.90828
C 51.29480 51.49670 1.37997
C 50.12520 54.64720 2.25372
C 50.02380 57.97220 1.78340
C 59.66920 47.81490 1.64357
C 63.28110 51.93660 2.49439
C 60.17060 51.10530 2.10424
C 57.14110 50.03370 1.88826
C 70.50340 55.35840 1.98609
C 67.01730 55.37510 2.98518
C 63.84800 54.96690 2.82448
C 54.81840 52.63220 2.11992
C 71.71430 59.38160 2.28151
C 52.28050 54.71760 2.34407
C 56.61410 58.81720 2.65863
C 53.39500 58.09870 2.84991
C 60.95750 62.68730 2.86847
C 57.77320 61.84900 2.89234
C 71.07380 68.04940 2.70268
C 61.71150 65.65210 2.82745
C 69.32660 70.79880 1.59188
C 65.98880 69.75120 2.22653
C 62.55430 68.68190 2.76483
C 50.98780 63.83990 2.41852
C 55.75590 67.35340 2.86752
C 52.48880 66.81310 2.73685
C 49.48170 66.50830 2.63992
C 57.07360 70.39030 3.04592
C 53.71390 69.83710 3.05614
C 50.59660 69.36060 2.96202
C 69.89300 49.17310 1.59973
C 47.84590 49.57720 2.00173
C 47.51300 52.81140 2.00577
C 53.93770 49.62200 1.85958
C 60.94680 54.20760 2.48353
C 57.86360 53.33760 2.26036
C 68.39580 58.54190 2.81466
C 64.96030 58.19680 2.96833
C 61.84060 57.30980 2.68644
C 58.70830 56.53920 2.43731
C 55.53010 55.77590 2.27162
C 69.31550 61.72150 2.67397
C 66.10050 61.05730 2.86091
C 62.92750 60.40010 2.86243
C 59.84090 59.52910 2.72674
C 70.31040 64.88240 2.52006
C 66.98470 64.13320 2.66592
C 63.88440 63.48990 2.77087
C 67.90380 67.37030 2.53223
C 64.87810 66.57290 2.63177
C 69.76330 87.12870 -1.77477
C 67.58940 87.50260 -1.32786
C 64.44550 88.00520 -0.17874
C 61.40490 89.34360 -0.13279
C 60.48900 92.32020 -0.18648
C 57.26090 92.30670 1.00576
C 56.47290 95.49980 0.38797
C 48.26080 76.88710 -0.44068
C 51.26810 78.28000 0.29030
C 54.16260 80.34160 0.02634
C 59.61080 84.65760 -0.27544
C 48.32580 90.36550 0.99970
C 58.94300 87.59130 0.16152
C 56.05830 88.77220 0.98946
C 51.29480 91.72100 1.24008
C 57.89640 90.96120 2.55455
C 53.99200 93.47030 1.92185
C 64.37000 74.51590 -1.08285
C 48.46890 72.13080 -0.05725
C 62.34410 76.87590 -1.00081
C 52.88690 75.28940 -0.14097
C 49.35520 75.18340 0.06416
C 63.39220 80.04450 -1.30088
C 60.21940 79.30490 -0.70245
C 56.96720 78.93090 -0.24515
C 53.73630 78.26610 -0.09425
C 65.16110 83.19520 -0.44001
C 61.32470 82.28240 -0.72412
C 61.92890 85.64410 0.16058
C 71.95700 72.37710 -1.19516
C 69.12100 74.04540 -1.47172
C 68.84750 77.56750 -1.21895
C 66.26600 75.12850 -1.42380
C 69.35280 80.57560 -1.79318
C 68.93200 84.01950 -1.26204
C 69.42470 90.27270 -1.36062
C 66.37340 90.96260 -0.89595
C 63.46210 91.58270 -0.37318
C 68.64370 93.31360 -1.11858
C 65.66940 93.92330 -0.70113
C 62.59770 94.63120 -0.46386
C 59.49810 95.30070 -0.17179
C 70.87670 95.60340 -1.47709
C 48.17060 80.23020 -0.26962
C 51.24230 81.90060 -0.00244
C 48.37050 83.47090 0.09659
C 57.61710 82.05170 0.35737
C 53.99030 83.53560 0.26445
C 51.12490 85.21290 0.31378
C 48.26560 86.89540 0.55260
C 56.59670 85.40450 0.25680
C 53.80030 86.88750 0.60864
C 51.22230 88.43300 0.68847
C 54.06150 90.11330 1.36316
C 61.15560 73.86190 -0.61178
C 57.98520 73.28060 -0.30900
C 54.92330 72.86880 -0.11204
C 51.52730 72.62900 0.02466
C 59.15420 76.34350 -0.55748
C 55.99180 75.76080 -0.23752
C 71.76330 75.64420 -1.38048
H 47.75650 94.23710 1.99779
H 67.59940 85.67820 0.23654
H 61.00990 87.55970 1.53867
H 69.28510 88.41790 0.25323
H 66.28510 88.88800 0.36468
H 63.36110 89.80960 1.35313
H 60.25420 90.62280 1.76525
H 59.29350 93.61080 1.57807
H 56.28640 94.09530 2.57500
H 50.20280 80.34600 1.16637
H 53.08520 81.83150 1.80387
H 59.82610 82.81610 1.15451
H 56.14790 83.58180 1.61226
H 58.59520 85.70690 1.72244
H 58.17750 88.49730 2.30355
H 55.69740 89.96910 3.20208
H 52.89890 91.44070 3.18142
H 49.18760 92.19780 2.60135
H 64.68290 72.74480 0.76241
H 61.57420 72.11660 1.12668
H 62.73340 75.07780 0.72196
H 49.83910 73.19580 1.78258
H 63.90310 77.92630 0.24600
H 54.38670 76.57660 1.54219
H 51.28270 75.98470 1.16213
H 65.13590 80.78460 0.51908
H 61.92010 80.38860 0.70378
H 58.71080 80.01650 1.08963
H 56.08600 80.49770 1.42725
H 62.98200 83.44580 0.83885
H 70.28020 72.62490 0.20972
H 67.44930 73.82860 0.57908
H 66.87350 76.93940 0.39152
H 67.59500 79.66040 -0.65569
H 70.77300 85.49900 -0.46639
H 67.55600 82.62350 0.29537
H 50.74610 94.30110 1.11387
H 68.32920 91.48500 0.51857
H 65.40300 92.19210 1.00604
H 62.34090 92.95680 1.28242
H 70.62900 93.82460 0.20604
H 67.56870 94.57530 0.64824
H 64.49090 95.28440 0.95087
H 61.41570 95.97490 1.19883
H 50.23230 83.40330 1.75876
H 53.01050 85.02210 2.01297
H 50.18440 86.65790 2.13539
H 55.70690 86.71240 2.19478
H 52.93020 88.22460 2.44474
H 50.24550 89.81100 2.40790
H 58.44480 71.58270 1.38841
H 59.52480 74.59880 1.09039
H 56.41600 74.06090 1.46511
H 53.26370 73.48850 1.55781
H 60.76070 77.51540 0.88283
H 57.54380 77.03770 1.22825
H 69.99220 75.85440 0.03382
H 70.38470 79.10710 -0.04767
H 70.45230 82.31080 -0.28598
C 70.54360 87.10730 1.47535
C 67.65830 87.20230 1.64932
C 65.30100 89.11570 2.64591
C 61.82210 89.21160 3.21188
C 60.87430 92.60200 3.25279
C 57.30960 93.10540 4.69553
C 56.79880 96.19140 3.51723
C 47.90640 76.36760 3.05901
C 51.11850 78.25160 2.06870
C 54.53610 80.27970 3.26708
C 59.98340 84.23460 3.15539
C 48.19480 90.09810 3.74556
C 59.69190 86.97820 3.52522
C 56.55290 87.98110 4.15686
C 50.99560 91.34150 4.27693
C 56.14110 91.49500 5.19745
C 53.93040 93.57970 3.83705
C 64.37500 74.64510 2.52084
C 48.44950 72.03630 3.15108
C 62.68770 76.94370 2.34648
C 52.78610 75.40920 3.04357
C 49.73330 75.40580 3.04678
C 64.04420 79.96910 2.01437
C 60.56780 79.37890 2.48790
C 57.37910 78.89490 2.81612
C 53.86490 78.32740 3.34696
C 65.44330 83.19660 1.50069
C 61.92190 82.21000 2.47556
C 62.38950 85.63310 2.03940
C 72.05850 72.53990 2.01041
C 69.24070 74.25610 1.84667
C 68.58780 77.76910 0.67002
C 66.28480 75.39030 2.41131
C 69.10200 80.81240 1.14001
C 69.45080 84.11470 1.09468
C 69.95090 90.16470 1.80393
C 66.71930 90.57670 2.19132
C 63.78940 91.77860 2.81676
C 69.08020 93.24400 2.04099
C 65.98060 94.06890 2.45752
C 62.87720 94.84390 2.73712
C 59.89760 95.55100 3.05179
C 71.24150 95.64220 1.70511
C 48.42580 79.83130 2.94282
C 51.29540 81.57200 3.13274
C 48.33580 83.06500 3.35963
C 57.85670 81.95010 2.30555
C 54.32320 83.34580 3.34716
C 51.06630 84.83480 3.59133
C 48.17710 86.68880 3.61473
C 57.00990 84.98990 3.41751
C 53.93440 86.46330 3.81980
C 51.02830 88.10650 3.97520
C 53.65590 89.44120 4.48334
C 61.43640 74.07840 2.53004
C 58.33720 73.47900 2.93098
C 55.08120 72.95970 3.16113
C 51.74240 72.43400 3.22965
C 59.43490 76.45590 2.66245
C 56.22860 75.96380 3.04970
C 71.87580 75.91490 1.64907
C 88.32640 2.67104 -1.88966
C 92.52890 5.45677 -1.43438
C 88.83000 5.45348 -0.27704
C 93.80090 8.36354 -1.51062
C 81.97510 1.48222 -2.40806
C 78.63330 2.20778 -1.99234
C 77.78720 5.14238 -1.50613
C 74.47180 5.94395 -1.64825
C 74.18630 7.88983 -1.91260
C 72.01850 10.28220 -2.47450
C 73.52380 13.27420 -0.89609
C 75.19590 17.25640 -0.50739
C 75.70790 20.57290 -1.20803
C 85.29860 3.56959 -1.36603
C 82.13270 4.28907 -0.62382
C 79.55030 5.98217 -1.40858
C 84.94960 6.78978 -1.17639
C 79.40550 9.29277 -1.06045
C 76.46020 10.66480 -1.25994
C 90.61210 7.96130 -1.22015
C 87.69130 8.69361 -1.03041
C 76.33360 13.93850 -1.04633
C 94.11020 10.43270 -1.17884
C 78.73360 15.51770 -0.79242
C -0.88998 12.20750 -2.21180
C 80.83880 17.53380 -0.56211
C 95.93920 15.53650 -0.47869
C 80.06120 20.61380 -0.70246
C 94.21990 18.67300 -0.23428
C 91.64980 19.58680 0.31382
C 89.08550 20.59590 -0.67268
C 85.88320 21.71690 -0.22450
C -1.00609 20.32590 -0.81059
C 94.94100 23.24460 -1.58172
C -0.97428 0.43618 -2.18074
C 93.28950 0.27049 -2.29210
C 90.16010 0.04822 -2.39510
C 86.38330 -0.00918 -1.86603
C 94.64580 3.01634 -1.84999
C 91.46130 2.69222 -1.80920
C 95.95550 5.74761 -1.59884
C 79.30830 -0.84657 -2.43647
C 76.19990 -0.25052 -2.04714
C 73.08770 0.41633 -1.72704
C 75.49710 2.91436 -1.70746
C 72.14770 3.50059 -1.59569
C 72.65200 19.42770 -1.38601
C 73.52450 22.67720 -1.48689
C 82.12820 7.96615 -0.97791
C 84.84690 10.11770 -0.91462
C 81.88980 11.23320 -0.80664
C 79.08440 12.51780 -0.85503
C 89.98160 11.10170 -1.21101
C 87.13380 12.03250 -0.83195
C 84.30120 13.28920 -0.61383
C 81.49360 14.48200 -0.57281
C 92.52120 13.36700 -1.06653
C 89.65830 14.36750 -0.67986
C 86.75020 15.37350 -0.54852
C 83.77340 16.53020 -0.41738
C 92.11840 16.36270 -0.45786
C 89.36960 17.46920 -0.29844
C 86.39890 18.64810 -0.36214
C 83.20150 19.55220 -0.39419
H 88.48750 0.51615 -0.61291
H 89.89120 3.27999 -0.06607
H 86.99780 3.73103 -0.00053
H 94.29740 6.38038 0.11124
H 91.15610 6.14512 0.52380
H 84.50430 95.96920 -1.46075
H 83.30210 2.02184 -0.22884
H 80.28370 2.51209 -0.75156
H 77.31660 3.22190 -0.02381
H 76.17220 6.10117 0.24370
H 73.15280 6.97388 0.13645
H 74.71560 15.03580 0.35925
H 76.29010 19.14250 0.88978
H 76.37490 22.11530 0.74794
H 84.27520 5.05920 0.49005
H 81.37850 6.38312 0.40820
H 78.54890 7.73999 0.08257
H 87.02460 7.00271 0.35539
H 75.36830 12.22610 0.38280
H 89.80700 9.15805 0.45275
H 77.93660 13.87080 0.74121
H 96.43490 10.59810 -0.25436
H 92.05850 11.48030 -0.19805
H 77.29070 16.75830 0.83510
H 79.36940 18.81100 1.11197
H 94.04210 16.44860 0.82773
H 81.78890 20.81420 1.16383
H 78.97960 21.88170 0.19850
H 93.50090 19.38000 2.11232
H 90.74880 20.62880 1.46279
H 88.21500 22.25790 0.54270
H 96.27160 18.68900 1.01188
H 94.70520 21.19260 -0.02642
H 94.91110 0.92251 -0.56797
H 91.65060 0.61767 -0.53517
H 96.16870 3.78115 -0.12041
H 93.01590 3.46863 -0.07440
H 72.81380 96.14490 -0.10616
H 81.29320 -0.44949 -0.95971
H 78.13010 0.18871 -0.55979
H 75.02900 0.98261 -0.27040
H 71.84930 1.67040 0.00713
H 74.02410 4.00195 -0.11508
H 72.84820 17.60220 0.32167
H 73.71590 20.93360 0.23105
H 75.62730 9.02914 -0.06097
H 84.10600 8.31609 0.58414
H 81.17880 9.50751 0.74515
H 78.17750 10.76710 0.57150
H 86.68620 10.22600 0.74672
H 83.73270 11.46010 0.84973
H 80.83390 12.66180 0.84004
H 89.05150 12.45540 0.70225
H 86.17870 13.50790 0.90971
H 83.23510 14.70820 1.16289
H 80.25300 15.80880 1.05767
H 91.48450 14.43760 1.02717
H 88.55860 15.62620 1.11432
H 85.62920 16.77240 1.16583
H 82.52810 17.83590 1.23365
H 91.05910 17.51320 1.51665
H 88.05290 19.02330 1.08954
H 84.91010 19.95100 1.17635
C 88.35430 2.03798 1.38402
C 92.94540 5.08479 1.80291
C 89.51290 5.13471 1.59473
C 93.89290 8.08739 1.90776
C 81.96620 1.26232 0.83806
C 78.90830 1.79198 1.21887
C 77.72070 4.77465 1.86135
C 74.15210 5.56582 1.79176
C 73.59540 8.81291 1.63326
C 72.42450 10.31740 0.74653
C 73.25150 13.18170 1.02224
C 74.88090 17.09300 1.64600
C 75.16640 20.26780 2.17705
C 85.06090 2.96192 1.56124
C 82.74450 5.30535 2.30609
C 79.38830 6.08357 1.85629
C 85.58370 6.75273 1.93330
C 79.16230 9.19035 2.14377
C 76.14660 10.67650 2.01637
C 91.69670 8.08043 1.86740
C 88.27010 8.64708 1.98984
C 75.94160 13.94290 2.07448
C 94.34190 10.65040 0.75761
C 78.42650 15.34790 2.58965
C -0.00918 11.87590 1.38580
C 80.72530 17.37620 2.85957
C 95.69200 14.56910 1.10441
C 79.74130 20.98850 2.54831
C 95.11840 17.52690 2.80777
C 91.44440 19.01170 3.45851
C 88.47580 20.80890 2.74822
C 85.87820 22.15170 1.61997
C 95.70370 20.63960 2.28014
C 94.25660 23.19690 1.60209
C -1.10358 -0.06267 0.97385
C 93.35590 -0.37846 0.82965
C 90.09200 -0.75574 0.75663
C 86.31050 -0.43770 -0.15113
C 94.73570 2.43056 1.33711
C 91.55810 2.16950 1.35482
C 95.96810 5.37974 1.69901
C 79.69400 -1.19154 0.75474
C 76.48450 -0.40168 1.19333
C 73.37490 0.45924 1.44903
C 75.44620 2.71626 1.41981
C 72.32500 3.36840 1.60556
C 72.43820 19.34710 1.70270
C 73.35300 22.86390 1.66578
C 82.37010 7.85684 2.19345
C 84.88220 9.86686 2.32727
C 81.88450 11.12290 2.44011
C 78.95770 12.34950 2.29010
C 90.67130 11.12670 1.88720
C 87.36370 11.90670 2.39551
C 84.39100 13.13000 2.53445
C 81.29370 14.28300 2.59919
C 92.33240 12.51130 2.15270
C 89.66630 14.00120 2.56232
C 86.67350 15.16370 2.65463
C 83.79690 16.45130 2.79807
C 92.44910 15.92360 2.72378
C 88.95770 17.45090 2.76107
C 86.10240 18.68790 2.70590
C 83.08060 19.57750 2.81104
C 81.44880 47.29320 -0.63553
C 90.87910 46.33940 -1.32152
C 96.41550 46.87930 -1.24047
C 83.49700 24.44240 -1.54967
C 79.85300 24.07340 -0.92979
C 88.66050 26.98330 -2.05959
C 85.21960 27.26840 -1.86414
C 78.65450 28.72690 -1.93840
C 87.45430 30.01270 -1.85292
C 78.06610 31.93090 -1.77185
C 89.58920 32.23150 -1.54761
C 77.24540 35.30310 -1.75417
C 91.61840 34.50780 -1.69803
C 79.20160 37.43180 -1.53437
C 93.60260 37.00140 -1.92524
C 81.24420 39.96470 -1.33551
C 83.50390 42.23480 -1.15430
C 95.69680 42.76220 -1.08065
C 92.12480 43.47720 -1.19738
C 88.76610 44.00970 -1.23441
C 85.70740 44.71410 -0.70734
C 82.78150 45.57500 -0.57291
C 93.61050 45.05290 -1.51676
C 76.59760 23.70420 -1.30961
C 77.74690 26.77490 -1.55951
C 75.42730 29.60100 -1.24169
C 72.32820 31.85000 -0.87761
C 74.08820 34.99320 -1.52241
C 75.93710 37.84650 -1.60834
C 77.86790 40.57950 -1.50036
C 79.85870 43.32950 -0.71718
C 77.54820 45.42710 -2.01060
C 82.71110 21.50740 -1.00298
C 87.92000 23.86250 -1.43914
C 92.97850 26.04280 -1.41431
C 89.51920 25.19840 -1.42746
C 91.03870 28.86930 -0.74760
C 92.92180 31.48330 -1.46260
C 95.03800 34.14290 -1.56834
C 82.03300 27.53500 -1.31605
C 84.32000 30.52100 -1.81074
C 81.20870 31.21650 -1.80787
C 86.46870 33.05080 -1.67817
C 83.36330 33.64230 -1.64168
C 80.21500 34.30110 -1.65668
C 88.44800 35.39050 -1.61465
C 85.41710 36.09150 -1.55016
C 82.32620 36.74670 -1.53614
C 90.47610 37.74370 -1.80010
C 87.45740 38.41830 -1.56770
C 84.33630 39.22150 -1.39670
C 96.32430 39.64470 -1.51775
C 92.96730 40.38260 -1.68341
C 89.74090 40.97860 -1.45218
C 86.61500 41.55910 -1.27413
C 74.50670 25.89070 -1.76650
C 72.68010 37.95140 -1.58899
C 74.55940 40.80390 -1.57834
C 76.25650 43.52900 -1.49961
C 72.80910 43.56580 -1.57254
C 74.46560 46.14580 -1.82302
C -1.13257 25.83920 -1.15939
C 94.89790 28.61900 -1.35640
C -1.10922 31.27530 -1.28436
H 83.91440 47.84050 -0.33637
H 92.87350 46.67110 0.10561
H 84.96150 25.73650 0.30274
H 81.88810 25.25010 -0.36289
H 87.09620 28.02770 -0.34168
H 80.62140 29.41200 -0.55871
H 77.61730 30.03610 -0.17722
H 89.23320 30.51730 -0.10799
H 78.88530 35.53410 0.04346
H 93.40770 35.27830 -0.21420
H 80.93020 37.93230 0.13097
H 95.33960 37.76080 -0.42213
H 83.04730 40.30290 0.39280
H 94.72310 40.71320 -0.01740
H 82.16040 43.34170 0.28424
H 93.91880 43.63370 0.55996
H 90.57870 44.54300 0.38276
H 87.44790 45.07200 0.55047
H 84.38070 45.38870 1.43216
H 77.76430 24.95500 0.24765
H 75.72200 27.37070 -0.29320
H 73.07790 29.59030 -0.27152
H 73.95720 33.38830 0.52698
H 75.69160 36.00500 0.05518
H 77.64620 38.56370 0.00620
H 79.86510 40.93690 -0.08296
H 77.78070 44.32210 0.35472
H 83.87790 22.96790 0.46555
H 93.13660 23.92170 0.22796
H 91.61570 26.77880 0.52233
H 93.20090 29.58350 0.16923
H 94.69510 32.28780 -0.02025
H 83.95480 28.76130 -0.29025
H 86.05360 31.17680 -0.12591
H 82.96830 31.74840 -0.08110
H 79.88090 32.43690 -0.07335
H 76.83700 33.12790 -0.39819
H 91.46100 32.80840 0.12565
H 88.17070 33.54840 0.03196
H 85.10690 34.22030 -0.00050
H 81.93820 34.83090 -0.07111
H 90.33970 35.92250 -0.16799
H 87.15080 36.62220 0.05644
H 84.05780 37.26780 0.11320
H 92.37780 38.39520 -0.34786
H 89.31690 39.00070 -0.03813
H 86.17450 39.63810 0.15872
H 91.61740 41.42200 0.11288
H 88.47840 42.09350 0.33411
H 85.32040 42.60110 0.50302
H 74.62130 24.21450 0.07108
H 72.51770 26.44490 -0.39709
H 72.49840 36.13700 -0.02764
H 74.38510 38.87130 -0.01803
H 76.16100 41.52920 0.13466
H 72.84500 41.66090 0.04516
H 74.51910 44.36920 0.00017
H 96.27610 23.98130 0.37151
H 94.71960 26.73530 0.23955
H -1.27636 29.48870 0.41514
C 83.27240 47.55160 2.14111
C 91.24070 46.38400 1.91776
C -0.66619 47.63700 2.44169
C 82.99010 24.83790 1.83300
C 79.98620 24.15000 0.95590
C 88.38880 26.75000 1.47682
C 85.21250 27.35940 1.40294
C 78.85130 28.60260 1.14781
C 87.40320 29.84260 1.48062
C 78.10140 31.73400 1.51215
C 89.54350 32.28840 1.62852
C 77.11800 34.82060 1.65506
C 91.67990 34.62130 1.46969
C 79.08050 37.37550 1.68050
C 93.76320 37.11990 1.26712
C 81.13640 39.82210 1.75150
C 83.50640 42.13100 2.02658
C 95.29420 42.03730 2.03837
C 92.02340 43.12810 1.92736
C 88.93880 43.80650 2.07300
C 85.88680 44.17610 2.38409
C 82.69450 43.95680 2.67543
C 94.54620 45.40500 1.54754
C 76.13810 24.30480 2.03526
C 77.40020 27.08680 1.52615
C 75.34140 29.70190 0.62197
C 72.15670 31.57560 0.98996
C 74.02120 35.02200 1.63836
C 75.90500 37.83510 1.64997
C 77.99930 40.50090 1.53726
C 79.84670 43.11080 1.14223
C 78.10770 46.36610 1.07210
C 82.60820 22.70200 2.54007
C 89.56420 23.96270 1.89979
C 93.00390 25.99440 1.97358
C 89.70320 25.55950 0.66134
C 90.92500 29.12990 1.10624
C 93.01310 31.55830 1.62717
C 94.68480 34.14640 1.52355
C 81.92880 27.60460 0.50606
C 84.33930 30.42610 1.51184
C 81.16870 30.82140 1.34277
C 86.39050 32.89030 1.60283
C 83.34740 33.55860 1.52932
C 80.25070 34.14210 1.61512
C 88.63670 35.43720 1.55341
C 85.43750 35.94950 1.66647
C 82.27190 36.59320 1.64197
C 90.83480 37.67470 1.41195
C 87.63780 38.36830 1.67446
C 84.46850 38.97000 1.85432
C -0.84157 39.52010 0.36268
C 92.98810 39.96060 1.50901
C 89.87420 40.64890 1.72036
C 86.77800 41.27240 1.90776
C 74.25970 26.26040 1.35668
C 72.75350 37.97440 1.61241
C 74.43410 40.64980 1.69577
C 76.15010 43.52180 1.73307
C 72.88570 43.56850 1.64158
C 74.87600 46.37160 1.40566
C 96.11540 25.81790 2.02196
C 94.61090 28.59500 1.86231
C 96.17740 31.47350 1.81718
C 87.76030 47.22720 -0.63308
C 84.76280 49.30920 -1.59497
C 81.85410 50.40540 -1.03469
C 78.90160 51.45260 -0.69270
C 76.19780 53.61020 -1.96313
C 93.57930 48.41290 -1.49130
C 75.96210 56.86990 -1.22246
C 72.73600 58.04460 -0.77575
C 75.62370 60.08880 -1.12753
C 95.78320 53.26850 -1.39942
C 92.89410 54.71490 -1.26586
C 90.01450 56.09620 -1.17903
C 87.05110 57.39780 -1.29417
C 75.48580 63.38180 -1.07441
C 87.48650 60.64800 -1.08731
C 84.70500 62.27970 -0.62657
C 78.11060 65.08840 -1.17267
C 83.60220 65.12870 -1.42742
C 80.67900 67.10390 -0.69493
C 83.55480 68.70130 -1.07988
C 76.68440 49.08410 -1.81508
C 74.72520 52.15930 -2.10730
C 80.35600 70.71610 -1.51432
C 77.94300 68.55500 -0.71633
C 75.19280 67.03250 -1.07311
C 72.66920 62.71900 -0.16189
C 95.67850 56.70050 -1.15836
C 92.64280 57.66440 -1.27778
C 91.45550 60.62660 -1.34723
C 90.24230 63.40820 -1.37187
C 89.30570 66.39950 -1.28784
C 86.21420 66.78020 -1.13402
C 87.95540 69.34920 -1.17577
C 89.53040 72.32060 -0.21952
C 90.64170 49.56670 -1.39778
C 87.61800 50.86750 -1.36623
C 84.70550 52.55760 -1.28264
C 81.74710 53.85610 -1.19820
C 78.99460 55.38920 -1.44501
C 93.16660 51.54150 -1.40290
C 90.18740 52.86460 -1.22541
C 87.34510 54.34890 -1.25031
C 84.42360 55.71640 -1.15021
C 81.68910 57.18240 -1.22018
C 78.64520 58.64690 -1.24362
C 84.34540 59.04710 -1.20896
C 81.33300 60.33830 -1.29427
C 78.38300 61.76310 -1.22148
C 81.08140 63.51090 -1.24616
C 73.08830 48.86120 -1.78788
C 74.88990 70.58570 -1.18821
C 94.70610 59.85510 -1.34508
C -1.00320 62.32850 -1.58694
C 93.48330 62.98610 -1.46021
C 95.47940 65.30080 -1.77068
C 92.26660 65.89250 -1.56046
C 94.33470 68.27710 -1.90110
C 91.16740 68.89810 -1.51433
C -1.09673 70.80070 -2.35042
C 93.14800 71.15290 -2.01250
H 81.47980 49.15760 1.26965
H 89.98560 47.93740 0.38685
H 86.75910 49.35370 0.00846
H 81.07450 52.23550 0.49597
H 78.10650 53.68600 -0.25324
H 75.27070 55.29140 -0.23790
H 95.48690 48.53290 0.44208
H 74.89540 58.37830 0.58828
H 95.05330 51.67090 0.47508
H 92.09830 52.94940 0.34427
H 74.77120 61.59770 0.53197
H 91.84460 56.12210 0.47119
H 88.84140 57.56390 0.45075
H 86.27850 59.00980 0.39075
H 74.24950 64.48190 0.87999
H 87.07690 62.08980 0.22017
H 80.07010 64.97890 0.42379
H 77.13050 66.43090 0.27173
H 85.80710 64.99420 0.07136
H 82.98040 66.62560 0.04768
H 76.20060 46.97980 -0.66410
H 74.76270 50.26000 -0.34906
H 84.16000 70.99280 -0.28236
H 81.47100 69.25620 0.05221
H 78.56880 70.75660 0.21100
H 75.74090 69.13120 0.21504
H 73.02810 70.83380 0.67695
H 94.80440 54.87170 0.36125
H 94.37090 58.14390 0.40216
H 91.30900 58.92750 0.48075
H 90.15310 61.68540 0.47309
H 88.92930 64.58770 0.54638
H 88.05590 67.43260 0.48395
H 89.93180 69.96870 0.30207
H 86.76380 70.21500 -0.08432
H 83.91920 50.84300 0.22915
H 92.50360 49.83330 0.20992
H 89.54270 51.05630 0.26083
H 86.62650 52.56440 0.24563
H 83.66550 54.04460 0.39284
H 80.76130 55.48810 0.38029
H 77.95080 56.89290 0.29247
H 89.16860 54.42180 0.39039
H 86.27200 55.81830 0.43457
H 83.48290 57.34050 0.48832
H 80.55470 58.67560 0.34307
H 77.57430 60.12650 0.41931
H 83.30930 60.45290 0.20058
H 80.29330 61.80480 0.35899
H 77.44930 63.29170 0.44540
H 82.91200 63.53800 0.39758
H 73.00740 47.14110 -0.01768
H -1.17475 60.60860 0.16557
H 93.33010 61.19300 0.18216
H 95.32640 63.60390 -0.01103
H 92.04930 64.14780 0.11257
H 94.17000 66.56530 -0.16452
H 91.11340 67.11030 0.17347
H 96.29390 69.03640 -0.55920
H 93.12990 69.50000 -0.17889
H 95.13440 72.07890 -0.92130
C 87.73750 47.40590 1.25080
C 84.85110 49.12160 1.64639
C 82.26430 50.68500 2.10164
C 78.90710 51.68600 1.26282
C 76.20910 53.56220 1.45493
C 93.81790 48.37440 1.74565
C 75.94710 56.82320 1.82982
C 72.66530 57.71250 1.46108
C 75.79590 60.07590 2.18809
C 95.96520 53.46100 2.16395
C 92.88900 54.56710 2.05222
C 90.00980 55.98060 2.05695
C 86.95710 57.45160 2.14960
C 75.56770 63.37270 2.13934
C 88.43820 59.97920 0.82094
C 84.76850 62.15940 1.27126
C 78.18080 65.07280 2.01744
C 83.89640 65.27980 1.84231
C 80.86340 67.16520 1.18857
C 83.72090 68.81160 0.85382
C 76.63950 49.43670 0.10570
C 74.77810 52.06610 1.51481
C 80.48430 70.73590 1.75551
C 77.97560 68.57200 1.18372
C 74.76510 66.96570 0.84853
C 72.75020 62.54810 1.62042
C 95.70800 56.71660 1.95982
C 92.76310 57.64010 2.15287
C 91.82730 60.75140 2.11699
C 90.67750 63.59850 2.08283
C 89.70380 66.54070 2.07021
C 86.91030 65.68950 1.90044
C 88.16880 69.40070 1.98039
C 90.40610 72.07540 1.56954
C 90.68790 49.53340 1.92030
C 87.62830 50.85000 1.77056
C 84.76480 52.41580 1.89727
C 81.79800 54.02890 2.08137
C 78.73710 55.09230 1.79230
C 93.29930 51.43100 1.98003
C 90.22510 52.77640 1.91796
C 87.32830 54.17540 1.95855
C 84.43630 55.70210 2.03887
C 81.54860 57.17930 2.02179
C 78.70300 58.51930 1.92838
C 84.41820 59.07960 1.96640
C 81.50710 60.29750 1.89519
C 78.46130 61.70180 2.03125
C 81.05630 63.44420 2.04680
C 73.16940 49.14970 1.45521
C 75.28740 70.75610 1.95856
C 94.81240 60.07930 1.84745
C -0.80322 62.54930 1.58839
C 93.64380 63.09350 1.66918
C 95.72280 65.52390 1.43683
C 92.66900 65.96690 1.63018
C 94.78160 68.44050 1.27913
C 91.64390 68.98240 1.71970
C -0.94639 71.08220 0.75396
C 93.87010 71.45850 1.16122
C 95.32320 95.13710 -2.81720
C 92.07330 94.85910 -3.02564
C 88.92720 94.90570 -3.24603
C 96.19760 77.89390 -4.00013
C 93.17250 78.04500 -4.32072
C 88.59270 80.77720 -5.06450
C 86.16180 83.21490 -4.70512
C 85.82040 86.23750 -5.69103
C 96.20480 89.53510 -4.01830
C 92.86410 89.56310 -4.20611
C 86.33850 89.38170 -4.71551
C 90.68190 92.07700 -3.99087
C 72.43650 89.00280 -1.62810
C 80.30250 89.94280 -3.09468
C 77.77290 91.20350 -2.52487
C 83.05410 93.33030 -3.76606
C 85.71440 94.98700 -3.40114
C 82.62250 96.03560 -2.84313
C 88.74920 75.96340 -1.66084
C 86.01090 72.70020 -0.48673
C 83.05260 72.12960 -1.57998
C 85.73650 75.80830 -2.48645
C 86.11910 79.02700 -3.89702
C 83.18450 81.15670 -3.54266
C 82.71640 84.27440 -4.62764
C 80.68740 86.52830 -3.82889
C 77.78670 88.02300 -3.18015
C 75.46040 87.23280 -2.66719
C 72.25180 85.32360 -2.44796
C 95.16640 74.10080 -2.44081
C 91.45700 73.66430 -2.25836
C 93.04630 75.95370 -4.08837
C 94.77740 80.81450 -4.37653
C 91.69720 80.96580 -4.80916
C 96.32830 83.85400 -4.32534
C 93.25230 83.66640 -4.68858
C 89.91000 83.57550 -5.00219
C 94.56340 86.68020 -4.36236
C 91.30490 86.65720 -4.69813
C 88.08970 86.29480 -4.98600
C 89.56050 89.29590 -4.44311
C 87.07650 92.10460 -3.33891
C 74.83490 91.51990 -2.06805
C 71.72430 92.60830 -1.65936
C 80.05880 93.30210 -2.82024
C 76.97000 94.11370 -2.24836
C 73.92570 94.83720 -1.85651
C 82.90260 75.06180 -1.95688
C 80.27930 73.74500 -1.68053
C 77.52030 72.23840 -1.49926
C 83.06610 77.96290 -2.89548
C 80.24490 76.73030 -2.13703
C 77.41540 75.35950 -1.79517
C 74.65690 73.93050 -1.48995
C 80.28430 79.83800 -2.78123
C 77.55220 78.48730 -2.20332
C 74.69880 77.09760 -1.79653
C 80.38730 82.93960 -3.33507
C 77.75870 81.68640 -2.74530
C 74.87460 80.24590 -2.14693
C 72.11580 78.82610 -1.76182
C 77.83060 84.76840 -3.15392
C 75.05680 83.53560 -2.66547
C 72.10170 81.96600 -2.07592
H 95.44270 92.96410 -1.39946
H 92.34730 92.83180 -2.06900
H 90.36100 95.40570 -1.28758
H 87.26370 95.26490 -1.53722
H 96.07230 76.47720 -1.78740
H 94.56910 79.14360 -2.57426
H 91.42690 79.23960 -2.87589
H 88.52310 79.29100 -2.94218
H 86.84480 81.31740 -3.42241
H 84.47450 84.97490 -4.09108
H 86.36820 87.25060 -3.49582
H 94.14450 90.32010 -2.60751
H 90.99150 90.07400 -2.59140
H 87.85650 89.83900 -2.81378
H 84.74460 89.71450 -2.71812
H 89.12940 92.71940 -2.16986
H 77.70090 89.23940 -0.92536
H 74.60400 89.87840 -0.72814
H 71.46480 90.74300 -0.05239
H 82.52620 91.14260 -2.45417
H 79.83590 91.49260 -1.19966
H 84.99280 92.93600 -2.33207
H 86.77850 75.02120 -0.27426
H 83.93420 73.92860 -0.06859
H 86.82860 77.56290 -1.96184
H 84.32670 79.76270 -2.29497
H 81.53010 81.63520 -1.59540
H 81.67750 84.80070 -2.35072
H 81.87870 88.15700 -2.20712
H 79.10130 86.50060 -1.90193
H 76.21810 85.31930 -1.39955
H 73.53270 86.88580 -1.09108
H 92.03880 72.36860 -0.16673
H -0.13695 74.14190 -1.52800
H 93.06360 75.06040 -1.69381
H 90.03440 74.71380 -0.25715
H 93.57170 95.63940 -1.13526
H 96.22960 81.99280 -2.76570
H 93.03990 81.90260 -3.02840
H 89.95500 81.81680 -3.37354
H 94.54040 84.73040 -2.90216
H 91.40810 84.62570 -3.38017
H 88.02130 84.39850 -3.65532
H 95.96220 87.57320 -2.49095
H 92.75330 87.43280 -2.85575
H 89.47780 87.23600 -3.12083
H 76.76380 92.30880 -0.57850
H 73.71550 92.97540 -0.26696
H 82.04770 93.97750 -1.58691
H 79.02100 94.66040 -0.99119
H 75.87460 95.39710 -0.49764
H 81.22460 72.34800 0.09372
H 84.09390 76.89950 -0.92463
H 81.21380 75.49710 -0.27635
H 78.46160 73.96830 -0.11352
H 75.73730 72.50210 0.22154
H 81.44410 78.57250 -1.07989
H 78.52090 77.08750 -0.48426
H 75.69550 75.68290 -0.10039
H 72.95530 74.15430 0.27958
H 78.67650 80.26090 -0.97557
H 75.87870 78.78840 -0.46318
H 73.01130 77.35950 -0.00590
H 78.89810 83.39760 -1.40339
H 76.05910 82.03650 -1.00449
H 73.21500 80.53850 -0.32415
H 73.32740 83.71700 -0.89332
C 95.11560 94.61860 0.54188
C 92.03480 94.24320 0.13752
C 88.77220 94.03280 -0.08365
C 96.14150 78.26020 -0.74484
C 92.95820 78.50400 -0.84851
C 88.40520 81.44650 -1.54399
C 85.91320 83.45780 -2.78569
C 83.96400 87.27190 -3.29115
C 95.57280 89.24140 -0.65668
C 92.51420 89.04650 -0.94424
C 86.03860 88.72660 -1.47781
C 90.60050 91.50650 -0.59672
C 72.59440 88.65960 0.28460
C 81.56130 89.94550 -0.32744
C 78.37510 90.98870 0.73632
C 83.52020 92.42560 -0.39721
C 85.54390 94.08890 -0.23365
C 82.76360 95.53340 0.24191
C 88.71140 75.03690 1.48169
C 85.36270 74.85460 1.72250
C 83.20000 72.34000 1.58453
C 86.09850 77.33490 0.40421
C 86.61310 80.00150 -1.36327
C 83.63450 81.29940 -0.42145
C 83.65600 85.25650 -1.63601
C 81.31740 86.74870 -0.74207
C 79.04420 88.13570 0.09081
C 75.79820 87.69590 -0.68256
C 72.85460 85.50840 0.81489
C 95.22310 74.50400 -0.45366
C 92.36630 74.63580 0.70543
C 91.69780 77.10940 -1.38772
C 94.48480 81.18160 -1.20662
C 91.29270 81.31620 -1.40437
C 95.97020 83.83810 -1.15214
C 92.79280 83.78550 -1.48567
C 89.53590 83.71810 -1.99352
C 94.26960 86.44500 -1.16346
C 91.08970 86.28770 -1.52269
C 87.71250 86.11570 -1.84510
C 89.40320 88.80850 -1.23454
C 87.00260 91.64940 -1.53642
C 75.13820 91.39350 1.09442
C 72.20620 92.50770 1.57898
C 80.61720 93.32460 0.30230
C 77.46520 94.18090 0.89168
C 74.28880 94.81160 1.29502
C 83.18460 75.95990 1.07192
C 80.30580 74.10070 1.49483
C 77.72090 72.50430 1.71356
C 83.53430 79.10620 -0.00396
C 80.48520 77.49840 0.87903
C 77.67270 75.75710 1.32965
C 74.93900 74.23980 1.73772
C 80.66610 80.40280 0.38653
C 77.87350 78.97900 0.91432
C 75.01290 77.48000 1.39573
C 81.08720 83.66850 -0.25678
C 78.06320 82.15020 0.47297
C 75.29120 80.70030 0.94980
C 72.24810 79.16360 1.50597
C 78.21070 85.30000 0.04219
C 75.39730 83.91460 0.46945
C 72.36550 82.48180 1.08053
